selected_tag:t = ""
bin_dump_file:t = ""
mission_settings {
	player {
		army:i = 1
	}
	player_teamB {
		army:i = 2
	}
	mission {
		level:t = "levels/air_smolensk.bin"
		type:t = "domination"
		environment:t = "Day"
		weather:t = "hazy"
		restoreType:t = "attempts"
		optionalTakeOff:b = false
	}
}
imports {
	import_record {
		file:t = "gameData/missions/templates/enduring_confrontation/bdt_bases_destroy_template.blk"
		importAreas:b = true
		importUnits:b = true
		importTriggers:b = true
		importMissionObjectives:b = true
		importWayPoints:b = true
		showAreas:b = true
		showUnits:b = true
		showTriggers:b = true
		showMissionObjectives:b = true
		showWayPoints:b = true
		excludes {

		}
	}
	import_record {
		file:t = "gameData/missions/templates/units_sets/land_sets_aaa_bases/bdt_t1_ussr_rank_01.blk"
		rankRange:ip2 = 0, 4
		importAreas:b = true
		importUnits:b = true
		importTriggers:b = true
		importMissionObjectives:b = true
		importWayPoints:b = true
		showAreas:b = true
		showUnits:b = true
		showTriggers:b = true
		showMissionObjectives:b = true
		showWayPoints:b = true
		excludes {

		}
	}
	import_record {
		file:t = "gameData/missions/templates/units_sets/land_sets_aaa_bases/bdt_t1_ussr_rank_02.blk"
		rankRange:ip2 = 5, 8
		importAreas:b = true
		importUnits:b = true
		importTriggers:b = true
		importMissionObjectives:b = true
		importWayPoints:b = true
		showAreas:b = true
		showUnits:b = true
		showTriggers:b = true
		showMissionObjectives:b = true
		showWayPoints:b = true
		excludes {

		}
	}
	import_record {
		file:t = "gameData/missions/templates/units_sets/land_sets_aaa_bases/bdt_t1_ussr_rank_03.blk"
		rankRange:ip2 = 9, 13
		importAreas:b = true
		importUnits:b = true
		importTriggers:b = true
		importMissionObjectives:b = true
		importWayPoints:b = true
		showAreas:b = true
		showUnits:b = true
		showTriggers:b = true
		showMissionObjectives:b = true
		showWayPoints:b = true
		excludes {

		}
	}
	import_record {
		file:t = "gameData/missions/templates/units_sets/land_sets_aaa_bases/bdt_t1_ussr_rank_04.blk"
		rankRange:ip2 = 14, 19
		importAreas:b = true
		importUnits:b = true
		importTriggers:b = true
		importMissionObjectives:b = true
		importWayPoints:b = true
		showAreas:b = true
		showUnits:b = true
		showTriggers:b = true
		showMissionObjectives:b = true
		showWayPoints:b = true
		excludes {

		}
	}
	import_record {
		file:t = "gameData/missions/templates/units_sets/land_sets_aaa_bases/bdt_t1_ussr_rank_05.blk"
		rankRange:ip2 = 20, 24
		importAreas:b = true
		importUnits:b = true
		importTriggers:b = true
		importMissionObjectives:b = true
		importWayPoints:b = true
		showAreas:b = true
		showUnits:b = true
		showTriggers:b = true
		showMissionObjectives:b = true
		showWayPoints:b = true
		excludes {

		}
	}
	import_record {
		file:t = "gameData/missions/templates/units_sets/land_sets_aaa_bases/bdt_t1_ussr_rank_06.blk"
		rankRange:ip2 = 25, 50
		importAreas:b = true
		importUnits:b = true
		importTriggers:b = true
		importMissionObjectives:b = true
		importWayPoints:b = true
		showAreas:b = true
		showUnits:b = true
		showTriggers:b = true
		showMissionObjectives:b = true
		showWayPoints:b = true
		excludes {

		}
	}
	import_record {
		file:t = "gameData/missions/templates/units_sets/land_sets_aaa_bases/bdt_t2_usa_rank_01.blk"
		rankRange:ip2 = 0, 4
		importAreas:b = true
		importUnits:b = true
		importTriggers:b = true
		importMissionObjectives:b = true
		importWayPoints:b = true
		showAreas:b = true
		showUnits:b = true
		showTriggers:b = true
		showMissionObjectives:b = true
		showWayPoints:b = true
		excludes {

		}
	}
	import_record {
		file:t = "gameData/missions/templates/units_sets/land_sets_aaa_bases/bdt_t2_usa_rank_02.blk"
		rankRange:ip2 = 5, 8
		importAreas:b = true
		importUnits:b = true
		importTriggers:b = true
		importMissionObjectives:b = true
		importWayPoints:b = true
		showAreas:b = true
		showUnits:b = true
		showTriggers:b = true
		showMissionObjectives:b = true
		showWayPoints:b = true
		excludes {

		}
	}
	import_record {
		file:t = "gameData/missions/templates/units_sets/land_sets_aaa_bases/bdt_t2_usa_rank_03.blk"
		rankRange:ip2 = 9, 13
		importAreas:b = true
		importUnits:b = true
		importTriggers:b = true
		importMissionObjectives:b = true
		importWayPoints:b = true
		showAreas:b = true
		showUnits:b = true
		showTriggers:b = true
		showMissionObjectives:b = true
		showWayPoints:b = true
		excludes {

		}
	}
	import_record {
		file:t = "gameData/missions/templates/units_sets/land_sets_aaa_bases/bdt_t2_usa_rank_04.blk"
		rankRange:ip2 = 14, 19
		importAreas:b = true
		importUnits:b = true
		importTriggers:b = true
		importMissionObjectives:b = true
		importWayPoints:b = true
		showAreas:b = true
		showUnits:b = true
		showTriggers:b = true
		showMissionObjectives:b = true
		showWayPoints:b = true
		excludes {

		}
	}
	import_record {
		file:t = "gameData/missions/templates/units_sets/land_sets_aaa_bases/bdt_t2_usa_rank_05.blk"
		rankRange:ip2 = 20, 24
		importAreas:b = true
		importUnits:b = true
		importTriggers:b = true
		importMissionObjectives:b = true
		importWayPoints:b = true
		showAreas:b = true
		showUnits:b = true
		showTriggers:b = true
		showMissionObjectives:b = true
		showWayPoints:b = true
		excludes {

		}
	}
	import_record {
		file:t = "gameData/missions/templates/units_sets/land_sets_aaa_bases/bdt_t2_usa_rank_06.blk"
		rankRange:ip2 = 25, 50
		importAreas:b = true
		importUnits:b = true
		importTriggers:b = true
		importMissionObjectives:b = true
		importWayPoints:b = true
		showAreas:b = true
		showUnits:b = true
		showTriggers:b = true
		showMissionObjectives:b = true
		showWayPoints:b = true
		excludes {

		}
	}
}
triggers {
	isCategory:b = true
	is_enabled:b = true
	bdt_part_init {
		is_enabled:b = true
		comments:t = ""
		props {
			actionsType:t = "PERFORM_ONE_BY_ONE"
			conditionsType:t = "ALL"
			enableAfterComplete:b = false
		}
		events {
			initMission {

			}
		}
		conditions {

		}
		actions {
			comment {
				value:t = "set max bases amount +1"
			}
			varSetInt {
				value:i = 9
				var:t = "bdt_t1_total_bases_max_count"
			}
			varSetInt {
				value:i = 9
				var:t = "bdt_t2_total_bases_max_count"
			}
			comment {
				value:t = "enable self restarting for template"
			}
			varSetBool {
				value:b = true
				var:t = "bdt_self_restart"
			}
			comment {
				value:t = "increase one-moment bases amount"
			}
			varSetInt {
				value:i = 4
				var:t = "bdt_t1_active_bases_max_count"
				var:t = "bdt_t2_active_bases_max_count"
			}
			comment {
				value:t = ""
			}
			varSetInt {
				value:i = 1
				var:t = "bdt_delay_timer"
			}
			comment {
				value:t = ""
			}
			varSetString {
				value:t = "bfd"
				var:t = "bdt_game_mode"
			}
			comment {
				value:t = ""
			}
			varSetBool {
				value:b = true
				var:t = "bMirrorSpawn"
			}
			comment {
				value:t = ""
			}
			varSetReal {
				value:r = 2000
				var:t = "bdt_t1_min_zone_distance"
				var:t = "bdt_t2_min_zone_distance"
			}
		}
		else_actions {

		}
	}
}
mission_objectives {
	isCategory:b = true
	is_enabled:b = true
}
variables {

}
dialogs {

}
airfields {

}
effects {

}
units {
	objectGroups {
		name:t = "bdt_t2_bomb_object_01"
		tm:m = [[-0.603617, 0.0, 0.797273] [0.0, 1.0, 0.0] [-0.797273, 0.0, -0.603617] [-972.899, 117.273, -5003.1]]
		unit_class:t = "dynBase_hq_camp_square"
		objLayer:i = 2
		props {
			army:i = 2
			active:b = false
		}
	}
	objectGroups {
		name:t = "bdt_t2_bomb_object_02"
		tm:m = [[0.093596, 0.0, 0.995612] [0.0, 1.0, 0.0] [-0.995612, 0.0, 0.093596] [2166.4, 77.2781, -74.586]]
		unit_class:t = "dynBase_fuel_storage_square"
		objLayer:i = 2
		props {
			army:i = 2
			active:b = false
		}
	}
	objectGroups {
		name:t = "bdt_t2_bomb_object_03"
		tm:m = [[-0.985912, 0.0, -0.167277] [0.0, 1.0, 0.0] [0.167277, 0.0, -0.985912] [2127.8, 80.2683, 2387.89]]
		unit_class:t = "dynBase_oil_storage_small_square"
		objLayer:i = 2
		props {
			army:i = 2
			active:b = false
		}
	}
	objectGroups {
		name:t = "bdt_t1_bomb_object_01"
		tm:m = [[-0.831138, 0.0, 0.556065] [0.0, 1.0, 0.0] [-0.556065, 0.0, -0.831138] [-11871.4, 137.763, -4266.8]]
		unit_class:t = "dynBase_fuel_storage_square"
		objLayer:i = 2
		props {
			army:i = 1
			active:b = false
		}
	}
	objectGroups {
		name:t = "bdt_t1_bomb_object_02"
		tm:m = [[-0.98845, 0.0, -0.151535] [0.0, 1.0, 0.0] [0.151535, 0.0, -0.98845] [-13199.1, 141.255, -2024.89]]
		unit_class:t = "dynBase_small_factory_square"
		objLayer:i = 2
		props {
			army:i = 1
			active:b = false
		}
	}
	objectGroups {
		name:t = "bdt_t1_bomb_object_03"
		tm:m = [[-0.933064, 0.0, -0.35971] [0.0, 1.0, 0.0] [0.35971, 0.0, -0.933064] [-10644.7, 93.4773, 6467.2]]
		unit_class:t = "dynBase_oil_storage_small_square"
		objLayer:i = 2
		props {
			army:i = 1
			active:b = false
		}
	}
	objectGroups {
		name:t = "bdt_t2_bomb_object_04"
		tm:m = [[-0.951752, 0.0, 0.306865] [0.0, 1.0, 0.0] [-0.306865, 0.0, -0.951752] [-3693.11, 168.19, -6218.2]]
		unit_class:t = "dynBase_small_factory_square"
		objLayer:i = 2
		props {
			army:i = 2
			active:b = false
		}
	}
	objectGroups {
		name:t = "bdt_t1_bomb_object_04"
		tm:m = [[-0.999946, 0.0, -0.0103851] [0.0, 1.0, 0.0] [0.0103851, 0.0, -0.999946] [-7785.27, 100.077, 7997.44]]
		unit_class:t = "dynBase_field_camp_square"
		objLayer:i = 2
		props {
			army:i = 1
			active:b = false
		}
	}
	objectGroups {
		name:t = "bdt_t1_bomb_object_05"
		tm:m = [[-0.999946, 0.0, -0.0103851] [0.0, 1.0, 0.0] [0.0103851, 0.0, -0.999946] [-9045.28, 141.405, 9968.89]]
		unit_class:t = "dynBase_military_base_square"
		objLayer:i = 2
		props {
			army:i = 1
			active:b = false
		}
	}
	objectGroups {
		name:t = "bdt_t1_bomb_object_06"
		tm:m = [[-0.999946, 0.0, -0.0103851] [0.0, 1.0, 0.0] [0.0103851, 0.0, -0.999946] [-10839.0, 132.191, 8106.92]]
		unit_class:t = "dynBase_oil_storage_large_square"
		objLayer:i = 2
		props {
			army:i = 1
			active:b = false
		}
	}
	objectGroups {
		name:t = "bdt_t1_bomb_object_07"
		tm:m = [[-0.999946, 0.0, -0.0103851] [0.0, 1.0, 0.0] [0.0103851, 0.0, -0.999946] [-12585.1, 112.473, 6898.71]]
		unit_class:t = "dynBase_oil_storage_large_square"
		objLayer:i = 2
		props {
			army:i = 1
			active:b = false
		}
	}
	objectGroups {
		name:t = "bdt_t1_bomb_object_08"
		tm:m = [[-0.831138, 0.0, 0.556065] [0.0, 1.0, 0.0] [-0.556065, 0.0, -0.831138] [-13151.0, 183.171, -5103.3]]
		unit_class:t = "dynBase_small_factory_square"
		objLayer:i = 2
		props {
			army:i = 1
			active:b = false
		}
	}
	objectGroups {
		name:t = "bdt_t1_bomb_object_09"
		tm:m = [[-0.831138, 0.0, 0.556065] [0.0, 1.0, 0.0] [-0.556065, 0.0, -0.831138] [-13915.8, 172.515, -2853.7]]
		unit_class:t = "dynBase_hq_camp_square"
		objLayer:i = 2
		props {
			army:i = 1
			active:b = false
		}
	}
	objectGroups {
		name:t = "bdt_t1_bomb_object_10"
		tm:m = [[-0.831138, 0.0, 0.556065] [0.0, 1.0, 0.0] [-0.556065, 0.0, -0.831138] [-14912.5, 148.187, -1408.88]]
		unit_class:t = "dynBase_petrol_camp_square"
		objLayer:i = 2
		props {
			army:i = 1
			active:b = false
		}
	}
	objectGroups {
		name:t = "bdt_t2_bomb_object_05"
		tm:m = [[-0.951752, 0.0, 0.306865] [0.0, 1.0, 0.0] [-0.306865, 0.0, -0.951752] [-4174.83, 161.356, -8474.4]]
		unit_class:t = "dynBase_petrol_camp_square"
		objLayer:i = 2
		props {
			army:i = 2
			active:b = false
		}
	}
	objectGroups {
		name:t = "bdt_t2_bomb_object_06"
		tm:m = [[-0.98445, 0.0, -0.175662] [0.0, 1.0, 0.0] [0.175662, 0.0, -0.98445] [-2121.57, 147.917, -8080.8]]
		unit_class:t = "dynBase_military_base_square"
		objLayer:i = 2
		props {
			army:i = 2
			active:b = false
		}
	}
	objectGroups {
		name:t = "bdt_t2_bomb_object_07"
		tm:m = [[-0.951752, 0.0, 0.306865] [0.0, 1.0, 0.0] [-0.306865, 0.0, -0.951752] [726.804, 88.4265, -6358.66]]
		unit_class:t = "dynBase_fuel_storage_square"
		objLayer:i = 2
		props {
			army:i = 2
			active:b = false
		}
	}
	objectGroups {
		name:t = "bdt_t2_bomb_object_08"
		tm:m = [[-0.985912, 0.0, -0.167277] [0.0, 1.0, 0.0] [0.167277, 0.0, -0.985912] [3112.4, 54.0571, 3441.98]]
		unit_class:t = "dynBase_ammunition_storage_square"
		objLayer:i = 2
		props {
			army:i = 2
			active:b = false
		}
	}
	objectGroups {
		name:t = "bdt_t2_bomb_object_09"
		tm:m = [[-0.985912, 0.0, -0.167277] [0.0, 1.0, 0.0] [0.167277, 0.0, -0.985912] [3472.3, 72.273, 1815.44]]
		unit_class:t = "dynBase_field_camp_square"
		objLayer:i = 2
		props {
			army:i = 2
			active:b = false
		}
	}
	objectGroups {
		name:t = "bdt_t2_bomb_object_10"
		tm:m = [[-0.985912, 0.0, -0.167277] [0.0, 1.0, 0.0] [0.167277, 0.0, -0.985912] [4021.2, 85.5764, -260.435]]
		unit_class:t = "dynBase_oil_storage_small_square"
		objLayer:i = 2
		props {
			army:i = 2
			active:b = false
		}
	}
}
areas {
	bdt_t2_bomb_zone_01 {
		type:t = "Sphere"
		tm:m = [[-271.629, 0.0, 358.774] [0.0, 450.0, 0.0] [-358.774, 0.0, -271.629] [-966.1, 117.35, -5000.9]]
		objLayer:i = 0
		props {

		}
	}
	bdt_t2_bomb_zone_02 {
		type:t = "Sphere"
		tm:m = [[-271.629, 0.0, 358.774] [0.0, 450.0, 0.0] [-358.774, 0.0, -271.629] [2145.3, 77.0329, -78.808]]
		objLayer:i = 0
		props {

		}
	}
	bdt_t2_bomb_zone_03 {
		type:t = "Sphere"
		tm:m = [[-443.661, 0.0, -75.2738] [0.0, 450.0, 0.0] [75.2738, 0.0, -443.661] [2134.3, 79.8266, 2380.6]]
		objLayer:i = 0
		props {

		}
	}
	bdt_t1_bomb_zone_01 {
		type:t = "Sphere"
		tm:m = [[-374.013, 0.0, 250.229] [0.0, 450.0, 0.0] [-250.229, 0.0, -374.013] [-11883.4, 138.113, -4262.5]]
		objLayer:i = 0
		props {

		}
	}
	bdt_t1_bomb_zone_02 {
		type:t = "Sphere"
		tm:m = [[-449.019, 0.0, 29.6978] [0.0, 450.0, 0.0] [-29.6978, 0.0, -449.019] [-13203.5, 140.614, -2026.67]]
		objLayer:i = 0
		props {

		}
	}
	bdt_t1_bomb_zone_03 {
		type:t = "Sphere"
		tm:m = [[-449.888, 0.0, 10.0828] [0.0, 450.0, 0.0] [-10.0828, 0.0, -449.888] [-10650.4, 93.2164, 6466.75]]
		objLayer:i = 0
		props {

		}
	}
	bdt_t2_bomb_zone_04 {
		type:t = "Sphere"
		tm:m = [[-428.288, 0.0, 138.09] [0.0, 450.0, 0.0] [-138.09, 0.0, -428.288] [-3699.87, 168.067, -6214.0]]
		objLayer:i = 0
		props {

		}
	}
	bdt_t1_bomb_zone_04 {
		type:t = "Sphere"
		tm:m = [[-449.888, 0.0, 10.0828] [0.0, 450.0, 0.0] [-10.0828, 0.0, -449.888] [-7785.66, 100.167, 7991.69]]
		objLayer:i = 0
		props {

		}
	}
	bdt_t2_bomb_zone_01_aaa_point_01 {
		type:t = "Point"
		tm:m = [[-0.946027, 0.0, 0.324085] [0.0, 1.0, 0.0] [-0.324085, 0.0, -0.946027] [-919.0, 112.105, -4780.5]]
		objLayer:i = 0
		props {

		}
	}
	bdt_t2_bomb_zone_01_aaa_point_02 {
		type:t = "Point"
		tm:m = [[-0.946027, 0.0, 0.324085] [0.0, 1.0, 0.0] [-0.324085, 0.0, -0.946027] [-920.399, 108.968, -5289.6]]
		objLayer:i = 0
		props {

		}
	}
	bdt_t2_bomb_zone_01_aaa_point_03 {
		type:t = "Point"
		tm:m = [[-0.946027, 0.0, 0.324085] [0.0, 1.0, 0.0] [-0.324085, 0.0, -0.946027] [-1035.3, 111.097, -5258.7]]
		objLayer:i = 0
		props {

		}
	}
	bdt_t2_bomb_zone_01_aaa_point_04 {
		type:t = "Point"
		tm:m = [[-0.946027, 0.0, 0.324085] [0.0, 1.0, 0.0] [-0.324085, 0.0, -0.946027] [-1406.99, 105.311, -5156.3]]
		objLayer:i = 0
		props {

		}
	}
	bdt_t2_bomb_zone_02_aaa_point_01 {
		type:t = "Point"
		tm:m = [[-0.946027, 0.0, 0.324085] [0.0, 1.0, 0.0] [-0.324085, 0.0, -0.946027] [2381.6, 82.2372, -1.89801]]
		objLayer:i = 0
		props {

		}
	}
	bdt_t2_bomb_zone_02_aaa_point_02 {
		type:t = "Point"
		tm:m = [[-0.946027, 0.0, 0.324085] [0.0, 1.0, 0.0] [-0.324085, 0.0, -0.946027] [1979.6, 69.6088, -361.078]]
		objLayer:i = 0
		props {

		}
	}
	bdt_t2_bomb_zone_02_aaa_point_03 {
		type:t = "Point"
		tm:m = [[-0.946027, 0.0, 0.324085] [0.0, 1.0, 0.0] [-0.324085, 0.0, -0.946027] [2353.1, 73.1325, -265.758]]
		objLayer:i = 0
		props {

		}
	}
	bdt_t2_bomb_zone_02_aaa_point_04 {
		type:t = "Point"
		tm:m = [[-0.946027, 0.0, 0.324085] [0.0, 1.0, 0.0] [-0.324085, 0.0, -0.946027] [1944.1, 79.6422, 31.433]]
		objLayer:i = 0
		props {

		}
	}
	bdt_t2_bomb_zone_03_aaa_point_01 {
		type:t = "Point"
		tm:m = [[-0.946027, 0.0, 0.324085] [0.0, 1.0, 0.0] [-0.324085, 0.0, -0.946027] [1917.6, 72.5681, 2778.21]]
		objLayer:i = 0
		props {

		}
	}
	bdt_t2_bomb_zone_03_aaa_point_02 {
		type:t = "Point"
		tm:m = [[-0.946027, 0.0, 0.324085] [0.0, 1.0, 0.0] [-0.324085, 0.0, -0.946027] [1942.2, 72.9588, 2159.99]]
		objLayer:i = 0
		props {

		}
	}
	bdt_t2_bomb_zone_03_aaa_point_03 {
		type:t = "Point"
		tm:m = [[-0.946027, 0.0, 0.324085] [0.0, 1.0, 0.0] [-0.324085, 0.0, -0.946027] [2238.2, 64.4024, 2077.55]]
		objLayer:i = 0
		props {

		}
	}
	bdt_t2_bomb_zone_03_aaa_point_04 {
		type:t = "Point"
		tm:m = [[-0.946027, 0.0, 0.324085] [0.0, 1.0, 0.0] [-0.324085, 0.0, -0.946027] [2450.8, 79.0883, 2487.52]]
		objLayer:i = 0
		props {

		}
	}
	bdt_t2_bomb_zone_04_aaa_point_01 {
		type:t = "Point"
		tm:m = [[-0.946027, 0.0, 0.324085] [0.0, 1.0, 0.0] [-0.324085, 0.0, -0.946027] [-4000.94, 176.932, -6354.7]]
		objLayer:i = 0
		props {

		}
	}
	bdt_t2_bomb_zone_04_aaa_point_02 {
		type:t = "Point"
		tm:m = [[-0.946027, 0.0, 0.324085] [0.0, 1.0, 0.0] [-0.324085, 0.0, -0.946027] [-3561.35, 162.299, -6482.7]]
		objLayer:i = 0
		props {

		}
	}
	bdt_t2_bomb_zone_04_aaa_point_03 {
		type:t = "Point"
		tm:m = [[-0.946027, 0.0, 0.324085] [0.0, 1.0, 0.0] [-0.324085, 0.0, -0.946027] [-3733.53, 156.482, -5949.7]]
		objLayer:i = 0
		props {

		}
	}
	bdt_t2_bomb_zone_04_aaa_point_04 {
		type:t = "Point"
		tm:m = [[-0.946027, 0.0, 0.324085] [0.0, 1.0, 0.0] [-0.324085, 0.0, -0.946027] [-3512.34, 166.655, -6053.5]]
		objLayer:i = 0
		props {

		}
	}
	bdt_t1_bomb_zone_01_aaa_point_01 {
		type:t = "Point"
		tm:m = [[-0.999995, 0.0, -0.00307611] [0.0, 1.0, 0.0] [0.00307611, 0.0, -0.999995] [-12137.9, 152.57, -4272.3]]
		objLayer:i = 0
		props {

		}
	}
	bdt_t1_bomb_zone_01_aaa_point_02 {
		type:t = "Point"
		tm:m = [[-0.999995, 0.0, -0.00307611] [0.0, 1.0, 0.0] [0.00307611, 0.0, -0.999995] [-11637.5, 132.684, -4322.8]]
		objLayer:i = 0
		props {

		}
	}
	bdt_t1_bomb_zone_01_aaa_point_03 {
		type:t = "Point"
		tm:m = [[-0.999995, 0.0, -0.00307611] [0.0, 1.0, 0.0] [0.00307611, 0.0, -0.999995] [-11854.9, 143.086, -4031.0]]
		objLayer:i = 0
		props {

		}
	}
	bdt_t1_bomb_zone_01_aaa_point_04 {
		type:t = "Point"
		tm:m = [[-0.999995, 0.0, -0.00307611] [0.0, 1.0, 0.0] [0.00307611, 0.0, -0.999995] [-11661.0, 142.802, -4151.92]]
		objLayer:i = 0
		props {

		}
	}
	bdt_t1_bomb_zone_02_aaa_point_01 {
		type:t = "Point"
		tm:m = [[-0.999995, 0.0, -0.00307611] [0.0, 1.0, 0.0] [0.00307611, 0.0, -0.999995] [-13403.3, 149.824, -2208.94]]
		objLayer:i = 0
		props {

		}
	}
	bdt_t1_bomb_zone_02_aaa_point_02 {
		type:t = "Point"
		tm:m = [[-0.999995, 0.0, -0.00307611] [0.0, 1.0, 0.0] [0.00307611, 0.0, -0.999995] [-13121.7, 132.054, -2279.59]]
		objLayer:i = 0
		props {

		}
	}
	bdt_t1_bomb_zone_02_aaa_point_03 {
		type:t = "Point"
		tm:m = [[-0.999995, 0.0, -0.00307611] [0.0, 1.0, 0.0] [0.00307611, 0.0, -0.999995] [-13140.7, 152.151, -1580.54]]
		objLayer:i = 0
		props {

		}
	}
	bdt_t1_bomb_zone_02_aaa_point_04 {
		type:t = "Point"
		tm:m = [[-0.999995, 0.0, -0.00307611] [0.0, 1.0, 0.0] [0.00307611, 0.0, -0.999995] [-12876.2, 137.596, -2061.98]]
		objLayer:i = 0
		props {

		}
	}
	bdt_t1_bomb_zone_03_aaa_point_01 {
		type:t = "Point"
		tm:m = [[-0.999995, 0.0, -0.00307611] [0.0, 1.0, 0.0] [0.00307611, 0.0, -0.999995] [-10448.7, 100.66, 6699.26]]
		objLayer:i = 0
		props {

		}
	}
	bdt_t1_bomb_zone_03_aaa_point_02 {
		type:t = "Point"
		tm:m = [[-0.999995, 0.0, -0.00307611] [0.0, 1.0, 0.0] [0.00307611, 0.0, -0.999995] [-10797.5, 92.6629, 6274.45]]
		objLayer:i = 0
		props {

		}
	}
	bdt_t1_bomb_zone_03_aaa_point_03 {
		type:t = "Point"
		tm:m = [[-0.999995, 0.0, -0.00307611] [0.0, 1.0, 0.0] [0.00307611, 0.0, -0.999995] [-10525.4, 93.4725, 6208.57]]
		objLayer:i = 0
		props {

		}
	}
	bdt_t1_bomb_zone_03_aaa_point_04 {
		type:t = "Point"
		tm:m = [[-0.999995, 0.0, -0.00307611] [0.0, 1.0, 0.0] [0.00307611, 0.0, -0.999995] [-10841.2, 90.382, 6644.72]]
		objLayer:i = 0
		props {

		}
	}
	bdt_t1_bomb_zone_04_aaa_point_01 {
		type:t = "Point"
		tm:m = [[-0.999995, 0.0, -0.00307611] [0.0, 1.0, 0.0] [0.00307611, 0.0, -0.999995] [-8073.14, 104.456, 8124.84]]
		objLayer:i = 0
		props {

		}
	}
	bdt_t1_bomb_zone_04_aaa_point_02 {
		type:t = "Point"
		tm:m = [[-0.999995, 0.0, -0.00307611] [0.0, 1.0, 0.0] [0.00307611, 0.0, -0.999995] [-7971.36, 102.729, 7820.25]]
		objLayer:i = 0
		props {

		}
	}
	bdt_t1_bomb_zone_04_aaa_point_03 {
		type:t = "Point"
		tm:m = [[-0.999995, 0.0, -0.00307611] [0.0, 1.0, 0.0] [0.00307611, 0.0, -0.999995] [-7780.52, 112.115, 8282.53]]
		objLayer:i = 0
		props {

		}
	}
	bdt_t1_bomb_zone_04_aaa_point_04 {
		type:t = "Point"
		tm:m = [[-0.999995, 0.0, -0.00307611] [0.0, 1.0, 0.0] [0.00307611, 0.0, -0.999995] [-7628.53, 96.5952, 7719.97]]
		objLayer:i = 0
		props {

		}
	}
	bdt_t1_bomb_zone_05 {
		type:t = "Sphere"
		tm:m = [[-449.888, 0.0, 10.0828] [0.0, 450.0, 0.0] [-10.0828, 0.0, -449.888] [-9045.67, 139.599, 9963.09]]
		objLayer:i = 0
		props {

		}
	}
	bdt_t1_bomb_zone_06 {
		type:t = "Sphere"
		tm:m = [[-449.888, 0.0, 10.0828] [0.0, 450.0, 0.0] [-10.0828, 0.0, -449.888] [-10839.4, 132.061, 8101.17]]
		objLayer:i = 0
		props {

		}
	}
	bdt_t1_bomb_zone_07 {
		type:t = "Sphere"
		tm:m = [[-449.888, 0.0, 10.0828] [0.0, 450.0, 0.0] [-10.0828, 0.0, -449.888] [-12585.5, 112.474, 6892.85]]
		objLayer:i = 0
		props {

		}
	}
	bdt_t1_bomb_zone_08 {
		type:t = "Sphere"
		tm:m = [[-374.013, 0.0, 250.229] [0.0, 450.0, 0.0] [-250.229, 0.0, -374.013] [-13162.9, 184.542, -5099.0]]
		objLayer:i = 0
		props {

		}
	}
	bdt_t1_bomb_zone_09 {
		type:t = "Sphere"
		tm:m = [[-374.013, 0.0, 250.229] [0.0, 450.0, 0.0] [-250.229, 0.0, -374.013] [-13927.6, 171.974, -2849.44]]
		objLayer:i = 0
		props {

		}
	}
	bdt_t1_bomb_zone_10 {
		type:t = "Sphere"
		tm:m = [[-374.013, 0.0, 250.229] [0.0, 450.0, 0.0] [-250.229, 0.0, -374.013] [-14924.4, 148.336, -1404.59]]
		objLayer:i = 0
		props {

		}
	}
	bdt_t1_bomb_zone_05_aaa_point_01 {
		type:t = "Point"
		tm:m = [[-0.999995, 0.0, -0.00307611] [0.0, 1.0, 0.0] [0.00307611, 0.0, -0.999995] [-8772.48, 97.3114, 9941.14]]
		objLayer:i = 0
		props {

		}
	}
	bdt_t1_bomb_zone_05_aaa_point_02 {
		type:t = "Point"
		tm:m = [[-0.999995, 0.0, -0.00307611] [0.0, 1.0, 0.0] [0.00307611, 0.0, -0.999995] [-9004.26, 90.7973, 10255.7]]
		objLayer:i = 0
		props {

		}
	}
	bdt_t1_bomb_zone_05_aaa_point_03 {
		type:t = "Point"
		tm:m = [[-0.999995, 0.0, -0.00307611] [0.0, 1.0, 0.0] [0.00307611, 0.0, -0.999995] [-9481.9, 112.42, 10067.6]]
		objLayer:i = 0
		props {

		}
	}
	bdt_t1_bomb_zone_05_aaa_point_04 {
		type:t = "Point"
		tm:m = [[-0.999995, 0.0, -0.00307611] [0.0, 1.0, 0.0] [0.00307611, 0.0, -0.999995] [-9251.08, 148.793, 9776.51]]
		objLayer:i = 0
		props {

		}
	}
	bdt_t1_bomb_zone_06_aaa_point_01 {
		type:t = "Point"
		tm:m = [[-0.999995, 0.0, -0.00307611] [0.0, 1.0, 0.0] [0.00307611, 0.0, -0.999995] [-10660.3, 139.628, 8386.96]]
		objLayer:i = 0
		props {

		}
	}
	bdt_t1_bomb_zone_06_aaa_point_02 {
		type:t = "Point"
		tm:m = [[-0.999995, 0.0, -0.00307611] [0.0, 1.0, 0.0] [0.00307611, 0.0, -0.999995] [-10520.8, 132.258, 8163.46]]
		objLayer:i = 0
		props {

		}
	}
	bdt_t1_bomb_zone_06_aaa_point_03 {
		type:t = "Point"
		tm:m = [[-0.999995, 0.0, -0.00307611] [0.0, 1.0, 0.0] [0.00307611, 0.0, -0.999995] [-10848.6, 123.598, 7792.15]]
		objLayer:i = 0
		props {

		}
	}
	bdt_t1_bomb_zone_06_aaa_point_04 {
		type:t = "Point"
		tm:m = [[-0.999995, 0.0, -0.00307611] [0.0, 1.0, 0.0] [0.00307611, 0.0, -0.999995] [-11107.4, 144.622, 8230.76]]
		objLayer:i = 0
		props {

		}
	}
	bdt_t1_bomb_zone_07_aaa_point_01 {
		type:t = "Point"
		tm:m = [[-0.999995, 0.0, -0.00307611] [0.0, 1.0, 0.0] [0.00307611, 0.0, -0.999995] [-12734.2, 112.787, 6630.79]]
		objLayer:i = 0
		props {

		}
	}
	bdt_t1_bomb_zone_07_aaa_point_02 {
		type:t = "Point"
		tm:m = [[-0.999995, 0.0, -0.00307611] [0.0, 1.0, 0.0] [0.00307611, 0.0, -0.999995] [-12409.5, 97.6158, 7193.98]]
		objLayer:i = 0
		props {

		}
	}
	bdt_t1_bomb_zone_07_aaa_point_03 {
		type:t = "Point"
		tm:m = [[-0.999995, 0.0, -0.00307611] [0.0, 1.0, 0.0] [0.00307611, 0.0, -0.999995] [-12883.6, 110.201, 7048.03]]
		objLayer:i = 0
		props {

		}
	}
	bdt_t1_bomb_zone_07_aaa_point_04 {
		type:t = "Point"
		tm:m = [[-0.999995, 0.0, -0.00307611] [0.0, 1.0, 0.0] [0.00307611, 0.0, -0.999995] [-12392.2, 112.449, 6540.77]]
		objLayer:i = 0
		props {

		}
	}
	bdt_t1_bomb_zone_08_aaa_point_01 {
		type:t = "Point"
		tm:m = [[-0.999995, 0.0, -0.00307611] [0.0, 1.0, 0.0] [0.00307611, 0.0, -0.999995] [-13084.5, 169.142, -5399.71]]
		objLayer:i = 0
		props {

		}
	}
	bdt_t1_bomb_zone_08_aaa_point_02 {
		type:t = "Point"
		tm:m = [[-0.999995, 0.0, -0.00307611] [0.0, 1.0, 0.0] [0.00307611, 0.0, -0.999995] [-12879.1, 184.147, -4984.9]]
		objLayer:i = 0
		props {

		}
	}
	bdt_t1_bomb_zone_08_aaa_point_03 {
		type:t = "Point"
		tm:m = [[-0.999995, 0.0, -0.00307611] [0.0, 1.0, 0.0] [0.00307611, 0.0, -0.999995] [-13225.2, 247.986, -4746.7]]
		objLayer:i = 0
		props {

		}
	}
	bdt_t1_bomb_zone_08_aaa_point_04 {
		type:t = "Point"
		tm:m = [[-0.999995, 0.0, -0.00307611] [0.0, 1.0, 0.0] [0.00307611, 0.0, -0.999995] [-13435.0, 211.639, -5105.7]]
		objLayer:i = 0
		props {

		}
	}
	bdt_t1_bomb_zone_09_aaa_point_01 {
		type:t = "Point"
		tm:m = [[-0.999995, 0.0, -0.00307611] [0.0, 1.0, 0.0] [0.00307611, 0.0, -0.999995] [-13487.2, 176.254, -2931.71]]
		objLayer:i = 0
		props {

		}
	}
	bdt_t1_bomb_zone_09_aaa_point_02 {
		type:t = "Point"
		tm:m = [[-0.999995, 0.0, -0.00307611] [0.0, 1.0, 0.0] [0.00307611, 0.0, -0.999995] [-13719.6, 161.128, -2495.77]]
		objLayer:i = 0
		props {

		}
	}
	bdt_t1_bomb_zone_09_aaa_point_03 {
		type:t = "Point"
		tm:m = [[-0.999995, 0.0, -0.00307611] [0.0, 1.0, 0.0] [0.00307611, 0.0, -0.999995] [-13862.9, 188.674, -3400.33]]
		objLayer:i = 0
		props {

		}
	}
	bdt_t1_bomb_zone_09_aaa_point_04 {
		type:t = "Point"
		tm:m = [[-0.999995, 0.0, -0.00307611] [0.0, 1.0, 0.0] [0.00307611, 0.0, -0.999995] [-14173.5, 180.999, -2528.91]]
		objLayer:i = 0
		props {

		}
	}
	bdt_t1_bomb_zone_10_aaa_point_01 {
		type:t = "Point"
		tm:m = [[-0.999995, 0.0, -0.00307611] [0.0, 1.0, 0.0] [0.00307611, 0.0, -0.999995] [-14557.0, 149.012, -1365.79]]
		objLayer:i = 0
		props {

		}
	}
	bdt_t1_bomb_zone_10_aaa_point_02 {
		type:t = "Point"
		tm:m = [[-0.999995, 0.0, -0.00307611] [0.0, 1.0, 0.0] [0.00307611, 0.0, -0.999995] [-14873.0, 167.008, -1846.36]]
		objLayer:i = 0
		props {

		}
	}
	bdt_t1_bomb_zone_10_aaa_point_03 {
		type:t = "Point"
		tm:m = [[-0.999995, 0.0, -0.00307611] [0.0, 1.0, 0.0] [0.00307611, 0.0, -0.999995] [-14960.4, 146.033, -1142.8]]
		objLayer:i = 0
		props {

		}
	}
	bdt_t1_bomb_zone_10_aaa_point_04 {
		type:t = "Point"
		tm:m = [[-0.999995, 0.0, -0.00307611] [0.0, 1.0, 0.0] [0.00307611, 0.0, -0.999995] [-15245.0, 157.868, -1401.42]]
		objLayer:i = 0
		props {

		}
	}
	bdt_t2_bomb_zone_05 {
		type:t = "Sphere"
		tm:m = [[-428.288, 0.0, 138.09] [0.0, 450.0, 0.0] [-138.09, 0.0, -428.288] [-4181.37, 160.274, -8470.2]]
		objLayer:i = 0
		props {

		}
	}
	bdt_t2_bomb_zone_06 {
		type:t = "Sphere"
		tm:m = [[-443.003, 0.0, -79.0492] [0.0, 450.0, 0.0] [79.0492, 0.0, -443.003] [-2129.55, 148.326, -8080.2]]
		objLayer:i = 0
		props {

		}
	}
	bdt_t2_bomb_zone_07 {
		type:t = "Sphere"
		tm:m = [[-428.288, 0.0, 138.09] [0.0, 450.0, 0.0] [-138.09, 0.0, -428.288] [720.104, 86.5119, -6354.36]]
		objLayer:i = 0
		props {

		}
	}
	bdt_t2_bomb_zone_08 {
		type:t = "Sphere"
		tm:m = [[-443.661, 0.0, -75.2738] [0.0, 450.0, 0.0] [75.2738, 0.0, -443.661] [3118.9, 54.2016, 3434.68]]
		objLayer:i = 0
		props {

		}
	}
	bdt_t2_bomb_zone_09 {
		type:t = "Sphere"
		tm:m = [[-443.661, 0.0, -75.2738] [0.0, 450.0, 0.0] [75.2738, 0.0, -443.661] [3479.0, 71.7766, 1808.18]]
		objLayer:i = 0
		props {

		}
	}
	bdt_t2_bomb_zone_10 {
		type:t = "Sphere"
		tm:m = [[-443.661, 0.0, -75.2738] [0.0, 450.0, 0.0] [75.2738, 0.0, -443.661] [4027.6, 86.2915, -267.508]]
		objLayer:i = 0
		props {

		}
	}
	bdt_t2_bomb_zone_05_aaa_point_01 {
		type:t = "Point"
		tm:m = [[-0.946027, 0.0, 0.324085] [0.0, 1.0, 0.0] [-0.324085, 0.0, -0.946027] [-3992.79, 155.719, -8178.9]]
		objLayer:i = 0
		props {

		}
	}
	bdt_t2_bomb_zone_05_aaa_point_02 {
		type:t = "Point"
		tm:m = [[-0.946027, 0.0, 0.324085] [0.0, 1.0, 0.0] [-0.324085, 0.0, -0.946027] [-4542.13, 177.873, -8573.9]]
		objLayer:i = 0
		props {

		}
	}
	bdt_t2_bomb_zone_05_aaa_point_03 {
		type:t = "Point"
		tm:m = [[-0.946027, 0.0, 0.324085] [0.0, 1.0, 0.0] [-0.324085, 0.0, -0.946027] [-4408.54, 155.209, -8730.8]]
		objLayer:i = 0
		props {

		}
	}
	bdt_t2_bomb_zone_05_aaa_point_04 {
		type:t = "Point"
		tm:m = [[-0.946027, 0.0, 0.324085] [0.0, 1.0, 0.0] [-0.324085, 0.0, -0.946027] [-3889.72, 162.098, -8616.7]]
		objLayer:i = 0
		props {

		}
	}
	bdt_t2_bomb_zone_06_aaa_point_01 {
		type:t = "Point"
		tm:m = [[-0.987477, 0.0, -0.157771] [0.0, 1.0, 0.0] [0.157771, 0.0, -0.987477] [-1801.24, 143.819, -7977.1]]
		objLayer:i = 0
		props {

		}
	}
	bdt_t2_bomb_zone_06_aaa_point_02 {
		type:t = "Point"
		tm:m = [[-0.987477, 0.0, -0.157771] [0.0, 1.0, 0.0] [0.157771, 0.0, -0.987477] [-2430.96, 155.648, -8411.2]]
		objLayer:i = 0
		props {

		}
	}
	bdt_t2_bomb_zone_06_aaa_point_03 {
		type:t = "Point"
		tm:m = [[-0.987477, 0.0, -0.157771] [0.0, 1.0, 0.0] [0.157771, 0.0, -0.987477] [-2510.09, 159.867, -8094.7]]
		objLayer:i = 0
		props {

		}
	}
	bdt_t2_bomb_zone_06_aaa_point_04 {
		type:t = "Point"
		tm:m = [[-0.987477, 0.0, -0.157771] [0.0, 1.0, 0.0] [0.157771, 0.0, -0.987477] [-2461.43, 160.699, -7644.2]]
		objLayer:i = 0
		props {

		}
	}
	bdt_t2_bomb_zone_07_aaa_point_01 {
		type:t = "Point"
		tm:m = [[-0.946027, 0.0, 0.324085] [0.0, 1.0, 0.0] [-0.324085, 0.0, -0.946027] [938.004, 114.646, -5988.36]]
		objLayer:i = 0
		props {

		}
	}
	bdt_t2_bomb_zone_07_aaa_point_02 {
		type:t = "Point"
		tm:m = [[-0.946027, 0.0, 0.324085] [0.0, 1.0, 0.0] [-0.324085, 0.0, -0.946027] [409.804, -28.6971, -6221.26]]
		objLayer:i = 0
		props {

		}
	}
	bdt_t2_bomb_zone_07_aaa_point_03 {
		type:t = "Point"
		tm:m = [[-0.946027, 0.0, 0.324085] [0.0, 1.0, 0.0] [-0.324085, 0.0, -0.946027] [693.304, 33.0569, -6808.86]]
		objLayer:i = 0
		props {

		}
	}
	bdt_t2_bomb_zone_07_aaa_point_04 {
		type:t = "Point"
		tm:m = [[-0.946027, 0.0, 0.324085] [0.0, 1.0, 0.0] [-0.324085, 0.0, -0.946027] [1122.0, 107.939, -6325.86]]
		objLayer:i = 0
		props {

		}
	}
	bdt_t2_bomb_zone_08_aaa_point_01 {
		type:t = "Point"
		tm:m = [[-0.946027, 0.0, 0.324085] [0.0, 1.0, 0.0] [-0.324085, 0.0, -0.946027] [2763.5, 58.2642, 3527.7]]
		objLayer:i = 0
		props {

		}
	}
	bdt_t2_bomb_zone_08_aaa_point_02 {
		type:t = "Point"
		tm:m = [[-0.946027, 0.0, 0.324085] [0.0, 1.0, 0.0] [-0.324085, 0.0, -0.946027] [3424.2, 33.981, 3480.64]]
		objLayer:i = 0
		props {

		}
	}
	bdt_t2_bomb_zone_08_aaa_point_03 {
		type:t = "Point"
		tm:m = [[-0.946027, 0.0, 0.324085] [0.0, 1.0, 0.0] [-0.324085, 0.0, -0.946027] [3019.5, 77.1268, 3119.87]]
		objLayer:i = 0
		props {

		}
	}
	bdt_t2_bomb_zone_08_aaa_point_04 {
		type:t = "Point"
		tm:m = [[-0.946027, 0.0, 0.324085] [0.0, 1.0, 0.0] [-0.324085, 0.0, -0.946027] [3304.3, 56.2713, 3044.6]]
		objLayer:i = 0
		props {

		}
	}
	bdt_t2_bomb_zone_09_aaa_point_01 {
		type:t = "Point"
		tm:m = [[-0.946027, 0.0, 0.324085] [0.0, 1.0, 0.0] [-0.324085, 0.0, -0.946027] [3372.0, 78.3752, 2188.77]]
		objLayer:i = 0
		props {

		}
	}
	bdt_t2_bomb_zone_09_aaa_point_02 {
		type:t = "Point"
		tm:m = [[-0.946027, 0.0, 0.324085] [0.0, 1.0, 0.0] [-0.324085, 0.0, -0.946027] [3718.2, 62.5553, 1631.56]]
		objLayer:i = 0
		props {

		}
	}
	bdt_t2_bomb_zone_09_aaa_point_03 {
		type:t = "Point"
		tm:m = [[-0.946027, 0.0, 0.324085] [0.0, 1.0, 0.0] [-0.324085, 0.0, -0.946027] [3123.3, 70.8515, 1721.17]]
		objLayer:i = 0
		props {

		}
	}
	bdt_t2_bomb_zone_09_aaa_point_04 {
		type:t = "Point"
		tm:m = [[-0.946027, 0.0, 0.324085] [0.0, 1.0, 0.0] [-0.324085, 0.0, -0.946027] [3743.1, 72.9028, 2117.29]]
		objLayer:i = 0
		props {

		}
	}
	bdt_t2_bomb_zone_10_aaa_point_01 {
		type:t = "Point"
		tm:m = [[-0.946027, 0.0, 0.324085] [0.0, 1.0, 0.0] [-0.324085, 0.0, -0.946027] [3791.6, 70.87, -533.786]]
		objLayer:i = 0
		props {

		}
	}
	bdt_t2_bomb_zone_10_aaa_point_02 {
		type:t = "Point"
		tm:m = [[-0.946027, 0.0, 0.324085] [0.0, 1.0, 0.0] [-0.324085, 0.0, -0.946027] [3683.6, 78.6148, -364.278]]
		objLayer:i = 0
		props {

		}
	}
	bdt_t2_bomb_zone_10_aaa_point_03 {
		type:t = "Point"
		tm:m = [[-0.946027, 0.0, 0.324085] [0.0, 1.0, 0.0] [-0.324085, 0.0, -0.946027] [3868.0, 85.2834, 111.994]]
		objLayer:i = 0
		props {

		}
	}
	bdt_t2_bomb_zone_10_aaa_point_04 {
		type:t = "Point"
		tm:m = [[-0.946027, 0.0, 0.324085] [0.0, 1.0, 0.0] [-0.324085, 0.0, -0.946027] [4129.6, 82.0285, -607.328]]
		objLayer:i = 0
		props {

		}
	}
	bomb_zones_area {
		type:t = "Sphere"
		tm:m = [[-16313.4, 0.0, 7607.06] [0.0, 18000.0, 0.0] [-7607.06, 0.0, -16313.4] [-5767.8, 85.6552, 748.0]]
		objLayer:i = 3
		props {

		}
	}
}
objLayers {
	layer {
		enabled:b = true
	}
	layer {
		enabled:b = true
	}
	layer {
		enabled:b = true
	}
	layer {
		enabled:b = false
	}
	layer {
		enabled:b = true
	}
}
wayPoints {

}