selected_tag:t = ""
bin_dump_file:t = ""
mission_settings {
	player {
		army:i = 1
	}
	player_teamB {
		army:i = 2
	}
	mission {
		level:t = "levels/bulge.bin"
		type:t = "domination"
		environment:t = "Day"
		weather:t = "clear"
	}
}
imports {

}
triggers {
	isCategory:b = true
	is_enabled:b = true
}
mission_objectives {
	isCategory:b = true
	is_enabled:b = true
}
variables {

}
dialogs {

}
airfields {

}
effects {

}
units {
	objectGroups {
		name:t = "t2_airfield_low"
		tm:m = [[1.28167, 0.0, -0.217487] [0.0, 1.3, 0.0] [0.217487, 0.0, 1.28167] [8808.59, 313.956, 9116.73]]
		unit_class:t = "dynAF_kh_gol_airfield_gumrak_small"
		props {
			army:i = 2
			active:b = true
		}
	}
	objectGroups {
		name:t = "t1_airfield_low"
		tm:m = [[-0.960624, 0.0, 0.87589] [6.01193e-8, 1.3, -4.35815e-8] [-0.87589, -1.40551e-12, -0.960624] [-16510.6, 345.984, 14039.2]]
		unit_class:t = "dynAF_kh_gol_airfield_gumrak_small"
		props {
			army:i = 1
			active:b = true
		}
	}
	squad {
		name:t = "t2_def_aaa_low_squad"
		tm:m = [[0.938517, 0.0, -0.345232] [0.0, 1.0, 0.0] [0.345232, 0.0, 0.938517] [7595.23, 470.398, 7594.09]]
		props {
			object_marking:i = 0
			squad_members:t = "t2_def_big_aaa_low_01"
			squad_members:t = "t2_def_big_aaa_low_02"
			squad_members:t = "t2_def_big_aaa_low_03"
			squad_members:t = "t2_def_big_aaa_low_04"
			squad_members:t = "t2_def_small_aaa_low_01"
			squad_members:t = "t2_def_small_aaa_low_02"
			squad_members:t = "t2_def_small_aaa_low_03"
			squad_members:t = "t2_def_small_aaa_low_04"
			squad_members:t = "t2_def_small_aaa_low_05"
			squad_members:t = "t2_def_small_aaa_low_06"
		}
	}
	squad {
		name:t = "t1_def_aaa_low_squad"
		tm:m = [[0.738946, 0.0, -0.673764] [0.0, 1.0, 0.0] [0.673764, 0.0, 0.738946] [-17266.2, 338.208, 14110.2]]
		props {
			object_marking:i = 0
			squad_members:t = "t1_def_big_aaa_low_01"
			squad_members:t = "t1_def_big_aaa_low_02"
			squad_members:t = "t1_def_big_aaa_low_03"
			squad_members:t = "t1_def_big_aaa_low_04"
			squad_members:t = "t1_def_small_aaa_low_01"
			squad_members:t = "t1_def_small_aaa_low_02"
			squad_members:t = "t1_def_small_aaa_low_03"
			squad_members:t = "t1_def_small_aaa_low_04"
			squad_members:t = "t1_def_small_aaa_low_05"
			squad_members:t = "t1_def_small_aaa_low_06"
		}
	}
	air_defence {
		name:t = "t1_def_big_aaa_low_01"
		tm:m = [[0.738946, 0.0, -0.673764] [0.0, 1.0, 0.0] [0.673764, 0.0, 0.738946] [-14861.7, 353.095, 14158.5]]
		unit_class:t = "us_90mm_m1"
		closed_waypoints:b = false
		isShipSpline:b = false
		shipTurnRadius:r = 100
		weapons:t = ""
		bullets0:t = ""
		bullets1:t = ""
		bullets2:t = ""
		bullets3:t = ""
		bulletsCount0:i = 0
		bulletsCount1:i = 0
		bulletsCount2:i = 0
		bulletsCount3:i = 0
		crewSkillK:r = 0
		applyAllMods:b = false
		props {
			army:i = 1
			count:i = 1
			formation_type:t = "rows"
			formation_div:i = 3
			formation_step:p2 = 2.5, 2
			formation_noise:p2 = 0.1, 0.1
			uniqueName:t = ""
			attack_type:t = "fire_at_will"
		}
		way {

		}
	}
	air_defence {
		name:t = "t1_def_big_aaa_low_02"
		tm:m = [[0.738946, 0.0, -0.673764] [0.0, 1.0, 0.0] [0.673764, 0.0, 0.738946] [-15762.8, 360.155, 12734.3]]
		unit_class:t = "us_90mm_m1"
		closed_waypoints:b = false
		isShipSpline:b = false
		shipTurnRadius:r = 100
		weapons:t = ""
		bullets0:t = ""
		bullets1:t = ""
		bullets2:t = ""
		bullets3:t = ""
		bulletsCount0:i = 0
		bulletsCount1:i = 0
		bulletsCount2:i = 0
		bulletsCount3:i = 0
		crewSkillK:r = 0
		applyAllMods:b = false
		props {
			army:i = 1
			count:i = 1
			formation_type:t = "rows"
			formation_div:i = 3
			formation_step:p2 = 2.5, 2
			formation_noise:p2 = 0.1, 0.1
			uniqueName:t = ""
			attack_type:t = "fire_at_will"
		}
		way {

		}
	}
	air_defence {
		name:t = "t1_def_big_aaa_low_03"
		tm:m = [[0.738946, 0.0, -0.673764] [0.0, 1.0, 0.0] [0.673764, 0.0, 0.738946] [-18471.2, 314.555, 14974.6]]
		unit_class:t = "us_90mm_m1"
		closed_waypoints:b = false
		isShipSpline:b = false
		shipTurnRadius:r = 100
		weapons:t = ""
		bullets0:t = ""
		bullets1:t = ""
		bullets2:t = ""
		bullets3:t = ""
		bulletsCount0:i = 0
		bulletsCount1:i = 0
		bulletsCount2:i = 0
		bulletsCount3:i = 0
		crewSkillK:r = 0
		applyAllMods:b = false
		props {
			army:i = 1
			count:i = 1
			formation_type:t = "rows"
			formation_div:i = 3
			formation_step:p2 = 2.5, 2
			formation_noise:p2 = 0.1, 0.1
			uniqueName:t = ""
			attack_type:t = "fire_at_will"
		}
		way {

		}
	}
	air_defence {
		name:t = "t1_def_big_aaa_low_04"
		tm:m = [[0.738946, 0.0, -0.673764] [0.0, 1.0, 0.0] [0.673764, 0.0, 0.738946] [-17310.8, 366.655, 15962.7]]
		unit_class:t = "us_90mm_m1"
		closed_waypoints:b = false
		isShipSpline:b = false
		shipTurnRadius:r = 100
		weapons:t = ""
		bullets0:t = ""
		bullets1:t = ""
		bullets2:t = ""
		bullets3:t = ""
		bulletsCount0:i = 0
		bulletsCount1:i = 0
		bulletsCount2:i = 0
		bulletsCount3:i = 0
		crewSkillK:r = 0
		applyAllMods:b = false
		props {
			army:i = 1
			count:i = 1
			formation_type:t = "rows"
			formation_div:i = 3
			formation_step:p2 = 2.5, 2
			formation_noise:p2 = 0.1, 0.1
			uniqueName:t = ""
			attack_type:t = "fire_at_will"
		}
		way {

		}
	}
	air_defence {
		name:t = "t1_def_small_aaa_low_01"
		tm:m = [[0.738946, 0.0, -0.673764] [0.0, 1.0, 0.0] [0.673764, 0.0, 0.738946] [-16111.2, 367.355, 15230.8]]
		unit_class:t = "us_40mm_bofors_airfield"
		closed_waypoints:b = false
		isShipSpline:b = false
		shipTurnRadius:r = 100
		weapons:t = ""
		bullets0:t = ""
		bullets1:t = ""
		bullets2:t = ""
		bullets3:t = ""
		bulletsCount0:i = 0
		bulletsCount1:i = 0
		bulletsCount2:i = 0
		bulletsCount3:i = 0
		crewSkillK:r = 0
		applyAllMods:b = false
		props {
			army:i = 1
			count:i = 1
			formation_type:t = "rows"
			formation_div:i = 3
			formation_step:p2 = 2.5, 2
			formation_noise:p2 = 0.1, 0.1
			uniqueName:t = ""
			attack_type:t = "fire_at_will"
		}
		way {

		}
	}
	air_defence {
		name:t = "t1_def_small_aaa_low_02"
		tm:m = [[0.738946, 0.0, -0.673764] [0.0, 1.0, 0.0] [0.673764, 0.0, 0.738946] [-15424.3, 325.871, 12963.3]]
		unit_class:t = "us_40mm_bofors_airfield"
		closed_waypoints:b = false
		isShipSpline:b = false
		shipTurnRadius:r = 100
		weapons:t = ""
		bullets0:t = ""
		bullets1:t = ""
		bullets2:t = ""
		bullets3:t = ""
		bulletsCount0:i = 0
		bulletsCount1:i = 0
		bulletsCount2:i = 0
		bulletsCount3:i = 0
		crewSkillK:r = 0
		applyAllMods:b = false
		props {
			army:i = 1
			count:i = 1
			formation_type:t = "rows"
			formation_div:i = 3
			formation_step:p2 = 2.5, 2
			formation_noise:p2 = 0.1, 0.1
			uniqueName:t = ""
			attack_type:t = "fire_at_will"
		}
		way {

		}
	}
	air_defence {
		name:t = "t1_def_small_aaa_low_03"
		tm:m = [[0.738946, 0.0, -0.673764] [0.0, 1.0, 0.0] [0.673764, 0.0, 0.738946] [-15503.2, 362.752, 14775.0]]
		unit_class:t = "us_40mm_bofors_airfield"
		closed_waypoints:b = false
		isShipSpline:b = false
		shipTurnRadius:r = 100
		weapons:t = ""
		bullets0:t = ""
		bullets1:t = ""
		bullets2:t = ""
		bullets3:t = ""
		bulletsCount0:i = 0
		bulletsCount1:i = 0
		bulletsCount2:i = 0
		bulletsCount3:i = 0
		crewSkillK:r = 0
		applyAllMods:b = false
		props {
			army:i = 1
			count:i = 1
			formation_type:t = "rows"
			formation_div:i = 3
			formation_step:p2 = 2.5, 2
			formation_noise:p2 = 0.1, 0.1
			uniqueName:t = ""
			attack_type:t = "fire_at_will"
		}
		way {

		}
	}
	air_defence {
		name:t = "t1_def_small_aaa_low_04"
		tm:m = [[0.738946, 0.0, -0.673764] [0.0, 1.0, 0.0] [0.673764, 0.0, 0.738946] [-16559.2, 378.005, 13199.3]]
		unit_class:t = "us_40mm_bofors_airfield"
		closed_waypoints:b = false
		isShipSpline:b = false
		shipTurnRadius:r = 100
		weapons:t = ""
		bullets0:t = ""
		bullets1:t = ""
		bullets2:t = ""
		bullets3:t = ""
		bulletsCount0:i = 0
		bulletsCount1:i = 0
		bulletsCount2:i = 0
		bulletsCount3:i = 0
		crewSkillK:r = 0
		applyAllMods:b = false
		props {
			army:i = 1
			count:i = 1
			formation_type:t = "rows"
			formation_div:i = 3
			formation_step:p2 = 2.5, 2
			formation_noise:p2 = 0.1, 0.1
			uniqueName:t = ""
			attack_type:t = "fire_at_will"
		}
		way {

		}
	}
	air_defence {
		name:t = "t1_def_small_aaa_low_05"
		tm:m = [[0.738946, 0.0, -0.673764] [0.0, 1.0, 0.0] [0.673764, 0.0, 0.738946] [-17023.2, 357.805, 13744.6]]
		unit_class:t = "us_40mm_bofors_airfield"
		closed_waypoints:b = false
		isShipSpline:b = false
		shipTurnRadius:r = 100
		weapons:t = ""
		bullets0:t = ""
		bullets1:t = ""
		bullets2:t = ""
		bullets3:t = ""
		bulletsCount0:i = 0
		bulletsCount1:i = 0
		bulletsCount2:i = 0
		bulletsCount3:i = 0
		crewSkillK:r = 0
		applyAllMods:b = false
		props {
			army:i = 1
			count:i = 1
			formation_type:t = "rows"
			formation_div:i = 3
			formation_step:p2 = 2.5, 2
			formation_noise:p2 = 0.1, 0.1
			uniqueName:t = ""
			attack_type:t = "fire_at_will"
		}
		way {

		}
	}
	air_defence {
		name:t = "t1_def_small_aaa_low_06"
		tm:m = [[0.738946, 0.0, -0.673764] [0.0, 1.0, 0.0] [0.673764, 0.0, 0.738946] [-17198.6, 297.844, 14578.6]]
		unit_class:t = "us_40mm_bofors_airfield"
		closed_waypoints:b = false
		isShipSpline:b = false
		shipTurnRadius:r = 100
		weapons:t = ""
		bullets0:t = ""
		bullets1:t = ""
		bullets2:t = ""
		bullets3:t = ""
		bulletsCount0:i = 0
		bulletsCount1:i = 0
		bulletsCount2:i = 0
		bulletsCount3:i = 0
		crewSkillK:r = 0
		applyAllMods:b = false
		props {
			army:i = 1
			count:i = 1
			formation_type:t = "rows"
			formation_div:i = 3
			formation_step:p2 = 2.5, 2
			formation_noise:p2 = 0.1, 0.1
			uniqueName:t = ""
			attack_type:t = "fire_at_will"
		}
		way {

		}
	}
	air_defence {
		name:t = "t2_def_big_aaa_low_01"
		tm:m = [[0.996735, 0.0, -0.0807314] [0.0, 1.0, 0.0] [0.0807314, 0.0, 0.996735] [6792.08, 374.637, 8720.28]]
		unit_class:t = "germ_88mm_flak36"
		closed_waypoints:b = false
		isShipSpline:b = false
		shipTurnRadius:r = 100
		weapons:t = ""
		bullets0:t = ""
		bullets1:t = ""
		bullets2:t = ""
		bullets3:t = ""
		bulletsCount0:i = 0
		bulletsCount1:i = 0
		bulletsCount2:i = 0
		bulletsCount3:i = 0
		crewSkillK:r = 0
		applyAllMods:b = false
		props {
			army:i = 2
			count:i = 1
			formation_type:t = "rows"
			formation_div:i = 3
			formation_step:p2 = 2.5, 2
			formation_noise:p2 = 0.1, 0.1
			uniqueName:t = ""
			attack_type:t = "fire_at_will"
		}
		way {

		}
	}
	air_defence {
		name:t = "t2_def_big_aaa_low_02"
		tm:m = [[0.996735, 0.0, -0.0807314] [0.0, 1.0, 0.0] [0.0807314, 0.0, 0.996735] [7384.36, 374.687, 9851.21]]
		unit_class:t = "germ_88mm_flak36"
		closed_waypoints:b = false
		isShipSpline:b = false
		shipTurnRadius:r = 100
		weapons:t = ""
		bullets0:t = ""
		bullets1:t = ""
		bullets2:t = ""
		bullets3:t = ""
		bulletsCount0:i = 0
		bulletsCount1:i = 0
		bulletsCount2:i = 0
		bulletsCount3:i = 0
		crewSkillK:r = 0
		applyAllMods:b = false
		props {
			army:i = 2
			count:i = 1
			formation_type:t = "rows"
			formation_div:i = 3
			formation_step:p2 = 2.5, 2
			formation_noise:p2 = 0.1, 0.1
			uniqueName:t = ""
			attack_type:t = "fire_at_will"
		}
		way {

		}
	}
	air_defence {
		name:t = "t2_def_big_aaa_low_03"
		tm:m = [[0.996735, 0.0, -0.0807314] [0.0, 1.0, 0.0] [0.0807314, 0.0, 0.996735] [10209.7, 399.887, 9322.99]]
		unit_class:t = "germ_88mm_flak36"
		closed_waypoints:b = false
		isShipSpline:b = false
		shipTurnRadius:r = 100
		weapons:t = ""
		bullets0:t = ""
		bullets1:t = ""
		bullets2:t = ""
		bullets3:t = ""
		bulletsCount0:i = 0
		bulletsCount1:i = 0
		bulletsCount2:i = 0
		bulletsCount3:i = 0
		crewSkillK:r = 0
		applyAllMods:b = false
		props {
			army:i = 2
			count:i = 1
			formation_type:t = "rows"
			formation_div:i = 3
			formation_step:p2 = 2.5, 2
			formation_noise:p2 = 0.1, 0.1
			uniqueName:t = ""
			attack_type:t = "fire_at_will"
		}
		way {

		}
	}
	air_defence {
		name:t = "t2_def_big_aaa_low_04"
		tm:m = [[0.996735, 0.0, -0.0807314] [0.0, 1.0, 0.0] [0.0807314, 0.0, 0.996735] [11031.0, 375.287, 8697.64]]
		unit_class:t = "germ_88mm_flak36"
		closed_waypoints:b = false
		isShipSpline:b = false
		shipTurnRadius:r = 100
		weapons:t = ""
		bullets0:t = ""
		bullets1:t = ""
		bullets2:t = ""
		bullets3:t = ""
		bulletsCount0:i = 0
		bulletsCount1:i = 0
		bulletsCount2:i = 0
		bulletsCount3:i = 0
		crewSkillK:r = 0
		applyAllMods:b = false
		props {
			army:i = 2
			count:i = 1
			formation_type:t = "rows"
			formation_div:i = 3
			formation_step:p2 = 2.5, 2
			formation_noise:p2 = 0.1, 0.1
			uniqueName:t = ""
			attack_type:t = "fire_at_will"
		}
		way {

		}
	}
	air_defence {
		name:t = "t2_def_small_aaa_low_01"
		tm:m = [[0.996735, 0.0, -0.0807314] [0.0, 1.0, 0.0] [0.0807314, 0.0, 0.996735] [9976.97, 391.137, 7757.1]]
		unit_class:t = "germ_37mm_flak43_airfield"
		closed_waypoints:b = false
		isShipSpline:b = false
		shipTurnRadius:r = 100
		weapons:t = ""
		bullets0:t = ""
		bullets1:t = ""
		bullets2:t = ""
		bullets3:t = ""
		bulletsCount0:i = 0
		bulletsCount1:i = 0
		bulletsCount2:i = 0
		bulletsCount3:i = 0
		crewSkillK:r = 0
		applyAllMods:b = false
		props {
			army:i = 2
			count:i = 1
			formation_type:t = "rows"
			formation_div:i = 3
			formation_step:p2 = 2.5, 2
			formation_noise:p2 = 0.1, 0.1
			uniqueName:t = ""
			attack_type:t = "fire_at_will"
		}
		way {

		}
	}
	air_defence {
		name:t = "t2_def_small_aaa_low_02"
		tm:m = [[0.996735, 0.0, -0.0807314] [0.0, 1.0, 0.0] [0.0807314, 0.0, 0.996735] [9040.12, 373.287, 7999.03]]
		unit_class:t = "germ_37mm_flak43_airfield"
		closed_waypoints:b = false
		isShipSpline:b = false
		shipTurnRadius:r = 100
		weapons:t = ""
		bullets0:t = ""
		bullets1:t = ""
		bullets2:t = ""
		bullets3:t = ""
		bulletsCount0:i = 0
		bulletsCount1:i = 0
		bulletsCount2:i = 0
		bulletsCount3:i = 0
		crewSkillK:r = 0
		applyAllMods:b = false
		props {
			army:i = 2
			count:i = 1
			formation_type:t = "rows"
			formation_div:i = 3
			formation_step:p2 = 2.5, 2
			formation_noise:p2 = 0.1, 0.1
			uniqueName:t = ""
			attack_type:t = "fire_at_will"
		}
		way {

		}
	}
	air_defence {
		name:t = "t2_def_small_aaa_low_03"
		tm:m = [[0.996735, 0.0, -0.0807314] [0.0, 1.0, 0.0] [0.0807314, 0.0, 0.996735] [7948.97, 374.037, 8171.22]]
		unit_class:t = "germ_37mm_flak43_airfield"
		closed_waypoints:b = false
		isShipSpline:b = false
		shipTurnRadius:r = 100
		weapons:t = ""
		bullets0:t = ""
		bullets1:t = ""
		bullets2:t = ""
		bullets3:t = ""
		bulletsCount0:i = 0
		bulletsCount1:i = 0
		bulletsCount2:i = 0
		bulletsCount3:i = 0
		crewSkillK:r = 0
		applyAllMods:b = false
		props {
			army:i = 2
			count:i = 1
			formation_type:t = "rows"
			formation_div:i = 3
			formation_step:p2 = 2.5, 2
			formation_noise:p2 = 0.1, 0.1
			uniqueName:t = ""
			attack_type:t = "fire_at_will"
		}
		way {

		}
	}
	air_defence {
		name:t = "t2_def_small_aaa_low_04"
		tm:m = [[0.996735, 0.0, -0.0807314] [0.0, 1.0, 0.0] [0.0807314, 0.0, 0.996735] [7892.25, 385.079, 9867.35]]
		unit_class:t = "germ_37mm_flak43_airfield"
		closed_waypoints:b = false
		isShipSpline:b = false
		shipTurnRadius:r = 100
		weapons:t = ""
		bullets0:t = ""
		bullets1:t = ""
		bullets2:t = ""
		bullets3:t = ""
		bulletsCount0:i = 0
		bulletsCount1:i = 0
		bulletsCount2:i = 0
		bulletsCount3:i = 0
		crewSkillK:r = 0
		applyAllMods:b = false
		props {
			army:i = 2
			count:i = 1
			formation_type:t = "rows"
			formation_div:i = 3
			formation_step:p2 = 2.5, 2
			formation_noise:p2 = 0.1, 0.1
			uniqueName:t = ""
			attack_type:t = "fire_at_will"
		}
		way {

		}
	}
	air_defence {
		name:t = "t2_def_small_aaa_low_05"
		tm:m = [[0.996735, 0.0, -0.0807314] [0.0, 1.0, 0.0] [0.0807314, 0.0, 0.996735] [8503.38, 337.337, 9947.95]]
		unit_class:t = "germ_37mm_flak43_airfield"
		closed_waypoints:b = false
		isShipSpline:b = false
		shipTurnRadius:r = 100
		weapons:t = ""
		bullets0:t = ""
		bullets1:t = ""
		bullets2:t = ""
		bullets3:t = ""
		bulletsCount0:i = 0
		bulletsCount1:i = 0
		bulletsCount2:i = 0
		bulletsCount3:i = 0
		crewSkillK:r = 0
		applyAllMods:b = false
		props {
			army:i = 2
			count:i = 1
			formation_type:t = "rows"
			formation_div:i = 3
			formation_step:p2 = 2.5, 2
			formation_noise:p2 = 0.1, 0.1
			uniqueName:t = ""
			attack_type:t = "fire_at_will"
		}
		way {

		}
	}
	air_defence {
		name:t = "t2_def_small_aaa_low_06"
		tm:m = [[0.996735, 0.0, -0.0807314] [0.0, 1.0, 0.0] [0.0807314, 0.0, 0.996735] [9498.89, 409.287, 9582.19]]
		unit_class:t = "germ_37mm_flak43_airfield"
		closed_waypoints:b = false
		isShipSpline:b = false
		shipTurnRadius:r = 100
		weapons:t = ""
		bullets0:t = ""
		bullets1:t = ""
		bullets2:t = ""
		bullets3:t = ""
		bulletsCount0:i = 0
		bulletsCount1:i = 0
		bulletsCount2:i = 0
		bulletsCount3:i = 0
		crewSkillK:r = 0
		applyAllMods:b = false
		props {
			army:i = 2
			count:i = 1
			formation_type:t = "rows"
			formation_div:i = 3
			formation_step:p2 = 2.5, 2
			formation_noise:p2 = 0.1, 0.1
			uniqueName:t = ""
			attack_type:t = "fire_at_will"
		}
		way {

		}
	}
}
areas {
	t1_interceptor_low_area {
		type:t = "Sphere"
		tm:m = [[2184.27, 0.0, 5588.3] [0.0, 6000.0, 0.0] [-5588.3, 0.0, 2184.27] [-16619.7, 2000.0, 14575.6]]
		props {

		}
	}
	t1_aaa_fighter_low_area {
		type:t = "Sphere"
		tm:m = [[1456.18, 0.0, 3725.52] [0.0, 4000.0, 0.0] [-3725.52, 0.0, 1456.18] [-16619.7, 3000.0, 14575.6]]
		props {

		}
	}
	t1_assault_low_area {
		type:t = "Sphere"
		tm:m = [[3640.45, 0.0, 9313.82] [0.0, 10000.0, 0.0] [-9313.82, 0.0, 3640.45] [-16619.7, 1000.0, 14575.6]]
		props {

		}
	}
	t1_interceptor_low_spawn {
		type:t = "Sphere"
		tm:m = [[274.384, 0.0, -121.297] [0.0, 300.0, 0.0] [121.297, 0.0, 274.384] [-19396.3, 1000.0, 15660.5]]
		props {

		}
	}
	t1_aaa_fighter_low_spawn {
		type:t = "Sphere"
		tm:m = [[274.384, 0.0, -121.297] [0.0, 300.0, 0.0] [121.297, 0.0, 274.384] [-18476.3, 2000.0, 15300.8]]
		props {

		}
	}
	t1_far_bomber_low_spawn {
		type:t = "Sphere"
		tm:m = [[274.384, 0.0, -121.297] [0.0, 300.0, 0.0] [121.297, 0.0, 274.384] [-14758.0, 4500.0, 13847.4]]
		props {

		}
	}
	t1_main_bomber_low_spawn {
		type:t = "Sphere"
		tm:m = [[274.384, 0.0, -121.297] [0.0, 300.0, 0.0] [121.297, 0.0, 274.384] [-14291.7, 3500.0, 13665.3]]
		props {

		}
	}
	t1_far_bomber_low_area {
		type:t = "Sphere"
		tm:m = [[1456.18, 0.0, 3725.52] [0.0, 4000.0, 0.0] [-3725.52, 0.0, 1456.18] [-16619.7, 4500.0, 14575.6]]
		props {

		}
	}
	t1_main_bomber_low_area {
		type:t = "Sphere"
		tm:m = [[1820.21, 0.0, 4656.91] [0.0, 5000.0, 0.0] [-4656.91, 0.0, 1820.21] [-16619.7, 3500.0, 14575.6]]
		props {

		}
	}
	t2_interceptor_low_area {
		type:t = "Sphere"
		tm:m = [[-1000.18, 0.0, -5916.06] [0.0, 6000.0, 0.0] [5916.06, 0.0, -1000.18] [8705.8, 2000.0, 8987.73]]
		props {

		}
	}
	t2_assault_low_spawn {
		type:t = "Sphere"
		tm:m = [[-293.339, 0.0, 62.8652] [0.0, 300.0, 0.0] [-62.8652, 0.0, -293.339] [3773.81, 999.999, 9822.9]]
		props {

		}
	}
	t2_aaa_fighter_low_area {
		type:t = "Sphere"
		tm:m = [[-666.789, 0.0, -3944.04] [0.0, 4000.0, 0.0] [3944.04, 0.0, -666.789] [8705.8, 3000.0, 8987.73]]
		props {

		}
	}
	t2_assault_low_area {
		type:t = "Sphere"
		tm:m = [[-1666.98, 0.0, -9860.09] [0.0, 10000.0, 0.0] [9860.09, 0.0, -1666.98] [8705.8, 999.999, 8987.73]]
		props {

		}
	}
	t2_interceptor_low_spawn {
		type:t = "Sphere"
		tm:m = [[-293.339, 0.0, 62.8652] [0.0, 300.0, 0.0] [-62.8652, 0.0, -293.339] [11645.1, 999.999, 8491.0]]
		props {

		}
	}
	t2_aaa_fighter_low_spawn {
		type:t = "Sphere"
		tm:m = [[-293.339, 0.0, 62.8652] [0.0, 300.0, 0.0] [-62.8652, 0.0, -293.339] [10671.3, 2000.0, 8655.73]]
		props {

		}
	}
	t2_far_bomber_low_spawn {
		type:t = "Sphere"
		tm:m = [[-293.339, 0.0, 62.8652] [0.0, 300.0, 0.0] [-62.8652, 0.0, -293.339] [6734.85, 4500.0, 9321.22]]
		props {

		}
	}
	t2_main_bomber_low_spawn {
		type:t = "Sphere"
		tm:m = [[-293.339, 0.0, 62.8652] [0.0, 300.0, 0.0] [-62.8652, 0.0, -293.339] [6241.21, 3500.0, 9404.76]]
		props {

		}
	}
	t2_far_bomber_low_area {
		type:t = "Sphere"
		tm:m = [[-666.789, 0.0, -3944.04] [0.0, 4000.0, 0.0] [3944.04, 0.0, -666.789] [8705.8, 4500.0, 8987.73]]
		props {

		}
	}
	t2_main_bomber_low_area {
		type:t = "Sphere"
		tm:m = [[-833.484, 0.0, -4930.03] [0.0, 5000.0, 0.0] [4930.03, 0.0, -833.484] [8705.8, 3500.0, 8987.73]]
		props {

		}
	}
	t1_assault_low_spawn {
		type:t = "Sphere"
		tm:m = [[274.384, 0.0, -121.297] [0.0, 300.0, 0.0] [121.297, 0.0, 274.384] [-11965.0, 1000.0, 12756.2]]
		props {

		}
	}
	t1_common_fighters_low_spawn {
		type:t = "Sphere"
		tm:m = [[274.384, 0.0, -121.297] [0.0, 300.0, 0.0] [121.297, 0.0, 274.384] [-19396.3, 500.0, 15660.5]]
		props {

		}
	}
	t2_common_fighters_low_spawn {
		type:t = "Sphere"
		tm:m = [[-293.339, 0.0, 62.8652] [0.0, 300.0, 0.0] [-62.8652, 0.0, -293.339] [11645.1, 499.999, 8491.0]]
		props {

		}
	}
	airfields_zone_12km {
		type:t = "Sphere"
		tm:m = [[18681.1, 0.0, 15067.0] [0.0, 24000.0, 0.0] [-15067.0, 0.0, 18681.1] [-3776.0, 438.078, 10429.8]]
		objLayer:i = 3
		props {

		}
	}
}
objLayers {
	layer {
		enabled:b = true
	}
	layer {
		enabled:b = true
	}
	layer {
		enabled:b = true
	}
	layer {
		enabled:b = true
	}
	layer {
		enabled:b = true
	}
}
wayPoints {

}