selected_tag:t = ""
bin_dump_file:t = ""
mission_settings {
	player {
		army:i = 1
		wing:t = "t1_player01"
		wing:t = "t1_player02"
		wing:t = "t1_player03"
		wing:t = "t1_player04"
		wing:t = "t1_player05"
		wing:t = "t1_player06"
		wing:t = "t1_player07"
		wing:t = "t1_player08"
		wing:t = "t1_player09"
		wing:t = "t1_player10"
		wing:t = "t1_player11"
		wing:t = "t1_player12"
		wing:t = "t1_player13"
		wing:t = "t1_player14"
		wing:t = "t1_player15"
		wing:t = "t1_player16"
		wing:t = "t1_player17"
		wing:t = "t1_player18"
		wing:t = "t1_player19"
		wing:t = "t1_player20"
		wing:t = "t1_player21"
		wing:t = "t1_player22"
		wing:t = "t1_player23"
		wing:t = "t1_player24"
		wing:t = "t1_player25"
		wing:t = "t1_player26"
		wing:t = "t1_player27"
		wing:t = "t1_player28"
		wing:t = "t1_player29"
		wing:t = "t1_player30"
		wing:t = "t1_player31"
		wing:t = "t1_player32"
	}
	player_teamB {
		army:i = 2
		wing:t = "t2_player01"
		wing:t = "t2_player02"
		wing:t = "t2_player03"
		wing:t = "t2_player04"
		wing:t = "t2_player05"
		wing:t = "t2_player06"
		wing:t = "t2_player07"
		wing:t = "t2_player08"
		wing:t = "t2_player09"
		wing:t = "t2_player10"
		wing:t = "t2_player11"
		wing:t = "t2_player12"
		wing:t = "t2_player13"
		wing:t = "t2_player14"
		wing:t = "t2_player15"
		wing:t = "t2_player16"
		wing:t = "t2_player17"
		wing:t = "t2_player18"
		wing:t = "t2_player19"
		wing:t = "t2_player20"
		wing:t = "t2_player21"
		wing:t = "t2_player22"
		wing:t = "t2_player23"
		wing:t = "t2_player24"
		wing:t = "t2_player25"
		wing:t = "t2_player26"
		wing:t = "t2_player27"
		wing:t = "t2_player28"
		wing:t = "t2_player29"
		wing:t = "t2_player30"
		wing:t = "t2_player31"
		wing:t = "t2_player32"
		wing:t = "t2_player33"
	}
	mission {
		level:t = "levels/avg_american_valley.bin"
		type:t = "domination"
		environment:t = "Day"
		weather:t = "clear"
		locName:t = "missions/_Bttl;american_valley/name"
		locDesc:t = "american_valley/desc;missions/_Bttl/desc"
		scoreLimit:i = 6000
		timeLimit:i = 25
		deathPenaltyMul:r = 1
		postfix:t = "_Bttl"
		ctaCaptureZoneEqualPenaltyMul:r = 0.5
		allowedKillStreaks:b = true
		randomSpawnTeams:b = true
		battleAreaColorPreset:t = "battleArea"
		showTacticalMapCellSize:b = true
		country_axis:t = "germany"
		country_allies:t = "ussr"
		restoreType:t = "attempts"
		optionalTakeOff:b = false
		allowedUnitTypes {
			isAirplanesAllowed:b = true
			isTanksAllowed:b = true
			isShipsAllowed:b = false
			isHelicoptersAllowed:b = true
		}
	}
	spectator_points {

	}
	briefing {
		place_loc:t = ""
		date_loc:t = ""
		objective_loc:t = ""
		music:t = "action_01"
		part {
			event:t = ""
			minTime:i = 0
			slide {
				map:b = true
				minTime:i = 4
				picture:t = ""
				showAirMap:b = false
				icon {
					icontype:t = "tank"
					side:t = "ally"
					target:t = "briefing_t1_resp01"
				}
				icon {
					icontype:t = "tank"
					side:t = "ally"
					target:t = "briefing_t1_resp02"
				}
				icon {
					icontype:t = "tank"
					side:t = "enemy"
					target:t = "briefing_t2_resp01"
				}
				icon {
					icontype:t = "tank"
					side:t = "enemy"
					target:t = "briefing_t2_resp02"
				}
				icon {
					icontype:t = "basezone_A"
					side:t = "ally"
					target:t = "briefing_t1_capturezone"
				}
				icon {
					icontype:t = "basezone_B"
					side:t = "enemy"
					target:t = "briefing_t2_capturezone"
				}
				battleArea {
					target:t = "briefing_bttl_battle_area"
				}
			}
		}
	}
}
imports {
	import_record {
		file:t = "gameData/missions/cta/tanks/american_valley/battleareas/template_american_valley_exclude_battleareas.blk"
		importAreas:b = true
		importUnits:b = true
		importTriggers:b = true
		importMissionObjectives:b = true
		importWayPoints:b = true
		showAreas:b = true
		showUnits:b = true
		showTriggers:b = true
		showMissionObjectives:b = true
		showWayPoints:b = true
		excludes {

		}
	}
	import_record {
		file:t = "gameData/missions/templates/tank_templates/tank_base_logic_template.blk"
		importAreas:b = true
		importUnits:b = true
		importTriggers:b = true
		importMissionObjectives:b = true
		importWayPoints:b = true
		showAreas:b = true
		showUnits:b = true
		showTriggers:b = true
		showMissionObjectives:b = true
		showWayPoints:b = true
		excludes {

		}
	}
	import_record {
		file:t = "gameData/missions/cta/tanks/american_valley/template_american_valley_air_spawns.blk"
		importAreas:b = true
		importUnits:b = true
		importTriggers:b = true
		importMissionObjectives:b = true
		importWayPoints:b = true
		showAreas:b = true
		showUnits:b = true
		showTriggers:b = true
		showMissionObjectives:b = true
		showWayPoints:b = true
		excludes {

		}
	}
	import_record {
		file:t = "gameData/missions/cta/tanks/american_valley/battleareas/template_american_valley_Bttl_battlearea.blk"
		importAreas:b = true
		importUnits:b = true
		importTriggers:b = true
		importMissionObjectives:b = true
		importWayPoints:b = true
		showAreas:b = true
		showUnits:b = true
		showTriggers:b = true
		showMissionObjectives:b = true
		showWayPoints:b = true
		excludes {

		}
	}
	import_record {
		file:t = "gameData/missions/templates/tank_templates/bttl_template.blk"
		importAreas:b = true
		importUnits:b = true
		importTriggers:b = true
		importMissionObjectives:b = true
		importWayPoints:b = true
		showAreas:b = true
		showUnits:b = true
		showTriggers:b = true
		showMissionObjectives:b = true
		showWayPoints:b = true
		excludes {

		}
	}
}
triggers {
	isCategory:b = true
	is_enabled:b = true
}
mission_objectives {
	isCategory:b = true
	is_enabled:b = true
}
variables {

}
dialogs {

}
airfields {

}
effects {

}
units {
	tankModels {
		name:t = "t1_player01"
		tm:m = [[-0.173648, 0.0, -0.984808] [0.0, 1.0, 0.0] [0.984808, 0.0, -0.173648] [2459.35, 112.808, 2031.88]]
		unit_class:t = "aaa_dummy"
		objLayer:i = 1
		closed_waypoints:b = false
		isShipSpline:b = false
		shipTurnRadius:r = 100
		weapons:t = ""
		bullets0:t = ""
		bullets1:t = ""
		bullets2:t = ""
		bullets3:t = ""
		bulletsCount0:i = 0
		bulletsCount1:i = 0
		bulletsCount2:i = 0
		bulletsCount3:i = 0
		crewSkillK:r = 0
		applyAllMods:b = false
		props {
			army:i = 2
			count:i = 1
			formation_type:t = "rows"
			formation_div:i = 3
			formation_step:p2 = 2.5, 2
			formation_noise:p2 = 0.1, 0.1
			uniqueName:t = ""
			attack_type:t = "fire_at_will"
		}
		way {

		}
	}
}
areas {
	briefing_t1_resp01 {
		type:t = "Point"
		tm:m = [[-0.173648, 0.0, -0.984808] [0.0, 1.0, 0.0] [0.984808, 0.0, -0.173648] [2324.53, 49.1503, 1594.02]]
		objLayer:i = 0
		props {

		}
	}
	briefing_t1_resp02 {
		type:t = "Point"
		tm:m = [[-0.173648, 0.0, -0.984808] [0.0, 1.0, 0.0] [0.984808, 0.0, -0.173648] [2571.45, 45.8535, 1781.75]]
		objLayer:i = 0
		props {

		}
	}
	briefing_t2_resp01 {
		type:t = "Point"
		tm:m = [[-0.173648, 0.0, -0.984808] [0.0, 1.0, 0.0] [0.984808, 0.0, -0.173648] [1733.2, 47.1099, 2491.2]]
		objLayer:i = 0
		props {

		}
	}
	briefing_t2_resp02 {
		type:t = "Point"
		tm:m = [[-0.173648, 0.0, -0.984808] [0.0, 1.0, 0.0] [0.984808, 0.0, -0.173648] [1918.73, 48.6506, 2650.53]]
		objLayer:i = 0
		props {

		}
	}
	briefing_t1_capturezone {
		type:t = "Point"
		tm:m = [[-0.173648, 0.0, -0.984808] [0.0, 1.0, 0.0] [0.984808, 0.0, -0.173648] [1938.43, 50.0056, 1859.88]]
		objLayer:i = 0
		props {

		}
	}
	briefing_t2_capturezone {
		type:t = "Point"
		tm:m = [[-0.173648, 0.0, -0.984808] [0.0, 1.0, 0.0] [0.984808, 0.0, -0.173648] [2104.4, 48.2446, 2170.54]]
		objLayer:i = 0
		props {

		}
	}
	briefing_t1_rb_resp02 {
		type:t = "Point"
		tm:m = [[-0.173648, 0.0, -0.984808] [0.0, 1.0, 0.0] [0.984808, 0.0, -0.173648] [2565.65, 45.7121, 1777.88]]
		objLayer:i = 0
		props {

		}
	}
	briefing_t1_rb_resp01 {
		type:t = "Point"
		tm:m = [[-0.173648, 0.0, -0.984808] [0.0, 1.0, 0.0] [0.984808, 0.0, -0.173648] [2322.68, 49.3863, 1592.96]]
		objLayer:i = 0
		props {

		}
	}
	briefing_t2_rb_resp01 {
		type:t = "Point"
		tm:m = [[-0.173648, 0.0, -0.984808] [0.0, 1.0, 0.0] [0.984808, 0.0, -0.173648] [1733.2, 47.1107, 2491.2]]
		objLayer:i = 0
		props {

		}
	}
	briefing_t2_rb_resp02 {
		type:t = "Point"
		tm:m = [[-0.173648, 0.0, -0.984808] [0.0, 1.0, 0.0] [0.984808, 0.0, -0.173648] [1916.73, 48.1019, 2663.72]]
		objLayer:i = 0
		props {

		}
	}
	briefing_t1_rb_capturezone {
		type:t = "Point"
		tm:m = [[-0.173648, 0.0, -0.984808] [0.0, 1.0, 0.0] [0.984808, 0.0, -0.173648] [1938.65, 50.0056, 1860.81]]
		objLayer:i = 0
		props {

		}
	}
	briefing_t2_rb_capturezone {
		type:t = "Point"
		tm:m = [[-0.173648, 0.0, -0.984808] [0.0, 1.0, 0.0] [0.984808, 0.0, -0.173648] [2102.81, 48.2452, 2170.63]]
		objLayer:i = 0
		props {

		}
	}
	briefing_t1_resp04 {
		type:t = "Point"
		tm:m = [[-0.173648, 0.0, -0.984808] [0.0, 1.0, 0.0] [0.984808, 0.0, -0.173648] [2323.65, 49.3571, 1594.21]]
		objLayer:i = 0
		props {

		}
	}
	briefing_bttl_battle_area {
		type:t = "Box"
		tm:m = [[-8.75032e-5, 0.0, 1350.0] [0.0, 400.0, 0.0] [-1350.0, 0.0, -8.75032e-5] [2059.25, 122.55, 2073.25]]
		objLayer:i = 4
		props {

		}
	}
}
objLayers {
	layer {
		enabled:b = true
	}
	layer {
		enabled:b = true
	}
	layer {
		enabled:b = true
	}
	layer {
		enabled:b = false
	}
}
wayPoints {

}