selected_tag:t = ""
bin_dump_file:t = ""
mission_settings {
	atmosphere {
		pressure:r = 760
		temperature:r = 0
	}
	player {
		army:i = 1
		wing:t = "t1_player01"
		wing:t = "t1_player02"
		wing:t = "t1_player03"
		wing:t = "t1_player04"
		wing:t = "t1_player05"
		wing:t = "t1_player06"
		wing:t = "t1_player07"
		wing:t = "t1_player08"
		wing:t = "t1_player09"
		wing:t = "t1_player10"
		wing:t = "t1_player11"
		wing:t = "t1_player12"
		wing:t = "t1_player13"
		wing:t = "t1_player14"
		wing:t = "t1_player15"
		wing:t = "t1_player16"
		wing:t = "t1_player17"
	}
	player_teamB {
		army:i = 2
		wing:t = "t2_player01"
		wing:t = "t2_player02"
		wing:t = "t2_player03"
		wing:t = "t2_player04"
		wing:t = "t2_player05"
		wing:t = "t2_player06"
		wing:t = "t2_player07"
		wing:t = "t2_player08"
		wing:t = "t2_player09"
		wing:t = "t2_player10"
		wing:t = "t2_player11"
		wing:t = "t2_player12"
		wing:t = "t2_player13"
		wing:t = "t2_player14"
		wing:t = "t2_player15"
		wing:t = "t2_player16"
	}
	mission {
		level:t = "levels/arcade_alps.bin"
		type:t = "domination"
		restoreType:t = "attempts"
		optionalTakeOff:b = false
		environment:t = "Day"
		weather:t = "hazy"
		killLimit:i = 10
		timeLimit:i = 30
		gt_race:b = true
		raceLaps:i = 1
		raceWinners:i = 1
		raceForceCannotShoot:b = true
		country_axis:t = "germany"
		country_allies:t = "ussr"
		difficulty:t = ""
		openDiffLevels:b = true
		allowedUnitTypes {
			isAirplanesAllowed:b = true
		}
		missionType {
			_Dom:b = false
			_Conq:b = false
			_Bttl:b = false
			_Bto:b = false
			_v1_race_straight:b = true
			_v1_race_inverted:b = true
			_Flc:b = false
			_v2_race_straight:b = false
			_v2_race_inverted:b = false
			_Conq1:b = false
			_Conq2:b = false
			_Conq3:b = false
			_Conq4:b = false
			_Conq5:b = false
			_Conq6:b = false
			_DBttl:b = false
		}
	}
	spectator_points {

	}
}
imports {
	import_record {
		file:t = "gameData/missions/templates/air_race_basic_template.blk"
		importAreas:b = true
		importUnits:b = true
		importTriggers:b = true
		importMissionObjectives:b = true
		importWayPoints:b = true
		showAreas:b = true
		showUnits:b = true
		showTriggers:b = true
		showMissionObjectives:b = true
		showWayPoints:b = true
		excludes {

		}
	}
}
triggers {
	isCategory:b = true
	is_enabled:b = true
	start_mission_environment {
		is_enabled:b = true
		comments:t = ""
		props {
			actionsType:t = "PERFORM_ONE_BY_ONE"
			conditionsType:t = "ALL"
			enableAfterComplete:b = false
		}
		events {
			periodicEvent {
				time:r = 0
			}
		}
		conditions {

		}
		actions {
			unitSetProperties {
				object:t = "all_units_squad"
				accuracy:r = 0.2
				effShootingRate:r = 0
				speed:r = 40
				lockSpeed:b = true
			}
			unitAttackTarget {
				playerAttracted:b = false
				object:t = "t1_environment_tank_01"
				target:t = "t2_environment_tank_01"
				fireRandom:b = true
			}
			unitAttackTarget {
				playerAttracted:b = false
				object:t = "t2_environment_tank_01"
				target:t = "t1_environment_tank_01"
				fireRandom:b = true
			}
			unitAttackTarget {
				playerAttracted:b = false
				object:t = "t1_environment_tank_02"
				target:t = "t2_environment_tank_02"
				fireRandom:b = true
			}
			unitAttackTarget {
				playerAttracted:b = false
				object:t = "t2_environment_tank_02"
				target:t = "t1_environment_tank_02"
				fireRandom:b = true
			}
			unitAttackTarget {
				playerAttracted:b = false
				object:t = "t1_environment_tank_03"
				target:t = "t2_environment_tank_03"
				fireRandom:b = true
			}
			unitAttackTarget {
				playerAttracted:b = false
				object:t = "t2_environment_tank_03"
				target:t = "t1_environment_tank_03"
				fireRandom:b = true
			}
			unitSetStealth {
				set:b = true
				radius:r = 0
				target:t = "all_units_squad"
			}
		}
		else_actions {

		}
	}
}
mission_objectives {
	isCategory:b = true
	is_enabled:b = true
	phiphi_race_mission_objective {
		is_enabled:b = false
		comments:t = ""
		type:t = "abstractMissionObjective"
		props {
			isPrimary:b = true
			timeLimit:i = 50
			scoreConst:i = 100
			scoreTime:i = 400
			team:t = "Both"
		}
		onSuccess {

		}
		onFailed {

		}
	}
}
variables {

}
dialogs {

}
airfields {

}
effects {

}
units {
	armada {
		name:t = "t1_player01"
		tm:m = [[0.98241, 0.0, 0.186741] [0.0, 1.0, 0.0] [-0.186741, 0.0, 0.98241] [-10358.6, 468.1, 613.9]]
		unit_class:t = "ki_61_1a_hei"
		closed_waypoints:b = false
		weapons:t = ""
		bullets0:t = ""
		bullets1:t = ""
		bullets2:t = ""
		bullets3:t = ""
		bulletsCount0:i = 0
		bulletsCount1:i = 0
		bulletsCount2:i = 0
		bulletsCount3:i = 0
		props {
			army:i = 2
			free_distance:r = 70
			floating_distance:r = 50
			minimum_distance_to_earth:r = 20
			altLimit:r = 6000
			attack_type:t = "fire_at_will"
			skill:i = 4
			count:i = 1
			uniqueName:t = ""
			player:b = true
			plane {
				wing_formation:t = "Diamond"
				row_distances:r = 1.5
				col_distances:r = 1.5
				super_formation:t = "Diamond"
				super_row_distances:r = 1.5
				super_col_distances:r = 1.5
				ai_skill:t = "NORMAL"
				task:t = "FLY_WAYPOINT"
			}
		}
		way {

		}
	}
	armada {
		name:t = "t1_player02"
		tm:m = [[-0.953717, 0.0, 0.300706] [0.0, 1.0, 0.0] [-0.300706, 0.0, -0.953717] [-3321.5, 11051.7, -537.45]]
		unit_class:t = "dummy_plane"
		closed_waypoints:b = false
		weapons:t = ""
		bullets0:t = ""
		bullets1:t = ""
		bullets2:t = ""
		bullets3:t = ""
		bulletsCount0:i = 0
		bulletsCount1:i = 0
		bulletsCount2:i = 0
		bulletsCount3:i = 0
		props {
			army:i = 2
			free_distance:r = 70
			floating_distance:r = 50
			minimum_distance_to_earth:r = 20
			altLimit:r = 6000
			attack_type:t = "fire_at_will"
			skill:i = 4
			count:i = 1
			uniqueName:t = ""
			player:b = true
			plane {
				wing_formation:t = "Diamond"
				row_distances:r = 1.5
				col_distances:r = 1.5
				super_formation:t = "Diamond"
				super_row_distances:r = 1.5
				super_col_distances:r = 1.5
				ai_skill:t = "NORMAL"
				task:t = "FLY_WAYPOINT"
			}
		}
		way {

		}
	}
	armada {
		name:t = "t1_player03"
		tm:m = [[-0.953717, 0.0, 0.300706] [0.0, 1.0, 0.0] [-0.300706, 0.0, -0.953717] [-3351.57, 11051.7, -632.82]]
		unit_class:t = "dummy_plane"
		closed_waypoints:b = false
		weapons:t = ""
		bullets0:t = ""
		bullets1:t = ""
		bullets2:t = ""
		bullets3:t = ""
		bulletsCount0:i = 0
		bulletsCount1:i = 0
		bulletsCount2:i = 0
		bulletsCount3:i = 0
		props {
			army:i = 2
			free_distance:r = 70
			floating_distance:r = 50
			minimum_distance_to_earth:r = 20
			altLimit:r = 6000
			attack_type:t = "fire_at_will"
			skill:i = 4
			count:i = 1
			uniqueName:t = ""
			player:b = true
			plane {
				wing_formation:t = "Diamond"
				row_distances:r = 1.5
				col_distances:r = 1.5
				super_formation:t = "Diamond"
				super_row_distances:r = 1.5
				super_col_distances:r = 1.5
				ai_skill:t = "NORMAL"
				task:t = "FLY_WAYPOINT"
			}
		}
		way {

		}
	}
	armada {
		name:t = "t1_player04"
		tm:m = [[-0.953717, 0.0, 0.300706] [0.0, 1.0, 0.0] [-0.300706, 0.0, -0.953717] [-3381.64, 11051.7, -728.19]]
		unit_class:t = "dummy_plane"
		closed_waypoints:b = false
		weapons:t = ""
		bullets0:t = ""
		bullets1:t = ""
		bullets2:t = ""
		bullets3:t = ""
		bulletsCount0:i = 0
		bulletsCount1:i = 0
		bulletsCount2:i = 0
		bulletsCount3:i = 0
		props {
			army:i = 2
			free_distance:r = 70
			floating_distance:r = 50
			minimum_distance_to_earth:r = 20
			altLimit:r = 6000
			attack_type:t = "fire_at_will"
			skill:i = 4
			count:i = 1
			uniqueName:t = ""
			player:b = true
			plane {
				wing_formation:t = "Diamond"
				row_distances:r = 1.5
				col_distances:r = 1.5
				super_formation:t = "Diamond"
				super_row_distances:r = 1.5
				super_col_distances:r = 1.5
				ai_skill:t = "NORMAL"
				task:t = "FLY_WAYPOINT"
			}
		}
		way {

		}
	}
	armada {
		name:t = "t1_player05"
		tm:m = [[-0.953717, 0.0, 0.300706] [0.0, 1.0, 0.0] [-0.300706, 0.0, -0.953717] [-3411.71, 11051.7, -823.57]]
		unit_class:t = "dummy_plane"
		closed_waypoints:b = false
		weapons:t = ""
		bullets0:t = ""
		bullets1:t = ""
		bullets2:t = ""
		bullets3:t = ""
		bulletsCount0:i = 0
		bulletsCount1:i = 0
		bulletsCount2:i = 0
		bulletsCount3:i = 0
		props {
			army:i = 2
			free_distance:r = 70
			floating_distance:r = 50
			minimum_distance_to_earth:r = 20
			altLimit:r = 6000
			attack_type:t = "fire_at_will"
			skill:i = 4
			count:i = 1
			uniqueName:t = ""
			player:b = true
			plane {
				wing_formation:t = "Diamond"
				row_distances:r = 1.5
				col_distances:r = 1.5
				super_formation:t = "Diamond"
				super_row_distances:r = 1.5
				super_col_distances:r = 1.5
				ai_skill:t = "NORMAL"
				task:t = "FLY_WAYPOINT"
			}
		}
		way {

		}
	}
	armada {
		name:t = "t1_player06"
		tm:m = [[-0.953717, 0.0, 0.300706] [0.0, 1.0, 0.0] [-0.300706, 0.0, -0.953717] [-3441.78, 11051.7, -918.94]]
		unit_class:t = "dummy_plane"
		closed_waypoints:b = false
		weapons:t = ""
		bullets0:t = ""
		bullets1:t = ""
		bullets2:t = ""
		bullets3:t = ""
		bulletsCount0:i = 0
		bulletsCount1:i = 0
		bulletsCount2:i = 0
		bulletsCount3:i = 0
		props {
			army:i = 2
			free_distance:r = 70
			floating_distance:r = 50
			minimum_distance_to_earth:r = 20
			altLimit:r = 6000
			attack_type:t = "fire_at_will"
			skill:i = 4
			count:i = 1
			uniqueName:t = ""
			player:b = true
			plane {
				wing_formation:t = "Diamond"
				row_distances:r = 1.5
				col_distances:r = 1.5
				super_formation:t = "Diamond"
				super_row_distances:r = 1.5
				super_col_distances:r = 1.5
				ai_skill:t = "NORMAL"
				task:t = "FLY_WAYPOINT"
			}
		}
		way {

		}
	}
	armada {
		name:t = "t1_player07"
		tm:m = [[-0.953717, 0.0, 0.300706] [0.0, 1.0, 0.0] [-0.300706, 0.0, -0.953717] [-3471.86, 11051.7, -1014.31]]
		unit_class:t = "dummy_plane"
		closed_waypoints:b = false
		weapons:t = ""
		bullets0:t = ""
		bullets1:t = ""
		bullets2:t = ""
		bullets3:t = ""
		bulletsCount0:i = 0
		bulletsCount1:i = 0
		bulletsCount2:i = 0
		bulletsCount3:i = 0
		props {
			army:i = 2
			free_distance:r = 70
			floating_distance:r = 50
			minimum_distance_to_earth:r = 20
			altLimit:r = 6000
			attack_type:t = "fire_at_will"
			skill:i = 4
			count:i = 1
			uniqueName:t = ""
			player:b = true
			plane {
				wing_formation:t = "Diamond"
				row_distances:r = 1.5
				col_distances:r = 1.5
				super_formation:t = "Diamond"
				super_row_distances:r = 1.5
				super_col_distances:r = 1.5
				ai_skill:t = "NORMAL"
				task:t = "FLY_WAYPOINT"
			}
		}
		way {

		}
	}
	armada {
		name:t = "t1_player08"
		tm:m = [[-0.953717, 0.0, 0.300706] [0.0, 1.0, 0.0] [-0.300706, 0.0, -0.953717] [-6418.35, 8794.95, 3193.9]]
		unit_class:t = "dummy_plane"
		closed_waypoints:b = false
		weapons:t = ""
		bullets0:t = ""
		bullets1:t = ""
		bullets2:t = ""
		bullets3:t = ""
		bulletsCount0:i = 0
		bulletsCount1:i = 0
		bulletsCount2:i = 0
		bulletsCount3:i = 0
		props {
			army:i = 2
			free_distance:r = 70
			floating_distance:r = 50
			minimum_distance_to_earth:r = 20
			altLimit:r = 6000
			attack_type:t = "fire_at_will"
			skill:i = 4
			count:i = 1
			uniqueName:t = ""
			player:b = true
			plane {
				wing_formation:t = "Diamond"
				row_distances:r = 1.5
				col_distances:r = 1.5
				super_formation:t = "Diamond"
				super_row_distances:r = 1.5
				super_col_distances:r = 1.5
				ai_skill:t = "NORMAL"
				task:t = "FLY_WAYPOINT"
			}
		}
		way {

		}
	}
	tankModels {
		name:t = "t1_environment_tank_01"
		tm:m = [[1.0, 0.0, 5.96046e-7] [0.0, 1.0, 0.0] [-5.96046e-7, 0.0, 1.0] [249.456, 507.771, -2772.57]]
		unit_class:t = "germ_pzkpfw_IV_ausf_C"
		objLayer:i = 1
		closed_waypoints:b = false
		weapons:t = "germ_pzkpfw_IV_ausf_C_default"
		bullets0:t = ""
		bullets1:t = ""
		bullets2:t = ""
		bullets3:t = ""
		bulletsCount0:i = 900
		bulletsCount1:i = 0
		bulletsCount2:i = 0
		bulletsCount3:i = 0
		props {
			army:i = 2
			count:i = 5
			formation_type:t = "rows"
			formation_div:i = 1
			formation_step:p2 = 8, 8
			formation_noise:p2 = 0.1, 0.1
			uniqueName:t = ""
			attack_type:t = "fire_at_will"
		}
		way {
			environment_tank_01_wp_01 {
				type:t = "normal"
				tm:m = [[0.766044, 0.0, -0.642788] [0.0, 1.0, 0.0] [0.642788, 0.0, 0.766044] [6.95, 451.263, -3971.45]]
				props {
					speed:r = 300
					moveType:t = "MOVETO_STRAIGHT"
					shouldKeepFormation:b = false
				}
			}
			environment_tank_01_wp_02 {
				type:t = "normal"
				tm:m = [[0.766044, 0.0, -0.642788] [0.0, 1.0, 0.0] [0.642788, 0.0, 0.766044] [56.6894, 464.109, -3932.71]]
				props {
					speed:r = 300
					moveType:t = "MOVETO_STRAIGHT"
					shouldKeepFormation:b = false
				}
			}
		}
	}
	tankModels {
		name:t = "t2_environment_tank_01"
		tm:m = [[-0.996194, 0.0, 0.0871561] [0.0, 1.0, 0.0] [-0.0871561, 0.0, -0.996194] [697.572, 557.046, -2656.7]]
		unit_class:t = "ussr_t_34_1941"
		objLayer:i = 1
		closed_waypoints:b = false
		weapons:t = "ussr_t_34_1941_default"
		bullets0:t = ""
		bullets1:t = ""
		bullets2:t = ""
		bullets3:t = ""
		bulletsCount0:i = 900
		bulletsCount1:i = 0
		bulletsCount2:i = 0
		bulletsCount3:i = 0
		props {
			army:i = 1
			count:i = 6
			formation_type:t = "rows"
			formation_div:i = 1
			formation_step:p2 = 8, 8
			formation_noise:p2 = 0.2, -0.3
			uniqueName:t = ""
			attack_type:t = "fire_at_will"
		}
		way {
			environment_tank_02_wp_02 {
				type:t = "normal"
				tm:m = [[0.766044, 0.0, -0.642788] [0.0, 1.0, 0.0] [0.642788, 0.0, 0.766044] [430.77, 511.293, -3774.24]]
				props {
					speed:r = 300
					moveType:t = "MOVETO_STRAIGHT"
					shouldKeepFormation:b = false
				}
			}
			environment_tank_02_wp_03 {
				type:t = "normal"
				tm:m = [[0.766044, 0.0, -0.642788] [0.0, 1.0, 0.0] [0.642788, 0.0, 0.766044] [401.301, 509.3, -3776.53]]
				props {
					speed:r = 300
					moveType:t = "MOVETO_STRAIGHT"
					shouldKeepFormation:b = false
				}
			}
		}
	}
	tankModels {
		name:t = "t1_environment_tank_02"
		tm:m = [[0.573577, 0.0, -0.819152] [0.0, 1.0, 0.0] [0.819152, 0.0, 0.573577] [-175.384, 482.039, -2953.91]]
		unit_class:t = "germ_pzkpfw_IV_ausf_C"
		objLayer:i = 1
		closed_waypoints:b = false
		weapons:t = "germ_pzkpfw_IV_ausf_C_default"
		bullets0:t = ""
		bullets1:t = ""
		bullets2:t = ""
		bullets3:t = ""
		bulletsCount0:i = 900
		bulletsCount1:i = 0
		bulletsCount2:i = 0
		bulletsCount3:i = 0
		props {
			army:i = 2
			count:i = 3
			formation_type:t = "rows"
			formation_div:i = 1
			formation_step:p2 = 8, 8
			formation_noise:p2 = 0.3, 0.4
			uniqueName:t = ""
			attack_type:t = "fire_at_will"
		}
		way {
			t1_environment_tank_02_wp_03 {
				type:t = "normal"
				tm:m = [[0.766044, 0.0, -0.642788] [0.0, 1.0, 0.0] [0.642788, 0.0, 0.766044] [-121.86, 481.539, -3043.21]]
				props {
					speed:r = 300
					moveType:t = "MOVETO_STRAIGHT"
					shouldKeepFormation:b = false
				}
			}
			t1_environment_tank_02_wp_01 {
				type:t = "normal"
				tm:m = [[0.766044, 0.0, -0.642788] [0.0, 1.0, 0.0] [0.642788, 0.0, 0.766044] [-110.639, 481.537, -3060.72]]
				props {
					speed:r = 300
					moveType:t = "MOVETO_STRAIGHT"
					shouldKeepFormation:b = false
				}
			}
		}
	}
	tankModels {
		name:t = "t2_environment_tank_02"
		tm:m = [[-0.382683, 0.0, 0.92388] [0.0, 1.0, 0.0] [-0.92388, 0.0, -0.382683] [119.469, 487.857, -3409.86]]
		unit_class:t = "ussr_t_34_1941"
		objLayer:i = 1
		closed_waypoints:b = false
		weapons:t = "ussr_t_34_1941_default"
		bullets0:t = ""
		bullets1:t = ""
		bullets2:t = ""
		bullets3:t = ""
		bulletsCount0:i = 900
		bulletsCount1:i = 0
		bulletsCount2:i = 0
		bulletsCount3:i = 0
		props {
			army:i = 1
			count:i = 3
			formation_type:t = "rows"
			formation_div:i = 1
			formation_step:p2 = 8, 5
			formation_noise:p2 = 0.2, -0.3
			uniqueName:t = ""
			attack_type:t = "fire_at_will"
		}
		way {
			t2_environment_tank_02_wp_01 {
				type:t = "normal"
				tm:m = [[0.766044, 0.0, -0.642788] [0.0, 1.0, 0.0] [0.642788, 0.0, 0.766044] [101.034, 486.585, -3375.2]]
				props {
					speed:r = 300
					moveType:t = "MOVETO_STRAIGHT"
					shouldKeepFormation:b = false
				}
			}
			t2_environment_tank_02_wp_02 {
				type:t = "normal"
				tm:m = [[0.766044, 0.0, -0.642788] [0.0, 1.0, 0.0] [0.642788, 0.0, 0.766044] [82.6958, 485.315, -3340.43]]
				props {
					speed:r = 300
					moveType:t = "MOVETO_STRAIGHT"
					shouldKeepFormation:b = false
				}
			}
		}
	}
	tankModels {
		name:t = "t1_environment_tank_03"
		tm:m = [[5.96046e-7, 0.0, -1.0] [0.0, 1.0, 0.0] [1.0, 0.0, 5.96046e-7] [-593.084, 463.746, -2939.01]]
		unit_class:t = "germ_pzkpfw_IV_ausf_C"
		objLayer:i = 1
		closed_waypoints:b = false
		weapons:t = "germ_pzkpfw_IV_ausf_C_default"
		bullets0:t = ""
		bullets1:t = ""
		bullets2:t = ""
		bullets3:t = ""
		bulletsCount0:i = 900
		bulletsCount1:i = 0
		bulletsCount2:i = 0
		bulletsCount3:i = 0
		props {
			army:i = 2
			count:i = 5
			formation_type:t = "rows"
			formation_div:i = 1
			formation_step:p2 = 8, 8
			formation_noise:p2 = 0.5, 0.5
			uniqueName:t = ""
			attack_type:t = "fire_at_will"
		}
		way {
			t1_environment_tank_03_wp_01 {
				type:t = "normal"
				tm:m = [[0.766044, 0.0, -0.642788] [0.0, 1.0, 0.0] [0.642788, 0.0, 0.766044] [-618.829, 454.824, -3048.11]]
				props {
					speed:r = 300
					moveType:t = "MOVETO_STRAIGHT"
					shouldKeepFormation:b = false
				}
			}
			t1_environment_tank_03_wp_02 {
				type:t = "normal"
				tm:m = [[0.766044, 0.0, -0.642788] [0.0, 1.0, 0.0] [0.642788, 0.0, 0.766044] [-576.864, 454.966, -3134.69]]
				props {
					speed:r = 300
					moveType:t = "MOVETO_STRAIGHT"
					shouldKeepFormation:b = false
				}
			}
			t1_environment_tank_03_wp_03 {
				type:t = "normal"
				tm:m = [[0.766044, 0.0, -0.642788] [0.0, 1.0, 0.0] [0.642788, 0.0, 0.766044] [-574.421, 451.529, -3161.8]]
				props {
					speed:r = 300
					moveType:t = "MOVETO_STRAIGHT"
					shouldKeepFormation:b = false
				}
			}
		}
	}
	tankModels {
		name:t = "t2_environment_tank_03"
		tm:m = [[-0.382683, 0.0, 0.92388] [0.0, 1.0, 0.0] [-0.92388, 0.0, -0.382683] [-388.484, 417.041, -3635.16]]
		unit_class:t = "ussr_t_34_1941"
		objLayer:i = 1
		closed_waypoints:b = false
		weapons:t = "ussr_t_34_1941_default"
		bullets0:t = ""
		bullets1:t = ""
		bullets2:t = ""
		bullets3:t = ""
		bulletsCount0:i = 900
		bulletsCount1:i = 0
		bulletsCount2:i = 0
		bulletsCount3:i = 0
		props {
			army:i = 1
			count:i = 5
			formation_type:t = "rows"
			formation_div:i = 1
			formation_step:p2 = 8, 5
			formation_noise:p2 = 0.2, -0.3
			uniqueName:t = ""
			attack_type:t = "fire_at_will"
		}
		way {
			t2_environment_tank_03_wp_01 {
				type:t = "normal"
				tm:m = [[0.766044, 0.0, -0.642788] [0.0, 1.0, 0.0] [0.642788, 0.0, 0.766044] [-400.654, 426.748, -3536.46]]
				props {
					speed:r = 300
					moveType:t = "MOVETO_STRAIGHT"
					shouldKeepFormation:b = false
				}
			}
			t2_environment_tank_03_wp_02 {
				type:t = "normal"
				tm:m = [[0.766044, 0.0, -0.642788] [0.0, 1.0, 0.0] [0.642788, 0.0, 0.766044] [-427.452, 423.93, -3497.32]]
				props {
					speed:r = 300
					moveType:t = "MOVETO_STRAIGHT"
					shouldKeepFormation:b = false
				}
			}
			t2_environment_tank_03_wp_03 {
				type:t = "normal"
				tm:m = [[0.766044, 0.0, -0.642788] [0.0, 1.0, 0.0] [0.642788, 0.0, 0.766044] [-487.343, 416.076, -3421.66]]
				props {
					speed:r = 300
					moveType:t = "MOVETO_STRAIGHT"
					shouldKeepFormation:b = false
				}
			}
		}
	}
	armada {
		name:t = "t1_player09"
		tm:m = [[-0.953717, 0.0, 0.300706] [0.0, 1.0, 0.0] [-0.300706, 0.0, -0.953717] [-3322.0, 11051.7, -505.8]]
		unit_class:t = "dummy_plane"
		closed_waypoints:b = false
		weapons:t = ""
		bullets0:t = ""
		bullets1:t = ""
		bullets2:t = ""
		bullets3:t = ""
		bulletsCount0:i = 0
		bulletsCount1:i = 0
		bulletsCount2:i = 0
		bulletsCount3:i = 0
		props {
			army:i = 2
			free_distance:r = 70
			floating_distance:r = 50
			minimum_distance_to_earth:r = 20
			altLimit:r = 6000
			attack_type:t = "fire_at_will"
			skill:i = 4
			count:i = 1
			uniqueName:t = ""
			player:b = true
			plane {
				wing_formation:t = "Diamond"
				row_distances:r = 1.5
				col_distances:r = 1.5
				super_formation:t = "Diamond"
				super_row_distances:r = 1.5
				super_col_distances:r = 1.5
				ai_skill:t = "NORMAL"
				task:t = "FLY_WAYPOINT"
			}
		}
		way {

		}
	}
	armada {
		name:t = "t1_player10"
		tm:m = [[-0.953717, 0.0, 0.300706] [0.0, 1.0, 0.0] [-0.300706, 0.0, -0.953717] [-6344.3, 8794.95, 3738.75]]
		unit_class:t = "dummy_plane"
		closed_waypoints:b = false
		weapons:t = ""
		bullets0:t = ""
		bullets1:t = ""
		bullets2:t = ""
		bullets3:t = ""
		bulletsCount0:i = 0
		bulletsCount1:i = 0
		bulletsCount2:i = 0
		bulletsCount3:i = 0
		props {
			army:i = 2
			free_distance:r = 70
			floating_distance:r = 50
			minimum_distance_to_earth:r = 20
			altLimit:r = 6000
			attack_type:t = "fire_at_will"
			skill:i = 4
			count:i = 1
			uniqueName:t = ""
			player:b = true
			plane {
				wing_formation:t = "Diamond"
				row_distances:r = 1.5
				col_distances:r = 1.5
				super_formation:t = "Diamond"
				super_row_distances:r = 1.5
				super_col_distances:r = 1.5
				ai_skill:t = "NORMAL"
				task:t = "FLY_WAYPOINT"
			}
		}
		way {

		}
	}
	armada {
		name:t = "t1_player11"
		tm:m = [[-0.953717, 0.0, 0.300706] [0.0, 1.0, 0.0] [-0.300706, 0.0, -0.953717] [-6345.55, 8794.95, 3784.9]]
		unit_class:t = "dummy_plane"
		closed_waypoints:b = false
		weapons:t = ""
		bullets0:t = ""
		bullets1:t = ""
		bullets2:t = ""
		bullets3:t = ""
		bulletsCount0:i = 0
		bulletsCount1:i = 0
		bulletsCount2:i = 0
		bulletsCount3:i = 0
		props {
			army:i = 2
			free_distance:r = 70
			floating_distance:r = 50
			minimum_distance_to_earth:r = 20
			altLimit:r = 6000
			attack_type:t = "fire_at_will"
			skill:i = 4
			count:i = 1
			uniqueName:t = ""
			player:b = true
			plane {
				wing_formation:t = "Diamond"
				row_distances:r = 1.5
				col_distances:r = 1.5
				super_formation:t = "Diamond"
				super_row_distances:r = 1.5
				super_col_distances:r = 1.5
				ai_skill:t = "NORMAL"
				task:t = "FLY_WAYPOINT"
			}
		}
		way {

		}
	}
	armada {
		name:t = "t1_player12"
		tm:m = [[-0.953717, 0.0, 0.300706] [0.0, 1.0, 0.0] [-0.300706, 0.0, -0.953717] [-6358.3, 8794.95, 3851.1]]
		unit_class:t = "dummy_plane"
		closed_waypoints:b = false
		weapons:t = ""
		bullets0:t = ""
		bullets1:t = ""
		bullets2:t = ""
		bullets3:t = ""
		bulletsCount0:i = 0
		bulletsCount1:i = 0
		bulletsCount2:i = 0
		bulletsCount3:i = 0
		props {
			army:i = 2
			free_distance:r = 70
			floating_distance:r = 50
			minimum_distance_to_earth:r = 20
			altLimit:r = 6000
			attack_type:t = "fire_at_will"
			skill:i = 4
			count:i = 1
			uniqueName:t = ""
			player:b = true
			plane {
				wing_formation:t = "Diamond"
				row_distances:r = 1.5
				col_distances:r = 1.5
				super_formation:t = "Diamond"
				super_row_distances:r = 1.5
				super_col_distances:r = 1.5
				ai_skill:t = "NORMAL"
				task:t = "FLY_WAYPOINT"
			}
		}
		way {

		}
	}
	armada {
		name:t = "t1_player13"
		tm:m = [[-0.953717, 0.0, 0.300706] [0.0, 1.0, 0.0] [-0.300706, 0.0, -0.953717] [-6357.4, 8794.95, 3926.0]]
		unit_class:t = "dummy_plane"
		closed_waypoints:b = false
		weapons:t = ""
		bullets0:t = ""
		bullets1:t = ""
		bullets2:t = ""
		bullets3:t = ""
		bulletsCount0:i = 0
		bulletsCount1:i = 0
		bulletsCount2:i = 0
		bulletsCount3:i = 0
		props {
			army:i = 2
			free_distance:r = 70
			floating_distance:r = 50
			minimum_distance_to_earth:r = 20
			altLimit:r = 6000
			attack_type:t = "fire_at_will"
			skill:i = 4
			count:i = 1
			uniqueName:t = ""
			player:b = true
			plane {
				wing_formation:t = "Diamond"
				row_distances:r = 1.5
				col_distances:r = 1.5
				super_formation:t = "Diamond"
				super_row_distances:r = 1.5
				super_col_distances:r = 1.5
				ai_skill:t = "NORMAL"
				task:t = "FLY_WAYPOINT"
			}
		}
		way {

		}
	}
	armada {
		name:t = "t1_player14"
		tm:m = [[-0.953717, 0.0, 0.300706] [0.0, 1.0, 0.0] [-0.300706, 0.0, -0.953717] [-6357.4, 8794.95, 3978.5]]
		unit_class:t = "dummy_plane"
		closed_waypoints:b = false
		weapons:t = ""
		bullets0:t = ""
		bullets1:t = ""
		bullets2:t = ""
		bullets3:t = ""
		bulletsCount0:i = 0
		bulletsCount1:i = 0
		bulletsCount2:i = 0
		bulletsCount3:i = 0
		props {
			army:i = 2
			free_distance:r = 70
			floating_distance:r = 50
			minimum_distance_to_earth:r = 20
			altLimit:r = 6000
			attack_type:t = "fire_at_will"
			skill:i = 4
			count:i = 1
			uniqueName:t = ""
			player:b = true
			plane {
				wing_formation:t = "Diamond"
				row_distances:r = 1.5
				col_distances:r = 1.5
				super_formation:t = "Diamond"
				super_row_distances:r = 1.5
				super_col_distances:r = 1.5
				ai_skill:t = "NORMAL"
				task:t = "FLY_WAYPOINT"
			}
		}
		way {

		}
	}
	armada {
		name:t = "t1_player15"
		tm:m = [[-0.953717, 0.0, 0.300706] [0.0, 1.0, 0.0] [-0.300706, 0.0, -0.953717] [-6356.7, 8794.95, 4035.75]]
		unit_class:t = "dummy_plane"
		closed_waypoints:b = false
		weapons:t = ""
		bullets0:t = ""
		bullets1:t = ""
		bullets2:t = ""
		bullets3:t = ""
		bulletsCount0:i = 0
		bulletsCount1:i = 0
		bulletsCount2:i = 0
		bulletsCount3:i = 0
		props {
			army:i = 2
			free_distance:r = 70
			floating_distance:r = 50
			minimum_distance_to_earth:r = 20
			altLimit:r = 6000
			attack_type:t = "fire_at_will"
			skill:i = 4
			count:i = 1
			uniqueName:t = ""
			player:b = true
			plane {
				wing_formation:t = "Diamond"
				row_distances:r = 1.5
				col_distances:r = 1.5
				super_formation:t = "Diamond"
				super_row_distances:r = 1.5
				super_col_distances:r = 1.5
				ai_skill:t = "NORMAL"
				task:t = "FLY_WAYPOINT"
			}
		}
		way {

		}
	}
	armada {
		name:t = "t1_player16"
		tm:m = [[-0.953717, 0.0, 0.300706] [0.0, 1.0, 0.0] [-0.300706, 0.0, -0.953717] [-6357.3, 8794.95, 4106.15]]
		unit_class:t = "dummy_plane"
		closed_waypoints:b = false
		weapons:t = ""
		bullets0:t = ""
		bullets1:t = ""
		bullets2:t = ""
		bullets3:t = ""
		bulletsCount0:i = 0
		bulletsCount1:i = 0
		bulletsCount2:i = 0
		bulletsCount3:i = 0
		props {
			army:i = 2
			free_distance:r = 70
			floating_distance:r = 50
			minimum_distance_to_earth:r = 20
			altLimit:r = 6000
			attack_type:t = "fire_at_will"
			skill:i = 4
			count:i = 1
			uniqueName:t = ""
			player:b = true
			plane {
				wing_formation:t = "Diamond"
				row_distances:r = 1.5
				col_distances:r = 1.5
				super_formation:t = "Diamond"
				super_row_distances:r = 1.5
				super_col_distances:r = 1.5
				ai_skill:t = "NORMAL"
				task:t = "FLY_WAYPOINT"
			}
		}
		way {

		}
	}
	armada {
		name:t = "t1_player17"
		tm:m = [[-0.953717, 0.0, 0.300706] [0.0, 1.0, 0.0] [-0.300706, 0.0, -0.953717] [-6368.5, 8794.95, 4186.85]]
		unit_class:t = "dummy_plane"
		closed_waypoints:b = false
		weapons:t = ""
		bullets0:t = ""
		bullets1:t = ""
		bullets2:t = ""
		bullets3:t = ""
		bulletsCount0:i = 0
		bulletsCount1:i = 0
		bulletsCount2:i = 0
		bulletsCount3:i = 0
		props {
			army:i = 2
			free_distance:r = 70
			floating_distance:r = 50
			minimum_distance_to_earth:r = 20
			altLimit:r = 6000
			attack_type:t = "fire_at_will"
			skill:i = 4
			count:i = 1
			uniqueName:t = ""
			player:b = true
			plane {
				wing_formation:t = "Diamond"
				row_distances:r = 1.5
				col_distances:r = 1.5
				super_formation:t = "Diamond"
				super_row_distances:r = 1.5
				super_col_distances:r = 1.5
				ai_skill:t = "NORMAL"
				task:t = "FLY_WAYPOINT"
			}
		}
		way {

		}
	}
	armada {
		name:t = "t2_player01"
		tm:m = [[-0.953717, 0.0, 0.300706] [0.0, 1.0, 0.0] [-0.300706, 0.0, -0.953717] [-6206.55, 8794.95, 4009.6]]
		unit_class:t = "dummy_plane"
		closed_waypoints:b = false
		weapons:t = ""
		bullets0:t = ""
		bullets1:t = ""
		bullets2:t = ""
		bullets3:t = ""
		bulletsCount0:i = 0
		bulletsCount1:i = 0
		bulletsCount2:i = 0
		bulletsCount3:i = 0
		props {
			army:i = 2
			free_distance:r = 70
			floating_distance:r = 50
			minimum_distance_to_earth:r = 20
			altLimit:r = 6000
			attack_type:t = "fire_at_will"
			skill:i = 4
			count:i = 1
			uniqueName:t = ""
			player:b = true
			plane {
				wing_formation:t = "Diamond"
				row_distances:r = 1.5
				col_distances:r = 1.5
				super_formation:t = "Diamond"
				super_row_distances:r = 1.5
				super_col_distances:r = 1.5
				ai_skill:t = "NORMAL"
				task:t = "FLY_WAYPOINT"
			}
		}
		way {

		}
	}
	armada {
		name:t = "t2_player02"
		tm:m = [[-0.953717, 0.0, 0.300706] [0.0, 1.0, 0.0] [-0.300706, 0.0, -0.953717] [-6209.5, 8794.95, 4029.0]]
		unit_class:t = "dummy_plane"
		closed_waypoints:b = false
		weapons:t = ""
		bullets0:t = ""
		bullets1:t = ""
		bullets2:t = ""
		bullets3:t = ""
		bulletsCount0:i = 0
		bulletsCount1:i = 0
		bulletsCount2:i = 0
		bulletsCount3:i = 0
		props {
			army:i = 2
			free_distance:r = 70
			floating_distance:r = 50
			minimum_distance_to_earth:r = 20
			altLimit:r = 6000
			attack_type:t = "fire_at_will"
			skill:i = 4
			count:i = 1
			uniqueName:t = ""
			player:b = true
			plane {
				wing_formation:t = "Diamond"
				row_distances:r = 1.5
				col_distances:r = 1.5
				super_formation:t = "Diamond"
				super_row_distances:r = 1.5
				super_col_distances:r = 1.5
				ai_skill:t = "NORMAL"
				task:t = "FLY_WAYPOINT"
			}
		}
		way {

		}
	}
	armada {
		name:t = "t2_player03"
		tm:m = [[-0.953717, 0.0, 0.300706] [0.0, 1.0, 0.0] [-0.300706, 0.0, -0.953717] [-6209.25, 8794.95, 4095.6]]
		unit_class:t = "dummy_plane"
		closed_waypoints:b = false
		weapons:t = ""
		bullets0:t = ""
		bullets1:t = ""
		bullets2:t = ""
		bullets3:t = ""
		bulletsCount0:i = 0
		bulletsCount1:i = 0
		bulletsCount2:i = 0
		bulletsCount3:i = 0
		props {
			army:i = 2
			free_distance:r = 70
			floating_distance:r = 50
			minimum_distance_to_earth:r = 20
			altLimit:r = 6000
			attack_type:t = "fire_at_will"
			skill:i = 4
			count:i = 1
			uniqueName:t = ""
			player:b = true
			plane {
				wing_formation:t = "Diamond"
				row_distances:r = 1.5
				col_distances:r = 1.5
				super_formation:t = "Diamond"
				super_row_distances:r = 1.5
				super_col_distances:r = 1.5
				ai_skill:t = "NORMAL"
				task:t = "FLY_WAYPOINT"
			}
		}
		way {

		}
	}
	armada {
		name:t = "t2_player04"
		tm:m = [[-0.953717, 0.0, 0.300706] [0.0, 1.0, 0.0] [-0.300706, 0.0, -0.953717] [-6210.3, 8794.95, 4123.9]]
		unit_class:t = "dummy_plane"
		closed_waypoints:b = false
		weapons:t = ""
		bullets0:t = ""
		bullets1:t = ""
		bullets2:t = ""
		bullets3:t = ""
		bulletsCount0:i = 0
		bulletsCount1:i = 0
		bulletsCount2:i = 0
		bulletsCount3:i = 0
		props {
			army:i = 2
			free_distance:r = 70
			floating_distance:r = 50
			minimum_distance_to_earth:r = 20
			altLimit:r = 6000
			attack_type:t = "fire_at_will"
			skill:i = 4
			count:i = 1
			uniqueName:t = ""
			player:b = true
			plane {
				wing_formation:t = "Diamond"
				row_distances:r = 1.5
				col_distances:r = 1.5
				super_formation:t = "Diamond"
				super_row_distances:r = 1.5
				super_col_distances:r = 1.5
				ai_skill:t = "NORMAL"
				task:t = "FLY_WAYPOINT"
			}
		}
		way {

		}
	}
	armada {
		name:t = "t2_player05"
		tm:m = [[-0.953717, 0.0, 0.300706] [0.0, 1.0, 0.0] [-0.300706, 0.0, -0.953717] [-6221.35, 8794.95, 4175.55]]
		unit_class:t = "dummy_plane"
		closed_waypoints:b = false
		weapons:t = ""
		bullets0:t = ""
		bullets1:t = ""
		bullets2:t = ""
		bullets3:t = ""
		bulletsCount0:i = 0
		bulletsCount1:i = 0
		bulletsCount2:i = 0
		bulletsCount3:i = 0
		props {
			army:i = 2
			free_distance:r = 70
			floating_distance:r = 50
			minimum_distance_to_earth:r = 20
			altLimit:r = 6000
			attack_type:t = "fire_at_will"
			skill:i = 4
			count:i = 1
			uniqueName:t = ""
			player:b = true
			plane {
				wing_formation:t = "Diamond"
				row_distances:r = 1.5
				col_distances:r = 1.5
				super_formation:t = "Diamond"
				super_row_distances:r = 1.5
				super_col_distances:r = 1.5
				ai_skill:t = "NORMAL"
				task:t = "FLY_WAYPOINT"
			}
		}
		way {

		}
	}
	armada {
		name:t = "t2_player06"
		tm:m = [[-0.953717, 0.0, 0.300706] [0.0, 1.0, 0.0] [-0.300706, 0.0, -0.953717] [-6229.0, 8794.95, 4209.75]]
		unit_class:t = "dummy_plane"
		closed_waypoints:b = false
		weapons:t = ""
		bullets0:t = ""
		bullets1:t = ""
		bullets2:t = ""
		bullets3:t = ""
		bulletsCount0:i = 0
		bulletsCount1:i = 0
		bulletsCount2:i = 0
		bulletsCount3:i = 0
		props {
			army:i = 2
			free_distance:r = 70
			floating_distance:r = 50
			minimum_distance_to_earth:r = 20
			altLimit:r = 6000
			attack_type:t = "fire_at_will"
			skill:i = 4
			count:i = 1
			uniqueName:t = ""
			player:b = true
			plane {
				wing_formation:t = "Diamond"
				row_distances:r = 1.5
				col_distances:r = 1.5
				super_formation:t = "Diamond"
				super_row_distances:r = 1.5
				super_col_distances:r = 1.5
				ai_skill:t = "NORMAL"
				task:t = "FLY_WAYPOINT"
			}
		}
		way {

		}
	}
	armada {
		name:t = "t2_player07"
		tm:m = [[-0.953717, 0.0, 0.300706] [0.0, 1.0, 0.0] [-0.300706, 0.0, -0.953717] [-6241.35, 8794.95, 4258.55]]
		unit_class:t = "dummy_plane"
		closed_waypoints:b = false
		weapons:t = ""
		bullets0:t = ""
		bullets1:t = ""
		bullets2:t = ""
		bullets3:t = ""
		bulletsCount0:i = 0
		bulletsCount1:i = 0
		bulletsCount2:i = 0
		bulletsCount3:i = 0
		props {
			army:i = 2
			free_distance:r = 70
			floating_distance:r = 50
			minimum_distance_to_earth:r = 20
			altLimit:r = 6000
			attack_type:t = "fire_at_will"
			skill:i = 4
			count:i = 1
			uniqueName:t = ""
			player:b = true
			plane {
				wing_formation:t = "Diamond"
				row_distances:r = 1.5
				col_distances:r = 1.5
				super_formation:t = "Diamond"
				super_row_distances:r = 1.5
				super_col_distances:r = 1.5
				ai_skill:t = "NORMAL"
				task:t = "FLY_WAYPOINT"
			}
		}
		way {

		}
	}
	armada {
		name:t = "t2_player08"
		tm:m = [[-0.953717, 0.0, 0.300706] [0.0, 1.0, 0.0] [-0.300706, 0.0, -0.953717] [-6257.15, 8794.95, 4329.35]]
		unit_class:t = "dummy_plane"
		closed_waypoints:b = false
		weapons:t = ""
		bullets0:t = ""
		bullets1:t = ""
		bullets2:t = ""
		bullets3:t = ""
		bulletsCount0:i = 0
		bulletsCount1:i = 0
		bulletsCount2:i = 0
		bulletsCount3:i = 0
		props {
			army:i = 2
			free_distance:r = 70
			floating_distance:r = 50
			minimum_distance_to_earth:r = 20
			altLimit:r = 6000
			attack_type:t = "fire_at_will"
			skill:i = 4
			count:i = 1
			uniqueName:t = ""
			player:b = true
			plane {
				wing_formation:t = "Diamond"
				row_distances:r = 1.5
				col_distances:r = 1.5
				super_formation:t = "Diamond"
				super_row_distances:r = 1.5
				super_col_distances:r = 1.5
				ai_skill:t = "NORMAL"
				task:t = "FLY_WAYPOINT"
			}
		}
		way {

		}
	}
	armada {
		name:t = "t2_player09"
		tm:m = [[-0.953717, 0.0, 0.300706] [0.0, 1.0, 0.0] [-0.300706, 0.0, -0.953717] [-6269.15, 8794.95, 4402.1]]
		unit_class:t = "dummy_plane"
		closed_waypoints:b = false
		weapons:t = ""
		bullets0:t = ""
		bullets1:t = ""
		bullets2:t = ""
		bullets3:t = ""
		bulletsCount0:i = 0
		bulletsCount1:i = 0
		bulletsCount2:i = 0
		bulletsCount3:i = 0
		props {
			army:i = 2
			free_distance:r = 70
			floating_distance:r = 50
			minimum_distance_to_earth:r = 20
			altLimit:r = 6000
			attack_type:t = "fire_at_will"
			skill:i = 4
			count:i = 1
			uniqueName:t = ""
			player:b = true
			plane {
				wing_formation:t = "Diamond"
				row_distances:r = 1.5
				col_distances:r = 1.5
				super_formation:t = "Diamond"
				super_row_distances:r = 1.5
				super_col_distances:r = 1.5
				ai_skill:t = "NORMAL"
				task:t = "FLY_WAYPOINT"
			}
		}
		way {

		}
	}
	armada {
		name:t = "t2_player10"
		tm:m = [[-0.953717, 0.0, 0.300706] [0.0, 1.0, 0.0] [-0.300706, 0.0, -0.953717] [-6279.7, 8794.95, 4465.35]]
		unit_class:t = "dummy_plane"
		closed_waypoints:b = false
		weapons:t = ""
		bullets0:t = ""
		bullets1:t = ""
		bullets2:t = ""
		bullets3:t = ""
		bulletsCount0:i = 0
		bulletsCount1:i = 0
		bulletsCount2:i = 0
		bulletsCount3:i = 0
		props {
			army:i = 2
			free_distance:r = 70
			floating_distance:r = 50
			minimum_distance_to_earth:r = 20
			altLimit:r = 6000
			attack_type:t = "fire_at_will"
			skill:i = 4
			count:i = 1
			uniqueName:t = ""
			player:b = true
			plane {
				wing_formation:t = "Diamond"
				row_distances:r = 1.5
				col_distances:r = 1.5
				super_formation:t = "Diamond"
				super_row_distances:r = 1.5
				super_col_distances:r = 1.5
				ai_skill:t = "NORMAL"
				task:t = "FLY_WAYPOINT"
			}
		}
		way {

		}
	}
	armada {
		name:t = "t2_player11"
		tm:m = [[-0.953717, 0.0, 0.300706] [0.0, 1.0, 0.0] [-0.300706, 0.0, -0.953717] [-6293.55, 8794.95, 4516.2]]
		unit_class:t = "dummy_plane"
		closed_waypoints:b = false
		weapons:t = ""
		bullets0:t = ""
		bullets1:t = ""
		bullets2:t = ""
		bullets3:t = ""
		bulletsCount0:i = 0
		bulletsCount1:i = 0
		bulletsCount2:i = 0
		bulletsCount3:i = 0
		props {
			army:i = 2
			free_distance:r = 70
			floating_distance:r = 50
			minimum_distance_to_earth:r = 20
			altLimit:r = 6000
			attack_type:t = "fire_at_will"
			skill:i = 4
			count:i = 1
			uniqueName:t = ""
			player:b = true
			plane {
				wing_formation:t = "Diamond"
				row_distances:r = 1.5
				col_distances:r = 1.5
				super_formation:t = "Diamond"
				super_row_distances:r = 1.5
				super_col_distances:r = 1.5
				ai_skill:t = "NORMAL"
				task:t = "FLY_WAYPOINT"
			}
		}
		way {

		}
	}
	armada {
		name:t = "t2_player12"
		tm:m = [[-0.953717, 0.0, 0.300706] [0.0, 1.0, 0.0] [-0.300706, 0.0, -0.953717] [-6303.8, 8794.95, 4565.75]]
		unit_class:t = "dummy_plane"
		closed_waypoints:b = false
		weapons:t = ""
		bullets0:t = ""
		bullets1:t = ""
		bullets2:t = ""
		bullets3:t = ""
		bulletsCount0:i = 0
		bulletsCount1:i = 0
		bulletsCount2:i = 0
		bulletsCount3:i = 0
		props {
			army:i = 2
			free_distance:r = 70
			floating_distance:r = 50
			minimum_distance_to_earth:r = 20
			altLimit:r = 6000
			attack_type:t = "fire_at_will"
			skill:i = 4
			count:i = 1
			uniqueName:t = ""
			player:b = true
			plane {
				wing_formation:t = "Diamond"
				row_distances:r = 1.5
				col_distances:r = 1.5
				super_formation:t = "Diamond"
				super_row_distances:r = 1.5
				super_col_distances:r = 1.5
				ai_skill:t = "NORMAL"
				task:t = "FLY_WAYPOINT"
			}
		}
		way {

		}
	}
	armada {
		name:t = "t2_player13"
		tm:m = [[-0.953717, 0.0, 0.300706] [0.0, 1.0, 0.0] [-0.300706, 0.0, -0.953717] [-6315.75, 8794.95, 4609.15]]
		unit_class:t = "dummy_plane"
		closed_waypoints:b = false
		weapons:t = ""
		bullets0:t = ""
		bullets1:t = ""
		bullets2:t = ""
		bullets3:t = ""
		bulletsCount0:i = 0
		bulletsCount1:i = 0
		bulletsCount2:i = 0
		bulletsCount3:i = 0
		props {
			army:i = 2
			free_distance:r = 70
			floating_distance:r = 50
			minimum_distance_to_earth:r = 20
			altLimit:r = 6000
			attack_type:t = "fire_at_will"
			skill:i = 4
			count:i = 1
			uniqueName:t = ""
			player:b = true
			plane {
				wing_formation:t = "Diamond"
				row_distances:r = 1.5
				col_distances:r = 1.5
				super_formation:t = "Diamond"
				super_row_distances:r = 1.5
				super_col_distances:r = 1.5
				ai_skill:t = "NORMAL"
				task:t = "FLY_WAYPOINT"
			}
		}
		way {

		}
	}
	armada {
		name:t = "t2_player14"
		tm:m = [[-0.953717, 0.0, 0.300706] [0.0, 1.0, 0.0] [-0.300706, 0.0, -0.953717] [-6330.25, 8794.95, 4662.6]]
		unit_class:t = "dummy_plane"
		closed_waypoints:b = false
		weapons:t = ""
		bullets0:t = ""
		bullets1:t = ""
		bullets2:t = ""
		bullets3:t = ""
		bulletsCount0:i = 0
		bulletsCount1:i = 0
		bulletsCount2:i = 0
		bulletsCount3:i = 0
		props {
			army:i = 2
			free_distance:r = 70
			floating_distance:r = 50
			minimum_distance_to_earth:r = 20
			altLimit:r = 6000
			attack_type:t = "fire_at_will"
			skill:i = 4
			count:i = 1
			uniqueName:t = ""
			player:b = true
			plane {
				wing_formation:t = "Diamond"
				row_distances:r = 1.5
				col_distances:r = 1.5
				super_formation:t = "Diamond"
				super_row_distances:r = 1.5
				super_col_distances:r = 1.5
				ai_skill:t = "NORMAL"
				task:t = "FLY_WAYPOINT"
			}
		}
		way {

		}
	}
	armada {
		name:t = "t2_player15"
		tm:m = [[-0.953717, 0.0, 0.300706] [0.0, 1.0, 0.0] [-0.300706, 0.0, -0.953717] [-6345.0, 8794.95, 4717.05]]
		unit_class:t = "dummy_plane"
		closed_waypoints:b = false
