selected_tag:t = ""
bin_dump_file:t = ""
mission_settings {
	atmosphere {
		pressure:r = 760
		temperature:r = 0
	}
	player {
		army:i = 1
		wing:t = "t1_player01"
		wing:t = "t1_player02"
		wing:t = "t1_player03"
		wing:t = "t1_player04"
		wing:t = "t1_player05"
		wing:t = "t1_player06"
		wing:t = "t1_player07"
		wing:t = "t1_player08"
		wing:t = "t1_player09"
		wing:t = "t1_player10"
		wing:t = "t1_player11"
		wing:t = "t1_player12"
		wing:t = "t1_player13"
		wing:t = "t1_player14"
		wing:t = "t1_player15"
		wing:t = "t1_player16"
		wing:t = "t1_player17"
	}
	player_teamB {
		army:i = 2
		wing:t = "t2_player01"
		wing:t = "t2_player02"
		wing:t = "t2_player03"
		wing:t = "t2_player04"
		wing:t = "t2_player05"
		wing:t = "t2_player06"
		wing:t = "t2_player07"
		wing:t = "t2_player08"
		wing:t = "t2_player09"
		wing:t = "t2_player10"
		wing:t = "t2_player11"
		wing:t = "t2_player12"
		wing:t = "t2_player13"
		wing:t = "t2_player14"
		wing:t = "t2_player15"
		wing:t = "t2_player16"
	}
	mission {
		level:t = "levels/air_race_phiphi_islands.bin"
		type:t = "domination"
		restoreType:t = "attempts"
		optionalTakeOff:b = false
		environment:t = "Day"
		weather:t = "hazy"
		killLimit:i = 10
		timeLimit:i = 30
		gt_race:b = true
		raceLaps:i = 1
		raceWinners:i = 1
		raceForceCannotShoot:b = true
		country_axis:t = "germany"
		country_allies:t = "ussr"
		difficulty:t = ""
		openDiffLevels:b = true
		missionType {
			_Dom:b = false
			_Conq:b = false
			_Bttl:b = false
			_Bto:b = false
			_v1_race_straight:b = true
			_v1_race_inverted:b = true
		}
	}
	spectator_points {

	}
}
imports {
	import_record {
		file:t = "gameData/missions/templates/air_race_basic_template.blk"
		importAreas:b = true
		importUnits:b = true
		importTriggers:b = true
		importMissionObjectives:b = true
		showAreas:b = true
		showUnits:b = true
		showTriggers:b = true
		showMissionObjectives:b = true
		excludes {

		}
	}
}
triggers {
	isCategory:b = true
	is_enabled:b = true
	start_mission_environment {
		is_enabled:b = true
		comments:t = ""
		props {
			actionsType:t = "PERFORM_ONE_BY_ONE"
			conditionsType:t = "ALL"
			enableAfterComplete:b = false
		}
		events {
			periodicEvent {
				time:r = 0
			}
		}
		conditions {

		}
		actions {
			unitSetProperties {
				object:t = "all_units_squad"
				accuracy:r = 0.2
				speed:r = 40
				lockSpeed:b = true
				effShootingRate:r = 0
			}
			unitAttackTarget {
				playerAttracted:b = false
				object:t = "t1_environment_tank_01"
				target:t = "t2_environment_tank_01"
				fireRandom:b = true
			}
			unitAttackTarget {
				playerAttracted:b = false
				object:t = "t2_environment_tank_01"
				target:t = "t1_environment_tank_01"
				fireRandom:b = true
			}
			unitAttackTarget {
				playerAttracted:b = false
				object:t = "t1_environment_tank_02"
				target:t = "t2_environment_tank_02"
				fireRandom:b = true
			}
			unitAttackTarget {
				playerAttracted:b = false
				object:t = "t2_environment_tank_02"
				target:t = "t1_environment_tank_02"
				fireRandom:b = true
			}
			unitAttackTarget {
				playerAttracted:b = false
				object:t = "t1_environment_tank_03"
				target:t = "t2_environment_tank_03"
				fireRandom:b = true
			}
			unitAttackTarget {
				playerAttracted:b = false
				object:t = "t2_environment_tank_03"
				target:t = "t1_environment_tank_03"
				fireRandom:b = true
			}
			unitSetStealth {
				set:b = true
				radius:r = 0
				target:t = "all_units_squad"
			}
		}
		else_actions {

		}
	}
}
mission_objectives {
	isCategory:b = true
	is_enabled:b = true
	phiphi_race_mission_objective {
		is_enabled:b = false
		comments:t = ""
		type:t = "abstractMissionObjective"
		props {
			isPrimary:b = true
			timeLimit:i = 50
			scoreConst:i = 100
			scoreTime:i = 400
			team:t = "Both"
		}
		onSuccess {

		}
		onFailed {

		}
	}
}
variables {

}
dialogs {

}
airfields {

}
effects {

}
units {
	armada {
		name:t = "t1_player01"
		tm:m = [[0.160525, 0.0, 0.987032] [0.0, 1.0, 0.0] [-0.987032, 0.0, 0.160525] [6343.26, 5018.28, -10659.1]]
		closed_waypoints:b = false
		unit_class:t = "ki_61_1a_hei"
		weapons:t = ""
		bullets0:t = ""
		bullets1:t = ""
		bullets2:t = ""
		bullets3:t = ""
		bulletsCount0:i = 0
		bulletsCount1:i = 0
		bulletsCount2:i = 0
		bulletsCount3:i = 0
		props {
			army:i = 2
			free_distance:r = 70
			floating_distance:r = 50
			minimum_distance_to_earth:r = 20
			altLimit:r = 6000
			attack_type:t = "fire_at_will"
			skill:i = 4
			count:i = 1
			uniqueName:t = ""
			player:b = true
			plane {
				wing_formation:t = "Diamond"
				row_distances:r = 1.5
				col_distances:r = 1.5
				super_formation:t = "Diamond"
				super_row_distances:r = 1.5
				super_col_distances:r = 1.5
				ai_skill:t = "NORMAL"
				task:t = "FLY_WAYPOINT"
			}
		}
		way {

		}
	}
	armada {
		name:t = "t1_player02"
		tm:m = [[-0.953717, 0.0, 0.300706] [0.0, 1.0, 0.0] [-0.300706, 0.0, -0.953717] [-6339.9, 6069.5, 3656.2]]
		closed_waypoints:b = false
		unit_class:t = "dummy_plane"
		weapons:t = ""
		bullets0:t = ""
		bullets1:t = ""
		bullets2:t = ""
		bullets3:t = ""
		bulletsCount0:i = 0
		bulletsCount1:i = 0
		bulletsCount2:i = 0
		bulletsCount3:i = 0
		props {
			army:i = 2
			free_distance:r = 70
			floating_distance:r = 50
			minimum_distance_to_earth:r = 20
			altLimit:r = 6000
			attack_type:t = "fire_at_will"
			skill:i = 4
			count:i = 1
			uniqueName:t = ""
			player:b = true
			plane {
				wing_formation:t = "Diamond"
				row_distances:r = 1.5
				col_distances:r = 1.5
				super_formation:t = "Diamond"
				super_row_distances:r = 1.5
				super_col_distances:r = 1.5
				ai_skill:t = "NORMAL"
				task:t = "FLY_WAYPOINT"
			}
		}
		way {

		}
	}
	armada {
		name:t = "t1_player03"
		tm:m = [[-0.953717, 0.0, 0.300706] [0.0, 1.0, 0.0] [-0.300706, 0.0, -0.953717] [-6369.97, 6069.5, 3560.83]]
		closed_waypoints:b = false
		unit_class:t = "dummy_plane"
		weapons:t = ""
		bullets0:t = ""
		bullets1:t = ""
		bullets2:t = ""
		bullets3:t = ""
		bulletsCount0:i = 0
		bulletsCount1:i = 0
		bulletsCount2:i = 0
		bulletsCount3:i = 0
		props {
			army:i = 2
			free_distance:r = 70
			floating_distance:r = 50
			minimum_distance_to_earth:r = 20
			altLimit:r = 6000
			attack_type:t = "fire_at_will"
			skill:i = 4
			count:i = 1
			uniqueName:t = ""
			player:b = true
			plane {
				wing_formation:t = "Diamond"
				row_distances:r = 1.5
				col_distances:r = 1.5
				super_formation:t = "Diamond"
				super_row_distances:r = 1.5
				super_col_distances:r = 1.5
				ai_skill:t = "NORMAL"
				task:t = "FLY_WAYPOINT"
			}
		}
		way {

		}
	}
	armada {
		name:t = "t1_player04"
		tm:m = [[-0.953717, 0.0, 0.300706] [0.0, 1.0, 0.0] [-0.300706, 0.0, -0.953717] [-6400.04, 6069.5, 3465.46]]
		closed_waypoints:b = false
		unit_class:t = "dummy_plane"
		weapons:t = ""
		bullets0:t = ""
		bullets1:t = ""
		bullets2:t = ""
		bullets3:t = ""
		bulletsCount0:i = 0
		bulletsCount1:i = 0
		bulletsCount2:i = 0
		bulletsCount3:i = 0
		props {
			army:i = 2
			free_distance:r = 70
			floating_distance:r = 50
			minimum_distance_to_earth:r = 20
			altLimit:r = 6000
			attack_type:t = "fire_at_will"
			skill:i = 4
			count:i = 1
			uniqueName:t = ""
			player:b = true
			plane {
				wing_formation:t = "Diamond"
				row_distances:r = 1.5
				col_distances:r = 1.5
				super_formation:t = "Diamond"
				super_row_distances:r = 1.5
				super_col_distances:r = 1.5
				ai_skill:t = "NORMAL"
				task:t = "FLY_WAYPOINT"
			}
		}
		way {

		}
	}
	armada {
		name:t = "t1_player05"
		tm:m = [[-0.953717, 0.0, 0.300706] [0.0, 1.0, 0.0] [-0.300706, 0.0, -0.953717] [-6430.11, 6069.5, 3370.08]]
		closed_waypoints:b = false
		unit_class:t = "dummy_plane"
		weapons:t = ""
		bullets0:t = ""
		bullets1:t = ""
		bullets2:t = ""
		bullets3:t = ""
		bulletsCount0:i = 0
		bulletsCount1:i = 0
		bulletsCount2:i = 0
		bulletsCount3:i = 0
		props {
			army:i = 2
			free_distance:r = 70
			floating_distance:r = 50
			minimum_distance_to_earth:r = 20
			altLimit:r = 6000
			attack_type:t = "fire_at_will"
			skill:i = 4
			count:i = 1
			uniqueName:t = ""
			player:b = true
			plane {
				wing_formation:t = "Diamond"
				row_distances:r = 1.5
				col_distances:r = 1.5
				super_formation:t = "Diamond"
				super_row_distances:r = 1.5
				super_col_distances:r = 1.5
				ai_skill:t = "NORMAL"
				task:t = "FLY_WAYPOINT"
			}
		}
		way {

		}
	}
	armada {
		name:t = "t1_player06"
		tm:m = [[-0.953717, 0.0, 0.300706] [0.0, 1.0, 0.0] [-0.300706, 0.0, -0.953717] [-6460.18, 6069.5, 3274.71]]
		closed_waypoints:b = false
		unit_class:t = "dummy_plane"
		weapons:t = ""
		bullets0:t = ""
		bullets1:t = ""
		bullets2:t = ""
		bullets3:t = ""
		bulletsCount0:i = 0
		bulletsCount1:i = 0
		bulletsCount2:i = 0
		bulletsCount3:i = 0
		props {
			army:i = 2
			free_distance:r = 70
			floating_distance:r = 50
			minimum_distance_to_earth:r = 20
			altLimit:r = 6000
			attack_type:t = "fire_at_will"
			skill:i = 4
			count:i = 1
			uniqueName:t = ""
			player:b = true
			plane {
				wing_formation:t = "Diamond"
				row_distances:r = 1.5
				col_distances:r = 1.5
				super_formation:t = "Diamond"
				super_row_distances:r = 1.5
				super_col_distances:r = 1.5
				ai_skill:t = "NORMAL"
				task:t = "FLY_WAYPOINT"
			}
		}
		way {

		}
	}
	armada {
		name:t = "t1_player07"
		tm:m = [[-0.953717, 0.0, 0.300706] [0.0, 1.0, 0.0] [-0.300706, 0.0, -0.953717] [-6490.26, 6069.5, 3179.34]]
		closed_waypoints:b = false
		unit_class:t = "dummy_plane"
		weapons:t = ""
		bullets0:t = ""
		bullets1:t = ""
		bullets2:t = ""
		bullets3:t = ""
		bulletsCount0:i = 0
		bulletsCount1:i = 0
		bulletsCount2:i = 0
		bulletsCount3:i = 0
		props {
			army:i = 2
			free_distance:r = 70
			floating_distance:r = 50
			minimum_distance_to_earth:r = 20
			altLimit:r = 6000
			attack_type:t = "fire_at_will"
			skill:i = 4
			count:i = 1
			uniqueName:t = ""
			player:b = true
			plane {
				wing_formation:t = "Diamond"
				row_distances:r = 1.5
				col_distances:r = 1.5
				super_formation:t = "Diamond"
				super_row_distances:r = 1.5
				super_col_distances:r = 1.5
				ai_skill:t = "NORMAL"
				task:t = "FLY_WAYPOINT"
			}
		}
		way {

		}
	}
	armada {
		name:t = "t1_player08"
		tm:m = [[-0.953717, 0.0, 0.300706] [0.0, 1.0, 0.0] [-0.300706, 0.0, -0.953717] [-6418.35, 6069.5, 3193.9]]
		closed_waypoints:b = false
		unit_class:t = "dummy_plane"
		weapons:t = ""
		bullets0:t = ""
		bullets1:t = ""
		bullets2:t = ""
		bullets3:t = ""
		bulletsCount0:i = 0
		bulletsCount1:i = 0
		bulletsCount2:i = 0
		bulletsCount3:i = 0
		props {
			army:i = 2
			free_distance:r = 70
			floating_distance:r = 50
			minimum_distance_to_earth:r = 20
			altLimit:r = 6000
			attack_type:t = "fire_at_will"
			skill:i = 4
			count:i = 1
			uniqueName:t = ""
			player:b = true
			plane {
				wing_formation:t = "Diamond"
				row_distances:r = 1.5
				col_distances:r = 1.5
				super_formation:t = "Diamond"
				super_row_distances:r = 1.5
				super_col_distances:r = 1.5
				ai_skill:t = "NORMAL"
				task:t = "FLY_WAYPOINT"
			}
		}
		way {

		}
	}
	tankModels {
		name:t = "t1_environment_tank_01"
		tm:m = [[0.766044, 0.0, 0.642788] [0.0, 1.0, 0.0] [-0.642788, 0.0, 0.766044] [-1549.0, 98.2096, 2540.35]]
		closed_waypoints:b = false
		unit_class:t = "germ_pzkpfw_IV_ausf_C"
		weapons:t = "germ_pzkpfw_IV_ausf_C_default"
		objLayer:i = 1
		bullets0:t = ""
		bullets1:t = ""
		bullets2:t = ""
		bullets3:t = ""
		bulletsCount0:i = 900
		bulletsCount1:i = 0
		bulletsCount2:i = 0
		bulletsCount3:i = 0
		props {
			army:i = 2
			count:i = 5
			formation_type:t = "rows"
			formation_div:i = 1
			formation_step:p2 = 8, 8
			formation_noise:p2 = 0.1, 0.1
			uniqueName:t = ""
			attack_type:t = "fire_at_will"
		}
		way {
			environment_tank_01_wp_01 {
				type:t = "normal"
				tm:m = [[1.0, 0.0, 0.0] [0.0, 1.0, 0.0] [0.0, 0.0, 1.0] [1030.95, 80.95, 1218.65]]
				props {
					speed:r = 300
					moveType:t = "MOVETO_STRAIGHT"
					shouldKeepFormation:b = false
				}
			}
			environment_tank_01_wp_02 {
				type:t = "normal"
				tm:m = [[1.0, 0.0, 0.0] [0.0, 1.0, 0.0] [0.0, 0.0, 1.0] [1044.15, 77.4, 1280.3]]
				props {
					speed:r = 300
					moveType:t = "MOVETO_STRAIGHT"
					shouldKeepFormation:b = false
				}
			}
		}
	}
	tankModels {
		name:t = "t2_environment_tank_01"
		tm:m = [[-0.819152, 0.0, -0.573576] [0.0, 1.0, 0.0] [0.573576, 0.0, -0.819152] [-1280.2, 141.565, 2917.15]]
		closed_waypoints:b = false
		unit_class:t = "ussr_t_34_1941"
		weapons:t = "ussr_t_34_1941_default"
		objLayer:i = 1
		bullets0:t = ""
		bullets1:t = ""
		bullets2:t = ""
		bullets3:t = ""
		bulletsCount0:i = 900
		bulletsCount1:i = 0
		bulletsCount2:i = 0
		bulletsCount3:i = 0
		props {
			army:i = 1
			count:i = 6
			formation_type:t = "rows"
			formation_div:i = 1
			formation_step:p2 = 8, 8
			formation_noise:p2 = 0.2, -0.3
			uniqueName:t = ""
			attack_type:t = "fire_at_will"
		}
		way {
			environment_tank_02_wp_02 {
				type:t = "normal"
				tm:m = [[1.0, 0.0, 0.0] [0.0, 1.0, 0.0] [0.0, 0.0, 1.0] [1228.85, 71.6, 1642.15]]
				props {
					speed:r = 300
					moveType:t = "MOVETO_STRAIGHT"
					shouldKeepFormation:b = false
				}
			}
			environment_tank_02_wp_03 {
				type:t = "normal"
				tm:m = [[1.0, 0.0, 0.0] [0.0, 1.0, 0.0] [0.0, 0.0, 1.0] [1207.75, 72.3, 1621.45]]
				props {
					speed:r = 300
					moveType:t = "MOVETO_STRAIGHT"
					shouldKeepFormation:b = false
				}
			}
		}
	}
	tankModels {
		name:t = "t1_environment_tank_02"
		tm:m = [[0.965926, 0.0, -0.258819] [0.0, 1.0, 0.0] [0.258819, 0.0, 0.965926] [-1757.9, 60.9706, 2128.35]]
		closed_waypoints:b = false
		unit_class:t = "germ_pzkpfw_IV_ausf_C"
		weapons:t = "germ_pzkpfw_IV_ausf_C_default"
		objLayer:i = 1
		bullets0:t = ""
		bullets1:t = ""
		bullets2:t = ""
		bullets3:t = ""
		bulletsCount0:i = 900
		bulletsCount1:i = 0
		bulletsCount2:i = 0
		bulletsCount3:i = 0
		props {
			army:i = 2
			count:i = 3
			formation_type:t = "rows"
			formation_div:i = 1
			formation_step:p2 = 8, 8
			formation_noise:p2 = 0.3, 0.4
			uniqueName:t = ""
			attack_type:t = "fire_at_will"
		}
		way {
			t1_environment_tank_02_wp_03 {
				type:t = "normal"
				tm:m = [[1.0, 0.0, 0.0] [0.0, 1.0, 0.0] [0.0, 0.0, 1.0] [-1659.5, 55.0829, 2094.35]]
				props {
					speed:r = 300
					moveType:t = "MOVETO_STRAIGHT"
					shouldKeepFormation:b = false
				}
			}
			t1_environment_tank_02_wp_01 {
				type:t = "normal"
				tm:m = [[1.0, 0.0, 0.0] [0.0, 1.0, 0.0] [0.0, 0.0, 1.0] [-1639.65, 53.7882, 2088.15]]
				props {
					speed:r = 300
					moveType:t = "MOVETO_STRAIGHT"
					shouldKeepFormation:b = false
				}
			}
		}
	}
	tankModels {
		name:t = "t2_environment_tank_02"
		tm:m = [[-0.887011, 0.0, 0.461749] [0.0, 1.0, 0.0] [-0.461749, 0.0, -0.887011] [-1238.95, 8.71382, 1968.6]]
		closed_waypoints:b = false
		unit_class:t = "ussr_t_34_1941"
		weapons:t = "ussr_t_34_1941_default"
		objLayer:i = 1
		bullets0:t = ""
		bullets1:t = ""
		bullets2:t = ""
		bullets3:t = ""
		bulletsCount0:i = 900
		bulletsCount1:i = 0
		bulletsCount2:i = 0
		bulletsCount3:i = 0
		props {
			army:i = 1
			count:i = 3
			formation_type:t = "rows"
			formation_div:i = 1
			formation_step:p2 = 8, 5
			formation_noise:p2 = 0.2, -0.3
			uniqueName:t = ""
			attack_type:t = "fire_at_will"
		}
		way {
			t2_environment_tank_02_wp_01 {
				type:t = "normal"
				tm:m = [[1.0, 0.0, 0.0] [0.0, 1.0, 0.0] [0.0, 0.0, 1.0] [-1275.35, 9.41757, 1983.3]]
				props {
					speed:r = 300
					moveType:t = "MOVETO_STRAIGHT"
					shouldKeepFormation:b = false
				}
			}
			t2_environment_tank_02_wp_02 {
				type:t = "normal"
				tm:m = [[1.0, 0.0, 0.0] [0.0, 1.0, 0.0] [0.0, 0.0, 1.0] [-1311.75, 13.494, 1998.15]]
				props {
					speed:r = 300
					moveType:t = "MOVETO_STRAIGHT"
					shouldKeepFormation:b = false
				}
			}
		}
	}
	tankModels {
		name:t = "t1_environment_tank_03"
		tm:m = [[0.642788, 0.0, -0.766044] [0.0, 1.0, 0.0] [0.766044, 0.0, 0.642788] [-2087.45, 53.3458, 1871.3]]
		closed_waypoints:b = false
		unit_class:t = "germ_pzkpfw_IV_ausf_C"
		weapons:t = "germ_pzkpfw_IV_ausf_C_default"
		objLayer:i = 1
		bullets0:t = ""
		bullets1:t = ""
		bullets2:t = ""
		bullets3:t = ""
		bulletsCount0:i = 900
		bulletsCount1:i = 0
		bulletsCount2:i = 0
		bulletsCount3:i = 0
		props {
			army:i = 2
			count:i = 5
			formation_type:t = "rows"
			formation_div:i = 1
			formation_step:p2 = 8, 8
			formation_noise:p2 = 0.5, 0.5
			uniqueName:t = ""
			attack_type:t = "fire_at_will"
		}
		way {
			t1_environment_tank_03_wp_01 {
				type:t = "normal"
				tm:m = [[1.0, 0.0, 0.0] [0.0, 1.0, 0.0] [0.0, 0.0, 1.0] [-2037.05, 37.7425, 1771.15]]
				props {
					speed:r = 300
					moveType:t = "MOVETO_STRAIGHT"
					shouldKeepFormation:b = false
				}
			}
			t1_environment_tank_03_wp_02 {
				type:t = "normal"
				tm:m = [[1.0, 0.0, 0.0] [0.0, 1.0, 0.0] [0.0, 0.0, 1.0] [-1949.25, 37.4784, 1731.8]]
				props {
					speed:r = 300
					moveType:t = "MOVETO_STRAIGHT"
					shouldKeepFormation:b = false
				}
			}
			t1_environment_tank_03_wp_03 {
				type:t = "normal"
				tm:m = [[1.0, 0.0, 0.0] [0.0, 1.0, 0.0] [0.0, 0.0, 1.0] [-1929.95, 37.1933, 1712.6]]
				props {
					speed:r = 300
					moveType:t = "MOVETO_STRAIGHT"
					shouldKeepFormation:b = false
				}
			}
		}
	}
	tankModels {
		name:t = "t2_environment_tank_03"
		tm:m = [[-0.887011, 0.0, 0.461749] [0.0, 1.0, 0.0] [-0.461749, 0.0, -0.887011] [-1483.23, 35.9257, 1469.51]]
		closed_waypoints:b = false
		unit_class:t = "ussr_t_34_1941"
		weapons:t = "ussr_t_34_1941_default"
		objLayer:i = 1
		bullets0:t = ""
		bullets1:t = ""
		bullets2:t = ""
		bullets3:t = ""
		bulletsCount0:i = 900
		bulletsCount1:i = 0
		bulletsCount2:i = 0
		bulletsCount3:i = 0
		props {
			army:i = 1
			count:i = 5
			formation_type:t = "rows"
			formation_div:i = 1
			formation_step:p2 = 8, 5
			formation_noise:p2 = 0.2, -0.3
			uniqueName:t = ""
			attack_type:t = "fire_at_will"
		}
		way {
			t2_environment_tank_03_wp_01 {
				type:t = "normal"
				tm:m = [[1.0, 0.0, 0.0] [0.0, 1.0, 0.0] [0.0, 0.0, 1.0] [-1556.01, 37.456, 1537.29]]
				props {
					speed:r = 300
					moveType:t = "MOVETO_STRAIGHT"
					shouldKeepFormation:b = false
				}
			}
			t2_environment_tank_03_wp_02 {
				type:t = "normal"
				tm:m = [[1.0, 0.0, 0.0] [0.0, 1.0, 0.0] [0.0, 0.0, 1.0] [-1601.7, 34.1552, 1550.05]]
				props {
					speed:r = 300
					moveType:t = "MOVETO_STRAIGHT"
					shouldKeepFormation:b = false
				}
			}
			t2_environment_tank_03_wp_03 {
				type:t = "normal"
				tm:m = [[1.0, 0.0, 0.0] [0.0, 1.0, 0.0] [0.0, 0.0, 1.0] [-1696.21, 35.1725, 1569.51]]
				props {
					speed:r = 300
					moveType:t = "MOVETO_STRAIGHT"
					shouldKeepFormation:b = false
				}
			}
		}
	}
	armada {
		name:t = "t1_player09"
		tm:m = [[-0.953717, 0.0, 0.300706] [0.0, 1.0, 0.0] [-0.300706, 0.0, -0.953717] [-6340.4, 6069.5, 3687.85]]
		closed_waypoints:b = false
		unit_class:t = "dummy_plane"
		weapons:t = ""
		bullets0:t = ""
		bullets1:t = ""
		bullets2:t = ""
		bullets3:t = ""
		bulletsCount0:i = 0
		bulletsCount1:i = 0
		bulletsCount2:i = 0
		bulletsCount3:i = 0
		props {
			army:i = 2
			free_distance:r = 70
			floating_distance:r = 50
			minimum_distance_to_earth:r = 20
			altLimit:r = 6000
			attack_type:t = "fire_at_will"
			skill:i = 4
			count:i = 1
			uniqueName:t = ""
			player:b = true
			plane {
				wing_formation:t = "Diamond"
				row_distances:r = 1.5
				col_distances:r = 1.5
				super_formation:t = "Diamond"
				super_row_distances:r = 1.5
				super_col_distances:r = 1.5
				ai_skill:t = "NORMAL"
				task:t = "FLY_WAYPOINT"
			}
		}
		way {

		}
	}
	armada {
		name:t = "t1_player10"
		tm:m = [[-0.953717, 0.0, 0.300706] [0.0, 1.0, 0.0] [-0.300706, 0.0, -0.953717] [-6344.3, 6069.5, 3738.75]]
		closed_waypoints:b = false
		unit_class:t = "dummy_plane"
		weapons:t = ""
		bullets0:t = ""
		bullets1:t = ""
		bullets2:t = ""
		bullets3:t = ""
		bulletsCount0:i = 0
		bulletsCount1:i = 0
		bulletsCount2:i = 0
		bulletsCount3:i = 0
		props {
			army:i = 2
			free_distance:r = 70
			floating_distance:r = 50
			minimum_distance_to_earth:r = 20
			altLimit:r = 6000
			attack_type:t = "fire_at_will"
			skill:i = 4
			count:i = 1
			uniqueName:t = ""
			player:b = true
			plane {
				wing_formation:t = "Diamond"
				row_distances:r = 1.5
				col_distances:r = 1.5
				super_formation:t = "Diamond"
				super_row_distances:r = 1.5
				super_col_distances:r = 1.5
				ai_skill:t = "NORMAL"
				task:t = "FLY_WAYPOINT"
			}
		}
		way {

		}
	}
	armada {
		name:t = "t1_player11"
		tm:m = [[-0.953717, 0.0, 0.300706] [0.0, 1.0, 0.0] [-0.300706, 0.0, -0.953717] [-6345.55, 6069.5, 3784.9]]
		closed_waypoints:b = false
		unit_class:t = "dummy_plane"
		weapons:t = ""
		bullets0:t = ""
		bullets1:t = ""
		bullets2:t = ""
		bullets3:t = ""
		bulletsCount0:i = 0
		bulletsCount1:i = 0
		bulletsCount2:i = 0
		bulletsCount3:i = 0
		props {
			army:i = 2
			free_distance:r = 70
			floating_distance:r = 50
			minimum_distance_to_earth:r = 20
			altLimit:r = 6000
			attack_type:t = "fire_at_will"
			skill:i = 4
			count:i = 1
			uniqueName:t = ""
			player:b = true
			plane {
				wing_formation:t = "Diamond"
				row_distances:r = 1.5
				col_distances:r = 1.5
				super_formation:t = "Diamond"
				super_row_distances:r = 1.5
				super_col_distances:r = 1.5
				ai_skill:t = "NORMAL"
				task:t = "FLY_WAYPOINT"
			}
		}
		way {

		}
	}
	armada {
		name:t = "t1_player12"
		tm:m = [[-0.953717, 0.0, 0.300706] [0.0, 1.0, 0.0] [-0.300706, 0.0, -0.953717] [-6358.3, 6069.5, 3851.1]]
		closed_waypoints:b = false
		unit_class:t = "dummy_plane"
		weapons:t = ""
		bullets0:t = ""
		bullets1:t = ""
		bullets2:t = ""
		bullets3:t = ""
		bulletsCount0:i = 0
		bulletsCount1:i = 0
		bulletsCount2:i = 0
		bulletsCount3:i = 0
		props {
			army:i = 2
			free_distance:r = 70
			floating_distance:r = 50
			minimum_distance_to_earth:r = 20
			altLimit:r = 6000
			attack_type:t = "fire_at_will"
			skill:i = 4
			count:i = 1
			uniqueName:t = ""
			player:b = true
			plane {
				wing_formation:t = "Diamond"
				row_distances:r = 1.5
				col_distances:r = 1.5
				super_formation:t = "Diamond"
				super_row_distances:r = 1.5
				super_col_distances:r = 1.5
				ai_skill:t = "NORMAL"
				task:t = "FLY_WAYPOINT"
			}
		}
		way {

		}
	}
	armada {
		name:t = "t1_player13"
		tm:m = [[-0.953717, 0.0, 0.300706] [0.0, 1.0, 0.0] [-0.300706, 0.0, -0.953717] [-6357.4, 6069.5, 3926.0]]
		closed_waypoints:b = false
		unit_class:t = "dummy_plane"
		weapons:t = ""
		bullets0:t = ""
		bullets1:t = ""
		bullets2:t = ""
		bullets3:t = ""
		bulletsCount0:i = 0
		bulletsCount1:i = 0
		bulletsCount2:i = 0
		bulletsCount3:i = 0
		props {
			army:i = 2
			free_distance:r = 70
			floating_distance:r = 50
			minimum_distance_to_earth:r = 20
			altLimit:r = 6000
			attack_type:t = "fire_at_will"
			skill:i = 4
			count:i = 1
			uniqueName:t = ""
			player:b = true
			plane {
				wing_formation:t = "Diamond"
				row_distances:r = 1.5
				col_distances:r = 1.5
				super_formation:t = "Diamond"
				super_row_distances:r = 1.5
				super_col_distances:r = 1.5
				ai_skill:t = "NORMAL"
				task:t = "FLY_WAYPOINT"
			}
		}
		way {

		}
	}
	armada {
		name:t = "t1_player14"
		tm:m = [[-0.953717, 0.0, 0.300706] [0.0, 1.0, 0.0] [-0.300706, 0.0, -0.953717] [-6357.4, 6069.5, 3978.5]]
		closed_waypoints:b = false
		unit_class:t = "dummy_plane"
		weapons:t = ""
		bullets0:t = ""
		bullets1:t = ""
		bullets2:t = ""
		bullets3:t = ""
		bulletsCount0:i = 0
		bulletsCount1:i = 0
		bulletsCount2:i = 0
		bulletsCount3:i = 0
		props {
			army:i = 2
			free_distance:r = 70
			floating_distance:r = 50
			minimum_distance_to_earth:r = 20
			altLimit:r = 6000
			attack_type:t = "fire_at_will"
			skill:i = 4
			count:i = 1
			uniqueName:t = ""
			player:b = true
			plane {
				wing_formation:t = "Diamond"
				row_distances:r = 1.5
				col_distances:r = 1.5
				super_formation:t = "Diamond"
				super_row_distances:r = 1.5
				super_col_distances:r = 1.5
				ai_skill:t = "NORMAL"
				task:t = "FLY_WAYPOINT"
			}
		}
		way {

		}
	}
	armada {
		name:t = "t1_player15"
		tm:m = [[-0.953717, 0.0, 0.300706] [0.0, 1.0, 0.0] [-0.300706, 0.0, -0.953717] [-6356.7, 6069.5, 4035.75]]
		closed_waypoints:b = false
		unit_class:t = "dummy_plane"
		weapons:t = ""
		bullets0:t = ""
		bullets1:t = ""
		bullets2:t = ""
		bullets3:t = ""
		bulletsCount0:i = 0
		bulletsCount1:i = 0
		bulletsCount2:i = 0
		bulletsCount3:i = 0
		props {
			army:i = 2
			free_distance:r = 70
			floating_distance:r = 50
			minimum_distance_to_earth:r = 20
			altLimit:r = 6000
			attack_type:t = "fire_at_will"
			skill:i = 4
			count:i = 1
			uniqueName:t = ""
			player:b = true
			plane {
				wing_formation:t = "Diamond"
				row_distances:r = 1.5
				col_distances:r = 1.5
				super_formation:t = "Diamond"
				super_row_distances:r = 1.5
				super_col_distances:r = 1.5
				ai_skill:t = "NORMAL"
				task:t = "FLY_WAYPOINT"
			}
		}
		way {

		}
	}
	armada {
		name:t = "t1_player16"
		tm:m = [[-0.953717, 0.0, 0.300706] [0.0, 1.0, 0.0] [-0.300706, 0.0, -0.953717] [-6357.3, 6069.5, 4106.15]]
		closed_waypoints:b = false
		unit_class:t = "dummy_plane"
		weapons:t = ""
		bullets0:t = ""
		bullets1:t = ""
		bullets2:t = ""
		bullets3:t = ""
		bulletsCount0:i = 0
		bulletsCount1:i = 0
		bulletsCount2:i = 0
		bulletsCount3:i = 0
		props {
			army:i = 2
			free_distance:r = 70
			floating_distance:r = 50
			minimum_distance_to_earth:r = 20
			altLimit:r = 6000
			attack_type:t = "fire_at_will"
			skill:i = 4
			count:i = 1
			uniqueName:t = ""
			player:b = true
			plane {
				wing_formation:t = "Diamond"
				row_distances:r = 1.5
				col_distances:r = 1.5
				super_formation:t = "Diamond"
				super_row_distances:r = 1.5
				super_col_distances:r = 1.5
				ai_skill:t = "NORMAL"
				task:t = "FLY_WAYPOINT"
			}
		}
		way {

		}
	}
	armada {
		name:t = "t1_player17"
		tm:m = [[-0.953717, 0.0, 0.300706] [0.0, 1.0, 0.0] [-0.300706, 0.0, -0.953717] [-6368.5, 6069.5, 4186.85]]
		closed_waypoints:b = false
		unit_class:t = "dummy_plane"
		weapons:t = ""
		bullets0:t = ""
		bullets1:t = ""
		bullets2:t = ""
		bullets3:t = ""
		bulletsCount0:i = 0
		bulletsCount1:i = 0
		bulletsCount2:i = 0
		bulletsCount3:i = 0
		props {
			army:i = 2
			free_distance:r = 70
			floating_distance:r = 50
			minimum_distance_to_earth:r = 20
			altLimit:r = 6000
			attack_type:t = "fire_at_will"
			skill:i = 4
			count:i = 1
			uniqueName:t = ""
			player:b = true
			plane {
				wing_formation:t = "Diamond"
				row_distances:r = 1.5
				col_distances:r = 1.5
				super_formation:t = "Diamond"
				super_row_distances:r = 1.5
				super_col_distances:r = 1.5
				ai_skill:t = "NORMAL"
				task:t = "FLY_WAYPOINT"
			}
		}
		way {

		}
	}
	armada {
		name:t = "t2_player01"
		tm:m = [[-0.953717, 0.0, 0.300706] [0.0, 1.0, 0.0] [-0.300706, 0.0, -0.953717] [-6206.55, 6069.5, 4009.6]]
		closed_waypoints:b = false
		unit_class:t = "dummy_plane"
		weapons:t = ""
		bullets0:t = ""
		bullets1:t = ""
		bullets2:t = ""
		bullets3:t = ""
		bulletsCount0:i = 0
		bulletsCount1:i = 0
		bulletsCount2:i = 0
		bulletsCount3:i = 0
		props {
			army:i = 2
			free_distance:r = 70
			floating_distance:r = 50
			minimum_distance_to_earth:r = 20
			altLimit:r = 6000
			attack_type:t = "fire_at_will"
			skill:i = 4
			count:i = 1
			uniqueName:t = ""
			player:b = true
			plane {
				wing_formation:t = "Diamond"
				row_distances:r = 1.5
				col_distances:r = 1.5
				super_formation:t = "Diamond"
				super_row_distances:r = 1.5
				super_col_distances:r = 1.5
				ai_skill:t = "NORMAL"
				task:t = "FLY_WAYPOINT"
			}
		}
		way {

		}
	}
	armada {
		name:t = "t2_player02"
		tm:m = [[-0.953717, 0.0, 0.300706] [0.0, 1.0, 0.0] [-0.300706, 0.0, -0.953717] [-6209.5, 6069.5, 4029.0]]
		closed_waypoints:b = false
		unit_class:t = "dummy_plane"
		weapons:t = ""
		bullets0:t = ""
		bullets1:t = ""
		bullets2:t = ""
		bullets3:t = ""
		bulletsCount0:i = 0
		bulletsCount1:i = 0
		bulletsCount2:i = 0
		bulletsCount3:i = 0
		props {
			army:i = 2
			free_distance:r = 70
			floating_distance:r = 50
			minimum_distance_to_earth:r = 20
			altLimit:r = 6000
			attack_type:t = "fire_at_will"
			skill:i = 4
			count:i = 1
			uniqueName:t = ""
			player:b = true
			plane {
				wing_formation:t = "Diamond"
				row_distances:r = 1.5
				col_distances:r = 1.5
				super_formation:t = "Diamond"
				super_row_distances:r = 1.5
				super_col_distances:r = 1.5
				ai_skill:t = "NORMAL"
				task:t = "FLY_WAYPOINT"
			}
		}
		way {

		}
	}
	armada {
		name:t = "t2_player03"
		tm:m = [[-0.953717, 0.0, 0.300706] [0.0, 1.0, 0.0] [-0.300706, 0.0, -0.953717] [-6209.25, 6069.5, 4095.6]]
		closed_waypoints:b = false
		unit_class:t = "dummy_plane"
		weapons:t = ""
		bullets0:t = ""
		bullets1:t = ""
		bullets2:t = ""
		bullets3:t = ""
		bulletsCount0:i = 0
		bulletsCount1:i = 0
		bulletsCount2:i = 0
		bulletsCount3:i = 0
		props {
			army:i = 2
			free_distance:r = 70
			floating_distance:r = 50
			minimum_distance_to_earth:r = 20
			altLimit:r = 6000
			attack_type:t = "fire_at_will"
			skill:i = 4
			count:i = 1
			uniqueName:t = ""
			player:b = true
			plane {
				wing_formation:t = "Diamond"
				row_distances:r = 1.5
				col_distances:r = 1.5
				super_formation:t = "Diamond"
				super_row_distances:r = 1.5
				super_col_distances:r = 1.5
				ai_skill:t = "NORMAL"
				task:t = "FLY_WAYPOINT"
			}
		}
		way {

		}
	}
	armada {
		name:t = "t2_player04"
		tm:m = [[-0.953717, 0.0, 0.300706] [0.0, 1.0, 0.0] [-0.300706, 0.0, -0.953717] [-6210.3, 6069.5, 4123.9]]
		closed_waypoints:b = false
		unit_class:t = "dummy_plane"
		weapons:t = ""
		bullets0:t = ""
		bullets1:t = ""
		bullets2:t = ""
		bullets3:t = ""
		bulletsCount0:i = 0
		bulletsCount1:i = 0
		bulletsCount2:i = 0
		bulletsCount3:i = 0
		props {
			army:i = 2
			free_distance:r = 70
			floating_distance:r = 50
			minimum_distance_to_earth:r = 20
			altLimit:r = 6000
			attack_type:t = "fire_at_will"
			skill:i = 4
			count:i = 1
			uniqueName:t = ""
			player:b = true
			plane {
				wing_formation:t = "Diamond"
				row_distances:r = 1.5
				col_distances:r = 1.5
				super_formation:t = "Diamond"
				super_row_distances:r = 1.5
				super_col_distances:r = 1.5
				ai_skill:t = "NORMAL"
				task:t = "FLY_WAYPOINT"
			}
		}
		way {

		}
	}
	armada {
		name:t = "t2_player05"
		tm:m = [[-0.953717, 0.0, 0.300706] [0.0, 1.0, 0.0] [-0.300706, 0.0, -0.953717] [-6221.35, 6069.5, 4175.55]]
		closed_waypoints:b = false
		unit_class:t = "dummy_plane"
		weapons:t = ""
		bullets0:t = ""
		bullets1:t = ""
		bullets2:t = ""
		bullets3:t = ""
		bulletsCount0:i = 0
		bulletsCount1:i = 0
		bulletsCount2:i = 0
		bulletsCount3:i = 0
		props {
			army:i = 2
			free_distance:r = 70
			floating_distance:r = 50
			minimum_distance_to_earth:r = 20
			altLimit:r = 6000
			attack_type:t = "fire_at_will"
			skill:i = 4
			count:i = 1
			uniqueName:t = ""
			player:b = true
			plane {
				wing_formation:t = "Diamond"
				row_distances:r = 1.5
				col_distances:r = 1.5
				super_formation:t = "Diamond"
				super_row_distances:r = 1.5
				super_col_distances:r = 1.5
				ai_skill:t = "NORMAL"
				task:t = "FLY_WAYPOINT"
			}
		}
		way {

		}
	}
	armada {
		name:t = "t2_player06"
		tm:m = [[-0.953717, 0.0, 0.300706] [0.0, 1.0, 0.0] [-0.300706, 0.0, -0.953717] [-6229.0, 6069.5, 4209.75]]
		closed_waypoints:b = false
		unit_class:t = "dummy_plane"
		weapons:t = ""
		bullets0:t = ""
		bullets1:t = ""
		bullets2:t = ""
		bullets3:t = ""
		bulletsCount0:i = 0
		bulletsCount1:i = 0
		bulletsCount2:i = 0
		bulletsCount3:i = 0
		props {
			army:i = 2
			free_distance:r = 70
			floating_distance:r = 50
			minimum_distance_to_earth:r = 20
			altLimit:r = 6000
			attack_type:t = "fire_at_will"
			skill:i = 4
			count:i = 1
			uniqueName:t = ""
			player:b = true
			plane {
				wing_formation:t = "Diamond"
				row_distances:r = 1.5
				col_distances:r = 1.5
				super_formation:t = "Diamond"
				super_row_distances:r = 1.5
				super_col_distances:r = 1.5
				ai_skill:t = "NORMAL"
				task:t = "FLY_WAYPOINT"
			}
		}
		way {

		}
	}
	armada {
		name:t = "t2_player07"
		tm:m = [[-0.953717, 0.0, 0.300706] [0.0, 1.0, 0.0] [-0.300706, 0.0, -0.953717] [-6241.35, 6069.5, 4258.55]]
		closed_waypoints:b = false
		unit_class:t = "dummy_plane"
		weapons:t = ""
		bullets0:t = ""
		bullets1:t = ""
		bullets2:t = ""
		bullets3:t = ""
		bulletsCount0:i = 0
		bulletsCount1:i = 0
		bulletsCount2:i = 0
		bulletsCount3:i = 0
		props {
			army:i = 2
			free_distance:r = 70
			floating_distance:r = 50
			minimum_distance_to_earth:r = 20
			altLimit:r = 6000
			attack_type:t = "fire_at_will"
			skill:i = 4
			count:i = 1
			uniqueName:t = ""
			player:b = true
			plane {
				wing_formation:t = "Diamond"
				row_distances:r = 1.5
				col_distances:r = 1.5
				super_formation:t = "Diamond"
				super_row_distances:r = 1.5
				super_col_distances:r = 1.5
				ai_skill:t = "NORMAL"
				task:t = "FLY_WAYPOINT"
			}
		}
		way {

		}
	}
	armada {
		name:t = "t2_player08"
		tm:m = [[-0.953717, 0.0, 0.300706] [0.0, 1.0, 0.0] [-0.300706, 0.0, -0.953717] [-6257.15, 6069.5, 4329.35]]
		closed_waypoints:b = false
		unit_class:t = "dummy_plane"
		weapons:t = ""
		bullets0:t = ""
		bullets1:t = ""
		bullets2:t = ""
		bullets3:t = ""
		bulletsCount0:i = 0
		bulletsCount1:i = 0
		bulletsCount2:i = 0
		bulletsCount3:i = 0
		props {
			army:i = 2
			free_distance:r = 70
			floating_distance:r = 50
			minimum_distance_to_earth:r = 20
			altLimit:r = 6000
			attack_type:t = "fire_at_will"
			skill:i = 4
			count:i = 1
			uniqueName:t = ""
			player:b = true
			plane {
				wing_formation:t = "Diamond"
				row_distances:r = 1.5
				col_distances:r = 1.5
				super_formation:t = "Diamond"
				super_row_distances:r = 1.5
				super_col_distances:r = 1.5
				ai_skill:t = "NORMAL"
				task:t = "FLY_WAYPOINT"
			}
		}
		way {

		}
	}
	armada {
		name:t = "t2_player09"
		tm:m = [[-0.953717, 0.0, 0.300706] [0.0, 1.0, 0.0] [-0.300706, 0.0, -0.953717] [-6269.15, 6069.5, 4402.1]]
		closed_waypoints:b = false
		unit_class:t = "dummy_plane"
		weapons:t = ""
		bullets0:t = ""
		bullets1:t = ""
		bullets2:t = ""
		bullets3:t = ""
		bulletsCount0:i = 0
		bulletsCount1:i = 0
		bulletsCount2:i = 0
		bulletsCount3:i = 0
		props {
			army:i = 2
			free_distance:r = 70
			floating_distance:r = 50
			minimum_distance_to_earth:r = 20
			altLimit:r = 6000
			attack_type:t = "fire_at_will"
			skill:i = 4
			count:i = 1
			uniqueName:t = ""
			player:b = true
			plane {
				wing_formation:t = "Diamond"
				row_distances:r = 1.5
				col_distances:r = 1.5
				super_formation:t = "Diamond"
				super_row_distances:r = 1.5
				super_col_distances:r = 1.5
				ai_skill:t = "NORMAL"
				task:t = "FLY_WAYPOINT"
			}
		}
		way {

		}
	}
	armada {
		name:t = "t2_player10"
		tm:m = [[-0.953717, 0.0, 0.300706] [0.0, 1.0, 0.0] [-0.300706, 0.0, -0.953717] [-6279.7, 6069.5, 4465.35]]
		closed_waypoints:b = false
		unit_class:t = "dummy_plane"
		weapons:t = ""
		bullets0:t = ""
		bullets1:t = ""
		bullets2:t = ""
		bullets3:t = ""
		bulletsCount0:i = 0
		bulletsCount1:i = 0
		bulletsCount2:i = 0
		bulletsCount3:i = 0
		props {
			army:i = 2
			free_distance:r = 70
			floating_distance:r = 50
			minimum_distance_to_earth:r = 20
			altLimit:r = 6000
			attack_type:t = "fire_at_will"
			skill:i = 4
			count:i = 1
			uniqueName:t = ""
			player:b = true
			plane {
				wing_formation:t = "Diamond"
				row_distances:r = 1.5
				col_distances:r = 1.5
				super_formation:t = "Diamond"
				super_row_distances:r = 1.5
				super_col_distances:r = 1.5
				ai_skill:t = "NORMAL"
				task:t = "FLY_WAYPOINT"
			}
		}
		way {

		}
	}
	armada {
		name:t = "t2_player11"
		tm:m = [[-0.953717, 0.0, 0.300706] [0.0, 1.0, 0.0] [-0.300706, 0.0, -0.953717] [-6293.55, 6069.5, 4516.2]]
		closed_waypoints:b = false
		unit_class:t = "dummy_plane"
		weapons:t = ""
		bullets0:t = ""
		bullets1:t = ""
		bullets2:t = ""
		bullets3:t = ""
		bulletsCount0:i = 0
		bulletsCount1:i = 0
		bulletsCount2:i = 0
		bulletsCount3:i = 0
		props {
			army:i = 2
			free_distance:r = 70
			floating_distance:r = 50
			minimum_distance_to_earth:r = 20
			altLimit:r = 6000
			attack_type:t = "fire_at_will"
			skill:i = 4
			count:i = 1
			uniqueName:t = ""
			player:b = true
			plane {
				wing_formation:t = "Diamond"
				row_distances:r = 1.5
				col_distances:r = 1.5
				super_formation:t = "Diamond"
				super_row_distances:r = 1.5
				super_col_distances:r = 1.5
				ai_skill:t = "NORMAL"
				task:t = "FLY_WAYPOINT"
			}
		}
		way {

		}
	}
	armada {
		name:t = "t2_player12"
		tm:m = [[-0.953717, 0.0, 0.300706] [0.0, 1.0, 0.0] [-0.300706, 0.0, -0.953717] [-6303.8, 6069.5, 4565.75]]
		closed_waypoints:b = false
		unit_class:t = "dummy_plane"
		weapons:t = ""
		bullets0:t = ""
		bullets1:t = ""
		bullets2:t = ""
		bullets3:t = ""
		bulletsCount0:i = 0
		bulletsCount1:i = 0
		bulletsCount2:i = 0
		bulletsCount3:i = 0
		props {
			army:i = 2
			free_distance:r = 70
			floating_distance:r = 50
			minimum_distance_to_earth:r = 20
			altLimit:r = 6000
			attack_type:t = "fire_at_will"
			skill:i = 4
			count:i = 1
			uniqueName:t = ""
			player:b = true
			plane {
				wing_formation:t = "Diamond"
				row_distances:r = 1.5
				col_distances:r = 1.5
				super_formation:t = "Diamond"
				super_row_distances:r = 1.5
				super_col_distances:r = 1.5
				ai_skill:t = "NORMAL"
				task:t = "FLY_WAYPOINT"
			}
		}
		way {

		}
	}
	armada {
		name:t = "t2_player13"
		tm:m = [[-0.953717, 0.0, 0.300706] [0.0, 1.0, 0.0] [-0.300706, 0.0, -0.953717] [-6315.75, 6069.5, 4609.15]]
		closed_waypoints:b = false
		unit_class:t = "dummy_plane"
		weapons:t = ""
		bullets0:t = ""
		bullets1:t = ""
		bullets2:t = ""
		bullets3:t = ""
		bulletsCount0:i = 0
		bulletsCount1:i = 0
		bulletsCount2:i = 0
		bulletsCount3:i = 0
		props {
			army:i = 2
			free_distance:r = 70
			floating_distance:r = 50
			minimum_distance_to_earth:r = 20
			altLimit:r = 6000
			attack_type:t = "fire_at_will"
			skill:i = 4
			count:i = 1
			uniqueName:t = ""
			player:b = true
			plane {
				wing_formation:t = "Diamond"
				row_distances:r = 1.5
				col_distances:r = 1.5
				super_formation:t = "Diamond"
				super_row_distances:r = 1.5
				super_col_distances:r = 1.5
				ai_skill:t = "NORMAL"
				task:t = "FLY_WAYPOINT"
			}
		}
		way {

		}
	}
	armada {
		name:t = "t2_player14"
		tm:m = [[-0.953717, 0.0, 0.300706] [0.0, 1.0, 0.0] [-0.300706, 0.0, -0.953717] [-6330.25, 6069.5, 4662.6]]
		closed_waypoints:b = false
		unit_class:t = "dummy_plane"
		weapons:t = ""
		bullets0:t = ""
		bullets1:t = ""
		bullets2:t = ""
		bullets3:t = ""
		bulletsCount0:i = 0
		bulletsCount1:i = 0
		bulletsCount2:i = 0
		bulletsCount3:i = 0
		props {
			army:i = 2
			free_distance:r = 70
			floating_distance:r = 50
			minimum_distance_to_earth:r = 20
			altLimit:r = 6000
			attack_type:t = "fire_at_will"
			skill:i = 4
			count:i = 1
			uniqueName:t = ""
			player:b = true
			plane {
				wing_formation:t = "Diamond"
				row_distances:r = 1.5
				col_distances:r = 1.5
				super_formation:t = "Diamond"
				super_row_distances:r = 1.5
				super_col_distances:r = 1.5
				ai_skill:t = "NORMAL"
				task:t = "FLY_WAYPOINT"
			}
		}
		way {

		}
	}
	armada {
		name:t = "t2_player15"
		tm:m = [[-0.953717, 0.0, 0.300706] [0.0, 1.0, 0.0] [-0.300706, 0.0, -0.953717] [-6345.0, 6069.5, 4717.05]]
		closed_waypoints:b = false
		unit_class:t = "dummy_plane"
		weapons:t = ""
		bullets0:t = ""
		bullets1:t = ""
		bullets2:t = ""
		bullets3:t = ""
		bulletsCount0:i = 0
		bulletsCount1:i = 0
		bulletsCount2:i = 0
		bulletsCount3:i = 0
		props {
			army:i = 2
			free_distance:r = 70
			floating_distance:r = 50
			minimum_distance_to_earth:r = 20
			altLimit:r = 6000
			attack_type:t = "fire_at_will"
			skill:i = 4
			count:i = 1
			uniqueName:t = ""
			player:b = true
			plane {
				wing_formation:t = "Diamond"
				row_distances:r = 1.5
				col_distances:r = 1.5
				super_formation:t = "Diamond"
				super_row_distances:r = 1.5
				super_col_distances:r = 1.5
				ai_skill:t = "NORMAL"
