selected_tag:t = ""
bin_dump_file:t = ""
mission_settings {
	player {
		army:i = 1
	}
	player_teamB {
		army:i = 2
	}
	mission {
		level:t = "levels/air_smolensk.bin"
		type:t = "domination"
		environment:t = "Day"
		weather:t = "hazy"
		restoreType:t = "attempts"
		optionalTakeOff:b = false
	}
}
imports {
	import_record {
		file:t = "gameData/missions/templates/enduring_confrontation/bdt_bases_destroy_template.blk"
		importAreas:b = true
		importUnits:b = true
		importTriggers:b = true
		importMissionObjectives:b = true
		importWayPoints:b = true
		showAreas:b = true
		showUnits:b = true
		showTriggers:b = true
		showMissionObjectives:b = true
		showWayPoints:b = true
		excludes {

		}
	}
	import_record {
		file:t = "gameData/missions/templates/units_sets/land_sets_aaa_bases/bdt_t1_usa_rank_01.blk"
		rankRange:ip2 = 0, 4
		importAreas:b = true
		importUnits:b = true
		importTriggers:b = true
		importMissionObjectives:b = true
		importWayPoints:b = true
		showAreas:b = true
		showUnits:b = true
		showTriggers:b = true
		showMissionObjectives:b = true
		showWayPoints:b = true
		excludes {

		}
	}
	import_record {
		file:t = "gameData/missions/templates/units_sets/land_sets_aaa_bases/bdt_t1_usa_rank_02.blk"
		rankRange:ip2 = 5, 8
		importAreas:b = true
		importUnits:b = true
		importTriggers:b = true
		importMissionObjectives:b = true
		importWayPoints:b = true
		showAreas:b = true
		showUnits:b = true
		showTriggers:b = true
		showMissionObjectives:b = true
		showWayPoints:b = true
		excludes {

		}
	}
	import_record {
		file:t = "gameData/missions/templates/units_sets/land_sets_aaa_bases/bdt_t1_usa_rank_03.blk"
		rankRange:ip2 = 9, 13
		importAreas:b = true
		importUnits:b = true
		importTriggers:b = true
		importMissionObjectives:b = true
		importWayPoints:b = true
		showAreas:b = true
		showUnits:b = true
		showTriggers:b = true
		showMissionObjectives:b = true
		showWayPoints:b = true
		excludes {

		}
	}
	import_record {
		file:t = "gameData/missions/templates/units_sets/land_sets_aaa_bases/bdt_t1_usa_rank_04.blk"
		rankRange:ip2 = 14, 19
		importAreas:b = true
		importUnits:b = true
		importTriggers:b = true
		importMissionObjectives:b = true
		importWayPoints:b = true
		showAreas:b = true
		showUnits:b = true
		showTriggers:b = true
		showMissionObjectives:b = true
		showWayPoints:b = true
		excludes {

		}
	}
	import_record {
		file:t = "gameData/missions/templates/units_sets/land_sets_aaa_bases/bdt_t1_usa_rank_05.blk"
		rankRange:ip2 = 20, 24
		importAreas:b = true
		importUnits:b = true
		importTriggers:b = true
		importMissionObjectives:b = true
		importWayPoints:b = true
		showAreas:b = true
		showUnits:b = true
		showTriggers:b = true
		showMissionObjectives:b = true
		showWayPoints:b = true
		excludes {

		}
	}
	import_record {
		file:t = "gameData/missions/templates/units_sets/land_sets_aaa_bases/bdt_t1_usa_rank_06.blk"
		rankRange:ip2 = 25, 50
		importAreas:b = true
		importUnits:b = true
		importTriggers:b = true
		importMissionObjectives:b = true
		importWayPoints:b = true
		showAreas:b = true
		showUnits:b = true
		showTriggers:b = true
		showMissionObjectives:b = true
		showWayPoints:b = true
		excludes {

		}
	}
	import_record {
		file:t = "gameData/missions/templates/units_sets/land_sets_aaa_bases/bdt_t2_germ_rank_01.blk"
		rankRange:ip2 = 0, 4
		importAreas:b = true
		importUnits:b = true
		importTriggers:b = true
		importMissionObjectives:b = true
		importWayPoints:b = true
		showAreas:b = true
		showUnits:b = true
		showTriggers:b = true
		showMissionObjectives:b = true
		showWayPoints:b = true
		excludes {

		}
	}
	import_record {
		file:t = "gameData/missions/templates/units_sets/land_sets_aaa_bases/bdt_t2_germ_rank_02.blk"
		rankRange:ip2 = 5, 8
		importAreas:b = true
		importUnits:b = true
		importTriggers:b = true
		importMissionObjectives:b = true
		importWayPoints:b = true
		showAreas:b = true
		showUnits:b = true
		showTriggers:b = true
		showMissionObjectives:b = true
		showWayPoints:b = true
		excludes {

		}
	}
	import_record {
		file:t = "gameData/missions/templates/units_sets/land_sets_aaa_bases/bdt_t2_germ_rank_03.blk"
		rankRange:ip2 = 9, 13
		importAreas:b = true
		importUnits:b = true
		importTriggers:b = true
		importMissionObjectives:b = true
		importWayPoints:b = true
		showAreas:b = true
		showUnits:b = true
		showTriggers:b = true
		showMissionObjectives:b = true
		showWayPoints:b = true
		excludes {

		}
	}
	import_record {
		file:t = "gameData/missions/templates/units_sets/land_sets_aaa_bases/bdt_t2_germ_rank_04.blk"
		rankRange:ip2 = 14, 19
		importAreas:b = true
		importUnits:b = true
		importTriggers:b = true
		importMissionObjectives:b = true
		importWayPoints:b = true
		showAreas:b = true
		showUnits:b = true
		showTriggers:b = true
		showMissionObjectives:b = true
		showWayPoints:b = true
		excludes {

		}
	}
	import_record {
		file:t = "gameData/missions/templates/units_sets/land_sets_aaa_bases/bdt_t2_germ_rank_05.blk"
		rankRange:ip2 = 20, 24
		importAreas:b = true
		importUnits:b = true
		importTriggers:b = true
		importMissionObjectives:b = true
		importWayPoints:b = true
		showAreas:b = true
		showUnits:b = true
		showTriggers:b = true
		showMissionObjectives:b = true
		showWayPoints:b = true
		excludes {

		}
	}
	import_record {
		file:t = "gameData/missions/templates/units_sets/land_sets_aaa_bases/bdt_t2_germ_rank_06.blk"
		rankRange:ip2 = 25, 50
		importAreas:b = true
		importUnits:b = true
		importTriggers:b = true
		importMissionObjectives:b = true
		importWayPoints:b = true
		showAreas:b = true
		showUnits:b = true
		showTriggers:b = true
		showMissionObjectives:b = true
		showWayPoints:b = true
		excludes {

		}
	}
}
triggers {
	isCategory:b = true
	is_enabled:b = true
	bdt_part_init {
		is_enabled:b = true
		comments:t = ""
		props {
			actionsType:t = "PERFORM_ONE_BY_ONE"
			conditionsType:t = "ALL"
			enableAfterComplete:b = false
		}
		events {
			initMission {

			}
		}
		conditions {

		}
		actions {
			comment {
				value:t = "set max bases amount +1"
			}
			varSetInt {
				value:i = 9
				var:t = "bdt_t1_total_bases_max_count"
			}
			varSetInt {
				value:i = 9
				var:t = "bdt_t2_total_bases_max_count"
			}
			comment {
				value:t = "enable self restarting for template"
			}
			varSetBool {
				value:b = true
				var:t = "bdt_self_restart"
			}
			comment {
				value:t = "increase one-moment bases amount"
			}
			varSetInt {
				value:i = 4
				var:t = "bdt_t1_active_bases_max_count"
				var:t = "bdt_t2_active_bases_max_count"
			}
			comment {
				value:t = ""
			}
			varSetInt {
				value:i = 1
				var:t = "bdt_delay_timer"
			}
			comment {
				value:t = ""
			}
			varSetString {
				value:t = "bfd"
				var:t = "bdt_game_mode"
			}
			comment {
				value:t = ""
			}
			varSetBool {
				value:b = true
				var:t = "bMirrorSpawn"
			}
			comment {
				value:t = ""
			}
			varSetReal {
				value:r = 2000
				var:t = "bdt_t1_min_zone_distance"
				var:t = "bdt_t2_min_zone_distance"
			}
		}
		else_actions {

		}
	}
}
mission_objectives {
	isCategory:b = true
	is_enabled:b = true
}
variables {

}
dialogs {

}
airfields {

}
effects {

}
units {
	objectGroups {
		name:t = "bdt_t2_bomb_object_01"
		tm:m = [[-0.325103, 0.0, -0.945676] [0.0, 1.0, 0.0] [0.945676, 0.0, -0.325103] [6731.18, 36.7516, 12501.6]]
		unit_class:t = "dynBase_hq_camp_square"
		objLayer:i = 2
		props {
			army:i = 2
			active:b = false
		}
	}
	objectGroups {
		name:t = "bdt_t2_bomb_object_02"
		tm:m = [[-0.820195, 0.0, -0.572088] [0.0, 1.0, 0.0] [0.572088, 0.0, -0.820195] [-3032.76, 29.3232, 8186.41]]
		unit_class:t = "dynBase_fuel_storage_square"
		objLayer:i = 2
		props {
			army:i = 2
			active:b = false
		}
	}
	objectGroups {
		name:t = "bdt_t2_bomb_object_03"
		tm:m = [[0.764878, 0.0, -0.644179] [0.0, 1.0, 0.0] [0.644179, 0.0, 0.764878] [-4444.1, 26.9497, 6002.63]]
		unit_class:t = "dynBase_oil_storage_small_square"
		objLayer:i = 2
		props {
			army:i = 2
			active:b = false
		}
	}
	objectGroups {
		name:t = "bdt_t1_bomb_object_01"
		tm:m = [[0.112898, 0.0, -0.993606] [0.0, 1.0, 0.0] [0.993606, 0.0, 0.112898] [12573.9, 39.4608, -2962.36]]
		unit_class:t = "dynBase_fuel_storage_square"
		objLayer:i = 2
		props {
			army:i = 1
			active:b = false
		}
	}
	objectGroups {
		name:t = "bdt_t1_bomb_object_02"
		tm:m = [[0.754508, 0.0, -0.65629] [0.0, 1.0, 0.0] [0.65629, 0.0, 0.754508] [7551.74, 59.2355, -4349.99]]
		unit_class:t = "dynBase_small_factory_square"
		objLayer:i = 2
		props {
			army:i = 1
			active:b = false
		}
	}
	objectGroups {
		name:t = "bdt_t1_bomb_object_03"
		tm:m = [[0.818963, 0.0, -0.573846] [0.0, 1.0, 0.0] [0.573846, 0.0, 0.818963] [1101.09, 41.5981, -3372.48]]
		unit_class:t = "dynBase_oil_storage_small_square"
		objLayer:i = 2
		props {
			army:i = 1
			active:b = false
		}
	}
	objectGroups {
		name:t = "bdt_t2_bomb_object_04"
		tm:m = [[0.276112, 0.0, -0.961125] [0.0, 1.0, 0.0] [0.961125, 0.0, 0.276112] [9352.56, 27.9683, 10154.1]]
		unit_class:t = "dynBase_small_factory_square"
		objLayer:i = 2
		props {
			army:i = 2
			active:b = false
		}
	}
	objectGroups {
		name:t = "bdt_t1_bomb_object_04"
		tm:m = [[0.566315, 0.0, -0.824189] [0.0, 1.0, 0.0] [0.824189, 0.0, 0.566315] [-1356.22, 65.0363, -1987.39]]
		unit_class:t = "dynBase_field_camp_square"
		objLayer:i = 2
		props {
			army:i = 1
			active:b = false
		}
	}
	objectGroups {
		name:t = "bdt_t1_bomb_object_05"
		tm:m = [[0.566315, 0.0, -0.824189] [0.0, 1.0, 0.0] [0.824189, 0.0, 0.566315] [-2341.67, 50.8397, -3450.92]]
		unit_class:t = "dynBase_military_base_square"
		objLayer:i = 2
		props {
			army:i = 1
			active:b = false
		}
	}
	objectGroups {
		name:t = "bdt_t1_bomb_object_06"
		tm:m = [[0.566315, 0.0, -0.824189] [0.0, 1.0, 0.0] [0.824189, 0.0, 0.566315] [389.599, 45.8972, -4679.46]]
		unit_class:t = "dynBase_oil_storage_large_square"
		objLayer:i = 2
		props {
			army:i = 1
			active:b = false
		}
	}
	objectGroups {
		name:t = "bdt_t1_bomb_object_07"
		tm:m = [[0.566315, 0.0, -0.824189] [0.0, 1.0, 0.0] [0.824189, 0.0, 0.566315] [2499.21, 55.969, -5193.01]]
		unit_class:t = "dynBase_oil_storage_large_square"
		objLayer:i = 2
		props {
			army:i = 1
			active:b = false
		}
	}
	objectGroups {
		name:t = "bdt_t1_bomb_object_08"
		tm:m = [[0.112898, 0.0, -0.993606] [0.0, 1.0, 0.0] [0.993606, 0.0, 0.112898] [12322.8, 49.5808, -1249.48]]
		unit_class:t = "dynBase_small_factory_square"
		objLayer:i = 2
		props {
			army:i = 1
			active:b = false
		}
	}
	objectGroups {
		name:t = "bdt_t1_bomb_object_09"
		tm:m = [[0.112898, 0.0, -0.993606] [0.0, 1.0, 0.0] [0.993606, 0.0, 0.112898] [9734.6, 54.9136, -2051.18]]
		unit_class:t = "dynBase_petrol_camp_square"
		objLayer:i = 2
		props {
			army:i = 1
			active:b = false
		}
	}
	objectGroups {
		name:t = "bdt_t1_bomb_object_10"
		tm:m = [[0.112898, 0.0, -0.993606] [0.0, 1.0, 0.0] [0.993606, 0.0, 0.112898] [7002.33, 43.7487, -6148.53]]
		unit_class:t = "dynBase_petrol_camp_square"
		objLayer:i = 2
		props {
			army:i = 1
			active:b = false
		}
	}
	objectGroups {
		name:t = "bdt_t2_bomb_object_05"
		tm:m = [[0.276112, 0.0, -0.961125] [0.0, 1.0, 0.0] [0.961125, 0.0, 0.276112] [11333.6, 25.74, 10123.8]]
		unit_class:t = "dynBase_petrol_camp_square"
		objLayer:i = 2
		props {
			army:i = 2
			active:b = false
		}
	}
	objectGroups {
		name:t = "bdt_t2_bomb_object_06"
		tm:m = [[0.694858, 0.0, -0.719147] [0.0, 1.0, 0.0] [0.719147, 0.0, 0.694858] [9121.86, 28.0703, 11957.4]]
		unit_class:t = "dynBase_military_base_square"
		objLayer:i = 2
		props {
			army:i = 2
			active:b = false
		}
	}
	objectGroups {
		name:t = "bdt_t2_bomb_object_07"
		tm:m = [[0.276112, 0.0, -0.961125] [0.0, 1.0, 0.0] [0.961125, 0.0, 0.276112] [6565.05, 33.9037, 13550.1]]
		unit_class:t = "dynBase_fuel_storage_square"
		objLayer:i = 2
		props {
			army:i = 2
			active:b = false
		}
	}
	objectGroups {
		name:t = "bdt_t2_bomb_object_08"
		tm:m = [[0.764878, 0.0, -0.644179] [0.0, 1.0, 0.0] [0.644179, 0.0, 0.764878] [-5697.39, 33.6031, 5053.22]]
		unit_class:t = "dynBase_ammunition_storage_square"
		objLayer:i = 2
		props {
			army:i = 2
			active:b = false
		}
	}
	objectGroups {
		name:t = "bdt_t2_bomb_object_09"
		tm:m = [[0.764878, 0.0, -0.644179] [0.0, 1.0, 0.0] [0.644179, 0.0, 0.764878] [-4349.82, 21.6381, 9103.88]]
		unit_class:t = "dynBase_field_camp_square"
		objLayer:i = 2
		props {
			army:i = 2
			active:b = false
		}
	}
	objectGroups {
		name:t = "bdt_t2_bomb_object_10"
		tm:m = [[0.764878, 0.0, -0.644179] [0.0, 1.0, 0.0] [0.644179, 0.0, 0.764878] [-2787.13, 24.4024, 10116.6]]
		unit_class:t = "dynBase_oil_storage_small_square"
		objLayer:i = 2
		props {
			army:i = 2
			active:b = false
		}
	}
}
areas {
	bdt_t2_bomb_zone_01 {
		type:t = "Sphere"
		tm:m = [[-146.297, 0.0, -425.557] [0.0, 450.0, 0.0] [425.557, 0.0, -146.297] [6725.65, 36.8231, 12506.0]]
		objLayer:i = 0
		props {

		}
	}
	bdt_t2_bomb_zone_02 {
		type:t = "Sphere"
		tm:m = [[-98.1956, 0.0, -439.157] [0.0, 450.0, 0.0] [439.157, 0.0, -98.1956] [-3015.82, 29.6393, 8172.86]]
		objLayer:i = 0
		props {

		}
	}
	bdt_t2_bomb_zone_03 {
		type:t = "Sphere"
		tm:m = [[344.193, 0.0, -289.881] [0.0, 450.0, 0.0] [289.881, 0.0, 344.193] [-4442.83, 26.8989, 6012.36]]
		objLayer:i = 0
		props {

		}
	}
	bdt_t1_bomb_zone_01 {
		type:t = "Sphere"
		tm:m = [[50.8028, 0.0, -447.123] [0.0, 450.0, 0.0] [447.123, 0.0, 50.8028] [12578.4, 39.5026, -2974.29]]
		objLayer:i = 0
		props {

		}
	}
	bdt_t1_bomb_zone_02 {
		type:t = "Sphere"
		tm:m = [[267.559, 0.0, -361.818] [0.0, 450.0, 0.0] [361.818, 0.0, 267.559] [7555.96, 57.7515, -4352.2]]
		objLayer:i = 0
		props {

		}
	}
	bdt_t1_bomb_zone_03 {
		type:t = "Sphere"
		tm:m = [[242.544, 0.0, -379.04] [0.0, 450.0, 0.0] [379.04, 0.0, 242.544] [1104.64, 41.4671, -3376.93]]
		objLayer:i = 0
		props {

		}
	}
	bdt_t2_bomb_zone_04 {
		type:t = "Sphere"
		tm:m = [[124.25, 0.0, -432.505] [0.0, 450.0, 0.0] [432.505, 0.0, 124.25] [9352.99, 27.9018, 10146.2]]
		objLayer:i = 0
		props {

		}
	}
	bdt_t1_bomb_zone_04 {
		type:t = "Sphere"
		tm:m = [[242.544, 0.0, -379.04] [0.0, 450.0, 0.0] [379.04, 0.0, 242.544] [-1351.23, 65.0026, -1984.51]]
		objLayer:i = 0
		props {

		}
	}
	bdt_t2_bomb_zone_01_aaa_point_01 {
		type:t = "Point"
		tm:m = [[0.258624, 0.0, -0.965976] [0.0, 1.0, 0.0] [0.965976, 0.0, 0.258624] [6516.39, 38.9554, 12422.3]]
		objLayer:i = 0
		props {

		}
	}
	bdt_t2_bomb_zone_01_aaa_point_02 {
		type:t = "Point"
		tm:m = [[0.258624, 0.0, -0.965976] [0.0, 1.0, 0.0] [0.965976, 0.0, 0.258624] [6939.68, 38.5806, 12705.0]]
		objLayer:i = 0
		props {

		}
	}
	bdt_t2_bomb_zone_01_aaa_point_03 {
		type:t = "Point"
		tm:m = [[0.258624, 0.0, -0.965976] [0.0, 1.0, 0.0] [0.965976, 0.0, 0.258624] [6978.2, 37.164, 12592.4]]
		objLayer:i = 0
		props {

		}
	}
	bdt_t2_bomb_zone_01_aaa_point_04 {
		type:t = "Point"
		tm:m = [[0.258624, 0.0, -0.965976] [0.0, 1.0, 0.0] [0.965976, 0.0, 0.258624] [7100.42, 33.426, 12226.8]]
		objLayer:i = 0
		props {

		}
	}
	bdt_t2_bomb_zone_02_aaa_point_01 {
		type:t = "Point"
		tm:m = [[0.364165, 0.0, -0.931333] [0.0, 1.0, 0.0] [0.931333, 0.0, 0.364165] [-3227.28, 27.0016, 8303.48]]
		objLayer:i = 0
		props {

		}
	}
	bdt_t2_bomb_zone_02_aaa_point_02 {
		type:t = "Point"
		tm:m = [[0.364165, 0.0, -0.931333] [0.0, 1.0, 0.0] [0.931333, 0.0, 0.364165] [-2693.4, 28.843, 8229.02]]
		objLayer:i = 0
		props {

		}
	}
	bdt_t2_bomb_zone_02_aaa_point_03 {
		type:t = "Point"
		tm:m = [[0.364165, 0.0, -0.931333] [0.0, 1.0, 0.0] [0.931333, 0.0, 0.364165] [-3007.45, 32.6476, 8452.28]]
		objLayer:i = 0
		props {

		}
	}
	bdt_t2_bomb_zone_02_aaa_point_04 {
		type:t = "Point"
		tm:m = [[0.364165, 0.0, -0.931333] [0.0, 1.0, 0.0] [0.931333, 0.0, 0.364165] [-2969.93, 26.9288, 7948.1]]
		objLayer:i = 0
		props {

		}
	}
	bdt_t2_bomb_zone_03_aaa_point_01 {
		type:t = "Point"
		tm:m = [[0.364165, 0.0, -0.931333] [0.0, 1.0, 0.0] [0.931333, 0.0, 0.364165] [-4606.1, 29.7015, 5589.99]]
		objLayer:i = 0
		props {

		}
	}
	bdt_t2_bomb_zone_03_aaa_point_02 {
		type:t = "Point"
		tm:m = [[0.364165, 0.0, -0.931333] [0.0, 1.0, 0.0] [0.931333, 0.0, 0.364165] [-4150.24, 23.6381, 6008.28]]
		objLayer:i = 0
		props {

		}
	}
	bdt_t2_bomb_zone_03_aaa_point_03 {
		type:t = "Point"
		tm:m = [[0.364165, 0.0, -0.931333] [0.0, 1.0, 0.0] [0.931333, 0.0, 0.364165] [-4278.76, 24.0283, 6287.52]]
		objLayer:i = 0
		props {

		}
	}
	bdt_t2_bomb_zone_03_aaa_point_04 {
		type:t = "Point"
		tm:m = [[0.364165, 0.0, -0.931333] [0.0, 1.0, 0.0] [0.931333, 0.0, 0.364165] [-4733.48, 29.5563, 6086.61]]
		objLayer:i = 0
		props {

		}
	}
	bdt_t2_bomb_zone_04_aaa_point_01 {
		type:t = "Point"
		tm:m = [[0.258624, 0.0, -0.965976] [0.0, 1.0, 0.0] [0.965976, 0.0, 0.258624] [9637.63, 23.7547, 9974.78]]
		objLayer:i = 0
		props {

		}
	}
	bdt_t2_bomb_zone_04_aaa_point_02 {
		type:t = "Point"
		tm:m = [[0.258624, 0.0, -0.965976] [0.0, 1.0, 0.0] [0.965976, 0.0, 0.258624] [9498.58, 23.5163, 10411.0]]
		objLayer:i = 0
		props {

		}
	}
	bdt_t2_bomb_zone_04_aaa_point_03 {
		type:t = "Point"
		tm:m = [[0.258624, 0.0, -0.965976] [0.0, 1.0, 0.0] [0.965976, 0.0, 0.258624] [9152.24, 23.3592, 9970.78]]
		objLayer:i = 0
		props {

		}
	}
	bdt_t2_bomb_zone_04_aaa_point_04 {
		type:t = "Point"
		tm:m = [[0.258624, 0.0, -0.965976] [0.0, 1.0, 0.0] [0.965976, 0.0, 0.258624] [9115.03, -16.386, 10212.3]]
		objLayer:i = 0
		props {

		}
	}
	bdt_t1_bomb_zone_01_aaa_point_01 {
		type:t = "Point"
		tm:m = [[0.648687, 0.0, -0.761055] [0.0, 1.0, 0.0] [0.761055, 0.0, 0.648687] [12750.4, 42.8848, -3162.18]]
		objLayer:i = 0
		props {

		}
	}
	bdt_t1_bomb_zone_01_aaa_point_02 {
		type:t = "Point"
		tm:m = [[0.648687, 0.0, -0.761055] [0.0, 1.0, 0.0] [0.761055, 0.0, 0.648687] [12465.5, 36.8317, -2747.67]]
		objLayer:i = 0
		props {

		}
	}
	bdt_t1_bomb_zone_01_aaa_point_03 {
		type:t = "Point"
		tm:m = [[0.648687, 0.0, -0.761055] [0.0, 1.0, 0.0] [0.761055, 0.0, 0.648687] [12383.3, 52.3639, -3102.23]]
		objLayer:i = 0
		props {

		}
	}
	bdt_t1_bomb_zone_01_aaa_point_04 {
		type:t = "Point"
		tm:m = [[0.648687, 0.0, -0.761055] [0.0, 1.0, 0.0] [0.761055, 0.0, 0.648687] [12350.3, 45.6023, -2876.12]]
		objLayer:i = 0
		props {

		}
	}
	bdt_t1_bomb_zone_02_aaa_point_01 {
		type:t = "Point"
		tm:m = [[0.648687, 0.0, -0.761055] [0.0, 1.0, 0.0] [0.761055, 0.0, 0.648687] [7824.15, 55.4916, -4386.82]]
		objLayer:i = 0
		props {

		}
	}
	bdt_t1_bomb_zone_02_aaa_point_02 {
		type:t = "Point"
		tm:m = [[0.648687, 0.0, -0.761055] [0.0, 1.0, 0.0] [0.761055, 0.0, 0.648687] [7696.09, 125.053, -4126.34]]
		objLayer:i = 0
		props {

		}
	}
	bdt_t1_bomb_zone_02_aaa_point_03 {
		type:t = "Point"
		tm:m = [[0.648687, 0.0, -0.761055] [0.0, 1.0, 0.0] [0.761055, 0.0, 0.648687] [7174.96, 86.1747, -4592.6]]
		objLayer:i = 0
		props {

		}
	}
	bdt_t1_bomb_zone_02_aaa_point_04 {
		type:t = "Point"
		tm:m = [[0.648687, 0.0, -0.761055] [0.0, 1.0, 0.0] [0.761055, 0.0, 0.648687] [7371.39, 133.825, -4079.67]]
		objLayer:i = 0
		props {

		}
	}
	bdt_t1_bomb_zone_03_aaa_point_01 {
		type:t = "Point"
		tm:m = [[0.560277, 0.0, -0.828305] [0.0, 1.0, 0.0] [0.828305, 0.0, 0.560277] [799.202, 45.8384, -3339.3]]
		objLayer:i = 0
		props {

		}
	}
	bdt_t1_bomb_zone_03_aaa_point_02 {
		type:t = "Point"
		tm:m = [[0.560277, 0.0, -0.828305] [0.0, 1.0, 0.0] [0.828305, 0.0, 0.560277] [1346.33, 38.5196, -3391.84]]
		objLayer:i = 0
		props {

		}
	}
	bdt_t1_bomb_zone_03_aaa_point_03 {
		type:t = "Point"
		tm:m = [[0.560277, 0.0, -0.828305] [0.0, 1.0, 0.0] [0.828305, 0.0, 0.560277] [1249.27, 45.2871, -3129.29]]
		objLayer:i = 0
		props {

		}
	}
	bdt_t1_bomb_zone_03_aaa_point_04 {
		type:t = "Point"
		tm:m = [[0.560277, 0.0, -0.828305] [0.0, 1.0, 0.0] [0.828305, 0.0, 0.560277] [1063.33, 43.0807, -3634.53]]
		objLayer:i = 0
		props {

		}
	}
	bdt_t1_bomb_zone_04_aaa_point_01 {
		type:t = "Point"
		tm:m = [[0.560277, 0.0, -0.828305] [0.0, 1.0, 0.0] [0.828305, 0.0, 0.560277] [-1301.42, 67.1929, -2297.41]]
		objLayer:i = 0
		props {

		}
	}
	bdt_t1_bomb_zone_04_aaa_point_02 {
		type:t = "Point"
		tm:m = [[0.560277, 0.0, -0.828305] [0.0, 1.0, 0.0] [0.828305, 0.0, 0.560277] [-1105.36, 65.12, -2043.05]]
		objLayer:i = 0
		props {

		}
	}
	bdt_t1_bomb_zone_04_aaa_point_03 {
		type:t = "Point"
		tm:m = [[0.560277, 0.0, -0.828305] [0.0, 1.0, 0.0] [0.828305, 0.0, 0.560277] [-1595.5, 66.0482, -2142.46]]
		objLayer:i = 0
		props {

		}
	}
	bdt_t1_bomb_zone_04_aaa_point_04 {
		type:t = "Point"
		tm:m = [[0.560277, 0.0, -0.828305] [0.0, 1.0, 0.0] [0.828305, 0.0, 0.560277] [-1213.32, 64.4606, -1702.54]]
		objLayer:i = 0
		props {

		}
	}
	bdt_t1_bomb_zone_05 {
		type:t = "Sphere"
		tm:m = [[242.544, 0.0, -379.04] [0.0, 450.0, 0.0] [379.04, 0.0, 242.544] [-2336.67, 50.8619, -3447.96]]
		objLayer:i = 0
		props {

		}
	}
	bdt_t1_bomb_zone_06 {
		type:t = "Sphere"
		tm:m = [[242.544, 0.0, -379.04] [0.0, 450.0, 0.0] [379.04, 0.0, 242.544] [394.609, 45.9549, -4676.59]]
		objLayer:i = 0
		props {

		}
	}
	bdt_t1_bomb_zone_07 {
		type:t = "Sphere"
		tm:m = [[242.544, 0.0, -379.04] [0.0, 450.0, 0.0] [379.04, 0.0, 242.544] [2504.31, 56.0841, -5190.11]]
		objLayer:i = 0
		props {

		}
	}
	bdt_t1_bomb_zone_08 {
		type:t = "Sphere"
		tm:m = [[50.8028, 0.0, -447.123] [0.0, 450.0, 0.0] [447.123, 0.0, 50.8028] [12327.2, 49.9999, -1261.4]]
		objLayer:i = 0
		props {

		}
	}
	bdt_t1_bomb_zone_09 {
		type:t = "Sphere"
		tm:m = [[50.8028, 0.0, -447.123] [0.0, 450.0, 0.0] [447.123, 0.0, 50.8028] [9738.98, 55.2049, -2062.88]]
		objLayer:i = 0
		props {

		}
	}
	bdt_t1_bomb_zone_10 {
		type:t = "Sphere"
		tm:m = [[50.8028, 0.0, -447.123] [0.0, 450.0, 0.0] [447.123, 0.0, 50.8028] [7006.78, 45.9167, -6160.43]]
		objLayer:i = 0
		props {

		}
	}
	bdt_t1_bomb_zone_05_aaa_point_01 {
		type:t = "Point"
		tm:m = [[0.560277, 0.0, -0.828305] [0.0, 1.0, 0.0] [0.828305, 0.0, 0.560277] [-2470.78, 51.1197, -3208.98]]
		objLayer:i = 0
		props {

		}
	}
	bdt_t1_bomb_zone_05_aaa_point_02 {
		type:t = "Point"
		tm:m = [[0.560277, 0.0, -0.828305] [0.0, 1.0, 0.0] [0.828305, 0.0, 0.560277] [-2483.16, 50.2193, -3396.0]]
		objLayer:i = 0
		props {

		}
	}
	bdt_t1_bomb_zone_05_aaa_point_03 {
		type:t = "Point"
		tm:m = [[0.560277, 0.0, -0.828305] [0.0, 1.0, 0.0] [0.828305, 0.0, 0.560277] [-2205.47, 51.4292, -3704.02]]
		objLayer:i = 0
		props {

		}
	}
	bdt_t1_bomb_zone_05_aaa_point_04 {
		type:t = "Point"
		tm:m = [[0.560277, 0.0, -0.828305] [0.0, 1.0, 0.0] [0.828305, 0.0, 0.560277] [-2067.19, 52.1313, -3514.41]]
		objLayer:i = 0
		props {

		}
	}
	bdt_t1_bomb_zone_06_aaa_point_01 {
		type:t = "Point"
		tm:m = [[0.560277, 0.0, -0.828305] [0.0, 1.0, 0.0] [0.828305, 0.0, 0.560277] [57.4675, 41.247, -4687.28]]
		objLayer:i = 0
		props {

		}
	}
	bdt_t1_bomb_zone_06_aaa_point_02 {
		type:t = "Point"
		tm:m = [[0.560277, 0.0, -0.828305] [0.0, 1.0, 0.0] [0.828305, 0.0, 0.560277] [165.205, 43.5046, -4446.88]]
		objLayer:i = 0
		props {

		}
	}
	bdt_t1_bomb_zone_06_aaa_point_03 {
		type:t = "Point"
		tm:m = [[0.560277, 0.0, -0.828305] [0.0, 1.0, 0.0] [0.828305, 0.0, 0.560277] [656.215, 47.48, -4511.87]]
		objLayer:i = 0
		props {

		}
	}
	bdt_t1_bomb_zone_06_aaa_point_04 {
		type:t = "Point"
		tm:m = [[0.560277, 0.0, -0.828305] [0.0, 1.0, 0.0] [0.828305, 0.0, 0.560277] [436.515, 43.2537, -4971.32]]
		objLayer:i = 0
		props {

		}
	}
	bdt_t1_bomb_zone_07_aaa_point_01 {
		type:t = "Point"
		tm:m = [[0.560277, 0.0, -0.828305] [0.0, 1.0, 0.0] [0.828305, 0.0, 0.560277] [2804.71, 57.3861, -5167.31]]
		objLayer:i = 0
		props {

		}
	}
	bdt_t1_bomb_zone_07_aaa_point_02 {
		type:t = "Point"
		tm:m = [[0.560277, 0.0, -0.828305] [0.0, 1.0, 0.0] [0.828305, 0.0, 0.560277] [2156.15, 50.0902, -5211.86]]
		objLayer:i = 0
		props {

		}
	}
	bdt_t1_bomb_zone_07_aaa_point_03 {
		type:t = "Point"
		tm:m = [[0.560277, 0.0, -0.828305] [0.0, 1.0, 0.0] [0.828305, 0.0, 0.560277] [2541.76, 45.2269, -5524.02]]
		objLayer:i = 0
		props {

		}
	}
	bdt_t1_bomb_zone_07_aaa_point_04 {
		type:t = "Point"
		tm:m = [[0.560277, 0.0, -0.828305] [0.0, 1.0, 0.0] [0.828305, 0.0, 0.560277] [2688.67, 54.6546, -4833.17]]
		objLayer:i = 0
		props {

		}
	}
	bdt_t1_bomb_zone_08_aaa_point_01 {
		type:t = "Point"
		tm:m = [[0.648687, 0.0, -0.761055] [0.0, 1.0, 0.0] [0.761055, 0.0, 0.648687] [12506.0, -6.15579, -1007.23]]
		objLayer:i = 0
		props {

		}
	}
	bdt_t1_bomb_zone_08_aaa_point_02 {
		type:t = "Point"
		tm:m = [[0.648687, 0.0, -0.761055] [0.0, 1.0, 0.0] [0.761055, 0.0, 0.648687] [12056.7, 51.2027, -1118.5]]
		objLayer:i = 0
		props {

		}
	}
	bdt_t1_bomb_zone_08_aaa_point_03 {
		type:t = "Point"
		tm:m = [[0.648687, 0.0, -0.761055] [0.0, 1.0, 0.0] [0.761055, 0.0, 0.648687] [12098.6, 48.7745, -1536.69]]
		objLayer:i = 0
		props {

		}
	}
	bdt_t1_bomb_zone_08_aaa_point_04 {
		type:t = "Point"
		tm:m = [[0.648687, 0.0, -0.761055] [0.0, 1.0, 0.0] [0.761055, 0.0, 0.648687] [12508.2, 51.8915, -1464.69]]
		objLayer:i = 0
		props {

		}
	}
	bdt_t1_bomb_zone_09_aaa_point_01 {
		type:t = "Point"
		tm:m = [[0.648687, 0.0, -0.761055] [0.0, 1.0, 0.0] [0.761055, 0.0, 0.648687] [9517.09, 54.8956, -1673.7]]
		objLayer:i = 0
		props {

		}
	}
	bdt_t1_bomb_zone_09_aaa_point_02 {
		type:t = "Point"
		tm:m = [[0.648687, 0.0, -0.761055] [0.0, 1.0, 0.0] [0.761055, 0.0, 0.648687] [9334.68, 46.3844, -2132.77]]
		objLayer:i = 0
		props {

		}
	}
	bdt_t1_bomb_zone_09_aaa_point_03 {
		type:t = "Point"
		tm:m = [[0.648687, 0.0, -0.761055] [0.0, 1.0, 0.0] [0.761055, 0.0, 0.648687] [10117.5, 60.6134, -1657.46]]
		objLayer:i = 0
		props {

		}
	}
	bdt_t1_bomb_zone_09_aaa_point_04 {
		type:t = "Point"
		tm:m = [[0.648687, 0.0, -0.761055] [0.0, 1.0, 0.0] [0.761055, 0.0, 0.648687] [9653.28, 46.9775, -2457.68]]
		objLayer:i = 0
		props {

		}
	}
	bdt_t1_bomb_zone_10_aaa_point_01 {
		type:t = "Point"
		tm:m = [[0.648687, 0.0, -0.761055] [0.0, 1.0, 0.0] [0.761055, 0.0, 0.648687] [6739.7, 36.5765, -5905.12]]
		objLayer:i = 0
		props {

		}
	}
	bdt_t1_bomb_zone_10_aaa_point_02 {
		type:t = "Point"
		tm:m = [[0.648687, 0.0, -0.761055] [0.0, 1.0, 0.0] [0.761055, 0.0, 0.648687] [7310.6, 31.8262, -5835.59]]
		objLayer:i = 0
		props {

		}
	}
	bdt_t1_bomb_zone_10_aaa_point_03 {
		type:t = "Point"
		tm:m = [[0.648687, 0.0, -0.761055] [0.0, 1.0, 0.0] [0.761055, 0.0, 0.648687] [6830.25, 22.8715, -6357.04]]
		objLayer:i = 0
		props {

		}
	}
	bdt_t1_bomb_zone_10_aaa_point_04 {
		type:t = "Point"
		tm:m = [[0.648687, 0.0, -0.761055] [0.0, 1.0, 0.0] [0.761055, 0.0, 0.648687] [7211.56, 62.9245, -6407.03]]
		objLayer:i = 0
		props {

		}
	}
	bdt_t2_bomb_zone_05 {
		type:t = "Sphere"
		tm:m = [[124.25, 0.0, -432.505] [0.0, 450.0, 0.0] [432.505, 0.0, 124.25] [11333.8, 25.8069, 10116.1]]
		objLayer:i = 0
		props {

		}
	}
	bdt_t2_bomb_zone_06 {
		type:t = "Sphere"
		tm:m = [[312.687, 0.0, -323.616] [0.0, 450.0, 0.0] [323.616, 0.0, 312.687] [9125.62, 27.991, 11950.4]]
		objLayer:i = 0
		props {

		}
	}
	bdt_t2_bomb_zone_07 {
		type:t = "Sphere"
		tm:m = [[124.25, 0.0, -432.505] [0.0, 450.0, 0.0] [432.505, 0.0, 124.25] [6565.2, 33.8812, 13542.1]]
		objLayer:i = 0
		props {

		}
	}
	bdt_t2_bomb_zone_08 {
		type:t = "Sphere"
		tm:m = [[344.193, 0.0, -289.881] [0.0, 450.0, 0.0] [289.881, 0.0, 344.193] [-5696.0, 33.4666, 5062.9]]
		objLayer:i = 0
		props {

		}
	}
	bdt_t2_bomb_zone_09 {
		type:t = "Sphere"
		tm:m = [[344.193, 0.0, -289.881] [0.0, 450.0, 0.0] [289.881, 0.0, 344.193] [-4348.58, 40.3232, 9113.71]]
		objLayer:i = 0
		props {

		}
	}
	bdt_t2_bomb_zone_10 {
		type:t = "Sphere"
		tm:m = [[344.193, 0.0, -289.881] [0.0, 450.0, 0.0] [289.881, 0.0, 344.193] [-2785.92, 29.1798, 10126.2]]
		objLayer:i = 0
		props {

		}
	}
	bdt_t2_bomb_zone_05_aaa_point_01 {
		type:t = "Point"
		tm:m = [[0.258624, 0.0, -0.965976] [0.0, 1.0, 0.0] [0.965976, 0.0, 0.258624] [10986.8, 25.5015, 10110.1]]
		objLayer:i = 0
		props {

		}
	}
	bdt_t2_bomb_zone_05_aaa_point_02 {
		type:t = "Point"
		tm:m = [[0.258624, 0.0, -0.965976] [0.0, 1.0, 0.0] [0.965976, 0.0, 0.258624] [11621.1, 28.3933, 9874.51]]
		objLayer:i = 0
		props {

		}
	}
	bdt_t2_bomb_zone_05_aaa_point_03 {
		type:t = "Point"
		tm:m = [[0.258624, 0.0, -0.965976] [0.0, 1.0, 0.0] [0.965976, 0.0, 0.258624] [11676.8, 27.5352, 10072.9]]
		objLayer:i = 0
		props {

		}
	}
	bdt_t2_bomb_zone_05_aaa_point_04 {
		type:t = "Point"
		tm:m = [[0.258624, 0.0, -0.965976] [0.0, 1.0, 0.0] [0.965976, 0.0, 0.258624] [11292.8, 25.1855, 10439.8]]
		objLayer:i = 0
		props {

		}
	}
	bdt_t2_bomb_zone_06_aaa_point_01 {
		type:t = "Point"
		tm:m = [[0.681697, 0.0, -0.731639] [0.0, 1.0, 0.0] [0.731639, 0.0, 0.681697] [8857.05, 32.1202, 12165.4]]
		objLayer:i = 0
		props {

		}
	}
	bdt_t2_bomb_zone_06_aaa_point_02 {
		type:t = "Point"
		tm:m = [[0.681697, 0.0, -0.731639] [0.0, 1.0, 0.0] [0.731639, 0.0, 0.681697] [9568.54, 26.2302, 11884.9]]
		objLayer:i = 0
		props {

		}
	}
	bdt_t2_bomb_zone_06_aaa_point_03 {
		type:t = "Point"
		tm:m = [[0.681697, 0.0, -0.731639] [0.0, 1.0, 0.0] [0.731639, 0.0, 0.681697] [9349.99, 25.1797, 11642.7]]
		objLayer:i = 0
		props {

		}
	}
	bdt_t2_bomb_zone_06_aaa_point_04 {
		type:t = "Point"
		tm:m = [[0.681697, 0.0, -0.731639] [0.0, 1.0, 0.0] [0.731639, 0.0, 0.681697] [8948.97, 25.8431, 11431.8]]
		objLayer:i = 0
		props {

		}
	}
	bdt_t2_bomb_zone_07_aaa_point_01 {
		type:t = "Point"
		tm:m = [[0.258624, 0.0, -0.965976] [0.0, 1.0, 0.0] [0.965976, 0.0, 0.258624] [6140.01, 39.2755, 13518.8]]
		objLayer:i = 0
		props {

		}
	}
	bdt_t2_bomb_zone_07_aaa_point_02 {
		type:t = "Point"
		tm:m = [[0.258624, 0.0, -0.965976] [0.0, 1.0, 0.0] [0.965976, 0.0, 0.258624] [6913.6, 29.7485, 13293.9]]
		objLayer:i = 0
		props {

		}
	}
	bdt_t2_bomb_zone_07_aaa_point_03 {
		type:t = "Point"
		tm:m = [[0.258624, 0.0, -0.965976] [0.0, 1.0, 0.0] [0.965976, 0.0, 0.258624] [6957.47, 36.0872, 13773.3]]
		objLayer:i = 0
		props {

		}
	}
	bdt_t2_bomb_zone_07_aaa_point_04 {
		type:t = "Point"
		tm:m = [[0.258624, 0.0, -0.965976] [0.0, 1.0, 0.0] [0.965976, 0.0, 0.258624] [6317.45, 44.5074, 13859.7]]
		objLayer:i = 0
		props {

		}
	}
	bdt_t2_bomb_zone_08_aaa_point_01 {
		type:t = "Point"
		tm:m = [[0.364165, 0.0, -0.931333] [0.0, 1.0, 0.0] [0.931333, 0.0, 0.364165] [-5659.75, 34.238, 4841.52]]
		objLayer:i = 0
		props {

		}
	}
	bdt_t2_bomb_zone_08_aaa_point_02 {
		type:t = "Point"
		tm:m = [[0.364165, 0.0, -0.931333] [0.0, 1.0, 0.0] [0.931333, 0.0, 0.364165] [-5931.07, 31.6834, 5302.89]]
		objLayer:i = 0
		props {

		}
	}
	bdt_t2_bomb_zone_08_aaa_point_03 {
		type:t = "Point"
		tm:m = [[0.364165, 0.0, -0.931333] [0.0, 1.0, 0.0] [0.931333, 0.0, 0.364165] [-5391.55, 32.4572, 5190.51]]
		objLayer:i = 0
		props {

		}
	}
	bdt_t2_bomb_zone_08_aaa_point_04 {
		type:t = "Point"
		tm:m = [[0.364165, 0.0, -0.931333] [0.0, 1.0, 0.0] [0.931333, 0.0, 0.364165] [-5683.91, 31.9099, 5401.52]]
		objLayer:i = 0
		props {

		}
	}
	bdt_t2_bomb_zone_09_aaa_point_01 {
		type:t = "Point"
		tm:m = [[0.364165, 0.0, -0.931333] [0.0, 1.0, 0.0] [0.931333, 0.0, 0.364165] [-4569.86, 25.4011, 8786.04]]
		objLayer:i = 0
		props {

		}
	}
	bdt_t2_bomb_zone_09_aaa_point_02 {
		type:t = "Point"
		tm:m = [[0.364165, 0.0, -0.931333] [0.0, 1.0, 0.0] [0.931333, 0.0, 0.364165] [-4368.43, 20.4983, 9410.28]]
		objLayer:i = 0
		props {

		}
	}
	bdt_t2_bomb_zone_09_aaa_point_03 {
		type:t = "Point"
		tm:m = [[0.364165, 0.0, -0.931333] [0.0, 1.0, 0.0] [0.931333, 0.0, 0.364165] [-4052.28, -352.216, 8898.45]]
		objLayer:i = 0
		props {

		}
	}
	bdt_t2_bomb_zone_09_aaa_point_04 {
		type:t = "Point"
		tm:m = [[0.364165, 0.0, -0.931333] [0.0, 1.0, 0.0] [0.931333, 0.0, 0.364165] [-4755.17, 22.8935, 9115.3]]
		objLayer:i = 0
		props {

		}
	}
	bdt_t2_bomb_zone_10_aaa_point_01 {
		type:t = "Point"
		tm:m = [[0.364165, 0.0, -0.931333] [0.0, 1.0, 0.0] [0.931333, 0.0, 0.364165] [-3115.88, 24.5854, 9565.69]]
		objLayer:i = 0
		props {

		}
	}
	bdt_t2_bomb_zone_10_aaa_point_02 {
		type:t = "Point"
		tm:m = [[0.364165, 0.0, -0.931333] [0.0, 1.0, 0.0] [0.931333, 0.0, 0.364165] [-2489.74, 27.7814, 9926.21]]
		objLayer:i = 0
		props {

		}
	}
	bdt_t2_bomb_zone_10_aaa_point_03 {
		type:t = "Point"
		tm:m = [[0.364165, 0.0, -0.931333] [0.0, 1.0, 0.0] [0.931333, 0.0, 0.364165] [-3363.19, 22.8852, 10058.5]]
		objLayer:i = 0
		props {

		}
	}
	bdt_t2_bomb_zone_10_aaa_point_04 {
		type:t = "Point"
		tm:m = [[0.364165, 0.0, -0.931333] [0.0, 1.0, 0.0] [0.931333, 0.0, 0.364165] [-2592.58, 23.9902, 10423.7]]
		objLayer:i = 0
		props {

		}
	}
	bomb_zones_area {
		type:t = "Sphere"
		tm:m = [[-16914.3, 0.0, -6156.31] [0.0, 18000.0, 0.0] [6156.31, 0.0, -16914.3] [4000.0, 151.736, 4000.0]]
		objLayer:i = 3
		props {

		}
	}
}
objLayers {
	layer {
		enabled:b = true
	}
	layer {
		enabled:b = true
	}
	layer {
		enabled:b = true
	}
	layer {
		enabled:b = false
	}
	layer {
		enabled:b = false
	}
}
wayPoints {

}