selected_tag:t = ""
bin_dump_file:t = ""
mission_settings {
	player {
		army:i = 1
	}
	player_teamB {
		army:i = 2
	}
	mission {
		type:t = "domination"
		level:t = "levels/stalingrad.bin"
		environment:t = "Day"
		weather:t = "hazy"
	}
}
imports {

}
triggers {
	isCategory:b = true
	is_enabled:b = true
	high_airfields_init {
		is_enabled:b = true
		comments:t = ""
		props {
			actionsType:t = "PERFORM_ONE_BY_ONE"
			conditionsType:t = "ALL"
			enableAfterComplete:b = false
		}
		events {
			initMission {

			}
		}
		conditions {

		}
		actions {
			varSetString {
				value:t = "high_capture_area_01"
				var:t = "capture_zone_01_name"
			}
			varSetString {
				value:t = "high_capture_area_02"
				var:t = "capture_zone_02_name"
			}
			varSetString {
				value:t = "high_capture_area_03"
				var:t = "capture_zone_03_name"
			}
			varSetString {
				value:t = "high_airfield_01"
				var:t = "airfield_01_name"
			}
			varSetString {
				value:t = "high_airfield_02_01"
				var:t = "airfield_spawn_t1"
			}
			varSetString {
				value:t = "high_airfield_02_02"
				var:t = "airfield_spawn_t2"
			}
			missionMarkAsRespawnPoint {
				loc_name:t = "missions/airfield_spawn"
				spawnEffect:b = false
				isStrictSpawn:b = false
				resetStrictSpawnIndex:b = false
				isAirfield:b = true
				isUnit:b = false
				forceCreate:b = false
				useExisting:b = false
				ignoreTeamsOnReuse:b = false
				isIndividual:b = false
				onlyOnePlayerPerSpawnPoint:b = false
				removeAreas:b = false
				replaceAreas:b = false
				canSpawnOnNeutral:b = false
				showOnMap:b = true
				radius:r = -1
				target:t = "@airfield_spawn_t1"
				team:t = "A"
				tags {
					type_bomber:b = true
					type_fighter:b = true
					type_assault:b = true
				}
			}
			missionMarkAsRespawnPoint {
				loc_name:t = "missions/airfield_spawn"
				spawnEffect:b = false
				isStrictSpawn:b = false
				resetStrictSpawnIndex:b = false
				isAirfield:b = true
				isUnit:b = false
				forceCreate:b = false
				useExisting:b = false
				ignoreTeamsOnReuse:b = false
				isIndividual:b = false
				onlyOnePlayerPerSpawnPoint:b = false
				removeAreas:b = false
				replaceAreas:b = false
				canSpawnOnNeutral:b = false
				showOnMap:b = true
				radius:r = -1
				target:t = "@airfield_spawn_t2"
				team:t = "B"
				tags {
					type_bomber:b = true
					type_fighter:b = true
					type_assault:b = true
				}
			}
			unitSetProperties {
				object:t = "t1_def_aaa_high_squad"
				object:t = "t2_def_aaa_high_squad"
				object_marking:i = 0
				object_var_name:t = ""
				object_var_comp_op:t = "equal"
				object_var_value:i = 0
				accuracy:r = 0.9
				checkVisibilityTarget:b = true
				effShootingRate:r = 1
				airEffShootingRate:r = 1
				useSearchRadar:b = true
				fireRandom:b = true
				targetChangeInterval:r = 5
				targetChangeProb:r = 0.25
				ChainfireTime:r = 2
				DelayAfterShoot:r = 1
			}
			missionMarkAsCaptureZone {
				army:i = 0
				timeMultiplier:r = 0.75
				disableZone:b = false
				name_for_respawn_base:t = ""
				target:t = "@capture_zone_03_name"
				canCaptureOnGround:b = false
				canCaptureInAir:b = true
				canCaptureByGM:b = false
				zoneDefenders {

				}
			}
			missionMarkAsCaptureZone {
				army:i = 0
				timeMultiplier:r = 0.14
				disableZone:b = false
				name_for_respawn_base:t = ""
				target:t = "@capture_zone_01_name"
				canCaptureOnGround:b = true
				canCaptureInAir:b = false
				canCaptureByGM:b = true
				airfield:t = "@airfield_01_name"
				zoneDefenders {

				}
			}
			missionMarkAsCaptureZone {
				army:i = 0
				timeMultiplier:r = 0.75
				disableZone:b = false
				name_for_respawn_base:t = ""
				target:t = "@capture_zone_02_name"
				canCaptureOnGround:b = false
				canCaptureInAir:b = true
				canCaptureByGM:b = false
				zoneDefenders {

				}
			}
		}
		else_actions {

		}
	}
}
mission_objectives {
	isCategory:b = true
	is_enabled:b = true
}
variables {

}
dialogs {

}
airfields {

}
effects {

}
units {
	objectGroups {
		name:t = "high_airfield_01"
		tm:m = [[-7.45058e-8, 0.0, 1.0] [0.0, 1.0, 0.0] [-1.0, 0.0, -7.45058e-8] [-3930.99, 138.934, -15192.2]]
		unit_class:t = "dynaf_universal_1line_3000_a"
		objLayer:i = 4
		props {
			army:i = 0
			active:b = true
		}
	}
	objectGroups {
		name:t = "high_airfield_02_01"
		tm:m = [[0.107425, 0.0, -0.994213] [0.0, 1.0, 0.0] [0.994213, 0.0, 0.107425] [-3570.45, 508.556, -27360.5]]
		unit_class:t = "dynaf_universal_1line_3000_a"
		objLayer:i = 4
		props {
			army:i = 1
			active:b = true
		}
	}
	objectGroups {
		name:t = "high_airfield_02_02"
		tm:m = [[-0.270727, 0.0, 0.962658] [0.0, 1.0, 0.0] [-0.962658, 0.0, -0.270727] [-7815.95, 489.127, -4055.4]]
		unit_class:t = "dynaf_universal_1line_3000_a"
		objLayer:i = 4
		props {
			army:i = 2
			active:b = true
		}
	}
	tankModels {
		name:t = "t1_aaa_high_light_01"
		tm:m = [[-0.274146, 0.0, 0.961687] [0.0, 1.0, 0.0] [-0.961687, 0.0, -0.274146] [-3066.3, 537.113, -26761.8]]
		unit_class:t = "sw_veak_40"
		objLayer:i = 1
		closed_waypoints:b = false
		isShipSpline:b = false
		shipTurnRadius:r = 100
		weapons:t = ""
		bullets0:t = "40mm_sw_kan_HE"
		bullets1:t = ""
		bullets2:t = ""
		bullets3:t = ""
		bulletsCount0:i = 0
		bulletsCount1:i = 0
		bulletsCount2:i = 0
		bulletsCount3:i = 0
		crewSkillK:r = 0
		applyAllMods:b = false
		props {
			army:i = 1
			count:i = 1
			formation_type:t = "rows"
			formation_div:i = 3
			formation_step:p2 = 2.5, 2
			formation_noise:p2 = 0.1, 0.1
			uniqueName:t = ""
			attack_type:t = "fire_at_will"
		}
		way {

		}
	}
	tankModels {
		name:t = "t1_aaa_high_heavy_01"
		tm:m = [[-0.530405, 0.0, 0.847742] [0.0, 1.0, 0.0] [-0.847742, 0.0, -0.530405] [-4317.89, 495.863, -27091.2]]
		unit_class:t = "us_m247"
		objLayer:i = 1
		closed_waypoints:b = false
		isShipSpline:b = false
		shipTurnRadius:r = 100
		weapons:t = ""
		bullets0:t = "40mm_SGT_YORK_HE_prox"
		bullets1:t = ""
		bullets2:t = ""
		bullets3:t = ""
		bulletsCount0:i = 0
		bulletsCount1:i = 0
		bulletsCount2:i = 0
		bulletsCount3:i = 0
		crewSkillK:r = 0
		applyAllMods:b = false
		props {
			army:i = 1
			count:i = 1
			formation_type:t = "rows"
			formation_div:i = 3
			formation_step:p2 = 2.5, 2
			formation_noise:p2 = 0.1, 0.1
			uniqueName:t = ""
			attack_type:t = "fire_at_will"
		}
		way {

		}
	}
	tankModels {
		name:t = "t1_aaa_high_light_02"
		tm:m = [[0.566879, 0.0, -0.8238] [0.0, 1.0, 0.0] [0.8238, 0.0, 0.566879] [-4231.19, 509.833, -27612.6]]
		unit_class:t = "sw_veak_40"
		objLayer:i = 1
		closed_waypoints:b = false
		isShipSpline:b = false
		shipTurnRadius:r = 100
		weapons:t = ""
		bullets0:t = "40mm_sw_kan_HE"
		bullets1:t = ""
		bullets2:t = ""
		bullets3:t = ""
		bulletsCount0:i = 0
		bulletsCount1:i = 0
		bulletsCount2:i = 0
		bulletsCount3:i = 0
		crewSkillK:r = 0
		applyAllMods:b = false
		props {
			army:i = 1
			count:i = 1
			formation_type:t = "rows"
			formation_div:i = 3
			formation_step:p2 = 2.5, 2
			formation_noise:p2 = 0.1, 0.1
			uniqueName:t = ""
			attack_type:t = "fire_at_will"
		}
		way {

		}
	}
	tankModels {
		name:t = "t1_aaa_high_light_03"
		tm:m = [[-0.0483948, 0.0, 0.998828] [0.0, 1.0, 0.0] [-0.998828, 0.0, -0.0483948] [-2990.55, 517.013, -28202.7]]
		unit_class:t = "sw_veak_40"
		objLayer:i = 1
		closed_waypoints:b = false
		isShipSpline:b = false
		shipTurnRadius:r = 100
		weapons:t = ""
		bullets0:t = "40mm_sw_kan_HE"
		bullets1:t = ""
		bullets2:t = ""
		bullets3:t = ""
		bulletsCount0:i = 0
		bulletsCount1:i = 0
		bulletsCount2:i = 0
		bulletsCount3:i = 0
		crewSkillK:r = 0
		applyAllMods:b = false
		props {
			army:i = 1
			count:i = 1
			formation_type:t = "rows"
			formation_div:i = 3
			formation_step:p2 = 2.5, 2
			formation_noise:p2 = 0.1, 0.1
			uniqueName:t = ""
			attack_type:t = "fire_at_will"
		}
		way {

		}
	}
	tankModels {
		name:t = "t1_aaa_high_light_04"
		tm:m = [[0.701318, 0.0, -0.712848] [0.0, 1.0, 0.0] [0.712848, 0.0, 0.701318] [-3898.32, 513.263, -28229.1]]
		unit_class:t = "sw_veak_40"
		objLayer:i = 1
		closed_waypoints:b = false
		isShipSpline:b = false
		shipTurnRadius:r = 100
		weapons:t = ""
		bullets0:t = "40mm_sw_kan_HE"
		bullets1:t = ""
		bullets2:t = ""
		bullets3:t = ""
		bulletsCount0:i = 0
		bulletsCount1:i = 0
		bulletsCount2:i = 0
		bulletsCount3:i = 0
		crewSkillK:r = 0
		applyAllMods:b = false
		props {
			army:i = 1
			count:i = 1
			formation_type:t = "rows"
			formation_div:i = 3
			formation_step:p2 = 2.5, 2
			formation_noise:p2 = 0.1, 0.1
			uniqueName:t = ""
			attack_type:t = "fire_at_will"
		}
		way {

		}
	}
	tankModels {
		name:t = "t1_aaa_high_heavy_02"
		tm:m = [[0.315834, 0.0, -0.948813] [0.0, 1.0, 0.0] [0.948813, 0.0, 0.315834] [-2992.9, 485.283, -27684.6]]
		unit_class:t = "us_m247"
		objLayer:i = 1
		closed_waypoints:b = false
		isShipSpline:b = false
		shipTurnRadius:r = 100
		weapons:t = ""
		bullets0:t = "40mm_SGT_YORK_HE_prox"
		bullets1:t = ""
		bullets2:t = ""
		bullets3:t = ""
		bulletsCount0:i = 0
		bulletsCount1:i = 0
		bulletsCount2:i = 0
		bulletsCount3:i = 0
		crewSkillK:r = 0
		applyAllMods:b = false
		props {
			army:i = 1
			count:i = 1
			formation_type:t = "rows"
			formation_div:i = 3
			formation_step:p2 = 2.5, 2
			formation_noise:p2 = 0.1, 0.1
			uniqueName:t = ""
			attack_type:t = "fire_at_will"
		}
		way {

		}
	}
	squad {
		name:t = "t1_def_aaa_high_squad"
		tm:m = [[-0.467449, 0.0, -0.88402] [0.0, 1.0, 0.0] [0.88402, 0.0, -0.467449] [-42606.2, 1357.79, -24181.8]]
		props {
			squad_members:t = "t1_aaa_high_light_01"
			squad_members:t = "t1_aaa_high_light_02"
			squad_members:t = "t1_aaa_high_light_03"
			squad_members:t = "t1_aaa_high_light_04"
			squad_members:t = "t1_aaa_high_heavy_01"
			squad_members:t = "t1_aaa_high_heavy_02"
			object_marking:i = 0
		}
	}
	tankModels {
		name:t = "t2_aaa_high_light_01"
		tm:m = [[0.426426, 0.0, -0.904521] [0.0, 1.0, 0.0] [0.904521, 0.0, 0.426426] [-7606.03, 489.127, -5709.33]]
		unit_class:t = "sw_veak_40"
		objLayer:i = 1
		closed_waypoints:b = false
		isShipSpline:b = false
		shipTurnRadius:r = 100
		weapons:t = ""
		bullets0:t = "40mm_sw_kan_HE"
		bullets1:t = ""
		bullets2:t = ""
		bullets3:t = ""
		bulletsCount0:i = 0
		bulletsCount1:i = 0
		bulletsCount2:i = 0
		bulletsCount3:i = 0
		crewSkillK:r = 0
		applyAllMods:b = false
		props {
			army:i = 2
			count:i = 1
			formation_type:t = "rows"
			formation_div:i = 3
			formation_step:p2 = 2.5, 2
			formation_noise:p2 = 0.1, 0.1
			uniqueName:t = ""
			attack_type:t = "fire_at_will"
		}
		way {

		}
	}
	tankModels {
		name:t = "t2_aaa_high_heavy_01"
		tm:m = [[0.660822, 0.0, -0.750539] [0.0, 1.0, 0.0] [0.750539, 0.0, 0.660822] [-6720.24, 489.127, -5325.49]]
		unit_class:t = "us_m247"
		objLayer:i = 1
		closed_waypoints:b = false
		isShipSpline:b = false
		shipTurnRadius:r = 100
		weapons:t = ""
		bullets0:t = "40mm_SGT_YORK_HE_prox"
		bullets1:t = ""
		bullets2:t = ""
		bullets3:t = ""
		bulletsCount0:i = 0
		bulletsCount1:i = 0
		bulletsCount2:i = 0
		bulletsCount3:i = 0
		crewSkillK:r = 0
		applyAllMods:b = false
		props {
			army:i = 2
			count:i = 1
			formation_type:t = "rows"
			formation_div:i = 3
			formation_step:p2 = 2.5, 2
			formation_noise:p2 = 0.1, 0.1
			uniqueName:t = ""
			attack_type:t = "fire_at_will"
		}
		way {

		}
	}
	tankModels {
		name:t = "t2_aaa_high_light_02"
		tm:m = [[-0.692931, 0.0, 0.721001] [0.0, 1.0, 0.0] [-0.721001, 0.0, -0.692931] [-7189.04, 489.127, -4030.17]]
		unit_class:t = "sw_veak_40"
		objLayer:i = 1
		closed_waypoints:b = false
		isShipSpline:b = false
		shipTurnRadius:r = 100
		weapons:t = ""
		bullets0:t = "40mm_sw_kan_HE"
		bullets1:t = ""
		bullets2:t = ""
		bullets3:t = ""
		bulletsCount0:i = 0
		bulletsCount1:i = 0
		bulletsCount2:i = 0
		bulletsCount3:i = 0
		crewSkillK:r = 0
		applyAllMods:b = false
		props {
			army:i = 2
			count:i = 1
			formation_type:t = "rows"
			formation_div:i = 3
			formation_step:p2 = 2.5, 2
			formation_noise:p2 = 0.1, 0.1
			uniqueName:t = ""
			attack_type:t = "fire_at_will"
		}
		way {

		}
	}
	tankModels {
		name:t = "t2_aaa_high_light_03"
		tm:m = [[0.426426, 0.0, -0.904521] [0.0, 1.0, 0.0] [0.904521, 0.0, 0.426426] [-8637.12, 489.127, -2945.34]]
		unit_class:t = "sw_veak_40"
		objLayer:i = 1
		closed_waypoints:b = false
		isShipSpline:b = false
		shipTurnRadius:r = 100
		weapons:t = ""
		bullets0:t = "40mm_sw_kan_HE"
		bullets1:t = ""
		bullets2:t = ""
		bullets3:t = ""
		bulletsCount0:i = 0
		bulletsCount1:i = 0
		bulletsCount2:i = 0
		bulletsCount3:i = 0
		crewSkillK:r = 0
		applyAllMods:b = false
		props {
			army:i = 2
			count:i = 1
			formation_type:t = "rows"
			formation_div:i = 3
			formation_step:p2 = 2.5, 2
			formation_noise:p2 = 0.1, 0.1
			uniqueName:t = ""
			attack_type:t = "fire_at_will"
		}
		way {

		}
	}
	tankModels {
		name:t = "t2_aaa_high_light_04"
		tm:m = [[-0.807606, 0.0, 0.58972] [0.0, 1.0, 0.0] [-0.58972, 0.0, -0.807606] [-7721.4, 489.127, -2541.75]]
		unit_class:t = "sw_veak_40"
		objLayer:i = 1
		closed_waypoints:b = false
		isShipSpline:b = false
		shipTurnRadius:r = 100
		weapons:t = ""
		bullets0:t = "40mm_sw_kan_HE"
		bullets1:t = ""
		bullets2:t = ""
		bullets3:t = ""
		bulletsCount0:i = 0
		bulletsCount1:i = 0
		bulletsCount2:i = 0
		bulletsCount3:i = 0
		crewSkillK:r = 0
		applyAllMods:b = false
		props {
			army:i = 2
			count:i = 1
			formation_type:t = "rows"
			formation_div:i = 3
			formation_step:p2 = 2.5, 2
			formation_noise:p2 = 0.1, 0.1
			uniqueName:t = ""
			attack_type:t = "fire_at_will"
		}
		way {

		}
	}
	tankModels {
		name:t = "t2_aaa_high_heavy_02"
		tm:m = [[-0.465476, 0.0, 0.88506] [0.0, 1.0, 0.0] [-0.88506, 0.0, -0.465476] [-8081.95, 489.127, -4606.67]]
		unit_class:t = "us_m247"
		objLayer:i = 1
		closed_waypoints:b = false
		isShipSpline:b = false
		shipTurnRadius:r = 100
		weapons:t = ""
		bullets0:t = "40mm_SGT_YORK_HE_prox"
		bullets1:t = ""
		bullets2:t = ""
		bullets3:t = ""
		bulletsCount0:i = 0
		bulletsCount1:i = 0
		bulletsCount2:i = 0
		bulletsCount3:i = 0
		crewSkillK:r = 0
		applyAllMods:b = false
		props {
			army:i = 2
			count:i = 1
			formation_type:t = "rows"
			formation_div:i = 3
			formation_step:p2 = 2.5, 2
			formation_noise:p2 = 0.1, 0.1
			uniqueName:t = ""
			attack_type:t = "fire_at_will"
		}
		way {

		}
	}
	squad {
		name:t = "t2_def_aaa_high_squad"
		tm:m = [[0.123789, 0.0, 0.992308] [0.0, 1.0, 0.0] [-0.992308, 0.0, 0.123789] [-1034.07, 1357.79, -1732.01]]
		props {
			squad_members:t = "t2_aaa_high_light_01"
			squad_members:t = "t2_aaa_high_light_02"
			squad_members:t = "t2_aaa_high_light_03"
			squad_members:t = "t2_aaa_high_light_04"
			squad_members:t = "t2_aaa_high_heavy_01"
			squad_members:t = "t2_aaa_high_heavy_02"
			object_marking:i = 0
		}
	}
}
areas {
	high_capture_area_03 {
		type:t = "Cylinder"
		tm:m = [[2500.0, 0.0, 5.08627e-5] [0.0, 1500.0, 0.0] [-5.08627e-5, 0.0, 2500.0] [-11980.2, 192.267, -15220.4]]
		objLayer:i = 4
		props {

		}
	}
	high_capture_area_02 {
		type:t = "Cylinder"
		tm:m = [[2500.0, 0.0, 5.08627e-5] [0.0, 1500.0, 0.0] [-5.08627e-5, 0.0, 2500.0] [3967.69, 193.425, -15194.7]]
		objLayer:i = 4
		props {

		}
	}
	high_capture_area_01 {
		type:t = "Box"
		tm:m = [[337.176, 0.0, 0.0] [0.0, 350.0, 0.0] [0.0, 0.0, 3500.0] [-3716.05, 114.029, -15190.5]]
		objLayer:i = 3
		props {

		}
	}
}
objLayers {
	layer {
		enabled:b = true
	}
	layer {
		enabled:b = true
	}
	layer {
		enabled:b = true
	}
	layer {
		enabled:b = true
	}
	layer {
		enabled:b = true
	}
}
wayPoints {

}