selected_tag:t = ""
bin_dump_file:t = ""
mission_settings {
	player {
		army:i = 1
		wing:t = "t1_player01"
		wing:t = "t1_player02"
		wing:t = "t1_player03"
		wing:t = "t1_player04"
		wing:t = "t1_player05"
		wing:t = "t1_player06"
		wing:t = "t1_player07"
		wing:t = "t1_player08"
		wing:t = "t1_player09"
		wing:t = "t1_player10"
		wing:t = "t1_player11"
		wing:t = "t1_player12"
		wing:t = "t1_player13"
		wing:t = "t1_player14"
		wing:t = "t1_player15"
		wing:t = "t1_player16"
		wing:t = "t1_player17"
		wing:t = "t1_player18"
		wing:t = "t1_player19"
		wing:t = "t1_player20"
		wing:t = "t1_player21"
		wing:t = "t1_player22"
		wing:t = "t1_player23"
		wing:t = "t1_player24"
		wing:t = "t1_player25"
		wing:t = "t1_player26"
		wing:t = "t1_player27"
		wing:t = "t1_player28"
		wing:t = "t1_player29"
		wing:t = "t1_player30"
		wing:t = "t1_player31"
		wing:t = "t1_player32"
	}
	player_teamB {
		army:i = 2
		wing:t = "t2_player01"
		wing:t = "t2_player02"
		wing:t = "t2_player03"
		wing:t = "t2_player04"
		wing:t = "t2_player05"
		wing:t = "t2_player06"
		wing:t = "t2_player07"
		wing:t = "t2_player08"
		wing:t = "t2_player09"
		wing:t = "t2_player10"
		wing:t = "t2_player11"
		wing:t = "t2_player12"
		wing:t = "t2_player13"
		wing:t = "t2_player14"
		wing:t = "t2_player15"
		wing:t = "t2_player16"
		wing:t = "t2_player17"
		wing:t = "t2_player18"
		wing:t = "t2_player19"
		wing:t = "t2_player20"
		wing:t = "t2_player21"
		wing:t = "t2_player22"
		wing:t = "t2_player23"
		wing:t = "t2_player24"
		wing:t = "t2_player25"
		wing:t = "t2_player26"
		wing:t = "t2_player27"
		wing:t = "t2_player28"
		wing:t = "t2_player29"
		wing:t = "t2_player30"
		wing:t = "t2_player31"
		wing:t = "t2_player32"
	}
	mission {
		type:t = "domination"
		level:t = "levels/air_south_eastern_city.bin"
		environment:t = "Day"
		weather:t = "clear"
		customHUD:t = "sead"
		hideHudProgressIcons:b = true
		locNameTeamA:t = "missions/_sead/defensive;location/air_south_eastern_city"
		locNameTeamB:t = "missions/_sead/offensive;location/air_south_eastern_city"
		locDescTeamA:t = "missions/_sead/desc/defensive"
		locDescTeamB:t = "missions/_sead/desc/offensive"
		locName:t = "missions/_sead;location/air_south_eastern_city"
		scoreLimit:i = 10000
		timeLimit:i = 25
		deathPenaltyMul:r = 0
		postfix:t = "_sead"
		allowEmptyTeams:b = false
		country_axis:t = "usa"
		country_allies:t = "ussr"
		restoreType:t = "attempts"
		optionalTakeOff:b = false
		allowedUnitTypes {
			isAirplanesAllowed:b = true
			isTanksAllowed:b = false
			isShipsAllowed:b = false
			isHelicoptersAllowed:b = false
		}
	}
	briefing {
		place_loc:t = ""
		date_loc:t = ""
		objective_loc:t = ""
		music:t = "action_01"
		part {
			event:t = ""
			minTime:i = 0
			slide {
				map:b = true
				minTime:i = 4
				picture:t = ""
				showAirMap:b = true
				icon {
					icontype:t = "fighter"
					side:t = "ally"
					target:t = "t1_spawn_area_initial_13"
					lookAt:t = "t2_spawn_area_initial_13"
				}
				icon {
					icontype:t = "fighter"
					side:t = "ally"
					target:t = "t1_spawn_area_initial_02"
					lookAt:t = "t2_spawn_area_initial_02"
				}
				icon {
					icontype:t = "fighter"
					side:t = "ally"
					target:t = "t1_spawn_area_initial_20"
					lookAt:t = "t2_spawn_area_initial_20"
				}
				icon {
					icontype:t = "fighter"
					side:t = "enemy"
					target:t = "t2_spawn_area_initial_13"
					lookAt:t = "t1_spawn_area_initial_13"
				}
				icon {
					icontype:t = "fighter"
					side:t = "enemy"
					target:t = "t2_spawn_area_initial_02"
					lookAt:t = "t1_spawn_area_initial_02"
				}
				icon {
					icontype:t = "fighter"
					side:t = "enemy"
					target:t = "t2_spawn_area_initial_20"
					lookAt:t = "t1_spawn_area_initial_20"
				}
				icon {
					icontype:t = "sam_launcher"
					side:t = "ally"
					target:t = "t1_sam_site_area_01"
				}
				icon {
					icontype:t = "sam_launcher"
					side:t = "ally"
					target:t = "t1_sam_site_area_03"
				}
				icon {
					icontype:t = "sam_launcher"
					side:t = "ally"
					target:t = "t1_sam_site_area_05"
				}
				icon {
					icontype:t = "sam_launcher"
					side:t = "ally"
					target:t = "t1_sam_site_area_07"
				}
				battleArea {
					target:t = "briefing_area"
				}
			}
		}
	}
}
imports {
	import_record {
		file:t = "gameData/missions/templates/air_templates/war_sead_template.blk"
		importAreas:b = true
		importUnits:b = true
		importTriggers:b = true
		importMissionObjectives:b = true
		importWayPoints:b = true
		importDialogs:b = true
		showAreas:b = true
		showUnits:b = true
		showTriggers:b = true
		showMissionObjectives:b = true
		showWayPoints:b = true
		showDialogs:b = true
		excludes {

		}
	}
}
triggers {
	isCategory:b = true
	is_enabled:b = true
}
mission_objectives {
	isCategory:b = true
	is_enabled:b = true
}
variables {

}
dialogs {

}
airfields {

}
effects {

}
units {
	area_squad {
		name:t = "t2_spawn_area_initial"
		tm:m = [[0.939693, 3.17042e-17, 0.34202] [5.65355e-9, 1.0, -1.5533e-8] [-0.34202, 1.65299e-8, 0.939693] [9130.97, 800.0, -35702.3]]
		props {
			squad_members:t = "t2_spawn_area_initial_01"
			squad_members:t = "t2_spawn_area_initial_02"
			squad_members:t = "t2_spawn_area_initial_03"
			squad_members:t = "t2_spawn_area_initial_04"
			squad_members:t = "t2_spawn_area_initial_05"
			squad_members:t = "t2_spawn_area_initial_06"
			squad_members:t = "t2_spawn_area_initial_07"
			squad_members:t = "t2_spawn_area_initial_08"
			squad_members:t = "t2_spawn_area_initial_09"
			squad_members:t = "t2_spawn_area_initial_10"
			squad_members:t = "t2_spawn_area_initial_11"
			squad_members:t = "t2_spawn_area_initial_12"
			squad_members:t = "t2_spawn_area_initial_13"
			squad_members:t = "t2_spawn_area_initial_14"
			squad_members:t = "t2_spawn_area_initial_15"
			squad_members:t = "t2_spawn_area_initial_16"
			squad_members:t = "t2_spawn_area_initial_17"
			squad_members:t = "t2_spawn_area_initial_18"
			squad_members:t = "t2_spawn_area_initial_19"
			squad_members:t = "t2_spawn_area_initial_20"
		}
	}
	objectGroups {
		name:t = "t1_sam_site_01"
		tm:m = [[-0.359259, -1.24649e-8, -0.933238] [5.65355e-9, 1.0, -1.5533e-8] [0.933238, -1.08565e-8, -0.359259] [-32855.5, 242.837, -11771.3]]
		unit_class:t = "dyn_sam_site_s_75_x6"
		objLayer:i = 1
		props {
			army:i = 1
			active:b = true
		}
	}
	objectGroups {
		name:t = "t1_sam_site_04"
		tm:m = [[-0.359259, -1.24649e-8, -0.933238] [5.65355e-9, 1.0, -1.5533e-8] [0.933238, -1.08565e-8, -0.359259] [-23152.5, 93.4466, -8820.25]]
		unit_class:t = "dyn_sam_site_s_75_x6"
		objLayer:i = 1
		props {
			army:i = 1
			active:b = true
		}
	}
	area_squad {
		name:t = "t1_spawn_area_initial"
		tm:m = [[0.939693, 3.17042e-17, 0.34202] [5.65355e-9, 1.0, -1.5533e-8] [-0.34202, 1.65299e-8, 0.939693] [-16862.6, 1200.0, 35714.3]]
		props {
			squad_members:t = "t1_spawn_area_initial_01"
			squad_members:t = "t1_spawn_area_initial_02"
			squad_members:t = "t1_spawn_area_initial_03"
			squad_members:t = "t1_spawn_area_initial_04"
			squad_members:t = "t1_spawn_area_initial_05"
			squad_members:t = "t1_spawn_area_initial_06"
			squad_members:t = "t1_spawn_area_initial_07"
			squad_members:t = "t1_spawn_area_initial_08"
			squad_members:t = "t1_spawn_area_initial_09"
			squad_members:t = "t1_spawn_area_initial_10"
			squad_members:t = "t1_spawn_area_initial_11"
			squad_members:t = "t1_spawn_area_initial_12"
			squad_members:t = "t1_spawn_area_initial_13"
			squad_members:t = "t1_spawn_area_initial_14"
			squad_members:t = "t1_spawn_area_initial_15"
			squad_members:t = "t1_spawn_area_initial_16"
			squad_members:t = "t1_spawn_area_initial_17"
			squad_members:t = "t1_spawn_area_initial_18"
			squad_members:t = "t1_spawn_area_initial_19"
			squad_members:t = "t1_spawn_area_initial_20"
		}
	}
	squad {
		name:t = "t1_sam_site_squad"
		tm:m = [[0.939693, 3.17042e-17, 0.34202] [5.65355e-9, 1.0, -1.5533e-8] [-0.34202, 1.65299e-8, 0.939693] [-38740.8, 351.315, -25545.7]]
		props {
			squad_members:t = "t1_sam_site_01"
			squad_members:t = "t1_sam_site_02"
			squad_members:t = "t1_sam_site_03"
			squad_members:t = "t1_sam_site_04"
			squad_members:t = "t1_sam_site_05"
			squad_members:t = "t1_sam_site_06"
			squad_members:t = "t1_sam_site_07"
			squad_members:t = "t1_sam_site_08"
			squad_members:t = "t1_sam_site_09"
			squad_members:t = "t1_sam_site_10"
			squad_members:t = "t1_sam_site_11"
			squad_members:t = "t1_sam_site_12"
			squad_members:t = "t1_sam_site_13"
			squad_members:t = "t1_sam_site_14"
			squad_members:t = "t1_sam_site_15"
			squad_members:t = "t1_sam_site_16"
			squad_members:t = "t1_sam_site_17"
			squad_members:t = "t1_sam_site_18"
			squad_members:t = "t1_sam_site_19"
			squad_members:t = "t1_sam_site_20"
			squad_members:t = "t1_sam_site_21"
		}
	}
	objectGroups {
		name:t = "t1_sam_site_02"
		tm:m = [[-0.359259, -1.24649e-8, -0.933238] [5.65355e-9, 1.0, -1.5533e-8] [0.933238, -1.08565e-8, -0.359259] [-32639.3, 449.185, -9191.51]]
		unit_class:t = "dyn_sam_site_s_75_x6"
		objLayer:i = 1
		props {
			army:i = 1
			active:b = true
		}
	}
	objectGroups {
		name:t = "t1_sam_site_03"
		tm:m = [[-0.359259, -1.24649e-8, -0.933238] [5.65355e-9, 1.0, -1.5533e-8] [0.933238, -1.08565e-8, -0.359259] [-38794.6, 54.9232, -16116.7]]
		unit_class:t = "dyn_sam_site_s_75_x6"
		objLayer:i = 1
		props {
			army:i = 1
			active:b = true
		}
	}
	objectGroups {
		name:t = "t1_sam_site_05"
		tm:m = [[-0.359259, -1.24649e-8, -0.933238] [5.65355e-9, 1.0, -1.5533e-8] [0.933238, -1.08565e-8, -0.359259] [-29021.3, 57.9977, -9725.5]]
		unit_class:t = "dyn_sam_site_s_75_x6"
		objLayer:i = 1
		props {
			army:i = 1
			active:b = true
		}
	}
	objectGroups {
		name:t = "t1_sam_site_06"
		tm:m = [[-0.359259, -1.24649e-8, -0.933238] [5.65355e-9, 1.0, -1.5533e-8] [0.933238, -1.08565e-8, -0.359259] [-26333.5, 92.478, -10709.6]]
		unit_class:t = "dyn_sam_site_s_75_x6"
		objLayer:i = 1
		props {
			army:i = 1
			active:b = true
		}
	}
	objectGroups {
		name:t = "t1_sam_site_07"
		tm:m = [[-0.359259, -1.24649e-8, -0.933238] [5.65355e-9, 1.0, -1.5533e-8] [0.933238, -1.08565e-8, -0.359259] [-17417.0, 49.45, -1400.7]]
		unit_class:t = "dyn_sam_site_s_75_x6"
		objLayer:i = 1
		props {
			army:i = 1
			active:b = true
		}
	}
	objectGroups {
		name:t = "t1_sam_site_08"
		tm:m = [[-0.359259, -1.24649e-8, -0.933238] [5.65355e-9, 1.0, -1.5533e-8] [0.933238, -1.08565e-8, -0.359259] [-19207.2, 225.123, -4238.1]]
		unit_class:t = "dyn_sam_site_s_75_x6"
		objLayer:i = 1
		props {
			army:i = 1
			active:b = true
		}
	}
	objectGroups {
		name:t = "t1_sam_site_09"
		tm:m = [[-0.359259, -1.24649e-8, -0.933238] [5.65355e-9, 1.0, -1.5533e-8] [0.933238, -1.08565e-8, -0.359259] [-13722.2, 136.844, 606.3]]
		unit_class:t = "dyn_sam_site_s_75_x6"
		objLayer:i = 1
		props {
			army:i = 1
			active:b = true
		}
	}
	objectGroups {
		name:t = "t1_sam_site_10"
		tm:m = [[-0.359259, -1.24649e-8, -0.933238] [5.65355e-9, 1.0, -1.5533e-8] [0.933238, -1.08565e-8, -0.359259] [-407.8, 13.7047, 1128.05]]
		unit_class:t = "dyn_sam_site_s_75_x6"
		objLayer:i = 1
		props {
			army:i = 1
			active:b = true
		}
	}
	objectGroups {
		name:t = "t1_sam_site_11"
		tm:m = [[-0.359259, -1.24649e-8, -0.933238] [5.65355e-9, 1.0, -1.5533e-8] [0.933238, -1.08565e-8, -0.359259] [-7848.75, 49.0161, 2701.55]]
		unit_class:t = "dyn_sam_site_s_75_x6"
		objLayer:i = 1
		props {
			army:i = 1
			active:b = true
		}
	}
	objectGroups {
		name:t = "t1_sam_site_12"
		tm:m = [[-0.359259, -1.24649e-8, -0.933238] [5.65355e-9, 1.0, -1.5533e-8] [0.933238, -1.08565e-8, -0.359259] [-4986.2, 21.3153, 559.2]]
		unit_class:t = "dyn_sam_site_s_75_x6"
		objLayer:i = 1
		props {
			army:i = 1
			active:b = true
		}
	}
	objectGroups {
		name:t = "t1_sam_site_13"
		tm:m = [[-0.359259, -1.24649e-8, -0.933238] [5.65355e-9, 1.0, -1.5533e-8] [0.933238, -1.08565e-8, -0.359259] [7106.1, 64.8175, 6134.37]]
		unit_class:t = "dyn_sam_site_s_75_x6"
		objLayer:i = 1
		props {
			army:i = 1
			active:b = true
		}
	}
	objectGroups {
		name:t = "t1_sam_site_14"
		tm:m = [[-0.359259, -1.24649e-8, -0.933238] [5.65355e-9, 1.0, -1.5533e-8] [0.933238, -1.08565e-8, -0.359259] [6544.55, 134.55, -1731.7]]
		unit_class:t = "dyn_sam_site_s_75_x6"
		objLayer:i = 1
		props {
			army:i = 1
			active:b = true
		}
	}
	objectGroups {
		name:t = "t1_sam_site_15"
		tm:m = [[-0.359259, -1.24649e-8, -0.933238] [5.65355e-9, 1.0, -1.5533e-8] [0.933238, -1.08565e-8, -0.359259] [5654.75, 316.256, 2505.15]]
		unit_class:t = "dyn_sam_site_s_75_x6"
		objLayer:i = 1
		props {
			army:i = 1
			active:b = true
		}
	}
	objectGroups {
		name:t = "t1_sam_site_16"
		tm:m = [[-0.359259, -1.24649e-8, -0.933238] [5.65355e-9, 1.0, -1.5533e-8] [0.933238, -1.08565e-8, -0.359259] [19173.1, 75.0914, 5825.37]]
		unit_class:t = "dyn_sam_site_s_75_x6"
		objLayer:i = 1
		props {
			army:i = 1
			active:b = true
		}
	}
	objectGroups {
		name:t = "t1_sam_site_17"
		tm:m = [[-0.359259, -1.24649e-8, -0.933238] [5.65355e-9, 1.0, -1.5533e-8] [0.933238, -1.08565e-8, -0.359259] [16191.5, 70.0562, 6980.25]]
		unit_class:t = "dyn_sam_site_s_75_x6"
		objLayer:i = 1
		props {
			army:i = 1
			active:b = true
		}
	}
	objectGroups {
		name:t = "t1_sam_site_18"
		tm:m = [[-0.359259, -1.24649e-8, -0.933238] [5.65355e-9, 1.0, -1.5533e-8] [0.933238, -1.08565e-8, -0.359259] [21083.8, 31.0599, 7550.55]]
		unit_class:t = "dyn_sam_site_s_75_x6"
		objLayer:i = 1
		props {
			army:i = 1
			active:b = true
		}
	}
	objectGroups {
		name:t = "t1_sam_site_19"
		tm:m = [[-0.359259, -1.24649e-8, -0.933238] [5.65355e-9, 1.0, -1.5533e-8] [0.933238, -1.08565e-8, -0.359259] [28251.7, 65.2392, 9062.53]]
		unit_class:t = "dyn_sam_site_s_75_x6"
		objLayer:i = 1
		props {
			army:i = 1
			active:b = true
		}
	}
	objectGroups {
		name:t = "t1_sam_site_20"
		tm:m = [[-0.359259, -1.24649e-8, -0.933238] [5.65355e-9, 1.0, -1.5533e-8] [0.933238, -1.08565e-8, -0.359259] [25426.0, 73.1143, 8359.5]]
		unit_class:t = "dyn_sam_site_s_75_x6"
		objLayer:i = 1
		props {
			army:i = 1
			active:b = true
		}
	}
	objectGroups {
		name:t = "t1_sam_site_21"
		tm:m = [[-0.359259, -1.24649e-8, -0.933238] [5.65355e-9, 1.0, -1.5533e-8] [0.933238, -1.08565e-8, -0.359259] [30846.3, 72.8145, 9438.55]]
		unit_class:t = "dyn_sam_site_s_75_x6"
		objLayer:i = 1
		props {
			army:i = 1
			active:b = true
		}
	}
	objectGroups {
		name:t = "t1_cover_spaa_basis_01"
		tm:m = [[-0.939693, 1.6597e-15, -0.34202] [5.65355e-9, 1.0, -1.5533e-8] [0.34202, -1.65299e-8, -0.939693] [-32794.1, 125.549, -12432.9]]
		unit_class:t = "dyn_foundation_7m"
		objLayer:i = 1
		props {
			army:i = 1
			active:b = true
		}
	}
	squad {
		name:t = "t1_cover_spaa_basis_01_squad"
		tm:m = [[0.939693, 3.17042e-17, 0.34202] [5.65355e-9, 1.0, -1.5533e-8] [-0.34202, 1.65299e-8, 0.939693] [-38981.7, 321.003, -24898.4]]
		props {
			squad_members:t = "t1_cover_spaa_basis_01"
			squad_members:t = "t1_cover_spaa_basis_02"
			squad_members:t = "t1_cover_spaa_basis_03"
			squad_members:t = "t1_cover_spaa_basis_04"
			squad_members:t = "t1_cover_spaa_basis_05"
			squad_members:t = "t1_cover_spaa_basis_06"
			squad_members:t = "t1_cover_spaa_basis_07"
			squad_members:t = "t1_cover_spaa_basis_08"
			squad_members:t = "t1_cover_spaa_basis_09"
			squad_members:t = "t1_cover_spaa_basis_10"
			squad_members:t = "t1_cover_spaa_basis_11"
			squad_members:t = "t1_cover_spaa_basis_12"
			squad_members:t = "t1_cover_spaa_basis_13"
			squad_members:t = "t1_cover_spaa_basis_14"
			squad_members:t = "t1_cover_spaa_basis_15"
			squad_members:t = "t1_cover_spaa_basis_16"
			squad_members:t = "t1_cover_spaa_basis_17"
			squad_members:t = "t1_cover_spaa_basis_18"
			squad_members:t = "t1_cover_spaa_basis_19"
			squad_members:t = "t1_cover_spaa_basis_20"
			squad_members:t = "t1_cover_spaa_basis_21"
			squad_members:t = "t1_cover_spaa_basis_22"
			squad_members:t = "t1_cover_spaa_basis_23"
			squad_members:t = "t1_cover_spaa_basis_24"
			squad_members:t = "t1_cover_spaa_basis_25"
			squad_members:t = "t1_cover_spaa_basis_26"
			squad_members:t = "t1_cover_spaa_basis_27"
			squad_members:t = "t1_cover_spaa_basis_28"
			squad_members:t = "t1_cover_spaa_basis_29"
			squad_members:t = "t1_cover_spaa_basis_30"
			squad_members:t = "t1_cover_spaa_basis_31"
			squad_members:t = "t1_cover_spaa_basis_32"
			squad_members:t = "t1_cover_spaa_basis_33"
			squad_members:t = "t1_cover_spaa_basis_34"
			squad_members:t = "t1_cover_spaa_basis_35"
			squad_members:t = "t1_cover_spaa_basis_36"
			squad_members:t = "t1_cover_spaa_basis_37"
			squad_members:t = "t1_cover_spaa_basis_38"
			squad_members:t = "t1_cover_spaa_basis_39"
			squad_members:t = "t1_cover_spaa_basis_40"
			squad_members:t = "t1_cover_spaa_basis_41"
			squad_members:t = "t1_cover_spaa_basis_42"
			squad_members:t = "t1_cover_spaa_basis_43"
			squad_members:t = "t1_cover_spaa_basis_44"
			squad_members:t = "t1_cover_spaa_basis_45"
			squad_members:t = "t1_cover_spaa_basis_46"
			squad_members:t = "t1_cover_spaa_basis_47"
			squad_members:t = "t1_cover_spaa_basis_48"
			squad_members:t = "t1_cover_spaa_basis_49"
			squad_members:t = "t1_cover_spaa_basis_50"
			squad_members:t = "t1_cover_spaa_basis_51"
			squad_members:t = "t1_cover_spaa_basis_52"
			squad_members:t = "t1_cover_spaa_basis_53"
			squad_members:t = "t1_cover_spaa_basis_54"
			squad_members:t = "t1_cover_spaa_basis_55"
			squad_members:t = "t1_cover_spaa_basis_56"
			squad_members:t = "t1_cover_spaa_basis_57"
			squad_members:t = "t1_cover_spaa_basis_58"
			squad_members:t = "t1_cover_spaa_basis_59"
			squad_members:t = "t1_cover_spaa_basis_60"
			squad_members:t = "t1_cover_spaa_basis_61"
			squad_members:t = "t1_cover_spaa_basis_62"
			squad_members:t = "t1_cover_spaa_basis_63"
			squad_members:t = "t1_cover_spaa_basis_64"
			squad_members:t = "t1_cover_spaa_basis_65"
			squad_members:t = "t1_cover_spaa_basis_66"
			squad_members:t = "t1_cover_spaa_basis_67"
			squad_members:t = "t1_cover_spaa_basis_68"
			squad_members:t = "t1_cover_spaa_basis_69"
			squad_members:t = "t1_cover_spaa_basis_70"
			squad_members:t = "t1_cover_spaa_basis_71"
			squad_members:t = "t1_cover_spaa_basis_72"
			squad_members:t = "t1_cover_spaa_basis_73"
			squad_members:t = "t1_cover_spaa_basis_74"
			squad_members:t = "t1_cover_spaa_basis_75"
			squad_members:t = "t1_cover_spaa_basis_76"
			squad_members:t = "t1_cover_spaa_basis_77"
			squad_members:t = "t1_cover_spaa_basis_78"
			squad_members:t = "t1_cover_spaa_basis_79"
			squad_members:t = "t1_cover_spaa_basis_80"
			squad_members:t = "t1_cover_spaa_basis_81"
			squad_members:t = "t1_cover_spaa_basis_82"
			squad_members:t = "t1_cover_spaa_basis_83"
			squad_members:t = "t1_cover_spaa_basis_84"
			squad_members:t = "t1_cover_spaa_basis_85"
			squad_members:t = "t1_cover_spaa_basis_86"
			squad_members:t = "t1_cover_spaa_basis_87"
			squad_members:t = "t1_cover_spaa_basis_88"
			squad_members:t = "t1_cover_spaa_basis_89"
			squad_members:t = "t1_cover_spaa_basis_90"
			squad_members:t = "t1_cover_spaa_basis_91"
			squad_members:t = "t1_cover_spaa_basis_92"
			squad_members:t = "t1_cover_spaa_basis_93"
			squad_members:t = "t1_cover_spaa_basis_94"
			squad_members:t = "t1_cover_spaa_basis_95"
			squad_members:t = "t1_cover_spaa_basis_96"
			squad_members:t = "t1_cover_spaa_basis_97"
			squad_members:t = "t1_cover_spaa_basis_98"
			squad_members:t = "t1_cover_spaa_basis_99"
			squad_members:t = "t1_cover_spaa_basis_100"
			squad_members:t = "t1_cover_spaa_basis_101"
			squad_members:t = "t1_cover_spaa_basis_102"
			squad_members:t = "t1_cover_spaa_basis_103"
			squad_members:t = "t1_cover_spaa_basis_104"
			squad_members:t = "t1_cover_spaa_basis_105"
			squad_members:t = "t1_cover_spaa_basis_106"
			squad_members:t = "t1_cover_spaa_basis_107"
			squad_members:t = "t1_cover_spaa_basis_108"
			squad_members:t = "t1_cover_spaa_basis_109"
			squad_members:t = "t1_cover_spaa_basis_110"
			squad_members:t = "t1_cover_spaa_basis_111"
			squad_members:t = "t1_cover_spaa_basis_112"
			squad_members:t = "t1_cover_spaa_basis_113"
			squad_members:t = "t1_cover_spaa_basis_114"
			squad_members:t = "t1_cover_spaa_basis_115"
			squad_members:t = "t1_cover_spaa_basis_116"
			squad_members:t = "t1_cover_spaa_basis_117"
			squad_members:t = "t1_cover_spaa_basis_118"
			squad_members:t = "t1_cover_spaa_basis_119"
			squad_members:t = "t1_cover_spaa_basis_120"
			squad_members:t = "t1_cover_spaa_basis_121"
			squad_members:t = "t1_cover_spaa_basis_122"
			squad_members:t = "t1_cover_spaa_basis_123"
			squad_members:t = "t1_cover_spaa_basis_124"
			squad_members:t = "t1_cover_spaa_basis_125"
			squad_members:t = "t1_cover_spaa_basis_126"
			squad_members:t = "t1_cover_spaa_basis_127"
			squad_members:t = "t1_cover_spaa_basis_128"
			squad_members:t = "t1_cover_spaa_basis_129"
			squad_members:t = "t1_cover_spaa_basis_130"
			squad_members:t = "t1_cover_spaa_basis_131"
			squad_members:t = "t1_cover_spaa_basis_132"
			squad_members:t = "t1_cover_spaa_basis_133"
			squad_members:t = "t1_cover_spaa_basis_134"
			squad_members:t = "t1_cover_spaa_basis_135"
			squad_members:t = "t1_cover_spaa_basis_136"
			squad_members:t = "t1_cover_spaa_basis_137"
			squad_members:t = "t1_cover_spaa_basis_138"
			squad_members:t = "t1_cover_spaa_basis_139"
			squad_members:t = "t1_cover_spaa_basis_140"
			squad_members:t = "t1_cover_spaa_basis_141"
			squad_members:t = "t1_cover_spaa_basis_142"
			squad_members:t = "t1_cover_spaa_basis_143"
			squad_members:t = "t1_cover_spaa_basis_144"
			squad_members:t = "t1_cover_spaa_basis_145"
			squad_members:t = "t1_cover_spaa_basis_146"
			squad_members:t = "t1_cover_spaa_basis_147"
			squad_members:t = "t1_cover_spaa_basis_148"
			squad_members:t = "t1_cover_spaa_basis_149"
			squad_members:t = "t1_cover_spaa_basis_150"
			squad_members:t = "t1_cover_spaa_basis_151"
			squad_members:t = "t1_cover_spaa_basis_152"
			squad_members:t = "t1_cover_spaa_basis_153"
			squad_members:t = "t1_cover_spaa_basis_154"
			squad_members:t = "t1_cover_spaa_basis_155"
			squad_members:t = "t1_cover_spaa_basis_156"
			squad_members:t = "t1_cover_spaa_basis_157"
			squad_members:t = "t1_cover_spaa_basis_158"
			squad_members:t = "t1_cover_spaa_basis_159"
			squad_members:t = "t1_cover_spaa_basis_160"
			squad_members:t = "t1_cover_spaa_basis_161"
			squad_members:t = "t1_cover_spaa_basis_162"
			squad_members:t = "t1_cover_spaa_basis_163"
			squad_members:t = "t1_cover_spaa_basis_164"
			squad_members:t = "t1_cover_spaa_basis_165"
			squad_members:t = "t1_cover_spaa_basis_166"
			squad_members:t = "t1_cover_spaa_basis_167"
			squad_members:t = "t1_cover_spaa_basis_168"
			squad_members:t = "t1_cover_spaa_basis_169"
			squad_members:t = "t1_cover_spaa_basis_170"
			squad_members:t = "t1_cover_spaa_basis_171"
			squad_members:t = "t1_cover_spaa_basis_172"
			squad_members:t = "t1_cover_spaa_basis_173"
			squad_members:t = "t1_cover_spaa_basis_174"
			squad_members:t = "t1_cover_spaa_basis_175"
			squad_members:t = "t1_cover_spaa_basis_176"
			squad_members:t = "t1_cover_spaa_basis_177"
			squad_members:t = "t1_cover_spaa_basis_178"
			squad_members:t = "t1_cover_spaa_basis_179"
			squad_members:t = "t1_cover_spaa_basis_180"
			squad_members:t = "t1_cover_spaa_basis_181"
			squad_members:t = "t1_cover_spaa_basis_182"
			squad_members:t = "t1_cover_spaa_basis_183"
			squad_members:t = "t1_cover_spaa_basis_184"
			squad_members:t = "t1_cover_spaa_basis_185"
			squad_members:t = "t1_cover_spaa_basis_186"
			squad_members:t = "t1_cover_spaa_basis_187"
			squad_members:t = "t1_cover_spaa_basis_188"
			squad_members:t = "t1_cover_spaa_basis_189"
			squad_members:t = "t1_cover_spaa_basis_190"
			squad_members:t = "t1_cover_spaa_basis_191"
			squad_members:t = "t1_cover_spaa_basis_192"
			squad_members:t = "t1_cover_spaa_basis_193"
			squad_members:t = "t1_cover_spaa_basis_194"
			squad_members:t = "t1_cover_spaa_basis_195"
			squad_members:t = "t1_cover_spaa_basis_196"
			squad_members:t = "t1_cover_spaa_basis_197"
			squad_members:t = "t1_cover_spaa_basis_198"
			squad_members:t = "t1_cover_spaa_basis_199"
			squad_members:t = "t1_cover_spaa_basis_200"
			squad_members:t = "t1_cover_spaa_basis_201"
			squad_members:t = "t1_cover_spaa_basis_202"
			squad_members:t = "t1_cover_spaa_basis_203"
			squad_members:t = "t1_cover_spaa_basis_204"
			squad_members:t = "t1_cover_spaa_basis_205"
			squad_members:t = "t1_cover_spaa_basis_206"
			squad_members:t = "t1_cover_spaa_basis_207"
			squad_members:t = "t1_cover_spaa_basis_208"
			squad_members:t = "t1_cover_spaa_basis_209"
			squad_members:t = "t1_cover_spaa_basis_210"
			squad_members:t = "t1_cover_spaa_basis_211"
			squad_members:t = "t1_cover_spaa_basis_212"
			squad_members:t = "t1_cover_spaa_basis_213"
			squad_members:t = "t1_cover_spaa_basis_214"
			squad_members:t = "t1_cover_spaa_basis_215"
			squad_members:t = "t1_cover_spaa_basis_216"
			squad_members:t = "t1_cover_spaa_basis_217"
			squad_members:t = "t1_cover_spaa_basis_218"
			squad_members:t = "t1_cover_spaa_basis_219"
			squad_members:t = "t1_cover_spaa_basis_220"
			squad_members:t = "t1_cover_spaa_basis_221"
			squad_members:t = "t1_cover_spaa_basis_222"
			squad_members:t = "t1_cover_spaa_basis_223"
			squad_members:t = "t1_cover_spaa_basis_224"
			squad_members:t = "t1_cover_spaa_basis_225"
			squad_members:t = "t1_cover_spaa_basis_226"
			squad_members:t = "t1_cover_spaa_basis_227"
			squad_members:t = "t1_cover_spaa_basis_228"
			squad_members:t = "t1_cover_spaa_basis_229"
			squad_members:t = "t1_cover_spaa_basis_230"
			squad_members:t = "t1_cover_spaa_basis_231"
			squad_members:t = "t1_cover_spaa_basis_232"
			squad_members:t = "t1_cover_spaa_basis_233"
			squad_members:t = "t1_cover_spaa_basis_234"
			squad_members:t = "t1_cover_spaa_basis_235"
			squad_members:t = "t1_cover_spaa_basis_236"
			squad_members:t = "t1_cover_spaa_basis_237"
			squad_members:t = "t1_cover_spaa_basis_238"
			squad_members:t = "t1_cover_spaa_basis_239"
			squad_members:t = "t1_cover_spaa_basis_240"
			squad_members:t = "t1_cover_spaa_basis_241"
			squad_members:t = "t1_cover_spaa_basis_242"
			squad_members:t = "t1_cover_spaa_basis_243"
			squad_members:t = "t1_cover_spaa_basis_244"
			squad_members:t = "t1_cover_spaa_basis_245"
			squad_members:t = "t1_cover_spaa_basis_246"
			squad_members:t = "t1_cover_spaa_basis_247"
			squad_members:t = "t1_cover_spaa_basis_248"
			squad_members:t = "t1_cover_spaa_basis_249"
			squad_members:t = "t1_cover_spaa_basis_250"
			squad_members:t = "t1_cover_spaa_basis_251"
			squad_members:t = "t1_cover_spaa_basis_252"
			squad_members:t = "t1_cover_spaa_basis_253"
			squad_members:t = "t1_cover_spaa_basis_254"
			squad_members:t = "t1_cover_spaa_basis_255"
		}
	}
	objectGroups {
		name:t = "t1_cover_spaa_basis_02"
		tm:m = [[-0.939693, 1.6597e-15, -0.34202] [5.65355e-9, 1.0, -1.5533e-8] [0.34202, -1.65299e-8, -0.939693] [-32962.6, 205.038, -12298.0]]
		unit_class:t = "dyn_foundation_7m"
		objLayer:i = 1
		props {
			army:i = 1
			active:b = true
		}
	}
	squad {
		name:t = "t1_cover_spaa_basis_02_squad"
		tm:m = [[0.939693, 3.17042e-17, 0.34202] [5.65355e-9, 1.0, -1.5533e-8] [-0.34202, 1.65299e-8, 0.939693] [-38903.2, 340.953, -25114.1]]
		props {
			squad_members:t = "t1_cover_spaa_basis_256"
			squad_members:t = "t1_cover_spaa_basis_257"
			squad_members:t = "t1_cover_spaa_basis_258"
			squad_members:t = "t1_cover_spaa_basis_259"
			squad_members:t = "t1_cover_spaa_basis_260"
			squad_members:t = "t1_cover_spaa_basis_261"
			squad_members:t = "t1_cover_spaa_basis_262"
			squad_members:t = "t1_cover_spaa_basis_263"
			squad_members:t = "t1_cover_spaa_basis_264"
			squad_members:t = "t1_cover_spaa_basis_265"
			squad_members:t = "t1_cover_spaa_basis_266"
			squad_members:t = "t1_cover_spaa_basis_267"
			squad_members:t = "t1_cover_spaa_basis_268"
			squad_members:t = "t1_cover_spaa_basis_269"
			squad_members:t = "t1_cover_spaa_basis_270"
			squad_members:t = "t1_cover_spaa_basis_271"
			squad_members:t = "t1_cover_spaa_basis_272"
			squad_members:t = "t1_cover_spaa_basis_273"
			squad_members:t = "t1_cover_spaa_basis_274"
			squad_members:t = "t1_cover_spaa_basis_275"
			squad_members:t = "t1_cover_spaa_basis_276"
			squad_members:t = "t1_cover_spaa_basis_277"
			squad_members:t = "t1_cover_spaa_basis_278"
			squad_members:t = "t1_cover_spaa_basis_279"
			squad_members:t = "t1_cover_spaa_basis_280"
			squad_members:t = "t1_cover_spaa_basis_281"
			squad_members:t = "t1_cover_spaa_basis_282"
			squad_members:t = "t1_cover_spaa_basis_283"
			squad_members:t = "t1_cover_spaa_basis_284"
			squad_members:t = "t1_cover_spaa_basis_285"
			squad_members:t = "t1_cover_spaa_basis_286"
			squad_members:t = "t1_cover_spaa_basis_287"
			squad_members:t = "t1_cover_spaa_basis_288"
			squad_members:t = "t1_cover_spaa_basis_289"
			squad_members:t = "t1_cover_spaa_basis_290"
			squad_members:t = "t1_cover_spaa_basis_291"
			squad_members:t = "t1_cover_spaa_basis_292"
			squad_members:t = "t1_cover_spaa_basis_293"
			squad_members:t = "t1_cover_spaa_basis_294"
			squad_members:t = "t1_cover_spaa_basis_295"
			squad_members:t = "t1_cover_spaa_basis_296"
			squad_members:t = "t1_cover_spaa_basis_297"
			squad_members:t = "t1_cover_spaa_basis_298"
			squad_members:t = "t1_cover_spaa_basis_299"
			squad_members:t = "t1_cover_spaa_basis_300"
			squad_members:t = "t1_cover_spaa_basis_301"
			squad_members:t = "t1_cover_spaa_basis_302"
			squad_members:t = "t1_cover_spaa_basis_303"
			squad_members:t = "t1_cover_spaa_basis_304"
			squad_members:t = "t1_cover_spaa_basis_305"
			squad_members:t = "t1_cover_spaa_basis_306"
			squad_members:t = "t1_cover_spaa_basis_307"
			squad_members:t = "t1_cover_spaa_basis_308"
			squad_members:t = "t1_cover_spaa_basis_309"
			squad_members:t = "t1_cover_spaa_basis_310"
			squad_members:t = "t1_cover_spaa_basis_311"
			squad_members:t = "t1_cover_spaa_basis_312"
			squad_members:t = "t1_cover_spaa_basis_313"
			squad_members:t = "t1_cover_spaa_basis_314"
			squad_members:t = "t1_cover_spaa_basis_315"
			squad_members:t = "t1_cover_spaa_basis_316"
			squad_members:t = "t1_cover_spaa_basis_317"
			squad_members:t = "t1_cover_spaa_basis_318"
			squad_members:t = "t1_cover_spaa_basis_319"
			squad_members:t = "t1_cover_spaa_basis_320"
			squad_members:t = "t1_cover_spaa_basis_321"
			squad_members:t = "t1_cover_spaa_basis_322"
			squad_members:t = "t1_cover_spaa_basis_323"
			squad_members:t = "t1_cover_spaa_basis_324"
			squad_members:t = "t1_cover_spaa_basis_325"
			squad_members:t = "t1_cover_spaa_basis_326"
			squad_members:t = "t1_cover_spaa_basis_327"
			squad_members:t = "t1_cover_spaa_basis_328"
			squad_members:t = "t1_cover_spaa_basis_329"
			squad_members:t = "t1_cover_spaa_basis_330"
			squad_members:t = "t1_cover_spaa_basis_331"
			squad_members:t = "t1_cover_spaa_basis_332"
			squad_members:t = "t1_cover_spaa_basis_333"
			squad_members:t = "t1_cover_spaa_basis_334"
			squad_members:t = "t1_cover_spaa_basis_335"
			squad_members:t = "t1_cover_spaa_basis_336"
			squad_members:t = "t1_cover_spaa_basis_337"
			squad_members:t = "t1_cover_spaa_basis_338"
			squad_members:t = "t1_cover_spaa_basis_339"
			squad_members:t = "t1_cover_spaa_basis_340"
			squad_members:t = "t1_cover_spaa_basis_341"
			squad_members:t = "t1_cover_spaa_basis_342"
			squad_members:t = "t1_cover_spaa_basis_343"
			squad_members:t = "t1_cover_spaa_basis_344"
			squad_members:t = "t1_cover_spaa_basis_345"
			squad_members:t = "t1_cover_spaa_basis_346"
			squad_members:t = "t1_cover_spaa_basis_347"
			squad_members:t = "t1_cover_spaa_basis_348"
			squad_members:t = "t1_cover_spaa_basis_349"
			squad_members:t = "t1_cover_spaa_basis_350"
			squad_members:t = "t1_cover_spaa_basis_351"
			squad_members:t = "t1_cover_spaa_basis_352"
			squad_members:t = "t1_cover_spaa_basis_353"
			squad_members:t = "t1_cover_spaa_basis_354"
			squad_members:t = "t1_cover_spaa_basis_355"
			squad_members:t = "t1_cover_spaa_basis_356"
			squad_members:t = "t1_cover_spaa_basis_357"
			squad_members:t = "t1_cover_spaa_basis_358"
			squad_members:t = "t1_cover_spaa_basis_359"
			squad_members:t = "t1_cover_spaa_basis_360"
			squad_members:t = "t1_cover_spaa_basis_361"
			squad_members:t = "t1_cover_spaa_basis_362"
			squad_members:t = "t1_cover_spaa_basis_363"
			squad_members:t = "t1_cover_spaa_basis_364"
			squad_members:t = "t1_cover_spaa_basis_365"
			squad_members:t = "t1_cover_spaa_basis_366"
			squad_members:t = "t1_cover_spaa_basis_367"
			squad_members:t = "t1_cover_spaa_basis_368"
			squad_members:t = "t1_cover_spaa_basis_369"
			squad_members:t = "t1_cover_spaa_basis_370"
			squad_members:t = "t1_cover_spaa_basis_371"
			squad_members:t = "t1_cover_spaa_basis_372"
			squad_members:t = "t1_cover_spaa_basis_373"
			squad_members:t = "t1_cover_spaa_basis_374"
			squad_members:t = "t1_cover_spaa_basis_375"
			squad_members:t = "t1_cover_spaa_basis_376"
			squad_members:t = "t1_cover_spaa_basis_377"
			squad_members:t = "t1_cover_spaa_basis_378"
			squad_members:t = "t1_cover_spaa_basis_379"
			squad_members:t = "t1_cover_spaa_basis_380"
			squad_members:t = "t1_cover_spaa_basis_381"
			squad_members:t = "t1_cover_spaa_basis_382"
			squad_members:t = "t1_cover_spaa_basis_383"
			squad_members:t = "t1_cover_spaa_basis_384"
			squad_members:t = "t1_cover_spaa_basis_385"
			squad_members:t = "t1_cover_spaa_basis_386"
			squad_members:t = "t1_cover_spaa_basis_387"
			squad_members:t = "t1_cover_spaa_basis_388"
			squad_members:t = "t1_cover_spaa_basis_389"
			squad_members:t = "t1_cover_spaa_basis_390"
			squad_members:t = "t1_cover_spaa_basis_391"
			squad_members:t = "t1_cover_spaa_basis_392"
			squad_members:t = "t1_cover_spaa_basis_393"
			squad_members:t = "t1_cover_spaa_basis_394"
			squad_members:t = "t1_cover_spaa_basis_395"
			squad_members:t = "t1_cover_spaa_basis_396"
			squad_members:t = "t1_cover_spaa_basis_397"
			squad_members:t = "t1_cover_spaa_basis_398"
			squad_members:t = "t1_cover_spaa_basis_399"
			squad_members:t = "t1_cover_spaa_basis_400"
			squad_members:t = "t1_cover_spaa_basis_401"
			squad_members:t = "t1_cover_spaa_basis_402"
			squad_members:t = "t1_cover_spaa_basis_403"
			squad_members:t = "t1_cover_spaa_basis_404"
			squad_members:t = "t1_cover_spaa_basis_405"
			squad_members:t = "t1_cover_spaa_basis_406"
			squad_members:t = "t1_cover_spaa_basis_407"
			squad_members:t = "t1_cover_spaa_basis_408"
			squad_members:t = "t1_cover_spaa_basis_409"
			squad_members:t = "t1_cover_spaa_basis_410"
			squad_members:t = "t1_cover_spaa_basis_411"
			squad_members:t = "t1_cover_spaa_basis_412"
			squad_members:t = "t1_cover_spaa_basis_413"
			squad_members:t = "t1_cover_spaa_basis_414"
			squad_members:t = "t1_cover_spaa_basis_415"
			squad_members:t = "t1_cover_spaa_basis_416"
			squad_members:t = "t1_cover_spaa_basis_417"
			squad_members:t = "t1_cover_spaa_basis_418"
			squad_members:t = "t1_cover_spaa_basis_419"
			squad_members:t = "t1_cover_spaa_basis_420"
		}
	}
	objectGroups {
		name:t = "t1_cover_spaa_basis_03"
		tm:m = [[-0.939693, 1.6597e-15, -0.34202] [5.65355e-9, 1.0, -1.5533e-8] [0.34202, -1.65299e-8, -0.939693] [-33076.0, 211.837, -12405.3]]
		unit_class:t = "dyn_foundation_7m"
		objLayer:i = 1
		props {
			army:i = 1
			active:b = true
		}
	}
	objectGroups {
		name:t = "t1_cover_spaa_basis_04"
		tm:m = [[-0.939693, 1.6597e-15, -0.34202] [5.65355e-9, 1.0, -1.5533e-8] [0.34202, -1.65299e-8, -0.939693] [-32970.8, 199.458, -12058.7]]
		unit_class:t = "dyn_foundation_7m"
		objLayer:i = 1
		props {
			army:i = 1
			active:b = true
		}
	}
	objectGroups {
		name:t = "t1_cover_spaa_basis_05"
		tm:m = [[-0.939693, 1.6597e-15, -0.34202] [5.65355e-9, 1.0, -1.5533e-8] [0.34202, -1.65299e-8, -0.939693] [-33261.4, 229.265, -12328.0]]
		unit_class:t = "dyn_foundation_7m"
		objLayer:i = 1
		props {
			army:i = 1
			active:b = true
		}
	}
	objectGroups {
		name:t = "t1_cover_spaa_basis_06"
		tm:m = [[-0.939693, 1.6597e-15, -0.34202] [5.65355e-9, 1.0, -1.5533e-8] [0.34202, -1.65299e-8, -0.939693] [-33378.6, 389.005, -11738.7]]
		unit_class:t = "dyn_foundation_7m"
		objLayer:i = 1
		props {
			army:i = 1
			active:b = true
		}
	}
	objectGroups {
		name:t = "t1_cover_spaa_basis_07"
		tm:m = [[-0.939693, 1.6597e-15, -0.34202] [5.65355e-9, 1.0, -1.5533e-8] [0.34202, -1.65299e-8, -0.939693] [-33301.6, 482.274, -11402.8]]
		unit_class:t = "dyn_foundation_7m"
		objLayer:i = 1
		props {
			army:i = 1
			active:b = true
		}
	}
	objectGroups {
		name:t = "t1_cover_spaa_basis_08"
		tm:m = [[-0.939693, 1.6597e-15, -0.34202] [5.65355e-9, 1.0, -1.5533e-8] [0.34202, -1.65299e-8, -0.939693] [-33540.1, 482.389, -11459.1]]
		unit_class:t = "dyn_foundation_7m"
		objLayer:i = 1
		props {
			army:i = 1
			active:b = true
		}
	}
	objectGroups {
		name:t = "t1_cover_spaa_basis_09"
		tm:m = [[-0.939693, 1.6597e-15, -0.34202] [5.65355e-9, 1.0, -1.5533e-8] [0.34202, -1.65299e-8, -0.939693] [-33353.3, 472.124, -11264.7]]
		unit_class:t = "dyn_foundation_7m"
		objLayer:i = 1
		props {
			army:i = 1
			active:b = true
		}
	}
	objectGroups {
		name:t = "t1_cover_spaa_basis_10"
		tm:m = [[-0.939693, 1.6597e-15, -0.34202] [5.65355e-9, 1.0, -1.5533e-8] [0.34202, -1.65299e-8, -0.939693] [-33219.0, 495.488, -11268.9]]
		unit_class:t = "dyn_foundation_7m"
		objLayer:i = 1
		props {
			army:i = 1
			active:b = true
		}
	}
	objectGroups {
		name:t = "t1_cover_spaa_basis_100"
		tm:m = [[-0.939693, 1.6597e-15, -0.34202] [5.65355e-9, 1.0, -1.5533e-8] [0.34202, -1.65299e-8, -0.939693] [-28618.3, 58.7142, -9858.49]]
		unit_class:t = "dyn_foundation_7m"
		objLayer:i = 1
		props {
			army:i = 1
			active:b = true
		}
	}
	objectGroups {
		name:t = "t1_cover_spaa_basis_101"
		tm:m = [[-0.939693, 1.6597e-15, -0.34202] [5.65355e-9, 1.0, -1.5533e-8] [0.34202, -1.65299e-8, -0.939693] [-26242.8, 132.692, -11594.2]]
		unit_class:t = "dyn_foundation_7m"
		objLayer:i = 1
		props {
			army:i = 1
			active:b = true
		}
	}
	objectGroups {
		name:t = "t1_cover_spaa_basis_102"
		tm:m = [[-0.939693, 1.6597e-15, -0.34202] [5.65355e-9, 1.0, -1.5533e-8] [0.34202, -1.65299e-8, -0.939693] [-26528.0, 68.0452, -11304.0]]
		unit_class:t = "dyn_foundation_7m"
		objLayer:i = 1
		props {
			army:i = 1
			active:b = true
		}
	}
	objectGroups {
		name:t = "t1_cover_spaa_basis_103"
		tm:m = [[-0.939693, 1.6597e-15, -0.34202] [5.65355e-9, 1.0, -1.5533e-8] [0.34202, -1.65299e-8, -0.939693] [-26569.9, 68.5598, -11449.7]]
		unit_class:t = "dyn_foundation_7m"
		objLayer:i = 1
		props {
			army:i = 1
			active:b = true
		}
	}
	objectGroups {
		name:t = "t1_cover_spaa_basis_104"
		tm:m = [[-0.939693, 1.6597e-15, -0.34202] [5.65355e-9, 1.0, -1.5533e-8] [0.34202, -1.65299e-8, -0.939693] [-26488.3, 55.1144, -10992.2]]
		unit_class:t = "dyn_foundation_7m"
		objLayer:i = 1
		props {
			army:i = 1
			active:b = true
		}
	}
	objectGroups {
		name:t = "t1_cover_spaa_basis_105"
		tm:m = [[-0.939693, 1.6597e-15, -0.34202] [5.65355e-9, 1.0, -1.5533e-8] [0.34202, -1.65299e-8, -0.939693] [-26848.9, 63.2462, -11072.2]]
		unit_class:t = "dyn_foundation_7m"
		objLayer:i = 1
		props {
			army:i = 1
			active:b = true
		}
	}
	objectGroups {
		name:t = "t1_cover_spaa_basis_106"
		tm:m = [[-0.939693, 1.6597e-15, -0.34202] [5.65355e-9, 1.0, -1.5533e-8] [0.34202, -1.65299e-8, -0.939693] [-26742.0, 46.0192, -10730.3]]
		unit_class:t = "dyn_foundation_7m"
		objLayer:i = 1
		props {
			army:i = 1
			active:b = true
		}
	}
	objectGroups {
		name:t = "t1_cover_spaa_basis_107"
		tm:m = [[-0.939693, 1.6597e-15, -0.34202] [5.65355e-9, 1.0, -1.5533e-8] [0.34202, -1.65299e-8, -0.939693] [-26512.8, 92.4604, -10400.0]]
		unit_class:t = "dyn_foundation_7m"
		objLayer:i = 1
		props {
			army:i = 1
			active:b = true
		}
	}
	objectGroups {
		name:t = "t1_cover_spaa_basis_108"
		tm:m = [[-0.939693, 1.6597e-15, -0.34202] [5.65355e-9, 1.0, -1.5533e-8] [0.34202, -1.65299e-8, -0.939693] [-27132.1, 46.8422, -10487.8]]
		unit_class:t = "dyn_foundation_7m"
		objLayer:i = 1
		props {
			army:i = 1
			active:b = true
		}
	}
	objectGroups {
