selected_tag:t = ""
bin_dump_file:t = ""
mission_settings {
	player {
		army:i = 1
		wing:t = "t1_player01"
		wing:t = "t1_player02"
		wing:t = "t1_player03"
		wing:t = "t1_player04"
		wing:t = "t1_player05"
		wing:t = "t1_player06"
		wing:t = "t1_player07"
		wing:t = "t1_player08"
		wing:t = "t1_player09"
		wing:t = "t1_player10"
		wing:t = "t1_player11"
		wing:t = "t1_player12"
		wing:t = "t1_player13"
		wing:t = "t1_player14"
		wing:t = "t1_player15"
		wing:t = "t1_player16"
	}
	player_teamB {
		army:i = 2
		wing:t = "t2_player01"
		wing:t = "t2_player02"
		wing:t = "t2_player03"
		wing:t = "t2_player04"
		wing:t = "t2_player05"
		wing:t = "t2_player06"
		wing:t = "t2_player07"
		wing:t = "t2_player08"
		wing:t = "t2_player09"
		wing:t = "t2_player10"
		wing:t = "t2_player11"
		wing:t = "t2_player12"
		wing:t = "t2_player13"
		wing:t = "t2_player14"
		wing:t = "t2_player15"
		wing:t = "t2_player16"
		wing:t = "t2_player17"
	}
	mission {
		level:t = "levels/tunisia.bin"
		type:t = "domination"
		environment:t = "Day"
		weather:t = "hazy"
		locName:t = "missions/tunisia_BfDn;missions/air_newbie"
		locDesc:t = "missions/_BfD_norespawn/desc"
		scoreLimit:i = 2900
		timeLimit:i = 25
		deathPenaltyMul:r = 0
		country_axis:t = "germany"
		country_allies:t = "britain"
		restoreType:t = "attempts"
		optionalTakeOff:b = false
		allowedUnitTypes {
			isAirplanesAllowed:b = true
			isTanksAllowed:b = false
			isShipsAllowed:b = false
			isHelicoptersAllowed:b = false
		}
	}
	spectator_points {
		spectatorPoint:t = "spectator_point_01"
		spectatorPoint:t = "spectator_point_02"
		spectatorPoint:t = "spectator_point_03"
		spectatorPoint:t = "spectator_point_04"
	}
	briefing {
		place_loc:t = ""
		date_loc:t = ""
		objective_loc:t = ""
		music:t = "action_01"
		part {
			event:t = ""
			minTime:i = 0
			slide {
				map:b = true
				minTime:i = 4
				picture:t = ""
				showAirMap:b = false
				arrow {
					width:i = 1
					side:t = "ally"
					point:t = "t1_briefing_defend_point"
					point:t = "briefing_central_point"
				}
				arrow {
					width:i = 1
					side:t = "ally"
					point:t = "t1_briefing_defend_point"
					point:t = "briefing_central_point"
					point:t = "briefing_central_point"
				}
				icon {
					icontype:t = "fighter"
					side:t = "ally"
					target:t = "t1_common_fighters_spawn"
					lookAt:t = "area_01"
				}
				icon {
					icontype:t = "fighter"
					side:t = "enemy"
					target:t = "t2_common_fighters_spawn"
					lookAt:t = "area_01"
				}
				icon {
					icontype:t = "tank"
					side:t = "ally"
					target:t = "t1_briefing_defend_point"
				}
				icon {
					icontype:t = "tank"
					side:t = "enemy"
					target:t = "t2_briefing_defend_point"
				}
			}
		}
	}
}
imports {
	import_record {
		file:t = "gameData/missions/templates/base_logic_template.blk"
		importAreas:b = true
		importUnits:b = true
		importTriggers:b = true
		importMissionObjectives:b = true
		importWayPoints:b = true
		importDialogs:b = true
		showAreas:b = true
		showUnits:b = true
		showTriggers:b = true
		showMissionObjectives:b = true
		showWayPoints:b = true
		showDialogs:b = true
		excludes {

		}
	}
	import_record {
		file:t = "gameData/missions/templates/destroy_airfield_zone_template.blk"
		importAreas:b = true
		importUnits:b = true
		importTriggers:b = true
		importMissionObjectives:b = true
		importWayPoints:b = true
		importDialogs:b = true
		showAreas:b = true
		showUnits:b = true
		showTriggers:b = true
		showMissionObjectives:b = true
		showWayPoints:b = true
		showDialogs:b = true
		excludes {

		}
	}
	import_record {
		file:t = "gameData/missions/templates/destroy_bomb_areas_template.blk"
		importAreas:b = true
		importUnits:b = true
		importTriggers:b = true
		importMissionObjectives:b = true
		importWayPoints:b = true
		importDialogs:b = true
		showAreas:b = true
		showUnits:b = true
		showTriggers:b = true
		showMissionObjectives:b = true
		showWayPoints:b = true
		showDialogs:b = true
		excludes {

		}
	}
	import_record {
		file:t = "gameData/missions/templates/players_adjuster_template.blk"
		importAreas:b = true
		importUnits:b = true
		importTriggers:b = true
		importMissionObjectives:b = true
		importWayPoints:b = true
		importDialogs:b = true
		showAreas:b = true
		showUnits:b = true
		showTriggers:b = true
		showMissionObjectives:b = true
		showWayPoints:b = true
		showDialogs:b = true
		excludes {

		}
	}
	import_record {
		file:t = "gameData/missions/templates/land_units_move_template.blk"
		importAreas:b = true
		importUnits:b = true
		importTriggers:b = true
		importMissionObjectives:b = true
		importWayPoints:b = true
		importDialogs:b = true
		showAreas:b = true
		showUnits:b = true
		showTriggers:b = true
		showMissionObjectives:b = true
		showWayPoints:b = true
		showDialogs:b = true
		excludes {

		}
	}
	import_record {
		file:t = "gameData/missions/bridges/tunisia_bridges.blk"
		importAreas:b = true
		importUnits:b = true
		importTriggers:b = true
		importMissionObjectives:b = true
		importWayPoints:b = true
		importDialogs:b = true
		showAreas:b = true
		showUnits:b = true
		showTriggers:b = true
		showMissionObjectives:b = true
		showWayPoints:b = true
		showDialogs:b = true
		excludes {

		}
	}
	import_record {
		file:t = "gameData/missions/templates/air_templates/rb_air_spawns_template.blk"
		importAreas:b = true
		importUnits:b = true
		importTriggers:b = true
		importMissionObjectives:b = true
		importWayPoints:b = true
		importDialogs:b = true
		showAreas:b = true
		showUnits:b = true
		showTriggers:b = true
		showMissionObjectives:b = true
		showWayPoints:b = true
		showDialogs:b = true
		excludes {

		}
	}
	import_record {
		file:t = "gameData/missions/templates/air_templates/aat_aaa_template.blk"
		importAreas:b = true
		importUnits:b = true
		importTriggers:b = true
		importMissionObjectives:b = true
		importWayPoints:b = true
		importDialogs:b = true
		showAreas:b = true
		showUnits:b = true
		showTriggers:b = true
		showMissionObjectives:b = true
		showWayPoints:b = true
		showDialogs:b = true
		excludes {

		}
	}
}
triggers {
	isCategory:b = true
	is_enabled:b = true
	mission_start_both {
		is_enabled:b = true
		comments:t = ""
		props {
			actionsType:t = "PERFORM_ONE_BY_ONE"
			conditionsType:t = "ALL"
			enableAfterComplete:b = false
		}
		events {
			initMission {

			}
		}
		conditions {

		}
		actions {
			comment {
				value:t = "force air spawns"
			}
			varSetBool {
				value:b = true
				var:t = "force_air_spawn"
			}
		}
		else_actions {

		}
	}
	start_mission {
		is_enabled:b = true
		comments:t = ""
		props {
			actionsType:t = "PERFORM_ONE_BY_ONE"
			conditionsType:t = "ALL"
			enableAfterComplete:b = false
		}
		events {
			initMission {

			}
		}
		conditions {

		}
		actions {
			varSetBool {
				value:b = true
				var:t = "isBombingZonesAffect"
			}
			unitSetIndication {
				set:b = true
				target:t = "t1_quest_units_squad"
				target_marking:i = 0
				object_var_name:t = ""
				object_var_comp_op:t = "equal"
				object_var_value:i = 0
				team:t = "B"
			}
			unitSetIndication {
				set:b = true
				target:t = "t2_quest_units_squad"
				target_marking:i = 0
				object_var_name:t = ""
				object_var_comp_op:t = "equal"
				object_var_value:i = 0
				team:t = "A"
			}
			unitSetProperties {
				object:t = "t1_tanks_squad"
				object:t = "t2_tanks_squad"
				object:t = "t1_bunkers_squad"
				object:t = "t2_bunkers_squad"
				object_marking:i = 0
				object_var_name:t = ""
				object_var_comp_op:t = "equal"
				object_var_value:i = 0
				accuracy:r = 0
				effShootingRate:r = 0
			}
			unitSetProperties {
				object:t = "t1_trucks_squad"
				object:t = "t2_trucks_squad"
				object:t = "t1_aaa_squad"
				object:t = "t2_aaa_squad"
				object_marking:i = 0
				object_var_name:t = ""
				object_var_comp_op:t = "equal"
				object_var_value:i = 0
				accuracy:r = 0.1
				effShootingRate:r = 0
				airEffShootingRate:r = 0.1
				fireRandom:b = true
				targetChangeInterval:r = 5
				targetChangeProb:r = 0.25
			}
			comment {
				value:t = ""
			}
			wait {
				time:r = 20
			}
			moAddMissionObjective {
				target:t = "tunisia_BfDn_t1_assist"
				object_var_comp_op:t = "equal"
				object_var_name:t = ""
			}
			moAddMissionObjective {
				target:t = "tunisia_BfDn_t2_assist"
				object_var_comp_op:t = "equal"
				object_var_name:t = ""
			}
		}
		else_actions {

		}
	}
	update_indicators {
		is_enabled:b = true
		comments:t = ""
		props {
			actionsType:t = "PERFORM_ONE_BY_ONE"
			conditionsType:t = "ALL"
			enableAfterComplete:b = true
		}
		events {
			periodicEvent {
				time:r = 1
			}
		}
		conditions {

		}
		actions {
			missionSetTargetsIndicator {
				target_type:t = "isActive"
				target_marking:i = 0
				delta:i = 0
				icon:t = "tank"
				"icon army":i = 1
				set:b = true
				object_var_name:t = ""
				object_var_comp_op:t = "equal"
				object_var_value:i = 0
				target:t = "t1_quest_units_squad"
			}
			missionSetTargetsIndicator {
				target_type:t = "isActive"
				target_marking:i = 0
				delta:i = 0
				icon:t = "tank"
				"icon army":i = 2
				set:b = true
				object_var_name:t = ""
				object_var_comp_op:t = "equal"
				object_var_value:i = 0
				target:t = "t2_quest_units_squad"
			}
		}
		else_actions {

		}
	}
}
mission_objectives {
	isCategory:b = true
	is_enabled:b = true
	tunisia_BfDn_t1_assist {
		is_enabled:b = false
		comments:t = ""
		type:t = "abstractMissionObjective"
		props {
			isPrimary:b = true
			timeLimit:i = 3600
			scoreConst:i = 100
			scoreTime:i = 400
			team:t = "A"
		}
		onSuccess {

		}
		onFailed {

		}
	}
	tunisia_BfDn_t2_assist {
		is_enabled:b = false
		comments:t = ""
		type:t = "abstractMissionObjective"
		props {
			isPrimary:b = true
			timeLimit:i = 3600
			scoreConst:i = 100
			scoreTime:i = 400
			team:t = "B"
		}
		onSuccess {

		}
		onFailed {

		}
	}
}
variables {

}
dialogs {

}
airfields {

}
effects {

}
units {
	objectGroups {
		name:t = "t1_airfield"
		tm:m = [[0.461749, 0.0, -0.887011] [0.0, 1.0, 0.0] [0.887011, 0.0, 0.461749] [-3706.13, 338.949, -20531.0]]
		unit_class:t = "dynaf_universal_1line_c"
		objLayer:i = 2
		props {
			army:i = 1
			active:b = true
		}
	}
	objectGroups {
		name:t = "t2_airfield"
		tm:m = [[0.573577, 0.0, 0.819152] [0.0, 1.0, 0.0] [-0.819152, 0.0, 0.573577] [-12393.0, 221.987, 656.137]]
		unit_class:t = "dynaf_universal_1line_c"
		objLayer:i = 2
		props {
			army:i = 2
			active:b = true
		}
	}
	armada {
		name:t = "t1_player01"
		tm:m = [[0.996195, 0.0, -0.0871561] [0.0, 1.0, 0.0] [0.0871561, 0.0, 0.996195] [-11471.3, 538.276, 1096.77]]
		unit_class:t = "a5m4"
		objLayer:i = 1
		closed_waypoints:b = false
		isShipSpline:b = false
		shipTurnRadius:r = 100
		weapons:t = ""
		bullets0:t = ""
		bullets1:t = ""
		bullets2:t = ""
		bullets3:t = ""
		bulletsCount0:i = 0
		bulletsCount1:i = 0
		bulletsCount2:i = 0
		bulletsCount3:i = 0
		crewSkillK:r = 0
		applyAllMods:b = false
		props {
			army:i = 2
			count:i = 1
			free_distance:r = 70
			floating_distance:r = 50
			minimum_distance_to_earth:r = 20
			altLimit:r = 6000
			attack_type:t = "fire_at_will"
			skill:i = 4
			player:b = true
			plane {
				wing_formation:t = "Diamond"
				row_distances:r = 3
				col_distances:r = 3
				super_formation:t = "Diamond"
				super_row_distances:r = 1.5
				super_col_distances:r = 1.5
				ai_skill:t = "NORMAL"
				task:t = "FLY_WAYPOINT"
			}
		}
		way {

		}
	}
	objectGroups {
		name:t = "objectGroups_01"
		tm:m = [[0.865687, -0.033423, 0.499469] [0.00722812, 0.998499, 0.0542887] [-0.500533, -0.0433868, 0.864629] [-7106.62, 159.128, -13482.0]]
		unit_class:t = "dynTrench_small_bunker_axis"
		objLayer:i = 2
		props {
			army:i = 0
			active:b = true
		}
	}
	objectGroups {
		name:t = "objectGroups_02"
		tm:m = [[0.966415, 0.0250172, 0.255766] [-0.0218957, 0.999646, -0.015045] [-0.256052, 0.00893958, 0.966622] [-8288.06, 130.22, -14171.0]]
		unit_class:t = "dynTrench_small_bunker_axis"
		objLayer:i = 2
		props {
			army:i = 0
			active:b = true
		}
	}
	objectGroups {
		name:t = "objectGroups_03"
		tm:m = [[0.706416, 0.0148664, 0.70764] [-0.0403154, 0.999001, 0.0192582] [-0.706647, -0.0421331, 0.70631] [-6425.56, 163.206, -12766.4]]
		unit_class:t = "dynTrench_small_bunker_axis"
		objLayer:i = 2
		props {
			army:i = 0
			active:b = true
		}
	}
	objectGroups {
		name:t = "objectGroups_04"
		tm:m = [[0.537279, -0.0159666, 0.843252] [0.0181014, 0.999809, 0.00739758] [-0.84321, 0.0112895, 0.537466] [-5991.31, 161.541, -12091.0]]
		unit_class:t = "dynTrench_small_bunker_axis"
		objLayer:i = 2
		props {
			army:i = 0
			active:b = true
		}
	}
	objectGroups {
		name:t = "objectGroups_05"
		tm:m = [[0.99991, 0.0129043, -0.00361187] [-0.0127963, 0.999512, 0.028469] [0.00397709, -0.0284203, 0.999588] [-9478.16, 132.753, -14408.7]]
		unit_class:t = "dynTrench_small_bunker_axis"
		objLayer:i = 2
		props {
			army:i = 0
			active:b = true
		}
	}
	objectGroups {
		name:t = "objectGroups_07"
		tm:m = [[-0.906187, 0.0157472, -0.422583] [0.0146574, 0.999875, 0.00582805] [0.422623, -0.000912672, -0.906306] [-11770.9, 107.076, -7455.27]]
		unit_class:t = "dynTrench_small_bunker_axis"
		objLayer:i = 2
		props {
			army:i = 0
			active:b = true
		}
	}
	objectGroups {
		name:t = "objectGroups_08"
		tm:m = [[-0.707365, -0.000270858, -0.706847] [-0.0137862, 0.999814, 0.0134132] [0.706715, 0.0192328, -0.707238] [-12431.6, 93.5118, -8034.38]]
		unit_class:t = "dynTrench_small_bunker_axis"
		objLayer:i = 2
		props {
			army:i = 0
			active:b = true
		}
	}
	objectGroups {
		name:t = "objectGroups_09"
		tm:m = [[-0.951904, 0.0524236, -0.30188] [0.0596619, 0.998108, -0.0148002] [0.300534, -0.0320991, -0.953232] [-11068.0, 135.02, -7013.09]]
		unit_class:t = "dynTrench_small_bunker_axis"
		objLayer:i = 2
		props {
			army:i = 0
			active:b = true
		}
	}
	objectGroups {
		name:t = "objectGroups_10"
		tm:m = [[-0.984953, -0.00945741, -0.172563] [-0.00393975, 0.99947, -0.0322896] [0.172777, -0.0311239, -0.984469] [-10322.5, 131.636, -6734.96]]
		unit_class:t = "dynTrench_small_bunker_axis"
		objLayer:i = 2
		props {
			army:i = 0
			active:b = true
		}
	}
	objectGroups {
		name:t = "objectGroups_11"
		tm:m = [[-0.497613, -0.0429589, -0.866334] [-0.00176671, 0.99882, -0.0485138] [0.867397, -0.0226106, -0.497102] [-12908.0, 59.0098, -8733.06]]
		unit_class:t = "dynTrench_small_bunker_axis"
		objLayer:i = 2
		props {
			army:i = 0
			active:b = true
		}
	}
	tracked_vehicles {
		name:t = "t1_tank_01"
		tm:m = [[-0.173647, 0.0, 0.984808] [0.0, 1.0, 0.0] [-0.984808, 0.0, -0.173647] [-9898.88, 242.779, -14067.7]]
		unit_class:t = "us_m4a2_76w"
		objLayer:i = 1
		closed_waypoints:b = false
		isShipSpline:b = false
		shipTurnRadius:r = 100
		weapons:t = ""
		bullets0:t = ""
		bullets1:t = ""
		bullets2:t = ""
		bullets3:t = ""
		bulletsCount0:i = 0
		bulletsCount1:i = 0
		bulletsCount2:i = 0
		bulletsCount3:i = 0
		crewSkillK:r = 0
		applyAllMods:b = false
		props {
			army:i = 1
			count:i = 3
			formation_type:t = "rows"
			formation_div:i = 2
			formation_step:p2 = 32, 12
			formation_noise:p2 = 0.4, 0.5
			uniqueName:t = ""
			attack_type:t = "fire_at_will"
		}
		way {
			t1_tank_01_wp_01 {
				type:t = "normal"
				tm:m = [[1.0, 0.0, 0.0] [0.0, 1.0, 0.0] [0.0, 0.0, 1.0] [-8066.95, 175.109, -10399.1]]
				props {
					speed:r = 30
					moveType:t = "MOVETO_STRAIGHT"
					tas:b = false
					shouldKeepFormation:b = false
					canUsePathFinder:b = false
				}
			}
			t1_tank_01_wp_02 {
				type:t = "normal"
				tm:m = [[1.0, 0.0, 0.0] [0.0, 1.0, 0.0] [0.0, 0.0, 1.0] [-8576.76, 157.159, -9503.31]]
				props {
					speed:r = 30
					moveType:t = "MOVETO_STRAIGHT"
					tas:b = false
					shouldKeepFormation:b = false
					canUsePathFinder:b = false
				}
			}
			t1_tank_01_wp_03 {
				type:t = "normal"
				tm:m = [[1.0, 0.0, 0.0] [0.0, 1.0, 0.0] [0.0, 0.0, 1.0] [-9025.54, 145.859, -8385.49]]
				props {
					speed:r = 30
					moveType:t = "MOVETO_STRAIGHT"
					tas:b = false
					shouldKeepFormation:b = false
					canUsePathFinder:b = false
				}
			}
			t1_tank_01_wp_04 {
				type:t = "normal"
				tm:m = [[1.0, 0.0, 0.0] [0.0, 1.0, 0.0] [0.0, 0.0, 1.0] [-10044.6, 145.109, -9460.88]]
				props {
					speed:r = 30
					moveType:t = "MOVETO_STRAIGHT"
					tas:b = false
					shouldKeepFormation:b = false
					canUsePathFinder:b = false
				}
			}
			t1_tank_01_wp_05 {
				type:t = "normal"
				tm:m = [[1.0, 0.0, 0.0] [0.0, 1.0, 0.0] [0.0, 0.0, 1.0] [-10815.2, 144.859, -9887.28]]
				props {
					speed:r = 30
					moveType:t = "MOVETO_STRAIGHT"
					tas:b = false
					shouldKeepFormation:b = false
					canUsePathFinder:b = false
				}
			}
			t1_tank_01_wp_06 {
				type:t = "normal"
				tm:m = [[1.0, 0.0, 0.0] [0.0, 1.0, 0.0] [0.0, 0.0, 1.0] [-10703.2, 161.609, -10006.0]]
				props {
					speed:r = 30
					moveType:t = "MOVETO_STRAIGHT"
					tas:b = false
					shouldKeepFormation:b = false
					canUsePathFinder:b = false
				}
			}
			t1_tank_01_wp_07 {
				type:t = "normal"
				tm:m = [[1.0, 0.0, 0.0] [0.0, 1.0, 0.0] [0.0, 0.0, 1.0] [-11067.7, 162.209, -10809.2]]
				props {
					speed:r = 30
					moveType:t = "MOVETO_STRAIGHT"
					tas:b = false
					shouldKeepFormation:b = false
					canUsePathFinder:b = false
				}
			}
		}
	}
	tracked_vehicles {
		name:t = "t1_tank_02"
		tm:m = [[-0.300705, 0.0, 0.953717] [0.0, 1.0, 0.0] [-0.953717, 0.0, -0.300705] [-9011.19, 220.715, -14040.9]]
		unit_class:t = "us_m4a2_76w"
		objLayer:i = 1
		closed_waypoints:b = false
		isShipSpline:b = false
		shipTurnRadius:r = 100
		weapons:t = ""
		bullets0:t = ""
		bullets1:t = ""
		bullets2:t = ""
		bullets3:t = ""
		bulletsCount0:i = 0
		bulletsCount1:i = 0
		bulletsCount2:i = 0
		bulletsCount3:i = 0
		crewSkillK:r = 0
		applyAllMods:b = false
		props {
			army:i = 1
			count:i = 3
			formation_type:t = "rows"
			formation_div:i = 2
			formation_step:p2 = 32, 12
			formation_noise:p2 = 0.4, 0.5
			uniqueName:t = ""
			attack_type:t = "fire_at_will"
		}
		way {
			t1_tank_02_wp_01 {
				type:t = "normal"
				tm:m = [[1.0, 0.0, 0.0] [0.0, 1.0, 0.0] [0.0, 0.0, 1.0] [-10360.2, 160.059, -12203.8]]
				props {
					speed:r = 30
					moveType:t = "MOVETO_STRAIGHT"
					tas:b = false
					shouldKeepFormation:b = false
					canUsePathFinder:b = false
				}
			}
			t1_tank_02_wp_02 {
				type:t = "normal"
				tm:m = [[1.0, 0.0, 0.0] [0.0, 1.0, 0.0] [0.0, 0.0, 1.0] [-11048.1, 163.259, -11174.8]]
				props {
					speed:r = 30
					moveType:t = "MOVETO_STRAIGHT"
					tas:b = false
					shouldKeepFormation:b = false
					canUsePathFinder:b = false
				}
			}
			t1_tank_02_wp_03 {
				type:t = "normal"
				tm:m = [[1.0, 0.0, 0.0] [0.0, 1.0, 0.0] [0.0, 0.0, 1.0] [-10563.5, 154.659, -9508.24]]
				props {
					speed:r = 30
					moveType:t = "MOVETO_STRAIGHT"
					tas:b = false
					shouldKeepFormation:b = false
					canUsePathFinder:b = false
				}
			}
			t1_tank_02_wp_04 {
				type:t = "normal"
				tm:m = [[1.0, 0.0, 0.0] [0.0, 1.0, 0.0] [0.0, 0.0, 1.0] [-11324.3, 146.709, -9564.23]]
				props {
					speed:r = 30
					moveType:t = "MOVETO_STRAIGHT"
					tas:b = false
					shouldKeepFormation:b = false
					canUsePathFinder:b = false
				}
			}
			t1_tank_02_wp_05 {
				type:t = "normal"
				tm:m = [[1.0, 0.0, 0.0] [0.0, 1.0, 0.0] [0.0, 0.0, 1.0] [-10329.0, 145.109, -9715.45]]
				props {
					speed:r = 30
					moveType:t = "MOVETO_STRAIGHT"
					tas:b = false
					shouldKeepFormation:b = false
					canUsePathFinder:b = false
				}
			}
			t1_tank_02_wp_06 {
				type:t = "normal"
				tm:m = [[1.0, 0.0, 0.0] [0.0, 1.0, 0.0] [0.0, 0.0, 1.0] [-9076.71, 145.009, -9251.96]]
				props {
					speed:r = 30
					moveType:t = "MOVETO_STRAIGHT"
					tas:b = false
					shouldKeepFormation:b = false
					canUsePathFinder:b = false
				}
			}
			t1_tank_02_wp_07 {
				type:t = "normal"
				tm:m = [[1.0, 0.0, 0.0] [0.0, 1.0, 0.0] [0.0, 0.0, 1.0] [-8850.01, 146.165, -10210.7]]
				props {
					speed:r = 30
					moveType:t = "MOVETO_STRAIGHT"
					tas:b = false
					shouldKeepFormation:b = false
					canUsePathFinder:b = false
				}
			}
		}
	}
	tracked_vehicles {
		name:t = "t2_tank_01"
		tm:m = [[0.737277, 0.0, -0.67559] [0.0, 1.0, 0.0] [0.67559, 0.0, 0.737277] [-12513.3, 272.35, -8357.04]]
		unit_class:t = "germ_pzIVc"
		objLayer:i = 1
		closed_waypoints:b = false
		isShipSpline:b = false
		shipTurnRadius:r = 100
		weapons:t = ""
		bullets0:t = ""
		bullets1:t = ""
		bullets2:t = ""
		bullets3:t = ""
		bulletsCount0:i = 0
		bulletsCount1:i = 0
		bulletsCount2:i = 0
		bulletsCount3:i = 0
		crewSkillK:r = 0
		applyAllMods:b = false
		props {
			army:i = 2
			count:i = 3
			formation_type:t = "rows"
			formation_div:i = 2
			formation_step:p2 = 24, 6
			formation_noise:p2 = 0.4, 0.5
			uniqueName:t = ""
			attack_type:t = "fire_at_will"
		}
		way {
			t2_tank_01_wp_01 {
				type:t = "normal"
				tm:m = [[1.0, 0.0, 0.0] [0.0, 1.0, 0.0] [0.0, 0.0, 1.0] [-10284.8, 168.909, -11563.5]]
				props {
					speed:r = 30
					moveType:t = "MOVETO_STRAIGHT"
					tas:b = false
					shouldKeepFormation:b = false
					canUsePathFinder:b = false
				}
			}
			t2_tank_01_wp_02 {
				type:t = "normal"
				tm:m = [[1.0, 0.0, 0.0] [0.0, 1.0, 0.0] [0.0, 0.0, 1.0] [-9954.6, 152.659, -12325.4]]
				props {
					speed:r = 30
					moveType:t = "MOVETO_STRAIGHT"
					tas:b = false
					shouldKeepFormation:b = false
					canUsePathFinder:b = false
				}
			}
			t2_tank_01_wp_03 {
				type:t = "normal"
				tm:m = [[1.0, 0.0, 0.0] [0.0, 1.0, 0.0] [0.0, 0.0, 1.0] [-9361.69, 176.209, -12632.6]]
				props {
					speed:r = 30
					moveType:t = "MOVETO_STRAIGHT"
					tas:b = false
					shouldKeepFormation:b = false
					canUsePathFinder:b = false
				}
			}
			t2_tank_01_wp_04 {
				type:t = "normal"
				tm:m = [[1.0, 0.0, 0.0] [0.0, 1.0, 0.0] [0.0, 0.0, 1.0] [-8204.86, 182.359, -12076.2]]
				props {
					speed:r = 30
					moveType:t = "MOVETO_STRAIGHT"
					tas:b = false
					shouldKeepFormation:b = false
					canUsePathFinder:b = false
				}
			}
			t2_tank_01_wp_05 {
				type:t = "normal"
				tm:m = [[1.0, 0.0, 0.0] [0.0, 1.0, 0.0] [0.0, 0.0, 1.0] [-8017.66, 168.459, -11604.7]]
				props {
					speed:r = 30
					moveType:t = "MOVETO_STRAIGHT"
					tas:b = false
					shouldKeepFormation:b = false
					canUsePathFinder:b = false
				}
			}
		}
	}
	tracked_vehicles {
		name:t = "t2_tank_02"
		tm:m = [[0.5, 0.0, -0.866025] [0.0, 1.0, 0.0] [0.866025, 0.0, 0.5] [-9830.23, 243.239, -6973.46]]
		unit_class:t = "germ_pzIVc"
		objLayer:i = 1
		closed_waypoints:b = false
		isShipSpline:b = false
		shipTurnRadius:r = 100
		weapons:t = ""
		bullets0:t = ""
		bullets1:t = ""
		bullets2:t = ""
		bullets3:t = ""
		bulletsCount0:i = 0
		bulletsCount1:i = 0
		bulletsCount2:i = 0
		bulletsCount3:i = 0
		crewSkillK:r = 0
		applyAllMods:b = false
		props {
			army:i = 2
			count:i = 3
			formation_type:t = "rows"
			formation_div:i = 2
			formation_step:p2 = 32, 12
			formation_noise:p2 = 0.4, 0.5
			uniqueName:t = ""
			attack_type:t = "fire_at_will"
		}
		way {
			t2_tank_02_wp_01 {
				type:t = "normal"
				tm:m = [[1.0, 0.0, 0.0] [0.0, 1.0, 0.0] [0.0, 0.0, 1.0] [-8056.59, 172.759, -11064.8]]
				props {
					speed:r = 30
					moveType:t = "MOVETO_STRAIGHT"
					tas:b = false
					shouldKeepFormation:b = false
					canUsePathFinder:b = false
				}
			}
			t2_tank_02_wp_02 {
				type:t = "normal"
				tm:m = [[1.0, 0.0, 0.0] [0.0, 1.0, 0.0] [0.0, 0.0, 1.0] [-8246.34, 183.759, -11973.3]]
				props {
					speed:r = 30
					moveType:t = "MOVETO_STRAIGHT"
					tas:b = false
					shouldKeepFormation:b = false
					canUsePathFinder:b = false
				}
			}
			t2_tank_02_wp_03 {
				type:t = "normal"
				tm:m = [[1.0, 0.0, 0.0] [0.0, 1.0, 0.0] [0.0, 0.0, 1.0] [-8840.76, 185.009, -12290.2]]
				props {
					speed:r = 30
					moveType:t = "MOVETO_STRAIGHT"
					tas:b = false
					shouldKeepFormation:b = false
					canUsePathFinder:b = false
				}
			}
			t2_tank_02_wp_04 {
				type:t = "normal"
				tm:m = [[1.0, 0.0, 0.0] [0.0, 1.0, 0.0] [0.0, 0.0, 1.0] [-10075.2, 159.059, -12545.0]]
				props {
					speed:r = 30
					moveType:t = "MOVETO_STRAIGHT"
					tas:b = false
					shouldKeepFormation:b = false
					canUsePathFinder:b = false
				}
			}
		}
	}
	squad {
		name:t = "t1_tanks_squad"
		tm:m = [[0.866026, 0.0, 0.5] [0.0, 1.0, 0.0] [-0.5, 0.0, 0.866026] [-8325.74, 165.302, -14935.2]]
		props {
			squad_members:t = "t1_tank_01"
			squad_members:t = "t1_tank_02"
			squad_members:t = "t1_tank_03"
			squad_members:t = "t1_tank_04"
			squad_members:t = "t1_tank_05"
			object_marking:i = 0
		}
	}
	squad {
		name:t = "t2_tanks_squad"
		tm:m = [[0.866026, 0.0, 0.5] [0.0, 1.0, 0.0] [-0.5, 0.0, 0.866026] [-11772.1, 165.302, -8076.07]]
		props {
			squad_members:t = "t2_tank_01"
			squad_members:t = "t2_tank_02"
			squad_members:t = "t2_tank_03"
			squad_members:t = "t2_tank_04"
			squad_members:t = "t2_tank_05"
			object_marking:i = 0
		}
	}
	structures {
		name:t = "t1_bunker_01"
		tm:m = [[-0.0832861, -0.0666535, 0.994294] [-0.00828741, 0.997773, 0.0661927] [-0.996491, -0.00272718, -0.0836536] [-9466.45, 133.798, -14395.3]]
		unit_class:t = "germ_88mm_pak43_noground"
		objLayer:i = 1
		closed_waypoints:b = false
		isShipSpline:b = false
		shipTurnRadius:r = 100
		weapons:t = ""
		bullets0:t = ""
		bullets1:t = ""
		bullets2:t = ""
		bullets3:t = ""
		bulletsCount0:i = 0
		bulletsCount1:i = 0
		bulletsCount2:i = 0
		bulletsCount3:i = 0
		crewSkillK:r = 0
		applyAllMods:b = false
		props {
			army:i = 1
			count:i = 1
			formation_type:t = "rows"
			formation_div:i = 3
			formation_step:p2 = 2.5, 2
			formation_noise:p2 = 0.1, 0.1
			uniqueName:t = ""
			attack_type:t = "fire_at_will"
		}
		way {

		}
	}
	structures {
		name:t = "t1_bunker_02"
		tm:m = [[-0.383637, 0.0146038, 0.923369] [-0.0342461, 0.998962, -0.0300277] [-0.922849, -0.0431415, -0.382738] [-8280.9, 131.649, -14160.5]]
		unit_class:t = "germ_88mm_pak43_noground"
		objLayer:i = 1
		closed_waypoints:b = false
		isShipSpline:b = false
		shipTurnRadius:r = 100
		weapons:t = ""
		bullets0:t = ""
		bullets1:t = ""
		bullets2:t = ""
		bullets3:t = ""
		bulletsCount0:i = 0
		bulletsCount1:i = 0
		bulletsCount2:i = 0
		bulletsCount3:i = 0
		crewSkillK:r = 0
		applyAllMods:b = false
		props {
			army:i = 1
			count:i = 1
			formation_type:t = "rows"
			formation_div:i = 3
			formation_step:p2 = 2.5, 2
			formation_noise:p2 = 0.1, 0.1
			uniqueName:t = ""
			attack_type:t = "fire_at_will"
		}
		way {

		}
	}
	structures {
		name:t = "t1_bunker_03"
		tm:m = [[-0.609182, -0.0352429, 0.792247] [0.0298868, 0.997282, 0.0673447] [-0.792467, 0.0647029, -0.606474] [-7102.56, 158.552, -13469.2]]
		unit_class:t = "germ_88mm_pak43_noground"
		objLayer:i = 1
		closed_waypoints:b = false
		isShipSpline:b = false
		shipTurnRadius:r = 100
		weapons:t = ""
		bullets0:t = ""
		bullets1:t = ""
		bullets2:t = ""
		bullets3:t = ""
		bulletsCount0:i = 0
		bulletsCount1:i = 0
		bulletsCount2:i = 0
		bulletsCount3:i = 0
		crewSkillK:r = 0
		applyAllMods:b = false
		props {
			army:i = 1
			count:i = 1
			formation_type:t = "rows"
			formation_div:i = 3
			formation_step:p2 = 2.5, 2
			formation_noise:p2 = 0.1, 0.1
			uniqueName:t = ""
			attack_type:t = "fire_at_will"
		}
		way {

		}
	}
	structures {
		name:t = "t1_bunker_04"
		tm:m = [[-0.793353, 0.0, 0.608762] [0.0, 1.0, 0.0] [-0.608762, 0.0, -0.793353] [-6425.28, 211.606, -12753.3]]
		unit_class:t = "germ_88mm_pak43_noground"
		objLayer:i = 1
		closed_waypoints:b = false
		isShipSpline:b = false
		shipTurnRadius:r = 100
		weapons:t = ""
		bullets0:t = ""
		bullets1:t = ""
		bullets2:t = ""
		bullets3:t = ""
		bulletsCount0:i = 0
		bulletsCount1:i = 0
		bulletsCount2:i = 0
		bulletsCount3:i = 0
		crewSkillK:r = 0
		applyAllMods:b = false
		props {
			army:i = 1
			count:i = 1
			formation_type:t = "rows"
			formation_div:i = 3
			formation_step:p2 = 2.5, 2
			formation_noise:p2 = 0.1, 0.1
			uniqueName:t = ""
			attack_type:t = "fire_at_will"
		}
		way {

		}
	}
	structures {
		name:t = "t1_bunker_05"
		tm:m = [[-0.906308, 0.0, 0.422619] [0.0, 1.0, 0.0] [-0.422619, 0.0, -0.906308] [-5992.22, 196.553, -12078.2]]
		unit_class:t = "germ_88mm_pak43_noground"
		objLayer:i = 1
		closed_waypoints:b = false
		isShipSpline:b = false
		shipTurnRadius:r = 100
		weapons:t = ""
		bullets0:t = ""
		bullets1:t = ""
		bullets2:t = ""
		bullets3:t = ""
		bulletsCount0:i = 0
		bulletsCount1:i = 0
		bulletsCount2:i = 0
		bulletsCount3:i = 0
		crewSkillK:r = 0
		applyAllMods:b = false
		props {
			army:i = 1
			count:i = 1
			formation_type:t = "rows"
			formation_div:i = 3
			formation_step:p2 = 2.5, 2
			formation_noise:p2 = 0.1, 0.1
			uniqueName:t = ""
			attack_type:t = "fire_at_will"
		}
		way {

		}
	}
	squad {
		name:t = "t1_bunkers_squad"
		tm:m = [[0.866026, 0.0, 0.5] [0.0, 1.0, 0.0] [-0.5, 0.0, 0.866026] [-7435.49, 152.103, -14704.3]]
		props {
			squad_members:t = "t1_bunker_01"
			squad_members:t = "t1_bunker_02"
			squad_members:t = "t1_bunker_03"
			squad_members:t = "t1_bunker_04"
			squad_members:t = "t1_bunker_05"
			squad_members:t = "t1_bunker_06"
			object_marking:i = 0
		}
	}
	structures {
		name:t = "t2_bunker_01"
		tm:m = [[0.258074, -0.00369425, -0.966118] [0.0325059, 0.99946, 0.00486133] [0.965578, -0.0326592, 0.258055] [-10329.5, 167.386, -6745.28]]
		unit_class:t = "germ_88mm_pak43_noground"
		objLayer:i = 1
		closed_waypoints:b = false
		isShipSpline:b = false
		shipTurnRadius:r = 100
		weapons:t = ""
		bullets0:t = ""
		bullets1:t = ""
		bullets2:t = ""
		bullets3:t = ""
		bulletsCount0:i = 0
		bulletsCount1:i = 0
		bulletsCount2:i = 0
		bulletsCount3:i = 0
		crewSkillK:r = 0
		applyAllMods:b = false
		props {
			army:i = 2
			count:i = 1
			formation_type:t = "rows"
			formation_div:i = 3
			formation_step:p2 = 2.5, 2
			formation_noise:p2 = 0.1, 0.1
			uniqueName:t = ""
			attack_type:t = "fire_at_will"
		}
		way {

		}
	}
	structures {
		name:t = "t2_bunker_02"
		tm:m = [[0.382683, 0.0, -0.92388] [0.0, 1.0, 0.0] [0.92388, 0.0, 0.382683] [-11074.9, 155.37, -7023.87]]
		unit_class:t = "germ_88mm_pak43_noground"
		objLayer:i = 1
		closed_waypoints:b = false
		isShipSpline:b = false
		shipTurnRadius:r = 100
		weapons:t = ""
		bullets0:t = ""
		bullets1:t = ""
		bullets2:t = ""
		bullets3:t = ""
		bulletsCount0:i = 0
		bulletsCount1:i = 0
		bulletsCount2:i = 0
		bulletsCount3:i = 0
		crewSkillK:r = 0
		applyAllMods:b = false
		props {
			army:i = 2
			count:i = 1
			formation_type:t = "rows"
			formation_div:i = 3
			formation_step:p2 = 2.5, 2
			formation_noise:p2 = 0.1, 0.1
			uniqueName:t = ""
			attack_type:t = "fire_at_will"
		}
		way {

		}
	}
	structures {
		name:t = "t2_bunker_03"
		tm:m = [[0.5, 0.0, -0.866026] [0.0, 1.0, 0.0] [0.866026, 0.0, 0.5] [-11776.3, 129.926, -7466.67]]
		unit_class:t = "germ_88mm_pak43_noground"
		objLayer:i = 1
		closed_waypoints:b = false
		isShipSpline:b = false
		shipTurnRadius:r = 100
		weapons:t = ""
		bullets0:t = ""
		bullets1:t = ""
		bullets2:t = ""
		bullets3:t = ""
		bulletsCount0:i = 0
		bulletsCount1:i = 0
		bulletsCount2:i = 0
		bulletsCount3:i = 0
		crewSkillK:r = 0
		applyAllMods:b = false
		props {
			army:i = 2
			count:i = 1
			formation_type:t = "rows"
			formation_div:i = 3
			formation_step:p2 = 2.5, 2
			formation_noise:p2 = 0.1, 0.1
			uniqueName:t = ""
			attack_type:t = "fire_at_will"
		}
		way {

		}
	}
	structures {
		name:t = "t2_bunker_04"
		tm:m = [[0.766044, 0.0, -0.642788] [0.0, 1.0, 0.0] [0.642788, 0.0, 0.766044] [-12432.7, 162.212, -8047.34]]
		unit_class:t = "germ_88mm_pak43_noground"
		objLayer:i = 1
		closed_waypoints:b = false
		isShipSpline:b = false
		shipTurnRadius:r = 100
		weapons:t = ""
		bullets0:t = ""
		bullets1:t = ""
		bullets2:t = ""
		bullets3:t = ""
		bulletsCount0:i = 0
		bulletsCount1:i = 0
		bulletsCount2:i = 0
		bulletsCount3:i = 0
		crewSkillK:r = 0
		applyAllMods:b = false
		props {
			army:i = 2
			count:i = 1
			formation_type:t = "rows"
			formation_div:i = 3
			formation_step:p2 = 2.5, 2
			formation_noise:p2 = 0.1, 0.1
			uniqueName:t = ""
			attack_type:t = "fire_at_will"
		}
		way {

		}
	}
	structures {
		name:t = "t2_bunker_05"
		tm:m = [[0.906248, 0.0211157, -0.422217] [-0.0435779, 0.998097, -0.0436194] [0.420492, 0.0579293, 0.905444] [-12907.6, 102.831, -8747.48]]
		unit_class:t = "germ_88mm_pak43_noground"
		objLayer:i = 1
		closed_waypoints:b = false
		isShipSpline:b = false
		shipTurnRadius:r = 100
		weapons:t = ""
		bullets0:t = ""
		bullets1:t = ""
		bullets2:t = ""
		bullets3:t = ""
		bulletsCount0:i = 0
		bulletsCount1:i = 0
		bulletsCount2:i = 0
		bulletsCount3:i = 0
		crewSkillK:r = 0
		applyAllMods:b = false
		props {
			army:i = 2
			count:i = 1
			formation_type:t = "rows"
			formation_div:i = 3
			formation_step:p2 = 2.5, 2
			formation_noise:p2 = 0.1, 0.1
			uniqueName:t = ""
			attack_type:t = "fire_at_will"
		}
		way {

		}
	}
	squad {
		name:t = "t2_bunkers_squad"
		tm:m = [[0.866026, 0.0, 0.5] [0.0, 1.0, 0.0] [-0.5, 0.0, 0.866026] [-12145.3, 152.103, -8481.17]]
		props {
			squad_members:t = "t2_bunker_01"
			squad_members:t = "t2_bunker_02"
			squad_members:t = "t2_bunker_03"
			squad_members:t = "t2_bunker_04"
			squad_members:t = "t2_bunker_05"
			squad_members:t = "t2_bunker_06"
			object_marking:i = 0
		}
	}
	squad {
		name:t = "t1_quest_units_squad"
		tm:m = [[-0.173648, 0.0, 0.984808] [0.0, 1.0, 0.0] [-0.984808, 0.0, -0.173648] [-8440.61, 169.252, -18428.2]]
		props {
			squad_members:t = "t1_tanks_squad"
			squad_members:t = "t1_bunkers_squad"
			object_marking:i = 0
		}
	}
	squad {
		name:t = "t2_quest_units_squad"
		tm:m = [[0.866026, 0.0, 0.5] [0.0, 1.0, 0.0] [-0.5, 0.0, 0.866026] [-13795.3, 1639.31, -7957.29]]
		props {
			squad_members:t = "t2_tanks_squad"
			squad_members:t = "t2_bunkers_squad"
			object_marking:i = 0
		}
	}
	air_defence {
		name:t = "t1_truck_01"
		tm:m = [[-0.173647, 0.0, 0.984808] [0.0, 1.0, 0.0] [-0.984808, 0.0, -0.173647] [-9882.16, 242.779, -14299.4]]
		unit_class:t = "germ_sdkfz71_20mm"
		objLayer:i = 1
		closed_waypoints:b = false
		isShipSpline:b = false
		shipTurnRadius:r = 100
		weapons:t = ""
		bullets0:t = ""
		bullets1:t = ""
		bullets2:t = ""
		bullets3:t = ""
		bulletsCount0:i = 0
		bulletsCount1:i = 0
		bulletsCount2:i = 0
		bulletsCount3:i = 0
		crewSkillK:r = 0
		applyAllMods:b = false
		props {
			army:i = 1
			count:i = 6
			formation_type:t = "rows"
			formation_div:i = 2
			formation_step:p2 = 32, 12
			formation_noise:p2 = 0.4, 0.5
			uniqueName:t = ""
			attack_type:t = "fire_at_will"
		}
		way {
			t1_tank_03_wp_01 {
				type:t = "normal"
				tm:m = [[1.0, 0.0, 0.0] [0.0, 1.0, 0.0] [0.0, 0.0, 1.0] [-8066.95, 175.109, -10399.1]]
				props {
					speed:r = 30
					moveType:t = "MOVETO_STRAIGHT"
					tas:b = false
					shouldKeepFormation:b = false
					canUsePathFinder:b = false
				}
			}
			t1_tank_03_wp_02 {
				type:t = "normal"
				tm:m = [[1.0, 0.0, 0.0] [0.0, 1.0, 0.0] [0.0, 0.0, 1.0] [-8576.76, 157.159, -9503.31]]
				props {
					speed:r = 30
					moveType:t = "MOVETO_STRAIGHT"
					tas:b = false
					shouldKeepFormation:b = false
					canUsePathFinder:b = false
				}
			}
			t1_tank_03_wp_03 {
				type:t = "normal"
				tm:m = [[1.0, 0.0, 0.0] [0.0, 1.0, 0.0] [0.0, 0.0, 1.0] [-9025.54, 145.859, -8385.49]]
				props {
					speed:r = 30
					moveType:t = "MOVETO_STRAIGHT"
					tas:b = false
					shouldKeepFormation:b = false
					canUsePathFinder:b = false
				}
			}
			t1_tank_03_wp_04 {
				type:t = "normal"
				tm:m = [[1.0, 0.0, 0.0] [0.0, 1.0, 0.0] [0.0, 0.0, 1.0] [-10044.6, 145.109, -9460.88]]
				props {
					speed:r = 30
					moveType:t = "MOVETO_STRAIGHT"
					tas:b = false
					shouldKeepFormation:b = false
					canUsePathFinder:b = false
				}
			}
			t1_tank_03_wp_05 {
				type:t = "normal"
				tm:m = [[1.0, 0.0, 0.0] [0.0, 1.0, 0.0] [0.0, 0.0, 1.0] [-10815.2, 144.859, -9887.28]]
				props {
					speed:r = 30
					moveType:t = "MOVETO_STRAIGHT"
					tas:b = false
					shouldKeepFormation:b = false
					canUsePathFinder:b = false
				}
			}
			t1_tank_03_wp_06 {
				type:t = "normal"
				tm:m = [[1.0, 0.0, 0.0] [0.0, 1.0, 0.0] [0.0, 0.0, 1.0] [-10703.2, 161.609, -10006.0]]
				props {
					speed:r = 30
					moveType:t = "MOVETO_STRAIGHT"
					tas:b = false
					shouldKeepFormation:b = false
					canUsePathFinder:b = false
				}
			}
			t1_tank_03_wp_07 {
				type:t = "normal"
				tm:m = [[1.0, 0.0, 0.0] [0.0, 1.0, 0.0] [0.0, 0.0, 1.0] [-11067.7, 162.209, -10809.2]]
				props {
					speed:r = 30
					moveType:t = "MOVETO_STRAIGHT"
					tas:b = false
					shouldKeepFormation:b = false
					canUsePathFinder:b = false
				}
			}
		}
	}
	air_defence {
		name:t = "t1_truck_02"
		tm:m = [[-0.300705, 0.0, 0.953717] [0.0, 1.0, 0.0] [-0.953717, 0.0, -0.300705] [-8921.18, 220.715, -14300.0]]
		unit_class:t = "germ_sdkfz71_20mm"
		objLayer:i = 1
		closed_waypoints:b = false
		isShipSpline:b = false
		shipTurnRadius:r = 100
		weapons:t = ""
		bullets0:t = ""
		bullets1:t = ""
		bullets2:t = ""
		bullets3:t = ""
		bulletsCount0:i = 0
		bulletsCount1:i = 0
		bulletsCount2:i = 0
		bulletsCount3:i = 0
		crewSkillK:r = 0
		applyAllMods:b = false
		props {
			army:i = 1
			count:i = 6
			formation_type:t = "rows"
			formation_div:i = 2
			formation_step:p2 = 32, 12
			formation_noise:p2 = 0.4, 0.5
			uniqueName:t = ""
			attack_type:t = "fire_at_will"
		}
		way {
			t1_tank_03_wp_08 {
				type:t = "normal"
				tm:m = [[1.0, 0.0, 0.0] [0.0, 1.0, 0.0] [0.0, 0.0, 1.0] [-10360.2, 160.059, -12203.8]]
				props {
					speed:r = 30
					moveType:t = "MOVETO_STRAIGHT"
					tas:b = false
					shouldKeepFormation:b = false
					canUsePathFinder:b = false
				}
			}
			t1_tank_03_wp_09 {
				type:t = "normal"
				tm:m = [[1.0, 0.0, 0.0] [0.0, 1.0, 0.0] [0.0, 0.0, 1.0] [-11048.1, 163.259, -11174.8]]
				props {
					speed:r = 30
					moveType:t = "MOVETO_STRAIGHT"
					tas:b = false
					shouldKeepFormation:b = false
					canUsePathFinder:b = false
				}
			}
			t1_tank_03_wp_10 {
				type:t = "normal"
				tm:m = [[1.0, 0.0, 0.0] [0.0, 1.0, 0.0] [0.0, 0.0, 1.0] [-10563.5, 154.659, -9508.24]]
				props {
					speed:r = 30
					moveType:t = "MOVETO_STRAIGHT"
					tas:b = false
					shouldKeepFormation:b = false
					canUsePathFinder:b = false
				}
			}
			t1_tank_03_wp_11 {
				type:t = "normal"
				tm:m = [[1.0, 0.0, 0.0] [0.0, 1.0, 0.0] [0.0, 0.0, 1.0] [-11324.3, 146.709, -9564.23]]
				props {
					speed:r = 30
					moveType:t = "MOVETO_STRAIGHT"
					tas:b = false
					shouldKeepFormation:b = false
					canUsePathFinder:b = false
				}
			}
			t1_tank_03_wp_12 {
				type:t = "normal"
				tm:m = [[1.0, 0.0, 0.0] [0.0, 1.0, 0.0] [0.0, 0.0, 1.0] [-10329.0, 145.109, -9715.45]]
				props {
					speed:r = 30
					moveType:t = "MOVETO_STRAIGHT"
					tas:b = false
					shouldKeepFormation:b = false
					canUsePathFinder:b = false
				}
			}
			t1_tank_03_wp_13 {
				type:t = "normal"
				tm:m = [[1.0, 0.0, 0.0] [0.0, 1.0, 0.0] [0.0, 0.0, 1.0] [-9076.71, 145.009, -9251.96]]
				props {
					speed:r = 30
					moveType:t = "MOVETO_STRAIGHT"
					tas:b = false
					shouldKeepFormation:b = false
					canUsePathFinder:b = false
				}
			}
			t1_tank_03_wp_14 {
				type:t = "normal"
				tm:m = [[1.0, 0.0, 0.0] [0.0, 1.0, 0.0] [0.0, 0.0, 1.0] [-8850.01, 146.165, -10210.7]]
				props {
					speed:r = 30
					moveType:t = "MOVETO_STRAIGHT"
					tas:b = false
					shouldKeepFormation:b = false
					canUsePathFinder:b = false
				}
			}
		}
	}
	air_defence {
		name:t = "t1_truck_03"
		tm:m = [[-0.573576, 0.0, 0.819153] [0.0, 1.0, 0.0] [-0.819153, 0.0, -0.573576] [-7780.34, 199.645, -13894.4]]
		unit_class:t = "germ_sdkfz71_20mm"
		objLayer:i = 1
		closed_waypoints:b = false
		isShipSpline:b = false
		shipTurnRadius:r = 100
		weapons:t = ""
		bullets0:t = ""
		bullets1:t = ""
		bullets2:t = ""
		bullets3:t = ""
		bulletsCount0:i = 0
		bulletsCount1:i = 0
		bulletsCount2:i = 0
		bulletsCount3:i = 0
		crewSkillK:r = 0
		applyAllMods:b = false
		props {
			army:i = 1
			count:i = 6
			formation_type:t = "rows"
			formation_div:i = 2
