selected_tag:t = ""
bin_dump_file:t = ""
mission_settings {
	player {
		army:i = 1
		wing:t = "bdt_armada"
	}
	player_teamB {
		army:i = 2
	}
	mission {
		level:t = "levels/air_afghan.bin"
		type:t = "singleMission"
		environment:t = "Day"
		weather:t = "hazy"
		restoreType:t = "attempts"
		optionalTakeOff:b = true
	}
	spectator_points {

	}
}
imports {
	import_record {
		file:t = "gameData/missions/templates/enduring_confrontation/bdt_bases_destroy_template.blk"
		importAreas:b = true
		importUnits:b = true
		importTriggers:b = true
		importMissionObjectives:b = true
		importWayPoints:b = true
		showAreas:b = true
		showUnits:b = true
		showTriggers:b = true
		showMissionObjectives:b = true
		showWayPoints:b = true
		excludes {

		}
	}
	import_record {
		file:t = "gameData/missions/templates/units_sets/land_sets_aaa_bases/bdt_t1_ussr_rank_01.blk"
		rankRange:ip2 = 0, 4
		importAreas:b = true
		importUnits:b = true
		importTriggers:b = true
		importMissionObjectives:b = true
		importWayPoints:b = true
		showAreas:b = true
		showUnits:b = true
		showTriggers:b = true
		showMissionObjectives:b = true
		showWayPoints:b = true
		excludes {

		}
	}
	import_record {
		file:t = "gameData/missions/templates/units_sets/land_sets_aaa_bases/bdt_t1_ussr_rank_02.blk"
		rankRange:ip2 = 5, 8
		importAreas:b = true
		importUnits:b = true
		importTriggers:b = true
		importMissionObjectives:b = true
		importWayPoints:b = true
		showAreas:b = true
		showUnits:b = true
		showTriggers:b = true
		showMissionObjectives:b = true
		showWayPoints:b = true
		excludes {

		}
	}
	import_record {
		file:t = "gameData/missions/templates/units_sets/land_sets_aaa_bases/bdt_t1_ussr_rank_03.blk"
		rankRange:ip2 = 9, 13
		importAreas:b = true
		importUnits:b = true
		importTriggers:b = true
		importMissionObjectives:b = true
		importWayPoints:b = true
		showAreas:b = true
		showUnits:b = true
		showTriggers:b = true
		showMissionObjectives:b = true
		showWayPoints:b = true
		excludes {

		}
	}
	import_record {
		file:t = "gameData/missions/templates/units_sets/land_sets_aaa_bases/bdt_t1_ussr_rank_04.blk"
		rankRange:ip2 = 14, 19
		importAreas:b = true
		importUnits:b = true
		importTriggers:b = true
		importMissionObjectives:b = true
		importWayPoints:b = true
		showAreas:b = true
		showUnits:b = true
		showTriggers:b = true
		showMissionObjectives:b = true
		showWayPoints:b = true
		excludes {

		}
	}
	import_record {
		file:t = "gameData/missions/templates/units_sets/land_sets_aaa_bases/bdt_t1_ussr_rank_05.blk"
		rankRange:ip2 = 20, 24
		importAreas:b = true
		importUnits:b = true
		importTriggers:b = true
		importMissionObjectives:b = true
		importWayPoints:b = true
		showAreas:b = true
		showUnits:b = true
		showTriggers:b = true
		showMissionObjectives:b = true
		showWayPoints:b = true
		excludes {

		}
	}
	import_record {
		file:t = "gameData/missions/templates/units_sets/land_sets_aaa_bases/bdt_t1_ussr_rank_06.blk"
		rankRange:ip2 = 25, 50
		importAreas:b = true
		importUnits:b = true
		importTriggers:b = true
		importMissionObjectives:b = true
		importWayPoints:b = true
		showAreas:b = true
		showUnits:b = true
		showTriggers:b = true
		showMissionObjectives:b = true
		showWayPoints:b = true
		excludes {

		}
	}
	import_record {
		file:t = "gameData/missions/templates/units_sets/land_sets_aaa_bases/bdt_t2_usa_rank_01.blk"
		rankRange:ip2 = 0, 4
		importAreas:b = true
		importUnits:b = true
		importTriggers:b = true
		importMissionObjectives:b = true
		importWayPoints:b = true
		showAreas:b = true
		showUnits:b = true
		showTriggers:b = true
		showMissionObjectives:b = true
		showWayPoints:b = true
		excludes {

		}
	}
	import_record {
		file:t = "gameData/missions/templates/units_sets/land_sets_aaa_bases/bdt_t2_usa_rank_02.blk"
		rankRange:ip2 = 5, 8
		importAreas:b = true
		importUnits:b = true
		importTriggers:b = true
		importMissionObjectives:b = true
		importWayPoints:b = true
		showAreas:b = true
		showUnits:b = true
		showTriggers:b = true
		showMissionObjectives:b = true
		showWayPoints:b = true
		excludes {

		}
	}
	import_record {
		file:t = "gameData/missions/templates/units_sets/land_sets_aaa_bases/bdt_t2_usa_rank_03.blk"
		rankRange:ip2 = 9, 13
		importAreas:b = true
		importUnits:b = true
		importTriggers:b = true
		importMissionObjectives:b = true
		importWayPoints:b = true
		showAreas:b = true
		showUnits:b = true
		showTriggers:b = true
		showMissionObjectives:b = true
		showWayPoints:b = true
		excludes {

		}
	}
	import_record {
		file:t = "gameData/missions/templates/units_sets/land_sets_aaa_bases/bdt_t2_usa_rank_04.blk"
		rankRange:ip2 = 14, 19
		importAreas:b = true
		importUnits:b = true
		importTriggers:b = true
		importMissionObjectives:b = true
		importWayPoints:b = true
		showAreas:b = true
		showUnits:b = true
		showTriggers:b = true
		showMissionObjectives:b = true
		showWayPoints:b = true
		excludes {

		}
	}
	import_record {
		file:t = "gameData/missions/templates/units_sets/land_sets_aaa_bases/bdt_t2_usa_rank_05.blk"
		rankRange:ip2 = 20, 24
		importAreas:b = true
		importUnits:b = true
		importTriggers:b = true
		importMissionObjectives:b = true
		importWayPoints:b = true
		showAreas:b = true
		showUnits:b = true
		showTriggers:b = true
		showMissionObjectives:b = true
		showWayPoints:b = true
		excludes {

		}
	}
	import_record {
		file:t = "gameData/missions/templates/units_sets/land_sets_aaa_bases/bdt_t2_usa_rank_06.blk"
		rankRange:ip2 = 25, 50
		importAreas:b = true
		importUnits:b = true
		importTriggers:b = true
		importMissionObjectives:b = true
		importWayPoints:b = true
		showAreas:b = true
		showUnits:b = true
		showTriggers:b = true
		showMissionObjectives:b = true
		showWayPoints:b = true
		excludes {

		}
	}
}
triggers {
	isCategory:b = true
	is_enabled:b = true
	bdt_part_init {
		is_enabled:b = true
		comments:t = ""
		props {
			actionsType:t = "PERFORM_ONE_BY_ONE"
			conditionsType:t = "ALL"
			enableAfterComplete:b = false
		}
		events {
			initMission {

			}
		}
		conditions {

		}
		actions {
			comment {
				value:t = "set max bases amount +1"
			}
			varSetInt {
				value:i = 21
				var:t = "bdt_t1_total_bases_max_count"
			}
			varSetInt {
				value:i = 21
				var:t = "bdt_t2_total_bases_max_count"
			}
			comment {
				value:t = "enable self restarting for template"
			}
			varSetBool {
				value:b = true
				var:t = "bdt_self_restart"
			}
			comment {
				value:t = "increase one-moment bases amount"
			}
			varSetInt {
				value:i = 5
				var:t = "bdt_t1_active_bases_max_count"
				var:t = "bdt_t2_active_bases_max_count"
			}
			comment {
				value:t = "set min distance between bases"
			}
			varSetReal {
				value:r = 15000
				var:t = "bdt_t1_min_zone_distance"
				var:t = "bdt_t2_min_zone_distance"
			}
		}
		else_actions {

		}
	}
}
mission_objectives {
	isCategory:b = true
	is_enabled:b = true
}
variables {

}
dialogs {

}
airfields {

}
effects {

}
units {
	objectGroups {
		name:t = "bdt_t1_bomb_object_01"
		tm:m = [[0.121857, 0.0, 0.992548] [0.0, 1.0, 0.0] [-0.992548, 0.0, 0.121857] [18809.6, 809.822, -661.658]]
		unit_class:t = "dynBase_small_factory_square"
		objLayer:i = 2
		props {
			army:i = 1
			active:b = false
		}
	}
	objectGroups {
		name:t = "bdt_t1_bomb_object_02"
		tm:m = [[0.258819, 0.0, 0.965927] [0.0, 1.0, 0.0] [-0.965927, 0.0, 0.258819] [11916.1, 2068.02, -21843.4]]
		unit_class:t = "dynBase_hq_camp_square"
		objLayer:i = 2
		props {
			army:i = 1
			active:b = false
		}
	}
	objectGroups {
		name:t = "bdt_t1_bomb_object_03"
		tm:m = [[0.766044, 0.0, 0.642788] [0.0, 1.0, 0.0] [-0.642788, 0.0, 0.766044] [21581.4, 2651.7, -12992.0]]
		unit_class:t = "dynBase_petrol_camp_square"
		objLayer:i = 2
		props {
			army:i = 1
			active:b = false
		}
	}
	objectGroups {
		name:t = "bdt_t1_bomb_object_04"
		tm:m = [[0.342021, 0.0, 0.939693] [0.0, 1.0, 0.0] [-0.939693, 0.0, 0.342021] [20425.1, 2212.08, -27620.7]]
		unit_class:t = "dynBase_field_camp_square"
		objLayer:i = 2
		props {
			army:i = 1
			active:b = false
		}
	}
	objectGroups {
		name:t = "bdt_t1_bomb_object_05"
		tm:m = [[0.996194, 0.0, 0.0871554] [0.0, 1.0, 0.0] [-0.0871554, 0.0, 0.996194] [11116.3, 463.729, -8817.33]]
		unit_class:t = "dynBase_military_base_square"
		objLayer:i = 2
		props {
			army:i = 1
			active:b = false
		}
	}
	objectGroups {
		name:t = "bdt_t1_bomb_object_06"
		tm:m = [[-0.0436191, 0.0, 0.999049] [0.0, 1.0, 0.0] [-0.999049, 0.0, -0.0436191] [14114.4, 3255.93, 13370.2]]
		unit_class:t = "dynBase_oil_storage_large_square"
		objLayer:i = 2
		props {
			army:i = 1
			active:b = false
		}
	}
	objectGroups {
		name:t = "bdt_t1_bomb_object_07"
		tm:m = [[-0.0436195, 0.0, 0.999047] [0.0, 1.0, 0.0] [-0.999047, 0.0, -0.0436195] [21863.0, 2879.92, 13336.3]]
		unit_class:t = "dynBase_ammunition_storage_square"
		objLayer:i = 2
		props {
			army:i = 1
			active:b = false
		}
	}
	objectGroups {
		name:t = "bdt_t1_bomb_object_08"
		tm:m = [[-0.422618, 0.0, 0.906307] [0.0, 1.0, 0.0] [-0.906307, 0.0, -0.422618] [22773.3, 3032.31, 20382.9]]
		unit_class:t = "dynBase_oil_storage_small_square"
		objLayer:i = 2
		props {
			army:i = 1
			active:b = false
		}
	}
	objectGroups {
		name:t = "bdt_t2_bomb_object_01"
		tm:m = [[0.573577, 0.0, 0.819153] [0.0, 1.0, 0.0] [-0.819153, 0.0, 0.573577] [-15207.1, 3775.05, 20047.8]]
		unit_class:t = "dynBase_hq_camp_square"
		objLayer:i = 2
		props {
			army:i = 2
			active:b = false
		}
	}
	objectGroups {
		name:t = "bdt_t2_bomb_object_02"
		tm:m = [[0.862677, 0.0, 0.505759] [0.0, 1.0, 0.0] [-0.505759, 0.0, 0.862677] [-21307.2, 1643.3, -20408.6]]
		unit_class:t = "dynBase_military_base_square"
		objLayer:i = 2
		props {
			army:i = 2
			active:b = false
		}
	}
	objectGroups {
		name:t = "bdt_t2_bomb_object_03"
		tm:m = [[-0.976298, 0.0, -0.21644] [0.0, 1.0, 0.0] [0.21644, 0.0, -0.976298] [-12049.8, 438.646, -2602.66]]
		unit_class:t = "dynBase_ammunition_camp_square"
		objLayer:i = 2
		props {
			army:i = 2
			active:b = false
		}
	}
	objectGroups {
		name:t = "bdt_t2_bomb_object_04"
		tm:m = [[0.382684, 0.0, 0.923881] [0.0, 1.0, 0.0] [-0.923881, 0.0, 0.382684] [-15494.4, 1443.11, -25286.3]]
		unit_class:t = "dynBase_oil_storage_large_square"
		objLayer:i = 2
		props {
			army:i = 2
			active:b = false
		}
	}
	objectGroups {
		name:t = "bdt_t2_bomb_object_05"
		tm:m = [[0.130526, 0.0, 0.991445] [0.0, 1.0, 0.0] [-0.991445, 0.0, 0.130526] [-22536.4, 2032.88, 3157.1]]
		unit_class:t = "dynBase_oil_storage_small_square"
		objLayer:i = 2
		props {
			army:i = 2
			active:b = false
		}
	}
	objectGroups {
		name:t = "bdt_t2_bomb_object_06"
		tm:m = [[0.500001, 0.0, 0.866026] [0.0, 1.0, 0.0] [-0.866026, 0.0, 0.500001] [-18454.2, 2494.38, 12350.8]]
		unit_class:t = "dynBase_petrol_camp_square"
		objLayer:i = 2
		props {
			army:i = 2
			active:b = false
		}
	}
	objectGroups {
		name:t = "bdt_t2_bomb_object_07"
		tm:m = [[0.25882, 0.0, 0.965926] [0.0, 1.0, 0.0] [-0.965926, 0.0, 0.25882] [-17722.8, 1130.39, -7638.28]]
		unit_class:t = "dynBase_ammunition_storage_square"
		objLayer:i = 2
		props {
			army:i = 2
			active:b = false
		}
	}
	objectGroups {
		name:t = "bdt_t2_bomb_object_08"
		tm:m = [[0.608762, 0.0, 0.793353] [0.0, 1.0, 0.0] [-0.793353, 0.0, 0.608762] [-11357.3, 2607.19, 10634.8]]
		unit_class:t = "dynBase_small_factory_square"
		objLayer:i = 2
		props {
			army:i = 2
			active:b = false
		}
	}
	armada {
		name:t = "bdt_armada"
		tm:m = [[0.707106, 0.0, 0.707107] [0.0, 1.0, 0.0] [-0.707107, 0.0, 0.707106] [2373.36, 5280.21, -17496.6]]
		unit_class:t = "b-17g"
		objLayer:i = 1
		closed_waypoints:b = false
		isShipSpline:b = false
		shipTurnRadius:r = 100
		weapons:t = "B17G_8x1000lbs"
		bullets0:t = ""
		bullets1:t = ""
		bullets2:t = ""
		bullets3:t = ""
		bulletsCount0:i = 0
		bulletsCount1:i = 0
		bulletsCount2:i = 0
		bulletsCount3:i = 0
		crewSkillK:r = 0
		applyAllMods:b = false
		props {
			army:i = 2
			count:i = 1
			free_distance:r = 70
			floating_distance:r = 50
			minimum_distance_to_earth:r = 20
			altLimit:r = 6000
			attack_type:t = "fire_at_will"
			skill:i = 4
			plane {
				wing_formation:t = "Diamond"
				row_distances:r = 3
				col_distances:r = 3
				super_formation:t = "Diamond"
				super_row_distances:r = 1.5
				super_col_distances:r = 1.5
				ai_skill:t = "NORMAL"
				task:t = "FLY_WAYPOINT"
			}
		}
		way {

		}
	}
	objectGroups {
		name:t = "bdt_t1_bomb_object_09"
		tm:m = [[-0.422618, 0.0, 0.906307] [0.0, 1.0, 0.0] [-0.906307, 0.0, -0.422618] [27359.0, 2764.2, 9023.82]]
		unit_class:t = "dynBase_oil_storage_small_square"
		objLayer:i = 2
		props {
			army:i = 1
			active:b = false
		}
	}
	objectGroups {
		name:t = "bdt_t1_bomb_object_10"
		tm:m = [[0.766044, 0.0, 0.642788] [0.0, 1.0, 0.0] [-0.642788, 0.0, 0.766044] [13836.2, 2456.81, 5877.14]]
		unit_class:t = "dynBase_petrol_camp_square"
		objLayer:i = 2
		props {
			army:i = 1
			active:b = false
		}
	}
	objectGroups {
		name:t = "bdt_t2_bomb_object_09"
		tm:m = [[0.862677, 0.0, 0.505759] [0.0, 1.0, 0.0] [-0.505759, 0.0, 0.862677] [-25966.3, 1413.56, -27654.6]]
		unit_class:t = "dynBase_military_base_square"
		objLayer:i = 2
		props {
			army:i = 2
			active:b = false
		}
	}
	objectGroups {
		name:t = "bdt_t2_bomb_object_10"
		tm:m = [[0.130526, 0.0, 0.991445] [0.0, 1.0, 0.0] [-0.991445, 0.0, 0.130526] [-23001.2, 3368.98, 25614.3]]
		unit_class:t = "dynBase_oil_storage_small_square"
		objLayer:i = 2
		props {
			army:i = 2
			active:b = false
		}
	}
	objectGroups {
		name:t = "bdt_t1_bomb_object_11"
		tm:m = [[0.766044, 0.0, 0.642788] [0.0, 1.0, 0.0] [-0.642788, 0.0, 0.766044] [39647.8, 3019.57, -24927.0]]
		unit_class:t = "dynBase_petrol_camp_square"
		objLayer:i = 2
		props {
			army:i = 1
			active:b = false
		}
	}
	objectGroups {
		name:t = "bdt_t1_bomb_object_12"
		tm:m = [[0.121857, 0.0, 0.992548] [0.0, 1.0, 0.0] [-0.992548, 0.0, 0.121857] [38505.4, 347.292, -717.366]]
		unit_class:t = "dynBase_small_factory_square"
		objLayer:i = 2
		props {
			army:i = 1
			active:b = false
		}
	}
	objectGroups {
		name:t = "bdt_t1_bomb_object_13"
		tm:m = [[0.258819, 0.0, 0.965927] [0.0, 1.0, 0.0] [-0.965927, 0.0, 0.258819] [28214.3, 505.717, -7399.2]]
		unit_class:t = "dynBase_hq_camp_square"
		objLayer:i = 2
		props {
			army:i = 1
			active:b = false
		}
	}
	objectGroups {
		name:t = "bdt_t1_bomb_object_14"
		tm:m = [[0.342021, 0.0, 0.939693] [0.0, 1.0, 0.0] [-0.939693, 0.0, 0.342021] [26427.7, 2157.78, -28532.2]]
		unit_class:t = "dynBase_field_camp_square"
		objLayer:i = 2
		props {
			army:i = 1
			active:b = false
		}
	}
	objectGroups {
		name:t = "bdt_t1_bomb_object_15"
		tm:m = [[0.766044, 0.0, 0.642788] [0.0, 1.0, 0.0] [-0.642788, 0.0, 0.766044] [38400.7, 1376.04, 26122.8]]
		unit_class:t = "dynBase_petrol_camp_square"
		objLayer:i = 2
		props {
			army:i = 1
			active:b = false
		}
	}
	objectGroups {
		name:t = "bdt_t2_bomb_object_11"
		tm:m = [[0.130526, 0.0, 0.991445] [0.0, 1.0, 0.0] [-0.991445, 0.0, 0.130526] [-38781.6, 2092.69, 22345.7]]
		unit_class:t = "dynBase_oil_storage_small_square"
		objLayer:i = 2
		props {
			army:i = 2
			active:b = false
		}
	}
	objectGroups {
		name:t = "bdt_t2_bomb_object_12"
		tm:m = [[0.25882, 0.0, 0.965926] [0.0, 1.0, 0.0] [-0.965926, 0.0, 0.25882] [-33946.6, 224.992, -1172.19]]
		unit_class:t = "dynBase_ammunition_storage_square"
		objLayer:i = 2
		props {
			army:i = 2
			active:b = false
		}
	}
	objectGroups {
		name:t = "bdt_t2_bomb_object_13"
		tm:m = [[0.862677, 0.0, 0.505759] [0.0, 1.0, 0.0] [-0.505759, 0.0, 0.862677] [-33456.4, 771.072, -29684.2]]
		unit_class:t = "dynBase_military_base_square"
		objLayer:i = 2
		props {
			army:i = 2
			active:b = false
		}
	}
	objectGroups {
		name:t = "bdt_t2_bomb_object_14"
		tm:m = [[0.500001, 0.0, 0.866026] [0.0, 1.0, 0.0] [-0.866026, 0.0, 0.500001] [-45446.8, 1758.08, 39613.2]]
		unit_class:t = "dynBase_petrol_camp_square"
		objLayer:i = 2
		props {
			army:i = 2
			active:b = false
		}
	}
	objectGroups {
		name:t = "bdt_t2_bomb_object_15"
		tm:m = [[0.862677, 0.0, 0.505759] [0.0, 1.0, 0.0] [-0.505759, 0.0, 0.862677] [-32856.5, 2439.65, 19645.7]]
		unit_class:t = "dynBase_military_base_square"
		objLayer:i = 2
		props {
			army:i = 2
			active:b = false
		}
	}
	objectGroups {
		name:t = "bdt_t1_bomb_object_16"
		tm:m = [[0.342021, 0.0, 0.939693] [0.0, 1.0, 0.0] [-0.939693, 0.0, 0.342021] [14496.6, 1049.52, 52658.2]]
		unit_class:t = "dynBase_field_camp_square"
		objLayer:i = 2
		props {
			army:i = 1
			active:b = false
		}
	}
	objectGroups {
		name:t = "bdt_t1_bomb_object_17"
		tm:m = [[0.342021, 0.0, 0.939693] [0.0, 1.0, 0.0] [-0.939693, 0.0, 0.342021] [45245.5, 844.701, 37380.5]]
		unit_class:t = "dynBase_field_camp_square"
		objLayer:i = 2
		props {
			army:i = 1
			active:b = false
		}
	}
	objectGroups {
		name:t = "bdt_t1_bomb_object_18"
		tm:m = [[0.121857, 0.0, 0.992548] [0.0, 1.0, 0.0] [-0.992548, 0.0, 0.121857] [26566.2, 2061.48, -51467.1]]
		unit_class:t = "dynBase_small_factory_square"
		objLayer:i = 2
		props {
			army:i = 1
			active:b = false
		}
	}
	objectGroups {
		name:t = "bdt_t1_bomb_object_19"
		tm:m = [[0.342021, 0.0, 0.939693] [0.0, 1.0, 0.0] [-0.939693, 0.0, 0.342021] [9166.1, 1369.48, -49461.3]]
		unit_class:t = "dynBase_field_camp_square"
		objLayer:i = 2
		props {
			army:i = 1
			active:b = false
		}
	}
	objectGroups {
		name:t = "bdt_t1_bomb_object_20"
		tm:m = [[0.121857, 0.0, 0.992548] [0.0, 1.0, 0.0] [-0.992548, 0.0, 0.121857] [20303.5, 1000.86, 38755.1]]
		unit_class:t = "dynBase_small_factory_square"
		objLayer:i = 2
		props {
			army:i = 1
			active:b = false
		}
	}
	objectGroups {
		name:t = "bdt_t2_bomb_object_16"
		tm:m = [[0.25882, 0.0, 0.965926] [0.0, 1.0, 0.0] [-0.965926, 0.0, 0.25882] [-24529.2, 3589.81, 36203.9]]
		unit_class:t = "dynBase_ammunition_storage_square"
		objLayer:i = 2
		props {
			army:i = 2
			active:b = false
		}
	}
	objectGroups {
		name:t = "bdt_t2_bomb_object_17"
		tm:m = [[0.500001, 0.0, 0.866026] [0.0, 1.0, 0.0] [-0.866026, 0.0, 0.500001] [-21921.0, 1353.85, -40566.1]]
		unit_class:t = "dynBase_petrol_camp_square"
		objLayer:i = 2
		props {
			army:i = 2
			active:b = false
		}
	}
	objectGroups {
		name:t = "bdt_t2_bomb_object_18"
		tm:m = [[-0.976298, 0.0, -0.21644] [0.0, 1.0, 0.0] [0.21644, 0.0, -0.976298] [-36209.0, 1164.27, -51681.8]]
		unit_class:t = "dynBase_ammunition_camp_square"
		objLayer:i = 2
		props {
			army:i = 2
			active:b = false
		}
	}
	objectGroups {
		name:t = "bdt_t2_bomb_object_19"
		tm:m = [[0.25882, 0.0, 0.965926] [0.0, 1.0, 0.0] [-0.965926, 0.0, 0.25882] [-19853.8, 986.624, -55356.0]]
		unit_class:t = "dynBase_ammunition_storage_square"
		objLayer:i = 2
		props {
			army:i = 2
			active:b = false
		}
	}
	objectGroups {
		name:t = "bdt_t2_bomb_object_20"
		tm:m = [[0.862677, 0.0, 0.505759] [0.0, 1.0, 0.0] [-0.505759, 0.0, 0.862677] [-11824.3, 1281.17, -32332.6]]
		unit_class:t = "dynBase_military_base_square"
		objLayer:i = 2
		props {
			army:i = 2
			active:b = false
		}
	}
}
areas {
	bdt_t1_bomb_zone_01 {
		type:t = "Sphere"
		tm:m = [[433.012, 0.0, 250.0] [0.0, 500.0, 0.0] [-250.0, 0.0, 433.012] [18818.7, 809.972, -660.32]]
		objLayer:i = 0
		props {

		}
	}
	bdt_t1_bomb_zone_02 {
		type:t = "Sphere"
		tm:m = [[171.01, 0.0, 469.847] [0.0, 500.0, 0.0] [-469.847, 0.0, 171.01] [11912.9, 2067.83, -21843.1]]
		objLayer:i = 0
		props {

		}
	}
	bdt_t1_bomb_zone_03 {
		type:t = "Sphere"
		tm:m = [[409.576, 0.0, 286.788] [0.0, 500.0, 0.0] [-286.788, 0.0, 409.576] [21587.0, 2651.79, -13012.5]]
		objLayer:i = 0
		props {

		}
	}
	bdt_t1_bomb_zone_04 {
		type:t = "Sphere"
		tm:m = [[353.554, 0.0, 353.554] [0.0, 500.0, 0.0] [-353.554, 0.0, 353.554] [20428.2, 2212.06, -27612.0]]
		objLayer:i = 0
		props {

		}
	}
	bdt_t1_bomb_zone_05 {
		type:t = "Sphere"
		tm:m = [[469.847, 0.0, -171.01] [0.0, 500.0, 0.0] [171.01, 0.0, 469.847] [11116.2, 463.769, -8820.63]]
		objLayer:i = 0
		props {

		}
	}
	bdt_t1_bomb_zone_06 {
		type:t = "Sphere"
		tm:m = [[65.2631, 0.0, 495.722] [0.0, 500.0, 0.0] [-495.722, 0.0, 65.2631] [14110.9, 3255.83, 13367.1]]
		objLayer:i = 0
		props {

		}
	}
	bdt_t1_bomb_zone_07 {
		type:t = "Sphere"
		tm:m = [[286.789, 0.0, 409.577] [0.0, 500.0, 0.0] [-409.577, 0.0, 286.789] [21869.6, 2880.09, 13342.2]]
		objLayer:i = 0
		props {

		}
	}
	bdt_t1_bomb_zone_08 {
		type:t = "Sphere"
		tm:m = [[108.22, 0.0, 488.149] [0.0, 500.0, 0.0] [-488.149, 0.0, 108.22] [22776.3, 3032.56, 20388.8]]
		objLayer:i = 0
		props {

		}
	}
	bdt_t2_bomb_zone_01 {
		type:t = "Sphere"
		tm:m = [[476.859, 0.0, 150.353] [0.0, 500.0, 0.0] [-150.353, 0.0, 476.859] [-15196.8, 3775.01, 20045.4]]
		objLayer:i = 0
		props {

		}
	}
	bdt_t2_bomb_zone_02 {
		type:t = "Sphere"
		tm:m = [[496.146, 0.0, -61.9591] [0.0, 500.0, 0.0] [61.9591, 0.0, 496.146] [-21314.6, 1642.44, -20407.4]]
		objLayer:i = 0
		props {

		}
	}
	bdt_t2_bomb_zone_03 {
		type:t = "Sphere"
		tm:m = [[469.846, 0.0, 171.01] [0.0, 500.0, 0.0] [-171.01, 0.0, 469.846] [-12038.7, 412.296, -2610.26]]
		objLayer:i = 0
		props {

		}
	}
	bdt_t2_bomb_zone_04 {
		type:t = "Sphere"
		tm:m = [[433.013, 0.0, 250.0] [0.0, 500.0, 0.0] [-250.0, 0.0, 433.013] [-15483.9, 1444.86, -25278.2]]
		objLayer:i = 0
		props {

		}
	}
	bdt_t2_bomb_zone_05 {
		type:t = "Sphere"
		tm:m = [[353.554, 0.0, 353.554] [0.0, 500.0, 0.0] [-353.554, 0.0, 353.554] [-22535.7, 2031.69, 3164.24]]
		objLayer:i = 0
		props {

		}
	}
	bdt_t2_bomb_zone_06 {
		type:t = "Sphere"
		tm:m = [[492.403, 0.0, 86.8242] [0.0, 500.0, 0.0] [-86.8242, 0.0, 492.403] [-18455.0, 2495.85, 12358.9]]
		objLayer:i = 0
		props {

		}
	}
	bdt_t2_bomb_zone_07 {
		type:t = "Sphere"
		tm:m = [[353.554, 0.0, 353.554] [0.0, 500.0, 0.0] [-353.554, 0.0, 353.554] [-17746.1, 1128.0, -7630.53]]
		objLayer:i = 0
		props {

		}
	}
	bdt_t2_bomb_zone_08 {
		type:t = "Sphere"
		tm:m = [[353.554, 0.0, 353.554] [0.0, 500.0, 0.0] [-353.554, 0.0, 353.554] [-11362.9, 2605.3, 10622.4]]
		objLayer:i = 0
		props {

		}
	}
	bdt_center_area {
		type:t = "Box"
		tm:m = [[-0.00927734, 0.0, 124000.0] [0.0, 500.0, 0.0] [-21000.0, 0.0, -0.00158691] [0.0, 2824.4, 0.0]]
		objLayer:i = 4
		props {

		}
	}
	bdt_t1_bomb_zone_01_aaa_point_01 {
		type:t = "Point"
		tm:m = [[-0.5373, 0.0, -0.843391] [0.0, 1.0, 0.0] [0.843391, 0.0, -0.5373] [18951.7, 809.002, -541.491]]
		objLayer:i = 0
		props {

		}
	}
	bdt_t1_bomb_zone_01_aaa_point_02 {
		type:t = "Point"
		tm:m = [[-0.5373, 0.0, -0.843391] [0.0, 1.0, 0.0] [0.843391, 0.0, -0.5373] [18688.5, 799.982, -496.03]]
		objLayer:i = 0
		props {

		}
	}
	bdt_t1_bomb_zone_01_aaa_point_03 {
		type:t = "Point"
		tm:m = [[-0.5373, 0.0, -0.843391] [0.0, 1.0, 0.0] [0.843391, 0.0, -0.5373] [18651.5, 809.842, -793.988]]
		objLayer:i = 0
		props {

		}
	}
	bdt_t1_bomb_zone_01_aaa_point_04 {
		type:t = "Point"
		tm:m = [[-0.5373, 0.0, -0.843391] [0.0, 1.0, 0.0] [0.843391, 0.0, -0.5373] [18894.6, 813.992, -832.132]]
		objLayer:i = 0
		props {

		}
	}
	bdt_t1_bomb_zone_02_aaa_point_01 {
		type:t = "Point"
		tm:m = [[7.45058e-8, 0.0, -1.0] [0.0, 1.0, 0.0] [1.0, 0.0, 7.45058e-8] [11800.3, 2056.56, -21687.0]]
		objLayer:i = 0
		props {

		}
	}
	bdt_t1_bomb_zone_02_aaa_point_02 {
		type:t = "Point"
		tm:m = [[7.45058e-8, 0.0, -1.0] [0.0, 1.0, 0.0] [1.0, 0.0, 7.45058e-8] [11655.5, 2055.14, -21918.9]]
		objLayer:i = 0
		props {

		}
	}
	bdt_t1_bomb_zone_02_aaa_point_03 {
		type:t = "Point"
		tm:m = [[7.45058e-8, 0.0, -1.0] [0.0, 1.0, 0.0] [1.0, 0.0, 7.45058e-8] [11838.8, 2079.61, -22053.3]]
		objLayer:i = 0
		props {

		}
	}
	bdt_t1_bomb_zone_02_aaa_point_04 {
		type:t = "Point"
		tm:m = [[7.45058e-8, 0.0, -1.0] [0.0, 1.0, 0.0] [1.0, 0.0, 7.45058e-8] [12129.9, 2081.28, -21759.3]]
		objLayer:i = 0
		props {

		}
	}
	bdt_t1_bomb_zone_03_aaa_point_01 {
		type:t = "Point"
		tm:m = [[7.45058e-8, 0.0, -1.0] [0.0, 1.0, 0.0] [1.0, 0.0, 7.45058e-8] [21550.8, 2656.25, -13164.3]]
		objLayer:i = 0
		props {

		}
	}
	bdt_t1_bomb_zone_03_aaa_point_02 {
		type:t = "Point"
		tm:m = [[7.45058e-8, 0.0, -1.0] [0.0, 1.0, 0.0] [1.0, 0.0, 7.45058e-8] [21797.9, 2640.26, -12916.4]]
		objLayer:i = 0
		props {

		}
	}
	bdt_t1_bomb_zone_03_aaa_point_03 {
		type:t = "Point"
		tm:m = [[7.45058e-8, 0.0, -1.0] [0.0, 1.0, 0.0] [1.0, 0.0, 7.45058e-8] [21535.7, 2570.85, -12729.9]]
		objLayer:i = 0
		props {

		}
	}
	bdt_t1_bomb_zone_03_aaa_point_04 {
		type:t = "Point"
		tm:m = [[7.45058e-8, 0.0, -1.0] [0.0, 1.0, 0.0] [1.0, 0.0, 7.45058e-8] [21385.0, 2556.79, -12874.6]]
		objLayer:i = 0
		props {

		}
	}
	bdt_t1_bomb_zone_04_aaa_point_01 {
		type:t = "Point"
		tm:m = [[7.45058e-8, 0.0, -1.0] [0.0, 1.0, 0.0] [1.0, 0.0, 7.45058e-8] [20619.3, 2220.51, -27748.5]]
		objLayer:i = 0
		props {

		}
	}
	bdt_t1_bomb_zone_04_aaa_point_02 {
		type:t = "Point"
		tm:m = [[7.45058e-8, 0.0, -1.0] [0.0, 1.0, 0.0] [1.0, 0.0, 7.45058e-8] [20250.2, 2180.92, -27529.4]]
		objLayer:i = 0
		props {

		}
	}
	bdt_t1_bomb_zone_04_aaa_point_03 {
		type:t = "Point"
		tm:m = [[7.45058e-8, 0.0, -1.0] [0.0, 1.0, 0.0] [1.0, 0.0, 7.45058e-8] [20231.7, 2188.5, -27780.9]]
		objLayer:i = 0
		props {

		}
	}
	bdt_t1_bomb_zone_04_aaa_point_04 {
		type:t = "Point"
		tm:m = [[7.45058e-8, 0.0, -1.0] [0.0, 1.0, 0.0] [1.0, 0.0, 7.45058e-8] [20462.5, 2192.52, -27430.0]]
		objLayer:i = 0
		props {

		}
	}
	bdt_t1_bomb_zone_05_aaa_point_01 {
		type:t = "Point"
		tm:m = [[7.45058e-8, 0.0, -1.0] [0.0, 1.0, 0.0] [1.0, 0.0, 7.45058e-8] [11294.8, 459.959, -8680.33]]
		objLayer:i = 0
		props {

		}
	}
	bdt_t1_bomb_zone_05_aaa_point_02 {
		type:t = "Point"
		tm:m = [[7.45058e-8, 0.0, -1.0] [0.0, 1.0, 0.0] [1.0, 0.0, 7.45058e-8] [10992.1, 463.309, -8646.43]]
		objLayer:i = 0
		props {

		}
	}
	bdt_t1_bomb_zone_05_aaa_point_03 {
		type:t = "Point"
		tm:m = [[7.45058e-8, 0.0, -1.0] [0.0, 1.0, 0.0] [1.0, 0.0, 7.45058e-8] [10891.6, 466.979, -8858.13]]
		objLayer:i = 0
		props {

		}
	}
	bdt_t1_bomb_zone_05_aaa_point_04 {
		type:t = "Point"
		tm:m = [[7.45058e-8, 0.0, -1.0] [0.0, 1.0, 0.0] [1.0, 0.0, 7.45058e-8] [11261.6, 462.809, -8893.83]]
		objLayer:i = 0
		props {

		}
	}
	bdt_t1_bomb_zone_06_aaa_point_01 {
		type:t = "Point"
		tm:m = [[7.45058e-8, 0.0, -1.0] [0.0, 1.0, 0.0] [1.0, 0.0, 7.45058e-8] [13962.0, 3289.71, 13509.2]]
		objLayer:i = 0
		props {

		}
	}
	bdt_t1_bomb_zone_06_aaa_point_02 {
		type:t = "Point"
		tm:m = [[7.45058e-8, 0.0, -1.0] [0.0, 1.0, 0.0] [1.0, 0.0, 7.45058e-8] [14275.4, 3244.93, 13448.6]]
		objLayer:i = 0
		props {

		}
	}
	bdt_t1_bomb_zone_06_aaa_point_03 {
		type:t = "Point"
		tm:m = [[7.45058e-8, 0.0, -1.0] [0.0, 1.0, 0.0] [1.0, 0.0, 7.45058e-8] [14292.1, 3212.24, 13220.3]]
		objLayer:i = 0
		props {

		}
	}
	bdt_t1_bomb_zone_06_aaa_point_04 {
		type:t = "Point"
		tm:m = [[7.45058e-8, 0.0, -1.0] [0.0, 1.0, 0.0] [1.0, 0.0, 7.45058e-8] [13988.1, 3250.04, 13242.9]]
		objLayer:i = 0
		props {

		}
	}
	bdt_t1_bomb_zone_07_aaa_point_01 {
		type:t = "Point"
		tm:m = [[0.173648, 0.0, -0.984808] [0.0, 1.0, 0.0] [0.984808, 0.0, 0.173648] [21782.0, 2883.12, 13565.6]]
		objLayer:i = 0
		props {

		}
	}
	bdt_t1_bomb_zone_07_aaa_point_02 {
		type:t = "Point"
		tm:m = [[0.173648, 0.0, -0.984808] [0.0, 1.0, 0.0] [0.984808, 0.0, 0.173648] [22100.9, 2880.95, 13292.6]]
		objLayer:i = 0
		props {

		}
	}
	bdt_t1_bomb_zone_07_aaa_point_03 {
		type:t = "Point"
		tm:m = [[0.173648, 0.0, -0.984808] [0.0, 1.0, 0.0] [0.984808, 0.0, 0.173648] [21959.9, 2876.86, 13109.9]]
		objLayer:i = 0
		props {

		}
	}
	bdt_t1_bomb_zone_07_aaa_point_04 {
		type:t = "Point"
		tm:m = [[0.173648, 0.0, -0.984808] [0.0, 1.0, 0.0] [0.984808, 0.0, 0.173648] [21696.2, 2875.45, 13173.0]]
		objLayer:i = 0
		props {

		}
	}
	bdt_t1_bomb_zone_08_aaa_point_01 {
		type:t = "Point"
		tm:m = [[7.45058e-8, 0.0, -1.0] [0.0, 1.0, 0.0] [1.0, 0.0, 7.45058e-8] [22501.6, 3042.98, 20423.9]]
		objLayer:i = 0
		props {

		}
	}
	bdt_t1_bomb_zone_08_aaa_point_02 {
		type:t = "Point"
		tm:m = [[7.45058e-8, 0.0, -1.0] [0.0, 1.0, 0.0] [1.0, 0.0, 7.45058e-8] [22850.5, 3038.3, 20566.6]]
		objLayer:i = 0
		props {

		}
	}
	bdt_t1_bomb_zone_08_aaa_point_03 {
		type:t = "Point"
		tm:m = [[7.45058e-8, 0.0, -1.0] [0.0, 1.0, 0.0] [1.0, 0.0, 7.45058e-8] [23000.3, 3032.07, 20302.5]]
		objLayer:i = 0
		props {

		}
	}
	bdt_t1_bomb_zone_08_aaa_point_04 {
		type:t = "Point"
		tm:m = [[7.45058e-8, 0.0, -1.0] [0.0, 1.0, 0.0] [1.0, 0.0, 7.45058e-8] [22674.5, 3034.36, 20177.4]]
		objLayer:i = 0
		props {

		}
	}
	bdt_t2_bomb_zone_01_aaa_point_01 {
		type:t = "Point"
		tm:m = [[7.45058e-8, 0.0, -1.0] [0.0, 1.0, 0.0] [1.0, 0.0, 7.45058e-8] [-15497.3, 3781.26, 20040.7]]
		objLayer:i = 0
		props {

		}
	}
	bdt_t2_bomb_zone_01_aaa_point_02 {
		type:t = "Point"
		tm:m = [[7.45058e-8, 0.0, -1.0] [0.0, 1.0, 0.0] [1.0, 0.0, 7.45058e-8] [-15012.4, 3774.67, 19996.8]]
		objLayer:i = 0
		props {

		}
	}
	bdt_t2_bomb_zone_01_aaa_point_03 {
		type:t = "Point"
		tm:m = [[7.45058e-8, 0.0, -1.0] [0.0, 1.0, 0.0] [1.0, 0.0, 7.45058e-8] [-15267.7, 3788.14, 19872.4]]
		objLayer:i = 0
		props {

		}
	}
	bdt_t2_bomb_zone_01_aaa_point_04 {
		type:t = "Point"
		tm:m = [[7.45058e-8, 0.0, -1.0] [0.0, 1.0, 0.0] [1.0, 0.0, 7.45058e-8] [-15301.9, 3765.25, 20220.0]]
		objLayer:i = 0
		props {

		}
	}
	bdt_t2_bomb_zone_02_aaa_point_01 {
		type:t = "Point"
		tm:m = [[7.45058e-8, 0.0, -1.0] [0.0, 1.0, 0.0] [1.0, 0.0, 7.45058e-8] [-21476.5, 1623.18, -20335.3]]
		objLayer:i = 0
		props {

		}
	}
	bdt_t2_bomb_zone_02_aaa_point_02 {
		type:t = "Point"
		tm:m = [[7.45058e-8, 0.0, -1.0] [0.0, 1.0, 0.0] [1.0, 0.0, 7.45058e-8] [-21375.3, 1655.79, -20581.1]]
		objLayer:i = 0
		props {

		}
	}
	bdt_t2_bomb_zone_02_aaa_point_03 {
		type:t = "Point"
		tm:m = [[7.45058e-8, 0.0, -1.0] [0.0, 1.0, 0.0] [1.0, 0.0, 7.45058e-8] [-21165.6, 1663.62, -20538.3]]
		objLayer:i = 0
		props {

		}
	}
	bdt_t2_bomb_zone_02_aaa_point_04 {
		type:t = "Point"
		tm:m = [[7.45058e-8, 0.0, -1.0] [0.0, 1.0, 0.0] [1.0, 0.0, 7.45058e-8] [-21184.6, 1655.98, -20276.5]]
		objLayer:i = 0
		props {

		}
	}
	bdt_t2_bomb_zone_03_aaa_point_01 {
		type:t = "Point"
		tm:m = [[7.45058e-8, 0.0, -1.0] [0.0, 1.0, 0.0] [1.0, 0.0, 7.45058e-8] [-11800.8, 425.326, -2556.03]]
		objLayer:i = 0
		props {

		}
	}
	bdt_t2_bomb_zone_03_aaa_point_02 {
		type:t = "Point"
		tm:m = [[7.45058e-8, 0.0, -1.0] [0.0, 1.0, 0.0] [1.0, 0.0, 7.45058e-8] [-11936.2, 400.026, -2805.67]]
		objLayer:i = 0
		props {

		}
	}
	bdt_t2_bomb_zone_03_aaa_point_03 {
		type:t = "Point"
		tm:m = [[7.45058e-8, 0.0, -1.0] [0.0, 1.0, 0.0] [1.0, 0.0, 7.45058e-8] [-12015.5, 434.036, -2474.94]]
		objLayer:i = 0
		props {

		}
	}
	bdt_t2_bomb_zone_03_aaa_point_04 {
		type:t = "Point"
		tm:m = [[7.45058e-8, 0.0, -1.0] [0.0, 1.0, 0.0] [1.0, 0.0, 7.45058e-8] [-12162.9, 447.776, -2685.6]]
		objLayer:i = 0
		props {

		}
	}
	bdt_t2_bomb_zone_04_aaa_point_01 {
		type:t = "Point"
		tm:m = [[7.45058e-8, 0.0, -1.0] [0.0, 1.0, 0.0] [1.0, 0.0, 7.45058e-8] [-15639.5, 1411.39, -25125.8]]
		objLayer:i = 0
		props {

		}
	}
	bdt_t2_bomb_zone_04_aaa_point_02 {
		type:t = "Point"
		tm:m = [[7.45058e-8, 0.0, -1.0] [0.0, 1.0, 0.0] [1.0, 0.0, 7.45058e-8] [-15264.4, 1460.74, -25228.1]]
		objLayer:i = 0
		props {

		}
	}
	bdt_t2_bomb_zone_04_aaa_point_03 {
		type:t = "Point"
		tm:m = [[7.45058e-8, 0.0, -1.0] [0.0, 1.0, 0.0] [1.0, 0.0, 7.45058e-8] [-15491.6, 1456.15, -25458.6]]
		objLayer:i = 0
		props {

		}
	}
	bdt_t2_bomb_zone_04_aaa_point_04 {
		type:t = "Point"
		tm:m = [[7.45058e-8, 0.0, -1.0] [0.0, 1.0, 0.0] [1.0, 0.0, 7.45058e-8] [-15752.8, 1438.44, -25365.7]]
		objLayer:i = 0
		props {

		}
	}
	bdt_t2_bomb_zone_05_aaa_point_01 {
		type:t = "Point"
		tm:m = [[7.45058e-8, 0.0, -1.0] [0.0, 1.0, 0.0] [1.0, 0.0, 7.45058e-8] [-22350.7, 2035.04, 3271.09]]
		objLayer:i = 0
		props {

		}
	}
	bdt_t2_bomb_zone_05_aaa_point_02 {
		type:t = "Point"
		tm:m = [[7.45058e-8, 0.0, -1.0] [0.0, 1.0, 0.0] [1.0, 0.0, 7.45058e-8] [-22494.8, 2071.07, 2942.12]]
		objLayer:i = 0
		props {

		}
	}
	bdt_t2_bomb_zone_05_aaa_point_03 {
		type:t = "Point"
		tm:m = [[7.45058e-8, 0.0, -1.0] [0.0, 1.0, 0.0] [1.0, 0.0, 7.45058e-8] [-22823.1, 1998.37, 3156.09]]
		objLayer:i = 0
		props {

		}
	}
	bdt_t2_bomb_zone_05_aaa_point_04 {
		type:t = "Point"
		tm:m = [[7.45058e-8, 0.0, -1.0] [0.0, 1.0, 0.0] [1.0, 0.0, 7.45058e-8] [-22583.0, 1995.28, 3336.62]]
		objLayer:i = 0
		props {

		}
	}
	bdt_t2_bomb_zone_06_aaa_point_01 {
		type:t = "Point"
		tm:m = [[7.45058e-8, 0.0, -1.0] [0.0, 1.0, 0.0] [1.0, 0.0, 7.45058e-8] [-18683.5, 2474.18, 12339.4]]
		objLayer:i = 0
		props {

		}
	}
	bdt_t2_bomb_zone_06_aaa_point_02 {
		type:t = "Point"
		tm:m = [[7.45058e-8, 0.0, -1.0] [0.0, 1.0, 0.0] [1.0, 0.0, 7.45058e-8] [-18538.3, 2460.76, 12170.9]]
		objLayer:i = 0
		props {

		}
	}
	bdt_t2_bomb_zone_06_aaa_point_03 {
		type:t = "Point"
		tm:m = [[7.45058e-8, 0.0, -1.0] [0.0, 1.0, 0.0] [1.0, 0.0, 7.45058e-8] [-18264.7, 2488.43, 12262.4]]
		objLayer:i = 0
		props {

		}
	}
	bdt_t2_bomb_zone_06_aaa_point_04 {
		type:t = "Point"
		tm:m = [[7.45058e-8, 0.0, -1.0] [0.0, 1.0, 0.0] [1.0, 0.0, 7.45058e-8] [-18356.0, 2504.55, 12462.4]]
		objLayer:i = 0
		props {

		}
	}
	bdt_t2_bomb_zone_07_aaa_point_01 {
		type:t = "Point"
		tm:m = [[7.45058e-8, 0.0, -1.0] [0.0, 1.0, 0.0] [1.0, 0.0, 7.45058e-8] [-17855.6, 1105.61, -7507.18]]
		objLayer:i = 0
		props {

		}
	}
	bdt_t2_bomb_zone_07_aaa_point_02 {
		type:t = "Point"
		tm:m = [[7.45058e-8, 0.0, -1.0] [0.0, 1.0, 0.0] [1.0, 0.0, 7.45058e-8] [-17871.2, 1137.34, -7800.02]]
		objLayer:i = 0
		props {

		}
	}
	bdt_t2_bomb_zone_07_aaa_point_03 {
		type:t = "Point"
		tm:m = [[7.45058e-8, 0.0, -1.0] [0.0, 1.0, 0.0] [1.0, 0.0, 7.45058e-8] [-17577.8, 1147.91, -7676.51]]
		objLayer:i = 0
		props {

		}
	}
	bdt_t2_bomb_zone_07_aaa_point_04 {
		type:t = "Point"
		tm:m = [[7.45058e-8, 0.0, -1.0] [0.0, 1.0, 0.0] [1.0, 0.0, 7.45058e-8] [-17589.6, 1150.16, -7486.74]]
		objLayer:i = 0
		props {

		}
	}
	bdt_t2_bomb_zone_08_aaa_point_01 {
		type:t = "Point"
		tm:m = [[7.45058e-8, 0.0, -1.0] [0.0, 1.0, 0.0] [1.0, 0.0, 7.45058e-8] [-11436.4, 2600.36, 10768.5]]
		objLayer:i = 0
		props {

		}
	}
	bdt_t2_bomb_zone_08_aaa_point_02 {
		type:t = "Point"
		tm:m = [[7.45058e-8, 0.0, -1.0] [0.0, 1.0, 0.0] [1.0, 0.0, 7.45058e-8] [-11600.3, 2612.51, 10592.5]]
		objLayer:i = 0
		props {

		}
	}
	bdt_t2_bomb_zone_08_aaa_point_03 {
		type:t = "Point"
		tm:m = [[7.45058e-8, 0.0, -1.0] [0.0, 1.0, 0.0] [1.0, 0.0, 7.45058e-8] [-11394.3, 2610.26, 10398.4]]
		objLayer:i = 0
		props {

		}
	}
	bdt_t2_bomb_zone_08_aaa_point_04 {
		type:t = "Point"
		tm:m = [[7.45058e-8, 0.0, -1.0] [0.0, 1.0, 0.0] [1.0, 0.0, 7.45058e-8] [-11217.0, 2600.44, 10620.6]]
		objLayer:i = 0
		props {

		}
	}
	bdt_t1_bomb_zone_09 {
		type:t = "Sphere"
		tm:m = [[108.22, 0.0, 488.149] [0.0, 500.0, 0.0] [-488.149, 0.0, 108.22] [27362.0, 2764.45, 9029.62]]
		objLayer:i = 0
		props {

		}
	}
	bdt_t1_bomb_zone_09_aaa_point_02 {
		type:t = "Point"
		tm:m = [[7.45058e-8, 0.0, -1.0] [0.0, 1.0, 0.0] [1.0, 0.0, 7.45058e-8] [27087.3, 2774.87, 9064.82]]
		objLayer:i = 0
		props {

		}
	}
	bdt_t1_bomb_zone_09_aaa_point_04 {
		type:t = "Point"
		tm:m = [[7.45058e-8, 0.0, -1.0] [0.0, 1.0, 0.0] [1.0, 0.0, 7.45058e-8] [27436.2, 2770.19, 9207.42]]
		objLayer:i = 0
		props {

		}
	}
	bdt_t1_bomb_zone_09_aaa_point_03 {
		type:t = "Point"
		tm:m = [[7.45058e-8, 0.0, -1.0] [0.0, 1.0, 0.0] [1.0, 0.0, 7.45058e-8] [27586.0, 2763.96, 8943.42]]
		objLayer:i = 0
		props {

		}
	}
	bdt_t1_bomb_zone_09_aaa_point_01 {
		type:t = "Point"
		tm:m = [[7.45058e-8, 0.0, -1.0] [0.0, 1.0, 0.0] [1.0, 0.0, 7.45058e-8] [27260.2, 2766.25, 8818.32]]
		objLayer:i = 0
		props {

		}
	}
	bdt_t1_bomb_zone_10 {
		type:t = "Sphere"
		tm:m = [[409.576, 0.0, 286.788] [0.0, 500.0, 0.0] [-286.788, 0.0, 409.576] [13841.7, 2456.9, 5856.64]]
		objLayer:i = 0
		props {

		}
	}
	bdt_t1_bomb_zone_10_aaa_point_03 {
		type:t = "Point"
		tm:m = [[7.45058e-8, 0.0, -1.0] [0.0, 1.0, 0.0] [1.0, 0.0, 7.45058e-8] [13838.8, 2461.36, 5572.22]]
		objLayer:i = 0
		props {

		}
	}
	bdt_t1_bomb_zone_10_aaa_point_04 {
		type:t = "Point"
		tm:m = [[7.45058e-8, 0.0, -1.0] [0.0, 1.0, 0.0] [1.0, 0.0, 7.45058e-8] [14052.7, 2445.37, 5952.74]]
		objLayer:i = 0
		props {

		}
	}
	bdt_t1_bomb_zone_10_aaa_point_01 {
		type:t = "Point"
		tm:m = [[7.45058e-8, 0.0, -1.0] [0.0, 1.0, 0.0] [1.0, 0.0, 7.45058e-8] [13790.4, 2424.35, 6139.3]]
		objLayer:i = 0
		props {

		}
	}
	bdt_t1_bomb_zone_10_aaa_point_02 {
		type:t = "Point"
		tm:m = [[7.45058e-8, 0.0, -1.0] [0.0, 1.0, 0.0] [1.0, 0.0, 7.45058e-8] [13639.7, 2428.43, 5994.6]]
		objLayer:i = 0
		props {

		}
	}
	bdt_t2_bomb_zone_09 {
		type:t = "Sphere"
		tm:m = [[496.146, 0.0, -61.9591] [0.0, 500.0, 0.0] [61.9591, 0.0, 496.146] [-25973.7, 1412.7, -27653.4]]
		objLayer:i = 0
		props {

		}
	}
	bdt_t2_bomb_zone_09_aaa_point_01 {
		type:t = "Point"
		tm:m = [[7.45058e-8, 0.0, -1.0] [0.0, 1.0, 0.0] [1.0, 0.0, 7.45058e-8] [-26183.4, 1411.45, -27542.4]]
		objLayer:i = 0
		props {

		}
	}
	bdt_t2_bomb_zone_09_aaa_point_04 {
		type:t = "Point"
		tm:m = [[7.45058e-8, 0.0, -1.0] [0.0, 1.0, 0.0] [1.0, 0.0, 7.45058e-8] [-26034.4, 1426.05, -27827.1]]
		objLayer:i = 0
		props {

		}
	}
	bdt_t2_bomb_zone_09_aaa_point_03 {
		type:t = "Point"
		tm:m = [[7.45058e-8, 0.0, -1.0] [0.0, 1.0, 0.0] [1.0, 0.0, 7.45058e-8] [-25824.7, 1433.88, -27784.3]]
		objLayer:i = 0
		props {

		}
	}
	bdt_t2_bomb_zone_09_aaa_point_02 {
		type:t = "Point"
		tm:m = [[7.45058e-8, 0.0, -1.0] [0.0, 1.0, 0.0] [1.0, 0.0, 7.45058e-8] [-25843.7, 1426.24, -27522.5]]
		objLayer:i = 0
		props {

		}
	}
	bdt_t2_bomb_zone_10 {
		type:t = "Sphere"
		tm:m = [[353.554, 0.0, 353.554] [0.0, 500.0, 0.0] [-353.554, 0.0, 353.554] [-23000.5, 3367.79, 25621.5]]
		objLayer:i = 0
		props {

		}
	}
	bdt_t2_bomb_zone_10_aaa_point_02 {
		type:t = "Point"
		tm:m = [[7.45058e-8, 0.0, -1.0] [0.0, 1.0, 0.0] [1.0, 0.0, 7.45058e-8] [-22815.6, 3371.14, 25728.3]]
		objLayer:i = 0
		props {

		}
	}
	bdt_t2_bomb_zone_10_aaa_point_04 {
		type:t = "Point"
		tm:m = [[7.45058e-8, 0.0, -1.0] [0.0, 1.0, 0.0] [1.0, 0.0, 7.45058e-8] [-22959.6, 3407.17, 25399.4]]
		objLayer:i = 0
		props {

		}
	}
	bdt_t2_bomb_zone_10_aaa_point_03 {
		type:t = "Point"
		tm:m = [[7.45058e-8, 0.0, -1.0] [0.0, 1.0, 0.0] [1.0, 0.0, 7.45058e-8] [-23288.0, 3358.84, 25613.3]]
		objLayer:i = 0
		props {

		}
	}
	bdt_t2_bomb_zone_10_aaa_point_01 {
		type:t = "Point"
		tm:m = [[7.45058e-8, 0.0, -1.0] [0.0, 1.0, 0.0] [1.0, 0.0, 7.45058e-8] [-23047.8, 3367.43, 25793.9]]
		objLayer:i = 0
		props {

		}
	}
	bdt_t1_bomb_zone_11 {
		type:t = "Sphere"
		tm:m = [[409.576, 0.0, 286.788] [0.0, 500.0, 0.0] [-286.788, 0.0, 409.576] [39653.3, 3019.66, -24947.5]]
		objLayer:i = 0
		props {

		}
	}
	bdt_t1_bomb_zone_11_aaa_point_02 {
		type:t = "Point"
		tm:m = [[7.45058e-8, 0.0, -1.0] [0.0, 1.0, 0.0] [1.0, 0.0, 7.45058e-8] [39617.1, 3024.12, -25099.3]]
		objLayer:i = 0
		props {

		}
	}
	bdt_t1_bomb_zone_11_aaa_point_01 {
		type:t = "Point"
		tm:m = [[7.45058e-8, 0.0, -1.0] [0.0, 1.0, 0.0] [1.0, 0.0, 7.45058e-8] [39864.2, 3008.13, -24851.4]]
		objLayer:i = 0
		props {

		}
	}
	bdt_t1_bomb_zone_11_aaa_point_03 {
		type:t = "Point"
		tm:m = [[7.45058e-8, 0.0, -1.0] [0.0, 1.0, 0.0] [1.0, 0.0, 7.45058e-8] [39602.0, 2938.72, -24664.9]]
		objLayer:i = 0
		props {

		}
	}
	bdt_t1_bomb_zone_11_aaa_point_04 {
		type:t = "Point"
		tm:m = [[7.45058e-8, 0.0, -1.0] [0.0, 1.0, 0.0] [1.0, 0.0, 7.45058e-8] [39451.3, 2924.66, -24809.6]]
		objLayer:i = 0
		props {

		}
	}
	bdt_t1_bomb_zone_12 {
		type:t = "Sphere"
		tm:m = [[433.012, 0.0, 250.0] [0.0, 500.0, 0.0] [-250.0, 0.0, 433.012] [38514.6, 347.442, -716.026]]
		objLayer:i = 0
		props {

		}
	}
	bdt_t1_bomb_zone_12_aaa_point_02 {
		type:t = "Point"
		tm:m = [[-0.5373, 0.0, -0.843391] [0.0, 1.0, 0.0] [0.843391, 0.0, -0.5373] [38647.6, 346.472, -597.196]]
		objLayer:i = 0
		props {

		}
	}
	bdt_t1_bomb_zone_12_aaa_point_03 {
		type:t = "Point"
		tm:m = [[-0.5373, 0.0, -0.843391] [0.0, 1.0, 0.0] [0.843391, 0.0, -0.5373] [38384.4, 337.452, -551.736]]
		objLayer:i = 0
		props {

		}
	}
	bdt_t1_bomb_zone_12_aaa_point_04 {
		type:t = "Point"
		tm:m = [[-0.5373, 0.0, -0.843391] [0.0, 1.0, 0.0] [0.843391, 0.0, -0.5373] [38347.4, 347.312, -849.696]]
		objLayer:i = 0
