selected_tag:t = ""
bin_dump_file:t = ""
mission_settings {
	player {
		army:i = 1
		wing:t = "flt_armada"
	}
	player_teamB {
		army:i = 2
	}
	mission {
		level:t = "levels/air_afghan.bin"
		type:t = "singleMission"
		environment:t = "Day"
		weather:t = "hazy"
		restoreType:t = "attempts"
		optionalTakeOff:b = false
	}
	atmosphere {
		pressure:r = 760
		temperature:r = -10
	}
	spectator_points {

	}
}
imports {

}
triggers {
	isCategory:b = true
	is_enabled:b = true
}
mission_objectives {
	isCategory:b = true
	is_enabled:b = true
}
variables {

}
dialogs {

}
airfields {

}
effects {

}
units {
	tankModels {
		name:t = "lbt_battle_t1_tank_01"
		tm:m = [[0.461749, 0.0, 0.887011] [0.0, 1.0, 0.0] [-0.887011, 0.0, 0.461749] [68739.0, -1000.0, 37070.0]]
		unit_class:t = "ussr_bmp_1"
		objLayer:i = 1
		closed_waypoints:b = false
		isShipSpline:b = false
		shipTurnRadius:r = 100
		weapons:t = ""
		bullets0:t = ""
		bullets1:t = ""
		bullets2:t = ""
		bullets3:t = ""
		bulletsCount0:i = 0
		bulletsCount1:i = 0
		bulletsCount2:i = 0
		bulletsCount3:i = 0
		modification:t = "manual_extinguisher"
		modification:t = "tank_tool_kit"
		crewSkillK:r = 0
		applyAllMods:b = false
		props {
			army:i = 1
			count:i = 5
			formation_type:t = "rows"
			formation_div:i = 3
			formation_step:p2 = 2.5, 2
			formation_noise:p2 = 0.1, 0.1
			uniqueName:t = ""
			attack_type:t = "fire_at_will"
			isDelayed:b = true
			stealthRadius:r = 0
			setStealth:b = true
		}
		way {

		}
	}
	tankModels {
		name:t = "lbt_battle_t1_art_01"
		tm:m = [[0.461749, 0.0, 0.887011] [0.0, 1.0, 0.0] [-0.887011, 0.0, 0.461749] [68436.7, -1000.0, 40455.1]]
		unit_class:t = "ussr_at_spg_9"
		objLayer:i = 1
		closed_waypoints:b = false
		isShipSpline:b = false
		shipTurnRadius:r = 100
		weapons:t = ""
		bullets0:t = ""
		bullets1:t = ""
		bullets2:t = ""
		bullets3:t = ""
		bulletsCount0:i = 0
		bulletsCount1:i = 0
		bulletsCount2:i = 0
		bulletsCount3:i = 0
		crewSkillK:r = 0
		applyAllMods:b = false
		props {
			army:i = 1
			count:i = 10
			formation_type:t = "rows"
			formation_div:i = 3
			formation_step:p2 = 2.5, 2
			formation_noise:p2 = 0.1, 0.1
			uniqueName:t = ""
			attack_type:t = "fire_at_will"
			isDelayed:b = true
			stealthRadius:r = 0
			setStealth:b = true
		}
		way {

		}
	}
	tankModels {
		name:t = "lbt_battle_t1_tank_02"
		tm:m = [[0.461749, 0.0, 0.887011] [0.0, 1.0, 0.0] [-0.887011, 0.0, 0.461749] [69230.8, -1000.0, 37070.0]]
		unit_class:t = "ussr_bmp_1"
		objLayer:i = 1
		closed_waypoints:b = false
		isShipSpline:b = false
		shipTurnRadius:r = 100
		weapons:t = ""
		bullets0:t = ""
		bullets1:t = ""
		bullets2:t = ""
		bullets3:t = ""
		bulletsCount0:i = 0
		bulletsCount1:i = 0
		bulletsCount2:i = 0
		bulletsCount3:i = 0
		modification:t = "manual_extinguisher"
		modification:t = "tank_tool_kit"
		crewSkillK:r = 0
		applyAllMods:b = false
		props {
			army:i = 1
			count:i = 5
			formation_type:t = "rows"
			formation_div:i = 3
			formation_step:p2 = 2.5, 2
			formation_noise:p2 = 0.1, 0.1
			uniqueName:t = ""
			attack_type:t = "fire_at_will"
			isDelayed:b = true
			stealthRadius:r = 0
			setStealth:b = true
		}
		way {

		}
	}
	tankModels {
		name:t = "lbt_battle_t1_art_02"
		tm:m = [[0.461749, 0.0, 0.887011] [0.0, 1.0, 0.0] [-0.887011, 0.0, 0.461749] [68863.9, -1000.0, 40455.1]]
		unit_class:t = "ussr_at_spg_9"
		objLayer:i = 1
		closed_waypoints:b = false
		isShipSpline:b = false
		shipTurnRadius:r = 100
		weapons:t = ""
		bullets0:t = ""
		bullets1:t = ""
		bullets2:t = ""
		bullets3:t = ""
		bulletsCount0:i = 0
		bulletsCount1:i = 0
		bulletsCount2:i = 0
		bulletsCount3:i = 0
		crewSkillK:r = 0
		applyAllMods:b = false
		props {
			army:i = 1
			count:i = 10
			formation_type:t = "rows"
			formation_div:i = 3
			formation_step:p2 = 2.5, 2
			formation_noise:p2 = 0.1, 0.1
			uniqueName:t = ""
			attack_type:t = "fire_at_will"
			isDelayed:b = true
			stealthRadius:r = 0
			setStealth:b = true
		}
		way {

		}
	}
	tankModels {
		name:t = "lbt_battle_t1_acar_01"
		tm:m = [[0.461749, 0.0, 0.887011] [0.0, 1.0, 0.0] [-0.887011, 0.0, 0.461749] [68969.1, -1000.0, 36195.2]]
		unit_class:t = "ussr_pt_76b"
		objLayer:i = 1
		closed_waypoints:b = false
		isShipSpline:b = false
		shipTurnRadius:r = 100
		weapons:t = ""
		bullets0:t = ""
		bullets1:t = ""
		bullets2:t = ""
		bullets3:t = ""
		bulletsCount0:i = 0
		bulletsCount1:i = 0
		bulletsCount2:i = 0
		bulletsCount3:i = 0
		modification:t = "manual_extinguisher"
		modification:t = "tank_tool_kit"
		crewSkillK:r = 0
		applyAllMods:b = false
		props {
			army:i = 1
			count:i = 7
			formation_type:t = "rows"
			formation_div:i = 3
			formation_step:p2 = 2.5, 2
			formation_noise:p2 = 0.1, 0.1
			uniqueName:t = ""
			attack_type:t = "fire_at_will"
			isDelayed:b = true
			stealthRadius:r = 0
			setStealth:b = true
		}
		way {

		}
	}
	tankModels {
		name:t = "lbt_battle_t1_acar_02"
		tm:m = [[0.461749, 0.0, 0.887011] [0.0, 1.0, 0.0] [-0.887011, 0.0, 0.461749] [69304.0, -1000.0, 36195.2]]
		unit_class:t = "ussr_pt_76b"
		objLayer:i = 1
		closed_waypoints:b = false
		isShipSpline:b = false
		shipTurnRadius:r = 100
		weapons:t = ""
		bullets0:t = ""
		bullets1:t = ""
		bullets2:t = ""
		bullets3:t = ""
		bulletsCount0:i = 0
		bulletsCount1:i = 0
		bulletsCount2:i = 0
		bulletsCount3:i = 0
		modification:t = "manual_extinguisher"
		modification:t = "tank_tool_kit"
		crewSkillK:r = 0
		applyAllMods:b = false
		props {
			army:i = 1
			count:i = 7
			formation_type:t = "rows"
			formation_div:i = 3
			formation_step:p2 = 2.5, 2
			formation_noise:p2 = 0.1, 0.1
			uniqueName:t = ""
			attack_type:t = "fire_at_will"
			isDelayed:b = true
			stealthRadius:r = 0
			setStealth:b = true
		}
		way {

		}
	}
	tankModels {
		name:t = "lbt_battle_t1_modern_aaa_01"
		tm:m = [[0.461749, 0.0, 0.887011] [0.0, 1.0, 0.0] [-0.887011, 0.0, 0.461749] [68735.3, -1000.0, 38666.6]]
		unit_class:t = "ussr_btr_zd"
		objLayer:i = 1
		closed_waypoints:b = false
		isShipSpline:b = false
		shipTurnRadius:r = 100
		weapons:t = ""
		bullets0:t = ""
		bullets1:t = ""
		bullets2:t = ""
		bullets3:t = ""
		bulletsCount0:i = 0
		bulletsCount1:i = 0
		bulletsCount2:i = 0
		bulletsCount3:i = 0
		modification:t = "manual_extinguisher"
		modification:t = "tank_tool_kit"
		crewSkillK:r = 0
		applyAllMods:b = false
		props {
			army:i = 1
			count:i = 2
			formation_type:t = "rows"
			formation_div:i = 3
			formation_step:p2 = 2.5, 2
			formation_noise:p2 = 0.1, 0.1
			uniqueName:t = ""
			attack_type:t = "fire_at_will"
			isDelayed:b = true
			stealthRadius:r = 0
			setStealth:b = true
		}
		way {

		}
	}
	tankModels {
		name:t = "lbt_battle_t1_modern_aaa_02"
		tm:m = [[0.461749, 0.0, 0.887011] [0.0, 1.0, 0.0] [-0.887011, 0.0, 0.461749] [69099.1, -1000.0, 38666.6]]
		unit_class:t = "ussr_btr_zd"
		objLayer:i = 1
		closed_waypoints:b = false
		isShipSpline:b = false
		shipTurnRadius:r = 100
		weapons:t = ""
		bullets0:t = ""
		bullets1:t = ""
		bullets2:t = ""
		bullets3:t = ""
		bulletsCount0:i = 0
		bulletsCount1:i = 0
		bulletsCount2:i = 0
		bulletsCount3:i = 0
		modification:t = "manual_extinguisher"
		modification:t = "tank_tool_kit"
		crewSkillK:r = 0
		applyAllMods:b = false
		props {
			army:i = 1
			count:i = 2
			formation_type:t = "rows"
			formation_div:i = 3
			formation_step:p2 = 2.5, 2
			formation_noise:p2 = 0.1, 0.1
			uniqueName:t = ""
			attack_type:t = "fire_at_will"
			isDelayed:b = true
			stealthRadius:r = 0
			setStealth:b = true
		}
		way {

		}
	}
	tankModels {
		name:t = "lbt_battle_t1_outdated_aaa_01"
		tm:m = [[0.461749, 0.0, 0.887011] [0.0, 1.0, 0.0] [-0.887011, 0.0, 0.461749] [68704.0, -999.999, 39031.0]]
		unit_class:t = "ussr_btr_zd"
		objLayer:i = 1
		closed_waypoints:b = false
		isShipSpline:b = false
		shipTurnRadius:r = 100
		weapons:t = ""
		bullets0:t = ""
		bullets1:t = ""
		bullets2:t = ""
		bullets3:t = ""
		bulletsCount0:i = 0
		bulletsCount1:i = 0
		bulletsCount2:i = 0
		bulletsCount3:i = 0
		modification:t = "manual_extinguisher"
		modification:t = "tank_tool_kit"
		crewSkillK:r = 0
		applyAllMods:b = false
		props {
			army:i = 1
			count:i = 3
			formation_type:t = "rows"
			formation_div:i = 3
			formation_step:p2 = 2.5, 2
			formation_noise:p2 = 0.1, 0.1
			uniqueName:t = ""
			attack_type:t = "fire_at_will"
			isDelayed:b = true
			stealthRadius:r = 0
			setStealth:b = true
		}
		way {

		}
	}
	tankModels {
		name:t = "lbt_battle_t1_outdated_aaa_02"
		tm:m = [[0.461749, 0.0, 0.887011] [0.0, 1.0, 0.0] [-0.887011, 0.0, 0.461749] [69032.9, -999.999, 39014.6]]
		unit_class:t = "ussr_btr_zd"
		objLayer:i = 1
		closed_waypoints:b = false
		isShipSpline:b = false
		shipTurnRadius:r = 100
		weapons:t = ""
		bullets0:t = ""
		bullets1:t = ""
		bullets2:t = ""
		bullets3:t = ""
		bulletsCount0:i = 0
		bulletsCount1:i = 0
		bulletsCount2:i = 0
		bulletsCount3:i = 0
		modification:t = "manual_extinguisher"
		modification:t = "tank_tool_kit"
		crewSkillK:r = 0
		applyAllMods:b = false
		props {
			army:i = 1
			count:i = 3
			formation_type:t = "rows"
			formation_div:i = 3
			formation_step:p2 = 2.5, 2
			formation_noise:p2 = 0.1, 0.1
			uniqueName:t = ""
			attack_type:t = "fire_at_will"
			isDelayed:b = true
			stealthRadius:r = 0
			setStealth:b = true
		}
		way {

		}
	}
	tankModels {
		name:t = "lbt_battle_t1_bunker_01"
		tm:m = [[0.461749, 0.0, 0.887011] [0.0, 1.0, 0.0] [-0.887011, 0.0, 0.461749] [68508.6, -1000.0, 40148.5]]
		unit_class:t = "ussr_at_spg_9"
		objLayer:i = 1
		closed_waypoints:b = false
		isShipSpline:b = false
		shipTurnRadius:r = 100
		weapons:t = ""
		bullets0:t = ""
		bullets1:t = ""
		bullets2:t = ""
		bullets3:t = ""
		bulletsCount0:i = 0
		bulletsCount1:i = 0
		bulletsCount2:i = 0
		bulletsCount3:i = 0
		crewSkillK:r = 0
		applyAllMods:b = false
		props {
			army:i = 1
			count:i = 5
			formation_type:t = "rows"
			formation_div:i = 3
			formation_step:p2 = 2.5, 2
			formation_noise:p2 = 0.1, 0.1
			uniqueName:t = ""
			attack_type:t = "fire_at_will"
			isDelayed:b = true
			stealthRadius:r = 0
			setStealth:b = true
		}
		way {

		}
	}
	tankModels {
		name:t = "lbt_battle_t1_bunker_02"
		tm:m = [[0.461749, 0.0, 0.887011] [0.0, 1.0, 0.0] [-0.887011, 0.0, 0.461749] [68907.3, -1000.0, 40071.1]]
		unit_class:t = "ussr_at_spg_9"
		objLayer:i = 1
		closed_waypoints:b = false
		isShipSpline:b = false
		shipTurnRadius:r = 100
		weapons:t = ""
		bullets0:t = ""
		bullets1:t = ""
		bullets2:t = ""
		bullets3:t = ""
		bulletsCount0:i = 0
		bulletsCount1:i = 0
		bulletsCount2:i = 0
		bulletsCount3:i = 0
		crewSkillK:r = 0
		applyAllMods:b = false
		props {
			army:i = 1
			count:i = 5
			formation_type:t = "rows"
			formation_div:i = 3
			formation_step:p2 = 2.5, 2
			formation_noise:p2 = 0.1, 0.1
			uniqueName:t = ""
			attack_type:t = "fire_at_will"
			isDelayed:b = true
			stealthRadius:r = 0
			setStealth:b = true
		}
		way {

		}
	}
}
areas {

}
objLayers {
	layer {
		enabled:b = true
	}
	layer {
		enabled:b = true
	}
	layer {
		enabled:b = true
	}
	layer {
		enabled:b = true
	}
}
wayPoints {

}