selected_tag:t = ""
bin_dump_file:t = ""
mission_settings {
	player {
		army:i = 1
	}
	player_teamB {
		army:i = 2
	}
	mission {
		level:t = "levels/air_smolensk.bin"
		type:t = "domination"
		environment:t = "Day"
		weather:t = "hazy"
		restoreType:t = "attempts"
		optionalTakeOff:b = false
	}
}
imports {
	import_record {
		file:t = "gameData/missions/templates/enduring_confrontation/bdt_bases_destroy_template.blk"
		importAreas:b = true
		importUnits:b = true
		importTriggers:b = true
		importMissionObjectives:b = true
		importWayPoints:b = true
		showAreas:b = true
		showUnits:b = true
		showTriggers:b = true
		showMissionObjectives:b = true
		showWayPoints:b = true
		excludes {

		}
	}
	import_record {
		file:t = "gameData/missions/templates/units_sets/land_sets_aaa_bases/bdt_t1_ussr_rank_01.blk"
		rankRange:ip2 = 0, 4
		importAreas:b = true
		importUnits:b = true
		importTriggers:b = true
		importMissionObjectives:b = true
		importWayPoints:b = true
		showAreas:b = true
		showUnits:b = true
		showTriggers:b = true
		showMissionObjectives:b = true
		showWayPoints:b = true
		excludes {

		}
	}
	import_record {
		file:t = "gameData/missions/templates/units_sets/land_sets_aaa_bases/bdt_t1_ussr_rank_02.blk"
		rankRange:ip2 = 5, 8
		importAreas:b = true
		importUnits:b = true
		importTriggers:b = true
		importMissionObjectives:b = true
		importWayPoints:b = true
		showAreas:b = true
		showUnits:b = true
		showTriggers:b = true
		showMissionObjectives:b = true
		showWayPoints:b = true
		excludes {

		}
	}
	import_record {
		file:t = "gameData/missions/templates/units_sets/land_sets_aaa_bases/bdt_t1_ussr_rank_03.blk"
		rankRange:ip2 = 9, 13
		importAreas:b = true
		importUnits:b = true
		importTriggers:b = true
		importMissionObjectives:b = true
		importWayPoints:b = true
		showAreas:b = true
		showUnits:b = true
		showTriggers:b = true
		showMissionObjectives:b = true
		showWayPoints:b = true
		excludes {

		}
	}
	import_record {
		file:t = "gameData/missions/templates/units_sets/land_sets_aaa_bases/bdt_t1_ussr_rank_04.blk"
		rankRange:ip2 = 14, 19
		importAreas:b = true
		importUnits:b = true
		importTriggers:b = true
		importMissionObjectives:b = true
		importWayPoints:b = true
		showAreas:b = true
		showUnits:b = true
		showTriggers:b = true
		showMissionObjectives:b = true
		showWayPoints:b = true
		excludes {

		}
	}
	import_record {
		file:t = "gameData/missions/templates/units_sets/land_sets_aaa_bases/bdt_t1_ussr_rank_05.blk"
		rankRange:ip2 = 20, 24
		importAreas:b = true
		importUnits:b = true
		importTriggers:b = true
		importMissionObjectives:b = true
		importWayPoints:b = true
		showAreas:b = true
		showUnits:b = true
		showTriggers:b = true
		showMissionObjectives:b = true
		showWayPoints:b = true
		excludes {

		}
	}
	import_record {
		file:t = "gameData/missions/templates/units_sets/land_sets_aaa_bases/bdt_t1_usa_rank_06.blk"
		rankRange:ip2 = 25, 50
		importAreas:b = true
		importUnits:b = true
		importTriggers:b = true
		importMissionObjectives:b = true
		importWayPoints:b = true
		showAreas:b = true
		showUnits:b = true
		showTriggers:b = true
		showMissionObjectives:b = true
		showWayPoints:b = true
		excludes {

		}
	}
	import_record {
		file:t = "gameData/missions/templates/units_sets/land_sets_aaa_bases/bdt_t2_usa_rank_01.blk"
		rankRange:ip2 = 0, 4
		importAreas:b = true
		importUnits:b = true
		importTriggers:b = true
		importMissionObjectives:b = true
		importWayPoints:b = true
		showAreas:b = true
		showUnits:b = true
		showTriggers:b = true
		showMissionObjectives:b = true
		showWayPoints:b = true
		excludes {

		}
	}
	import_record {
		file:t = "gameData/missions/templates/units_sets/land_sets_aaa_bases/bdt_t2_usa_rank_02.blk"
		rankRange:ip2 = 5, 8
		importAreas:b = true
		importUnits:b = true
		importTriggers:b = true
		importMissionObjectives:b = true
		importWayPoints:b = true
		showAreas:b = true
		showUnits:b = true
		showTriggers:b = true
		showMissionObjectives:b = true
		showWayPoints:b = true
		excludes {

		}
	}
	import_record {
		file:t = "gameData/missions/templates/units_sets/land_sets_aaa_bases/bdt_t2_usa_rank_03.blk"
		rankRange:ip2 = 9, 13
		importAreas:b = true
		importUnits:b = true
		importTriggers:b = true
		importMissionObjectives:b = true
		importWayPoints:b = true
		showAreas:b = true
		showUnits:b = true
		showTriggers:b = true
		showMissionObjectives:b = true
		showWayPoints:b = true
		excludes {

		}
	}
	import_record {
		file:t = "gameData/missions/templates/units_sets/land_sets_aaa_bases/bdt_t2_usa_rank_04.blk"
		rankRange:ip2 = 14, 19
		importAreas:b = true
		importUnits:b = true
		importTriggers:b = true
		importMissionObjectives:b = true
		importWayPoints:b = true
		showAreas:b = true
		showUnits:b = true
		showTriggers:b = true
		showMissionObjectives:b = true
		showWayPoints:b = true
		excludes {

		}
	}
	import_record {
		file:t = "gameData/missions/templates/units_sets/land_sets_aaa_bases/bdt_t2_usa_rank_05.blk"
		rankRange:ip2 = 20, 24
		importAreas:b = true
		importUnits:b = true
		importTriggers:b = true
		importMissionObjectives:b = true
		importWayPoints:b = true
		showAreas:b = true
		showUnits:b = true
		showTriggers:b = true
		showMissionObjectives:b = true
		showWayPoints:b = true
		excludes {

		}
	}
	import_record {
		file:t = "gameData/missions/templates/units_sets/land_sets_aaa_bases/bdt_t2_usa_rank_06.blk"
		rankRange:ip2 = 25, 50
		importAreas:b = true
		importUnits:b = true
		importTriggers:b = true
		importMissionObjectives:b = true
		importWayPoints:b = true
		showAreas:b = true
		showUnits:b = true
		showTriggers:b = true
		showMissionObjectives:b = true
		showWayPoints:b = true
		excludes {

		}
	}
}
triggers {
	isCategory:b = true
	is_enabled:b = true
	bdt_part_init {
		is_enabled:b = true
		comments:t = ""
		props {
			actionsType:t = "PERFORM_ONE_BY_ONE"
			conditionsType:t = "ALL"
			enableAfterComplete:b = false
		}
		events {
			initMission {

			}
		}
		conditions {

		}
		actions {
			comment {
				value:t = "set max bases amount +1"
			}
			varSetInt {
				value:i = 9
				var:t = "bdt_t1_total_bases_max_count"
			}
			varSetInt {
				value:i = 9
				var:t = "bdt_t2_total_bases_max_count"
			}
			comment {
				value:t = "enable self restarting for template"
			}
			varSetBool {
				value:b = true
				var:t = "bdt_self_restart"
			}
			comment {
				value:t = "increase one-moment bases amount"
			}
			varSetInt {
				value:i = 4
				var:t = "bdt_t1_active_bases_max_count"
				var:t = "bdt_t2_active_bases_max_count"
			}
			comment {
				value:t = ""
			}
			varSetInt {
				value:i = 1
				var:t = "bdt_delay_timer"
			}
			comment {
				value:t = ""
			}
			varSetString {
				value:t = "bfd"
				var:t = "bdt_game_mode"
			}
			comment {
				value:t = ""
			}
			varSetBool {
				value:b = true
				var:t = "bMirrorSpawn"
			}
			comment {
				value:t = ""
			}
			varSetReal {
				value:r = 2000
				var:t = "bdt_t1_min_zone_distance"
				var:t = "bdt_t2_min_zone_distance"
			}
		}
		else_actions {

		}
	}
}
mission_objectives {
	isCategory:b = true
	is_enabled:b = true
}
variables {

}
dialogs {

}
airfields {

}
effects {

}
units {
	objectGroups {
		name:t = "bdt_t2_bomb_object_01"
		tm:m = [[-0.699301, 0.0, -0.714825] [0.0, 1.0, 0.0] [0.714825, 0.0, -0.699301] [106.684, 106.569, 10298.4]]
		unit_class:t = "dynBase_hq_camp_square"
		objLayer:i = 2
		props {
			army:i = 2
			active:b = false
		}
	}
	objectGroups {
		name:t = "bdt_t2_bomb_object_02"
		tm:m = [[0.0341773, 0.0, 0.999418] [0.0, 1.0, 0.0] [-0.999418, 0.0, 0.0341773] [4176.27, 136.795, 5301.71]]
		unit_class:t = "dynBase_fuel_storage_square"
		objLayer:i = 2
		props {
			army:i = 2
			active:b = false
		}
	}
	objectGroups {
		name:t = "bdt_t2_bomb_object_03"
		tm:m = [[-0.974209, 0.0, -0.225658] [0.0, 1.0, 0.0] [0.225658, 0.0, -0.974209] [1481.48, 106.742, 11952.5]]
		unit_class:t = "dynBase_oil_storage_small_square"
		objLayer:i = 2
		props {
			army:i = 2
			active:b = false
		}
	}
	objectGroups {
		name:t = "bdt_t1_bomb_object_01"
		tm:m = [[-0.693875, 0.0, -0.720095] [0.0, 1.0, 0.0] [0.720095, 0.0, -0.693875] [-5522.2, 100.821, -9726.68]]
		unit_class:t = "dynBase_fuel_storage_square"
		objLayer:i = 2
		props {
			army:i = 1
			active:b = false
		}
	}
	objectGroups {
		name:t = "bdt_t1_bomb_object_02"
		tm:m = [[-0.0250884, 0.0, -0.999684] [0.0, 1.0, 0.0] [0.999684, 0.0, -0.0250884] [-15489.0, 33.9492, -2780.01]]
		unit_class:t = "dynBase_small_factory_square"
		objLayer:i = 2
		props {
			army:i = 1
			active:b = false
		}
	}
	objectGroups {
		name:t = "bdt_t1_bomb_object_03"
		tm:m = [[0.920084, 0.0, -0.391722] [0.0, 1.0, 0.0] [0.391722, 0.0, 0.920084] [-8069.97, 83.1152, -10256.8]]
		unit_class:t = "dynBase_oil_storage_small_square"
		objLayer:i = 2
		props {
			army:i = 1
			active:b = false
		}
	}
	objectGroups {
		name:t = "bdt_t2_bomb_object_04"
		tm:m = [[-0.162825, 0.0, -0.986654] [0.0, 1.0, 0.0] [0.986654, 0.0, -0.162825] [2416.28, 126.984, 3922.35]]
		unit_class:t = "dynBase_small_factory_square"
		objLayer:i = 2
		props {
			army:i = 2
			active:b = false
		}
	}
	objectGroups {
		name:t = "bdt_t1_bomb_object_04"
		tm:m = [[0.724784, 0.0, -0.688976] [0.0, 1.0, 0.0] [0.688976, 0.0, 0.724784] [-15535.9, 56.583, -4261.6]]
		unit_class:t = "dynBase_field_camp_square"
		objLayer:i = 2
		props {
			army:i = 1
			active:b = false
		}
	}
	objectGroups {
		name:t = "bdt_t1_bomb_object_05"
		tm:m = [[0.724784, 0.0, -0.688976] [0.0, 1.0, 0.0] [0.688976, 0.0, 0.724784] [-16534.0, 62.1101, -5581.02]]
		unit_class:t = "dynBase_military_base_square"
		objLayer:i = 2
		props {
			army:i = 1
			active:b = false
		}
	}
	objectGroups {
		name:t = "bdt_t1_bomb_object_06"
		tm:m = [[0.724784, 0.0, -0.688976] [0.0, 1.0, 0.0] [0.688976, 0.0, 0.724784] [-9407.25, 38.4363, -12100.6]]
		unit_class:t = "dynBase_oil_storage_large_square"
		objLayer:i = 2
		props {
			army:i = 1
			active:b = false
		}
	}
	objectGroups {
		name:t = "bdt_t1_bomb_object_07"
		tm:m = [[0.724784, 0.0, -0.688976] [0.0, 1.0, 0.0] [0.688976, 0.0, 0.724784] [-7298.74, 65.67, -11451.0]]
		unit_class:t = "dynBase_oil_storage_large_square"
		objLayer:i = 2
		props {
			army:i = 1
			active:b = false
		}
	}
	objectGroups {
		name:t = "bdt_t1_bomb_object_08"
		tm:m = [[-0.693875, 0.0, -0.720095] [0.0, 1.0, 0.0] [0.720095, 0.0, -0.693875] [-4811.36, 48.6917, -8484.96]]
		unit_class:t = "dynBase_small_factory_square"
		objLayer:i = 2
		props {
			army:i = 1
			active:b = false
		}
	}
	objectGroups {
		name:t = "bdt_t1_bomb_object_09"
		tm:m = [[-0.693875, 0.0, -0.720095] [0.0, 1.0, 0.0] [0.720095, 0.0, -0.693875] [-7067.73, 54.3378, -7384.74]]
		unit_class:t = "dynBase_petrol_camp_square"
		objLayer:i = 2
		props {
			army:i = 1
			active:b = false
		}
	}
	objectGroups {
		name:t = "bdt_t1_bomb_object_10"
		tm:m = [[-0.693875, 0.0, -0.720095] [0.0, 1.0, 0.0] [0.720095, 0.0, -0.693875] [-14388.7, 85.6376, -1918.85]]
		unit_class:t = "dynBase_petrol_camp_square"
		objLayer:i = 2
		props {
			army:i = 1
			active:b = false
		}
	}
	objectGroups {
		name:t = "bdt_t2_bomb_object_05"
		tm:m = [[-0.162825, 0.0, -0.986654] [0.0, 1.0, 0.0] [0.986654, 0.0, -0.162825] [3632.48, 115.642, 3703.95]]
		unit_class:t = "dynBase_petrol_camp_square"
		objLayer:i = 2
		props {
			army:i = 2
			active:b = false
		}
	}
	objectGroups {
		name:t = "bdt_t2_bomb_object_06"
		tm:m = [[0.319236, 0.0, -0.947675] [0.0, 1.0, 0.0] [0.947675, 0.0, 0.319236] [3834.52, 124.951, 2347.45]]
		unit_class:t = "dynBase_military_base_square"
		objLayer:i = 2
		props {
			army:i = 2
			active:b = false
		}
	}
	objectGroups {
		name:t = "bdt_t2_bomb_object_07"
		tm:m = [[-0.162825, 0.0, -0.986654] [0.0, 1.0, 0.0] [0.986654, 0.0, -0.162825] [1607.5, 115.817, 10498.0]]
		unit_class:t = "dynBase_fuel_storage_square"
		objLayer:i = 2
		props {
			army:i = 2
			active:b = false
		}
	}
	objectGroups {
		name:t = "bdt_t2_bomb_object_08"
		tm:m = [[-0.974209, 0.0, -0.225658] [0.0, 1.0, 0.0] [0.225658, 0.0, -0.974209] [2782.78, 99.5662, 10139.8]]
		unit_class:t = "dynBase_ammunition_storage_square"
		objLayer:i = 2
		props {
			army:i = 2
			active:b = false
		}
	}
	objectGroups {
		name:t = "bdt_t2_bomb_object_09"
		tm:m = [[-0.974209, 0.0, -0.225658] [0.0, 1.0, 0.0] [0.225658, 0.0, -0.974209] [5914.36, 146.888, 5941.68]]
		unit_class:t = "dynBase_field_camp_square"
		objLayer:i = 2
		props {
			army:i = 2
			active:b = false
		}
	}
	objectGroups {
		name:t = "bdt_t2_bomb_object_10"
		tm:m = [[-0.974209, 0.0, -0.225658] [0.0, 1.0, 0.0] [0.225658, 0.0, -0.974209] [5279.14, 141.217, 4801.06]]
		unit_class:t = "dynBase_oil_storage_small_square"
		objLayer:i = 2
		props {
			army:i = 2
			active:b = false
		}
	}
}
areas {
	bdt_t2_bomb_zone_01 {
		type:t = "Sphere"
		tm:m = [[-314.686, 0.0, -321.673] [0.0, 450.0, 0.0] [321.673, 0.0, -314.686] [103.602, 106.335, 10304.9]]
		objLayer:i = 0
		props {

		}
	}
	bdt_t2_bomb_zone_02 {
		type:t = "Sphere"
		tm:m = [[-292.5, 0.0, 341.973] [0.0, 450.0, 0.0] [-341.973, 0.0, -292.5] [4155.33, 134.988, 5296.27]]
		objLayer:i = 0
		props {

		}
	}
	bdt_t2_bomb_zone_03 {
		type:t = "Sphere"
		tm:m = [[-438.393, 0.0, -101.544] [0.0, 450.0, 0.0] [101.544, 0.0, -438.393] [1488.46, 107.336, 11945.7]]
		objLayer:i = 0
		props {

		}
	}
	bdt_t1_bomb_zone_01 {
		type:t = "Sphere"
		tm:m = [[-312.245, 0.0, -324.042] [0.0, 450.0, 0.0] [324.042, 0.0, -312.245] [-5528.56, 101.414, -9737.73]]
		objLayer:i = 0
		props {

		}
	}
	bdt_t1_bomb_zone_02 {
		type:t = "Sphere"
		tm:m = [[-108.39, 0.0, -436.751] [0.0, 450.0, 0.0] [436.751, 0.0, -108.39] [-15488.1, 33.9392, -2784.67]]
		objLayer:i = 0
		props {

		}
	}
	bdt_t1_bomb_zone_03 {
		type:t = "Sphere"
		tm:m = [[315.813, 0.0, -320.566] [0.0, 450.0, 0.0] [320.566, 0.0, 315.813] [-8065.61, 82.4964, -10260.4]]
		objLayer:i = 0
		props {

		}
	}
	bdt_t2_bomb_zone_04 {
		type:t = "Sphere"
		tm:m = [[-73.2713, 0.0, -443.994] [0.0, 450.0, 0.0] [443.994, 0.0, -73.2713] [2413.25, 126.725, 3915.06]]
		objLayer:i = 0
		props {

		}
	}
	bdt_t1_bomb_zone_04 {
		type:t = "Sphere"
		tm:m = [[315.813, 0.0, -320.566] [0.0, 450.0, 0.0] [320.566, 0.0, 315.813] [-15531.6, 55.8857, -4257.82]]
		objLayer:i = 0
		props {

		}
	}
	bdt_t2_bomb_zone_01_aaa_point_01 {
		type:t = "Point"
		tm:m = [[-0.180702, 0.0, -0.983536] [0.0, 1.0, 0.0] [0.983536, 0.0, -0.180702] [-121.355, 89.7539, 10318.9]]
		objLayer:i = 0
		props {

		}
	}
	bdt_t2_bomb_zone_01_aaa_point_02 {
		type:t = "Point"
		tm:m = [[-0.180702, 0.0, -0.983536] [0.0, 1.0, 0.0] [0.983536, 0.0, -0.180702] [382.385, 107.215, 10392.7]]
		objLayer:i = 0
		props {

		}
	}
	bdt_t2_bomb_zone_01_aaa_point_03 {
		type:t = "Point"
		tm:m = [[-0.180702, 0.0, -0.983536] [0.0, 1.0, 0.0] [0.983536, 0.0, -0.180702] [368.807, 103.281, 10274.5]]
		objLayer:i = 0
		props {

		}
	}
	bdt_t2_bomb_zone_01_aaa_point_04 {
		type:t = "Point"
		tm:m = [[-0.180702, 0.0, -0.983536] [0.0, 1.0, 0.0] [0.983536, 0.0, -0.180702] [322.382, 99.5188, 9891.76]]
		objLayer:i = 0
		props {

		}
	}
	bdt_t2_bomb_zone_02_aaa_point_01 {
		type:t = "Point"
		tm:m = [[-0.963637, 0.0, 0.267207] [0.0, 1.0, 0.0] [-0.267207, 0.0, -0.963637] [4386.71, 138.631, 5387.14]]
		objLayer:i = 0
		props {

		}
	}
	bdt_t2_bomb_zone_02_aaa_point_02 {
		type:t = "Point"
		tm:m = [[-0.963637, 0.0, 0.267207] [0.0, 1.0, 0.0] [-0.267207, 0.0, -0.963637] [4006.83, 171.423, 5004.6]]
		objLayer:i = 0
		props {

		}
	}
	bdt_t2_bomb_zone_02_aaa_point_03 {
		type:t = "Point"
		tm:m = [[-0.963637, 0.0, 0.267207] [0.0, 1.0, 0.0] [-0.267207, 0.0, -0.963637] [4373.96, 157.993, 5121.99]]
		objLayer:i = 0
		props {

		}
	}
	bdt_t2_bomb_zone_02_aaa_point_04 {
		type:t = "Point"
		tm:m = [[-0.963637, 0.0, 0.267207] [0.0, 1.0, 0.0] [-0.267207, 0.0, -0.963637] [3948.01, 132.016, 5394.37]]
		objLayer:i = 0
		props {

		}
	}
	bdt_t2_bomb_zone_03_aaa_point_01 {
		type:t = "Point"
		tm:m = [[-0.963637, 0.0, 0.267207] [0.0, 1.0, 0.0] [-0.267207, 0.0, -0.963637] [1248.45, 108.139, 12329.7]]
		objLayer:i = 0
		props {

		}
	}
	bdt_t2_bomb_zone_03_aaa_point_02 {
		type:t = "Point"
		tm:m = [[-0.963637, 0.0, 0.267207] [0.0, 1.0, 0.0] [-0.267207, 0.0, -0.963637] [1309.77, 103.078, 11714.0]]
		objLayer:i = 0
		props {

		}
	}
	bdt_t2_bomb_zone_03_aaa_point_03 {
		type:t = "Point"
		tm:m = [[-0.963637, 0.0, 0.267207] [0.0, 1.0, 0.0] [-0.267207, 0.0, -0.963637] [1610.19, 114.738, 11649.4]]
		objLayer:i = 0
		props {

		}
	}
	bdt_t2_bomb_zone_03_aaa_point_04 {
		type:t = "Point"
		tm:m = [[-0.963637, 0.0, 0.267207] [0.0, 1.0, 0.0] [-0.267207, 0.0, -0.963637] [1722.23, 117.312, 12133.7]]
		objLayer:i = 0
		props {

		}
	}
	bdt_t2_bomb_zone_04_aaa_point_01 {
		type:t = "Point"
		tm:m = [[-0.180702, 0.0, -0.983536] [0.0, 1.0, 0.0] [0.983536, 0.0, -0.180702] [2596.76, 111.052, 3638.07]]
		objLayer:i = 0
		props {

		}
	}
	bdt_t2_bomb_zone_04_aaa_point_02 {
		type:t = "Point"
		tm:m = [[-0.180702, 0.0, -0.983536] [0.0, 1.0, 0.0] [0.983536, 0.0, -0.180702] [2658.32, 116.711, 4091.72]]
		objLayer:i = 0
		props {

		}
	}
	bdt_t2_bomb_zone_04_aaa_point_03 {
		type:t = "Point"
		tm:m = [[-0.180702, 0.0, -0.983536] [0.0, 1.0, 0.0] [0.983536, 0.0, -0.180702] [2156.62, 119.946, 3842.66]]
		objLayer:i = 0
		props {

		}
	}
	bdt_t2_bomb_zone_04_aaa_point_04 {
		type:t = "Point"
		tm:m = [[-0.180702, 0.0, -0.983536] [0.0, 1.0, 0.0] [0.983536, 0.0, -0.180702] [2226.57, 128.474, 4076.73]]
		objLayer:i = 0
		props {

		}
	}
	bdt_t1_bomb_zone_01_aaa_point_01 {
		type:t = "Point"
		tm:m = [[-0.173259, 0.0, -0.984877] [0.0, 1.0, 0.0] [0.984877, 0.0, -0.173259] [-5563.76, 97.3889, -9990.06]]
		objLayer:i = 0
		props {

		}
	}
	bdt_t1_bomb_zone_01_aaa_point_02 {
		type:t = "Point"
		tm:m = [[-0.173259, 0.0, -0.984877] [0.0, 1.0, 0.0] [0.984877, 0.0, -0.173259] [-5425.8, 53.7809, -9506.36]]
		objLayer:i = 0
		props {

		}
	}
	bdt_t1_bomb_zone_01_aaa_point_03 {
		type:t = "Point"
		tm:m = [[-0.173259, 0.0, -0.984877] [0.0, 1.0, 0.0] [0.984877, 0.0, -0.173259] [-5751.46, 103.04, -9668.96]]
		objLayer:i = 0
		props {

		}
	}
	bdt_t1_bomb_zone_01_aaa_point_04 {
		type:t = "Point"
		tm:m = [[-0.173259, 0.0, -0.984877] [0.0, 1.0, 0.0] [0.984877, 0.0, -0.173259] [-5598.23, 84.9062, -9499.47]]
		objLayer:i = 0
		props {

		}
	}
	bdt_t1_bomb_zone_02_aaa_point_01 {
		type:t = "Point"
		tm:m = [[-0.173259, 0.0, -0.984877] [0.0, 1.0, 0.0] [0.984877, 0.0, -0.173259] [-15343.9, 2.39522, -3013.45]]
		objLayer:i = 0
		props {

		}
	}
	bdt_t1_bomb_zone_02_aaa_point_02 {
		type:t = "Point"
		tm:m = [[-0.173259, 0.0, -0.984877] [0.0, 1.0, 0.0] [0.984877, 0.0, -0.173259] [-15224.7, 4.70722, -2748.71]]
		objLayer:i = 0
		props {

		}
	}
	bdt_t1_bomb_zone_02_aaa_point_03 {
		type:t = "Point"
		tm:m = [[-0.173259, 0.0, -0.984877] [0.0, 1.0, 0.0] [0.984877, 0.0, -0.173259] [-15916.1, 13.8152, -2644.21]]
		objLayer:i = 0
		props {

		}
	}
	bdt_t1_bomb_zone_02_aaa_point_04 {
		type:t = "Point"
		tm:m = [[-0.173259, 0.0, -0.984877] [0.0, 1.0, 0.0] [0.984877, 0.0, -0.173259] [-15395.6, 34.5722, -2468.76]]
		objLayer:i = 0
		props {

		}
	}
	bdt_t1_bomb_zone_03_aaa_point_01 {
		type:t = "Point"
		tm:m = [[0.71973, 0.0, -0.694254] [0.0, 1.0, 0.0] [0.694254, 0.0, 0.71973] [-8372.16, 71.3729, -10286.9]]
		objLayer:i = 0
		props {

		}
	}
	bdt_t1_bomb_zone_03_aaa_point_02 {
		type:t = "Point"
		tm:m = [[0.71973, 0.0, -0.694254] [0.0, 1.0, 0.0] [0.694254, 0.0, 0.71973] [-7826.04, 82.2765, -10224.9]]
		objLayer:i = 0
		props {

		}
	}
	bdt_t1_bomb_zone_03_aaa_point_03 {
		type:t = "Point"
		tm:m = [[0.71973, 0.0, -0.694254] [0.0, 1.0, 0.0] [0.694254, 0.0, 0.71973] [-7975.4, 98.4206, -9988.15]]
		objLayer:i = 0
		props {

		}
	}
	bdt_t1_bomb_zone_03_aaa_point_04 {
		type:t = "Point"
		tm:m = [[0.71973, 0.0, -0.694254] [0.0, 1.0, 0.0] [0.694254, 0.0, 0.71973] [-8052.62, 55.1906, -10521.0]]
		objLayer:i = 0
		props {

		}
	}
	bdt_t1_bomb_zone_04_aaa_point_01 {
		type:t = "Point"
		tm:m = [[0.71973, 0.0, -0.694254] [0.0, 1.0, 0.0] [0.694254, 0.0, 0.71973] [-15418.0, 42.9157, -4553.6]]
		objLayer:i = 0
		props {

		}
	}
	bdt_t1_bomb_zone_04_aaa_point_02 {
		type:t = "Point"
		tm:m = [[0.71973, 0.0, -0.694254] [0.0, 1.0, 0.0] [0.694254, 0.0, 0.71973] [-15278.9, 42.7425, -4264.15]]
		objLayer:i = 0
		props {

		}
	}
	bdt_t1_bomb_zone_04_aaa_point_03 {
		type:t = "Point"
		tm:m = [[0.71973, 0.0, -0.694254] [0.0, 1.0, 0.0] [0.694254, 0.0, 0.71973] [-15737.8, 43.2309, -4462.92]]
		objLayer:i = 0
		props {

		}
	}
	bdt_t1_bomb_zone_04_aaa_point_04 {
		type:t = "Point"
		tm:m = [[0.71973, 0.0, -0.694254] [0.0, 1.0, 0.0] [0.694254, 0.0, 0.71973] [-15455.1, 41.632, -3953.35]]
		objLayer:i = 0
		props {

		}
	}
	bdt_t1_bomb_zone_05 {
		type:t = "Sphere"
		tm:m = [[315.813, 0.0, -320.566] [0.0, 450.0, 0.0] [320.566, 0.0, 315.813] [-16529.7, 60.0612, -5577.12]]
		objLayer:i = 0
		props {

		}
	}
	bdt_t1_bomb_zone_06 {
		type:t = "Sphere"
		tm:m = [[315.813, 0.0, -320.566] [0.0, 450.0, 0.0] [320.566, 0.0, 315.813] [-9402.91, 38.6666, -12096.9]]
		objLayer:i = 0
		props {

		}
	}
	bdt_t1_bomb_zone_07 {
		type:t = "Sphere"
		tm:m = [[315.813, 0.0, -320.566] [0.0, 450.0, 0.0] [320.566, 0.0, 315.813] [-7294.33, 66.361, -11447.2]]
		objLayer:i = 0
		props {

		}
	}
	bdt_t1_bomb_zone_08 {
		type:t = "Sphere"
		tm:m = [[-312.245, 0.0, -324.042] [0.0, 450.0, 0.0] [324.042, 0.0, -312.245] [-4817.68, 48.7913, -8495.91]]
		objLayer:i = 0
		props {

		}
	}
	bdt_t1_bomb_zone_09 {
		type:t = "Sphere"
		tm:m = [[-312.245, 0.0, -324.042] [0.0, 450.0, 0.0] [324.042, 0.0, -312.245] [-7073.97, 56.4614, -7395.62]]
		objLayer:i = 0
		props {

		}
	}
	bdt_t1_bomb_zone_10 {
		type:t = "Sphere"
		tm:m = [[-312.245, 0.0, -324.042] [0.0, 450.0, 0.0] [324.042, 0.0, -312.245] [-14395.0, 84.4947, -1929.81]]
		objLayer:i = 0
		props {

		}
	}
	bdt_t1_bomb_zone_05_aaa_point_01 {
		type:t = "Point"
		tm:m = [[0.71973, 0.0, -0.694254] [0.0, 1.0, 0.0] [0.694254, 0.0, 0.71973] [-16710.4, 40.832, -5371.12]]
		objLayer:i = 0
		props {

		}
	}
	bdt_t1_bomb_zone_05_aaa_point_02 {
		type:t = "Point"
		tm:m = [[0.71973, 0.0, -0.694254] [0.0, 1.0, 0.0] [0.694254, 0.0, 0.71973] [-16683.8, 55.0901, -5556.62]]
		objLayer:i = 0
		props {

		}
	}
	bdt_t1_bomb_zone_05_aaa_point_03 {
		type:t = "Point"
		tm:m = [[0.71973, 0.0, -0.694254] [0.0, 1.0, 0.0] [0.694254, 0.0, 0.71973] [-16348.3, 81.0786, -5800.42]]
		objLayer:i = 0
		props {

		}
	}
	bdt_t1_bomb_zone_05_aaa_point_04 {
		type:t = "Point"
		tm:m = [[0.71973, 0.0, -0.694254] [0.0, 1.0, 0.0] [0.694254, 0.0, 0.71973] [-16252.3, 81.0233, -5586.32]]
		objLayer:i = 0
		props {

		}
	}
	bdt_t1_bomb_zone_06_aaa_point_01 {
		type:t = "Point"
		tm:m = [[0.71973, 0.0, -0.694254] [0.0, 1.0, 0.0] [0.694254, 0.0, 0.71973] [-9730.54, 44.1318, -12177.1]]
		objLayer:i = 0
		props {

		}
	}
	bdt_t1_bomb_zone_06_aaa_point_02 {
		type:t = "Point"
		tm:m = [[0.71973, 0.0, -0.694254] [0.0, 1.0, 0.0] [0.694254, 0.0, 0.71973] [-9674.96, 51.3562, -11919.6]]
		objLayer:i = 0
		props {

		}
	}
	bdt_t1_bomb_zone_06_aaa_point_03 {
		type:t = "Point"
		tm:m = [[0.71973, 0.0, -0.694254] [0.0, 1.0, 0.0] [0.694254, 0.0, 0.71973] [-9181.12, 22.9921, -11881.5]]
		objLayer:i = 0
		props {

		}
	}
	bdt_t1_bomb_zone_06_aaa_point_04 {
		type:t = "Point"
		tm:m = [[0.71973, 0.0, -0.694254] [0.0, 1.0, 0.0] [0.694254, 0.0, 0.71973] [-9300.85, 45.0332, -12376.5]]
		objLayer:i = 0
		props {

		}
	}
	bdt_t1_bomb_zone_07_aaa_point_01 {
		type:t = "Point"
		tm:m = [[0.71973, 0.0, -0.694254] [0.0, 1.0, 0.0] [0.694254, 0.0, 0.71973] [-7005.19, 56.8975, -11362.6]]
		objLayer:i = 0
		props {

		}
	}
	bdt_t1_bomb_zone_07_aaa_point_02 {
		type:t = "Point"
		tm:m = [[0.71973, 0.0, -0.694254] [0.0, 1.0, 0.0] [0.694254, 0.0, 0.71973] [-7630.46, 48.2059, -11540.6]]
		objLayer:i = 0
		props {

		}
	}
	bdt_t1_bomb_zone_07_aaa_point_03 {
		type:t = "Point"
		tm:m = [[0.71973, 0.0, -0.694254] [0.0, 1.0, 0.0] [0.694254, 0.0, 0.71973] [-7188.55, 60.9279, -11766.1]]
		objLayer:i = 0
		props {

		}
	}
	bdt_t1_bomb_zone_07_aaa_point_04 {
		type:t = "Point"
		tm:m = [[0.71973, 0.0, -0.694254] [0.0, 1.0, 0.0] [0.694254, 0.0, 0.71973] [-7187.92, 53.6034, -11059.8]]
		objLayer:i = 0
		props {

		}
	}
	bdt_t1_bomb_zone_08_aaa_point_01 {
		type:t = "Point"
		tm:m = [[-0.173259, 0.0, -0.984877] [0.0, 1.0, 0.0] [0.984877, 0.0, -0.173259] [-4507.93, 51.9812, -8471.82]]
		objLayer:i = 0
		props {

		}
	}
	bdt_t1_bomb_zone_08_aaa_point_02 {
		type:t = "Point"
		tm:m = [[-0.173259, 0.0, -0.984877] [0.0, 1.0, 0.0] [0.984877, 0.0, -0.173259] [-4879.91, 43.2014, -8196.39]]
		objLayer:i = 0
		props {

		}
	}
	bdt_t1_bomb_zone_08_aaa_point_03 {
		type:t = "Point"
		tm:m = [[-0.173259, 0.0, -0.984877] [0.0, 1.0, 0.0] [0.984877, 0.0, -0.173259] [-5175.55, 44.6516, -8495.13]]
		objLayer:i = 0
		props {

		}
	}
	bdt_t1_bomb_zone_08_aaa_point_04 {
		type:t = "Point"
		tm:m = [[-0.173259, 0.0, -0.984877] [0.0, 1.0, 0.0] [0.984877, 0.0, -0.173259] [-4859.06, 52.6917, -8764.89]]
		objLayer:i = 0
		props {

		}
	}
	bdt_t1_bomb_zone_09_aaa_point_01 {
		type:t = "Point"
		tm:m = [[-0.173259, 0.0, -0.984877] [0.0, 1.0, 0.0] [0.984877, 0.0, -0.173259] [-6915.36, -13.843, -6976.57]]
		objLayer:i = 0
		props {

		}
	}
	bdt_t1_bomb_zone_09_aaa_point_02 {
		type:t = "Point"
		tm:m = [[-0.173259, 0.0, -0.984877] [0.0, 1.0, 0.0] [0.984877, 0.0, -0.173259] [-7385.46, 14.8885, -7128.55]]
		objLayer:i = 0
		props {

		}
	}
	bdt_t1_bomb_zone_09_aaa_point_03 {
		type:t = "Point"
		tm:m = [[-0.173259, 0.0, -0.984877] [0.0, 1.0, 0.0] [0.984877, 0.0, -0.173259] [-6520.33, 69.3213, -7429.07]]
		objLayer:i = 0
		props {

		}
	}
	bdt_t1_bomb_zone_09_aaa_point_04 {
		type:t = "Point"
		tm:m = [[-0.173259, 0.0, -0.984877] [0.0, 1.0, 0.0] [0.984877, 0.0, -0.173259] [-7432.88, 39.4999, -7581.14]]
		objLayer:i = 0
		props {

		}
	}
	bdt_t1_bomb_zone_10_aaa_point_01 {
		type:t = "Point"
		tm:m = [[-0.173259, 0.0, -0.984877] [0.0, 1.0, 0.0] [0.984877, 0.0, -0.173259] [-14368.4, 105.606, -1561.35]]
		objLayer:i = 0
		props {

		}
	}
	bdt_t1_bomb_zone_10_aaa_point_02 {
		type:t = "Point"
		tm:m = [[-0.173259, 0.0, -0.984877] [0.0, 1.0, 0.0] [0.984877, 0.0, -0.173259] [-13951.0, 61.7746, -1957.05]]
		objLayer:i = 0
		props {

		}
	}
	bdt_t1_bomb_zone_10_aaa_point_03 {
		type:t = "Point"
		tm:m = [[-0.173259, 0.0, -0.984877] [0.0, 1.0, 0.0] [0.984877, 0.0, -0.173259] [-14659.0, 73.0348, -1919.05]]
		objLayer:i = 0
		props {

		}
	}
	bdt_t1_bomb_zone_10_aaa_point_04 {
		type:t = "Point"
		tm:m = [[-0.173259, 0.0, -0.984877] [0.0, 1.0, 0.0] [0.984877, 0.0, -0.173259] [-14454.6, 46.7801, -2244.82]]
		objLayer:i = 0
		props {

		}
	}
	bdt_t2_bomb_zone_05 {
		type:t = "Sphere"
		tm:m = [[-73.2713, 0.0, -443.994] [0.0, 450.0, 0.0] [443.994, 0.0, -73.2713] [3629.26, 115.534, 3696.87]]
		objLayer:i = 0
		props {

		}
	}
	bdt_t2_bomb_zone_06 {
		type:t = "Sphere"
		tm:m = [[143.656, 0.0, -426.454] [0.0, 450.0, 0.0] [426.454, 0.0, 143.656] [3835.1, 125.285, 2339.48]]
		objLayer:i = 0
		props {

		}
	}
	bdt_t2_bomb_zone_07 {
		type:t = "Sphere"
		tm:m = [[-73.2713, 0.0, -443.994] [0.0, 450.0, 0.0] [443.994, 0.0, -73.2713] [1604.17, 115.426, 10490.8]]
		objLayer:i = 0
		props {

		}
	}
	bdt_t2_bomb_zone_08 {
		type:t = "Sphere"
		tm:m = [[-438.393, 0.0, -101.544] [0.0, 450.0, 0.0] [101.544, 0.0, -438.393] [2789.64, 101.102, 10132.9]]
		objLayer:i = 0
		props {

		}
	}
	bdt_t2_bomb_zone_09 {
		type:t = "Sphere"
		tm:m = [[-438.393, 0.0, -101.544] [0.0, 450.0, 0.0] [101.544, 0.0, -438.393] [5921.53, 147.321, 5934.8]]
		objLayer:i = 0
		props {

		}
	}
	bdt_t2_bomb_zone_10 {
		type:t = "Sphere"
		tm:m = [[-438.393, 0.0, -101.544] [0.0, 450.0, 0.0] [101.544, 0.0, -438.393] [5285.95, 140.773, 4794.34]]
		objLayer:i = 0
		props {

		}
	}
	bdt_t2_bomb_zone_05_aaa_point_01 {
		type:t = "Point"
		tm:m = [[-0.180702, 0.0, -0.983536] [0.0, 1.0, 0.0] [0.983536, 0.0, -0.180702] [3313.21, 117.704, 3840.32]]
		objLayer:i = 0
		props {

		}
	}
	bdt_t2_bomb_zone_05_aaa_point_02 {
		type:t = "Point"
		tm:m = [[-0.180702, 0.0, -0.983536] [0.0, 1.0, 0.0] [0.983536, 0.0, -0.180702] [3785.27, 116.163, 3355.42]]
		objLayer:i = 0
		props {

		}
	}
	bdt_t2_bomb_zone_05_aaa_point_03 {
		type:t = "Point"
		tm:m = [[-0.180702, 0.0, -0.983536] [0.0, 1.0, 0.0] [0.983536, 0.0, -0.180702] [3920.57, 123.038, 3510.72]]
		objLayer:i = 0
		props {

		}
	}
	bdt_t2_bomb_zone_05_aaa_point_04 {
		type:t = "Point"
		tm:m = [[-0.180702, 0.0, -0.983536] [0.0, 1.0, 0.0] [0.983536, 0.0, -0.180702] [3731.05, 122.172, 4006.96]]
		objLayer:i = 0
		props {

		}
	}
	bdt_t2_bomb_zone_06_aaa_point_01 {
		type:t = "Point"
		tm:m = [[0.30199, 0.0, -0.953314] [0.0, 1.0, 0.0] [0.953314, 0.0, 0.30199] [3684.59, 122.133, 2648.94]]
		objLayer:i = 0
		props {

		}
	}
	bdt_t2_bomb_zone_06_aaa_point_02 {
		type:t = "Point"
		tm:m = [[0.30199, 0.0, -0.953314] [0.0, 1.0, 0.0] [0.953314, 0.0, 0.30199] [4207.0, 142.106, 2090.3]]
		objLayer:i = 0
		props {

		}
	}
	bdt_t2_bomb_zone_06_aaa_point_03 {
		type:t = "Point"
		tm:m = [[0.30199, 0.0, -0.953314] [0.0, 1.0, 0.0] [0.953314, 0.0, 0.30199] [3905.7, 156.196, 1965.29]]
		objLayer:i = 0
		props {

		}
	}
	bdt_t2_bomb_zone_06_aaa_point_04 {
		type:t = "Point"
		tm:m = [[0.30199, 0.0, -0.953314] [0.0, 1.0, 0.0] [0.953314, 0.0, 0.30199] [3452.94, 156.383, 1946.79]]
		objLayer:i = 0
		props {

		}
	}
	bdt_t2_bomb_zone_07_aaa_point_01 {
		type:t = "Point"
		tm:m = [[-0.180702, 0.0, -0.983536] [0.0, 1.0, 0.0] [0.983536, 0.0, -0.180702] [1210.09, 108.874, 10652.1]]
		objLayer:i = 0
		props {

		}
	}
	bdt_t2_bomb_zone_07_aaa_point_02 {
		type:t = "Point"
		tm:m = [[-0.180702, 0.0, -0.983536] [0.0, 1.0, 0.0] [0.983536, 0.0, -0.180702] [1812.48, 110.483, 10117.2]]
		objLayer:i = 0
		props {

		}
	}
	bdt_t2_bomb_zone_07_aaa_point_03 {
		type:t = "Point"
		tm:m = [[-0.180702, 0.0, -0.983536] [0.0, 1.0, 0.0] [0.983536, 0.0, -0.180702] [2057.7, 118.27, 10531.5]]
		objLayer:i = 0
		props {

		}
	}
	bdt_t2_bomb_zone_07_aaa_point_04 {
		type:t = "Point"
		tm:m = [[-0.180702, 0.0, -0.983536] [0.0, 1.0, 0.0] [0.983536, 0.0, -0.180702] [1516.63, 109.955, 10884.0]]
		objLayer:i = 0
		props {

		}
	}
	bdt_t2_bomb_zone_08_aaa_point_01 {
		type:t = "Point"
		tm:m = [[-0.963637, 0.0, 0.267207] [0.0, 1.0, 0.0] [-0.267207, 0.0, -0.963637] [2590.75, 93.4562, 10236.7]]
		objLayer:i = 0
		props {

		}
	}
	bdt_t2_bomb_zone_08_aaa_point_02 {
		type:t = "Point"
		tm:m = [[-0.963637, 0.0, 0.267207] [0.0, 1.0, 0.0] [-0.267207, 0.0, -0.963637] [3122.61, 97.6536, 10177.1]]
		objLayer:i = 0
		props {

		}
	}
	bdt_t2_bomb_zone_08_aaa_point_03 {
		type:t = "Point"
		tm:m = [[-0.963637, 0.0, 0.267207] [0.0, 1.0, 0.0] [-0.267207, 0.0, -0.963637] [2709.18, 96.6989, 9812.76]]
		objLayer:i = 0
		props {

		}
	}
	bdt_t2_bomb_zone_08_aaa_point_04 {
		type:t = "Point"
		tm:m = [[-0.963637, 0.0, 0.267207] [0.0, 1.0, 0.0] [-0.267207, 0.0, -0.963637] [3053.34, 109.392, 9920.15]]
		objLayer:i = 0
		props {

		}
	}
	bdt_t2_bomb_zone_09_aaa_point_01 {
		type:t = "Point"
		tm:m = [[-0.963637, 0.0, 0.267207] [0.0, 1.0, 0.0] [-0.267207, 0.0, -0.963637] [5792.05, 145.119, 6308.38]]
		objLayer:i = 0
		props {

		}
	}
	bdt_t2_bomb_zone_09_aaa_point_02 {
		type:t = "Point"
		tm:m = [[-0.963637, 0.0, 0.267207] [0.0, 1.0, 0.0] [-0.267207, 0.0, -0.963637] [6170.68, 144.727, 5772.8]]
		objLayer:i = 0
		props {

		}
	}
	bdt_t2_bomb_zone_09_aaa_point_03 {
		type:t = "Point"
		tm:m = [[-0.963637, 0.0, 0.267207] [0.0, 1.0, 0.0] [-0.267207, 0.0, -0.963637] [5571.59, 148.643, 5826.81]]
		objLayer:i = 0
		props {

		}
	}
	bdt_t2_bomb_zone_09_aaa_point_04 {
		type:t = "Point"
		tm:m = [[-0.963637, 0.0, 0.267207] [0.0, 1.0, 0.0] [-0.267207, 0.0, -0.963637] [6166.67, 140.55, 6259.18]]
		objLayer:i = 0
		props {

		}
	}
	bdt_t2_bomb_zone_10_aaa_point_01 {
		type:t = "Point"
		tm:m = [[-0.963637, 0.0, 0.267207] [0.0, 1.0, 0.0] [-0.267207, 0.0, -0.963637] [5035.43, 136.355, 5394.56]]
		objLayer:i = 0
		props {

		}
	}
	bdt_t2_bomb_zone_10_aaa_point_02 {
		type:t = "Point"
		tm:m = [[-0.963637, 0.0, 0.267207] [0.0, 1.0, 0.0] [-0.267207, 0.0, -0.963637] [4948.35, 138.803, 4677.32]]
		objLayer:i = 0
		props {

		}
	}
	bdt_t2_bomb_zone_10_aaa_point_03 {
		type:t = "Point"
		tm:m = [[-0.963637, 0.0, 0.267207] [0.0, 1.0, 0.0] [-0.267207, 0.0, -0.963637] [5578.0, 142.107, 5296.85]]
		objLayer:i = 0
		props {

		}
	}
	bdt_t2_bomb_zone_10_aaa_point_04 {
		type:t = "Point"
		tm:m = [[-0.963637, 0.0, 0.267207] [0.0, 1.0, 0.0] [-0.267207, 0.0, -0.963637] [5408.04, 74.2047, 4461.21]]
		objLayer:i = 0
		props {

		}
	}
	bomb_zones_area {
		type:t = "Sphere"
		tm:m = [[-13928.7, 0.0, -11401.1] [0.0, 18000.0, 0.0] [11401.1, 0.0, -13928.7] [-5619.0, 67.7708, 1317.6]]
		objLayer:i = 3
		props {

		}
	}
}
objLayers {
	layer {
		enabled:b = true
	}
	layer {
		enabled:b = true
	}
	layer {
		enabled:b = true
	}
	layer {
		enabled:b = false
	}
	layer {
		enabled:b = true
	}
}
wayPoints {

}