selected_tag:t = ""
bin_dump_file:t = ""
mission_settings {
	player {
		army:i = 1
		wing:t = ""
	}
	player_teamB {
		army:i = 2
	}
	spectator_points {

	}
	mission {
		type:t = "singleMission"
		level:t = "levels/water.bin"
		restoreType:t = "attempts"
		optionalTakeOff:b = false
		environment:t = "Day"
		weather:t = "hazy"
	}
}
imports {
	import_record {
		file:t = "gameData/missions/templates/navy_templates/ndom_airdef_template.blk"
		importAreas:b = true
		importUnits:b = true
		importTriggers:b = true
		importMissionObjectives:b = true
		importWayPoints:b = true
		showAreas:b = true
		showUnits:b = true
		showTriggers:b = true
		showMissionObjectives:b = true
		showWayPoints:b = true
		excludes {

		}
	}
}
triggers {
	isCategory:b = true
	is_enabled:b = true
}
mission_objectives {
	isCategory:b = true
	is_enabled:b = true
}
variables {

}
dialogs {

}
airfields {

}
effects {

}
units {
	air_defence {
		name:t = "zone_01_airdef_01"
		tm:m = [[-0.341309, 0.0, -0.939951] [0.0, 1.0, 0.0] [0.939951, 0.0, -0.341309] [2308.83, 43.8, 6455.63]]
		unit_class:t = "germ_37mm_flak43_naval"
		objLayer:i = 1
		closed_waypoints:b = false
		isShipSpline:b = false
		shipTurnRadius:r = 100
		weapons:t = ""
		bullets0:t = ""
		bullets1:t = ""
		bullets2:t = ""
		bullets3:t = ""
		bulletsCount0:i = 0
		bulletsCount1:i = 0
		bulletsCount2:i = 0
		bulletsCount3:i = 0
		props {
			army:i = 0
			count:i = 1
			formation_type:t = "rows"
			formation_div:i = 3
			formation_step:p2 = 2.5, 2
			formation_noise:p2 = 0.1, 0.1
			uniqueName:t = ""
			attack_type:t = "fire_at_will"
		}
		way {

		}
	}
	air_defence {
		name:t = "zone_01_airdef_02"
		tm:m = [[0.645121, 0.0, 0.764081] [0.0, 1.0, 0.0] [-0.764081, 0.0, 0.645121] [2617.12, 8.13742, 6468.23]]
		unit_class:t = "germ_37mm_flak43_naval"
		objLayer:i = 1
		closed_waypoints:b = false
		isShipSpline:b = false
		shipTurnRadius:r = 100
		weapons:t = ""
		bullets0:t = ""
		bullets1:t = ""
		bullets2:t = ""
		bullets3:t = ""
		bulletsCount0:i = 0
		bulletsCount1:i = 0
		bulletsCount2:i = 0
		bulletsCount3:i = 0
		props {
			army:i = 0
			count:i = 1
			formation_type:t = "rows"
			formation_div:i = 3
			formation_step:p2 = 2.5, 2
			formation_noise:p2 = 0.1, 0.1
			uniqueName:t = ""
			attack_type:t = "fire_at_will"
		}
		way {

		}
	}
	air_defence {
		name:t = "zone_01_airdef_03"
		tm:m = [[-0.914455, 0.0, -0.404687] [0.0, 1.0, 0.0] [0.404687, 0.0, -0.914455] [2266.43, 24.0001, 6356.89]]
		unit_class:t = "germ_37mm_flak43_naval"
		objLayer:i = 1
		closed_waypoints:b = false
		isShipSpline:b = false
		shipTurnRadius:r = 100
		weapons:t = ""
		bullets0:t = ""
		bullets1:t = ""
		bullets2:t = ""
		bullets3:t = ""
		bulletsCount0:i = 0
		bulletsCount1:i = 0
		bulletsCount2:i = 0
		bulletsCount3:i = 0
		props {
			army:i = 0
			count:i = 1
			formation_type:t = "rows"
			formation_div:i = 3
			formation_step:p2 = 2.5, 2
			formation_noise:p2 = 0.1, 0.1
			uniqueName:t = ""
			attack_type:t = "fire_at_will"
		}
		way {

		}
	}
	air_defence {
		name:t = "zone_01_airdef_04"
		tm:m = [[-0.633728, 0.0, -0.773556] [0.0, 1.0, 0.0] [0.773556, 0.0, -0.633728] [2612.65, 6.9, 6384.61]]
		unit_class:t = "germ_37mm_flak43_naval"
		objLayer:i = 1
		closed_waypoints:b = false
		isShipSpline:b = false
		shipTurnRadius:r = 100
		weapons:t = ""
		bullets0:t = ""
		bullets1:t = ""
		bullets2:t = ""
		bullets3:t = ""
		bulletsCount0:i = 0
		bulletsCount1:i = 0
		bulletsCount2:i = 0
		bulletsCount3:i = 0
		props {
			army:i = 0
			count:i = 1
			formation_type:t = "rows"
			formation_div:i = 3
			formation_step:p2 = 2.5, 2
			formation_noise:p2 = 0.1, 0.1
			uniqueName:t = ""
			attack_type:t = "fire_at_will"
		}
		way {

		}
	}
	air_defence {
		name:t = "zone_01_airdef_05"
		tm:m = [[-0.879287, 0.0, -0.476292] [0.0, 1.0, 0.0] [0.476292, 0.0, -0.879287] [2310.69, 24.0001, 6226.44]]
		unit_class:t = "germ_37mm_flak43_naval"
		objLayer:i = 1
		closed_waypoints:b = false
		isShipSpline:b = false
		shipTurnRadius:r = 100
		weapons:t = ""
		bullets0:t = ""
		bullets1:t = ""
		bullets2:t = ""
		bullets3:t = ""
		bulletsCount0:i = 0
		bulletsCount1:i = 0
		bulletsCount2:i = 0
		bulletsCount3:i = 0
		props {
			army:i = 0
			count:i = 1
			formation_type:t = "rows"
			formation_div:i = 3
			formation_step:p2 = 2.5, 2
			formation_noise:p2 = 0.1, 0.1
			uniqueName:t = ""
			attack_type:t = "fire_at_will"
		}
		way {

		}
	}
	air_defence {
		name:t = "zone_01_airdef_06"
		tm:m = [[0.437107, 0.0, 0.899409] [0.0, 1.0, 0.0] [-0.899409, 0.0, 0.437107] [2314.14, 10.9737, 6632.53]]
		unit_class:t = "germ_37mm_flak43_naval"
		objLayer:i = 1
		closed_waypoints:b = false
		isShipSpline:b = false
		shipTurnRadius:r = 100
		weapons:t = ""
		bullets0:t = ""
		bullets1:t = ""
		bullets2:t = ""
		bullets3:t = ""
		bulletsCount0:i = 0
		bulletsCount1:i = 0
		bulletsCount2:i = 0
		bulletsCount3:i = 0
		props {
			army:i = 0
			count:i = 1
			formation_type:t = "rows"
			formation_div:i = 3
			formation_step:p2 = 2.5, 2
			formation_noise:p2 = 0.1, 0.1
			uniqueName:t = ""
			attack_type:t = "fire_at_will"
		}
		way {

		}
	}
	air_defence {
		name:t = "zone_01_airdef_07"
		tm:m = [[0.900972, 0.0, 0.433877] [0.0, 1.0, 0.0] [-0.433877, 0.0, 0.900972] [2389.92, 41.8005, 6502.01]]
		unit_class:t = "germ_37mm_flak43_naval"
		objLayer:i = 1
		closed_waypoints:b = false
		isShipSpline:b = false
		shipTurnRadius:r = 100
		weapons:t = ""
		bullets0:t = ""
		bullets1:t = ""
		bullets2:t = ""
		bullets3:t = ""
		bulletsCount0:i = 0
		bulletsCount1:i = 0
		bulletsCount2:i = 0
		bulletsCount3:i = 0
		props {
			army:i = 0
			count:i = 1
			formation_type:t = "rows"
			formation_div:i = 3
			formation_step:p2 = 2.5, 2
			formation_noise:p2 = 0.1, 0.1
			uniqueName:t = ""
			attack_type:t = "fire_at_will"
		}
		way {

		}
	}
	objectGroups {
		name:t = "notree_01"
		tm:m = [[0.883933, 0.0, 0.467613] [0.0, 1.0, 0.0] [-0.467613, 0.0, 0.883933] [2319.0, 24.0001, 6242.82]]
		unit_class:t = "noTreeObjectGroup25"
		objLayer:i = 1
		props {
			army:i = 2
			active:b = true
		}
	}
	objectGroups {
		name:t = "notree_05"
		tm:m = [[0.885617, 0.0, 0.464418] [0.0, 1.0, 0.0] [-0.464418, 0.0, 0.885617] [2301.06, 24.0001, 6233.3]]
		unit_class:t = "noTreeObjectGroup25"
		objLayer:i = 1
		props {
			army:i = 2
			active:b = true
		}
	}
	objectGroups {
		name:t = "notree_08"
		tm:m = [[0.885107, 0.0, 0.465389] [0.0, 1.0, 0.0] [-0.465389, 0.0, 0.885107] [2309.72, 24.0001, 6216.63]]
		unit_class:t = "noTreeObjectGroup25"
		objLayer:i = 1
		props {
			army:i = 2
			active:b = true
		}
	}
	objectGroups {
		name:t = "notree_11"
		tm:m = [[0.878369, 0.0, 0.477983] [0.0, 1.0, 0.0] [-0.477983, 0.0, 0.878369] [2329.32, 23.9735, 6224.59]]
		unit_class:t = "noTreeObjectGroup25"
		objLayer:i = 1
		props {
			army:i = 2
			active:b = true
		}
	}
	objectGroups {
		name:t = "notree_20"
		tm:m = [[-0.454174, 0.0, 0.890913] [0.0, 1.0, 0.0] [-0.890913, 0.0, -0.454174] [2405.4, 41.8005, 6520.77]]
		unit_class:t = "noTreeObjectGroup25"
		objLayer:i = 1
		props {
			army:i = 2
			active:b = true
		}
	}
	objectGroups {
		name:t = "notree_23"
		tm:m = [[-0.443688, 0.0, 0.896182] [0.0, 1.0, 0.0] [-0.896182, 0.0, -0.443688] [2259.22, 24.0001, 6338.88]]
		unit_class:t = "noTreeObjectGroup25"
		objLayer:i = 1
		props {
			army:i = 2
			active:b = true
		}
	}
	squad {
		name:t = "sq_zone_02_airdef"
		tm:m = [[1.0, 0.0, 0.0] [0.0, 1.0, 0.0] [0.0, 0.0, 1.0] [2492.0, 73.6, 6518.25]]
		props {
			squad_members:t = "zone_01_airdef_01"
			squad_members:t = "zone_01_airdef_02"
			squad_members:t = "zone_01_airdef_03"
			squad_members:t = "zone_01_airdef_04"
			squad_members:t = "zone_01_airdef_05"
			squad_members:t = "zone_01_airdef_06"
			squad_members:t = "zone_01_airdef_07"
			squad_members:t = "zone_01_airdef_08"
		}
	}
	objectGroups {
		name:t = "notree_26"
		tm:m = [[-0.443688, 0.0, 0.896182] [0.0, 1.0, 0.0] [-0.896182, 0.0, -0.443688] [2251.27, 24.0001, 6354.64]]
		unit_class:t = "noTreeObjectGroup25"
		objLayer:i = 1
		props {
			army:i = 2
			active:b = true
		}
	}
	objectGroups {
		name:t = "notree_29"
		tm:m = [[-0.443688, 0.0, 0.896182] [0.0, 1.0, 0.0] [-0.896182, 0.0, -0.443688] [2272.78, 24.0001, 6365.41]]
		unit_class:t = "noTreeObjectGroup25"
		objLayer:i = 1
		props {
			army:i = 2
			active:b = true
		}
	}
	objectGroups {
		name:t = "notree_32"
		tm:m = [[-0.443688, 0.0, 0.896182] [0.0, 1.0, 0.0] [-0.896182, 0.0, -0.443688] [2280.72, 24.0001, 6349.81]]
		unit_class:t = "noTreeObjectGroup25"
		objLayer:i = 1
		props {
			army:i = 2
			active:b = true
		}
	}
	objectGroups {
		name:t = "notree_27"
		tm:m = [[-0.454174, 0.0, 0.890913] [0.0, 1.0, 0.0] [-0.890913, 0.0, -0.454174] [2412.97, 41.8005, 6505.87]]
		unit_class:t = "noTreeObjectGroup25"
		objLayer:i = 1
		props {
			army:i = 2
			active:b = true
		}
	}
	objectGroups {
		name:t = "notree_34"
		tm:m = [[-0.454174, 0.0, 0.890913] [0.0, 1.0, 0.0] [-0.890913, 0.0, -0.454174] [2392.13, 41.8005, 6495.24]]
		unit_class:t = "noTreeObjectGroup25"
		objLayer:i = 1
		props {
			army:i = 2
			active:b = true
		}
	}
	objectGroups {
		name:t = "notree_37"
		tm:m = [[-0.454174, 0.0, 0.890913] [0.0, 1.0, 0.0] [-0.890913, 0.0, -0.454174] [2384.4, 41.8005, 6510.08]]
		unit_class:t = "noTreeObjectGroup25"
		objLayer:i = 1
		props {
			army:i = 2
			active:b = true
		}
	}
	objectGroups {
		name:t = "notree_39"
		tm:m = [[-0.463627, 0.0, 0.886031] [0.0, 1.0, 0.0] [-0.886031, 0.0, -0.463627] [2309.27, 43.8, 6488.34]]
		unit_class:t = "noTreeObjectGroup100"
		objLayer:i = 1
		props {
			army:i = 2
			active:b = true
		}
	}
	air_defence {
		name:t = "zone_01_airdef_08"
		tm:m = [[-0.99052, 0.0, 0.137367] [0.0, 1.0, 0.0] [-0.137367, 0.0, -0.99052] [2297.58, 43.8, 6499.94]]
		unit_class:t = "germ_37mm_flak43_naval"
		objLayer:i = 1
		closed_waypoints:b = false
		isShipSpline:b = false
		shipTurnRadius:r = 100
		weapons:t = ""
		bullets0:t = ""
		bullets1:t = ""
		bullets2:t = ""
		bullets3:t = ""
		bulletsCount0:i = 0
		bulletsCount1:i = 0
		bulletsCount2:i = 0
		bulletsCount3:i = 0
		props {
			army:i = 0
			count:i = 1
			formation_type:t = "rows"
			formation_div:i = 3
			formation_step:p2 = 2.5, 2
			formation_noise:p2 = 0.1, 0.1
			uniqueName:t = ""
			attack_type:t = "fire_at_will"
		}
		way {

		}
	}
}
areas {
	notree_02 {
		type:t = "Box"
		tm:m = [[22.0983, 0.0, 11.6903] [0.0, 25.0, 0.0] [-11.6903, 0.0, 22.0983] [2319.0, 24.0001, 6242.82]]
		objLayer:i = 0
		props {

		}
	}
	notree_04 {
		type:t = "Box"
		tm:m = [[22.1404, 0.0, 11.6105] [0.0, 25.0, 0.0] [-11.6105, 0.0, 22.1404] [2301.06, 24.0001, 6233.3]]
		objLayer:i = 0
		props {

		}
	}
	notree_07 {
		type:t = "Box"
		tm:m = [[22.1276, 0.0, 11.6348] [0.0, 25.0, 0.0] [-11.6348, 0.0, 22.1276] [2309.72, 24.0001, 6216.63]]
		objLayer:i = 0
		props {

		}
	}
	notree_10 {
		type:t = "Box"
		tm:m = [[21.9592, 0.0, 11.9496] [0.0, 25.0, 0.0] [-11.9496, 0.0, 21.9592] [2329.32, 23.9735, 6224.59]]
		objLayer:i = 0
		props {

		}
	}
	notree_19 {
		type:t = "Box"
		tm:m = [[-11.3544, 0.0, 22.2728] [0.0, 10.0, 0.0] [-22.2728, 0.0, -11.3544] [2405.4, 41.8005, 6520.77]]
		objLayer:i = 0
		props {

		}
	}
	notree_22 {
		type:t = "Box"
		tm:m = [[-11.0922, 0.0, 22.4045] [0.0, 10.0, 0.0] [-22.4045, 0.0, -11.0922] [2259.22, 24.0001, 6338.88]]
		objLayer:i = 0
		props {

		}
	}
	notree_25 {
		type:t = "Box"
		tm:m = [[-11.0922, 0.0, 22.4045] [0.0, 10.0, 0.0] [-22.4045, 0.0, -11.0922] [2251.27, 24.0001, 6354.64]]
		objLayer:i = 0
		props {

		}
	}
	notree_28 {
		type:t = "Box"
		tm:m = [[-11.0922, 0.0, 22.4045] [0.0, 10.0, 0.0] [-22.4045, 0.0, -11.0922] [2272.78, 24.0001, 6365.41]]
		objLayer:i = 0
		props {

		}
	}
	notree_31 {
		type:t = "Box"
		tm:m = [[-11.0922, 0.0, 22.4045] [0.0, 10.0, 0.0] [-22.4045, 0.0, -11.0922] [2280.72, 24.0001, 6349.81]]
		objLayer:i = 0
		props {

		}
	}
	notree_24 {
		type:t = "Box"
		tm:m = [[-11.3544, 0.0, 22.2728] [0.0, 10.0, 0.0] [-22.2728, 0.0, -11.3544] [2412.97, 41.8005, 6505.87]]
		objLayer:i = 0
		props {

		}
	}
	notree_33 {
		type:t = "Box"
		tm:m = [[-11.3544, 0.0, 22.2728] [0.0, 10.0, 0.0] [-22.2728, 0.0, -11.3544] [2392.13, 41.8005, 6495.24]]
		objLayer:i = 0
		props {

		}
	}
	notree_36 {
		type:t = "Box"
		tm:m = [[-11.3544, 0.0, 22.2728] [0.0, 10.0, 0.0] [-22.2728, 0.0, -11.3544] [2384.4, 41.8005, 6510.08]]
		objLayer:i = 0
		props {

		}
	}
	notree_38 {
		type:t = "Box"
		tm:m = [[-46.3626, 0.0, 88.6031] [0.0, 10.0, 0.0] [-88.6031, 0.0, -46.3626] [2309.27, 43.8, 6488.34]]
		objLayer:i = 0
		props {

		}
	}
}
objLayers {
	layer {
		enabled:b = true
	}
	layer {
		enabled:b = true
	}
	layer {
		enabled:b = true
	}
	layer {
		enabled:b = false
	}
}
wayPoints {

}