selected_tag:t = ""
bin_dump_file:t = ""
mission_settings {
	player {
		army:i = 1
	}
	player_teamB {
		army:i = 2
	}
	mission {
		type:t = "domination"
		level:t = "levels/air_israel.bin"
		environment:t = "Day"
		weather:t = "hazy"
	}
}
imports {

}
triggers {
	isCategory:b = true
	is_enabled:b = true
}
mission_objectives {
	isCategory:b = true
	is_enabled:b = true
}
variables {

}
dialogs {

}
airfields {

}
effects {

}
units {

}
areas {
	rank_06_movable_zone_28x9 {
		type:t = "Box"
		tm:m = [[24465.5, 0.0, -13617.6] [0.0, 9000.0, 0.0] [4377.07, 0.0, 7863.92] [-662.9, 324.1, -2098.8]]
		objLayer:i = 3
		props {

		}
	}
	t1_road_01_spawn_tank {
		type:t = "Point"
		tm:m = [[0.93499, 0.0, 0.354674] [0.0, 1.0, 0.0] [-0.354674, 0.0, 0.93499] [7858.25, 275.871, -12101.2]]
		objLayer:i = 0
		props {

		}
	}
	t1_road_02_spawn_tank {
		type:t = "Point"
		tm:m = [[0.578023, 0.0, 0.81602] [0.0, 1.0, 0.0] [-0.81602, 0.0, 0.578023] [-14163.3, 168.963, -36.95]]
		objLayer:i = 0
		props {

		}
	}
	t1_road_03_spawn_tank {
		type:t = "Point"
		tm:m = [[0.954563, 0.0, 0.298009] [0.0, 1.0, 0.0] [-0.298009, 0.0, 0.954563] [-4998.98, 257.7, -5285.3]]
		objLayer:i = 0
		props {

		}
	}
	t2_road_01_spawn_tank {
		type:t = "Point"
		tm:m = [[-0.0643707, 0.0, -0.997926] [0.0, 1.0, 0.0] [0.997926, 0.0, -0.0643707] [-9319.29, 90.9438, 8343.76]]
		objLayer:i = 0
		props {

		}
	}
	t2_road_02_spawn_tank {
		type:t = "Point"
		tm:m = [[-0.998663, 0.0, 0.0517027] [0.0, 1.0, 0.0] [-0.0517027, 0.0, -0.998663] [4963.7, 301.1, 1049.4]]
		objLayer:i = 0
		props {

		}
	}
	t1_road_01_spawn_acar {
		type:t = "Point"
		tm:m = [[0.93499, 0.0, 0.354674] [0.0, 1.0, 0.0] [-0.354674, 0.0, 0.93499] [7737.56, 298.138, -12123.3]]
		objLayer:i = 0
		props {

		}
	}
	t1_road_01_spawn_truck {
		type:t = "Point"
		tm:m = [[0.93499, 0.0, 0.354674] [0.0, 1.0, 0.0] [-0.354674, 0.0, 0.93499] [7621.5, 309.295, -12124.3]]
		objLayer:i = 0
		props {

		}
	}
	t1_road_03_spawn_acar {
		type:t = "Point"
		tm:m = [[0.954563, 0.0, 0.298009] [0.0, 1.0, 0.0] [-0.298009, 0.0, 0.954563] [-5114.21, 257.7, -5338.8]]
		objLayer:i = 0
		props {

		}
	}
	t1_road_03_spawn_truck {
		type:t = "Point"
		tm:m = [[0.954563, 0.0, 0.298009] [0.0, 1.0, 0.0] [-0.298009, 0.0, 0.954563] [-5225.56, 257.7, -5388.91]]
		objLayer:i = 0
		props {

		}
	}
	t1_road_02_spawn_acar {
		type:t = "Point"
		tm:m = [[0.578023, 0.0, 0.81602] [0.0, 1.0, 0.0] [-0.81602, 0.0, 0.578023] [-14244.9, 163.396, -115.715]]
		objLayer:i = 0
		props {

		}
	}
	t1_road_02_spawn_truck {
		type:t = "Point"
		tm:m = [[0.578023, 0.0, 0.81602] [0.0, 1.0, 0.0] [-0.81602, 0.0, 0.578023] [-14323.4, 158.372, -194.227]]
		objLayer:i = 0
		props {

		}
	}
	t2_road_03_spawn_tank {
		type:t = "Point"
		tm:m = [[-0.86257, 0.0, -0.505937] [0.0, 1.0, 0.0] [0.505937, 0.0, -0.86257] [12265.9, 210.618, -4163.45]]
		objLayer:i = 0
		props {

		}
	}
	t2_road_03_spawn_acar {
		type:t = "Point"
		tm:m = [[-0.86257, 0.0, -0.505937] [0.0, 1.0, 0.0] [0.505937, 0.0, -0.86257] [12388.2, 210.24, -4097.81]]
		objLayer:i = 0
		props {

		}
	}
	t2_road_03_spawn_truck {
		type:t = "Point"
		tm:m = [[-0.86257, 0.0, -0.505937] [0.0, 1.0, 0.0] [0.505937, 0.0, -0.86257] [12500.5, 195.743, -4005.31]]
		objLayer:i = 0
		props {

		}
	}
	t2_road_02_spawn_acar {
		type:t = "Point"
		tm:m = [[-0.998663, 0.0, 0.0517027] [0.0, 1.0, 0.0] [-0.0517027, 0.0, -0.998663] [5072.19, 301.1, 1055.28]]
		objLayer:i = 0
		props {

		}
	}
	t2_road_02_spawn_truck {
		type:t = "Point"
		tm:m = [[-0.998663, 0.0, 0.0517027] [0.0, 1.0, 0.0] [-0.0517027, 0.0, -0.998663] [5183.46, 301.1, 1055.1]]
		objLayer:i = 0
		props {

		}
	}
	t2_road_01_spawn_acar {
		type:t = "Point"
		tm:m = [[-0.0643707, 0.0, -0.997926] [0.0, 1.0, 0.0] [0.997926, 0.0, -0.0643707] [-9310.23, 90.9407, 8393.76]]
		objLayer:i = 0
		props {

		}
	}
	t2_road_01_spawn_truck {
		type:t = "Point"
		tm:m = [[-0.0643707, 0.0, -0.997926] [0.0, 1.0, 0.0] [0.997926, 0.0, -0.0643707] [-9298.89, 90.9366, 8461.45]]
		objLayer:i = 0
		props {

		}
	}
}
objLayers {
	layer {
		enabled:b = true
	}
	layer {
		enabled:b = true
	}
	layer {
		enabled:b = true
	}
	layer {
		enabled:b = true
	}
	layer {
		enabled:b = false
	}
}
wayPoints {
	t1_road_03 {
		closed_waypoints:b = false
		isShipSpline:b = false
		shipTurnRadius:r = 100
		way {
			way_points_01_wp_03 {
				type:t = "normal"
				tm:m = [[1.0, 0.0, 0.0] [0.0, 1.0, 0.0] [0.0, 0.0, 1.0] [-4689.95, 264.9, -5163.5]]
				props {
					speed:r = 30
					moveType:t = "MOVETO_STRAIGHT"
					tas:b = false
					shouldKeepFormation:b = false
					canUsePathFinder:b = false
				}
			}
			t1_road_03_wp_01 {
				type:t = "normal"
				tm:m = [[1.0, 0.0, 0.0] [0.0, 1.0, 0.0] [0.0, 0.0, 1.0] [-3325.3, 296.2, -4538.35]]
				props {
					speed:r = 30
					moveType:t = "USE_SPLINES"
					tas:b = false
					shouldKeepFormation:b = false
					canUsePathFinder:b = false
				}
			}
			t1_road_03_wp_02 {
				type:t = "normal"
				tm:m = [[1.0, 0.0, 0.0] [0.0, 1.0, 0.0] [0.0, 0.0, 1.0] [-1487.15, 236.85, -4551.25]]
				props {
					speed:r = 30
					moveType:t = "USE_SPLINES"
					tas:b = false
					shouldKeepFormation:b = false
					canUsePathFinder:b = false
				}
			}
			t1_road_03_wp_03 {
				type:t = "normal"
				tm:m = [[1.0, 0.0, 0.0] [0.0, 1.0, 0.0] [0.0, 0.0, 1.0] [770.0, 304.75, -1141.65]]
				props {
					speed:r = 30
					moveType:t = "USE_SPLINES"
					tas:b = false
					shouldKeepFormation:b = false
					canUsePathFinder:b = false
				}
			}
			t1_road_03_wp_04 {
				type:t = "normal"
				tm:m = [[1.0, 0.0, 0.0] [0.0, 1.0, 0.0] [0.0, 0.0, 1.0] [3023.9, 285.75, -2212.55]]
				props {
					speed:r = 30
					moveType:t = "USE_SPLINES"
					tas:b = false
					shouldKeepFormation:b = false
					canUsePathFinder:b = false
				}
			}
			t1_road_03_wp_05 {
				type:t = "normal"
				tm:m = [[1.0, 0.0, 0.0] [0.0, 1.0, 0.0] [0.0, 0.0, 1.0] [4661.25, 254.0, -1145.7]]
				props {
					speed:r = 30
					moveType:t = "USE_SPLINES"
					tas:b = false
					shouldKeepFormation:b = false
					canUsePathFinder:b = false
				}
			}
			t1_road_03_wp_06 {
				type:t = "normal"
				tm:m = [[1.0, 0.0, 0.0] [0.0, 1.0, 0.0] [0.0, 0.0, 1.0] [5327.85, 249.25, -1226.45]]
				props {
					speed:r = 30
					moveType:t = "USE_SPLINES"
					tas:b = false
					shouldKeepFormation:b = false
					canUsePathFinder:b = false
				}
			}
		}
	}
	t2_road_02 {
		closed_waypoints:b = false
		isShipSpline:b = false
		shipTurnRadius:r = 100
		way {
			way_points_01_wp_05 {
				type:t = "normal"
				tm:m = [[1.0, 0.0, 0.0] [0.0, 1.0, 0.0] [0.0, 0.0, 1.0] [4702.85, 305.3, 1064.9]]
				props {
					speed:r = 30
					moveType:t = "MOVETO_STRAIGHT"
					tas:b = false
					shouldKeepFormation:b = false
					canUsePathFinder:b = false
				}
			}
			t2_road_02_wp_01 {
				type:t = "normal"
				tm:m = [[1.0, 0.0, 0.0] [0.0, 1.0, 0.0] [0.0, 0.0, 1.0] [4162.75, 310.85, 240.45]]
				props {
					speed:r = 30
					moveType:t = "USE_SPLINES"
					tas:b = false
					shouldKeepFormation:b = false
					canUsePathFinder:b = false
				}
			}
			t2_road_02_wp_02 {
				type:t = "normal"
				tm:m = [[1.0, 0.0, 0.0] [0.0, 1.0, 0.0] [0.0, 0.0, 1.0] [5620.6, 249.25, -1196.2]]
				props {
					speed:r = 30
					moveType:t = "USE_SPLINES"
					tas:b = false
					shouldKeepFormation:b = false
					canUsePathFinder:b = false
				}
			}
			t2_road_02_wp_03 {
				type:t = "normal"
				tm:m = [[1.0, 0.0, 0.0] [0.0, 1.0, 0.0] [0.0, 0.0, 1.0] [5379.55, 249.25, -1231.4]]
				props {
					speed:r = 30
					moveType:t = "USE_SPLINES"
					tas:b = false
					shouldKeepFormation:b = false
					canUsePathFinder:b = false
				}
			}
			t2_road_02_wp_04 {
				type:t = "normal"
				tm:m = [[1.0, 0.0, 0.0] [0.0, 1.0, 0.0] [0.0, 0.0, 1.0] [4986.75, 249.25, -2781.55]]
				props {
					speed:r = 30
					moveType:t = "USE_SPLINES"
					tas:b = false
					shouldKeepFormation:b = false
					canUsePathFinder:b = false
				}
			}
			t2_road_02_wp_05 {
				type:t = "normal"
				tm:m = [[1.0, 0.0, 0.0] [0.0, 1.0, 0.0] [0.0, 0.0, 1.0] [5590.1, 249.5, -4139.5]]
				props {
					speed:r = 30
					moveType:t = "USE_SPLINES"
					tas:b = false
					shouldKeepFormation:b = false
					canUsePathFinder:b = false
				}
			}
			t2_road_02_wp_06 {
				type:t = "normal"
				tm:m = [[1.0, 0.0, 0.0] [0.0, 1.0, 0.0] [0.0, 0.0, 1.0] [2007.8, 293.35, -6866.75]]
				props {
					speed:r = 30
					moveType:t = "USE_SPLINES"
					tas:b = false
					shouldKeepFormation:b = false
					canUsePathFinder:b = false
				}
			}
			t2_road_02_wp_07 {
				type:t = "normal"
				tm:m = [[1.0, 0.0, 0.0] [0.0, 1.0, 0.0] [0.0, 0.0, 1.0] [496.1, 314.5, -9201.5]]
				props {
					speed:r = 30
					moveType:t = "USE_SPLINES"
					tas:b = false
					shouldKeepFormation:b = false
					canUsePathFinder:b = false
				}
			}
		}
	}
	t2_road_01 {
		closed_waypoints:b = false
		isShipSpline:b = false
		shipTurnRadius:r = 100
		way {
			way_points_01_wp_04 {
				type:t = "normal"
				tm:m = [[1.0, 0.0, 0.0] [0.0, 1.0, 0.0] [0.0, 0.0, 1.0] [-9333.2, 70.8, 8173.4]]
				props {
					speed:r = 30
					moveType:t = "GATHER_TO"
				}
			}
			t2_road_01_wp_01 {
				type:t = "normal"
				tm:m = [[1.0, 0.0, 0.0] [0.0, 1.0, 0.0] [0.0, 0.0, 1.0] [-10659.6, 78.2, 7801.85]]
				props {
					speed:r = 30
					moveType:t = "USE_SPLINES"
				}
			}
			t2_road_01_wp_02 {
				type:t = "normal"
				tm:m = [[1.0, 0.0, 0.0] [0.0, 1.0, 0.0] [0.0, 0.0, 1.0] [-10975.4, 76.35, 4988.95]]
				props {
					speed:r = 30
					moveType:t = "USE_SPLINES"
				}
			}
			t2_road_01_wp_03 {
				type:t = "normal"
				tm:m = [[1.0, 0.0, 0.0] [0.0, 1.0, 0.0] [0.0, 0.0, 1.0] [-14420.5, 160.5, -315.95]]
				props {
					speed:r = 30
					moveType:t = "MOVETO_STRAIGHT"
				}
			}
			t2_road_01_wp_04 {
				type:t = "normal"
				tm:m = [[1.0, 0.0, 0.0] [0.0, 1.0, 0.0] [0.0, 0.0, 1.0] [-14422.4, 171.15, -594.9]]
				props {
					speed:r = 30
					moveType:t = "MOVETO_STRAIGHT"
				}
			}
		}
	}
	t2_road_03 {
		closed_waypoints:b = false
		isShipSpline:b = false
		shipTurnRadius:r = 100
		way {
			way_points_01_wp_06 {
				type:t = "normal"
				tm:m = [[1.0, 0.0, 0.0] [0.0, 1.0, 0.0] [0.0, 0.0, 1.0] [12206.6, 210.9, -4203.7]]
				props {
					speed:r = 30
					moveType:t = "GATHER_TO"
				}
			}
			t2_road_03_wp_01 {
				type:t = "normal"
				tm:m = [[1.0, 0.0, 0.0] [0.0, 1.0, 0.0] [0.0, 0.0, 1.0] [12294.1, 217.2, -4839.25]]
				props {
					speed:r = 30
					moveType:t = "USE_SPLINES"
				}
			}
			t2_road_03_wp_02 {
				type:t = "normal"
				tm:m = [[1.0, 0.0, 0.0] [0.0, 1.0, 0.0] [0.0, 0.0, 1.0] [7784.85, 286.7, -12102.2]]
				props {
					speed:r = 30
					moveType:t = "USE_SPLINES"
				}
			}
			t2_road_03_wp_03 {
				type:t = "normal"
				tm:m = [[1.0, 0.0, 0.0] [0.0, 1.0, 0.0] [0.0, 0.0, 1.0] [7648.1, 320.45, -12496.2]]
				props {
					speed:r = 30
					moveType:t = "MOVETO_STRAIGHT"
				}
			}
		}
	}
	t1_road_01 {
		closed_waypoints:b = false
		isShipSpline:b = false
		shipTurnRadius:r = 100
		way {
			way_points_01_wp_01 {
				type:t = "normal"
				tm:m = [[1.0, 0.0, 0.0] [0.0, 1.0, 0.0] [0.0, 0.0, 1.0] [7955.7, 237.55, -12075.7]]
				props {
					speed:r = 30
					moveType:t = "GATHER_TO"
				}
			}
			t1_road_01_wp_01 {
				type:t = "normal"
				tm:m = [[1.0, 0.0, 0.0] [0.0, 1.0, 0.0] [0.0, 0.0, 1.0] [12300.0, 216.2, -4885.75]]
				props {
					speed:r = 30
					moveType:t = "USE_SPLINES"
				}
			}
			t1_road_01_wp_02 {
				type:t = "normal"
				tm:m = [[1.0, 0.0, 0.0] [0.0, 1.0, 0.0] [0.0, 0.0, 1.0] [12205.8, 210.85, -4245.4]]
				props {
					speed:r = 30
					moveType:t = "USE_SPLINES"
				}
			}
			t1_road_01_wp_03 {
				type:t = "normal"
				tm:m = [[1.0, 0.0, 0.0] [0.0, 1.0, 0.0] [0.0, 0.0, 1.0] [12554.9, 189.25, -3957.85]]
				props {
					speed:r = 30
					moveType:t = "USE_SPLINES"
				}
			}
			t1_road_01_wp_04 {
				type:t = "normal"
				tm:m = [[1.0, 0.0, 0.0] [0.0, 1.0, 0.0] [0.0, 0.0, 1.0] [12507.8, 195.6, -3710.25]]
				props {
					speed:r = 30
					moveType:t = "MOVETO_STRAIGHT"
				}
			}
		}
	}
	t1_road_02 {
		closed_waypoints:b = false
		isShipSpline:b = false
		shipTurnRadius:r = 100
		way {
			way_points_01_wp_02 {
				type:t = "normal"
				tm:m = [[1.0, 0.0, 0.0] [0.0, 1.0, 0.0] [0.0, 0.0, 1.0] [-14079.9, 174.1, 119.3]]
				props {
					speed:r = 30
					moveType:t = "GATHER_TO"
				}
			}
			t1_road_02_wp_01 {
				type:t = "normal"
				tm:m = [[1.0, 0.0, 0.0] [0.0, 1.0, 0.0] [0.0, 0.0, 1.0] [-11009.1, 76.35, 4961.6]]
				props {
					speed:r = 30
					moveType:t = "USE_SPLINES"
				}
			}
			t1_road_02_wp_02 {
				type:t = "normal"
				tm:m = [[1.0, 0.0, 0.0] [0.0, 1.0, 0.0] [0.0, 0.0, 1.0] [-9107.4, 76.5, 5900.75]]
				props {
					speed:r = 30
					moveType:t = "USE_SPLINES"
				}
			}
			t1_road_02_wp_03 {
				type:t = "normal"
				tm:m = [[1.0, 0.0, 0.0] [0.0, 1.0, 0.0] [0.0, 0.0, 1.0] [-8631.8, 167.45, 7201.25]]
				props {
					speed:r = 30
					moveType:t = "USE_SPLINES"
				}
			}
			t1_road_02_wp_04 {
				type:t = "normal"
				tm:m = [[1.0, 0.0, 0.0] [0.0, 1.0, 0.0] [0.0, 0.0, 1.0] [-8603.4, 74.35, 7696.6]]
				props {
					speed:r = 30
					moveType:t = "USE_SPLINES"
				}
			}
			t1_road_02_wp_05 {
				type:t = "normal"
				tm:m = [[1.0, 0.0, 0.0] [0.0, 1.0, 0.0] [0.0, 0.0, 1.0] [-8519.65, 71.05, 7875.6]]
				props {
					speed:r = 30
					moveType:t = "MOVETO_STRAIGHT"
				}
			}
		}
	}
}