selected_tag:t = ""
bin_dump_file:t = ""
mission_settings {
	player {
		army:i = 1
	}
	player_teamB {
		army:i = 2
	}
	mission {
		type:t = "domination"
		level:t = "levels/air_israel.bin"
		environment:t = "Day"
		weather:t = "hazy"
	}
}
imports {

}
triggers {
	isCategory:b = true
	is_enabled:b = true
}
mission_objectives {
	isCategory:b = true
	is_enabled:b = true
}
variables {

}
dialogs {

}
airfields {

}
effects {

}
units {

}
areas {
	rank_05_movable_zone_24x9 {
		type:t = "Box"
		tm:m = [[20970.5, 0.0, -11672.2] [0.0, 9000.0, 0.0] [4377.07, 0.0, 7863.92] [-662.9, 324.1, -2098.8]]
		objLayer:i = 3
		props {

		}
	}
	t1_road_01_spawn_tank {
		type:t = "Point"
		tm:m = [[0.429457, 0.0, 0.903088] [0.0, 1.0, 0.0] [-0.903088, 0.0, 0.429457] [5218.55, 156.583, -10875.8]]
		objLayer:i = 0
		props {

		}
	}
	t1_road_02_spawn_tank {
		type:t = "Point"
		tm:m = [[0.393503, 0.0, 0.919323] [0.0, 1.0, 0.0] [-0.919323, 0.0, 0.393503] [-10919.0, 179.277, -1519.5]]
		objLayer:i = 0
		props {

		}
	}
	t1_road_03_spawn_tank {
		type:t = "Point"
		tm:m = [[-0.203353, 0.0, 0.979106] [0.0, 1.0, 0.0] [-0.979106, 0.0, -0.203353] [-3537.7, 276.2, -6195.35]]
		objLayer:i = 0
		props {

		}
	}
	t2_road_01_spawn_tank {
		type:t = "Point"
		tm:m = [[-0.433229, 0.0, -0.901285] [0.0, 1.0, 0.0] [0.901285, 0.0, -0.433229] [-6134.3, 216.5, 6172.65]]
		objLayer:i = 0
		props {

		}
	}
	t2_road_02_spawn_tank {
		type:t = "Point"
		tm:m = [[-0.944372, 0.0, -0.328882] [0.0, 1.0, 0.0] [0.328882, 0.0, -0.944372] [1482.4, 301.099, 2261.65]]
		objLayer:i = 0
		props {

		}
	}
	t1_road_01_spawn_acar {
		type:t = "Point"
		tm:m = [[0.429457, 0.0, 0.903088] [0.0, 1.0, 0.0] [-0.903088, 0.0, 0.429457] [5156.36, 198.174, -10987.6]]
		objLayer:i = 0
		props {

		}
	}
	t1_road_01_spawn_truck {
		type:t = "Point"
		tm:m = [[0.429457, 0.0, 0.903088] [0.0, 1.0, 0.0] [-0.903088, 0.0, 0.429457] [5118.53, 234.2, -11093.9]]
		objLayer:i = 0
		props {

		}
	}
	t1_road_03_spawn_acar {
		type:t = "Point"
		tm:m = [[-0.203353, 0.0, 0.979106] [0.0, 1.0, 0.0] [-0.979106, 0.0, -0.203353] [-3495.71, 276.2, -6315.25]]
		objLayer:i = 0
		props {

		}
	}
	t1_road_03_spawn_truck {
		type:t = "Point"
		tm:m = [[-0.203353, 0.0, 0.979106] [0.0, 1.0, 0.0] [-0.979106, 0.0, -0.203353] [-3456.72, 276.2, -6430.97]]
		objLayer:i = 0
		props {

		}
	}
	t1_road_02_spawn_acar {
		type:t = "Point"
		tm:m = [[0.393503, 0.0, 0.919323] [0.0, 1.0, 0.0] [-0.919323, 0.0, 0.393503] [-10982.2, 184.168, -1613.67]]
		objLayer:i = 0
		props {

		}
	}
	t1_road_02_spawn_truck {
		type:t = "Point"
		tm:m = [[0.393503, 0.0, 0.919323] [0.0, 1.0, 0.0] [-0.919323, 0.0, 0.393503] [-11042.4, 189.528, -1706.92]]
		objLayer:i = 0
		props {

		}
	}
	t2_road_03_spawn_tank {
		type:t = "Point"
		tm:m = [[0.183452, 0.0, -0.983028] [0.0, 1.0, 0.0] [0.983028, 0.0, 0.183452] [8708.5, 249.247, -1952.25]]
		objLayer:i = 0
		props {

		}
	}
	t2_road_03_spawn_acar {
		type:t = "Point"
		tm:m = [[0.183452, 0.0, -0.983028] [0.0, 1.0, 0.0] [0.983028, 0.0, 0.183452] [8688.22, 249.258, -1814.91]]
		objLayer:i = 0
		props {

		}
	}
	t2_road_03_spawn_truck {
		type:t = "Point"
		tm:m = [[0.183452, 0.0, -0.983028] [0.0, 1.0, 0.0] [0.983028, 0.0, 0.183452] [8639.3, 249.295, -1677.9]]
		objLayer:i = 0
		props {

		}
	}
	t2_road_02_spawn_acar {
		type:t = "Point"
		tm:m = [[-0.944372, 0.0, -0.328882] [0.0, 1.0, 0.0] [0.328882, 0.0, -0.944372] [1580.66, 301.099, 2308.02]]
		objLayer:i = 0
		props {

		}
	}
	t2_road_02_spawn_truck {
		type:t = "Point"
		tm:m = [[-0.944372, 0.0, -0.328882] [0.0, 1.0, 0.0] [0.328882, 0.0, -0.944372] [1683.77, 301.099, 2349.84]]
		objLayer:i = 0
		props {

		}
	}
	t2_road_01_spawn_acar {
		type:t = "Point"
		tm:m = [[-0.433229, 0.0, -0.901285] [0.0, 1.0, 0.0] [0.901285, 0.0, -0.433229] [-6107.19, 227.546, 6215.62]]
		objLayer:i = 0
		props {

		}
	}
	t2_road_01_spawn_truck {
		type:t = "Point"
		tm:m = [[-0.433229, 0.0, -0.901285] [0.0, 1.0, 0.0] [0.901285, 0.0, -0.433229] [-6071.33, 242.228, 6274.15]]
		objLayer:i = 0
		props {

		}
	}
}
objLayers {
	layer {
		enabled:b = true
	}
	layer {
		enabled:b = true
	}
	layer {
		enabled:b = true
	}
	layer {
		enabled:b = true
	}
	layer {
		enabled:b = false
	}
}
wayPoints {
	t1_road_01 {
		closed_waypoints:b = false
		isShipSpline:b = false
		shipTurnRadius:r = 100
		way {
			way_points_01_wp_01 {
				type:t = "normal"
				tm:m = [[1.0, 0.0, 0.0] [0.0, 1.0, 0.0] [0.0, 0.0, 1.0] [5314.35, 149.25, -10752.0]]
				props {
					speed:r = 30
					moveType:t = "MOVETO_STRAIGHT"
					tas:b = false
					shouldKeepFormation:b = false
					canUsePathFinder:b = false
				}
			}
			t1_road_01_wp_01 {
				type:t = "normal"
				tm:m = [[1.0, 0.0, 0.0] [0.0, 1.0, 0.0] [0.0, 0.0, 1.0] [6227.6, 299.25, -8941.0]]
				props {
					speed:r = 30
					moveType:t = "USE_SPLINES"
				}
			}
			t1_road_01_wp_02 {
				type:t = "normal"
				tm:m = [[1.0, 0.0, 0.0] [0.0, 1.0, 0.0] [0.0, 0.0, 1.0] [8267.1, 251.05, -5794.8]]
				props {
					speed:r = 30
					moveType:t = "USE_SPLINES"
				}
			}
			t1_road_01_wp_03 {
				type:t = "normal"
				tm:m = [[1.0, 0.0, 0.0] [0.0, 1.0, 0.0] [0.0, 0.0, 1.0] [8257.85, 246.35, -5552.85]]
				props {
					speed:r = 30
					moveType:t = "MOVETO_STRAIGHT"
				}
			}
		}
	}
	t1_road_02 {
		closed_waypoints:b = false
		isShipSpline:b = false
		shipTurnRadius:r = 100
		way {
			way_points_01_wp_02 {
				type:t = "normal"
				tm:m = [[1.0, 0.0, 0.0] [0.0, 1.0, 0.0] [0.0, 0.0, 1.0] [-10889.1, 194.45, -1443.2]]
				props {
					speed:r = 30
					moveType:t = "MOVETO_STRAIGHT"
					tas:b = false
					shouldKeepFormation:b = false
					canUsePathFinder:b = false
				}
			}
			t1_road_02_wp_01 {
				type:t = "normal"
				tm:m = [[1.0, 0.0, 0.0] [0.0, 1.0, 0.0] [0.0, 0.0, 1.0] [-7352.7, 264.95, 4947.5]]
				props {
					speed:r = 30
					moveType:t = "HALT"
				}
			}
			t1_road_02_wp_02 {
				type:t = "normal"
				tm:m = [[1.0, 0.0, 0.0] [0.0, 1.0, 0.0] [0.0, 0.0, 1.0] [-7374.3, 264.45, 5572.4]]
				props {
					speed:r = 30
					moveType:t = "USE_SPLINES"
				}
			}
			t1_road_02_wp_03 {
				type:t = "normal"
				tm:m = [[1.0, 0.0, 0.0] [0.0, 1.0, 0.0] [0.0, 0.0, 1.0] [-7193.85, 264.65, 5670.1]]
				props {
					speed:r = 30
					moveType:t = "MOVETO_STRAIGHT"
				}
			}
		}
	}
	t1_road_03 {
		closed_waypoints:b = false
		isShipSpline:b = false
		shipTurnRadius:r = 100
		way {
			way_points_01_wp_03 {
				type:t = "normal"
				tm:m = [[1.0, 0.0, 0.0] [0.0, 1.0, 0.0] [0.0, 0.0, 1.0] [-3501.4, 251.4, -5977.65]]
				props {
					speed:r = 30
					moveType:t = "MOVETO_STRAIGHT"
					tas:b = false
					shouldKeepFormation:b = false
					canUsePathFinder:b = false
				}
			}
			t1_road_03_wp_01 {
				type:t = "normal"
				tm:m = [[1.0, 0.0, 0.0] [0.0, 1.0, 0.0] [0.0, 0.0, 1.0] [-3336.2, 296.2, -4540.35]]
				props {
					speed:r = 30
					moveType:t = "USE_SPLINES"
					tas:b = false
					shouldKeepFormation:b = false
					canUsePathFinder:b = false
				}
			}
			t1_road_03_wp_02 {
				type:t = "normal"
				tm:m = [[1.0, 0.0, 0.0] [0.0, 1.0, 0.0] [0.0, 0.0, 1.0] [-1494.85, 240.35, -4551.95]]
				props {
					speed:r = 30
					moveType:t = "USE_SPLINES"
					tas:b = false
					shouldKeepFormation:b = false
					canUsePathFinder:b = false
				}
			}
			t1_road_03_wp_07 {
				type:t = "normal"
				tm:m = [[1.0, 0.0, 0.0] [0.0, 1.0, 0.0] [0.0, 0.0, 1.0] [-1050.9, 246.05, -3907.35]]
				props {
					speed:r = 30
					moveType:t = "USE_SPLINES"
				}
			}
			t1_road_03_wp_08 {
				type:t = "normal"
				tm:m = [[1.0, 0.0, 0.0] [0.0, 1.0, 0.0] [0.0, 0.0, 1.0] [-553.15, 251.65, -3273.5]]
				props {
					speed:r = 30
					moveType:t = "USE_SPLINES"
				}
			}
			t1_road_03_wp_03 {
				type:t = "normal"
				tm:m = [[1.0, 0.0, 0.0] [0.0, 1.0, 0.0] [0.0, 0.0, 1.0] [758.3, 304.75, -1149.9]]
				props {
					speed:r = 30
					moveType:t = "USE_SPLINES"
					tas:b = false
					shouldKeepFormation:b = false
					canUsePathFinder:b = false
				}
			}
			t1_road_03_wp_06 {
				type:t = "normal"
				tm:m = [[1.0, 0.0, 0.0] [0.0, 1.0, 0.0] [0.0, 0.0, 1.0] [1088.0, 295.85, -841.6]]
				props {
					speed:r = 30
					moveType:t = "MOVETO_STRAIGHT"
					tas:b = false
					canUsePathFinder:b = false
				}
			}
		}
	}
	t2_road_01 {
		closed_waypoints:b = false
		isShipSpline:b = false
		shipTurnRadius:r = 100
		way {
			way_points_01_wp_04 {
				type:t = "normal"
				tm:m = [[1.0, 0.0, 0.0] [0.0, 1.0, 0.0] [0.0, 0.0, 1.0] [-6174.1, 212.955, 6123.3]]
				props {
					speed:r = 30
					moveType:t = "MOVETO_STRAIGHT"
					tas:b = false
					shouldKeepFormation:b = false
					canUsePathFinder:b = false
				}
			}
			t2_road_01_wp_01 {
				type:t = "normal"
				tm:m = [[1.0, 0.0, 0.0] [0.0, 1.0, 0.0] [0.0, 0.0, 1.0] [-6750.8, 258.35, 6104.25]]
				props {
					speed:r = 30
					moveType:t = "USE_SPLINES"
				}
			}
			t2_road_01_wp_02 {
				type:t = "normal"
				tm:m = [[1.0, 0.0, 0.0] [0.0, 1.0, 0.0] [0.0, 0.0, 1.0] [-7346.95, 263.85, 4973.15]]
				props {
					speed:r = 30
					moveType:t = "USE_SPLINES"
				}
			}
			t2_road_01_wp_03 {
				type:t = "normal"
				tm:m = [[1.0, 0.0, 0.0] [0.0, 1.0, 0.0] [0.0, 0.0, 1.0] [-10655.8, 243.2, -638.5]]
				props {
					speed:r = 30
					moveType:t = "USE_SPLINES"
				}
			}
			t2_road_01_wp_04 {
				type:t = "normal"
				tm:m = [[1.0, 0.0, 0.0] [0.0, 1.0, 0.0] [0.0, 0.0, 1.0] [-10756.2, 233.05, -858.95]]
				props {
					speed:r = 30
					moveType:t = "MOVETO_STRAIGHT"
				}
			}
		}
	}
	t2_road_02 {
		closed_waypoints:b = false
		isShipSpline:b = false
		shipTurnRadius:r = 100
		way {
			way_points_01_wp_05 {
				type:t = "normal"
				tm:m = [[1.0, 0.0, 0.0] [0.0, 1.0, 0.0] [0.0, 0.0, 1.0] [1381.4, 308.8, 2258.25]]
				props {
					speed:r = 30
					moveType:t = "MOVETO_STRAIGHT"
					tas:b = false
					shouldKeepFormation:b = false
					canUsePathFinder:b = false
				}
			}
			t2_road_02_wp_01 {
				type:t = "normal"
				tm:m = [[1.0, 0.0, 0.0] [0.0, 1.0, 0.0] [0.0, 0.0, 1.0] [311.45, 350.05, 1180.4]]
				props {
					speed:r = 30
					moveType:t = "USE_SPLINES"
					tas:b = false
					shouldKeepFormation:b = false
					canUsePathFinder:b = false
				}
			}
			t2_road_02_wp_02 {
				type:t = "normal"
				tm:m = [[1.0, 0.0, 0.0] [0.0, 1.0, 0.0] [0.0, 0.0, 1.0] [195.0, 336.25, -747.75]]
				props {
					speed:r = 30
					moveType:t = "USE_SPLINES"
					tas:b = false
					shouldKeepFormation:b = false
					canUsePathFinder:b = false
				}
			}
			t2_road_02_wp_03 {
				type:t = "normal"
				tm:m = [[1.0, 0.0, 0.0] [0.0, 1.0, 0.0] [0.0, 0.0, 1.0] [729.9, 341.05, -1087.2]]
				props {
					speed:r = 30
					moveType:t = "USE_SPLINES"
					tas:b = false
					shouldKeepFormation:b = false
					canUsePathFinder:b = false
				}
			}
			t2_road_02_wp_04 {
				type:t = "normal"
				tm:m = [[1.0, 0.0, 0.0] [0.0, 1.0, 0.0] [0.0, 0.0, 1.0] [-519.95, 247.734, -3225.6]]
				props {
					speed:r = 30
					moveType:t = "USE_SPLINES"
					tas:b = false
					shouldKeepFormation:b = false
					canUsePathFinder:b = false
				}
			}
			t2_road_02_wp_05 {
				type:t = "normal"
				tm:m = [[1.0, 0.0, 0.0] [0.0, 1.0, 0.0] [0.0, 0.0, 1.0] [-1005.4, 241.15, -3841.65]]
				props {
					speed:r = 30
					moveType:t = "USE_SPLINES"
					tas:b = false
					shouldKeepFormation:b = false
					canUsePathFinder:b = false
				}
			}
			t2_road_02_wp_06 {
				type:t = "normal"
				tm:m = [[1.0, 0.0, 0.0] [0.0, 1.0, 0.0] [0.0, 0.0, 1.0] [-1484.0, 244.0, -4520.55]]
				props {
					speed:r = 30
					moveType:t = "USE_SPLINES"
				}
			}
			t2_road_02_wp_08 {
				type:t = "normal"
				tm:m = [[1.0, 0.0, 0.0] [0.0, 1.0, 0.0] [0.0, 0.0, 1.0] [-1289.55, 277.8, -5290.4]]
				props {
					speed:r = 30
					moveType:t = "USE_SPLINES"
				}
			}
			t2_road_02_wp_07 {
				type:t = "normal"
				tm:m = [[1.0, 0.0, 0.0] [0.0, 1.0, 0.0] [0.0, 0.0, 1.0] [-1459.9, 314.5, -5903.45]]
				props {
					speed:r = 30
					moveType:t = "MOVETO_STRAIGHT"
					tas:b = false
					canUsePathFinder:b = false
				}
			}
		}
	}
	t2_road_03 {
		closed_waypoints:b = false
		isShipSpline:b = false
		shipTurnRadius:r = 100
		way {
			way_points_01_wp_06 {
				type:t = "normal"
				tm:m = [[1.0, 0.0, 0.0] [0.0, 1.0, 0.0] [0.0, 0.0, 1.0] [8744.35, 266.15, -2092.25]]
				props {
					speed:r = 30
					moveType:t = "GATHER_TO"
				}
			}
			t2_road_03_wp_01 {
				type:t = "normal"
				tm:m = [[1.0, 0.0, 0.0] [0.0, 1.0, 0.0] [0.0, 0.0, 1.0] [7985.9, 247.2, -3980.0]]
				props {
					speed:r = 30
					moveType:t = "USE_SPLINES"
				}
			}
			t2_road_03_wp_02 {
				type:t = "normal"
				tm:m = [[1.0, 0.0, 0.0] [0.0, 1.0, 0.0] [0.0, 0.0, 1.0] [8499.35, 245.8, -5284.05]]
				props {
					speed:r = 30
					moveType:t = "USE_SPLINES"
				}
			}
			t2_road_03_wp_03 {
				type:t = "normal"
				tm:m = [[1.0, 0.0, 0.0] [0.0, 1.0, 0.0] [0.0, 0.0, 1.0] [6230.2, 298.55, -8908.45]]
				props {
					speed:r = 30
					moveType:t = "USE_SPLINES"
				}
			}
			t2_road_03_wp_04 {
				type:t = "normal"
				tm:m = [[1.0, 0.0, 0.0] [0.0, 1.0, 0.0] [0.0, 0.0, 1.0] [6376.75, 307.5, -9441.25]]
				props {
					speed:r = 30
					moveType:t = "USE_SPLINES"
				}
			}
			t2_road_03_wp_05 {
				type:t = "normal"
				tm:m = [[1.0, 0.0, 0.0] [0.0, 1.0, 0.0] [0.0, 0.0, 1.0] [6180.5, 310.7, -9563.5]]
				props {
					speed:r = 30
					moveType:t = "MOVETO_STRAIGHT"
				}
			}
		}
	}
}