selected_tag:t = ""
bin_dump_file:t = ""
mission_settings {
	player {
		army:i = 1
	}
	player_teamB {
		army:i = 2
	}
	mission {
		level:t = "levels/air_falklands.bin"
		type:t = "domination"
		environment:t = "Day"
		weather:t = "clear"
	}
}
imports {

}
triggers {
	isCategory:b = true
	is_enabled:b = true
	airfileds_high_init {
		is_enabled:b = true
		comments:t = ""
		props {
			actionsType:t = "PERFORM_ONE_BY_ONE"
			conditionsType:t = "ALL"
			enableAfterComplete:b = false
		}
		events {
			initMission {

			}
		}
		conditions {

		}
		actions {
			unitSetProperties {
				object:t = "t1_def_aaa_high_squad"
				object:t = "t2_def_aaa_high_squad"
				object_marking:i = 0
				object_var_name:t = ""
				object_var_comp_op:t = "equal"
				object_var_value:i = 0
				accuracy:r = 0.9
				checkVisibilityTarget:b = true
				effShootingRate:r = 1
				airEffShootingRate:r = 1
				useSearchRadar:b = true
				fireRandom:b = true
				targetChangeInterval:r = 5
				targetChangeProb:r = 0.25
			}
		}
		else_actions {

		}
	}
}
mission_objectives {
	isCategory:b = true
	is_enabled:b = true
}
variables {

}
dialogs {

}
airfields {

}
effects {

}
units {
	objectGroups {
		name:t = "t2_airfield_high"
		tm:m = [[-0.525527, 0.0, -0.850779] [0.0, 1.0, 0.0] [0.850779, 0.0, -0.525527] [-35508.7, 948.141, -25230.1]]
		unit_class:t = "dynaf_pg_1line_3000_green"
		objLayer:i = 2
		props {
			army:i = 2
			active:b = true
		}
	}
	objectGroups {
		name:t = "t1_airfield_high"
		tm:m = [[0.319908, 0.0, 0.947448] [0.0, 1.0, 0.0] [-0.947448, 0.0, 0.319908] [-15089.0, 1055.41, 27242.7]]
		unit_class:t = "dynaf_pg_1line_3000_green"
		objLayer:i = 2
		props {
			army:i = 1
			active:b = true
		}
	}
	objectGroups {
		name:t = "t2_airfield_high_reload"
		tm:m = [[-0.481981, 0.0, -0.876182] [0.0, 1.0, 0.0] [0.876182, 0.0, -0.481981] [-26883.7, 974.079, -17552.5]]
		unit_class:t = "dynaf_pg_1line_3000_green"
		objLayer:i = 2
		props {
			army:i = 2
			active:b = true
		}
	}
	objectGroups {
		name:t = "t1_airfield_high_reload"
		tm:m = [[0.412977, 0.0, 0.910741] [0.0, 1.0, 0.0] [-0.910741, 0.0, 0.412977] [-15766.9, 1055.26, 16965.6]]
		unit_class:t = "dynaf_pg_1line_3000_green"
		objLayer:i = 2
		props {
			army:i = 1
			active:b = true
		}
	}
	tankModels {
		name:t = "t2_aaa_high_light_01"
		tm:m = [[-0.65522, 0.0, 0.755434] [0.0, 1.0, 0.0] [-0.755434, 0.0, -0.65522] [-30912.4, 396.402, -40451.8]]
		unit_class:t = "sw_veak_40"
		objLayer:i = 1
		closed_waypoints:b = false
		isShipSpline:b = false
		shipTurnRadius:r = 100
		weapons:t = ""
		bullets0:t = "40mm_sw_kan_HE"
		bullets1:t = ""
		bullets2:t = ""
		bullets3:t = ""
		bulletsCount0:i = 0
		bulletsCount1:i = 0
		bulletsCount2:i = 0
		bulletsCount3:i = 0
		crewSkillK:r = 0
		applyAllMods:b = false
		props {
			army:i = 2
			count:i = 1
			formation_type:t = "rows"
			formation_div:i = 3
			formation_step:p2 = 2.5, 2
			formation_noise:p2 = 0.1, 0.1
			uniqueName:t = ""
			attack_type:t = "fire_at_will"
		}
		way {

		}
	}
	tankModels {
		name:t = "t2_aaa_high_heavy_01"
		tm:m = [[-0.65522, 0.0, 0.755434] [0.0, 1.0, 0.0] [-0.755434, 0.0, -0.65522] [-31406.2, 380.232, -41821.0]]
		unit_class:t = "fr_amx_30_roland"
		objLayer:i = 1
		closed_waypoints:b = false
		isShipSpline:b = false
		shipTurnRadius:r = 100
		weapons:t = ""
		bullets0:t = ""
		bullets1:t = ""
		bullets2:t = ""
		bullets3:t = ""
		bulletsCount0:i = 0
		bulletsCount1:i = 0
		bulletsCount2:i = 0
		bulletsCount3:i = 0
		crewSkillK:r = 0
		applyAllMods:b = false
		props {
			army:i = 2
			count:i = 1
			formation_type:t = "rows"
			formation_div:i = 3
			formation_step:p2 = 2.5, 2
			formation_noise:p2 = 0.1, 0.1
			uniqueName:t = ""
			attack_type:t = "fire_at_will"
		}
		way {

		}
	}
	tankModels {
		name:t = "t2_aaa_high_light_02"
		tm:m = [[0.687551, 0.0, -0.726135] [0.0, 1.0, 0.0] [0.726135, 0.0, 0.687551] [-31400.0, 394.222, -42051.0]]
		unit_class:t = "sw_veak_40"
		objLayer:i = 1
		closed_waypoints:b = false
		isShipSpline:b = false
		shipTurnRadius:r = 100
		weapons:t = ""
		bullets0:t = "40mm_sw_kan_HE"
		bullets1:t = ""
		bullets2:t = ""
		bullets3:t = ""
		bulletsCount0:i = 0
		bulletsCount1:i = 0
		bulletsCount2:i = 0
		bulletsCount3:i = 0
		crewSkillK:r = 0
		applyAllMods:b = false
		props {
			army:i = 2
			count:i = 1
			formation_type:t = "rows"
			formation_div:i = 3
			formation_step:p2 = 2.5, 2
			formation_noise:p2 = 0.1, 0.1
			uniqueName:t = ""
			attack_type:t = "fire_at_will"
		}
		way {

		}
	}
	tankModels {
		name:t = "t2_aaa_high_light_03"
		tm:m = [[-0.65522, 0.0, 0.755434] [0.0, 1.0, 0.0] [-0.755434, 0.0, -0.65522] [-29683.8, 398.063, -42057.5]]
		unit_class:t = "sw_veak_40"
		objLayer:i = 1
		closed_waypoints:b = false
		isShipSpline:b = false
		shipTurnRadius:r = 100
		weapons:t = ""
		bullets0:t = "40mm_sw_kan_HE"
		bullets1:t = ""
		bullets2:t = ""
		bullets3:t = ""
		bulletsCount0:i = 0
		bulletsCount1:i = 0
		bulletsCount2:i = 0
		bulletsCount3:i = 0
		crewSkillK:r = 0
		applyAllMods:b = false
		props {
			army:i = 2
			count:i = 1
			formation_type:t = "rows"
			formation_div:i = 3
			formation_step:p2 = 2.5, 2
			formation_noise:p2 = 0.1, 0.1
			uniqueName:t = ""
			attack_type:t = "fire_at_will"
		}
		way {

		}
	}
	tankModels {
		name:t = "t2_aaa_high_light_04"
		tm:m = [[0.803196, 0.0, -0.59571] [0.0, 1.0, 0.0] [0.59571, 0.0, 0.803196] [-30975.5, 397.642, -42608.6]]
		unit_class:t = "sw_veak_40"
		objLayer:i = 1
		closed_waypoints:b = false
		isShipSpline:b = false
		shipTurnRadius:r = 100
		weapons:t = ""
		bullets0:t = "40mm_sw_kan_HE"
		bullets1:t = ""
		bullets2:t = ""
		bullets3:t = ""
		bulletsCount0:i = 0
		bulletsCount1:i = 0
		bulletsCount2:i = 0
		bulletsCount3:i = 0
		crewSkillK:r = 0
		applyAllMods:b = false
		props {
			army:i = 2
			count:i = 1
			formation_type:t = "rows"
			formation_div:i = 3
			formation_step:p2 = 2.5, 2
			formation_noise:p2 = 0.1, 0.1
			uniqueName:t = ""
			attack_type:t = "fire_at_will"
		}
		way {

		}
	}
	tankModels {
		name:t = "t2_aaa_high_heavy_02"
		tm:m = [[0.687551, 0.0, -0.726135] [0.0, 1.0, 0.0] [0.726135, 0.0, 0.687551] [-30460.5, 398.412, -41259.1]]
		unit_class:t = "fr_amx_30_roland"
		objLayer:i = 1
		closed_waypoints:b = false
		isShipSpline:b = false
		shipTurnRadius:r = 100
		weapons:t = ""
		bullets0:t = ""
		bullets1:t = ""
		bullets2:t = ""
		bullets3:t = ""
		bulletsCount0:i = 0
		bulletsCount1:i = 0
		bulletsCount2:i = 0
		bulletsCount3:i = 0
		crewSkillK:r = 0
		applyAllMods:b = false
		props {
			army:i = 2
			count:i = 1
			formation_type:t = "rows"
			formation_div:i = 3
			formation_step:p2 = 2.5, 2
			formation_noise:p2 = 0.1, 0.1
			uniqueName:t = ""
			attack_type:t = "fire_at_will"
		}
		way {

		}
	}
	squad {
		name:t = "t2_def_aaa_high_squad"
		tm:m = [[-0.148503, 0.0, 0.988912] [0.0, 1.0, 0.0] [-0.988912, 0.0, -0.148503] [-792.688, 646.785, 42307.9]]
		props {
			squad_members:t = "t2_aaa_high_light_01"
			squad_members:t = "t2_aaa_high_light_02"
			squad_members:t = "t2_aaa_high_light_03"
			squad_members:t = "t2_aaa_high_light_04"
			squad_members:t = "t2_aaa_high_heavy_01"
			squad_members:t = "t2_aaa_high_heavy_02"
			object_marking:i = 0
		}
	}
	tankModels {
		name:t = "t1_aaa_high_light_01"
		tm:m = [[-0.887501, 0.0, -0.460805] [0.0, 1.0, 0.0] [0.460805, 0.0, -0.887501] [-5925.99, 670.102, 41747.2]]
		unit_class:t = "sw_veak_40"
		objLayer:i = 1
		closed_waypoints:b = false
		isShipSpline:b = false
		shipTurnRadius:r = 100
		weapons:t = ""
		bullets0:t = "40mm_sw_kan_HE"
		bullets1:t = ""
		bullets2:t = ""
		bullets3:t = ""
		bulletsCount0:i = 0
		bulletsCount1:i = 0
		bulletsCount2:i = 0
		bulletsCount3:i = 0
		crewSkillK:r = 0
		applyAllMods:b = false
		props {
			army:i = 1
			count:i = 1
			formation_type:t = "rows"
			formation_div:i = 3
			formation_step:p2 = 2.5, 2
			formation_noise:p2 = 0.1, 0.1
			uniqueName:t = ""
			attack_type:t = "fire_at_will"
		}
		way {

		}
	}
	tankModels {
		name:t = "t1_aaa_high_heavy_01"
		tm:m = [[-0.887501, 0.0, -0.460805] [0.0, 1.0, 0.0] [0.460805, 0.0, -0.887501] [-6350.19, 670.912, 42423.8]]
		unit_class:t = "fr_amx_30_roland"
		objLayer:i = 1
		closed_waypoints:b = false
		isShipSpline:b = false
		shipTurnRadius:r = 100
		weapons:t = ""
		bullets0:t = ""
		bullets1:t = ""
		bullets2:t = ""
		bullets3:t = ""
		bulletsCount0:i = 0
		bulletsCount1:i = 0
		bulletsCount2:i = 0
		bulletsCount3:i = 0
		crewSkillK:r = 0
		applyAllMods:b = false
		props {
			army:i = 1
			count:i = 1
			formation_type:t = "rows"
			formation_div:i = 3
			formation_step:p2 = 2.5, 2
			formation_noise:p2 = 0.1, 0.1
			uniqueName:t = ""
			attack_type:t = "fire_at_will"
		}
		way {

		}
	}
	tankModels {
		name:t = "t1_aaa_high_light_02"
		tm:m = [[0.906756, 0.0, 0.421653] [0.0, 1.0, 0.0] [-0.421653, 0.0, 0.906756] [-7166.29, 671.032, 42377.5]]
		unit_class:t = "sw_veak_40"
		objLayer:i = 1
		closed_waypoints:b = false
		isShipSpline:b = false
		shipTurnRadius:r = 100
		weapons:t = ""
		bullets0:t = "40mm_sw_kan_HE"
		bullets1:t = ""
		bullets2:t = ""
		bullets3:t = ""
		bulletsCount0:i = 0
		bulletsCount1:i = 0
		bulletsCount2:i = 0
		bulletsCount3:i = 0
		crewSkillK:r = 0
		applyAllMods:b = false
		props {
			army:i = 1
			count:i = 1
			formation_type:t = "rows"
			formation_div:i = 3
			formation_step:p2 = 2.5, 2
			formation_noise:p2 = 0.1, 0.1
			uniqueName:t = ""
			attack_type:t = "fire_at_will"
		}
		way {

		}
	}
	tankModels {
		name:t = "t1_aaa_high_light_03"
		tm:m = [[-0.887501, 0.0, -0.460805] [0.0, 1.0, 0.0] [0.460805, 0.0, -0.887501] [-6847.79, 670.242, 40574.9]]
		unit_class:t = "sw_veak_40"
		objLayer:i = 1
		closed_waypoints:b = false
		isShipSpline:b = false
		shipTurnRadius:r = 100
		weapons:t = ""
		bullets0:t = "40mm_sw_kan_HE"
		bullets1:t = ""
		bullets2:t = ""
		bullets3:t = ""
		bulletsCount0:i = 0
		bulletsCount1:i = 0
		bulletsCount2:i = 0
		bulletsCount3:i = 0
		crewSkillK:r = 0
		applyAllMods:b = false
		props {
			army:i = 1
			count:i = 1
			formation_type:t = "rows"
			formation_div:i = 3
			formation_step:p2 = 2.5, 2
			formation_noise:p2 = 0.1, 0.1
			uniqueName:t = ""
			attack_type:t = "fire_at_will"
		}
		way {

		}
	}
	tankModels {
		name:t = "t1_aaa_high_light_04"
		tm:m = [[0.866556, 0.0, 0.499081] [0.0, 1.0, 0.0] [-0.499081, 0.0, 0.866556] [-7835.39, 671.472, 42227.7]]
		unit_class:t = "sw_veak_40"
		objLayer:i = 1
		closed_waypoints:b = false
		isShipSpline:b = false
		shipTurnRadius:r = 100
		weapons:t = ""
		bullets0:t = "40mm_sw_kan_HE"
		bullets1:t = ""
		bullets2:t = ""
		bullets3:t = ""
		bulletsCount0:i = 0
		bulletsCount1:i = 0
		bulletsCount2:i = 0
		bulletsCount3:i = 0
		crewSkillK:r = 0
		applyAllMods:b = false
		props {
			army:i = 1
			count:i = 1
			formation_type:t = "rows"
			formation_div:i = 3
			formation_step:p2 = 2.5, 2
			formation_noise:p2 = 0.1, 0.1
			uniqueName:t = ""
			attack_type:t = "fire_at_will"
		}
		way {

		}
	}
	tankModels {
		name:t = "t1_aaa_high_heavy_02"
		tm:m = [[0.906756, 0.0, 0.421653] [0.0, 1.0, 0.0] [-0.421653, 0.0, 0.906756] [-6456.69, 669.482, 41081.3]]
		unit_class:t = "fr_amx_30_roland"
		objLayer:i = 1
		closed_waypoints:b = false
		isShipSpline:b = false
		shipTurnRadius:r = 100
		weapons:t = ""
		bullets0:t = ""
		bullets1:t = ""
		bullets2:t = ""
		bullets3:t = ""
		bulletsCount0:i = 0
		bulletsCount1:i = 0
		bulletsCount2:i = 0
		bulletsCount3:i = 0
		crewSkillK:r = 0
		applyAllMods:b = false
		props {
			army:i = 1
			count:i = 1
			formation_type:t = "rows"
			formation_div:i = 3
			formation_step:p2 = 2.5, 2
			formation_noise:p2 = 0.1, 0.1
			uniqueName:t = ""
			attack_type:t = "fire_at_will"
		}
		way {

		}
	}
	squad {
		name:t = "t1_def_aaa_high_squad"
		tm:m = [[-0.591575, 0.0, -0.80625] [0.0, 1.0, 0.0] [0.80625, 0.0, -0.591575] [12653.2, -104.65, 15504.0]]
		props {
			squad_members:t = "t1_aaa_high_light_01"
			squad_members:t = "t1_aaa_high_light_02"
			squad_members:t = "t1_aaa_high_light_03"
			squad_members:t = "t1_aaa_high_light_04"
			squad_members:t = "t1_aaa_high_heavy_01"
			squad_members:t = "t1_aaa_high_heavy_02"
			object_marking:i = 0
		}
	}
}
areas {
	t2_interceptor_area_high {
		type:t = "Sphere"
		tm:m = [[-5182.89, 0.0, 3022.86] [0.0, 6000.0, 0.0] [-3022.86, 0.0, -5182.89] [-35411.5, 3415.3, -25090.2]]
		props {

		}
	}
	t2_assault_high_spawn {
		type:t = "Sphere"
		tm:m = [[151.443, 0.0, 258.969] [0.0, 300.0, 0.0] [-258.969, 0.0, 151.443] [-31381.7, 2415.3, -18178.6]]
		props {

		}
	}
	t2_aaa_fighter_area_high {
		type:t = "Sphere"
		tm:m = [[-3455.27, 0.0, 2015.23] [0.0, 4000.0, 0.0] [-2015.23, 0.0, -3455.27] [-35411.4, 4415.3, -25090.2]]
		props {

		}
	}
	t2_assault_area_high {
		type:t = "Sphere"
		tm:m = [[-13821.0, 0.0, 8060.92] [0.0, 16000.0, 0.0] [-8060.92, 0.0, -13821.0] [-35411.4, 2415.3, -25090.2]]
		props {

		}
	}
	t2_interceptor_high_spawn {
		type:t = "Sphere"
		tm:m = [[162.302, 0.0, 252.306] [0.0, 300.0, 0.0] [-252.306, 0.0, 162.302] [-36913.0, 2415.3, -27665.4]]
		props {

		}
	}
	t2_aaa_fighter_high_spawn {
		type:t = "Sphere"
		tm:m = [[162.302, 0.0, 252.306] [0.0, 300.0, 0.0] [-252.306, 0.0, 162.302] [-36415.4, 3415.3, -26811.9]]
		props {

		}
	}
	t2_far_bomber_high_spawn {
		type:t = "Sphere"
		tm:m = [[162.302, 0.0, 252.306] [0.0, 300.0, 0.0] [-252.306, 0.0, 162.302] [-34404.3, 5915.28, -23363.5]]
		props {

		}
	}
	t2_main_bomber_high_spawn {
		type:t = "Sphere"
		tm:m = [[162.302, 0.0, 252.306] [0.0, 300.0, 0.0] [-252.306, 0.0, 162.302] [-34151.9, 4915.3, -22930.9]]
		props {

		}
	}
	t2_far_bomber_area_high {
		type:t = "Sphere"
		tm:m = [[-3455.27, 0.0, 2015.23] [0.0, 4000.0, 0.0] [-2015.23, 0.0, -3455.27] [-35411.4, 5915.3, -25090.2]]
		props {

		}
	}
	t2_main_bomber_area_high {
		type:t = "Sphere"
		tm:m = [[-4319.07, 0.0, 2519.04] [0.0, 5000.0, 0.0] [-2519.04, 0.0, -4319.07] [-35411.5, 4915.3, -25090.3]]
		props {

		}
	}
	t1_interceptor_area_high {
		type:t = "Sphere"
		tm:m = [[5781.46, 0.0, -1604.64] [0.0, 6000.0, 0.0] [1604.64, 0.0, 5781.46] [-16923.8, 3515.03, 27663.7]]
		props {

		}
	}
	t1_assault_high_spawn {
		type:t = "Sphere"
		tm:m = [[-78.952, 0.0, -289.422] [0.0, 300.0, 0.0] [289.422, 0.0, -78.952] [-16620.3, 2515.03, 19926.6]]
		props {

		}
	}
	t1_aaa_fighter_area_high {
		type:t = "Sphere"
		tm:m = [[3854.32, 0.0, -1069.75] [0.0, 4000.0, 0.0] [1069.75, 0.0, 3854.32] [-15057.5, 4515.03, 26611.0]]
		props {

		}
	}
	t1_assault_area_high {
		type:t = "Sphere"
		tm:m = [[15417.1, 0.0, -4278.93] [0.0, 16000.0, 0.0] [4278.93, 0.0, 15417.1] [-14502.1, 2515.03, 27607.8]]
		props {

		}
	}
	t1_interceptor_high_spawn {
		type:t = "Sphere"
		tm:m = [[-92.7634, 0.0, -285.296] [0.0, 300.0, 0.0] [285.296, 0.0, -92.7634] [-13214.3, 3016.27, 28464.6]]
		props {

		}
	}
	t1_aaa_fighter_high_spawn {
		type:t = "Sphere"
		tm:m = [[-92.7634, 0.0, -285.296] [0.0, 300.0, 0.0] [285.296, 0.0, -92.7634] [-13478.4, 3515.03, 27512.9]]
		props {

		}
	}
	t1_far_bomber_high_spawn {
		type:t = "Sphere"
		tm:m = [[-92.7634, 0.0, -285.296] [0.0, 300.0, 0.0] [285.296, 0.0, -92.7634] [-15751.3, 6015.03, 24722.9]]
		props {

		}
	}
	t1_main_bomber_high_spawn {
		type:t = "Sphere"
		tm:m = [[-92.7634, 0.0, -285.296] [0.0, 300.0, 0.0] [285.296, 0.0, -92.7634] [-16584.2, 5015.03, 24854.3]]
		props {

		}
	}
	t1_far_bomber_area_high {
		type:t = "Sphere"
		tm:m = [[3854.32, 0.0, -1069.75] [0.0, 4000.0, 0.0] [1069.75, 0.0, 3854.32] [-15000.9, 6015.03, 26516.9]]
		props {

		}
	}
	t1_main_bomber_area_high {
		type:t = "Sphere"
		tm:m = [[4817.85, 0.0, -1337.18] [0.0, 5000.0, 0.0] [1337.18, 0.0, 4817.85] [-14680.0, 5015.03, 27391.7]]
		props {

		}
	}
	airfields_area_26km {
		type:t = "Sphere"
		tm:m = [[51344.0, 0.0, -8233.17] [0.0, 52000.0, 0.0] [8233.17, 0.0, 51344.0] [-22669.2, 1262.8, 69.5]]
		objLayer:i = 3
		props {

		}
	}
	t1_common_fighters_high_spawn {
		type:t = "Sphere"
		tm:m = [[-92.7634, 0.0, -285.296] [0.0, 300.0, 0.0] [285.296, 0.0, -92.7634] [-13214.3, 2516.28, 28464.6]]
		props {

		}
	}
	t2_common_fighters_high_spawn {
		type:t = "Sphere"
		tm:m = [[162.302, 0.0, 252.306] [0.0, 300.0, 0.0] [-252.306, 0.0, 162.302] [-36913.0, 1915.3, -27665.4]]
		props {

		}
	}
	t1_assault_additional_high_spawns_area {
		type:t = "Sphere"
		tm:m = [[15415.6, 0.0, -4284.39] [0.0, 16000.0, 0.0] [4284.39, 0.0, 15415.6] [-16623.0, 2515.03, 19920.9]]
		props {

		}
	}
	t1_assault_high_spawn_01 {
		type:t = "Sphere"
		tm:m = [[-78.952, 0.0, -289.422] [0.0, 300.0, 0.0] [289.422, 0.0, -78.952] [-8916.78, 2515.03, 17778.7]]
		props {

		}
	}
	t1_assault_high_spawn_02 {
		type:t = "Sphere"
		tm:m = [[-78.952, 0.0, -289.422] [0.0, 300.0, 0.0] [289.422, 0.0, -78.952] [-24330.5, 2515.03, 22062.2]]
		props {

		}
	}
	t2_assault_additional_high_spawns_area {
		type:t = "Sphere"
		tm:m = [[-13823.9, 0.0, 8056.03] [0.0, 16000.0, 0.0] [-8056.03, 0.0, -13823.9] [-31398.9, 2415.3, -18217.8]]
		props {

		}
	}
	t2_assault_high_spawn_01 {
		type:t = "Sphere"
		tm:m = [[151.443, 0.0, 258.969] [0.0, 300.0, 0.0] [-258.969, 0.0, 151.443] [-38285.7, 2415.3, -14141.0]]
		props {

		}
	}
	t2_assault_high_spawn_02 {
		type:t = "Sphere"
		tm:m = [[151.443, 0.0, 258.969] [0.0, 300.0, 0.0] [-258.969, 0.0, 151.443] [-24475.6, 2415.3, -22217.2]]
		props {

		}
	}
	t2_air_spawn_bomber_high {
		type:t = "Box"
		tm:m = [[80.434, 0.0, 59.417] [0.0, 100.0, 0.0] [-594.17, 0.0, 804.34] [-39202.0, 1950.27, -27586.3]]
		props {

		}
	}
	t2_air_spawn_high {
		type:t = "Box"
		tm:m = [[80.434, 0.0, 59.417] [0.0, 100.0, 0.0] [-594.17, 0.0, 804.34] [-38379.0, 877.062, -26918.7]]
		props {

		}
	}
	t1_air_spawn_bomber_high {
		type:t = "Box"
		tm:m = [[-54.3252, 0.0, -83.957] [0.0, 100.0, 0.0] [839.57, 0.0, -543.252] [-13458.3, 1969.6, 31897.8]]
		props {

		}
	}
	t1_air_spawn_high {
		type:t = "Box"
		tm:m = [[-54.3252, 0.0, -83.957] [0.0, 100.0, 0.0] [839.57, 0.0, -543.252] [-14109.1, 969.598, 31007.4]]
		props {

		}
	}
	airfields_reload_area_16km {
		type:t = "Sphere"
		tm:m = [[31596.4, 0.0, -5066.59] [0.0, 32000.0, 0.0] [5066.59, 0.0, 31596.4] [-22669.2, 1262.8, 69.5]]
		objLayer:i = 3
		props {

		}
	}
}
objLayers {
	layer {
		enabled:b = true
	}
	layer {
		enabled:b = true
	}
	layer {
		enabled:b = true
	}
	layer {
		enabled:b = true
	}
	layer {
		enabled:b = true
	}
}
wayPoints {

}