selected_tag:t = ""
bin_dump_file:t = ""
mission_settings {
	player {
		army:i = 1
	}
	player_teamB {
		army:i = 2
	}
	mission {
		level:t = "levels/avg_guadalcanal.bin"
		type:t = "domination"
		environment:t = "Day"
		weather:t = "hazy"
	}
	atmosphere {
		pressure:r = 760
		temperature:r = 30
	}
}
imports {
	import_record {
		file:t = "gameData/missions/cta/tanks/rheinland/mainareas/template_rheinland_defence_spawn.blk"
		importAreas:b = true
		importUnits:b = true
		importTriggers:b = true
		importMissionObjectives:b = true
		importWayPoints:b = true
		showAreas:b = true
		showUnits:b = true
		showTriggers:b = true
		showMissionObjectives:b = true
		showWayPoints:b = true
		excludes {

		}
	}
}
triggers {
	isCategory:b = true
	is_enabled:b = true
}
mission_objectives {
	isCategory:b = true
	is_enabled:b = true
}
variables {

}
dialogs {

}
airfields {

}
effects {

}
units {
	tankModels {
		name:t = "ai_target_unit_01"
		tm:m = [[-0.0906057, 0.0, -0.995887] [0.0, 1.0, 0.0] [0.995887, 0.0, -0.0906057] [3495.65, 9.85, 2351.2]]
		unit_class:t = "germ_stug_III_ausf_G"
		objLayer:i = 1
		closed_waypoints:b = false
		isShipSpline:b = false
		shipTurnRadius:r = 100
		weapons:t = ""
		bullets0:t = ""
		bullets1:t = ""
		bullets2:t = ""
		bullets3:t = ""
		bulletsCount0:i = 0
		bulletsCount1:i = 0
		bulletsCount2:i = 0
		bulletsCount3:i = 0
		crewSkillK:r = 0
		applyAllMods:b = false
		props {
			army:i = 2
			count:i = 1
			formation_type:t = "rows"
			formation_div:i = 3
			formation_step:p2 = 2.5, 2
			formation_noise:p2 = 0.1, 0.1
			uniqueName:t = ""
			attack_type:t = "fire_at_will"
			unitReplacementType:t = "groundTarget"
		}
		way {

		}
	}
	tankModels {
		name:t = "ai_target_unit_02"
		tm:m = [[-0.0730136, 0.0, -0.997328] [0.0, 1.0, 0.0] [0.997328, 0.0, -0.0730136] [3596.9, 9.85, 2302.3]]
		unit_class:t = "germ_stug_III_ausf_G"
		objLayer:i = 1
		closed_waypoints:b = false
		isShipSpline:b = false
		shipTurnRadius:r = 100
		weapons:t = ""
		bullets0:t = ""
		bullets1:t = ""
		bullets2:t = ""
		bullets3:t = ""
		bulletsCount0:i = 0
		bulletsCount1:i = 0
		bulletsCount2:i = 0
		bulletsCount3:i = 0
		crewSkillK:r = 0
		applyAllMods:b = false
		props {
			army:i = 2
			count:i = 1
			formation_type:t = "rows"
			formation_div:i = 3
			formation_step:p2 = 2.5, 2
			formation_noise:p2 = 0.1, 0.1
			uniqueName:t = ""
			attack_type:t = "fire_at_will"
			unitReplacementType:t = "groundTarget"
		}
		way {

		}
	}
	tankModels {
		name:t = "ai_target_unit_03"
		tm:m = [[-0.202248, 0.0, -0.979334] [0.0, 1.0, 0.0] [0.979334, 0.0, -0.202248] [3635.1, 9.85, 2270.65]]
		unit_class:t = "germ_stug_III_ausf_G"
		objLayer:i = 1
		closed_waypoints:b = false
		isShipSpline:b = false
		shipTurnRadius:r = 100
		weapons:t = ""
		bullets0:t = ""
		bullets1:t = ""
		bullets2:t = ""
		bullets3:t = ""
		bulletsCount0:i = 0
		bulletsCount1:i = 0
		bulletsCount2:i = 0
		bulletsCount3:i = 0
		crewSkillK:r = 0
		applyAllMods:b = false
		props {
			army:i = 2
			count:i = 1
			formation_type:t = "rows"
			formation_div:i = 3
			formation_step:p2 = 2.5, 2
			formation_noise:p2 = 0.1, 0.1
			uniqueName:t = ""
			attack_type:t = "fire_at_will"
			unitReplacementType:t = "groundTarget"
		}
		way {

		}
	}
	tankModels {
		name:t = "ai_target_unit_04"
		tm:m = [[-0.290882, 0.0, -0.956758] [0.0, 1.0, 0.0] [0.956758, 0.0, -0.290882] [3546.0, 9.85, 2332.95]]
		unit_class:t = "germ_stug_III_ausf_G"
		objLayer:i = 1
		closed_waypoints:b = false
		isShipSpline:b = false
		shipTurnRadius:r = 100
		weapons:t = ""
		bullets0:t = ""
		bullets1:t = ""
		bullets2:t = ""
		bullets3:t = ""
		bulletsCount0:i = 0
		bulletsCount1:i = 0
		bulletsCount2:i = 0
		bulletsCount3:i = 0
		crewSkillK:r = 0
		applyAllMods:b = false
		props {
			army:i = 2
			count:i = 1
			formation_type:t = "rows"
			formation_div:i = 3
			formation_step:p2 = 2.5, 2
			formation_noise:p2 = 0.1, 0.1
			uniqueName:t = ""
			attack_type:t = "fire_at_will"
			unitReplacementType:t = "groundTarget"
		}
		way {

		}
	}
	tankModels {
		name:t = "ai_target_unit_05"
		tm:m = [[-0.329914, 0.0, -0.94401] [0.0, 1.0, 0.0] [0.94401, 0.0, -0.329914] [3604.14, 9.85001, 2218.95]]
		unit_class:t = "germ_stug_III_ausf_G"
		objLayer:i = 1
		closed_waypoints:b = false
		isShipSpline:b = false
		shipTurnRadius:r = 100
		weapons:t = ""
		bullets0:t = ""
		bullets1:t = ""
		bullets2:t = ""
		bullets3:t = ""
		bulletsCount0:i = 0
		bulletsCount1:i = 0
		bulletsCount2:i = 0
		bulletsCount3:i = 0
		crewSkillK:r = 0
		applyAllMods:b = false
		props {
			army:i = 2
			count:i = 1
			formation_type:t = "rows"
			formation_div:i = 3
			formation_step:p2 = 2.5, 2
			formation_noise:p2 = 0.1, 0.1
			uniqueName:t = ""
			attack_type:t = "fire_at_will"
			unitReplacementType:t = "groundTarget"
		}
		way {

		}
	}
	tankModels {
		name:t = "ai_target_unit_06"
		tm:m = [[-0.212734, 0.0, -0.977111] [0.0, 1.0, 0.0] [0.977111, 0.0, -0.212734] [3486.45, 9.85, 2236.0]]
		unit_class:t = "germ_stug_III_ausf_G"
		objLayer:i = 1
		closed_waypoints:b = false
		isShipSpline:b = false
		shipTurnRadius:r = 100
		weapons:t = ""
		bullets0:t = ""
		bullets1:t = ""
		bullets2:t = ""
		bullets3:t = ""
		bulletsCount0:i = 0
		bulletsCount1:i = 0
		bulletsCount2:i = 0
		bulletsCount3:i = 0
		crewSkillK:r = 0
		applyAllMods:b = false
		props {
			army:i = 2
			count:i = 1
			formation_type:t = "rows"
			formation_div:i = 3
			formation_step:p2 = 2.5, 2
			formation_noise:p2 = 0.1, 0.1
			uniqueName:t = ""
			attack_type:t = "fire_at_will"
			unitReplacementType:t = "groundTarget"
		}
		way {

		}
	}
	tankModels {
		name:t = "ai_target_unit_07"
		tm:m = [[-0.15726, 0.0, -0.987556] [0.0, 1.0, 0.0] [0.987556, 0.0, -0.15726] [3419.65, 9.85, 2271.2]]
		unit_class:t = "germ_stug_III_ausf_G"
		objLayer:i = 1
		closed_waypoints:b = false
		isShipSpline:b = false
		shipTurnRadius:r = 100
		weapons:t = ""
		bullets0:t = ""
		bullets1:t = ""
		bullets2:t = ""
		bullets3:t = ""
		bulletsCount0:i = 0
		bulletsCount1:i = 0
		bulletsCount2:i = 0
		bulletsCount3:i = 0
		crewSkillK:r = 0
		applyAllMods:b = false
		props {
			army:i = 2
			count:i = 1
			formation_type:t = "rows"
			formation_div:i = 3
			formation_step:p2 = 2.5, 2
			formation_noise:p2 = 0.1, 0.1
			uniqueName:t = ""
			attack_type:t = "fire_at_will"
			unitReplacementType:t = "groundTarget"
		}
		way {

		}
	}
	tankModels {
		name:t = "ai_target_unit_08"
		tm:m = [[-0.029174, 0.0, -0.999572] [0.0, 1.0, 0.0] [0.999572, 0.0, -0.029174] [3521.06, 9.82618, 2187.34]]
		unit_class:t = "germ_stug_III_ausf_G"
		objLayer:i = 1
		closed_waypoints:b = false
		isShipSpline:b = false
		shipTurnRadius:r = 100
		weapons:t = ""
		bullets0:t = ""
		bullets1:t = ""
		bullets2:t = ""
		bullets3:t = ""
		bulletsCount0:i = 0
		bulletsCount1:i = 0
		bulletsCount2:i = 0
		bulletsCount3:i = 0
		crewSkillK:r = 0
		applyAllMods:b = false
		props {
			army:i = 2
			count:i = 1
			formation_type:t = "rows"
			formation_div:i = 3
			formation_step:p2 = 2.5, 2
			formation_noise:p2 = 0.1, 0.1
			uniqueName:t = ""
			attack_type:t = "fire_at_will"
			unitReplacementType:t = "groundTarget"
		}
		way {

		}
	}
	tankModels {
		name:t = "ai_target_unit_09"
		tm:m = [[-0.209148, 0.0, -0.977884] [0.0, 1.0, 0.0] [0.977884, 0.0, -0.209148] [3353.15, 9.85, 2225.6]]
		unit_class:t = "germ_stug_III_ausf_G"
		objLayer:i = 1
		closed_waypoints:b = false
		isShipSpline:b = false
		shipTurnRadius:r = 100
		weapons:t = ""
		bullets0:t = ""
		bullets1:t = ""
		bullets2:t = ""
		bullets3:t = ""
		bulletsCount0:i = 0
		bulletsCount1:i = 0
		bulletsCount2:i = 0
		bulletsCount3:i = 0
		crewSkillK:r = 0
		applyAllMods:b = false
		props {
			army:i = 2
			count:i = 1
			formation_type:t = "rows"
			formation_div:i = 3
			formation_step:p2 = 2.5, 2
			formation_noise:p2 = 0.1, 0.1
			uniqueName:t = ""
			attack_type:t = "fire_at_will"
			unitReplacementType:t = "groundTarget"
		}
		way {

		}
	}
	tankModels {
		name:t = "ai_target_unit_10"
		tm:m = [[0.142191, 0.0, -0.989839] [0.0, 1.0, 0.0] [0.989839, 0.0, 0.142191] [3455.05, 9.85, 2317.9]]
		unit_class:t = "germ_stug_III_ausf_G"
		objLayer:i = 1
		closed_waypoints:b = false
		isShipSpline:b = false
		shipTurnRadius:r = 100
		weapons:t = ""
		bullets0:t = ""
		bullets1:t = ""
		bullets2:t = ""
		bullets3:t = ""
		bulletsCount0:i = 0
		bulletsCount1:i = 0
		bulletsCount2:i = 0
		bulletsCount3:i = 0
		crewSkillK:r = 0
		applyAllMods:b = false
		props {
			army:i = 2
			count:i = 1
			formation_type:t = "rows"
			formation_div:i = 3
			formation_step:p2 = 2.5, 2
			formation_noise:p2 = 0.1, 0.1
			uniqueName:t = ""
			attack_type:t = "fire_at_will"
			unitReplacementType:t = "groundTarget"
		}
		way {

		}
	}
	tankModels {
		name:t = "ai_target_unit_11"
		tm:m = [[0.261709, 0.0, -0.965144] [0.0, 1.0, 0.0] [0.965144, 0.0, 0.261709] [3356.65, 9.8, 2297.8]]
		unit_class:t = "germ_stug_III_ausf_G"
		objLayer:i = 1
		closed_waypoints:b = false
		isShipSpline:b = false
		shipTurnRadius:r = 100
		weapons:t = ""
		bullets0:t = ""
		bullets1:t = ""
		bullets2:t = ""
		bullets3:t = ""
		bulletsCount0:i = 0
		bulletsCount1:i = 0
		bulletsCount2:i = 0
		bulletsCount3:i = 0
		crewSkillK:r = 0
		applyAllMods:b = false
		props {
			army:i = 2
			count:i = 1
			formation_type:t = "rows"
			formation_div:i = 3
			formation_step:p2 = 2.5, 2
			formation_noise:p2 = 0.1, 0.1
			uniqueName:t = ""
			attack_type:t = "fire_at_will"
			unitReplacementType:t = "groundTarget"
		}
		way {

		}
	}
	tankModels {
		name:t = "ai_target_unit_12"
		tm:m = [[0.0765264, 0.0, -0.997066] [0.0, 1.0, 0.0] [0.997066, 0.0, 0.0765264] [3230.21, 9.79998, 2189.41]]
		unit_class:t = "germ_stug_III_ausf_G"
		objLayer:i = 1
		closed_waypoints:b = false
		isShipSpline:b = false
		shipTurnRadius:r = 100
		weapons:t = ""
		bullets0:t = ""
		bullets1:t = ""
		bullets2:t = ""
		bullets3:t = ""
		bulletsCount0:i = 0
		bulletsCount1:i = 0
		bulletsCount2:i = 0
		bulletsCount3:i = 0
		crewSkillK:r = 0
		applyAllMods:b = false
		props {
			army:i = 2
			count:i = 1
			formation_type:t = "rows"
			formation_div:i = 3
			formation_step:p2 = 2.5, 2
			formation_noise:p2 = 0.1, 0.1
			uniqueName:t = ""
			attack_type:t = "fire_at_will"
			unitReplacementType:t = "groundTarget"
		}
		way {

		}
	}
	tankModels {
		name:t = "ai_target_unit_13"
		tm:m = [[0.020543, 0.0, -0.999788] [0.0, 1.0, 0.0] [0.999788, 0.0, 0.020543] [3381.64, 9.85001, 2189.2]]
		unit_class:t = "germ_stug_III_ausf_G"
		objLayer:i = 1
		closed_waypoints:b = false
		isShipSpline:b = false
		shipTurnRadius:r = 100
		weapons:t = ""
		bullets0:t = ""
		bullets1:t = ""
		bullets2:t = ""
		bullets3:t = ""
		bulletsCount0:i = 0
		bulletsCount1:i = 0
		bulletsCount2:i = 0
		bulletsCount3:i = 0
		crewSkillK:r = 0
		applyAllMods:b = false
		props {
			army:i = 2
			count:i = 1
			formation_type:t = "rows"
			formation_div:i = 3
			formation_step:p2 = 2.5, 2
			formation_noise:p2 = 0.1, 0.1
			uniqueName:t = ""
			attack_type:t = "fire_at_will"
			unitReplacementType:t = "groundTarget"
		}
		way {

		}
	}
	tankModels {
		name:t = "ai_target_unit_14"
		tm:m = [[0.0789998, 0.0, -0.996874] [0.0, 1.0, 0.0] [0.996874, 0.0, 0.0789998] [3352.37, 9.85001, 2170.04]]
		unit_class:t = "germ_stug_III_ausf_G"
		objLayer:i = 1
		closed_waypoints:b = false
		isShipSpline:b = false
		shipTurnRadius:r = 100
		weapons:t = ""
		bullets0:t = ""
		bullets1:t = ""
		bullets2:t = ""
		bullets3:t = ""
		bulletsCount0:i = 0
		bulletsCount1:i = 0
		bulletsCount2:i = 0
		bulletsCount3:i = 0
		crewSkillK:r = 0
		applyAllMods:b = false
		props {
			army:i = 2
			count:i = 1
			formation_type:t = "rows"
			formation_div:i = 3
			formation_step:p2 = 2.5, 2
			formation_noise:p2 = 0.1, 0.1
			uniqueName:t = ""
			attack_type:t = "fire_at_will"
			unitReplacementType:t = "groundTarget"
		}
		way {

		}
	}
	tankModels {
		name:t = "ai_target_unit_15"
		tm:m = [[-0.065022, 0.0, -0.997883] [0.0, 1.0, 0.0] [0.997883, 0.0, -0.065022] [3292.18, 9.85, 2193.96]]
		unit_class:t = "germ_stug_III_ausf_G"
		objLayer:i = 1
		closed_waypoints:b = false
		isShipSpline:b = false
		shipTurnRadius:r = 100
		weapons:t = ""
		bullets0:t = ""
		bullets1:t = ""
		bullets2:t = ""
		bullets3:t = ""
		bulletsCount0:i = 0
		bulletsCount1:i = 0
		bulletsCount2:i = 0
		bulletsCount3:i = 0
		crewSkillK:r = 0
		applyAllMods:b = false
		props {
			army:i = 2
			count:i = 1
			formation_type:t = "rows"
			formation_div:i = 3
			formation_step:p2 = 2.5, 2
			formation_noise:p2 = 0.1, 0.1
			uniqueName:t = ""
			attack_type:t = "fire_at_will"
			unitReplacementType:t = "groundTarget"
		}
		way {

		}
	}
	tankModels {
		name:t = "ai_target_unit_16"
		tm:m = [[0.123147, 0.0, -0.992388] [0.0, 1.0, 0.0] [0.992388, 0.0, 0.123147] [3282.25, 9.8, 2238.63]]
		unit_class:t = "germ_stug_III_ausf_G"
		objLayer:i = 1
		closed_waypoints:b = false
		isShipSpline:b = false
		shipTurnRadius:r = 100
		weapons:t = ""
		bullets0:t = ""
		bullets1:t = ""
		bullets2:t = ""
		bullets3:t = ""
		bulletsCount0:i = 0
		bulletsCount1:i = 0
		bulletsCount2:i = 0
		bulletsCount3:i = 0
		crewSkillK:r = 0
		applyAllMods:b = false
		props {
			army:i = 2
			count:i = 1
			formation_type:t = "rows"
			formation_div:i = 3
			formation_step:p2 = 2.5, 2
			formation_noise:p2 = 0.1, 0.1
			uniqueName:t = ""
			attack_type:t = "fire_at_will"
			unitReplacementType:t = "groundTarget"
		}
		way {

		}
	}
	tankModels {
		name:t = "ai_target_unit_17"
		tm:m = [[0.0288566, 0.0, -0.999583] [0.0, 1.0, 0.0] [0.999583, 0.0, 0.0288566] [3229.92, 9.8, 2234.09]]
		unit_class:t = "germ_stug_III_ausf_G"
		objLayer:i = 1
		closed_waypoints:b = false
		isShipSpline:b = false
		shipTurnRadius:r = 100
		weapons:t = ""
		bullets0:t = ""
		bullets1:t = ""
		bullets2:t = ""
		bullets3:t = ""
		bulletsCount0:i = 0
		bulletsCount1:i = 0
		bulletsCount2:i = 0
		bulletsCount3:i = 0
		crewSkillK:r = 0
		applyAllMods:b = false
		props {
			army:i = 2
			count:i = 1
			formation_type:t = "rows"
			formation_div:i = 3
			formation_step:p2 = 2.5, 2
			formation_noise:p2 = 0.1, 0.1
			uniqueName:t = ""
			attack_type:t = "fire_at_will"
			unitReplacementType:t = "groundTarget"
		}
		way {

		}
	}
	tankModels {
		name:t = "ai_target_unit_18"
		tm:m = [[-0.110206, 0.0, -0.993909] [0.0, 1.0, 0.0] [0.993909, 0.0, -0.110206] [3514.15, 9.85, 2282.0]]
		unit_class:t = "germ_stug_III_ausf_G"
		objLayer:i = 1
		closed_waypoints:b = false
		isShipSpline:b = false
		shipTurnRadius:r = 100
		weapons:t = ""
		bullets0:t = ""
		bullets1:t = ""
		bullets2:t = ""
		bullets3:t = ""
		bulletsCount0:i = 0
		bulletsCount1:i = 0
		bulletsCount2:i = 0
		bulletsCount3:i = 0
		crewSkillK:r = 0
		applyAllMods:b = false
		props {
			army:i = 2
			count:i = 1
			formation_type:t = "rows"
			formation_div:i = 3
			formation_step:p2 = 2.5, 2
			formation_noise:p2 = 0.1, 0.1
			uniqueName:t = ""
			attack_type:t = "fire_at_will"
			unitReplacementType:t = "groundTarget"
		}
		way {

		}
	}
	tankModels {
		name:t = "ai_target_unit_19"
		tm:m = [[-0.320361, 0.0, -0.947297] [0.0, 1.0, 0.0] [0.947297, 0.0, -0.320361] [3569.7, 9.85, 2185.8]]
		unit_class:t = "germ_stug_III_ausf_G"
		objLayer:i = 1
		closed_waypoints:b = false
		isShipSpline:b = false
		shipTurnRadius:r = 100
		weapons:t = ""
		bullets0:t = ""
		bullets1:t = ""
		bullets2:t = ""
		bullets3:t = ""
		bulletsCount0:i = 0
		bulletsCount1:i = 0
		bulletsCount2:i = 0
		bulletsCount3:i = 0
		crewSkillK:r = 0
		applyAllMods:b = false
		props {
			army:i = 2
			count:i = 1
			formation_type:t = "rows"
			formation_div:i = 3
			formation_step:p2 = 2.5, 2
			formation_noise:p2 = 0.1, 0.1
			uniqueName:t = ""
			attack_type:t = "fire_at_will"
			unitReplacementType:t = "groundTarget"
		}
		way {

		}
	}
	tankModels {
		name:t = "ai_target_unit_20"
		tm:m = [[-0.0950558, 0.0, -0.995472] [0.0, 1.0, 0.0] [0.995472, 0.0, -0.0950558] [3466.21, 9.85001, 2202.44]]
		unit_class:t = "germ_stug_III_ausf_G"
		objLayer:i = 1
		closed_waypoints:b = false
		isShipSpline:b = false
		shipTurnRadius:r = 100
		weapons:t = ""
		bullets0:t = ""
		bullets1:t = ""
		bullets2:t = ""
		bullets3:t = ""
		bulletsCount0:i = 0
		bulletsCount1:i = 0
		bulletsCount2:i = 0
		bulletsCount3:i = 0
		crewSkillK:r = 0
		applyAllMods:b = false
		props {
			army:i = 2
			count:i = 1
			formation_type:t = "rows"
			formation_div:i = 3
			formation_step:p2 = 2.5, 2
			formation_noise:p2 = 0.1, 0.1
			uniqueName:t = ""
			attack_type:t = "fire_at_will"
			unitReplacementType:t = "groundTarget"
		}
		way {

		}
	}
	squad {
		name:t = "ai_target_unit_squad"
		tm:m = [[1.0, 0.0, 0.0] [0.0, 1.0, 0.0] [0.0, 0.0, 1.0] [2818.07, 303.6, 2344.88]]
		props {
			squad_members:t = "ai_target_unit_01"
			squad_members:t = "ai_target_unit_02"
			squad_members:t = "ai_target_unit_03"
			squad_members:t = "ai_target_unit_04"
			squad_members:t = "ai_target_unit_05"
			squad_members:t = "ai_target_unit_06"
			squad_members:t = "ai_target_unit_07"
			squad_members:t = "ai_target_unit_08"
			squad_members:t = "ai_target_unit_09"
			squad_members:t = "ai_target_unit_10"
			squad_members:t = "ai_target_unit_11"
			squad_members:t = "ai_target_unit_12"
			squad_members:t = "ai_target_unit_13"
			squad_members:t = "ai_target_unit_14"
			squad_members:t = "ai_target_unit_15"
			squad_members:t = "ai_target_unit_16"
			squad_members:t = "ai_target_unit_17"
			squad_members:t = "ai_target_unit_18"
			squad_members:t = "ai_target_unit_19"
			squad_members:t = "ai_target_unit_20"
			object_marking:i = 0
		}
	}
}
areas {

}
objLayers {
	layer {
		enabled:b = true
	}
	layer {
		enabled:b = true
	}
	layer {
		enabled:b = true
	}
	layer {
		enabled:b = true
	}
	layer {
		enabled:b = true
	}
}
wayPoints {

}