selected_tag:t = ""
bin_dump_file:t = ""
mission_settings {
	player {
		army:i = 1
		wing:t = "lpt_armada"
	}
	player_teamB {
		army:i = 2
	}
	mission {
		level:t = "levels/water.bin"
		type:t = "singleMission"
		environment:t = "Day"
		weather:t = "hazy"
		restoreType:t = "attempts"
		optionalTakeOff:b = false
	}
	spectator_points {

	}
}
imports {
	import_record {
		file:t = "gameData/missions/templates/enduring_confrontation/lpt_lookup_template.blk"
		importAreas:b = true
		importUnits:b = true
		importTriggers:b = true
		importMissionObjectives:b = true
		importWayPoints:b = true
		showAreas:b = true
		showUnits:b = true
		showTriggers:b = true
		showMissionObjectives:b = true
		showWayPoints:b = true
		excludes {

		}
	}
	import_record {
		file:t = "gameData/missions/templates/units_sets/plane_sets_lookups/lpt_t1_usa_rank_01.blk"
		rankRange:ip2 = 0, 3
		importAreas:b = true
		importUnits:b = true
		importTriggers:b = true
		importMissionObjectives:b = true
		importWayPoints:b = true
		showAreas:b = true
		showUnits:b = true
		showTriggers:b = true
		showMissionObjectives:b = true
		showWayPoints:b = true
		excludes {

		}
	}
	import_record {
		file:t = "gameData/missions/templates/units_sets/plane_sets_lookups/lpt_t1_usa_rank_02.blk"
		rankRange:ip2 = 4, 7
		importAreas:b = true
		importUnits:b = true
		importTriggers:b = true
		importMissionObjectives:b = true
		importWayPoints:b = true
		showAreas:b = true
		showUnits:b = true
		showTriggers:b = true
		showMissionObjectives:b = true
		showWayPoints:b = true
		excludes {

		}
	}
	import_record {
		file:t = "gameData/missions/templates/units_sets/plane_sets_lookups/lpt_t1_usa_rank_03.blk"
		rankRange:ip2 = 8, 11
		importAreas:b = true
		importUnits:b = true
		importTriggers:b = true
		importMissionObjectives:b = true
		importWayPoints:b = true
		showAreas:b = true
		showUnits:b = true
		showTriggers:b = true
		showMissionObjectives:b = true
		showWayPoints:b = true
		excludes {

		}
	}
	import_record {
		file:t = "gameData/missions/templates/units_sets/plane_sets_lookups/lpt_t1_usa_rank_04.blk"
		rankRange:ip2 = 12, 16
		importAreas:b = true
		importUnits:b = true
		importTriggers:b = true
		importMissionObjectives:b = true
		importWayPoints:b = true
		showAreas:b = true
		showUnits:b = true
		showTriggers:b = true
		showMissionObjectives:b = true
		showWayPoints:b = true
		excludes {

		}
	}
	import_record {
		file:t = "gameData/missions/templates/units_sets/plane_sets_lookups/lpt_t1_usa_rank_05.blk"
		rankRange:ip2 = 17, 20
		importAreas:b = true
		importUnits:b = true
		importTriggers:b = true
		importMissionObjectives:b = true
		importWayPoints:b = true
		showAreas:b = true
		showUnits:b = true
		showTriggers:b = true
		showMissionObjectives:b = true
		showWayPoints:b = true
		excludes {

		}
	}
	import_record {
		file:t = "gameData/missions/templates/units_sets/plane_sets_lookups/lpt_t1_usa_rank_06.blk"
		rankRange:ip2 = 21, 25
		importAreas:b = true
		importUnits:b = true
		importTriggers:b = true
		importMissionObjectives:b = true
		importWayPoints:b = true
		showAreas:b = true
		showUnits:b = true
		showTriggers:b = true
		showMissionObjectives:b = true
		showWayPoints:b = true
		excludes {

		}
	}
	import_record {
		file:t = "gameData/missions/templates/units_sets/plane_sets_lookups/lpt_t1_usa_rank_07.blk"
		rankRange:ip2 = 26, 50
		importAreas:b = true
		importUnits:b = true
		importTriggers:b = true
		importMissionObjectives:b = true
		importWayPoints:b = true
		showAreas:b = true
		showUnits:b = true
		showTriggers:b = true
		showMissionObjectives:b = true
		showWayPoints:b = true
		excludes {

		}
	}
	import_record {
		file:t = "gameData/missions/templates/units_sets/plane_sets_lookups/lpt_t2_jpn_rank_01.blk"
		rankRange:ip2 = 0, 3
		importAreas:b = true
		importUnits:b = true
		importTriggers:b = true
		importMissionObjectives:b = true
		importWayPoints:b = true
		showAreas:b = true
		showUnits:b = true
		showTriggers:b = true
		showMissionObjectives:b = true
		showWayPoints:b = true
		excludes {

		}
	}
	import_record {
		file:t = "gameData/missions/templates/units_sets/plane_sets_lookups/lpt_t2_jpn_rank_02.blk"
		rankRange:ip2 = 4, 7
		importAreas:b = true
		importUnits:b = true
		importTriggers:b = true
		importMissionObjectives:b = true
		importWayPoints:b = true
		showAreas:b = true
		showUnits:b = true
		showTriggers:b = true
		showMissionObjectives:b = true
		showWayPoints:b = true
		excludes {

		}
	}
	import_record {
		file:t = "gameData/missions/templates/units_sets/plane_sets_lookups/lpt_t2_jpn_rank_03.blk"
		rankRange:ip2 = 8, 11
		importAreas:b = true
		importUnits:b = true
		importTriggers:b = true
		importMissionObjectives:b = true
		importWayPoints:b = true
		showAreas:b = true
		showUnits:b = true
		showTriggers:b = true
		showMissionObjectives:b = true
		showWayPoints:b = true
		excludes {

		}
	}
	import_record {
		file:t = "gameData/missions/templates/units_sets/plane_sets_lookups/lpt_t2_jpn_rank_04.blk"
		rankRange:ip2 = 12, 16
		importAreas:b = true
		importUnits:b = true
		importTriggers:b = true
		importMissionObjectives:b = true
		importWayPoints:b = true
		showAreas:b = true
		showUnits:b = true
		showTriggers:b = true
		showMissionObjectives:b = true
		showWayPoints:b = true
		excludes {

		}
	}
	import_record {
		file:t = "gameData/missions/templates/units_sets/plane_sets_lookups/lpt_t2_jpn_rank_05.blk"
		rankRange:ip2 = 17, 20
		importAreas:b = true
		importUnits:b = true
		importTriggers:b = true
		importMissionObjectives:b = true
		importWayPoints:b = true
		showAreas:b = true
		showUnits:b = true
		showTriggers:b = true
		showMissionObjectives:b = true
		showWayPoints:b = true
		excludes {

		}
	}
	import_record {
		file:t = "gameData/missions/templates/units_sets/plane_sets_lookups/lpt_t2_jpn_rank_06.blk"
		rankRange:ip2 = 21, 25
		importAreas:b = true
		importUnits:b = true
		importTriggers:b = true
		importMissionObjectives:b = true
		importWayPoints:b = true
		showAreas:b = true
		showUnits:b = true
		showTriggers:b = true
		showMissionObjectives:b = true
		showWayPoints:b = true
		excludes {

		}
	}
	import_record {
		file:t = "gameData/missions/templates/units_sets/plane_sets_lookups/lpt_t2_jpn_rank_07.blk"
		rankRange:ip2 = 26, 50
		importAreas:b = true
		importUnits:b = true
		importTriggers:b = true
		importMissionObjectives:b = true
		importWayPoints:b = true
		showAreas:b = true
		showUnits:b = true
		showTriggers:b = true
		showMissionObjectives:b = true
		showWayPoints:b = true
		excludes {

		}
	}
}
triggers {
	isCategory:b = true
	is_enabled:b = true
	lpt_part_init {
		is_enabled:b = true
		comments:t = ""
		props {
			actionsType:t = "PERFORM_ONE_BY_ONE"
			conditionsType:t = "ALL"
			enableAfterComplete:b = false
		}
		events {
			initMission {

			}
		}
		conditions {

		}
		actions {
			comment {
				value:t = "kolichestvo tochek +1"
			}
			varSetInt {
				value:i = 4
				var:t = "lpt_num_points"
			}
		}
		else_actions {

		}
	}
}
mission_objectives {
	isCategory:b = true
	is_enabled:b = true
}
variables {

}
dialogs {

}
airfields {

}
effects {

}
units {
	armada {
		name:t = "lpt_armada"
		tm:m = [[1.0, 0.0, 0.0] [0.0, 1.0, 0.0] [0.0, 0.0, 1.0] [290.9, 1482.6, 1986.15]]
		unit_class:t = "a6m3_zero"
		objLayer:i = 1
		closed_waypoints:b = false
		isShipSpline:b = false
		shipTurnRadius:r = 100
		weapons:t = ""
		bullets0:t = ""
		bullets1:t = ""
		bullets2:t = ""
		bullets3:t = ""
		bulletsCount0:i = 0
		bulletsCount1:i = 0
		bulletsCount2:i = 0
		bulletsCount3:i = 0
		crewSkillK:r = 0
		applyAllMods:b = false
		props {
			army:i = 2
			count:i = 1
			free_distance:r = 70
			floating_distance:r = 50
			minimum_distance_to_earth:r = 20
			altLimit:r = 6000
			attack_type:t = "fire_at_will"
			skill:i = 4
			plane {
				wing_formation:t = "Diamond"
				row_distances:r = 3
				col_distances:r = 3
				super_formation:t = "Diamond"
				super_row_distances:r = 1.5
				super_col_distances:r = 1.5
				ai_skill:t = "NORMAL"
				task:t = "FLY_WAYPOINT"
			}
		}
		way {

		}
	}
}
areas {
	t1_lookup_spawn_01 {
		type:t = "Point"
		tm:m = [[0.707106, 0.0, -0.707107] [0.0, 1.0, 0.0] [0.707107, 0.0, 0.707106] [-32526.9, 4500.0, 4242.64]]
		objLayer:i = 0
		props {

		}
	}
	t2_lookup_spawn_01 {
		type:t = "Point"
		tm:m = [[-0.707107, 0.0, 0.707107] [0.0, 1.0, 0.0] [-0.707107, 0.0, -0.707107] [21920.3, 4500.0, -14849.2]]
		objLayer:i = 0
		props {

		}
	}
	t1_lookup_retreat_point {
		type:t = "Point"
		tm:m = [[-6363.96, 0.0, 6363.96] [0.0, 9000.0, 0.0] [-6363.96, 0.0, -6363.96] [-21213.2, 4500.0, 21213.2]]
		objLayer:i = 0
		props {

		}
	}
	t2_lookup_retreat_point {
		type:t = "Point"
		tm:m = [[-6363.96, 0.0, 6363.96] [0.0, 9000.0, 0.0] [-6363.96, 0.0, -6363.96] [21213.2, 4500.0, -21213.2]]
		objLayer:i = 0
		props {

		}
	}
	t1_lookup_point_01 {
		type:t = "Point"
		tm:m = [[-0.707107, 0.0, 0.707107] [0.0, 1.0, 0.0] [-0.707107, 0.0, -0.707107] [21213.2, 3500.0, 0.0]]
		objLayer:i = 0
		props {

		}
	}
	t1_lookup_point_02 {
		type:t = "Point"
		tm:m = [[-0.707107, 0.0, 0.707107] [0.0, 1.0, 0.0] [-0.707107, 0.0, -0.707107] [7071.07, 3500.0, -7071.07]]
		objLayer:i = 0
		props {

		}
	}
	t1_lookup_point_03 {
		type:t = "Point"
		tm:m = [[-0.707107, 0.0, 0.707107] [0.0, 1.0, 0.0] [-0.707107, 0.0, -0.707107] [-7071.07, 3500.0, -14142.1]]
		objLayer:i = 0
		props {

		}
	}
	t2_lookup_point_01 {
		type:t = "Point"
		tm:m = [[-0.707107, 0.0, 0.707107] [0.0, 1.0, 0.0] [-0.707107, 0.0, -0.707107] [7071.07, 3500.0, 14142.1]]
		objLayer:i = 0
		props {

		}
	}
	t2_lookup_point_02 {
		type:t = "Point"
		tm:m = [[-0.707107, 0.0, 0.707107] [0.0, 1.0, 0.0] [-0.707107, 0.0, -0.707107] [-7071.07, 3500.0, 7071.07]]
		objLayer:i = 0
		props {

		}
	}
	t2_lookup_point_03 {
		type:t = "Point"
		tm:m = [[-0.707107, 0.0, 0.707107] [0.0, 1.0, 0.0] [-0.707107, 0.0, -0.707107] [-21213.2, 3500.0, 0.0]]
		objLayer:i = 0
		props {

		}
	}
	t1_lookup_spawn_02 {
		type:t = "Point"
		tm:m = [[0.707106, 0.0, -0.707107] [0.0, 1.0, 0.0] [0.707107, 0.0, 0.707106] [-14849.2, 4500.0, 21920.3]]
		objLayer:i = 0
		props {

		}
	}
	t1_lookup_spawn_03 {
		type:t = "Point"
		tm:m = [[0.707106, 0.0, -0.707107] [0.0, 1.0, 0.0] [0.707107, 0.0, 0.707106] [-4242.64, 4500.0, 32526.9]]
		objLayer:i = 0
		props {

		}
	}
	t2_lookup_spawn_02 {
		type:t = "Point"
		tm:m = [[-0.707107, 0.0, 0.707107] [0.0, 1.0, 0.0] [-0.707107, 0.0, -0.707107] [32526.9, 4500.0, -4242.64]]
		objLayer:i = 0
		props {

		}
	}
	t2_lookup_spawn_03 {
		type:t = "Point"
		tm:m = [[-0.707107, 0.0, 0.707107] [0.0, 1.0, 0.0] [-0.707107, 0.0, -0.707107] [4242.64, 4500.0, -32526.9]]
		objLayer:i = 0
		props {

		}
	}
	t1_lookup_spawn_04 {
		type:t = "Point"
		tm:m = [[0.707106, 0.0, -0.707107] [0.0, 1.0, 0.0] [0.707107, 0.0, 0.707106] [-21920.3, 4500.0, 14849.2]]
		objLayer:i = 0
		props {

		}
	}
	t2_lookup_spawn_04 {
		type:t = "Point"
		tm:m = [[-0.707107, 0.0, 0.707107] [0.0, 1.0, 0.0] [-0.707107, 0.0, -0.707107] [14849.2, 4500.0, -21920.3]]
		objLayer:i = 0
		props {

		}
	}
}
objLayers {
	layer {
		enabled:b = true
	}
	layer {
		enabled:b = true
	}
	layer {
		enabled:b = true
	}
	layer {
		enabled:b = true
	}
}
wayPoints {

}