selected_tag:t = ""
bin_dump_file:t = ""
mission_settings {
	player {
		army:i = 1
		wing:t = "t1_player01"
		wing:t = "t1_player02"
		wing:t = "t1_player03"
		wing:t = "t1_player04"
		wing:t = "t1_player05"
		wing:t = "t1_player06"
		wing:t = "t1_player07"
		wing:t = "t1_player08"
		wing:t = "t1_player09"
		wing:t = "t1_player10"
		wing:t = "t1_player11"
		wing:t = "t1_player12"
		wing:t = "t1_player13"
		wing:t = "t1_player14"
		wing:t = "t1_player15"
		wing:t = "t1_player16"
	}
	player_teamB {
		army:i = 2
		wing:t = "t2_player01"
		wing:t = "t2_player02"
		wing:t = "t2_player03"
		wing:t = "t2_player04"
		wing:t = "t2_player05"
		wing:t = "t2_player06"
		wing:t = "t2_player07"
		wing:t = "t2_player08"
		wing:t = "t2_player09"
		wing:t = "t2_player10"
		wing:t = "t2_player11"
		wing:t = "t2_player12"
		wing:t = "t2_player13"
		wing:t = "t2_player14"
		wing:t = "t2_player15"
		wing:t = "t2_player16"
		wing:t = "t2_player17"
	}
	mission {
		level:t = "levels/air_mysterious_valley.bin"
		type:t = "domination"
		environment:t = "Day"
		weather:t = "clear"
		noRespawns:b = false
		locName:t = "missions/_GS/heavy_tank;location/air_mysterious_valley"
		locDesc:t = "missions/_GS/desc"
		scoreLimit:i = 5400
		timeLimit:i = 25
		deathPenaltyMul:r = 0.2
		allowEmptyTeams:b = true
		country_axis:t = "germany"
		country_allies:t = "britain"
		restoreType:t = "attempts"
		optionalTakeOff:b = true
		allowedUnitTypes {
			isAirplanesAllowed:b = true
			isTanksAllowed:b = false
			isShipsAllowed:b = false
			isHelicoptersAllowed:b = false
		}
	}
	atmosphere {
		pressure:r = 760
		temperature:r = 0
	}
	spectator_points {
		spectatorPoint:t = "spectator_point_01"
		spectatorPoint:t = "spectator_point_02"
		spectatorPoint:t = "spectator_point_03"
		spectatorPoint:t = "spectator_point_04"
	}
	briefing {
		place_loc:t = ""
		date_loc:t = ""
		objective_loc:t = ""
		music:t = "action_01"
		part {
			event:t = ""
			minTime:i = 0
			slide {
				map:b = true
				minTime:i = 4
				picture:t = ""
				showAirMap:b = false
				icon {
					icontype:t = "fighter"
					side:t = "ally"
					target:t = "t1_airfield"
					lookAt:t = "briefing_central_point"
				}
				icon {
					icontype:t = "tank"
					side:t = "enemy"
					target:t = "t2_briefing_attack_point_02"
				}
				icon {
					icontype:t = "tank"
					side:t = "enemy"
					target:t = "t2_briefing_attack_point_01"
				}
				icon {
					icontype:t = "tank"
					side:t = "ally"
					target:t = "t1_briefing_attack_point_02"
				}
				icon {
					icontype:t = "fighter"
					side:t = "enemy"
					target:t = "t2_airfield"
					lookAt:t = "briefing_central_point"
				}
				icon {
					icontype:t = "tank"
					side:t = "ally"
					target:t = "t1_briefing_attack_point_01"
				}
				icon {
					icontype:t = "artillery"
					side:t = "ally"
					target:t = "t1_briefing_defend_point"
				}
				icon {
					icontype:t = "artillery"
					side:t = "enemy"
					target:t = "t2_briefing_defend_point"
				}
			}
		}
	}
}
imports {
	import_record {
		file:t = "gameData/missions/cta/planes/arcade/GS/air_mysterious_valley/as_air_spawns_template.blk"
		importAreas:b = true
		importUnits:b = true
		importTriggers:b = true
		importMissionObjectives:b = true
		importWayPoints:b = true
		importDialogs:b = true
		showAreas:b = true
		showUnits:b = true
		showTriggers:b = true
		showMissionObjectives:b = true
		showWayPoints:b = true
		showDialogs:b = true
		excludes {

		}
	}
	import_record {
		file:t = "gameData/missions/templates/base_logic_template.blk"
		importAreas:b = true
		importUnits:b = true
		importTriggers:b = true
		importMissionObjectives:b = true
		importWayPoints:b = true
		importDialogs:b = true
		showAreas:b = true
		showUnits:b = true
		showTriggers:b = true
		showMissionObjectives:b = true
		showWayPoints:b = true
		showDialogs:b = true
		excludes {

		}
	}
	import_record {
		file:t = "gameData/missions/templates/land_units_death_template.blk"
		importAreas:b = true
		importUnits:b = true
		importTriggers:b = true
		importMissionObjectives:b = true
		importWayPoints:b = true
		importDialogs:b = true
		showAreas:b = true
		showUnits:b = true
		showTriggers:b = true
		showMissionObjectives:b = true
		showWayPoints:b = true
		showDialogs:b = true
		excludes {

		}
	}
	import_record {
		file:t = "gameData/missions/templates/land_units_move_template.blk"
		importAreas:b = true
		importUnits:b = true
		importTriggers:b = true
		importMissionObjectives:b = true
		importWayPoints:b = true
		importDialogs:b = true
		showAreas:b = true
		showUnits:b = true
		showTriggers:b = true
		showMissionObjectives:b = true
		showWayPoints:b = true
		showDialogs:b = true
		excludes {

		}
	}
	import_record {
		file:t = "gameData/missions/templates/gs_objectives_template.blk"
		importAreas:b = true
		importUnits:b = true
		importTriggers:b = true
		importMissionObjectives:b = true
		importWayPoints:b = true
		importDialogs:b = true
		showAreas:b = true
		showUnits:b = true
		showTriggers:b = true
		showMissionObjectives:b = true
		showWayPoints:b = true
		showDialogs:b = true
		excludes {

		}
	}
	import_record {
		file:t = "gameData/missions/templates/air_templates/gs/assaults_gs_template.blk"
		importAreas:b = true
		importUnits:b = true
		importTriggers:b = true
		importMissionObjectives:b = true
		importWayPoints:b = true
		importDialogs:b = true
		showAreas:b = true
		showUnits:b = true
		showTriggers:b = true
		showMissionObjectives:b = true
		showWayPoints:b = true
		showDialogs:b = true
		excludes {

		}
	}
	import_record {
		file:t = "gameData/missions/templates/air_templates/gs/template_at_gs_planeset.blk"
		importAreas:b = true
		importUnits:b = true
		importTriggers:b = true
		importMissionObjectives:b = true
		importWayPoints:b = true
		importDialogs:b = true
		showAreas:b = true
		showUnits:b = true
		showTriggers:b = true
		showMissionObjectives:b = true
		showWayPoints:b = true
		showDialogs:b = true
		excludes {

		}
	}
	import_record {
		file:t = "gameData/missions/cta/planes/arcade/GS/air_mysterious_valley/mu_movable_units_template.blk"
		importAreas:b = true
		importUnits:b = true
		importTriggers:b = true
		importMissionObjectives:b = true
		importWayPoints:b = true
		importDialogs:b = true
		showAreas:b = true
		showUnits:b = true
		showTriggers:b = true
		showMissionObjectives:b = true
		showWayPoints:b = true
		showDialogs:b = true
		excludes {

		}
	}
	import_record {
		file:t = "gameData/missions/cta/planes/arcade/GS/air_mysterious_valley/stc_static_units_template.blk"
		importAreas:b = true
		importUnits:b = true
		importTriggers:b = true
		importMissionObjectives:b = true
		importWayPoints:b = true
		importDialogs:b = true
		showAreas:b = true
		showUnits:b = true
		showTriggers:b = true
		showMissionObjectives:b = true
		showWayPoints:b = true
		showDialogs:b = true
		excludes {

		}
	}
	import_record {
		file:t = "gameData/missions/cta/planes/arcade/GS/air_mysterious_valley/bdt_bases_destroy_part.blk"
		importAreas:b = true
		importUnits:b = true
		importTriggers:b = true
		importMissionObjectives:b = true
		importWayPoints:b = true
		importDialogs:b = true
		showAreas:b = true
		showUnits:b = true
		showTriggers:b = true
		showMissionObjectives:b = true
		showWayPoints:b = true
		showDialogs:b = true
		excludes {

		}
	}
	import_record {
		file:t = "gameData/missions/templates/air_templates/aat_aaa_template.blk"
		importAreas:b = true
		importUnits:b = true
		importTriggers:b = true
		importMissionObjectives:b = true
		importWayPoints:b = true
		importDialogs:b = true
		showAreas:b = true
		showUnits:b = true
		showTriggers:b = true
		showMissionObjectives:b = true
		showWayPoints:b = true
		showDialogs:b = true
		excludes {

		}
	}
	import_record {
		file:t = "gameData/missions/bridges/air_mysterious_valley_bridges.blk"
		importAreas:b = true
		importUnits:b = true
		importTriggers:b = true
		importMissionObjectives:b = true
		importWayPoints:b = true
		importDialogs:b = true
		showAreas:b = true
		showUnits:b = true
		showTriggers:b = true
		showMissionObjectives:b = true
		showWayPoints:b = true
		showDialogs:b = true
		excludes {

		}
	}
}
triggers {
	isCategory:b = true
	is_enabled:b = true
	start_mission {
		is_enabled:b = true
		comments:t = ""
		props {
			actionsType:t = "PERFORM_ONE_BY_ONE"
			conditionsType:t = "ALL"
			enableAfterComplete:b = false
		}
		events {
			initMission {

			}
		}
		conditions {

		}
		actions {
			varSetBool {
				value:b = false
				var:t = "barabashka_enabled"
			}
			comment {
				value:t = ""
			}
			varSetReal {
				value:r = 1800
				var:t = "arcade_destroy_timer"
				var:t = "historical_destroy_timer"
			}
			comment {
				value:t = ""
			}
			varSetInt {
				value:i = 600
				var:t = "long_time_is"
			}
			varSetInt {
				value:i = 900
				var:t = "long_time_arcade_timer"
			}
			varSetInt {
				value:i = 64000
				var:t = "long_time_arcade_distance"
			}
			comment {
				value:t = ""
			}
			varSetReal {
				value:r = 250
				var:t = "nearDamageDistance"
			}
			unitSetIndication {
				set:b = true
				target:t = "t1_quest_units_squad"
				target_marking:i = 0
				object_var_name:t = ""
				object_var_comp_op:t = "equal"
				object_var_value:i = 0
				team:t = "B"
			}
			unitSetIndication {
				set:b = true
				target:t = "t2_quest_units_squad"
				target_marking:i = 0
				object_var_name:t = ""
				object_var_comp_op:t = "equal"
				object_var_value:i = 0
				team:t = "A"
			}
			unitSetProperties {
				object:t = "t1_movable_units_squad"
				object:t = "t2_movable_units_squad"
				movementTraceRI:b = true
			}
		}
		else_actions {

		}
	}
	update_indicators {
		is_enabled:b = false
		comments:t = ""
		props {
			actionsType:t = "PERFORM_ONE_BY_ONE"
			conditionsType:t = "ALL"
			enableAfterComplete:b = true
		}
		events {
			periodicEvent {
				time:r = 1
			}
		}
		conditions {

		}
		actions {
			missionSetTargetsIndicator {
				target_type:t = "isActive"
				target_marking:i = 0
				delta:i = 0
				icon:t = "tank"
				"icon army":i = 1
				set:b = true
				object_var_name:t = ""
				object_var_comp_op:t = "equal"
				object_var_value:i = 0
				target:t = "t1_quest_units_squad"
			}
			missionSetTargetsIndicator {
				target_type:t = "isActive"
				target_marking:i = 0
				delta:i = 0
				icon:t = "tank"
				"icon army":i = 2
				set:b = true
				object_var_name:t = ""
				object_var_comp_op:t = "equal"
				object_var_value:i = 0
				target:t = "t2_quest_units_squad"
			}
		}
		else_actions {

		}
	}
}
mission_objectives {
	isCategory:b = true
	is_enabled:b = true
}
variables {
	air_spawn_t1_name:t = ""
	air_spawn_t2_name:t = ""
	bomber_spawn_t1_name:t = ""
	bomber_spawn_t2_name:t = ""
}
dialogs {

}
airfields {

}
effects {

}
units {
	armada {
		name:t = "t1_player01"
		tm:m = [[0.994151, 0.0, 0.108] [0.0, 1.0, 0.0] [-0.108, 0.0, 0.994151] [14068.5, 2209.5, 8695.49]]
		unit_class:t = "a5m4"
		objLayer:i = 1
		closed_waypoints:b = false
		isShipSpline:b = false
		shipTurnRadius:r = 100
		weapons:t = ""
		bullets0:t = ""
		bullets1:t = ""
		bullets2:t = ""
		bullets3:t = ""
		bulletsCount0:i = 0
		bulletsCount1:i = 0
		bulletsCount2:i = 0
		bulletsCount3:i = 0
		crewSkillK:r = 0
		applyAllMods:b = false
		props {
			army:i = 2
			count:i = 1
			free_distance:r = 70
			floating_distance:r = 50
			minimum_distance_to_earth:r = 20
			altLimit:r = 6000
			attack_type:t = "fire_at_will"
			skill:i = 4
			plane {
				wing_formation:t = "Diamond"
				row_distances:r = 3
				col_distances:r = 3
				super_formation:t = "Diamond"
				super_row_distances:r = 1.5
				super_col_distances:r = 1.5
				ai_skill:t = "NORMAL"
				task:t = "FLY_WAYPOINT"
			}
		}
		way {

		}
	}
	squad {
		name:t = "t1_land_squad"
		tm:m = [[1.0, 0.0, 0.0] [0.0, 1.0, 0.0] [0.0, 0.0, 1.0] [14059.5, 650.883, -34641.1]]
		props {
			squad_members:t = "t1_static_units_squad"
		}
	}
	squad {
		name:t = "t2_land_squad"
		tm:m = [[1.0, 0.0, 0.0] [0.0, 1.0, 0.0] [0.0, 0.0, 1.0] [27591.4, 632.991, -22754.3]]
		props {
			squad_members:t = "t2_static_units_squad"
		}
	}
	squad {
		name:t = "t1_quest_units_squad"
		tm:m = [[1.0, 0.0, 0.0] [0.0, 1.0, 0.0] [0.0, 0.0, 1.0] [19344.9, 657.642, -35148.4]]
		props {
			squad_members:t = "t1_land_squad"
			squad_members:t = "t1_movable_units_squad"
		}
	}
	squad {
		name:t = "t2_quest_units_squad"
		tm:m = [[1.0, 0.0, 0.0] [0.0, 1.0, 0.0] [0.0, 0.0, 1.0] [28145.5, 639.116, -27923.8]]
		props {
			squad_members:t = "t2_land_squad"
			squad_members:t = "t2_movable_units_squad"
		}
	}
	squad {
		name:t = "t1_all_aaa_squad"
		tm:m = [[1.0, 0.0, 0.0] [0.0, 1.0, 0.0] [0.0, 0.0, 1.0] [993.35, 60.0, 2251.85]]
		props {
			squad_members:t = "bdt_t1_aaa_squad"
			squad_members:t = "t1_aaa_static_squad"
		}
	}
	squad {
		name:t = "t2_all_aaa_squad"
		tm:m = [[1.0, 0.0, 0.0] [0.0, 1.0, 0.0] [0.0, 0.0, 1.0] [5404.1, 60.0, 9490.45]]
		props {
			squad_members:t = "bdt_t2_aaa_squad"
			squad_members:t = "t2_aaa_static_squad"
		}
	}
}
areas {
	t1_airfield_bombing_zone {
		type:t = "Box"
		tm:m = [[-119.037, 0.0, 1996.45] [0.0, 350.0, 0.0] [-748.67, 0.0, -44.6418] [17226.0, -5.31907, -4046.19]]
		objLayer:i = 0
		props {

		}
	}
	t2_airfield_bombing_zone {
		type:t = "Box"
		tm:m = [[-29.4601, 0.0, 1999.78] [0.0, 350.0, 0.0] [-749.919, 0.0, -11.0473] [12751.2, -12.4, 21664.5]]
		objLayer:i = 0
		props {

		}
	}
	t1_briefing_defend_point {
		type:t = "Point"
		tm:m = [[0.695912, 0.0, -0.718126] [0.0, 1.0, 0.0] [0.718126, 0.0, 0.695912] [14523.3, 718.805, 6051.88]]
		objLayer:i = 4
		props {

		}
	}
	t2_briefing_defend_point {
		type:t = "Point"
		tm:m = [[0.695912, 0.0, -0.718126] [0.0, 1.0, 0.0] [0.718126, 0.0, 0.695912] [14681.9, 581.367, 11748.9]]
		objLayer:i = 4
		props {

		}
	}
	t1_briefing_attack_point_01 {
		type:t = "Point"
		tm:m = [[0.695912, 0.0, -0.718126] [0.0, 1.0, 0.0] [0.718126, 0.0, 0.695912] [18380.3, 590.928, 5067.24]]
		objLayer:i = 4
		props {

		}
	}
	t1_briefing_attack_point_02 {
		type:t = "Point"
		tm:m = [[0.695912, 0.0, -0.718126] [0.0, 1.0, 0.0] [0.718126, 0.0, 0.695912] [10695.5, 631.031, 4052.85]]
		objLayer:i = 4
		props {

		}
	}
	t2_briefing_attack_point_01 {
		type:t = "Point"
		tm:m = [[0.695912, 0.0, -0.718126] [0.0, 1.0, 0.0] [0.718126, 0.0, 0.695912] [18628.5, 617.57, 12440.7]]
		objLayer:i = 4
		props {

		}
	}
	t2_briefing_attack_point_02 {
		type:t = "Point"
		tm:m = [[0.695912, 0.0, -0.718126] [0.0, 1.0, 0.0] [0.718126, 0.0, 0.695912] [10925.3, 588.226, 12156.6]]
		objLayer:i = 4
		props {

		}
	}
	briefing_central_point {
		type:t = "Point"
		tm:m = [[-0.534593, 0.0, -0.845109] [0.0, 1.0, 0.0] [0.845109, 0.0, -0.534593] [14194.0, 1177.44, 8620.34]]
		objLayer:i = 4
		props {

		}
	}
	spectator_point_01 {
		type:t = "Point"
		tm:m = [[0.194227, -0.258819, -0.946198] [0.0520435, 0.965926, -0.253532] [0.979575, 0.0, 0.201077] [13414.6, 1130.15, 12011.6]]
		objLayer:i = 3
		props {

		}
	}
	spectator_point_02 {
		type:t = "Point"
		tm:m = [[-0.955564, -0.258819, 0.141106] [-0.256044, 0.965926, 0.0378092] [-0.146083, 0.0, -0.989272] [17655.0, 1130.15, 8615.86]]
		objLayer:i = 3
		props {

		}
	}
	spectator_point_03 {
		type:t = "Point"
		tm:m = [[0.0992893, -0.258819, 0.960809] [0.0266045, 0.965926, 0.257448] [-0.994703, 0.0, 0.102791] [13892.4, 1130.15, 4801.97]]
		objLayer:i = 3
		props {

		}
	}
	spectator_point_04 {
		type:t = "Point"
		tm:m = [[0.959524, -0.258819, 0.11102] [0.257104, 0.965926, 0.0297484] [-0.114937, 0.0, 0.993372] [7199.79, 1130.15, 7521.52]]
		objLayer:i = 3
		props {

		}
	}
	at_t1_spawn_01_01 {
		type:t = "Point"
		tm:m = [[-0.676938, 0.0, 0.736039] [0.0, 1.0, 0.0] [-0.736039, 0.0, -0.676938] [16222.9, 1000.0, 919.748]]
		objLayer:i = 3
		props {

		}
	}
	at_t2_spawn_01_01 {
		type:t = "Point"
		tm:m = [[-0.676938, 0.0, 0.736039] [0.0, 1.0, 0.0] [-0.736039, 0.0, -0.676938] [21114.3, 1000.0, 4572.09]]
		objLayer:i = 3
		props {

		}
	}
	at_t1_spawn_01_02 {
		type:t = "Point"
		tm:m = [[0.676938, 0.0, -0.736039] [0.0, 1.0, 0.0] [0.736039, 0.0, 0.676938] [6571.62, 999.99, 10910.6]]
		objLayer:i = 3
		props {

		}
	}
	at_t2_spawn_01_02 {
		type:t = "Point"
		tm:m = [[0.676938, 0.0, -0.736039] [0.0, 1.0, 0.0] [0.736039, 0.0, 0.676938] [10398.8, 999.99, 15710.2]]
		objLayer:i = 3
		props {

		}
	}
	at_t1_spawn_02_01 {
		type:t = "Point"
		tm:m = [[-0.676938, 0.0, 0.736039] [0.0, 1.0, 0.0] [-0.736039, 0.0, -0.676938] [18130.4, 1000.0, 1691.58]]
		objLayer:i = 3
		props {

		}
	}
	at_t2_spawn_02_01 {
		type:t = "Point"
		tm:m = [[-0.676938, 0.0, 0.736039] [0.0, 1.0, 0.0] [-0.736039, 0.0, -0.676938] [21974.3, 1000.0, 6495.11]]
		objLayer:i = 3
		props {

		}
	}
	at_t1_spawn_02_02 {
		type:t = "Point"
		tm:m = [[0.676938, 0.0, -0.736039] [0.0, 1.0, 0.0] [0.736039, 0.0, 0.676938] [7410.29, 999.991, 12824.2]]
		objLayer:i = 3
		props {

		}
	}
	at_t2_spawn_02_02 {
		type:t = "Point"
		tm:m = [[0.676938, 0.0, -0.736039] [0.0, 1.0, 0.0] [0.736039, 0.0, 0.676938] [12334.1, 999.991, 16451.3]]
		objLayer:i = 3
		props {

		}
	}
	at_area {
		type:t = "Sphere"
		tm:m = [[15906.5, 0.0, 1727.98] [0.0, 16000.0, 0.0] [-1727.98, 0.0, 15906.5] [14260.7, 1000.0, 8692.5]]
		objLayer:i = 3
		props {

		}
	}
	airfields_area {
		type:t = "Sphere"
		tm:m = [[23859.6, 0.0, 2591.99] [0.0, 24000.0, 0.0] [-2591.99, 0.0, 23859.6] [14260.7, 571.953, 8692.5]]
		objLayer:i = 4
		props {

		}
	}
}
objLayers {
	layer {
		enabled:b = true
	}
	layer {
		enabled:b = true
	}
	layer {
		enabled:b = true
	}
	layer {
		enabled:b = true
	}
	layer {
		enabled:b = true
	}
}
wayPoints {

}