selected_tag:t = ""
bin_dump_file:t = ""
mission_settings {
	player {
		army:i = 1
		wing:t = "t1_player01"
		wing:t = "t1_player02"
		wing:t = "t1_player03"
		wing:t = "t1_player04"
		wing:t = "t1_player05"
		wing:t = "t1_player06"
		wing:t = "t1_player07"
		wing:t = "t1_player08"
		wing:t = "t1_player09"
		wing:t = "t1_player10"
		wing:t = "t1_player11"
		wing:t = "t1_player12"
		wing:t = "t1_player13"
		wing:t = "t1_player14"
		wing:t = "t1_player15"
		wing:t = "t1_player16"
	}
	player_teamB {
		army:i = 2
		wing:t = "t2_player01"
		wing:t = "t2_player02"
		wing:t = "t2_player03"
		wing:t = "t2_player04"
		wing:t = "t2_player05"
		wing:t = "t2_player06"
		wing:t = "t2_player07"
		wing:t = "t2_player08"
		wing:t = "t2_player09"
		wing:t = "t2_player10"
		wing:t = "t2_player11"
		wing:t = "t2_player12"
		wing:t = "t2_player13"
		wing:t = "t2_player14"
		wing:t = "t2_player15"
		wing:t = "t2_player16"
		wing:t = "t2_player17"
	}
	mission {
		level:t = "levels/air_kamchatka.bin"
		type:t = "domination"
		environment:t = "Day"
		weather:t = "clear"
		noRespawns:b = false
		locName:t = "missions/_GS/heavy_tank;location/air_kamchatka"
		locDesc:t = "missions/_GS/desc"
		scoreLimit:i = 5400
		timeLimit:i = 25
		deathPenaltyMul:r = 0.2
		allowEmptyTeams:b = false
		country_axis:t = "germany"
		country_allies:t = "britain"
		restoreType:t = "attempts"
		optionalTakeOff:b = true
		allowedUnitTypes {
			isAirplanesAllowed:b = true
			isTanksAllowed:b = false
			isShipsAllowed:b = false
			isHelicoptersAllowed:b = false
		}
	}
	atmosphere {
		pressure:r = 760
		temperature:r = 0
	}
	spectator_points {
		spectatorPoint:t = "spectator_point_01"
		spectatorPoint:t = "spectator_point_02"
		spectatorPoint:t = "spectator_point_03"
		spectatorPoint:t = "spectator_point_04"
	}
	briefing {
		place_loc:t = ""
		date_loc:t = ""
		objective_loc:t = ""
		music:t = "action_01"
		part {
			event:t = ""
			minTime:i = 0
			slide {
				map:b = true
				minTime:i = 4
				picture:t = ""
				showAirMap:b = false
				icon {
					icontype:t = "fighter"
					side:t = "ally"
					target:t = "t1_airfield"
					lookAt:t = "briefing_central_point"
				}
				icon {
					icontype:t = "tank"
					side:t = "enemy"
					target:t = "t2_briefing_attack_point_02"
				}
				icon {
					icontype:t = "tank"
					side:t = "enemy"
					target:t = "t2_briefing_attack_point_01"
				}
				icon {
					icontype:t = "tank"
					side:t = "ally"
					target:t = "t1_briefing_attack_point_02"
				}
				icon {
					icontype:t = "fighter"
					side:t = "enemy"
					target:t = "t2_airfield"
					lookAt:t = "briefing_central_point"
				}
				icon {
					icontype:t = "tank"
					side:t = "ally"
					target:t = "t1_briefing_attack_point_01"
				}
				icon {
					icontype:t = "artillery"
					side:t = "ally"
					target:t = "t1_briefing_defend_point"
				}
				icon {
					icontype:t = "artillery"
					side:t = "enemy"
					target:t = "t2_briefing_defend_point"
				}
			}
		}
	}
}
imports {
	import_record {
		file:t = "gameData/missions/cta/planes/arcade/GS/air_kamchatka/as_air_spawns_template.blk"
		importAreas:b = true
		importUnits:b = true
		importTriggers:b = true
		importMissionObjectives:b = true
		importWayPoints:b = true
		showAreas:b = true
		showUnits:b = true
		showTriggers:b = true
		showMissionObjectives:b = true
		showWayPoints:b = true
		excludes {

		}
	}
	import_record {
		file:t = "gameData/missions/templates/base_logic_template.blk"
		importAreas:b = true
		importUnits:b = true
		importTriggers:b = true
		importMissionObjectives:b = true
		importWayPoints:b = true
		showAreas:b = true
		showUnits:b = true
		showTriggers:b = true
		showMissionObjectives:b = true
		showWayPoints:b = true
		excludes {

		}
	}
	import_record {
		file:t = "gameData/missions/templates/land_units_death_template.blk"
		importAreas:b = true
		importUnits:b = true
		importTriggers:b = true
		importMissionObjectives:b = true
		importWayPoints:b = true
		showAreas:b = true
		showUnits:b = true
		showTriggers:b = true
		showMissionObjectives:b = true
		showWayPoints:b = true
		excludes {

		}
	}
	import_record {
		file:t = "gameData/missions/templates/land_units_move_template.blk"
		importAreas:b = true
		importUnits:b = true
		importTriggers:b = true
		importMissionObjectives:b = true
		importWayPoints:b = true
		showAreas:b = true
		showUnits:b = true
		showTriggers:b = true
		showMissionObjectives:b = true
		showWayPoints:b = true
		excludes {

		}
	}
	import_record {
		file:t = "gameData/missions/templates/gs_objectives_template.blk"
		importAreas:b = true
		importUnits:b = true
		importTriggers:b = true
		importMissionObjectives:b = true
		importWayPoints:b = true
		showAreas:b = true
		showUnits:b = true
		showTriggers:b = true
		showMissionObjectives:b = true
		showWayPoints:b = true
		excludes {

		}
	}
	import_record {
		file:t = "gameData/missions/templates/air_templates/gs/assaults_gs_template.blk"
		importAreas:b = true
		importUnits:b = true
		importTriggers:b = true
		importMissionObjectives:b = true
		importWayPoints:b = true
		showAreas:b = true
		showUnits:b = true
		showTriggers:b = true
		showMissionObjectives:b = true
		showWayPoints:b = true
		excludes {

		}
	}
	import_record {
		file:t = "gameData/missions/templates/air_templates/gs/template_at_gs_planeset.blk"
		importAreas:b = true
		importUnits:b = true
		importTriggers:b = true
		importMissionObjectives:b = true
		importWayPoints:b = true
		showAreas:b = true
		showUnits:b = true
		showTriggers:b = true
		showMissionObjectives:b = true
		showWayPoints:b = true
		excludes {

		}
	}
	import_record {
		file:t = "gameData/missions/cta/planes/arcade/GS/air_kamchatka/mu_movable_units_template.blk"
		importAreas:b = true
		importUnits:b = true
		importTriggers:b = true
		importMissionObjectives:b = true
		importWayPoints:b = true
		showAreas:b = true
		showUnits:b = true
		showTriggers:b = true
		showMissionObjectives:b = true
		showWayPoints:b = true
		excludes {

		}
	}
	import_record {
		file:t = "gameData/missions/cta/planes/arcade/GS/air_kamchatka/stc_static_units_template.blk"
		importAreas:b = true
		importUnits:b = true
		importTriggers:b = true
		importMissionObjectives:b = true
		importWayPoints:b = true
		showAreas:b = true
		showUnits:b = true
		showTriggers:b = true
		showMissionObjectives:b = true
		showWayPoints:b = true
		excludes {

		}
	}
	import_record {
		file:t = "gameData/missions/cta/planes/arcade/GS/air_kamchatka/bdt_bases_destroy_part.blk"
		importAreas:b = true
		importUnits:b = true
		importTriggers:b = true
		importMissionObjectives:b = true
		importWayPoints:b = true
		showAreas:b = true
		showUnits:b = true
		showTriggers:b = true
		showMissionObjectives:b = true
		showWayPoints:b = true
		excludes {

		}
	}
	import_record {
		file:t = "gameData/missions/templates/air_templates/aat_aaa_template.blk"
		importAreas:b = true
		importUnits:b = true
		importTriggers:b = true
		importMissionObjectives:b = true
		importWayPoints:b = true
		showAreas:b = true
		showUnits:b = true
		showTriggers:b = true
		showMissionObjectives:b = true
		showWayPoints:b = true
		excludes {

		}
	}
	import_record {
		file:t = "gameData/missions/bridges/air_kamchatka_bridges.blk"
		importAreas:b = true
		importUnits:b = true
		importTriggers:b = true
		importMissionObjectives:b = true
		importWayPoints:b = true
		showAreas:b = true
		showUnits:b = true
		showTriggers:b = true
		showMissionObjectives:b = true
		showWayPoints:b = true
		excludes {

		}
	}
}
triggers {
	isCategory:b = true
	is_enabled:b = true
	start_mission {
		is_enabled:b = true
		comments:t = ""
		props {
			actionsType:t = "PERFORM_ONE_BY_ONE"
			conditionsType:t = "ALL"
			enableAfterComplete:b = false
		}
		events {
			initMission {

			}
		}
		conditions {

		}
		actions {
			varSetBool {
				value:b = false
				var:t = "barabashka_enabled"
			}
			comment {
				value:t = ""
			}
			varSetReal {
				value:r = 1800
				var:t = "arcade_destroy_timer"
				var:t = "historical_destroy_timer"
			}
			comment {
				value:t = ""
			}
			varSetInt {
				value:i = 600
				var:t = "long_time_is"
			}
			varSetInt {
				value:i = 900
				var:t = "long_time_arcade_timer"
			}
			varSetInt {
				value:i = 64000
				var:t = "long_time_arcade_distance"
			}
			comment {
				value:t = ""
			}
			varSetReal {
				value:r = 250
				var:t = "nearDamageDistance"
			}
			unitSetIndication {
				set:b = true
				target:t = "t1_quest_units_squad"
				target_marking:i = 0
				object_var_name:t = ""
				object_var_comp_op:t = "equal"
				object_var_value:i = 0
				team:t = "B"
			}
			unitSetIndication {
				set:b = true
				target:t = "t2_quest_units_squad"
				target_marking:i = 0
				object_var_name:t = ""
				object_var_comp_op:t = "equal"
				object_var_value:i = 0
				team:t = "A"
			}
		}
		else_actions {

		}
	}
	update_indicators {
		is_enabled:b = false
		comments:t = ""
		props {
			actionsType:t = "PERFORM_ONE_BY_ONE"
			conditionsType:t = "ALL"
			enableAfterComplete:b = true
		}
		events {
			periodicEvent {
				time:r = 1
			}
		}
		conditions {

		}
		actions {
			missionSetTargetsIndicator {
				target_type:t = "isActive"
				target_marking:i = 0
				delta:i = 0
				icon:t = "tank"
				"icon army":i = 1
				set:b = true
				object_var_name:t = ""
				object_var_comp_op:t = "equal"
				object_var_value:i = 0
				target:t = "t1_quest_units_squad"
			}
			missionSetTargetsIndicator {
				target_type:t = "isActive"
				target_marking:i = 0
				delta:i = 0
				icon:t = "tank"
				"icon army":i = 2
				set:b = true
				object_var_name:t = ""
				object_var_comp_op:t = "equal"
				object_var_value:i = 0
				target:t = "t2_quest_units_squad"
			}
		}
		else_actions {

		}
	}
}
mission_objectives {
	isCategory:b = true
	is_enabled:b = true
}
variables {
	air_spawn_t1_name:t = ""
	air_spawn_t2_name:t = ""
	bomber_spawn_t1_name:t = ""
	bomber_spawn_t2_name:t = ""
}
dialogs {

}
airfields {

}
effects {

}
units {
	objectGroups {
		name:t = "t1_airfield"
		tm:m = [[-0.571762, 0.0, -1.27792] [0.0, 1.4, 0.0] [1.27792, 0.0, -0.571762] [-17198.5, 83.05, 1335.05]]
		unit_class:t = "dynaf_universal_1line_a"
		objLayer:i = 2
		props {
			army:i = 1
			active:b = true
		}
	}
	objectGroups {
		name:t = "t2_airfield"
		tm:m = [[0.618059, 0.0, 1.25619] [0.0, 1.4, 0.0] [-1.25619, 0.0, 0.618059] [-9177.8, 19.9921, 26162.2]]
		unit_class:t = "dynaf_universal_1line_a"
		objLayer:i = 2
		props {
			army:i = 2
			active:b = true
		}
	}
	air_defence {
		name:t = "t1_def_small_aaa_01"
		tm:m = [[0.944923, 0.0, -0.327294] [0.0, 1.0, 0.0] [0.327294, 0.0, 0.944923] [-17272.6, 332.801, 1893.88]]
		unit_class:t = "germ_37mm_flak43_airfield"
		objLayer:i = 1
		closed_waypoints:b = false
		isShipSpline:b = false
		shipTurnRadius:r = 100
		weapons:t = ""
		bullets0:t = ""
		bullets1:t = ""
		bullets2:t = ""
		bullets3:t = ""
		bulletsCount0:i = 0
		bulletsCount1:i = 0
		bulletsCount2:i = 0
		bulletsCount3:i = 0
		crewSkillK:r = 0
		applyAllMods:b = false
		props {
			army:i = 1
			count:i = 1
			formation_type:t = "rows"
			formation_div:i = 3
			formation_step:p2 = 2.5, 2
			formation_noise:p2 = 0.1, 0.1
			uniqueName:t = ""
			attack_type:t = "fire_at_will"
		}
		way {

		}
	}
	air_defence {
		name:t = "t1_def_small_aaa_02"
		tm:m = [[0.944923, 0.0, -0.327294] [0.0, 1.0, 0.0] [0.327294, 0.0, 0.944923] [-16755.3, 342.301, 1504.34]]
		unit_class:t = "germ_37mm_flak43_airfield"
		objLayer:i = 1
		closed_waypoints:b = false
		isShipSpline:b = false
		shipTurnRadius:r = 100
		weapons:t = ""
		bullets0:t = ""
		bullets1:t = ""
		bullets2:t = ""
		bullets3:t = ""
		bulletsCount0:i = 0
		bulletsCount1:i = 0
		bulletsCount2:i = 0
		bulletsCount3:i = 0
		crewSkillK:r = 0
		applyAllMods:b = false
		props {
			army:i = 1
			count:i = 1
			formation_type:t = "rows"
			formation_div:i = 3
			formation_step:p2 = 2.5, 2
			formation_noise:p2 = 0.1, 0.1
			uniqueName:t = ""
			attack_type:t = "fire_at_will"
		}
		way {

		}
	}
	air_defence {
		name:t = "t1_def_small_aaa_03"
		tm:m = [[0.944923, 0.0, -0.327294] [0.0, 1.0, 0.0] [0.327294, 0.0, 0.944923] [-17169.1, 225.47, 619.786]]
		unit_class:t = "germ_37mm_flak43_airfield"
		objLayer:i = 1
		closed_waypoints:b = false
		isShipSpline:b = false
		shipTurnRadius:r = 100
		weapons:t = ""
		bullets0:t = ""
		bullets1:t = ""
		bullets2:t = ""
		bullets3:t = ""
		bulletsCount0:i = 0
		bulletsCount1:i = 0
		bulletsCount2:i = 0
		bulletsCount3:i = 0
		crewSkillK:r = 0
		applyAllMods:b = false
		props {
			army:i = 1
			count:i = 1
			formation_type:t = "rows"
			formation_div:i = 3
			formation_step:p2 = 2.5, 2
			formation_noise:p2 = 0.1, 0.1
			uniqueName:t = ""
			attack_type:t = "fire_at_will"
		}
		way {

		}
	}
	air_defence {
		name:t = "t1_def_small_aaa_04"
		tm:m = [[0.944923, 0.0, -0.327294] [0.0, 1.0, 0.0] [0.327294, 0.0, 0.944923] [-17790.1, 250.67, 540.776]]
		unit_class:t = "germ_37mm_flak43_airfield"
		objLayer:i = 1
		closed_waypoints:b = false
		isShipSpline:b = false
		shipTurnRadius:r = 100
		weapons:t = ""
		bullets0:t = ""
		bullets1:t = ""
		bullets2:t = ""
		bullets3:t = ""
		bulletsCount0:i = 0
		bulletsCount1:i = 0
		bulletsCount2:i = 0
		bulletsCount3:i = 0
		crewSkillK:r = 0
		applyAllMods:b = false
		props {
			army:i = 1
			count:i = 1
			formation_type:t = "rows"
			formation_div:i = 3
			formation_step:p2 = 2.5, 2
			formation_noise:p2 = 0.1, 0.1
			uniqueName:t = ""
			attack_type:t = "fire_at_will"
		}
		way {

		}
	}
	air_defence {
		name:t = "t1_def_small_aaa_05"
		tm:m = [[0.944923, 0.0, -0.327294] [0.0, 1.0, 0.0] [0.327294, 0.0, 0.944923] [-15003.0, -34.9249, 1651.54]]
		unit_class:t = "germ_37mm_flak43_airfield"
		objLayer:i = 1
		closed_waypoints:b = false
		isShipSpline:b = false
		shipTurnRadius:r = 100
		weapons:t = ""
		bullets0:t = ""
		bullets1:t = ""
		bullets2:t = ""
		bullets3:t = ""
		bulletsCount0:i = 0
		bulletsCount1:i = 0
		bulletsCount2:i = 0
		bulletsCount3:i = 0
		crewSkillK:r = 0
		applyAllMods:b = false
		props {
			army:i = 1
			count:i = 1
			formation_type:t = "rows"
			formation_div:i = 3
			formation_step:p2 = 2.5, 2
			formation_noise:p2 = 0.1, 0.1
			uniqueName:t = ""
			attack_type:t = "fire_at_will"
		}
		way {

		}
	}
	air_defence {
		name:t = "t1_def_small_aaa_06"
		tm:m = [[0.944923, 0.0, -0.327294] [0.0, 1.0, 0.0] [0.327294, 0.0, 0.944923] [-17630.7, 225.22, 1215.97]]
		unit_class:t = "germ_37mm_flak43_airfield"
		objLayer:i = 1
		closed_waypoints:b = false
		isShipSpline:b = false
		shipTurnRadius:r = 100
		weapons:t = ""
		bullets0:t = ""
		bullets1:t = ""
		bullets2:t = ""
		bullets3:t = ""
		bulletsCount0:i = 0
		bulletsCount1:i = 0
		bulletsCount2:i = 0
		bulletsCount3:i = 0
		crewSkillK:r = 0
		applyAllMods:b = false
		props {
			army:i = 1
			count:i = 1
			formation_type:t = "rows"
			formation_div:i = 3
			formation_step:p2 = 2.5, 2
			formation_noise:p2 = 0.1, 0.1
			uniqueName:t = ""
			attack_type:t = "fire_at_will"
		}
		way {

		}
	}
	air_defence {
		name:t = "t1_def_big_aaa_01"
		tm:m = [[0.944923, 0.0, -0.327294] [0.0, 1.0, 0.0] [0.327294, 0.0, 0.944923] [-16539.1, 319.401, 946.145]]
		unit_class:t = "germ_88mm_flak36"
		objLayer:i = 1
		closed_waypoints:b = false
		isShipSpline:b = false
		shipTurnRadius:r = 100
		weapons:t = ""
		bullets0:t = ""
		bullets1:t = ""
		bullets2:t = ""
		bullets3:t = ""
		bulletsCount0:i = 0
		bulletsCount1:i = 0
		bulletsCount2:i = 0
		bulletsCount3:i = 0
		crewSkillK:r = 0
		applyAllMods:b = false
		props {
			army:i = 1
			count:i = 1
			formation_type:t = "rows"
			formation_div:i = 3
			formation_step:p2 = 2.5, 2
			formation_noise:p2 = 0.1, 0.1
			uniqueName:t = ""
			attack_type:t = "fire_at_will"
		}
		way {

		}
	}
	air_defence {
		name:t = "t1_def_big_aaa_02"
		tm:m = [[0.944923, 0.0, -0.327294] [0.0, 1.0, 0.0] [0.327294, 0.0, 0.944923] [-18115.1, 202.72, 1397.53]]
		unit_class:t = "germ_88mm_flak36"
		objLayer:i = 1
		closed_waypoints:b = false
		isShipSpline:b = false
		shipTurnRadius:r = 100
		weapons:t = ""
		bullets0:t = ""
		bullets1:t = ""
		bullets2:t = ""
		bullets3:t = ""
		bulletsCount0:i = 0
		bulletsCount1:i = 0
		bulletsCount2:i = 0
		bulletsCount3:i = 0
		crewSkillK:r = 0
		applyAllMods:b = false
		props {
			army:i = 1
			count:i = 1
			formation_type:t = "rows"
			formation_div:i = 3
			formation_step:p2 = 2.5, 2
			formation_noise:p2 = 0.1, 0.1
			uniqueName:t = ""
			attack_type:t = "fire_at_will"
		}
		way {

		}
	}
	air_defence {
		name:t = "t1_def_big_aaa_03"
		tm:m = [[0.944923, 0.0, -0.327294] [0.0, 1.0, 0.0] [0.327294, 0.0, 0.944923] [-15953.2, 154.82, 1993.78]]
		unit_class:t = "germ_88mm_flak36"
		objLayer:i = 1
		closed_waypoints:b = false
		isShipSpline:b = false
		shipTurnRadius:r = 100
		weapons:t = ""
		bullets0:t = ""
		bullets1:t = ""
		bullets2:t = ""
		bullets3:t = ""
		bulletsCount0:i = 0
		bulletsCount1:i = 0
		bulletsCount2:i = 0
		bulletsCount3:i = 0
		crewSkillK:r = 0
		applyAllMods:b = false
		props {
			army:i = 1
			count:i = 1
			formation_type:t = "rows"
			formation_div:i = 3
			formation_step:p2 = 2.5, 2
			formation_noise:p2 = 0.1, 0.1
			uniqueName:t = ""
			attack_type:t = "fire_at_will"
		}
		way {

		}
	}
	air_defence {
		name:t = "t1_def_big_aaa_04"
		tm:m = [[0.944923, 0.0, -0.327294] [0.0, 1.0, 0.0] [0.327294, 0.0, 0.944923] [-17347.1, 154.82, 2481.37]]
		unit_class:t = "germ_88mm_flak36"
		objLayer:i = 1
		closed_waypoints:b = false
		isShipSpline:b = false
		shipTurnRadius:r = 100
		weapons:t = ""
		bullets0:t = ""
		bullets1:t = ""
		bullets2:t = ""
		bullets3:t = ""
		bulletsCount0:i = 0
		bulletsCount1:i = 0
		bulletsCount2:i = 0
		bulletsCount3:i = 0
		crewSkillK:r = 0
		applyAllMods:b = false
		props {
			army:i = 1
			count:i = 1
			formation_type:t = "rows"
			formation_div:i = 3
			formation_step:p2 = 2.5, 2
			formation_noise:p2 = 0.1, 0.1
			uniqueName:t = ""
			attack_type:t = "fire_at_will"
		}
		way {

		}
	}
	squad {
		name:t = "t1_def_aaa_squad"
		tm:m = [[0.944923, 0.0, -0.327294] [0.0, 1.0, 0.0] [0.327294, 0.0, 0.944923] [-16418.4, 86.8161, 1910.86]]
		props {
			squad_members:t = "t1_def_small_aaa_01"
			squad_members:t = "t1_def_small_aaa_02"
			squad_members:t = "t1_def_small_aaa_03"
			squad_members:t = "t1_def_small_aaa_04"
			squad_members:t = "t1_def_small_aaa_05"
			squad_members:t = "t1_def_small_aaa_06"
			squad_members:t = "t1_def_big_aaa_01"
			squad_members:t = "t1_def_big_aaa_02"
			squad_members:t = "t1_def_big_aaa_03"
			squad_members:t = "t1_def_big_aaa_04"
			object_marking:i = 0
		}
	}
	air_defence {
		name:t = "t2_def_small_aaa_01"
		tm:m = [[0.780456, 0.0, -0.625211] [0.0, 1.0, 0.0] [0.625211, 0.0, 0.780456] [-8233.7, 303.139, 26656.2]]
		unit_class:t = "germ_37mm_flak43_airfield"
		objLayer:i = 1
		closed_waypoints:b = false
		isShipSpline:b = false
		shipTurnRadius:r = 100
		weapons:t = ""
		bullets0:t = ""
		bullets1:t = ""
		bullets2:t = ""
		bullets3:t = ""
		bulletsCount0:i = 0
		bulletsCount1:i = 0
		bulletsCount2:i = 0
		bulletsCount3:i = 0
		crewSkillK:r = 0
		applyAllMods:b = false
		props {
			army:i = 2
			count:i = 1
			formation_type:t = "rows"
			formation_div:i = 3
			formation_step:p2 = 2.5, 2
			formation_noise:p2 = 0.1, 0.1
			uniqueName:t = ""
			attack_type:t = "fire_at_will"
		}
		way {

		}
	}
	air_defence {
		name:t = "t2_def_small_aaa_02"
		tm:m = [[0.780456, 0.0, -0.625211] [0.0, 1.0, 0.0] [0.625211, 0.0, 0.780456] [-9851.5, 303.139, 25850.4]]
		unit_class:t = "germ_37mm_flak43_airfield"
		objLayer:i = 1
		closed_waypoints:b = false
		isShipSpline:b = false
		shipTurnRadius:r = 100
		weapons:t = ""
		bullets0:t = ""
		bullets1:t = ""
		bullets2:t = ""
		bullets3:t = ""
		bulletsCount0:i = 0
		bulletsCount1:i = 0
		bulletsCount2:i = 0
		bulletsCount3:i = 0
		crewSkillK:r = 0
		applyAllMods:b = false
		props {
			army:i = 2
			count:i = 1
			formation_type:t = "rows"
			formation_div:i = 3
			formation_step:p2 = 2.5, 2
			formation_noise:p2 = 0.1, 0.1
			uniqueName:t = ""
			attack_type:t = "fire_at_will"
		}
		way {

		}
	}
	air_defence {
		name:t = "t2_def_small_aaa_03"
		tm:m = [[0.780456, 0.0, -0.625211] [0.0, 1.0, 0.0] [0.625211, 0.0, 0.780456] [-9300.2, 303.139, 26577.9]]
		unit_class:t = "germ_37mm_flak43_airfield"
		objLayer:i = 1
		closed_waypoints:b = false
		isShipSpline:b = false
		shipTurnRadius:r = 100
		weapons:t = ""
		bullets0:t = ""
		bullets1:t = ""
		bullets2:t = ""
		bullets3:t = ""
		bulletsCount0:i = 0
		bulletsCount1:i = 0
		bulletsCount2:i = 0
		bulletsCount3:i = 0
		crewSkillK:r = 0
		applyAllMods:b = false
		props {
			army:i = 2
			count:i = 1
			formation_type:t = "rows"
			formation_div:i = 3
			formation_step:p2 = 2.5, 2
			formation_noise:p2 = 0.1, 0.1
			uniqueName:t = ""
			attack_type:t = "fire_at_will"
		}
		way {

		}
	}
	air_defence {
		name:t = "t2_def_small_aaa_04"
		tm:m = [[0.780456, 0.0, -0.625211] [0.0, 1.0, 0.0] [0.625211, 0.0, 0.780456] [-8501.8, 303.139, 26620.8]]
		unit_class:t = "germ_37mm_flak43_airfield"
		objLayer:i = 1
		closed_waypoints:b = false
		isShipSpline:b = false
		shipTurnRadius:r = 100
		weapons:t = ""
		bullets0:t = ""
		bullets1:t = ""
		bullets2:t = ""
		bullets3:t = ""
		bulletsCount0:i = 0
		bulletsCount1:i = 0
		bulletsCount2:i = 0
		bulletsCount3:i = 0
		crewSkillK:r = 0
		applyAllMods:b = false
		props {
			army:i = 2
			count:i = 1
			formation_type:t = "rows"
			formation_div:i = 3
			formation_step:p2 = 2.5, 2
			formation_noise:p2 = 0.1, 0.1
			uniqueName:t = ""
			attack_type:t = "fire_at_will"
		}
		way {

		}
	}
	air_defence {
		name:t = "t2_def_small_aaa_05"
		tm:m = [[0.780456, 0.0, -0.625211] [0.0, 1.0, 0.0] [0.625211, 0.0, 0.780456] [-9180.0, 303.139, 25054.7]]
		unit_class:t = "germ_37mm_flak43_airfield"
		objLayer:i = 1
		closed_waypoints:b = false
		isShipSpline:b = false
		shipTurnRadius:r = 100
		weapons:t = ""
		bullets0:t = ""
		bullets1:t = ""
		bullets2:t = ""
		bullets3:t = ""
		bulletsCount0:i = 0
		bulletsCount1:i = 0
		bulletsCount2:i = 0
		bulletsCount3:i = 0
		crewSkillK:r = 0
		applyAllMods:b = false
		props {
			army:i = 2
			count:i = 1
			formation_type:t = "rows"
			formation_div:i = 3
			formation_step:p2 = 2.5, 2
			formation_noise:p2 = 0.1, 0.1
			uniqueName:t = ""
			attack_type:t = "fire_at_will"
		}
		way {

		}
	}
	air_defence {
		name:t = "t2_def_small_aaa_06"
		tm:m = [[0.780456, 0.0, -0.625211] [0.0, 1.0, 0.0] [0.625211, 0.0, 0.780456] [-8618.6, 303.139, 25784.8]]
		unit_class:t = "germ_37mm_flak43_airfield"
		objLayer:i = 1
		closed_waypoints:b = false
		isShipSpline:b = false
		shipTurnRadius:r = 100
		weapons:t = ""
		bullets0:t = ""
		bullets1:t = ""
		bullets2:t = ""
		bullets3:t = ""
		bulletsCount0:i = 0
		bulletsCount1:i = 0
		bulletsCount2:i = 0
		bulletsCount3:i = 0
		crewSkillK:r = 0
		applyAllMods:b = false
		props {
			army:i = 2
			count:i = 1
			formation_type:t = "rows"
			formation_div:i = 3
			formation_step:p2 = 2.5, 2
			formation_noise:p2 = 0.1, 0.1
			uniqueName:t = ""
			attack_type:t = "fire_at_will"
		}
		way {

		}
	}
	air_defence {
		name:t = "t2_def_big_aaa_01"
		tm:m = [[0.780456, 0.0, -0.625211] [0.0, 1.0, 0.0] [0.625211, 0.0, 0.780456] [-10144.9, 303.139, 25138.3]]
		unit_class:t = "germ_88mm_flak36"
		objLayer:i = 1
		closed_waypoints:b = false
		isShipSpline:b = false
		shipTurnRadius:r = 100
		weapons:t = ""
		bullets0:t = ""
		bullets1:t = ""
		bullets2:t = ""
		bullets3:t = ""
		bulletsCount0:i = 0
		bulletsCount1:i = 0
		bulletsCount2:i = 0
		bulletsCount3:i = 0
		crewSkillK:r = 0
		applyAllMods:b = false
		props {
			army:i = 2
			count:i = 1
			formation_type:t = "rows"
			formation_div:i = 3
			formation_step:p2 = 2.5, 2
			formation_noise:p2 = 0.1, 0.1
			uniqueName:t = ""
			attack_type:t = "fire_at_will"
		}
		way {

		}
	}
	air_defence {
		name:t = "t2_def_big_aaa_02"
		tm:m = [[0.780456, 0.0, -0.625211] [0.0, 1.0, 0.0] [0.625211, 0.0, 0.780456] [-8709.7, 303.139, 27218.8]]
		unit_class:t = "germ_88mm_flak36"
		objLayer:i = 1
		closed_waypoints:b = false
		isShipSpline:b = false
		shipTurnRadius:r = 100
		weapons:t = ""
		bullets0:t = ""
		bullets1:t = ""
		bullets2:t = ""
		bullets3:t = ""
		bulletsCount0:i = 0
		bulletsCount1:i = 0
		bulletsCount2:i = 0
		bulletsCount3:i = 0
		crewSkillK:r = 0
		applyAllMods:b = false
		props {
			army:i = 2
			count:i = 1
			formation_type:t = "rows"
			formation_div:i = 3
			formation_step:p2 = 2.5, 2
			formation_noise:p2 = 0.1, 0.1
			uniqueName:t = ""
			attack_type:t = "fire_at_will"
		}
		way {

		}
	}
	air_defence {
		name:t = "t2_def_big_aaa_03"
		tm:m = [[0.780456, 0.0, -0.625211] [0.0, 1.0, 0.0] [0.625211, 0.0, 0.780456] [-10442.1, 303.139, 25854.7]]
		unit_class:t = "germ_88mm_flak36"
		objLayer:i = 1
		closed_waypoints:b = false
		isShipSpline:b = false
		shipTurnRadius:r = 100
		weapons:t = ""
		bullets0:t = ""
		bullets1:t = ""
		bullets2:t = ""
		bullets3:t = ""
		bulletsCount0:i = 0
		bulletsCount1:i = 0
		bulletsCount2:i = 0
		bulletsCount3:i = 0
		crewSkillK:r = 0
		applyAllMods:b = false
		props {
			army:i = 2
			count:i = 1
			formation_type:t = "rows"
			formation_div:i = 3
			formation_step:p2 = 2.5, 2
			formation_noise:p2 = 0.1, 0.1
			uniqueName:t = ""
			attack_type:t = "fire_at_will"
		}
		way {

		}
	}
	air_defence {
		name:t = "t2_def_big_aaa_04"
		tm:m = [[0.780456, 0.0, -0.625211] [0.0, 1.0, 0.0] [0.625211, 0.0, 0.780456] [-8215.4, 303.139, 25591.5]]
		unit_class:t = "germ_88mm_flak36"
		objLayer:i = 1
		closed_waypoints:b = false
		isShipSpline:b = false
		shipTurnRadius:r = 100
		weapons:t = ""
		bullets0:t = ""
		bullets1:t = ""
		bullets2:t = ""
		bullets3:t = ""
		bulletsCount0:i = 0
		bulletsCount1:i = 0
		bulletsCount2:i = 0
		bulletsCount3:i = 0
		crewSkillK:r = 0
		applyAllMods:b = false
		props {
			army:i = 2
			count:i = 1
			formation_type:t = "rows"
			formation_div:i = 3
			formation_step:p2 = 2.5, 2
			formation_noise:p2 = 0.1, 0.1
			uniqueName:t = ""
			attack_type:t = "fire_at_will"
		}
		way {

		}
	}
	squad {
		name:t = "t2_def_aaa_squad"
		tm:m = [[0.780456, 0.0, -0.625211] [0.0, 1.0, 0.0] [0.625211, 0.0, 0.780456] [-9707.4, 270.982, 25774.2]]
		props {
			squad_members:t = "t2_def_small_aaa_01"
			squad_members:t = "t2_def_small_aaa_02"
			squad_members:t = "t2_def_small_aaa_03"
			squad_members:t = "t2_def_small_aaa_04"
			squad_members:t = "t2_def_small_aaa_05"
			squad_members:t = "t2_def_small_aaa_06"
			squad_members:t = "t2_def_big_aaa_01"
			squad_members:t = "t2_def_big_aaa_02"
			squad_members:t = "t2_def_big_aaa_03"
			squad_members:t = "t2_def_big_aaa_04"
			object_marking:i = 0
		}
	}
	armada {
		name:t = "t1_player01"
		tm:m = [[0.931691, 0.0, -0.363251] [0.0, 1.0, 0.0] [0.363251, 0.0, 0.931691] [-14033.5, 2209.5, 14079.3]]
		unit_class:t = "a5m4"
		objLayer:i = 1
		closed_waypoints:b = false
		isShipSpline:b = false
		shipTurnRadius:r = 100
		weapons:t = ""
		bullets0:t = ""
		bullets1:t = ""
		bullets2:t = ""
		bullets3:t = ""
		bulletsCount0:i = 0
		bulletsCount1:i = 0
		bulletsCount2:i = 0
		bulletsCount3:i = 0
		crewSkillK:r = 0
		applyAllMods:b = false
		props {
			army:i = 2
			count:i = 1
			free_distance:r = 70
			floating_distance:r = 50
			minimum_distance_to_earth:r = 20
			altLimit:r = 6000
			attack_type:t = "fire_at_will"
			skill:i = 4
			plane {
				wing_formation:t = "Diamond"
				row_distances:r = 3
				col_distances:r = 3
				super_formation:t = "Diamond"
				super_row_distances:r = 1.5
				super_col_distances:r = 1.5
				ai_skill:t = "NORMAL"
				task:t = "FLY_WAYPOINT"
			}
		}
		way {

		}
	}
	squad {
		name:t = "t1_land_squad"
		tm:m = [[1.0, 0.0, 0.0] [0.0, 1.0, 0.0] [0.0, 0.0, 1.0] [14059.5, 650.883, -34641.1]]
		props {
			squad_members:t = "t1_static_units_squad"
		}
	}
	squad {
		name:t = "t2_land_squad"
		tm:m = [[1.0, 0.0, 0.0] [0.0, 1.0, 0.0] [0.0, 0.0, 1.0] [27591.4, 632.991, -22754.3]]
		props {
			squad_members:t = "t2_static_units_squad"
		}
	}
	squad {
		name:t = "t1_quest_units_squad"
		tm:m = [[1.0, 0.0, 0.0] [0.0, 1.0, 0.0] [0.0, 0.0, 1.0] [19344.9, 657.642, -35148.4]]
		props {
			squad_members:t = "t1_land_squad"
			squad_members:t = "t1_movable_units_squad"
		}
	}
	squad {
		name:t = "t2_quest_units_squad"
		tm:m = [[1.0, 0.0, 0.0] [0.0, 1.0, 0.0] [0.0, 0.0, 1.0] [28145.5, 639.116, -27923.8]]
		props {
			squad_members:t = "t2_land_squad"
			squad_members:t = "t2_movable_units_squad"
		}
	}
	squad {
		name:t = "t1_all_aaa_squad"
		tm:m = [[1.0, 0.0, 0.0] [0.0, 1.0, 0.0] [0.0, 0.0, 1.0] [993.35, 60.0, 2251.85]]
		props {
			squad_members:t = "bdt_t1_aaa_squad"
			squad_members:t = "t1_aaa_static_squad"
		}
	}
	squad {
		name:t = "t2_all_aaa_squad"
		tm:m = [[1.0, 0.0, 0.0] [0.0, 1.0, 0.0] [0.0, 0.0, 1.0] [5404.1, 60.0, 9490.45]]
		props {
			squad_members:t = "bdt_t2_aaa_squad"
			squad_members:t = "t2_aaa_static_squad"
		}
	}
}
areas {
	t1_airfield_bombing_zone {
		type:t = "Box"
		tm:m = [[816.273, 0.0, 1825.84] [0.0, 350.0, 0.0] [-684.692, 0.0, 306.1] [-17116.2, -5.31908, 1319.31]]
		objLayer:i = 0
		props {

		}
	}
	t2_airfield_bombing_zone {
		type:t = "Box"
		tm:m = [[897.265, 0.0, 1787.43] [0.0, 350.0, 0.0] [-670.287, 0.0, 336.475] [-9213.5, -12.4, 26191.2]]
		objLayer:i = 0
		props {

		}
	}
	t1_briefing_defend_point {
		type:t = "Point"
		tm:m = [[0.285688, 0.0, -0.958322] [0.0, 1.0, 0.0] [0.958322, 0.0, 0.285688] [-14850.8, 718.805, 11524.4]]
		objLayer:i = 4
		props {

		}
	}
	t2_briefing_defend_point {
		type:t = "Point"
		tm:m = [[0.285688, 0.0, -0.958322] [0.0, 1.0, 0.0] [0.958322, 0.0, 0.285688] [-12079.5, 581.367, 16504.5]]
		objLayer:i = 4
		props {

		}
	}
	t1_briefing_attack_point_01 {
		type:t = "Point"
		tm:m = [[0.285688, 0.0, -0.958322] [0.0, 1.0, 0.0] [0.958322, 0.0, 0.285688] [-11884.2, 590.928, 8870.02]]
		objLayer:i = 4
		props {

		}
	}
	t1_briefing_attack_point_02 {
		type:t = "Point"
		tm:m = [[0.285688, 0.0, -0.958322] [0.0, 1.0, 0.0] [0.958322, 0.0, 0.285688] [-19169.1, 631.031, 11518.7]]
		objLayer:i = 4
		props {

		}
	}
	t2_briefing_attack_point_01 {
		type:t = "Point"
		tm:m = [[0.285688, 0.0, -0.958322] [0.0, 1.0, 0.0] [0.958322, 0.0, 0.285688] [-8259.36, 617.57, 15295.8]]
		objLayer:i = 4
		props {

		}
	}
	t2_briefing_attack_point_02 {
		type:t = "Point"
		tm:m = [[0.285688, 0.0, -0.958322] [0.0, 1.0, 0.0] [0.958322, 0.0, 0.285688] [-15223.4, 588.226, 18600.7]]
		objLayer:i = 4
		props {

		}
	}
	briefing_central_point {
		type:t = "Point"
		tm:m = [[-0.864418, 0.0, -0.502773] [0.0, 1.0, 0.0] [0.502773, 0.0, -0.864418] [-13956.9, 1177.44, 13954.7]]
		objLayer:i = 4
		props {

		}
	}
	spectator_point_01 {
		type:t = "Point"
		tm:m = [[-0.264624, -0.258819, -0.928972] [-0.0709051, 0.965926, -0.248917] [0.961741, 0.0, -0.27396] [-13082.3, 1130.15, 17322.7]]
		objLayer:i = 3
		props {

		}
	}
	spectator_point_02 {
		type:t = "Point"
		tm:m = [[-0.78244, -0.258819, 0.566393] [-0.209655, 0.965926, 0.151765] [-0.586372, 0.0, -0.810041] [-10889.0, 1130.15, 12352.6]]
		objLayer:i = 3
		props {

		}
	}
	spectator_point_03 {
		type:t = "Point"
		tm:m = [[0.531723, -0.258819, 0.806401] [0.142475, 0.965926, 0.216075] [-0.834849, 0.0, 0.55048] [-15987.5, 1130.15, 10707.0]]
		objLayer:i = 3
		props {

		}
	}
	spectator_point_04 {
		type:t = "Point"
		tm:m = [[0.902372, -0.258819, -0.344583] [0.24179, 0.965926, -0.0923302] [0.356738, 0.0, 0.934204] [-20668.2, 1130.15, 16209.6]]
		objLayer:i = 3
		props {

		}
	}
	at_t1_spawn_01_01 {
		type:t = "Point"
		tm:m = [[-0.260586, 0.0, 0.96545] [0.0, 1.0, 0.0] [-0.96545, 0.0, -0.260586] [-15713.0, 1000.0, 6187.36]]
		objLayer:i = 3
		props {

		}
	}
	at_t2_spawn_01_01 {
		type:t = "Point"
		tm:m = [[-0.260586, 0.0, 0.96545] [0.0, 1.0, 0.0] [-0.96545, 0.0, -0.260586] [-9687.74, 1000.0, 7168.39]]
		objLayer:i = 3
		props {

		}
	}
	at_t1_spawn_01_02 {
		type:t = "Point"
		tm:m = [[0.260586, 0.0, -0.96545] [0.0, 1.0, 0.0] [0.96545, 0.0, 0.260586] [-19660.5, 999.99, 19505.8]]
		objLayer:i = 3
		props {

		}
	}
	at_t2_spawn_01_02 {
		type:t = "Point"
		tm:m = [[0.260586, 0.0, -0.96545] [0.0, 1.0, 0.0] [0.96545, 0.0, 0.260586] [-14049.5, 999.99, 21995.9]]
		objLayer:i = 3
		props {

		}
	}
	at_t1_spawn_02_01 {
		type:t = "Point"
		tm:m = [[-0.260586, 0.0, 0.96545] [0.0, 1.0, 0.0] [-0.96545, 0.0, -0.260586] [-13664.6, 1000.0, 5991.18]]
		objLayer:i = 3
		props {

		}
	}
	at_t2_spawn_02_01 {
		type:t = "Point"
		tm:m = [[-0.260586, 0.0, 0.96545] [0.0, 1.0, 0.0] [-0.96545, 0.0, -0.260586] [-8037.01, 1000.0, 8477.05]]
		objLayer:i = 3
		props {

		}
	}
	at_t1_spawn_02_02 {
		type:t = "Point"
		tm:m = [[0.260586, 0.0, -0.96545] [0.0, 1.0, 0.0] [0.96545, 0.0, 0.260586] [-18033.0, 999.991, 20815.9]]
		objLayer:i = 3
		props {

		}
	}
	at_t2_spawn_02_02 {
		type:t = "Point"
		tm:m = [[0.260586, 0.0, -0.96545] [0.0, 1.0, 0.0] [0.96545, 0.0, 0.260586] [-11990.7, 999.991, 21759.7]]
		objLayer:i = 3
		props {

		}
	}
	at_area {
		type:t = "Sphere"
		tm:m = [[14907.1, 0.0, -5812.05] [0.0, 16000.0, 0.0] [5812.05, 0.0, 14907.1] [-13864.4, 1000.0, 13987.9]]
		objLayer:i = 3
		props {

		}
	}
	airfields_area {
		type:t = "Sphere"
		tm:m = [[22360.6, 0.0, -8718.04] [0.0, 24000.0, 0.0] [8718.04, 0.0, 22360.6] [-13864.4, 69.9, 13987.9]]
		objLayer:i = 4
		props {

		}
	}
}
objLayers {
	layer {
		enabled:b = true
	}
	layer {
		enabled:b = true
	}
	layer {
		enabled:b = true
	}
	layer {
		enabled:b = true
	}
	layer {
		enabled:b = true
	}
}
wayPoints {

}