selected_tag:t = ""
bin_dump_file:t = ""
mission_settings {
	player {
		army:i = 1
		wing:t = "t1_player01"
		wing:t = "t1_player02"
		wing:t = "t1_player03"
		wing:t = "t1_player04"
		wing:t = "t1_player05"
		wing:t = "t1_player06"
		wing:t = "t1_player07"
		wing:t = "t1_player08"
		wing:t = "t1_player09"
		wing:t = "t1_player10"
		wing:t = "t1_player11"
		wing:t = "t1_player12"
		wing:t = "t1_player13"
		wing:t = "t1_player14"
		wing:t = "t1_player15"
		wing:t = "t1_player16"
	}
	player_teamB {
		army:i = 2
		wing:t = "t2_player01"
		wing:t = "t2_player02"
		wing:t = "t2_player03"
		wing:t = "t2_player04"
		wing:t = "t2_player05"
		wing:t = "t2_player06"
		wing:t = "t2_player07"
		wing:t = "t2_player08"
		wing:t = "t2_player09"
		wing:t = "t2_player10"
		wing:t = "t2_player11"
		wing:t = "t2_player12"
		wing:t = "t2_player13"
		wing:t = "t2_player14"
		wing:t = "t2_player15"
		wing:t = "t2_player16"
		wing:t = "t2_player17"
	}
	mission {
		level:t = "levels/air_southeastern_cliffs.bin"
		type:t = "domination"
		environment:t = "Day"
		weather:t = "hazy"
		locName:t = "missions/_GS/heavy_tank;location/air_southeastern_cliffs"
		locDesc:t = "missions/_GS/desc"
		scoreLimit:i = 5400
		timeLimit:i = 25
		deathPenaltyMul:r = 0.2
		allowEmptyTeams:b = false
		country_axis:t = "germany"
		country_allies:t = "britain"
		restoreType:t = "attempts"
		optionalTakeOff:b = false
		allowedUnitTypes {
			isAirplanesAllowed:b = true
			isTanksAllowed:b = false
			isShipsAllowed:b = false
			isHelicoptersAllowed:b = false
		}
	}
	spectator_points {
		spectatorPoint:t = "spectator_point_01"
		spectatorPoint:t = "spectator_point_02"
		spectatorPoint:t = "spectator_point_03"
		spectatorPoint:t = "spectator_point_04"
	}
	briefing {
		place_loc:t = ""
		date_loc:t = ""
		objective_loc:t = ""
		music:t = "action_01"
		part {
			event:t = ""
			minTime:i = 0
			slide {
				map:b = false
				minTime:i = 4
				picture:t = ""
				showAirMap:b = false
				icon {
					icontype:t = "fighter"
					side:t = "ally"
					target:t = "briefing_t1_spawn"
					lookAt:t = "briefing_t2_spawn"
				}
				icon {
					icontype:t = "fighter"
					side:t = "enemy"
					target:t = "briefing_t2_spawn"
					lookAt:t = "briefing_t1_spawn"
				}
			}
		}
	}
}
imports {
	import_record {
		file:t = "gameData/missions/cta/planes/arcade/GS/air_southeastern_cliffs/as_air_spawns_template.blk"
		importAreas:b = true
		importUnits:b = true
		importTriggers:b = true
		importMissionObjectives:b = true
		importWayPoints:b = true
		showAreas:b = true
		showUnits:b = true
		showTriggers:b = true
		showMissionObjectives:b = true
		showWayPoints:b = true
		excludes {

		}
	}
	import_record {
		file:t = "gameData/missions/templates/base_logic_template.blk"
		importAreas:b = true
		importUnits:b = true
		importTriggers:b = true
		importMissionObjectives:b = true
		importWayPoints:b = true
		showAreas:b = true
		showUnits:b = true
		showTriggers:b = true
		showMissionObjectives:b = true
		showWayPoints:b = true
		excludes {

		}
	}
	import_record {
		file:t = "gameData/missions/templates/land_units_death_template.blk"
		importAreas:b = true
		importUnits:b = true
		importTriggers:b = true
		importMissionObjectives:b = true
		importWayPoints:b = true
		showAreas:b = true
		showUnits:b = true
		showTriggers:b = true
		showMissionObjectives:b = true
		showWayPoints:b = true
		excludes {

		}
	}
	import_record {
		file:t = "gameData/missions/templates/land_units_move_template.blk"
		importAreas:b = true
		importUnits:b = true
		importTriggers:b = true
		importMissionObjectives:b = true
		importWayPoints:b = true
		showAreas:b = true
		showUnits:b = true
		showTriggers:b = true
		showMissionObjectives:b = true
		showWayPoints:b = true
		excludes {

		}
	}
	import_record {
		file:t = "gameData/missions/templates/gs_objectives_template.blk"
		importAreas:b = true
		importUnits:b = true
		importTriggers:b = true
		importMissionObjectives:b = true
		importWayPoints:b = true
		showAreas:b = true
		showUnits:b = true
		showTriggers:b = true
		showMissionObjectives:b = true
		showWayPoints:b = true
		excludes {

		}
	}
	import_record {
		file:t = "gameData/missions/templates/air_templates/gs/assaults_gs_template.blk"
		importAreas:b = true
		importUnits:b = true
		importTriggers:b = true
		importMissionObjectives:b = true
		importWayPoints:b = true
		showAreas:b = true
		showUnits:b = true
		showTriggers:b = true
		showMissionObjectives:b = true
		showWayPoints:b = true
		excludes {

		}
	}
	import_record {
		file:t = "gameData/missions/templates/air_templates/gs/template_at_gs_planeset.blk"
		importAreas:b = true
		importUnits:b = true
		importTriggers:b = true
		importMissionObjectives:b = true
		importWayPoints:b = true
		showAreas:b = true
		showUnits:b = true
		showTriggers:b = true
		showMissionObjectives:b = true
		showWayPoints:b = true
		excludes {

		}
	}
	import_record {
		file:t = "gameData/missions/cta/planes/arcade/GS/air_southeastern_cliffs/mu_movable_units_template.blk"
		importAreas:b = true
		importUnits:b = true
		importTriggers:b = true
		importMissionObjectives:b = true
		importWayPoints:b = true
		showAreas:b = true
		showUnits:b = true
		showTriggers:b = true
		showMissionObjectives:b = true
		showWayPoints:b = true
		excludes {

		}
	}
	import_record {
		file:t = "gameData/missions/cta/planes/arcade/GS/air_southeastern_cliffs/stc_static_units_template.blk"
		importAreas:b = true
		importUnits:b = true
		importTriggers:b = true
		importMissionObjectives:b = true
		importWayPoints:b = true
		showAreas:b = true
		showUnits:b = true
		showTriggers:b = true
		showMissionObjectives:b = true
		showWayPoints:b = true
		excludes {

		}
	}
	import_record {
		file:t = "gameData/missions/cta/planes/arcade/GS/air_southeastern_cliffs/bdt_bases_destroy_part.blk"
		importAreas:b = true
		importUnits:b = true
		importTriggers:b = true
		importMissionObjectives:b = true
		importWayPoints:b = true
		showAreas:b = true
		showUnits:b = true
		showTriggers:b = true
		showMissionObjectives:b = true
		showWayPoints:b = true
		excludes {

		}
	}
	import_record {
		file:t = "gameData/missions/templates/air_templates/aat_aaa_template.blk"
		importAreas:b = true
		importUnits:b = true
		importTriggers:b = true
		importMissionObjectives:b = true
		importWayPoints:b = true
		showAreas:b = true
		showUnits:b = true
		showTriggers:b = true
		showMissionObjectives:b = true
		showWayPoints:b = true
		excludes {

		}
	}
}
triggers {
	isCategory:b = true
	is_enabled:b = true
	start_mission {
		is_enabled:b = true
		comments:t = ""
		props {
			actionsType:t = "PERFORM_ONE_BY_ONE"
			conditionsType:t = "ALL"
			enableAfterComplete:b = false
		}
		events {
			initMission {

			}
		}
		conditions {

		}
		actions {
			varSetBool {
				value:b = false
				var:t = "barabashka_enabled"
			}
			comment {
				value:t = ""
			}
			varSetReal {
				value:r = 1800
				var:t = "arcade_destroy_timer"
				var:t = "historical_destroy_timer"
			}
			comment {
				value:t = ""
			}
			varSetInt {
				value:i = 600
				var:t = "long_time_is"
			}
			varSetInt {
				value:i = 900
				var:t = "long_time_arcade_timer"
			}
			varSetInt {
				value:i = 64000
				var:t = "long_time_arcade_distance"
			}
			comment {
				value:t = ""
			}
			varSetReal {
				value:r = 250
				var:t = "nearDamageDistance"
			}
			unitSetIndication {
				set:b = true
				target:t = "t1_quest_units_squad"
				target_marking:i = 0
				object_var_name:t = ""
				object_var_comp_op:t = "equal"
				object_var_value:i = 0
				team:t = "B"
			}
			unitSetIndication {
				set:b = true
				target:t = "t2_quest_units_squad"
				target_marking:i = 0
				object_var_name:t = ""
				object_var_comp_op:t = "equal"
				object_var_value:i = 0
				team:t = "A"
			}
		}
		else_actions {

		}
	}
	update_indicators {
		is_enabled:b = false
		comments:t = ""
		props {
			actionsType:t = "PERFORM_ONE_BY_ONE"
			conditionsType:t = "ALL"
			enableAfterComplete:b = true
		}
		events {
			periodicEvent {
				time:r = 1
			}
		}
		conditions {

		}
		actions {
			missionSetTargetsIndicator {
				target_type:t = "isActive"
				target_marking:i = 0
				delta:i = 0
				icon:t = "tank"
				"icon army":i = 1
				set:b = true
				object_var_name:t = ""
				object_var_comp_op:t = "equal"
				object_var_value:i = 0
				target:t = "t1_quest_units_squad"
			}
			missionSetTargetsIndicator {
				target_type:t = "isActive"
				target_marking:i = 0
				delta:i = 0
				icon:t = "tank"
				"icon army":i = 2
				set:b = true
				object_var_name:t = ""
				object_var_comp_op:t = "equal"
				object_var_value:i = 0
				target:t = "t2_quest_units_squad"
			}
		}
		else_actions {

		}
	}
}
mission_objectives {
	isCategory:b = true
	is_enabled:b = true
}
variables {

}
dialogs {

}
airfields {

}
effects {

}
units {
	objectGroups {
		name:t = "t1_airfield"
		tm:m = [[-0.858633, 0.0, -1.10578] [0.0, 1.4, 0.0] [1.10578, 0.0, -0.858633] [-688.15, 555.207, -20350.0]]
		unit_class:t = "dynaf_universal_1line_a"
		objLayer:i = 2
		props {
			army:i = 1
			active:b = true
		}
	}
	objectGroups {
		name:t = "t2_airfield"
		tm:m = [[1.06606, 0.0, 0.907478] [0.0, 1.4, 0.0] [-0.907478, 0.0, 1.06606] [18942.4, 695.163, -2375.41]]
		unit_class:t = "dynaf_universal_1line_a"
		objLayer:i = 2
		props {
			army:i = 2
			active:b = true
		}
	}
	air_defence {
		name:t = "t1_def_small_aaa_01"
		tm:m = [[0.840289, 0.0, -0.542138] [0.0, 1.0, 0.0] [0.542138, 0.0, 0.840289] [-627.654, 766.751, -19789.5]]
		unit_class:t = "germ_37mm_flak43_airfield"
		objLayer:i = 1
		closed_waypoints:b = false
		isShipSpline:b = false
		shipTurnRadius:r = 100
		weapons:t = ""
		bullets0:t = ""
		bullets1:t = ""
		bullets2:t = ""
		bullets3:t = ""
		bulletsCount0:i = 0
		bulletsCount1:i = 0
		bulletsCount2:i = 0
		bulletsCount3:i = 0
		crewSkillK:r = 0
		applyAllMods:b = false
		props {
			army:i = 1
			count:i = 1
			formation_type:t = "rows"
			formation_div:i = 3
			formation_step:p2 = 2.5, 2
			formation_noise:p2 = 0.1, 0.1
			uniqueName:t = ""
			attack_type:t = "fire_at_will"
		}
		way {

		}
	}
	air_defence {
		name:t = "t1_def_small_aaa_02"
		tm:m = [[0.840289, 0.0, -0.542138] [0.0, 1.0, 0.0] [0.542138, 0.0, 0.840289] [-217.434, 776.251, -20290.7]]
		unit_class:t = "germ_37mm_flak43_airfield"
		objLayer:i = 1
		closed_waypoints:b = false
		isShipSpline:b = false
		shipTurnRadius:r = 100
		weapons:t = ""
		bullets0:t = ""
		bullets1:t = ""
		bullets2:t = ""
		bullets3:t = ""
		bulletsCount0:i = 0
		bulletsCount1:i = 0
		bulletsCount2:i = 0
		bulletsCount3:i = 0
		crewSkillK:r = 0
		applyAllMods:b = false
		props {
			army:i = 1
			count:i = 1
			formation_type:t = "rows"
			formation_div:i = 3
			formation_step:p2 = 2.5, 2
			formation_noise:p2 = 0.1, 0.1
			uniqueName:t = ""
			attack_type:t = "fire_at_will"
		}
		way {

		}
	}
	air_defence {
		name:t = "t1_def_small_aaa_03"
		tm:m = [[0.840289, 0.0, -0.542138] [0.0, 1.0, 0.0] [0.542138, 0.0, 0.840289] [-829.283, 824.001, -21051.8]]
		unit_class:t = "germ_37mm_flak43_airfield"
		objLayer:i = 1
		closed_waypoints:b = false
		isShipSpline:b = false
		shipTurnRadius:r = 100
		weapons:t = ""
		bullets0:t = ""
		bullets1:t = ""
		bullets2:t = ""
		bullets3:t = ""
		bulletsCount0:i = 0
		bulletsCount1:i = 0
		bulletsCount2:i = 0
		bulletsCount3:i = 0
		crewSkillK:r = 0
		applyAllMods:b = false
		props {
			army:i = 1
			count:i = 1
			formation_type:t = "rows"
			formation_div:i = 3
			formation_step:p2 = 2.5, 2
			formation_noise:p2 = 0.1, 0.1
			uniqueName:t = ""
			attack_type:t = "fire_at_will"
		}
		way {

		}
	}
	air_defence {
		name:t = "t1_def_small_aaa_04"
		tm:m = [[0.840289, 0.0, -0.542138] [0.0, 1.0, 0.0] [0.542138, 0.0, 0.840289] [-1451.33, 849.201, -20981.2]]
		unit_class:t = "germ_37mm_flak43_airfield"
		objLayer:i = 1
		closed_waypoints:b = false
		isShipSpline:b = false
		shipTurnRadius:r = 100
		weapons:t = ""
		bullets0:t = ""
		bullets1:t = ""
		bullets2:t = ""
		bullets3:t = ""
		bulletsCount0:i = 0
		bulletsCount1:i = 0
		bulletsCount2:i = 0
		bulletsCount3:i = 0
		crewSkillK:r = 0
		applyAllMods:b = false
		props {
			army:i = 1
			count:i = 1
			formation_type:t = "rows"
			formation_div:i = 3
			formation_step:p2 = 2.5, 2
			formation_noise:p2 = 0.1, 0.1
			uniqueName:t = ""
			attack_type:t = "fire_at_will"
		}
		way {

		}
	}
	air_defence {
		name:t = "t1_def_small_aaa_05"
		tm:m = [[0.840289, 0.0, -0.542138] [0.0, 1.0, 0.0] [0.542138, 0.0, 0.840289] [1519.71, 563.606, -20563.4]]
		unit_class:t = "germ_37mm_flak43_airfield"
		objLayer:i = 1
		closed_waypoints:b = false
		isShipSpline:b = false
		shipTurnRadius:r = 100
		weapons:t = ""
		bullets0:t = ""
		bullets1:t = ""
		bullets2:t = ""
		bullets3:t = ""
		bulletsCount0:i = 0
		bulletsCount1:i = 0
		bulletsCount2:i = 0
		bulletsCount3:i = 0
		crewSkillK:r = 0
		applyAllMods:b = false
		props {
			army:i = 1
			count:i = 1
			formation_type:t = "rows"
			formation_div:i = 3
			formation_step:p2 = 2.5, 2
			formation_noise:p2 = 0.1, 0.1
			uniqueName:t = ""
			attack_type:t = "fire_at_will"
		}
		way {

		}
	}
	air_defence {
		name:t = "t1_def_small_aaa_06"
		tm:m = [[0.840289, 0.0, -0.542138] [0.0, 1.0, 0.0] [0.542138, 0.0, 0.840289] [-1136.3, 823.751, -20363.1]]
		unit_class:t = "germ_37mm_flak43_airfield"
		objLayer:i = 1
		closed_waypoints:b = false
		isShipSpline:b = false
		shipTurnRadius:r = 100
		weapons:t = ""
		bullets0:t = ""
		bullets1:t = ""
		bullets2:t = ""
		bullets3:t = ""
		bulletsCount0:i = 0
		bulletsCount1:i = 0
		bulletsCount2:i = 0
		bulletsCount3:i = 0
		crewSkillK:r = 0
		applyAllMods:b = false
		props {
			army:i = 1
			count:i = 1
			formation_type:t = "rows"
			formation_div:i = 3
			formation_step:p2 = 2.5, 2
			formation_noise:p2 = 0.1, 0.1
			uniqueName:t = ""
			attack_type:t = "fire_at_will"
		}
		way {

		}
	}
	air_defence {
		name:t = "t1_def_big_aaa_01"
		tm:m = [[0.840289, 0.0, -0.542138] [0.0, 1.0, 0.0] [0.542138, 0.0, 0.840289] [-139.985, 753.351, -20884.2]]
		unit_class:t = "germ_88mm_flak36"
		objLayer:i = 1
		closed_waypoints:b = false
		isShipSpline:b = false
		shipTurnRadius:r = 100
		weapons:t = ""
		bullets0:t = ""
		bullets1:t = ""
		bullets2:t = ""
		bullets3:t = ""
		bulletsCount0:i = 0
		bulletsCount1:i = 0
		bulletsCount2:i = 0
		bulletsCount3:i = 0
		crewSkillK:r = 0
		applyAllMods:b = false
		props {
			army:i = 1
			count:i = 1
			formation_type:t = "rows"
			formation_div:i = 3
			formation_step:p2 = 2.5, 2
			formation_noise:p2 = 0.1, 0.1
			uniqueName:t = ""
			attack_type:t = "fire_at_will"
		}
		way {

		}
	}
	air_defence {
		name:t = "t1_def_big_aaa_02"
		tm:m = [[0.840289, 0.0, -0.542138] [0.0, 1.0, 0.0] [0.542138, 0.0, 0.840289] [-1563.8, 801.251, -20071.8]]
		unit_class:t = "germ_88mm_flak36"
		objLayer:i = 1
		closed_waypoints:b = false
		isShipSpline:b = false
		shipTurnRadius:r = 100
		weapons:t = ""
		bullets0:t = ""
		bullets1:t = ""
		bullets2:t = ""
		bullets3:t = ""
		bulletsCount0:i = 0
		bulletsCount1:i = 0
		bulletsCount2:i = 0
		bulletsCount3:i = 0
		crewSkillK:r = 0
		applyAllMods:b = false
		props {
			army:i = 1
			count:i = 1
			formation_type:t = "rows"
			formation_div:i = 3
			formation_step:p2 = 2.5, 2
			formation_noise:p2 = 0.1, 0.1
			uniqueName:t = ""
			attack_type:t = "fire_at_will"
		}
		way {

		}
	}
	air_defence {
		name:t = "t1_def_big_aaa_03"
		tm:m = [[0.840289, 0.0, -0.542138] [0.0, 1.0, 0.0] [0.542138, 0.0, 0.840289] [677.857, 753.351, -20005.5]]
		unit_class:t = "germ_88mm_flak36"
		objLayer:i = 1
		closed_waypoints:b = false
		isShipSpline:b = false
		shipTurnRadius:r = 100
		weapons:t = ""
		bullets0:t = ""
		bullets1:t = ""
		bullets2:t = ""
		bullets3:t = ""
		bulletsCount0:i = 0
		bulletsCount1:i = 0
		bulletsCount2:i = 0
		bulletsCount3:i = 0
		crewSkillK:r = 0
		applyAllMods:b = false
		props {
			army:i = 1
			count:i = 1
			formation_type:t = "rows"
			formation_div:i = 3
			formation_step:p2 = 2.5, 2
			formation_noise:p2 = 0.1, 0.1
			uniqueName:t = ""
			attack_type:t = "fire_at_will"
		}
		way {

		}
	}
	air_defence {
		name:t = "t1_def_big_aaa_04"
		tm:m = [[0.840289, 0.0, -0.542138] [0.0, 1.0, 0.0] [0.542138, 0.0, 0.840289] [-560.619, 753.351, -19201.1]]
		unit_class:t = "germ_88mm_flak36"
		objLayer:i = 1
		closed_waypoints:b = false
		isShipSpline:b = false
		shipTurnRadius:r = 100
		weapons:t = ""
		bullets0:t = ""
		bullets1:t = ""
		bullets2:t = ""
		bullets3:t = ""
		bulletsCount0:i = 0
		bulletsCount1:i = 0
		bulletsCount2:i = 0
		bulletsCount3:i = 0
		crewSkillK:r = 0
		applyAllMods:b = false
		props {
			army:i = 1
			count:i = 1
			formation_type:t = "rows"
			formation_div:i = 3
			formation_step:p2 = 2.5, 2
			formation_noise:p2 = 0.1, 0.1
			uniqueName:t = ""
			attack_type:t = "fire_at_will"
		}
		way {

		}
	}
	squad {
		name:t = "t1_def_aaa_squad"
		tm:m = [[0.840289, 0.0, -0.542138] [0.0, 1.0, 0.0] [0.542138, 0.0, 0.840289] [206.292, 685.347, -19975.7]]
		props {
			squad_members:t = "t1_def_small_aaa_01"
			squad_members:t = "t1_def_small_aaa_02"
			squad_members:t = "t1_def_small_aaa_03"
			squad_members:t = "t1_def_small_aaa_04"
			squad_members:t = "t1_def_small_aaa_05"
			squad_members:t = "t1_def_small_aaa_06"
			squad_members:t = "t1_def_big_aaa_01"
			squad_members:t = "t1_def_big_aaa_02"
			squad_members:t = "t1_def_big_aaa_03"
			squad_members:t = "t1_def_big_aaa_04"
			object_marking:i = 0
		}
	}
	air_defence {
		name:t = "t2_def_small_aaa_01"
		tm:m = [[0.468022, 0.0, -0.883717] [0.0, 1.0, 0.0] [0.883717, 0.0, 0.468022] [19924.2, 986.282, -2383.09]]
		unit_class:t = "germ_37mm_flak43_airfield"
		objLayer:i = 1
		closed_waypoints:b = false
		isShipSpline:b = false
		shipTurnRadius:r = 100
		weapons:t = ""
		bullets0:t = ""
		bullets1:t = ""
		bullets2:t = ""
		bullets3:t = ""
		bulletsCount0:i = 0
		bulletsCount1:i = 0
		bulletsCount2:i = 0
		bulletsCount3:i = 0
		crewSkillK:r = 0
		applyAllMods:b = false
		props {
			army:i = 2
			count:i = 1
			formation_type:t = "rows"
			formation_div:i = 3
			formation_step:p2 = 2.5, 2
			formation_noise:p2 = 0.1, 0.1
			uniqueName:t = ""
			attack_type:t = "fire_at_will"
		}
		way {

		}
	}
	air_defence {
		name:t = "t2_def_small_aaa_02"
		tm:m = [[0.468022, 0.0, -0.883717] [0.0, 1.0, 0.0] [0.883717, 0.0, 0.468022] [18119.5, 986.282, -2480.12]]
		unit_class:t = "germ_37mm_flak43_airfield"
		objLayer:i = 1
		closed_waypoints:b = false
		isShipSpline:b = false
		shipTurnRadius:r = 100
		weapons:t = ""
		bullets0:t = ""
		bullets1:t = ""
		bullets2:t = ""
		bullets3:t = ""
		bulletsCount0:i = 0
		bulletsCount1:i = 0
		bulletsCount2:i = 0
		bulletsCount3:i = 0
		crewSkillK:r = 0
		applyAllMods:b = false
		props {
			army:i = 2
			count:i = 1
			formation_type:t = "rows"
			formation_div:i = 3
			formation_step:p2 = 2.5, 2
			formation_noise:p2 = 0.1, 0.1
			uniqueName:t = ""
			attack_type:t = "fire_at_will"
		}
		way {

		}
	}
	air_defence {
		name:t = "t2_def_small_aaa_03"
		tm:m = [[0.468022, 0.0, -0.883717] [0.0, 1.0, 0.0] [0.883717, 0.0, 0.468022] [18914.3, 986.282, -2031.33]]
		unit_class:t = "germ_37mm_flak43_airfield"
		objLayer:i = 1
		closed_waypoints:b = false
		isShipSpline:b = false
		shipTurnRadius:r = 100
		weapons:t = ""
		bullets0:t = ""
		bullets1:t = ""
		bullets2:t = ""
		bullets3:t = ""
		bulletsCount0:i = 0
		bulletsCount1:i = 0
		bulletsCount2:i = 0
		bulletsCount3:i = 0
		crewSkillK:r = 0
		applyAllMods:b = false
		props {
			army:i = 2
			count:i = 1
			formation_type:t = "rows"
			formation_div:i = 3
			formation_step:p2 = 2.5, 2
			formation_noise:p2 = 0.1, 0.1
			uniqueName:t = ""
			attack_type:t = "fire_at_will"
		}
		way {

		}
	}
	air_defence {
		name:t = "t2_def_small_aaa_04"
		tm:m = [[0.468022, 0.0, -0.883717] [0.0, 1.0, 0.0] [0.883717, 0.0, 0.468022] [19664.1, 986.282, -2308.99]]
		unit_class:t = "germ_37mm_flak43_airfield"
		objLayer:i = 1
		closed_waypoints:b = false
		isShipSpline:b = false
		shipTurnRadius:r = 100
		weapons:t = ""
		bullets0:t = ""
		bullets1:t = ""
		bullets2:t = ""
		bullets3:t = ""
		bulletsCount0:i = 0
		bulletsCount1:i = 0
		bulletsCount2:i = 0
		bulletsCount3:i = 0
		crewSkillK:r = 0
		applyAllMods:b = false
		props {
			army:i = 2
			count:i = 1
			formation_type:t = "rows"
			formation_div:i = 3
			formation_step:p2 = 2.5, 2
			formation_noise:p2 = 0.1, 0.1
			uniqueName:t = ""
			attack_type:t = "fire_at_will"
		}
		way {

		}
	}
	air_defence {
		name:t = "t2_def_small_aaa_05"
		tm:m = [[0.468022, 0.0, -0.883717] [0.0, 1.0, 0.0] [0.883717, 0.0, 0.468022] [18419.8, 986.282, -3477.15]]
		unit_class:t = "germ_37mm_flak43_airfield"
		objLayer:i = 1
		closed_waypoints:b = false
		isShipSpline:b = false
		shipTurnRadius:r = 100
		weapons:t = ""
		bullets0:t = ""
		bullets1:t = ""
		bullets2:t = ""
		bullets3:t = ""
		bulletsCount0:i = 0
		bulletsCount1:i = 0
		bulletsCount2:i = 0
		bulletsCount3:i = 0
		crewSkillK:r = 0
		applyAllMods:b = false
		props {
			army:i = 2
			count:i = 1
			formation_type:t = "rows"
			formation_div:i = 3
			formation_step:p2 = 2.5, 2
			formation_noise:p2 = 0.1, 0.1
			uniqueName:t = ""
			attack_type:t = "fire_at_will"
		}
		way {

		}
	}
	air_defence {
		name:t = "t2_def_small_aaa_06"
		tm:m = [[0.468022, 0.0, -0.883717] [0.0, 1.0, 0.0] [0.883717, 0.0, 0.468022] [19224.9, 986.282, -3030.05]]
		unit_class:t = "germ_37mm_flak43_airfield"
		objLayer:i = 1
		closed_waypoints:b = false
		isShipSpline:b = false
		shipTurnRadius:r = 100
		weapons:t = ""
		bullets0:t = ""
		bullets1:t = ""
		bullets2:t = ""
		bullets3:t = ""
		bulletsCount0:i = 0
		bulletsCount1:i = 0
		bulletsCount2:i = 0
		bulletsCount3:i = 0
		crewSkillK:r = 0
		applyAllMods:b = false
		props {
			army:i = 2
			count:i = 1
			formation_type:t = "rows"
			formation_div:i = 3
			formation_step:p2 = 2.5, 2
			formation_noise:p2 = 0.1, 0.1
			uniqueName:t = ""
			attack_type:t = "fire_at_will"
		}
		way {

		}
	}
	air_defence {
		name:t = "t2_def_big_aaa_01"
		tm:m = [[0.468022, 0.0, -0.883717] [0.0, 1.0, 0.0] [0.883717, 0.0, 0.468022] [17567.4, 986.282, -3017.23]]
		unit_class:t = "germ_88mm_flak36"
		objLayer:i = 1
		closed_waypoints:b = false
		isShipSpline:b = false
		shipTurnRadius:r = 100
		weapons:t = ""
		bullets0:t = ""
		bullets1:t = ""
		bullets2:t = ""
		bullets3:t = ""
		bulletsCount0:i = 0
		bulletsCount1:i = 0
		bulletsCount2:i = 0
		bulletsCount3:i = 0
		crewSkillK:r = 0
		applyAllMods:b = false
		props {
			army:i = 2
			count:i = 1
			formation_type:t = "rows"
			formation_div:i = 3
			formation_step:p2 = 2.5, 2
			formation_noise:p2 = 0.1, 0.1
			uniqueName:t = ""
			attack_type:t = "fire_at_will"
		}
		way {

		}
	}
	air_defence {
		name:t = "t2_def_big_aaa_02"
		tm:m = [[0.468022, 0.0, -0.883717] [0.0, 1.0, 0.0] [0.883717, 0.0, 0.468022] [19710.8, 986.282, -1677.67]]
		unit_class:t = "germ_88mm_flak36"
		objLayer:i = 1
		closed_waypoints:b = false
		isShipSpline:b = false
		shipTurnRadius:r = 100
		weapons:t = ""
		bullets0:t = ""
		bullets1:t = ""
		bullets2:t = ""
		bullets3:t = ""
		bulletsCount0:i = 0
		bulletsCount1:i = 0
		bulletsCount2:i = 0
		bulletsCount3:i = 0
		crewSkillK:r = 0
		applyAllMods:b = false
		props {
			army:i = 2
			count:i = 1
			formation_type:t = "rows"
			formation_div:i = 3
			formation_step:p2 = 2.5, 2
			formation_noise:p2 = 0.1, 0.1
			uniqueName:t = ""
			attack_type:t = "fire_at_will"
		}
		way {

		}
	}
	air_defence {
		name:t = "t2_def_big_aaa_03"
		tm:m = [[0.468022, 0.0, -0.883717] [0.0, 1.0, 0.0] [0.883717, 0.0, 0.468022] [17579.1, 986.282, -2241.75]]
		unit_class:t = "germ_88mm_flak36"
		objLayer:i = 1
		closed_waypoints:b = false
		isShipSpline:b = false
		shipTurnRadius:r = 100
		weapons:t = ""
		bullets0:t = ""
		bullets1:t = ""
		bullets2:t = ""
		bullets3:t = ""
		bulletsCount0:i = 0
		bulletsCount1:i = 0
		bulletsCount2:i = 0
		bulletsCount3:i = 0
		crewSkillK:r = 0
		applyAllMods:b = false
		props {
			army:i = 2
			count:i = 1
			formation_type:t = "rows"
			formation_div:i = 3
			formation_step:p2 = 2.5, 2
			formation_noise:p2 = 0.1, 0.1
			uniqueName:t = ""
			attack_type:t = "fire_at_will"
		}
		way {

		}
	}
	air_defence {
		name:t = "t2_def_big_aaa_04"
		tm:m = [[0.468022, 0.0, -0.883717] [0.0, 1.0, 0.0] [0.883717, 0.0, 0.468022] [19518.2, 986.282, -3367.42]]
		unit_class:t = "germ_88mm_flak36"
		objLayer:i = 1
		closed_waypoints:b = false
		isShipSpline:b = false
		shipTurnRadius:r = 100
		weapons:t = ""
		bullets0:t = ""
		bullets1:t = ""
		bullets2:t = ""
		bullets3:t = ""
		bulletsCount0:i = 0
		bulletsCount1:i = 0
		bulletsCount2:i = 0
		bulletsCount3:i = 0
		crewSkillK:r = 0
		applyAllMods:b = false
		props {
			army:i = 2
			count:i = 1
			formation_type:t = "rows"
			formation_div:i = 3
			formation_step:p2 = 2.5, 2
			formation_noise:p2 = 0.1, 0.1
			uniqueName:t = ""
			attack_type:t = "fire_at_will"
		}
		way {

		}
	}
	squad {
		name:t = "t2_def_aaa_squad"
		tm:m = [[0.468022, 0.0, -0.883717] [0.0, 1.0, 0.0] [0.883717, 0.0, 0.468022] [18221.4, 954.125, -2607.43]]
		props {
			squad_members:t = "t2_def_small_aaa_01"
			squad_members:t = "t2_def_small_aaa_02"
			squad_members:t = "t2_def_small_aaa_03"
			squad_members:t = "t2_def_small_aaa_04"
			squad_members:t = "t2_def_small_aaa_05"
			squad_members:t = "t2_def_small_aaa_06"
			squad_members:t = "t2_def_big_aaa_01"
			squad_members:t = "t2_def_big_aaa_02"
			squad_members:t = "t2_def_big_aaa_03"
			squad_members:t = "t2_def_big_aaa_04"
			object_marking:i = 0
		}
	}
	armada {
		name:t = "t1_player01"
		tm:m = [[1.0, 0.0, 0.0] [0.0, 1.0, 0.0] [0.0, 0.0, 1.0] [9244.7, 2209.5, -11755.2]]
		unit_class:t = "a5m4"
		objLayer:i = 1
		closed_waypoints:b = false
		isShipSpline:b = false
		shipTurnRadius:r = 100
		weapons:t = ""
		bullets0:t = ""
		bullets1:t = ""
		bullets2:t = ""
		bullets3:t = ""
		bulletsCount0:i = 0
		bulletsCount1:i = 0
		bulletsCount2:i = 0
		bulletsCount3:i = 0
		crewSkillK:r = 0
		applyAllMods:b = false
		props {
			army:i = 2
			count:i = 1
			free_distance:r = 70
			floating_distance:r = 50
			minimum_distance_to_earth:r = 20
			altLimit:r = 6000
			attack_type:t = "fire_at_will"
			skill:i = 4
			plane {
				wing_formation:t = "Diamond"
				row_distances:r = 3
				col_distances:r = 3
				super_formation:t = "Diamond"
				super_row_distances:r = 1.5
				super_col_distances:r = 1.5
				ai_skill:t = "NORMAL"
				task:t = "FLY_WAYPOINT"
			}
		}
		way {

		}
	}
	squad {
		name:t = "t1_land_squad"
		tm:m = [[1.0, 0.0, 0.0] [0.0, 1.0, 0.0] [0.0, 0.0, 1.0] [14059.5, 650.883, -34641.1]]
		props {
			squad_members:t = "t1_static_units_squad"
		}
	}
	squad {
		name:t = "t2_land_squad"
		tm:m = [[1.0, 0.0, 0.0] [0.0, 1.0, 0.0] [0.0, 0.0, 1.0] [27591.4, 632.991, -22754.3]]
		props {
			squad_members:t = "t2_static_units_squad"
		}
	}
	squad {
		name:t = "t1_quest_units_squad"
		tm:m = [[1.0, 0.0, 0.0] [0.0, 1.0, 0.0] [0.0, 0.0, 1.0] [19344.9, 657.642, -35148.4]]
		props {
			squad_members:t = "t1_land_squad"
			squad_members:t = "t1_movable_units_squad"
		}
	}
	squad {
		name:t = "t2_quest_units_squad"
		tm:m = [[1.0, 0.0, 0.0] [0.0, 1.0, 0.0] [0.0, 0.0, 1.0] [28145.5, 639.116, -27923.8]]
		props {
			squad_members:t = "t2_land_squad"
			squad_members:t = "t2_movable_units_squad"
		}
	}
	squad {
		name:t = "t1_heavy_units_squad"
		tm:m = [[1.0, 0.0, 0.0] [0.0, 1.0, 0.0] [0.0, 0.0, 1.0] [7872.7, 520.276, -19254.2]]
		props {
			squad_members:t = "t1_tank_01"
			squad_members:t = "t1_acar_01"
			squad_members:t = "t1_tank_02"
			squad_members:t = "t1_acar_02"
			squad_members:t = "t1_tank_03"
			squad_members:t = "t1_acar_03"
			squad_members:t = "t1_tank_04"
			squad_members:t = "t1_acar_04"
		}
	}
	squad {
		name:t = "t2_heavy_units_squad"
		tm:m = [[1.0, 0.0, 0.0] [0.0, 1.0, 0.0] [0.0, 0.0, 1.0] [19310.1, 520.276, -13575.1]]
		props {
			squad_members:t = "t2_tank_01"
			squad_members:t = "t2_acar_01"
			squad_members:t = "t2_tank_02"
			squad_members:t = "t2_acar_02"
			squad_members:t = "t2_tank_03"
			squad_members:t = "t2_acar_03"
			squad_members:t = "t2_tank_04"
			squad_members:t = "t2_acar_04"
		}
	}
	squad {
		name:t = "t1_light_units_squad"
		tm:m = [[1.0, 0.0, 0.0] [0.0, 1.0, 0.0] [0.0, 0.0, 1.0] [7161.89, 518.144, -19531.0]]
		props {
			squad_members:t = "t1_truck_01"
			squad_members:t = "t1_truck_02"
			squad_members:t = "t1_truck_03"
			squad_members:t = "t1_truck_04"
		}
	}
	squad {
		name:t = "t2_light_units_squad"
		tm:m = [[1.0, 0.0, 0.0] [0.0, 1.0, 0.0] [0.0, 0.0, 1.0] [20166.9, 518.142, -14074.8]]
		props {
			squad_members:t = "t2_truck_01"
			squad_members:t = "t2_truck_02"
			squad_members:t = "t2_truck_03"
			squad_members:t = "t2_truck_04"
		}
	}
	squad {
		name:t = "t1_all_aaa_squad"
		tm:m = [[1.0, 0.0, 0.0] [0.0, 1.0, 0.0] [0.0, 0.0, 1.0] [-12044.3, 82.6, 8795.3]]
		props {
			squad_members:t = "bdt_t1_aaa_squad"
			squad_members:t = "t1_aaa_squad"
		}
	}
	squad {
		name:t = "t2_all_aaa_squad"
		tm:m = [[1.0, 0.0, 0.0] [0.0, 1.0, 0.0] [0.0, 0.0, 1.0] [-13692.0, 82.6, 6216.75]]
		props {
			squad_members:t = "bdt_t2_aaa_squad"
			squad_members:t = "t2_aaa_squad"
		}
	}
}
areas {
	t1_airfield_bombing_zone {
		type:t = "Box"
		tm:m = [[1226.16, 0.0, 1580.04] [0.0, 350.0, 0.0] [-592.517, 0.0, 459.808] [-611.951, 428.631, -20384.8]]
		objLayer:i = 0
		props {

		}
	}
	t2_airfield_bombing_zone {
		type:t = "Box"
		tm:m = [[1533.26, 0.0, 1284.17] [0.0, 350.0, 0.0] [-481.565, 0.0, 574.974] [18840.3, 670.743, -2420.8]]
		objLayer:i = 0
		props {

		}
	}
	t1_briefing_defend_point {
		type:t = "Point"
		tm:m = [[0.614285, 0.0, -0.789084] [0.0, 1.0, 0.0] [0.789084, 0.0, 0.614285] [7149.94, 718.805, -13536.2]]
		objLayer:i = 4
		props {

		}
	}
	t2_briefing_defend_point {
		type:t = "Point"
		tm:m = [[0.614285, 0.0, -0.789084] [0.0, 1.0, 0.0] [0.789084, 0.0, 0.614285] [11418.5, 581.368, -10265.8]]
		objLayer:i = 4
		props {

		}
	}
	t1_briefing_attack_point_01 {
		type:t = "Point"
		tm:m = [[0.614285, 0.0, -0.789084] [0.0, 1.0, 0.0] [0.789084, 0.0, 0.614285] [9838.65, 590.927, -15252.9]]
		objLayer:i = 4
		props {

		}
	}
	t1_briefing_attack_point_02 {
		type:t = "Point"
		tm:m = [[0.614285, 0.0, -0.789084] [0.0, 1.0, 0.0] [0.789084, 0.0, 0.614285] [5734.3, 631.031, -10858.3]]
		objLayer:i = 4
		props {

		}
	}
	t2_briefing_attack_point_01 {
		type:t = "Point"
		tm:m = [[0.614285, 0.0, -0.789084] [0.0, 1.0, 0.0] [0.789084, 0.0, 0.614285] [12359.3, 617.57, -12918.2]]
		objLayer:i = 4
		props {

		}
	}
	t2_briefing_attack_point_02 {
		type:t = "Point"
		tm:m = [[0.614285, 0.0, -0.789084] [0.0, 1.0, 0.0] [0.789084, 0.0, 0.614285] [8632.89, 588.227, -8637.79]]
		objLayer:i = 4
		props {

		}
	}
	briefing_central_point {
		type:t = "Point"
		tm:m = [[-0.622738, 0.0, -0.78243] [0.0, 1.0, 0.0] [0.78243, 0.0, -0.622738] [9361.29, 1177.44, -11843.4]]
		objLayer:i = 4
		props {

		}
	}
	spectator_point_01 {
		type:t = "Point"
		tm:m = [[0.0909019, -0.258819, -0.96164] [0.0243577, 0.965926, -0.25767] [0.995562, 0.0, 0.0941071] [8952.74, 1130.15, -8387.76]]
		objLayer:i = 3
		props {

		}
	}
	spectator_point_02 {
		type:t = "Point"
		tm:m = [[-0.934735, -0.258819, 0.243481] [-0.250462, 0.965926, 0.0652405] [-0.252069, 0.0, -0.967708] [12801.6, 1130.15, -12221.7]]
		objLayer:i = 3
		props {

		}
	}
	spectator_point_03 {
		type:t = "Point"
		tm:m = [[0.202476, -0.258819, 0.944466] [0.0542534, 0.965926, 0.25307] [-0.977784, 0.0, 0.209618] [8649.14, 1130.15, -15606.9]]
		objLayer:i = 3
		props {

		}
	}
	spectator_point_04 {
		type:t = "Point"
		tm:m = [[0.965902, -0.258819, 0.00674298] [0.258813, 0.965926, 0.00180735] [-0.00698084, 0.0, 0.999975] [2289.4, 1130.15, -12180.4]]
		objLayer:i = 3
		props {

		}
	}
	at_t1_spawn_01_01 {
		type:t = "Point"
		tm:m = [[-0.593487, 0.0, 0.804843] [0.0, 1.0, 0.0] [-0.804843, 0.0, -0.593487] [10546.7, 1000.0, -19718.1]]
		objLayer:i = 3
		props {

		}
	}
	at_t2_spawn_01_01 {
		type:t = "Point"
		tm:m = [[-0.593487, 0.0, 0.804843] [0.0, 1.0, 0.0] [-0.804843, 0.0, -0.593487] [15804.0, 1000.0, -16615.4]]
		objLayer:i = 3
		props {

		}
	}
	at_t1_spawn_01_02 {
		type:t = "Point"
		tm:m = [[0.593487, 0.0, -0.804843] [0.0, 1.0, 0.0] [0.804843, 0.0, 0.593487] [2030.91, 999.99, -8743.33]]
		objLayer:i = 3
		props {

		}
	}
	at_t2_spawn_01_02 {
		type:t = "Point"
		tm:m = [[0.593487, 0.0, -0.804843] [0.0, 1.0, 0.0] [0.804843, 0.0, 0.593487] [6354.11, 999.99, -4385.15]]
		objLayer:i = 3
		props {

		}
	}
	at_t1_spawn_02_01 {
		type:t = "Point"
		tm:m = [[-0.593487, 0.0, 0.804843] [0.0, 1.0, 0.0] [-0.804843, 0.0, -0.593487] [12526.4, 1000.0, -19156.8]]
		objLayer:i = 3
		props {

		}
	}
	at_t2_spawn_02_01 {
		type:t = "Point"
		tm:m = [[-0.593487, 0.0, 0.804843] [0.0, 1.0, 0.0] [-0.804843, 0.0, -0.593487] [16866.6, 1000.0, -14796.5]]
		objLayer:i = 3
		props {

		}
	}
	at_t1_spawn_02_02 {
		type:t = "Point"
		tm:m = [[0.593487, 0.0, -0.804843] [0.0, 1.0, 0.0] [0.804843, 0.0, 0.593487] [3071.33, 999.991, -6931.54]]
		objLayer:i = 3
		props {

		}
	}
	at_t2_spawn_02_02 {
		type:t = "Point"
		tm:m = [[0.593487, 0.0, -0.804843] [0.0, 1.0, 0.0] [0.804843, 0.0, 0.593487] [8358.03, 999.991, -3857.33]]
		objLayer:i = 3
		props {

		}
	}
	at_area {
		type:t = "Sphere"
		tm:m = [[12658.8, 0.0, 9785.58] [0.0, 16000.0, 0.0] [-9785.58, 0.0, 12658.8] [9435.45, 1000.0, -11778.9]]
		objLayer:i = 3
		props {

		}
	}
	briefing_t1_spawn {
		type:t = "Point"
		tm:m = [[394.542, 0.0, 307.143] [0.0, 500.0, 0.0] [-307.143, 0.0, 394.542] [4722.48, 3000.0, -15485.0]]
		objLayer:i = 0
		props {

		}
	}
	briefing_t2_spawn {
		type:t = "Point"
		tm:m = [[-394.542, 0.0, -307.143] [0.0, 500.0, 0.0] [307.143, 0.0, -394.542] [14176.4, 3000.0, -8126.36]]
		objLayer:i = 0
		props {

		}
	}
}
objLayers {
	layer {
		enabled:b = true
	}
	layer {
		enabled:b = true
	}
	layer {
		enabled:b = true
	}
	layer {
		enabled:b = true
	}
	layer {
		enabled:b = true
	}
}
wayPoints {

}