selected_tag:t = ""
bin_dump_file:t = ""
mission_settings {
	player {
		army:i = 1
		wing:t = "t1_player01"
		wing:t = "t1_player02"
		wing:t = "t1_player03"
		wing:t = "t1_player04"
		wing:t = "t1_player05"
		wing:t = "t1_player06"
		wing:t = "t1_player07"
		wing:t = "t1_player08"
		wing:t = "t1_player09"
		wing:t = "t1_player10"
		wing:t = "t1_player11"
		wing:t = "t1_player12"
		wing:t = "t1_player13"
		wing:t = "t1_player14"
		wing:t = "t1_player15"
		wing:t = "t1_player16"
	}
	player_teamB {
		army:i = 2
		wing:t = "t2_player01"
		wing:t = "t2_player02"
		wing:t = "t2_player03"
		wing:t = "t2_player04"
		wing:t = "t2_player05"
		wing:t = "t2_player06"
		wing:t = "t2_player07"
		wing:t = "t2_player08"
		wing:t = "t2_player09"
		wing:t = "t2_player10"
		wing:t = "t2_player11"
		wing:t = "t2_player12"
		wing:t = "t2_player13"
		wing:t = "t2_player14"
		wing:t = "t2_player15"
		wing:t = "t2_player16"
		wing:t = "t2_player17"
	}
	mission {
		level:t = "levels/air_pyrenees.bin"
		type:t = "domination"
		environment:t = "Day"
		weather:t = "clear"
		noRespawns:b = false
		locName:t = "missions/_GS/heavy_tank;location/air_pyrenees"
		locDesc:t = "missions/_GS/desc"
		scoreLimit:i = 5400
		timeLimit:i = 25
		deathPenaltyMul:r = 0.2
		allowEmptyTeams:b = false
		country_axis:t = "germany"
		country_allies:t = "britain"
		restoreType:t = "attempts"
		optionalTakeOff:b = true
		allowedUnitTypes {
			isAirplanesAllowed:b = true
			isTanksAllowed:b = false
			isShipsAllowed:b = false
			isHelicoptersAllowed:b = false
		}
	}
	atmosphere {
		pressure:r = 760
		temperature:r = 0
	}
	spectator_points {
		spectatorPoint:t = "spectator_point_01"
		spectatorPoint:t = "spectator_point_02"
		spectatorPoint:t = "spectator_point_03"
		spectatorPoint:t = "spectator_point_04"
	}
	briefing {
		place_loc:t = ""
		date_loc:t = ""
		objective_loc:t = ""
		music:t = "action_01"
		part {
			event:t = ""
			minTime:i = 0
			slide {
				map:b = true
				minTime:i = 4
				picture:t = ""
				showAirMap:b = false
				arrow {
					width:i = 1
					side:t = "ally"
					point:t = "t1_briefing_tanks_01"
					point:t = "t2_briefing_art_01"
				}
				arrow {
					width:i = 1
					side:t = "ally"
					point:t = "t1_briefing_tanks_02"
					point:t = "t2_briefing_art_02"
				}
				arrow {
					width:i = 1
					side:t = "enemy"
					point:t = "t2_briefing_tanks_01"
					point:t = "t1_briefing_art_01"
				}
				arrow {
					width:i = 1
					side:t = "enemy"
					point:t = "t2_briefing_tanks_02"
					point:t = "t1_briefing_art_02"
				}
				icon {
					icontype:t = "fighter"
					side:t = "ally"
					target:t = "briefing_t1_spawn"
					lookAt:t = "mission_center_area"
				}
				icon {
					icontype:t = "tank"
					side:t = "enemy"
					target:t = "t2_briefing_tanks_02"
				}
				icon {
					icontype:t = "tank"
					side:t = "enemy"
					target:t = "t2_briefing_tanks_01"
				}
				icon {
					icontype:t = "tank"
					side:t = "ally"
					target:t = "t1_briefing_tanks_02"
				}
				icon {
					icontype:t = "fighter"
					side:t = "enemy"
					target:t = "briefing_t2_spawn"
					lookAt:t = "mission_center_area"
				}
				icon {
					icontype:t = "tank"
					side:t = "ally"
					target:t = "t1_briefing_tanks_01"
				}
				icon {
					icontype:t = "artillery"
					side:t = "ally"
					target:t = "t1_briefing_art_01"
				}
				icon {
					icontype:t = "artillery"
					side:t = "ally"
					target:t = "t1_briefing_art_02"
				}
				icon {
					icontype:t = "artillery"
					side:t = "enemy"
					target:t = "t2_briefing_art_01"
				}
				icon {
					icontype:t = "artillery"
					side:t = "enemy"
					target:t = "t2_briefing_art_02"
				}
			}
		}
	}
}
imports {
	import_record {
		file:t = "gameData/missions/cta/planes/arcade/GS/air_pyrenees/as_air_spawns_template.blk"
		importAreas:b = true
		importUnits:b = true
		importTriggers:b = true
		importMissionObjectives:b = true
		importWayPoints:b = true
		importDialogs:b = true
		showAreas:b = true
		showUnits:b = true
		showTriggers:b = true
		showMissionObjectives:b = true
		showWayPoints:b = true
		showDialogs:b = true
		excludes {

		}
	}
	import_record {
		file:t = "gameData/missions/templates/base_logic_template.blk"
		importAreas:b = true
		importUnits:b = true
		importTriggers:b = true
		importMissionObjectives:b = true
		importWayPoints:b = true
		importDialogs:b = true
		showAreas:b = true
		showUnits:b = true
		showTriggers:b = true
		showMissionObjectives:b = true
		showWayPoints:b = true
		showDialogs:b = true
		excludes {

		}
	}
	import_record {
		file:t = "gameData/missions/templates/land_units_death_template.blk"
		importAreas:b = true
		importUnits:b = true
		importTriggers:b = true
		importMissionObjectives:b = true
		importWayPoints:b = true
		importDialogs:b = true
		showAreas:b = true
		showUnits:b = true
		showTriggers:b = true
		showMissionObjectives:b = true
		showWayPoints:b = true
		showDialogs:b = true
		excludes {

		}
	}
	import_record {
		file:t = "gameData/missions/templates/gs_objectives_template.blk"
		importAreas:b = true
		importUnits:b = true
		importTriggers:b = true
		importMissionObjectives:b = true
		importWayPoints:b = true
		importDialogs:b = true
		showAreas:b = true
		showUnits:b = true
		showTriggers:b = true
		showMissionObjectives:b = true
		showWayPoints:b = true
		showDialogs:b = true
		excludes {

		}
	}
	import_record {
		file:t = "gameData/missions/templates/land_units_move_template.blk"
		importAreas:b = true
		importUnits:b = true
		importTriggers:b = true
		importMissionObjectives:b = true
		importWayPoints:b = true
		importDialogs:b = true
		showAreas:b = true
		showUnits:b = true
		showTriggers:b = true
		showMissionObjectives:b = true
		showWayPoints:b = true
		showDialogs:b = true
		excludes {

		}
	}
	import_record {
		file:t = "gameData/missions/templates/destroy_airfield_zone_template.blk"
		importAreas:b = true
		importUnits:b = true
		importTriggers:b = true
		importMissionObjectives:b = true
		importWayPoints:b = true
		importDialogs:b = true
		showAreas:b = true
		showUnits:b = true
		showTriggers:b = true
		showMissionObjectives:b = true
		showWayPoints:b = true
		showDialogs:b = true
		excludes {

		}
	}
	import_record {
		file:t = "gameData/missions/templates/destroy_bomb_areas_template.blk"
		importAreas:b = true
		importUnits:b = true
		importTriggers:b = true
		importMissionObjectives:b = true
		importWayPoints:b = true
		importDialogs:b = true
		showAreas:b = true
		showUnits:b = true
		showTriggers:b = true
		showMissionObjectives:b = true
		showWayPoints:b = true
		showDialogs:b = true
		excludes {

		}
	}
	import_record {
		file:t = "gameData/missions/templates/air_templates/gs/assaults_gs_template.blk"
		importAreas:b = true
		importUnits:b = true
		importTriggers:b = true
		importMissionObjectives:b = true
		importWayPoints:b = true
		importDialogs:b = true
		showAreas:b = true
		showUnits:b = true
		showTriggers:b = true
		showMissionObjectives:b = true
		showWayPoints:b = true
		showDialogs:b = true
		excludes {

		}
	}
	import_record {
		file:t = "gameData/missions/templates/air_templates/gs/template_at_gs_planeset.blk"
		importAreas:b = true
		importUnits:b = true
		importTriggers:b = true
		importMissionObjectives:b = true
		importWayPoints:b = true
		importDialogs:b = true
		showAreas:b = true
		showUnits:b = true
		showTriggers:b = true
		showMissionObjectives:b = true
		showWayPoints:b = true
		showDialogs:b = true
		excludes {

		}
	}
	import_record {
		file:t = "gameData/missions/templates/air_templates/aat_aaa_template.blk"
		importAreas:b = true
		importUnits:b = true
		importTriggers:b = true
		importMissionObjectives:b = true
		importWayPoints:b = true
		importDialogs:b = true
		showAreas:b = true
		showUnits:b = true
		showTriggers:b = true
		showMissionObjectives:b = true
		showWayPoints:b = true
		showDialogs:b = true
		excludes {

		}
	}
}
triggers {
	isCategory:b = true
	is_enabled:b = true
	miss_init {
		is_enabled:b = true
		comments:t = ""
		props {
			actionsType:t = "PERFORM_ONE_BY_ONE"
			conditionsType:t = "ALL"
			enableAfterComplete:b = false
		}
		events {
			initMission {

			}
		}
		conditions {

		}
		actions {
			varSetBool {
				value:b = false
				var:t = "barabashka_enabled"
			}
			varSetInt {
				value:i = 4
				var:t = "max_bomb_areas"
			}
			comment {
				value:t = ""
			}
			varSetReal {
				value:r = 1800
				var:t = "arcade_destroy_timer"
				var:t = "historical_destroy_timer"
			}
			comment {
				value:t = ""
			}
			comment {
				value:t = ""
			}
			varSetInt {
				value:i = 600
				var:t = "long_time_is"
			}
			comment {
				value:t = ""
			}
			varSetInt {
				value:i = 840
				var:t = "long_time_arcade_timer"
			}
			varSetInt {
				value:i = 64000
				var:t = "long_time_arcade_distance"
			}
			comment {
				value:t = ""
			}
			varSetReal {
				value:r = 250
				var:t = "nearDamageDistance"
			}
			unitSetProperties {
				object:t = "t1_tanks_squad"
				object:t = "t2_tanks_squad"
				object:t = "t1_bunkers_squad"
				object:t = "t2_bunkers_squad"
				object:t = "t1_artillery_squad"
				object:t = "t2_artillery_squad"
				object_marking:i = 0
				object_var_name:t = ""
				object_var_comp_op:t = "equal"
				object_var_value:i = 0
				accuracy:r = 0
				effShootingRate:r = 0
			}
			unitSetProperties {
				object:t = "t1_aaa_squad"
				object:t = "t2_aaa_squad"
				object:t = "t1_trucks_squad"
				object:t = "t2_trucks_squad"
				object_marking:i = 0
				object_var_name:t = ""
				object_var_comp_op:t = "equal"
				object_var_value:i = 0
				accuracy:r = 0.1
				effShootingRate:r = 0
				airEffShootingRate:r = 0.1
				fireRandom:b = true
				targetChangeInterval:r = 5
				targetChangeProb:r = 0.25
			}
			unitSetIndication {
				set:b = true
				target:t = "t1_quest_units_squad"
				target_marking:i = 0
				object_var_name:t = ""
				object_var_comp_op:t = "equal"
				object_var_value:i = 0
				team:t = "B"
			}
			unitSetIndication {
				set:b = true
				target:t = "t2_quest_units_squad"
				target_marking:i = 0
				object_var_name:t = ""
				object_var_comp_op:t = "equal"
				object_var_value:i = 0
				team:t = "A"
			}
			varSetBool {
				value:b = true
				var:t = "isBombingZonesAffect"
			}
			wait {
				time:r = 1
			}
		}
		else_actions {

		}
	}
	update_indicators {
		is_enabled:b = false
		comments:t = ""
		props {
			actionsType:t = "PERFORM_ONE_BY_ONE"
			conditionsType:t = "ALL"
			enableAfterComplete:b = true
		}
		events {
			periodicEvent {
				time:r = 2
			}
		}
		conditions {

		}
		actions {
			missionSetTargetsIndicator {
				target_type:t = "isActive"
				target_marking:i = 0
				delta:i = 0
				icon:t = "truck"
				"icon army":i = 1
				set:b = true
				object_var_name:t = ""
				object_var_comp_op:t = "equal"
				object_var_value:i = 0
				target:t = "t1_quest_units_squad"
			}
			missionSetTargetsIndicator {
				target_type:t = "isActive"
				target_marking:i = 0
				delta:i = 0
				icon:t = "truck"
				"icon army":i = 2
				set:b = true
				object_var_name:t = ""
				object_var_comp_op:t = "equal"
				object_var_value:i = 0
				target:t = "t2_quest_units_squad"
			}
		}
		else_actions {

		}
	}
}
mission_objectives {
	isCategory:b = true
	is_enabled:b = true
}
variables {

}
dialogs {

}
airfields {

}
effects {

}
units {
	squad {
		name:t = "t2_land_squad"
		tm:m = [[0.750113, 0.0, -0.66131] [0.0, 1.0, 0.0] [0.66131, 0.0, 0.750113] [5598.33, 3182.57, -17674.5]]
		props {
			squad_members:t = "t2_aaa_squad"
			squad_members:t = "t2_artillery_squad"
			squad_members:t = "t2_trucks_squad"
			object_marking:i = 0
		}
	}
	squad {
		name:t = "t1_land_squad"
		tm:m = [[0.750113, 0.0, -0.66131] [0.0, 1.0, 0.0] [0.66131, 0.0, 0.750113] [5399.34, 3182.57, 16353.7]]
		props {
			squad_members:t = "t1_aaa_squad"
			squad_members:t = "t1_artillery_squad"
			squad_members:t = "t1_trucks_squad"
			object_marking:i = 0
		}
	}
	squad {
		name:t = "t1_def_aaa_squad"
		tm:m = [[0.818777, 0.0, -0.574111] [0.0, 1.0, 0.0] [0.574111, 0.0, 0.818777] [-188.948, 3701.49, 15141.7]]
		props {
			squad_members:t = "t1_def_big_aaa01"
			squad_members:t = "t1_def_big_aaa02"
			squad_members:t = "t1_def_big_aaa03"
			squad_members:t = "t1_def_big_aaa04"
			squad_members:t = "t1_def_small_aaa01"
			squad_members:t = "t1_def_small_aaa02"
			squad_members:t = "t1_def_small_aaa03"
			squad_members:t = "t1_def_small_aaa04"
			squad_members:t = "t1_def_small_aaa05"
			squad_members:t = "t1_def_small_aaa06"
			object_marking:i = 0
		}
	}
	squad {
		name:t = "t2_def_aaa_squad"
		tm:m = [[0.750113, 0.0, -0.66131] [0.0, 1.0, 0.0] [0.66131, 0.0, 0.750113] [-6301.23, 2594.29, -16617.8]]
		props {
			squad_members:t = "t2_def_big_aaa01"
			squad_members:t = "t2_def_big_aaa02"
			squad_members:t = "t2_def_big_aaa03"
			squad_members:t = "t2_def_big_aaa04"
			squad_members:t = "t2_def_small_aaa01"
			squad_members:t = "t2_def_small_aaa02"
			squad_members:t = "t2_def_small_aaa03"
			squad_members:t = "t2_def_small_aaa04"
			squad_members:t = "t2_def_small_aaa05"
			squad_members:t = "t2_def_small_aaa06"
			object_marking:i = 0
		}
	}
	objectGroups {
		name:t = "t2_airfield"
		tm:m = [[0.258819, 0.0, -0.965926] [0.0, 1.0, 0.0] [0.965926, 0.0, 0.258819] [-2040.53, 2706.99, -13500.0]]
		unit_class:t = "dynaf_universal_1line_3000_a_big"
		props {
			army:i = 2
			active:b = true
		}
	}
	objectGroups {
		name:t = "t1_airfield"
		tm:m = [[-0.267901, 0.0, 0.963448] [0.0, 1.0, 0.0] [-0.963448, 0.0, -0.267901] [-8825.56, 2931.57, 10764.8]]
		unit_class:t = "dynaf_universal_1line_3000_a_big"
		props {
			army:i = 1
			active:b = true
		}
	}
	air_defence {
		name:t = "t1_def_big_aaa01"
		tm:m = [[0.97976, 0.0, -0.200176] [0.0, 1.0, 0.0] [0.200176, 0.0, 0.97976] [-8926.1, 2931.69, 9817.46]]
		unit_class:t = "germ_88mm_flak36"
		closed_waypoints:b = false
		isShipSpline:b = false
		shipTurnRadius:r = 100
		weapons:t = ""
		bullets0:t = ""
		bullets1:t = ""
		bullets2:t = ""
		bullets3:t = ""
		bulletsCount0:i = 0
		bulletsCount1:i = 0
		bulletsCount2:i = 0
		bulletsCount3:i = 0
		crewSkillK:r = 0
		applyAllMods:b = false
		props {
			army:i = 1
			count:i = 1
			formation_type:t = "rows"
			formation_div:i = 3
			formation_step:p2 = 2.5, 2
			formation_noise:p2 = 0.1, 0.1
			uniqueName:t = ""
			attack_type:t = "fire_at_will"
		}
		way {

		}
	}
	air_defence {
		name:t = "t1_def_big_aaa02"
		tm:m = [[0.990487, 0.0, -0.137612] [0.0, 1.0, 0.0] [0.137612, 0.0, 0.990487] [-7791.06, 3009.2, 9978.86]]
		unit_class:t = "germ_88mm_flak36"
		closed_waypoints:b = false
		isShipSpline:b = false
		shipTurnRadius:r = 100
		weapons:t = ""
		bullets0:t = ""
		bullets1:t = ""
		bullets2:t = ""
		bullets3:t = ""
		bulletsCount0:i = 0
		bulletsCount1:i = 0
		bulletsCount2:i = 0
		bulletsCount3:i = 0
		crewSkillK:r = 0
		applyAllMods:b = false
		props {
			army:i = 1
			count:i = 1
			formation_type:t = "rows"
			formation_div:i = 3
			formation_step:p2 = 2.5, 2
			formation_noise:p2 = 0.1, 0.1
			uniqueName:t = ""
			attack_type:t = "fire_at_will"
		}
		way {

		}
	}
	air_defence {
		name:t = "t1_def_big_aaa03"
		tm:m = [[0.97976, 0.0, -0.200176] [0.0, 1.0, 0.0] [0.200176, 0.0, 0.97976] [-8114.82, 2916.04, 11950.6]]
		unit_class:t = "germ_88mm_flak36"
		closed_waypoints:b = false
		isShipSpline:b = false
		shipTurnRadius:r = 100
		weapons:t = ""
		bullets0:t = ""
		bullets1:t = ""
		bullets2:t = ""
		bullets3:t = ""
		bulletsCount0:i = 0
		bulletsCount1:i = 0
		bulletsCount2:i = 0
		bulletsCount3:i = 0
		crewSkillK:r = 0
		applyAllMods:b = false
		props {
			army:i = 1
			count:i = 1
			formation_type:t = "rows"
			formation_div:i = 3
			formation_step:p2 = 2.5, 2
			formation_noise:p2 = 0.1, 0.1
			uniqueName:t = ""
			attack_type:t = "fire_at_will"
		}
		way {

		}
	}
	air_defence {
		name:t = "t1_def_big_aaa04"
		tm:m = [[0.97976, 0.0, -0.200176] [0.0, 1.0, 0.0] [0.200176, 0.0, 0.97976] [-9404.13, 2918.58, 11324.4]]
		unit_class:t = "germ_88mm_flak36"
		closed_waypoints:b = false
		isShipSpline:b = false
		shipTurnRadius:r = 100
		weapons:t = ""
		bullets0:t = ""
		bullets1:t = ""
		bullets2:t = ""
		bullets3:t = ""
		bulletsCount0:i = 0
		bulletsCount1:i = 0
		bulletsCount2:i = 0
		bulletsCount3:i = 0
		crewSkillK:r = 0
		applyAllMods:b = false
		props {
			army:i = 1
			count:i = 1
			formation_type:t = "rows"
			formation_div:i = 3
			formation_step:p2 = 2.5, 2
			formation_noise:p2 = 0.1, 0.1
			uniqueName:t = ""
			attack_type:t = "fire_at_will"
		}
		way {

		}
	}
	air_defence {
		name:t = "t1_def_small_aaa01"
		tm:m = [[0.97976, 0.0, -0.200176] [0.0, 1.0, 0.0] [0.200176, 0.0, 0.97976] [-8666.03, 2999.5, 12388.3]]
		unit_class:t = "germ_37mm_flak43_airfield"
		closed_waypoints:b = false
		isShipSpline:b = false
		shipTurnRadius:r = 100
		weapons:t = ""
		bullets0:t = ""
		bullets1:t = ""
		bullets2:t = ""
		bullets3:t = ""
		bulletsCount0:i = 0
		bulletsCount1:i = 0
		bulletsCount2:i = 0
		bulletsCount3:i = 0
		crewSkillK:r = 0
		applyAllMods:b = false
		props {
			army:i = 1
			count:i = 1
			formation_type:t = "rows"
			formation_div:i = 3
			formation_step:p2 = 2.5, 2
			formation_noise:p2 = 0.1, 0.1
			uniqueName:t = ""
			attack_type:t = "fire_at_will"
		}
		way {

		}
	}
	air_defence {
		name:t = "t1_def_small_aaa02"
		tm:m = [[0.97976, 0.0, -0.200176] [0.0, 1.0, 0.0] [0.200176, 0.0, 0.97976] [-8863.23, 2907.1, 9389.5]]
		unit_class:t = "germ_37mm_flak43_airfield"
		closed_waypoints:b = false
		isShipSpline:b = false
		shipTurnRadius:r = 100
		weapons:t = ""
		bullets0:t = ""
		bullets1:t = ""
		bullets2:t = ""
		bullets3:t = ""
		bulletsCount0:i = 0
		bulletsCount1:i = 0
		bulletsCount2:i = 0
		bulletsCount3:i = 0
		crewSkillK:r = 0
		applyAllMods:b = false
		props {
			army:i = 1
			count:i = 1
			formation_type:t = "rows"
			formation_div:i = 3
			formation_step:p2 = 2.5, 2
			formation_noise:p2 = 0.1, 0.1
			uniqueName:t = ""
			attack_type:t = "fire_at_will"
		}
		way {

		}
	}
	air_defence {
		name:t = "t1_def_small_aaa03"
		tm:m = [[0.97976, 0.0, -0.200176] [0.0, 1.0, 0.0] [0.200176, 0.0, 0.97976] [-7802.61, 2923.09, 10953.0]]
		unit_class:t = "germ_37mm_flak43_airfield"
		closed_waypoints:b = false
		isShipSpline:b = false
		shipTurnRadius:r = 100
		weapons:t = ""
		bullets0:t = ""
		bullets1:t = ""
		bullets2:t = ""
		bullets3:t = ""
		bulletsCount0:i = 0
		bulletsCount1:i = 0
		bulletsCount2:i = 0
		bulletsCount3:i = 0
		crewSkillK:r = 0
		applyAllMods:b = false
		props {
			army:i = 1
			count:i = 1
			formation_type:t = "rows"
			formation_div:i = 3
			formation_step:p2 = 2.5, 2
			formation_noise:p2 = 0.1, 0.1
			uniqueName:t = ""
			attack_type:t = "fire_at_will"
		}
		way {

		}
	}
	air_defence {
		name:t = "t1_def_small_aaa04"
		tm:m = [[0.97976, 0.0, -0.200176] [0.0, 1.0, 0.0] [0.200176, 0.0, 0.97976] [-9352.23, 2914.3, 10625.1]]
		unit_class:t = "germ_37mm_flak43_airfield"
		closed_waypoints:b = false
		isShipSpline:b = false
		shipTurnRadius:r = 100
		weapons:t = ""
		bullets0:t = ""
		bullets1:t = ""
		bullets2:t = ""
		bullets3:t = ""
		bulletsCount0:i = 0
		bulletsCount1:i = 0
		bulletsCount2:i = 0
		bulletsCount3:i = 0
		crewSkillK:r = 0
		applyAllMods:b = false
		props {
			army:i = 1
			count:i = 1
			formation_type:t = "rows"
			formation_div:i = 3
			formation_step:p2 = 2.5, 2
			formation_noise:p2 = 0.1, 0.1
			uniqueName:t = ""
			attack_type:t = "fire_at_will"
		}
		way {

		}
	}
	air_defence {
		name:t = "t1_def_small_aaa05"
		tm:m = [[0.97976, 0.0, -0.200176] [0.0, 1.0, 0.0] [0.200176, 0.0, 0.97976] [-8040.84, 2923.09, 11347.0]]
		unit_class:t = "germ_37mm_flak43_airfield"
		closed_waypoints:b = false
		isShipSpline:b = false
		shipTurnRadius:r = 100
		weapons:t = ""
		bullets0:t = ""
		bullets1:t = ""
		bullets2:t = ""
		bullets3:t = ""
		bulletsCount0:i = 0
		bulletsCount1:i = 0
		bulletsCount2:i = 0
		bulletsCount3:i = 0
		crewSkillK:r = 0
		applyAllMods:b = false
		props {
			army:i = 1
			count:i = 1
			formation_type:t = "rows"
			formation_div:i = 3
			formation_step:p2 = 2.5, 2
			formation_noise:p2 = 0.1, 0.1
			uniqueName:t = ""
			attack_type:t = "fire_at_will"
		}
		way {

		}
	}
	air_defence {
		name:t = "t1_def_small_aaa06"
		tm:m = [[0.97976, 0.0, -0.200176] [0.0, 1.0, 0.0] [0.200176, 0.0, 0.97976] [-9342.62, 2923.08, 10977.6]]
		unit_class:t = "germ_37mm_flak43_airfield"
		closed_waypoints:b = false
		isShipSpline:b = false
		shipTurnRadius:r = 100
		weapons:t = ""
		bullets0:t = ""
		bullets1:t = ""
		bullets2:t = ""
		bullets3:t = ""
		bulletsCount0:i = 0
		bulletsCount1:i = 0
		bulletsCount2:i = 0
		bulletsCount3:i = 0
		crewSkillK:r = 0
		applyAllMods:b = false
		props {
			army:i = 1
			count:i = 1
			formation_type:t = "rows"
			formation_div:i = 3
			formation_step:p2 = 2.5, 2
			formation_noise:p2 = 0.1, 0.1
			uniqueName:t = ""
			attack_type:t = "fire_at_will"
		}
		way {

		}
	}
	air_defence {
		name:t = "t2_def_big_aaa01"
		tm:m = [[0.923879, 0.0, -0.382684] [0.0, 1.0, 0.0] [0.382684, 0.0, 0.923879] [-1791.91, 2767.84, -12361.0]]
		unit_class:t = "germ_88mm_flak36"
		closed_waypoints:b = false
		isShipSpline:b = false
		shipTurnRadius:r = 100
		weapons:t = ""
		bullets0:t = ""
		bullets1:t = ""
		bullets2:t = ""
		bullets3:t = ""
		bulletsCount0:i = 0
		bulletsCount1:i = 0
		bulletsCount2:i = 0
		bulletsCount3:i = 0
		crewSkillK:r = 0
		applyAllMods:b = false
		props {
			army:i = 2
			count:i = 1
			formation_type:t = "rows"
			formation_div:i = 3
			formation_step:p2 = 2.5, 2
			formation_noise:p2 = 0.1, 0.1
			uniqueName:t = ""
			attack_type:t = "fire_at_will"
		}
		way {

		}
	}
	air_defence {
		name:t = "t2_def_big_aaa02"
		tm:m = [[0.923879, 0.0, -0.382684] [0.0, 1.0, 0.0] [0.382684, 0.0, 0.923879] [-1574.68, 2756.46, -13123.4]]
		unit_class:t = "germ_88mm_flak36"
		closed_waypoints:b = false
		isShipSpline:b = false
		shipTurnRadius:r = 100
		weapons:t = ""
		bullets0:t = ""
		bullets1:t = ""
		bullets2:t = ""
		bullets3:t = ""
		bulletsCount0:i = 0
		bulletsCount1:i = 0
		bulletsCount2:i = 0
		bulletsCount3:i = 0
		crewSkillK:r = 0
		applyAllMods:b = false
		props {
			army:i = 2
			count:i = 1
			formation_type:t = "rows"
			formation_div:i = 3
			formation_step:p2 = 2.5, 2
			formation_noise:p2 = 0.1, 0.1
			uniqueName:t = ""
			attack_type:t = "fire_at_will"
		}
		way {

		}
	}
	air_defence {
		name:t = "t2_def_big_aaa03"
		tm:m = [[0.98713, 0.0, 0.159921] [0.0, 1.0, 0.0] [-0.159921, 0.0, 0.98713] [-3265.9, 2397.69, -14389.6]]
		unit_class:t = "germ_88mm_flak36"
		closed_waypoints:b = false
		isShipSpline:b = false
		shipTurnRadius:r = 100
		weapons:t = ""
		bullets0:t = ""
		bullets1:t = ""
		bullets2:t = ""
		bullets3:t = ""
		bulletsCount0:i = 0
		bulletsCount1:i = 0
		bulletsCount2:i = 0
		bulletsCount3:i = 0
		crewSkillK:r = 0
		applyAllMods:b = false
		props {
			army:i = 2
			count:i = 1
			formation_type:t = "rows"
			formation_div:i = 3
			formation_step:p2 = 2.5, 2
			formation_noise:p2 = 0.1, 0.1
			uniqueName:t = ""
			attack_type:t = "fire_at_will"
		}
		way {

		}
	}
	air_defence {
		name:t = "t2_def_big_aaa04"
		tm:m = [[0.923879, 0.0, -0.382684] [0.0, 1.0, 0.0] [0.382684, 0.0, 0.923879] [-2851.22, 2795.07, -12392.5]]
		unit_class:t = "germ_88mm_flak36"
		closed_waypoints:b = false
		isShipSpline:b = false
		shipTurnRadius:r = 100
		weapons:t = ""
		bullets0:t = ""
		bullets1:t = ""
		bullets2:t = ""
		bullets3:t = ""
		bulletsCount0:i = 0
		bulletsCount1:i = 0
		bulletsCount2:i = 0
		bulletsCount3:i = 0
		crewSkillK:r = 0
		applyAllMods:b = false
		props {
			army:i = 2
			count:i = 1
			formation_type:t = "rows"
			formation_div:i = 3
			formation_step:p2 = 2.5, 2
			formation_noise:p2 = 0.1, 0.1
			uniqueName:t = ""
			attack_type:t = "fire_at_will"
		}
		way {

		}
	}
	air_defence {
		name:t = "t2_def_small_aaa01"
		tm:m = [[0.923879, 0.0, -0.382684] [0.0, 1.0, 0.0] [0.382684, 0.0, 0.923879] [-1630.12, 2770.04, -13835.0]]
		unit_class:t = "germ_37mm_flak43_airfield"
		closed_waypoints:b = false
		isShipSpline:b = false
		shipTurnRadius:r = 100
		weapons:t = ""
		bullets0:t = ""
		bullets1:t = ""
		bullets2:t = ""
		bullets3:t = ""
		bulletsCount0:i = 0
		bulletsCount1:i = 0
		bulletsCount2:i = 0
		bulletsCount3:i = 0
		crewSkillK:r = 0
		applyAllMods:b = false
		props {
			army:i = 2
			count:i = 1
			formation_type:t = "rows"
			formation_div:i = 3
			formation_step:p2 = 2.5, 2
			formation_noise:p2 = 0.1, 0.1
			uniqueName:t = ""
			attack_type:t = "fire_at_will"
		}
		way {

		}
	}
	air_defence {
		name:t = "t2_def_small_aaa02"
		tm:m = [[0.923879, 0.0, -0.382684] [0.0, 1.0, 0.0] [0.382684, 0.0, 0.923879] [-2014.87, 2774.37, -11883.4]]
		unit_class:t = "germ_37mm_flak43_airfield"
		closed_waypoints:b = false
		isShipSpline:b = false
		shipTurnRadius:r = 100
		weapons:t = ""
		bullets0:t = ""
		bullets1:t = ""
		bullets2:t = ""
		bullets3:t = ""
		bulletsCount0:i = 0
		bulletsCount1:i = 0
		bulletsCount2:i = 0
		bulletsCount3:i = 0
		crewSkillK:r = 0
		applyAllMods:b = false
		props {
			army:i = 2
			count:i = 1
			formation_type:t = "rows"
			formation_div:i = 3
			formation_step:p2 = 2.5, 2
			formation_noise:p2 = 0.1, 0.1
			uniqueName:t = ""
			attack_type:t = "fire_at_will"
		}
		way {

		}
	}
	air_defence {
		name:t = "t2_def_small_aaa03"
		tm:m = [[0.923879, 0.0, -0.382684] [0.0, 1.0, 0.0] [0.382684, 0.0, 0.923879] [-1638.19, 2765.56, -12570.2]]
		unit_class:t = "germ_37mm_flak43_airfield"
		closed_waypoints:b = false
		isShipSpline:b = false
		shipTurnRadius:r = 100
		weapons:t = ""
		bullets0:t = ""
		bullets1:t = ""
		bullets2:t = ""
		bullets3:t = ""
		bulletsCount0:i = 0
		bulletsCount1:i = 0
		bulletsCount2:i = 0
		bulletsCount3:i = 0
		crewSkillK:r = 0
		applyAllMods:b = false
		props {
			army:i = 2
			count:i = 1
			formation_type:t = "rows"
			formation_div:i = 3
			formation_step:p2 = 2.5, 2
			formation_noise:p2 = 0.1, 0.1
			uniqueName:t = ""
			attack_type:t = "fire_at_will"
		}
		way {

		}
	}
	air_defence {
		name:t = "t2_def_small_aaa04"
		tm:m = [[0.923879, 0.0, -0.382684] [0.0, 1.0, 0.0] [0.382684, 0.0, 0.923879] [-1524.25, 2775.29, -13360.2]]
		unit_class:t = "germ_37mm_flak43_airfield"
		closed_waypoints:b = false
		isShipSpline:b = false
		shipTurnRadius:r = 100
		weapons:t = ""
		bullets0:t = ""
		bullets1:t = ""
		bullets2:t = ""
		bullets3:t = ""
		bulletsCount0:i = 0
		bulletsCount1:i = 0
		bulletsCount2:i = 0
		bulletsCount3:i = 0
		crewSkillK:r = 0
		applyAllMods:b = false
		props {
			army:i = 2
			count:i = 1
			formation_type:t = "rows"
			formation_div:i = 3
			formation_step:p2 = 2.5, 2
			formation_noise:p2 = 0.1, 0.1
			uniqueName:t = ""
			attack_type:t = "fire_at_will"
		}
		way {

		}
	}
	air_defence {
		name:t = "t2_def_small_aaa05"
		tm:m = [[0.980968, 0.0, 0.19417] [0.0, 1.0, 0.0] [-0.19417, 0.0, 0.980968] [-2919.62, 2924.4, -13481.2]]
		unit_class:t = "germ_37mm_flak43_airfield"
		closed_waypoints:b = false
		isShipSpline:b = false
		shipTurnRadius:r = 100
		weapons:t = ""
		bullets0:t = ""
		bullets1:t = ""
		bullets2:t = ""
		bullets3:t = ""
		bulletsCount0:i = 0
		bulletsCount1:i = 0
		bulletsCount2:i = 0
		bulletsCount3:i = 0
		crewSkillK:r = 0
		applyAllMods:b = false
		props {
			army:i = 2
			count:i = 1
			formation_type:t = "rows"
			formation_div:i = 3
			formation_step:p2 = 2.5, 2
			formation_noise:p2 = 0.1, 0.1
			uniqueName:t = ""
			attack_type:t = "fire_at_will"
		}
		way {

		}
	}
	air_defence {
		name:t = "t2_def_small_aaa06"
		tm:m = [[0.923879, 0.0, -0.382684] [0.0, 1.0, 0.0] [0.382684, 0.0, 0.923879] [-2941.6, 2773.56, -13000.8]]
		unit_class:t = "germ_37mm_flak43_airfield"
		closed_waypoints:b = false
		isShipSpline:b = false
		shipTurnRadius:r = 100
		weapons:t = ""
		bullets0:t = ""
		bullets1:t = ""
		bullets2:t = ""
		bullets3:t = ""
		bulletsCount0:i = 0
		bulletsCount1:i = 0
		bulletsCount2:i = 0
		bulletsCount3:i = 0
		crewSkillK:r = 0
		applyAllMods:b = false
		props {
			army:i = 2
			count:i = 1
			formation_type:t = "rows"
			formation_div:i = 3
			formation_step:p2 = 2.5, 2
			formation_noise:p2 = 0.1, 0.1
			uniqueName:t = ""
			attack_type:t = "fire_at_will"
		}
		way {

		}
	}
	armada {
		name:t = "t1_player01"
		tm:m = [[0.750113, 0.0, -0.66131] [0.0, 1.0, 0.0] [0.66131, 0.0, 0.750113] [-5449.57, 3912.66, -906.745]]
		unit_class:t = "spitfire_mk5c"
		closed_waypoints:b = false
		isShipSpline:b = false
		shipTurnRadius:r = 100
		weapons:t = ""
		bullets0:t = ""
		bullets1:t = ""
		bullets2:t = ""
		bullets3:t = ""
		bulletsCount0:i = 0
		bulletsCount1:i = 0
		bulletsCount2:i = 0
		bulletsCount3:i = 0
		crewSkillK:r = 0
		applyAllMods:b = false
		props {
			army:i = 2
			count:i = 1
			free_distance:r = 70
			floating_distance:r = 50
			minimum_distance_to_earth:r = 20
			altLimit:r = 6000
			attack_type:t = "fire_at_will"
			skill:i = 4
			player:b = true
			plane {
				wing_formation:t = "Diamond"
				row_distances:r = 3
				col_distances:r = 3
				super_formation:t = "Diamond"
				super_row_distances:r = 1.5
				super_col_distances:r = 1.5
				ai_skill:t = "NORMAL"
				task:t = "FLY_WAYPOINT"
			}
		}
		way {

		}
	}
	squad {
		name:t = "t1_heavy_units_squad"
		tm:m = [[0.750113, 0.0, -0.66131] [0.0, 1.0, 0.0] [0.66131, 0.0, 0.750113] [-20267.1, 2605.71, 13486.3]]
		props {
			squad_members:t = "t1_tanks_squad"
			object_marking:i = 0
		}
	}
	squad {
		name:t = "t1_light_units_squad"
		tm:m = [[0.750113, 0.0, -0.66131] [0.0, 1.0, 0.0] [0.66131, 0.0, 0.750113] [-23377.5, 2116.21, 10882.2]]
		props {
			squad_members:t = "t1_trucks_squad"
			object_marking:i = 0
		}
	}
	squad {
		name:t = "t2_heavy_units_squad"
		tm:m = [[0.750113, 0.0, -0.66131] [0.0, 1.0, 0.0] [0.66131, 0.0, 0.750113] [-10169.2, 2605.71, -7832.49]]
		props {
			squad_members:t = "t2_tanks_squad"
			object_marking:i = 0
		}
	}
	squad {
		name:t = "t2_light_units_squad"
		tm:m = [[0.750113, 0.0, -0.66131] [0.0, 1.0, 0.0] [0.66131, 0.0, 0.750113] [3763.12, 2116.21, -20591.3]]
		props {
			squad_members:t = "t2_trucks_squad"
			object_marking:i = 0
		}
	}
	squad {
		name:t = "t1_movable_units_squad"
		tm:m = [[0.750113, 0.0, -0.66131] [0.0, 1.0, 0.0] [0.66131, 0.0, 0.750113] [-24602.1, 1943.16, 19010.5]]
		props {
			squad_members:t = "t1_heavy_units_squad"
			squad_members:t = "t1_light_units_squad"
			object_marking:i = 0
		}
	}
	squad {
		name:t = "t2_movable_units_squad"
		tm:m = [[0.750113, 0.0, -0.66131] [0.0, 1.0, 0.0] [0.66131, 0.0, 0.750113] [-10589.7, 1943.16, -6571.67]]
		props {
			squad_members:t = "t2_heavy_units_squad"
			squad_members:t = "t2_light_units_squad"
			object_marking:i = 0
		}
	}
	squad {
		name:t = "t1_quest_units_squad"
		tm:m = [[0.750113, 0.0, -0.66131] [0.0, 1.0, 0.0] [0.66131, 0.0, 0.750113] [6599.95, 3182.56, 24732.5]]
		props {
			squad_members:t = "t1_land_squad"
			squad_members:t = "t1_bunkers_squad"
			squad_members:t = "t1_tanks_squad"
			object_marking:i = 0
		}
	}
	squad {
		name:t = "t2_quest_units_squad"
		tm:m = [[0.641502, 0.0, -0.767123] [0.0, 1.0, 0.0] [0.767123, 0.0, 0.641502] [-273.667, 3294.1, -16349.0]]
		props {
			squad_members:t = "t2_land_squad"
			squad_members:t = "t2_bunkers_squad"
			squad_members:t = "t2_tanks_squad"
			object_marking:i = 0
		}
	}
	objectGroups {
		name:t = "t1_bomb_target_01"
		tm:m = [[0.0249606, 0.0, -1.29976] [0.0, 1.3, 0.0] [1.29976, 0.0, 0.0249606] [-15695.5, 2641.51, 3566.4]]
		unit_class:t = "dynBase_ammunition_camp_square"
		props {
			army:i = 1
			active:b = true
		}
	}
	objectGroups {
		name:t = "t1_bomb_target_02"
		tm:m = [[0.474335, 0.0, 1.21037] [0.0, 1.3, 0.0] [-1.21037, 0.0, 0.474335] [-2851.17, 1853.68, 2800.45]]
		unit_class:t = "dynBase_petrol_camp_square"
		props {
			army:i = 1
			active:b = true
		}
	}
	objectGroups {
		name:t = "t1_bomb_target_03"
		tm:m = [[0.138147, 0.0, -1.29264] [0.0, 1.3, 0.0] [1.29264, 0.0, 0.138147] [-14288.8, 2016.07, 10549.4]]
		unit_class:t = "dynBase_fuel_storage_square"
		props {
			army:i = 1
			active:b = true
		}
	}
	objectGroups {
		name:t = "t2_bomb_target_01"
		tm:m = [[1.18853, 0.0, -0.526681] [0.0, 1.3, 0.0] [0.526681, 0.0, 1.18853] [-8682.95, 1774.87, -6780.57]]
		unit_class:t = "dynBase_ammunition_storage_square"
		props {
			army:i = 2
			active:b = true
		}
	}
	objectGroups {
		name:t = "t2_bomb_target_02"
		tm:m = [[1.1381, 0.0, -0.62826] [0.0, 1.3, 0.0] [0.62826, 0.0, 1.1381] [2879.43, 3343.3, -8323.82]]
		unit_class:t = "dynBase_oil_storage_large_square"
		props {
			army:i = 2
			active:b = true
		}
	}
	objectGroups {
		name:t = "t2_bomb_target_03"
		tm:m = [[0.719406, 0.0, -1.0828] [0.0, 1.3, 0.0] [1.0828, 0.0, 0.719406] [-2631.87, 2093.83, -5735.79]]
		unit_class:t = "dynBase_military_base_square"
		props {
			army:i = 2
			active:b = true
		}
	}
	objectGroups {
		name:t = "t2_bomb_target_04"
		tm:m = [[1.1381, 0.0, -0.62826] [0.0, 1.3, 0.0] [0.62826, 0.0, 1.1381] [-13881.1, 2337.19, -8455.1]]
		unit_class:t = "dynBase_small_factory_square"
		props {
			army:i = 2
			active:b = true
		}
	}
	objectGroups {
		name:t = "t1_bomb_target_04"
		tm:m = [[0.138147, 0.0, -1.29264] [0.0, 1.3, 0.0] [1.29264, 0.0, 0.138147] [5203.26, 2937.23, 8462.29]]
		unit_class:t = "dynBase_small_factory_square"
		props {
			army:i = 1
			active:b = true
		}
	}
	objectGroups {
		name:t = "t1_trench_01"
		tm:m = [[-0.991818, 0.0388245, -0.121615] [0.0547326, 0.989959, -0.130331] [0.115334, -0.135921, -0.983984] [1001.8, 2120.25, 903.959]]
		unit_class:t = "dynTrench_small_bunker_axis"
		objLayer:i = 2
		props {
			army:i = 1
			active:b = true
		}
	}
	structures {
		name:t = "t1_bunker_01"
		tm:m = [[0.266136, -0.140268, -0.953675] [0.0547326, 0.989959, -0.130331] [0.96238, -0.0175115, 0.271141] [993.4, 2130.16, 892.857]]
		unit_class:t = "swe_152mm_for_land_battles"
		objLayer:i = 1
		closed_waypoints:b = false
		isShipSpline:b = false
		shipTurnRadius:r = 100
		weapons:t = ""
		bullets0:t = ""
		bullets1:t = ""
		bullets2:t = ""
		bullets3:t = ""
		bulletsCount0:i = 0
		bulletsCount1:i = 0
		bulletsCount2:i = 0
		bulletsCount3:i = 0
		crewSkillK:r = 0
		applyAllMods:b = false
		props {
			army:i = 1
			count:i = 1
			formation_type:t = "rows"
			formation_div:i = 3
			formation_step:p2 = 2.5, 2
			formation_noise:p2 = 0.1, 0.1
			uniqueName:t = ""
			attack_type:t = "fire_at_will"
		}
		way {

		}
	}
	structures {
		name:t = "t1_art_01"
		tm:m = [[0.266136, -0.140268, -0.953675] [0.0547326, 0.989959, -0.130331] [0.96238, -0.0175115, 0.271141] [923.775, 2124.2, 864.571]]
		unit_class:t = "ussr_quest_large_art_noground"
		objLayer:i = 1
		closed_waypoints:b = false
		isShipSpline:b = false
		shipTurnRadius:r = 100
		weapons:t = ""
		bullets0:t = ""
		bullets1:t = ""
		bullets2:t = ""
		bullets3:t = ""
		bulletsCount0:i = 0
		bulletsCount1:i = 0
		bulletsCount2:i = 0
		bulletsCount3:i = 0
		crewSkillK:r = 0
		applyAllMods:b = false
		props {
			army:i = 1
			count:i = 1
			formation_type:t = "rows"
			formation_div:i = 3
			formation_step:p2 = 2.5, 2
			formation_noise:p2 = 0.1, 0.1
			uniqueName:t = ""
			attack_type:t = "fire_at_will"
		}
		way {

		}
	}
	structures {
		name:t = "t1_art_02"
		tm:m = [[0.266136, -0.140268, -0.953675] [0.0547326, 0.989959, -0.130331] [0.96238, -0.0175115, 0.271141] [1083.92, 2125.46, 915.376]]
		unit_class:t = "ussr_quest_large_art_noground"
		objLayer:i = 1
		closed_waypoints:b = false
		isShipSpline:b = false
		shipTurnRadius:r = 100
		weapons:t = ""
		bullets0:t = ""
		bullets1:t = ""
		bullets2:t = ""
		bullets3:t = ""
		bulletsCount0:i = 0
		bulletsCount1:i = 0
		bulletsCount2:i = 0
		bulletsCount3:i = 0
		crewSkillK:r = 0
		applyAllMods:b = false
		props {
			army:i = 1
			count:i = 1
			formation_type:t = "rows"
			formation_div:i = 3
			formation_step:p2 = 2.5, 2
			formation_noise:p2 = 0.1, 0.1
			uniqueName:t = ""
			attack_type:t = "fire_at_will"
		}
		way {

		}
	}
	air_defence {
		name:t = "t1_aaa_01"
		tm:m = [[0.266136, -0.140268, -0.953675] [0.0547326, 0.989959, -0.130331] [0.96238, -0.0175115, 0.271141] [985.864, 2131.68, 949.85]]
		unit_class:t = "germ_88mm_flak36_noground"
		objLayer:i = 1
		closed_waypoints:b = false
		isShipSpline:b = false
		shipTurnRadius:r = 100
		weapons:t = ""
		bullets0:t = ""
		bullets1:t = ""
		bullets2:t = ""
		bullets3:t = ""
		bulletsCount0:i = 0
		bulletsCount1:i = 0
		bulletsCount2:i = 0
		bulletsCount3:i = 0
		crewSkillK:r = 0
		applyAllMods:b = false
		props {
			army:i = 1
			count:i = 1
			formation_type:t = "rows"
			formation_div:i = 3
			formation_step:p2 = 2.5, 2
			formation_noise:p2 = 0.1, 0.1
			uniqueName:t = ""
			attack_type:t = "fire_at_will"
		}
		way {

		}
	}
	objectGroups {
		name:t = "t1_trench_04"
		tm:m = [[-0.99964, 0.00501083, 0.0263569] [0.00493417, 0.999983, -0.00297269] [-0.0263718, -0.00284156, -0.999648] [-13174.8, 1686.7, 479.25]]
		unit_class:t = "dynTrench_small_bunker_axis"
		objLayer:i = 2
		props {
			army:i = 1
			active:b = true
		}
	}
	structures {
		name:t = "t1_bunker_04"
		tm:m = [[0.127308, -0.00357669, -0.991857] [0.00493417, 0.999983, -0.00297269] [0.991852, -0.00451557, 0.127324] [-13185.0, 1697.52, 470.903]]
		unit_class:t = "swe_152mm_for_land_battles"
		objLayer:i = 1
		closed_waypoints:b = false
		isShipSpline:b = false
		shipTurnRadius:r = 100
		weapons:t = ""
		bullets0:t = ""
		bullets1:t = ""
		bullets2:t = ""
		bullets3:t = ""
		bulletsCount0:i = 0
		bulletsCount1:i = 0
		bulletsCount2:i = 0
		bulletsCount3:i = 0
		crewSkillK:r = 0
		applyAllMods:b = false
		props {
			army:i = 1
			count:i = 1
			formation_type:t = "rows"
			formation_div:i = 3
			formation_step:p2 = 2.5, 2
			formation_noise:p2 = 0.1, 0.1
			uniqueName:t = ""
			attack_type:t = "fire_at_will"
		}
		way {

		}
	}
	structures {
		name:t = "t1_art_07"
		tm:m = [[0.127308, -0.00357669, -0.991857] [0.00493417, 0.999983, -0.00297269] [0.991852, -0.00451557, 0.127324] [-13257.8, 1691.8, 452.195]]
		unit_class:t = "ussr_quest_large_art_noground"
		objLayer:i = 1
		closed_waypoints:b = false
		isShipSpline:b = false
		shipTurnRadius:r = 100
		weapons:t = ""
		bullets0:t = ""
		bullets1:t = ""
		bullets2:t = ""
		bullets3:t = ""
		bulletsCount0:i = 0
		bulletsCount1:i = 0
		bulletsCount2:i = 0
		bulletsCount3:i = 0
		crewSkillK:r = 0
		applyAllMods:b = false
		props {
			army:i = 1
			count:i = 1
			formation_type:t = "rows"
			formation_div:i = 3
			formation_step:p2 = 2.5, 2
			formation_noise:p2 = 0.1, 0.1
			uniqueName:t = ""
			attack_type:t = "fire_at_will"
		}
		way {

		}
	}
	structures {
		name:t = "t1_art_08"
		tm:m = [[0.127308, -0.00357669, -0.991857] [0.00493417, 0.999983, -0.00297269] [0.991852, -0.00451557, 0.127324] [-13092.1, 1694.46, 479.574]]
		unit_class:t = "ussr_quest_large_art_noground"
		objLayer:i = 1
		closed_waypoints:b = false
		isShipSpline:b = false
		shipTurnRadius:r = 100
		weapons:t = ""
		bullets0:t = ""
		bullets1:t = ""
		bullets2:t = ""
		bullets3:t = ""
		bulletsCount0:i = 0
		bulletsCount1:i = 0
		bulletsCount2:i = 0
		bulletsCount3:i = 0
		crewSkillK:r = 0
		applyAllMods:b = false
		props {
			army:i = 1
			count:i = 1
			formation_type:t = "rows"
			formation_div:i = 3
			formation_step:p2 = 2.5, 2
			formation_noise:p2 = 0.1, 0.1
			uniqueName:t = ""
			attack_type:t = "fire_at_will"
		}
		way {

		}
	}
	air_defence {
		name:t = "t1_aaa_04"
		tm:m = [[0.127308, -0.00357669, -0.991857] [0.00493417, 0.999983, -0.00297269] [0.991852, -0.00451557, 0.127324] [-13184.2, 1691.35, 528.075]]
		unit_class:t = "germ_88mm_flak36_noground"
		objLayer:i = 1
		closed_waypoints:b = false
		isShipSpline:b = false
		shipTurnRadius:r = 100
		weapons:t = ""
		bullets0:t = ""
		bullets1:t = ""
		bullets2:t = ""
		bullets3:t = ""
		bulletsCount0:i = 0
		bulletsCount1:i = 0
		bulletsCount2:i = 0
		bulletsCount3:i = 0
		crewSkillK:r = 0
		applyAllMods:b = false
		props {
			army:i = 1
			count:i = 1
			formation_type:t = "rows"
			formation_div:i = 3
			formation_step:p2 = 2.5, 2
			formation_noise:p2 = 0.1, 0.1
			uniqueName:t = ""
			attack_type:t = "fire_at_will"
		}
		way {

		}
	}
	objectGroups {
		name:t = "t1_trench_05"
