selected_tag:t = ""
bin_dump_file:t = ""
mission_settings {
	player {
		army:i = 1
	}
	player_teamB {
		army:i = 2
	}
	mission {
		type:t = "singleMission"
		level:t = "levels/water.bin"
		environment:t = "Day"
		weather:t = "hazy"
	}
}
imports {

}
triggers {
	isCategory:b = true
	is_enabled:b = true
}
mission_objectives {
	isCategory:b = true
	is_enabled:b = true
}
variables {

}
dialogs {

}
airfields {

}
effects {

}
units {
	objectGroups {
		name:t = "t1_helipad"
		tm:m = [[0.483282, 0.0, -0.875464] [0.0, 1.0, 0.0] [0.875464, 0.0, 0.483282] [3555.66, 67.3994, -1754.86]]
		unit_class:t = "dynHelipad_beton_a_ussr"
		objLayer:i = 2
		props {
			army:i = 1
			isDelayed:b = true
			active:b = true
		}
	}
	objectGroups {
		name:t = "t1_helipad_farspawn"
		tm:m = [[0.0122172, 0.0, -0.999924] [0.0, 1.0, 0.0] [0.999924, 0.0, 0.0122172] [3769.28, 88.7178, -5284.39]]
		unit_class:t = "dynHelipad_beton_b_ussr"
		objLayer:i = 2
		props {
			army:i = 1
			isDelayed:b = true
			active:b = true
		}
	}
	objectGroups {
		name:t = "t2_helipad"
		tm:m = [[-0.232186, 0.0, 0.97267] [0.0, 1.0, 0.0] [-0.97267, 0.0, -0.232186] [1917.72, 12.9355, 5918.25]]
		unit_class:t = "dynHelipad_beton_a_usa"
		objLayer:i = 2
		props {
			army:i = 2
			isDelayed:b = true
			active:b = true
		}
	}
	objectGroups {
		name:t = "t2_helipad_farspawn"
		tm:m = [[0.25038, 0.0, 0.968148] [0.0, 1.0, 0.0] [-0.968148, 0.0, 0.25038] [2265.13, 22.8704, 9160.9]]
		unit_class:t = "dynHelipad_beton_b_usa"
		objLayer:i = 2
		props {
			army:i = 2
			isDelayed:b = true
			active:b = true
		}
	}
	air_defence {
		name:t = "t2_helipad_defence_01"
		tm:m = [[-0.590108, 0.0, 0.807325] [0.0, 1.0, 0.0] [-0.807325, 0.0, -0.590108] [1597.48, 8.7355, 6036.83]]
		unit_class:t = "germ_20mm_flak38_longrange_helipad"
		objLayer:i = 1
		closed_waypoints:b = false
		isShipSpline:b = false
		shipTurnRadius:r = 100
		weapons:t = ""
		bullets0:t = ""
		bullets1:t = ""
		bullets2:t = ""
		bullets3:t = ""
		bulletsCount0:i = 0
		bulletsCount1:i = 0
		bulletsCount2:i = 0
		bulletsCount3:i = 0
		crewSkillK:r = 0
		applyAllMods:b = false
		props {
			army:i = 2
			count:i = 1
			formation_type:t = "rows"
			formation_div:i = 3
			formation_step:p2 = 2.5, 2
			formation_noise:p2 = 0.1, 0.1
			uniqueName:t = ""
			attack_type:t = "fire_at_will"
		}
		way {

		}
	}
	air_defence {
		name:t = "t2_helipad_defence_02"
		tm:m = [[-0.590108, 0.0, 0.807325] [0.0, 1.0, 0.0] [-0.807325, 0.0, -0.590108] [1754.88, 14.0356, 5678.97]]
		unit_class:t = "germ_20mm_flak38_longrange_helipad"
		objLayer:i = 1
		closed_waypoints:b = false
		isShipSpline:b = false
		shipTurnRadius:r = 100
		weapons:t = ""
		bullets0:t = ""
		bullets1:t = ""
		bullets2:t = ""
		bullets3:t = ""
		bulletsCount0:i = 0
		bulletsCount1:i = 0
		bulletsCount2:i = 0
		bulletsCount3:i = 0
		crewSkillK:r = 0
		applyAllMods:b = false
		props {
			army:i = 2
			count:i = 1
			formation_type:t = "rows"
			formation_div:i = 3
			formation_step:p2 = 2.5, 2
			formation_noise:p2 = 0.1, 0.1
			uniqueName:t = ""
			attack_type:t = "fire_at_will"
		}
		way {

		}
	}
	air_defence {
		name:t = "t2_helipad_defence_03"
		tm:m = [[-0.590108, 0.0, 0.807325] [0.0, 1.0, 0.0] [-0.807325, 0.0, -0.590108] [2038.72, 24.6355, 6153.48]]
		unit_class:t = "germ_20mm_flak38_helipad"
		objLayer:i = 1
		closed_waypoints:b = false
		isShipSpline:b = false
		shipTurnRadius:r = 100
		weapons:t = ""
		bullets0:t = ""
		bullets1:t = ""
		bullets2:t = ""
		bullets3:t = ""
		bulletsCount0:i = 0
		bulletsCount1:i = 0
		bulletsCount2:i = 0
		bulletsCount3:i = 0
		crewSkillK:r = 0
		applyAllMods:b = false
		props {
			army:i = 2
			count:i = 1
			formation_type:t = "rows"
			formation_div:i = 3
			formation_step:p2 = 2.5, 2
			formation_noise:p2 = 0.1, 0.1
			uniqueName:t = ""
			attack_type:t = "fire_at_will"
		}
		way {

		}
	}
	air_defence {
		name:t = "t2_helipad_defence_04"
		tm:m = [[-0.590108, 0.0, 0.807325] [0.0, 1.0, 0.0] [-0.807325, 0.0, -0.590108] [2134.73, 22.8355, 5791.33]]
		unit_class:t = "germ_20mm_flak38_helipad"
		objLayer:i = 1
		closed_waypoints:b = false
		isShipSpline:b = false
		shipTurnRadius:r = 100
		weapons:t = ""
		bullets0:t = ""
		bullets1:t = ""
		bullets2:t = ""
		bullets3:t = ""
		bulletsCount0:i = 0
		bulletsCount1:i = 0
		bulletsCount2:i = 0
		bulletsCount3:i = 0
		crewSkillK:r = 0
		applyAllMods:b = false
		props {
			army:i = 2
			count:i = 1
			formation_type:t = "rows"
			formation_div:i = 3
			formation_step:p2 = 2.5, 2
			formation_noise:p2 = 0.1, 0.1
			uniqueName:t = ""
			attack_type:t = "fire_at_will"
		}
		way {

		}
	}
	squad {
		name:t = "t2_helipad_aaa_squad"
		tm:m = [[-0.949416, 0.0, 0.314023] [0.0, 1.0, 0.0] [-0.314023, 0.0, -0.949416] [1881.47, 24.0354, 5915.12]]
		props {
			squad_members:t = "t2_helipad_defence_01"
			squad_members:t = "t2_helipad_defence_02"
			squad_members:t = "t2_helipad_defence_03"
			squad_members:t = "t2_helipad_defence_04"
			object_marking:i = 0
		}
	}
	air_defence {
		name:t = "t1_helipad_defence_01"
		tm:m = [[-0.69458, 0.0, 0.719416] [0.0, 1.0, 0.0] [-0.719416, 0.0, -0.69458] [3831.75, 67.2834, -1851.45]]
		unit_class:t = "germ_20mm_flak38_longrange_helipad"
		objLayer:i = 1
		closed_waypoints:b = false
		isShipSpline:b = false
		shipTurnRadius:r = 100
		weapons:t = ""
		bullets0:t = ""
		bullets1:t = ""
		bullets2:t = ""
		bullets3:t = ""
		bulletsCount0:i = 0
		bulletsCount1:i = 0
		bulletsCount2:i = 0
		bulletsCount3:i = 0
		crewSkillK:r = 0
		applyAllMods:b = false
		props {
			army:i = 1
			count:i = 1
			formation_type:t = "rows"
			formation_div:i = 3
			formation_step:p2 = 2.5, 2
			formation_noise:p2 = 0.1, 0.1
			uniqueName:t = ""
			attack_type:t = "fire_at_will"
		}
		way {

		}
	}
	air_defence {
		name:t = "t1_helipad_defence_02"
		tm:m = [[-0.69458, 0.0, 0.719416] [0.0, 1.0, 0.0] [-0.719416, 0.0, -0.69458] [3395.1, 67.3614, -1984.27]]
		unit_class:t = "germ_20mm_flak38_longrange_helipad"
		objLayer:i = 1
		closed_waypoints:b = false
		isShipSpline:b = false
		shipTurnRadius:r = 100
		weapons:t = ""
		bullets0:t = ""
		bullets1:t = ""
		bullets2:t = ""
		bullets3:t = ""
		bulletsCount0:i = 0
		bulletsCount1:i = 0
		bulletsCount2:i = 0
		bulletsCount3:i = 0
		crewSkillK:r = 0
		applyAllMods:b = false
		props {
			army:i = 1
			count:i = 1
			formation_type:t = "rows"
			formation_div:i = 3
			formation_step:p2 = 2.5, 2
			formation_noise:p2 = 0.1, 0.1
			uniqueName:t = ""
			attack_type:t = "fire_at_will"
		}
		way {

		}
	}
	air_defence {
		name:t = "t1_helipad_defence_03"
		tm:m = [[-0.69458, 0.0, 0.719416] [0.0, 1.0, 0.0] [-0.719416, 0.0, -0.69458] [3285.78, 67.4844, -1625.98]]
		unit_class:t = "germ_20mm_flak38_helipad"
		objLayer:i = 1
		closed_waypoints:b = false
		isShipSpline:b = false
		shipTurnRadius:r = 100
		weapons:t = ""
		bullets0:t = ""
		bullets1:t = ""
		bullets2:t = ""
		bullets3:t = ""
		bulletsCount0:i = 0
		bulletsCount1:i = 0
		bulletsCount2:i = 0
		bulletsCount3:i = 0
		crewSkillK:r = 0
		applyAllMods:b = false
		props {
			army:i = 1
			count:i = 1
			formation_type:t = "rows"
			formation_div:i = 3
			formation_step:p2 = 2.5, 2
			formation_noise:p2 = 0.1, 0.1
			uniqueName:t = ""
			attack_type:t = "fire_at_will"
		}
		way {

		}
	}
	air_defence {
		name:t = "t1_helipad_defence_04"
		tm:m = [[-0.69458, 0.0, 0.719416] [0.0, 1.0, 0.0] [-0.719416, 0.0, -0.69458] [3661.33, 67.2934, -1499.75]]
		unit_class:t = "germ_20mm_flak38_helipad"
		objLayer:i = 1
		closed_waypoints:b = false
		isShipSpline:b = false
		shipTurnRadius:r = 100
		weapons:t = ""
		bullets0:t = ""
		bullets1:t = ""
		bullets2:t = ""
		bullets3:t = ""
		bulletsCount0:i = 0
		bulletsCount1:i = 0
		bulletsCount2:i = 0
		bulletsCount3:i = 0
		crewSkillK:r = 0
		applyAllMods:b = false
		props {
			army:i = 1
			count:i = 1
			formation_type:t = "rows"
			formation_div:i = 3
			formation_step:p2 = 2.5, 2
			formation_noise:p2 = 0.1, 0.1
			uniqueName:t = ""
			attack_type:t = "fire_at_will"
		}
		way {

		}
	}
	squad {
		name:t = "t1_helipad_aaa_squad"
		tm:m = [[0.960331, 0.0, -0.278865] [0.0, 1.0, 0.0] [0.278865, 0.0, 0.960331] [3642.14, 67.3994, -1718.88]]
		props {
			squad_members:t = "t1_helipad_defence_02"
			squad_members:t = "t1_helipad_defence_04"
			squad_members:t = "t1_helipad_defence_03"
			squad_members:t = "t1_helipad_defence_01"
			object_marking:i = 0
		}
	}
}
areas {
	heli_4000 {
		type:t = "Sphere"
		tm:m = [[6928.2, 0.0, -3999.99] [0.0, 8000.0, 0.0] [3999.99, 0.0, 6928.2] [2082.8, 213.438, 1939.0]]
		objLayer:i = 4
		props {

		}
	}
	heli_7200 {
		type:t = "Sphere"
		tm:m = [[12470.7, 0.0, -7199.98] [0.0, 14400.0, 0.0] [7199.98, 0.0, 12470.7] [2082.8, 309.515, 1939.0]]
		objLayer:i = 4
		props {

		}
	}
}
objLayers {
	layer {
		enabled:b = true
	}
	layer {
		enabled:b = true
	}
	layer {
		enabled:b = true
	}
	layer {
		enabled:b = true
	}
	layer {
		enabled:b = true
	}
}
wayPoints {

}