selected_tag:t = ""
bin_dump_file:t = ""
mission_settings {
	player {
		army:i = 1
	}
	player_teamB {
		army:i = 2
	}
	mission {
		level:t = "levels/air_smolensk.bin"
		type:t = "domination"
		environment:t = "Day"
		weather:t = "clear"
	}
}
imports {

}
triggers {
	isCategory:b = true
	is_enabled:b = true
}
mission_objectives {
	isCategory:b = true
	is_enabled:b = true
}
variables {

}
dialogs {

}
airfields {

}
effects {

}
units {
	objectGroups {
		name:t = "t1_airfield_low"
		tm:m = [[0.878553, 0.0, -0.477647] [0.0, 1.0, 0.0] [0.477647, 0.0, 0.878553] [14248.5, 100.572, -3534.52]]
		unit_class:t = "dynaf_pg_1line_ground"
		objLayer:i = 2
		props {
			army:i = 1
			active:b = true
		}
	}
	objectGroups {
		name:t = "t2_airfield_low"
		tm:m = [[-0.998396, 0.0, -0.056612] [0.0, 1.0, 0.0] [0.056612, 0.0, -0.998396] [-11339.0, 51.8644, -643.686]]
		unit_class:t = "dynaf_pg_1line_ground"
		objLayer:i = 2
		props {
			army:i = 2
			active:b = true
		}
	}
	air_defence {
		name:t = "t1_def_aaa_low_01"
		tm:m = [[-0.656581, 0.0, 0.754255] [0.0, 1.0, 0.0] [-0.754255, 0.0, -0.656581] [14406.8, 134.831, -3146.61]]
		unit_class:t = "us_90mm_m1"
		objLayer:i = 1
		closed_waypoints:b = false
		isShipSpline:b = false
		shipTurnRadius:r = 100
		weapons:t = ""
		bullets0:t = ""
		bullets1:t = ""
		bullets2:t = ""
		bullets3:t = ""
		bulletsCount0:i = 0
		bulletsCount1:i = 0
		bulletsCount2:i = 0
		bulletsCount3:i = 0
		crewSkillK:r = 0
		applyAllMods:b = false
		props {
			army:i = 1
			count:i = 1
			formation_type:t = "rows"
			formation_div:i = 3
			formation_step:p2 = 2.5, 2
			formation_noise:p2 = 0.1, 0.1
			uniqueName:t = ""
			attack_type:t = "fire_at_will"
		}
		way {

		}
	}
	air_defence {
		name:t = "t1_def_aaa_low_02"
		tm:m = [[-0.656581, 0.0, 0.754255] [0.0, 1.0, 0.0] [-0.754255, 0.0, -0.656581] [14117.5, 135.065, -2814.74]]
		unit_class:t = "us_90mm_m1"
		objLayer:i = 1
		closed_waypoints:b = false
		isShipSpline:b = false
		shipTurnRadius:r = 100
		weapons:t = ""
		bullets0:t = ""
		bullets1:t = ""
		bullets2:t = ""
		bullets3:t = ""
		bulletsCount0:i = 0
		bulletsCount1:i = 0
		bulletsCount2:i = 0
		bulletsCount3:i = 0
		crewSkillK:r = 0
		applyAllMods:b = false
		props {
			army:i = 1
			count:i = 1
			formation_type:t = "rows"
			formation_div:i = 3
			formation_step:p2 = 2.5, 2
			formation_noise:p2 = 0.1, 0.1
			uniqueName:t = ""
			attack_type:t = "fire_at_will"
		}
		way {

		}
	}
	air_defence {
		name:t = "t1_def_aaa_low_03"
		tm:m = [[-0.656581, 0.0, 0.754255] [0.0, 1.0, 0.0] [-0.754255, 0.0, -0.656581] [14874.4, 128.715, -4572.33]]
		unit_class:t = "us_90mm_m1"
		objLayer:i = 1
		closed_waypoints:b = false
		isShipSpline:b = false
		shipTurnRadius:r = 100
		weapons:t = ""
		bullets0:t = ""
		bullets1:t = ""
		bullets2:t = ""
		bullets3:t = ""
		bulletsCount0:i = 0
		bulletsCount1:i = 0
		bulletsCount2:i = 0
		bulletsCount3:i = 0
		crewSkillK:r = 0
		applyAllMods:b = false
		props {
			army:i = 1
			count:i = 1
			formation_type:t = "rows"
			formation_div:i = 3
			formation_step:p2 = 2.5, 2
			formation_noise:p2 = 0.1, 0.1
			uniqueName:t = ""
			attack_type:t = "fire_at_will"
		}
		way {

		}
	}
	air_defence {
		name:t = "t1_def_aaa_low_04"
		tm:m = [[-0.656581, 0.0, 0.754255] [0.0, 1.0, 0.0] [-0.754255, 0.0, -0.656581] [15822.9, 155.465, -3904.83]]
		unit_class:t = "us_90mm_m1"
		objLayer:i = 1
		closed_waypoints:b = false
		isShipSpline:b = false
		shipTurnRadius:r = 100
		weapons:t = ""
		bullets0:t = ""
		bullets1:t = ""
		bullets2:t = ""
		bullets3:t = ""
		bulletsCount0:i = 0
		bulletsCount1:i = 0
		bulletsCount2:i = 0
		bulletsCount3:i = 0
		crewSkillK:r = 0
		applyAllMods:b = false
		props {
			army:i = 1
			count:i = 1
			formation_type:t = "rows"
			formation_div:i = 3
			formation_step:p2 = 2.5, 2
			formation_noise:p2 = 0.1, 0.1
			uniqueName:t = ""
			attack_type:t = "fire_at_will"
		}
		way {

		}
	}
	air_defence {
		name:t = "t1_def_aaa_low_05"
		tm:m = [[-0.656581, 0.0, 0.754255] [0.0, 1.0, 0.0] [-0.754255, 0.0, -0.656581] [15062.4, 134.693, -3482.62]]
		unit_class:t = "us_40mm_bofors_airfield"
		objLayer:i = 1
		closed_waypoints:b = false
		isShipSpline:b = false
		shipTurnRadius:r = 100
		weapons:t = ""
		bullets0:t = ""
		bullets1:t = ""
		bullets2:t = ""
		bullets3:t = ""
		bulletsCount0:i = 0
		bulletsCount1:i = 0
		bulletsCount2:i = 0
		bulletsCount3:i = 0
		crewSkillK:r = 0
		applyAllMods:b = false
		props {
			army:i = 1
			count:i = 1
			formation_type:t = "rows"
			formation_div:i = 3
			formation_step:p2 = 2.5, 2
			formation_noise:p2 = 0.1, 0.1
			uniqueName:t = ""
			attack_type:t = "fire_at_will"
		}
		way {

		}
	}
	air_defence {
		name:t = "t1_def_aaa_low_06"
		tm:m = [[-0.656581, 0.0, 0.754255] [0.0, 1.0, 0.0] [-0.754255, 0.0, -0.656581] [12834.1, 130.862, -3457.17]]
		unit_class:t = "us_40mm_bofors_airfield"
		objLayer:i = 1
		closed_waypoints:b = false
		isShipSpline:b = false
		shipTurnRadius:r = 100
		weapons:t = ""
		bullets0:t = ""
		bullets1:t = ""
		bullets2:t = ""
		bullets3:t = ""
		bulletsCount0:i = 0
		bulletsCount1:i = 0
		bulletsCount2:i = 0
		bulletsCount3:i = 0
		crewSkillK:r = 0
		applyAllMods:b = false
		props {
			army:i = 1
			count:i = 1
			formation_type:t = "rows"
			formation_div:i = 3
			formation_step:p2 = 2.5, 2
			formation_noise:p2 = 0.1, 0.1
			uniqueName:t = ""
			attack_type:t = "fire_at_will"
		}
		way {

		}
	}
	air_defence {
		name:t = "t1_def_aaa_low_07"
		tm:m = [[-0.656581, 0.0, 0.754255] [0.0, 1.0, 0.0] [-0.754255, 0.0, -0.656581] [13780.0, 135.307, -3943.56]]
		unit_class:t = "us_40mm_bofors_airfield"
		objLayer:i = 1
		closed_waypoints:b = false
		isShipSpline:b = false
		shipTurnRadius:r = 100
		weapons:t = ""
		bullets0:t = ""
		bullets1:t = ""
		bullets2:t = ""
		bullets3:t = ""
		bulletsCount0:i = 0
		bulletsCount1:i = 0
		bulletsCount2:i = 0
		bulletsCount3:i = 0
		crewSkillK:r = 0
		applyAllMods:b = false
		props {
			army:i = 1
			count:i = 1
			formation_type:t = "rows"
			formation_div:i = 3
			formation_step:p2 = 2.5, 2
			formation_noise:p2 = 0.1, 0.1
			uniqueName:t = ""
			attack_type:t = "fire_at_will"
		}
		way {

		}
	}
	air_defence {
		name:t = "t1_def_aaa_low_08"
		tm:m = [[-0.656581, 0.0, 0.754255] [0.0, 1.0, 0.0] [-0.754255, 0.0, -0.656581] [14534.5, 144.754, -3265.1]]
		unit_class:t = "us_40mm_bofors_airfield"
		objLayer:i = 1
		closed_waypoints:b = false
		isShipSpline:b = false
		shipTurnRadius:r = 100
		weapons:t = ""
		bullets0:t = ""
		bullets1:t = ""
		bullets2:t = ""
		bullets3:t = ""
		bulletsCount0:i = 0
		bulletsCount1:i = 0
		bulletsCount2:i = 0
		bulletsCount3:i = 0
		crewSkillK:r = 0
		applyAllMods:b = false
		props {
			army:i = 1
			count:i = 1
			formation_type:t = "rows"
			formation_div:i = 3
			formation_step:p2 = 2.5, 2
			formation_noise:p2 = 0.1, 0.1
			uniqueName:t = ""
			attack_type:t = "fire_at_will"
		}
		way {

		}
	}
	air_defence {
		name:t = "t1_def_aaa_low_09"
		tm:m = [[-0.656581, 0.0, 0.754255] [0.0, 1.0, 0.0] [-0.754255, 0.0, -0.656581] [14260.1, 127.219, -4147.49]]
		unit_class:t = "us_40mm_bofors_airfield"
		objLayer:i = 1
		closed_waypoints:b = false
		isShipSpline:b = false
		shipTurnRadius:r = 100
		weapons:t = ""
		bullets0:t = ""
		bullets1:t = ""
		bullets2:t = ""
		bullets3:t = ""
		bulletsCount0:i = 0
		bulletsCount1:i = 0
		bulletsCount2:i = 0
		bulletsCount3:i = 0
		crewSkillK:r = 0
		applyAllMods:b = false
		props {
			army:i = 1
			count:i = 1
			formation_type:t = "rows"
			formation_div:i = 3
			formation_step:p2 = 2.5, 2
			formation_noise:p2 = 0.1, 0.1
			uniqueName:t = ""
			attack_type:t = "fire_at_will"
		}
		way {

		}
	}
	air_defence {
		name:t = "t1_def_aaa_low_10"
		tm:m = [[-0.656581, 0.0, 0.754255] [0.0, 1.0, 0.0] [-0.754255, 0.0, -0.656581] [14617.3, 126.197, -4304.38]]
		unit_class:t = "us_40mm_bofors_airfield"
		objLayer:i = 1
		closed_waypoints:b = false
		isShipSpline:b = false
		shipTurnRadius:r = 100
		weapons:t = ""
		bullets0:t = ""
		bullets1:t = ""
		bullets2:t = ""
		bullets3:t = ""
		bulletsCount0:i = 0
		bulletsCount1:i = 0
		bulletsCount2:i = 0
		bulletsCount3:i = 0
		crewSkillK:r = 0
		applyAllMods:b = false
		props {
			army:i = 1
			count:i = 1
			formation_type:t = "rows"
			formation_div:i = 3
			formation_step:p2 = 2.5, 2
			formation_noise:p2 = 0.1, 0.1
			uniqueName:t = ""
			attack_type:t = "fire_at_will"
		}
		way {

		}
	}
	air_defence {
		name:t = "t1_def_aaa_low_11"
		tm:m = [[-0.656581, 0.0, 0.754255] [0.0, 1.0, 0.0] [-0.754255, 0.0, -0.656581] [15126.6, 148.757, -3656.75]]
		unit_class:t = "us_12mm_m2"
		objLayer:i = 1
		closed_waypoints:b = false
		isShipSpline:b = false
		shipTurnRadius:r = 100
		weapons:t = ""
		bullets0:t = ""
		bullets1:t = ""
		bullets2:t = ""
		bullets3:t = ""
		bulletsCount0:i = 0
		bulletsCount1:i = 0
		bulletsCount2:i = 0
		bulletsCount3:i = 0
		crewSkillK:r = 0
		applyAllMods:b = false
		props {
			army:i = 1
			count:i = 1
			formation_type:t = "rows"
			formation_div:i = 3
			formation_step:p2 = 2.5, 2
			formation_noise:p2 = 0.1, 0.1
			uniqueName:t = ""
			attack_type:t = "fire_at_will"
		}
		way {

		}
	}
	air_defence {
		name:t = "t1_def_aaa_low_12"
		tm:m = [[-0.656581, 0.0, 0.754255] [0.0, 1.0, 0.0] [-0.754255, 0.0, -0.656581] [14146.7, 129.677, -3947.11]]
		unit_class:t = "us_12mm_m2"
		objLayer:i = 1
		closed_waypoints:b = false
		isShipSpline:b = false
		shipTurnRadius:r = 100
		weapons:t = ""
		bullets0:t = ""
		bullets1:t = ""
		bullets2:t = ""
		bullets3:t = ""
		bulletsCount0:i = 0
		bulletsCount1:i = 0
		bulletsCount2:i = 0
		bulletsCount3:i = 0
		crewSkillK:r = 0
		applyAllMods:b = false
		props {
			army:i = 1
			count:i = 1
			formation_type:t = "rows"
			formation_div:i = 3
			formation_step:p2 = 2.5, 2
			formation_noise:p2 = 0.1, 0.1
			uniqueName:t = ""
			attack_type:t = "fire_at_will"
		}
		way {

		}
	}
	air_defence {
		name:t = "t1_def_aaa_low_13"
		tm:m = [[-0.656581, 0.0, 0.754255] [0.0, 1.0, 0.0] [-0.754255, 0.0, -0.656581] [13609.2, 157.553, -2653.2]]
		unit_class:t = "us_12mm_m2"
		objLayer:i = 1
		closed_waypoints:b = false
		isShipSpline:b = false
		shipTurnRadius:r = 100
		weapons:t = ""
		bullets0:t = ""
		bullets1:t = ""
		bullets2:t = ""
		bullets3:t = ""
		bulletsCount0:i = 0
		bulletsCount1:i = 0
		bulletsCount2:i = 0
		bulletsCount3:i = 0
		crewSkillK:r = 0
		applyAllMods:b = false
		props {
			army:i = 1
			count:i = 1
			formation_type:t = "rows"
			formation_div:i = 3
			formation_step:p2 = 2.5, 2
			formation_noise:p2 = 0.1, 0.1
			uniqueName:t = ""
			attack_type:t = "fire_at_will"
		}
		way {

		}
	}
	air_defence {
		name:t = "t1_def_aaa_low_14"
		tm:m = [[-0.656581, 0.0, 0.754255] [0.0, 1.0, 0.0] [-0.754255, 0.0, -0.656581] [13395.5, 133.262, -3680.64]]
		unit_class:t = "us_12mm_m2"
		objLayer:i = 1
		closed_waypoints:b = false
		isShipSpline:b = false
		shipTurnRadius:r = 100
		weapons:t = ""
		bullets0:t = ""
		bullets1:t = ""
		bullets2:t = ""
		bullets3:t = ""
		bulletsCount0:i = 0
		bulletsCount1:i = 0
		bulletsCount2:i = 0
		bulletsCount3:i = 0
		crewSkillK:r = 0
		applyAllMods:b = false
		props {
			army:i = 1
			count:i = 1
			formation_type:t = "rows"
			formation_div:i = 3
			formation_step:p2 = 2.5, 2
			formation_noise:p2 = 0.1, 0.1
			uniqueName:t = ""
			attack_type:t = "fire_at_will"
		}
		way {

		}
	}
	squad {
		name:t = "t1_def_aaa_low_squad"
		tm:m = [[-1.28796e-34, 0.0, -2.51278e-35] [0.0, 0.0, 0.0] [-3.64413e-34, 0.0, -5.41071e-34] [28898.4, 158.238, -3331.12]]
		props {
			squad_members:t = "t1_def_aaa_low_14"
			squad_members:t = "t1_def_aaa_low_01"
			squad_members:t = "t1_def_aaa_low_02"
			squad_members:t = "t1_def_aaa_low_03"
			squad_members:t = "t1_def_aaa_low_04"
			squad_members:t = "t1_def_aaa_low_05"
			squad_members:t = "t1_def_aaa_low_06"
			squad_members:t = "t1_def_aaa_low_07"
			squad_members:t = "t1_def_aaa_low_08"
			squad_members:t = "t1_def_aaa_low_09"
			squad_members:t = "t1_def_aaa_low_10"
			squad_members:t = "t1_def_aaa_low_11"
			squad_members:t = "t1_def_aaa_low_12"
			squad_members:t = "t1_def_aaa_low_13"
			object_marking:i = 0
		}
	}
	air_defence {
		name:t = "t2_def_aaa_low_01"
		tm:m = [[-0.985961, 0.0, 0.166977] [0.0, 1.0, 0.0] [-0.166977, 0.0, -0.985961] [-12587.8, 37.3243, -339.132]]
		unit_class:t = "germ_88mm_flak36"
		objLayer:i = 1
		closed_waypoints:b = false
		isShipSpline:b = false
		shipTurnRadius:r = 100
		weapons:t = ""
		bullets0:t = ""
		bullets1:t = ""
		bullets2:t = ""
		bullets3:t = ""
		bulletsCount0:i = 0
		bulletsCount1:i = 0
		bulletsCount2:i = 0
		bulletsCount3:i = 0
		crewSkillK:r = 0
		applyAllMods:b = false
		props {
			army:i = 2
			count:i = 1
			formation_type:t = "rows"
			formation_div:i = 3
			formation_step:p2 = 2.5, 2
			formation_noise:p2 = 0.1, 0.1
			uniqueName:t = ""
			attack_type:t = "fire_at_will"
		}
		way {

		}
	}
	air_defence {
		name:t = "t2_def_aaa_low_02"
		tm:m = [[-0.985961, 0.0, 0.166977] [0.0, 1.0, 0.0] [-0.166977, 0.0, -0.985961] [-12430.0, 21.7664, -1403.43]]
		unit_class:t = "germ_88mm_flak36"
		objLayer:i = 1
		closed_waypoints:b = false
		isShipSpline:b = false
		shipTurnRadius:r = 100
		weapons:t = ""
		bullets0:t = ""
		bullets1:t = ""
		bullets2:t = ""
		bullets3:t = ""
		bulletsCount0:i = 0
		bulletsCount1:i = 0
		bulletsCount2:i = 0
		bulletsCount3:i = 0
		crewSkillK:r = 0
		applyAllMods:b = false
		props {
			army:i = 2
			count:i = 1
			formation_type:t = "rows"
			formation_div:i = 3
			formation_step:p2 = 2.5, 2
			formation_noise:p2 = 0.1, 0.1
			uniqueName:t = ""
			attack_type:t = "fire_at_will"
		}
		way {

		}
	}
	air_defence {
		name:t = "t2_def_aaa_low_03"
		tm:m = [[-0.985961, 0.0, 0.166977] [0.0, 1.0, 0.0] [-0.166977, 0.0, -0.985961] [-10300.2, 75.75, -160.788]]
		unit_class:t = "germ_88mm_flak36"
		objLayer:i = 1
		closed_waypoints:b = false
		isShipSpline:b = false
		shipTurnRadius:r = 100
		weapons:t = ""
		bullets0:t = ""
		bullets1:t = ""
		bullets2:t = ""
		bullets3:t = ""
		bulletsCount0:i = 0
		bulletsCount1:i = 0
		bulletsCount2:i = 0
		bulletsCount3:i = 0
		crewSkillK:r = 0
		applyAllMods:b = false
		props {
			army:i = 2
			count:i = 1
			formation_type:t = "rows"
			formation_div:i = 3
			formation_step:p2 = 2.5, 2
			formation_noise:p2 = 0.1, 0.1
			uniqueName:t = ""
			attack_type:t = "fire_at_will"
		}
		way {

		}
	}
	air_defence {
		name:t = "t2_def_aaa_low_04"
		tm:m = [[-0.985961, 0.0, 0.166977] [0.0, 1.0, 0.0] [-0.166977, 0.0, -0.985961] [-9865.77, 57.601, -132.061]]
		unit_class:t = "germ_88mm_flak36"
		objLayer:i = 1
		closed_waypoints:b = false
		isShipSpline:b = false
		shipTurnRadius:r = 100
		weapons:t = ""
		bullets0:t = ""
		bullets1:t = ""
		bullets2:t = ""
		bullets3:t = ""
		bulletsCount0:i = 0
		bulletsCount1:i = 0
		bulletsCount2:i = 0
		bulletsCount3:i = 0
		crewSkillK:r = 0
		applyAllMods:b = false
		props {
			army:i = 2
			count:i = 1
			formation_type:t = "rows"
			formation_div:i = 3
			formation_step:p2 = 2.5, 2
			formation_noise:p2 = 0.1, 0.1
			uniqueName:t = ""
			attack_type:t = "fire_at_will"
		}
		way {

		}
	}
	air_defence {
		name:t = "t2_def_aaa_low_05"
		tm:m = [[-0.985961, 0.0, 0.166977] [0.0, 1.0, 0.0] [-0.166977, 0.0, -0.985961] [-10774.1, 64.462, -188.662]]
		unit_class:t = "germ_37mm_flak43"
		objLayer:i = 1
		closed_waypoints:b = false
		isShipSpline:b = false
		shipTurnRadius:r = 100
		weapons:t = ""
		bullets0:t = ""
		bullets1:t = ""
		bullets2:t = ""
		bullets3:t = ""
		bulletsCount0:i = 0
		bulletsCount1:i = 0
		bulletsCount2:i = 0
		bulletsCount3:i = 0
		crewSkillK:r = 0
		applyAllMods:b = false
		props {
			army:i = 2
			count:i = 1
			formation_type:t = "rows"
			formation_div:i = 3
			formation_step:p2 = 2.5, 2
			formation_noise:p2 = 0.1, 0.1
			uniqueName:t = ""
			attack_type:t = "fire_at_will"
		}
		way {

		}
	}
	air_defence {
		name:t = "t2_def_aaa_low_06"
		tm:m = [[-0.985961, 0.0, 0.166977] [0.0, 1.0, 0.0] [-0.166977, 0.0, -0.985961] [-9859.88, 59.265, -985.615]]
		unit_class:t = "germ_37mm_flak43"
		objLayer:i = 1
		closed_waypoints:b = false
		isShipSpline:b = false
		shipTurnRadius:r = 100
		weapons:t = ""
		bullets0:t = ""
		bullets1:t = ""
		bullets2:t = ""
		bullets3:t = ""
		bulletsCount0:i = 0
		bulletsCount1:i = 0
		bulletsCount2:i = 0
		bulletsCount3:i = 0
		crewSkillK:r = 0
		applyAllMods:b = false
		props {
			army:i = 2
			count:i = 1
			formation_type:t = "rows"
			formation_div:i = 3
			formation_step:p2 = 2.5, 2
			formation_noise:p2 = 0.1, 0.1
			uniqueName:t = ""
			attack_type:t = "fire_at_will"
		}
		way {

		}
	}
	air_defence {
		name:t = "t2_def_aaa_low_07"
		tm:m = [[-0.985961, 0.0, 0.166977] [0.0, 1.0, 0.0] [-0.166977, 0.0, -0.985961] [-11328.1, 39.0078, -219.618]]
		unit_class:t = "germ_37mm_flak43"
		objLayer:i = 1
		closed_waypoints:b = false
		isShipSpline:b = false
		shipTurnRadius:r = 100
		weapons:t = ""
		bullets0:t = ""
		bullets1:t = ""
		bullets2:t = ""
		bullets3:t = ""
		bulletsCount0:i = 0
		bulletsCount1:i = 0
		bulletsCount2:i = 0
		bulletsCount3:i = 0
		crewSkillK:r = 0
		applyAllMods:b = false
		props {
			army:i = 2
			count:i = 1
			formation_type:t = "rows"
			formation_div:i = 3
			formation_step:p2 = 2.5, 2
			formation_noise:p2 = 0.1, 0.1
			uniqueName:t = ""
			attack_type:t = "fire_at_will"
		}
		way {

		}
	}
	air_defence {
		name:t = "t2_def_aaa_low_08"
		tm:m = [[-0.985961, 0.0, 0.166977] [0.0, 1.0, 0.0] [-0.166977, 0.0, -0.985961] [-10855.1, 49.3955, -1070.63]]
		unit_class:t = "germ_37mm_flak43"
		objLayer:i = 1
		closed_waypoints:b = false
		isShipSpline:b = false
		shipTurnRadius:r = 100
		weapons:t = ""
		bullets0:t = ""
		bullets1:t = ""
		bullets2:t = ""
		bullets3:t = ""
		bulletsCount0:i = 0
		bulletsCount1:i = 0
		bulletsCount2:i = 0
		bulletsCount3:i = 0
		crewSkillK:r = 0
		applyAllMods:b = false
		props {
			army:i = 2
			count:i = 1
			formation_type:t = "rows"
			formation_div:i = 3
			formation_step:p2 = 2.5, 2
			formation_noise:p2 = 0.1, 0.1
			uniqueName:t = ""
			attack_type:t = "fire_at_will"
		}
		way {

		}
	}
	air_defence {
		name:t = "t2_def_aaa_low_09"
		tm:m = [[-0.985961, 0.0, 0.166977] [0.0, 1.0, 0.0] [-0.166977, 0.0, -0.985961] [-11903.3, 37.2909, -1119.32]]
		unit_class:t = "germ_37mm_flak43"
		objLayer:i = 1
		closed_waypoints:b = false
		isShipSpline:b = false
		shipTurnRadius:r = 100
		weapons:t = ""
		bullets0:t = ""
		bullets1:t = ""
		bullets2:t = ""
		bullets3:t = ""
		bulletsCount0:i = 0
		bulletsCount1:i = 0
		bulletsCount2:i = 0
		bulletsCount3:i = 0
		crewSkillK:r = 0
		applyAllMods:b = false
		props {
			army:i = 2
			count:i = 1
			formation_type:t = "rows"
			formation_div:i = 3
			formation_step:p2 = 2.5, 2
			formation_noise:p2 = 0.1, 0.1
			uniqueName:t = ""
			attack_type:t = "fire_at_will"
		}
		way {

		}
	}
	air_defence {
		name:t = "t2_def_aaa_low_10"
		tm:m = [[-0.985961, 0.0, 0.166977] [0.0, 1.0, 0.0] [-0.166977, 0.0, -0.985961] [-12064.5, 16.0102, -415.421]]
		unit_class:t = "germ_37mm_flak43"
		objLayer:i = 1
		closed_waypoints:b = false
		isShipSpline:b = false
		shipTurnRadius:r = 100
		weapons:t = ""
		bullets0:t = ""
		bullets1:t = ""
		bullets2:t = ""
		bullets3:t = ""
		bulletsCount0:i = 0
		bulletsCount1:i = 0
		bulletsCount2:i = 0
		bulletsCount3:i = 0
		crewSkillK:r = 0
		applyAllMods:b = false
		props {
			army:i = 2
			count:i = 1
			formation_type:t = "rows"
			formation_div:i = 3
			formation_step:p2 = 2.5, 2
			formation_noise:p2 = 0.1, 0.1
			uniqueName:t = ""
			attack_type:t = "fire_at_will"
		}
		way {

		}
	}
	air_defence {
		name:t = "t2_def_aaa_low_11"
		tm:m = [[-0.985961, 0.0, 0.166977] [0.0, 1.0, 0.0] [-0.166977, 0.0, -0.985961] [-11947.9, 24.9103, -253.778]]
		unit_class:t = "germ_20mm_flak38_airfield"
		objLayer:i = 1
		closed_waypoints:b = false
		isShipSpline:b = false
		shipTurnRadius:r = 100
		weapons:t = ""
		bullets0:t = ""
		bullets1:t = ""
		bullets2:t = ""
		bullets3:t = ""
		bulletsCount0:i = 0
		bulletsCount1:i = 0
		bulletsCount2:i = 0
		bulletsCount3:i = 0
		crewSkillK:r = 0
		applyAllMods:b = false
		props {
			army:i = 2
			count:i = 1
			formation_type:t = "rows"
			formation_div:i = 3
			formation_step:p2 = 2.5, 2
			formation_noise:p2 = 0.1, 0.1
			uniqueName:t = ""
			attack_type:t = "fire_at_will"
		}
		way {

		}
	}
	air_defence {
		name:t = "t2_def_aaa_low_12"
		tm:m = [[-0.985961, 0.0, 0.166977] [0.0, 1.0, 0.0] [-0.166977, 0.0, -0.985961] [-11001.0, 49.2087, -94.0623]]
		unit_class:t = "germ_20mm_flak38_airfield"
		objLayer:i = 1
		closed_waypoints:b = false
		isShipSpline:b = false
		shipTurnRadius:r = 100
		weapons:t = ""
		bullets0:t = ""
		bullets1:t = ""
		bullets2:t = ""
		bullets3:t = ""
		bulletsCount0:i = 0
		bulletsCount1:i = 0
		bulletsCount2:i = 0
		bulletsCount3:i = 0
		crewSkillK:r = 0
		applyAllMods:b = false
		props {
			army:i = 2
			count:i = 1
			formation_type:t = "rows"
			formation_div:i = 3
			formation_step:p2 = 2.5, 2
			formation_noise:p2 = 0.1, 0.1
			uniqueName:t = ""
			attack_type:t = "fire_at_will"
		}
		way {

		}
	}
	air_defence {
		name:t = "t2_def_aaa_low_13"
		tm:m = [[-0.985961, 0.0, 0.166977] [0.0, 1.0, 0.0] [-0.166977, 0.0, -0.985961] [-10365.3, 49.093, -1030.77]]
		unit_class:t = "germ_20mm_flak38_airfield"
		objLayer:i = 1
		closed_waypoints:b = false
		isShipSpline:b = false
		shipTurnRadius:r = 100
		weapons:t = ""
		bullets0:t = ""
		bullets1:t = ""
		bullets2:t = ""
		bullets3:t = ""
		bulletsCount0:i = 0
		bulletsCount1:i = 0
		bulletsCount2:i = 0
		bulletsCount3:i = 0
		crewSkillK:r = 0
		applyAllMods:b = false
		props {
			army:i = 2
			count:i = 1
			formation_type:t = "rows"
			formation_div:i = 3
			formation_step:p2 = 2.5, 2
			formation_noise:p2 = 0.1, 0.1
			uniqueName:t = ""
			attack_type:t = "fire_at_will"
		}
		way {

		}
	}
	air_defence {
		name:t = "t2_def_aaa_low_14"
		tm:m = [[-0.985961, 0.0, 0.166977] [0.0, 1.0, 0.0] [-0.166977, 0.0, -0.985961] [-11284.2, 38.2609, -1113.44]]
		unit_class:t = "germ_20mm_flak38_airfield"
		objLayer:i = 1
		closed_waypoints:b = false
		isShipSpline:b = false
		shipTurnRadius:r = 100
		weapons:t = ""
		bullets0:t = ""
		bullets1:t = ""
		bullets2:t = ""
		bullets3:t = ""
		bulletsCount0:i = 0
		bulletsCount1:i = 0
		bulletsCount2:i = 0
		bulletsCount3:i = 0
		crewSkillK:r = 0
		applyAllMods:b = false
		props {
			army:i = 2
			count:i = 1
			formation_type:t = "rows"
			formation_div:i = 3
			formation_step:p2 = 2.5, 2
			formation_noise:p2 = 0.1, 0.1
			uniqueName:t = ""
			attack_type:t = "fire_at_will"
		}
		way {

		}
	}
	squad {
		name:t = "t2_def_aaa_low_squad"
		tm:m = [[-1.80115e-34, 0.0, -3.51402e-35] [0.0, 0.0, 0.0] [-3.64327e-34, 0.0, -5.40944e-34] [-20183.0, 158.238, 13814.4]]
		props {
			squad_members:t = "t2_def_aaa_low_14"
			squad_members:t = "t2_def_aaa_low_05"
			squad_members:t = "t2_def_aaa_low_06"
			squad_members:t = "t2_def_aaa_low_07"
			squad_members:t = "t2_def_aaa_low_08"
			squad_members:t = "t2_def_aaa_low_09"
			squad_members:t = "t2_def_aaa_low_10"
			squad_members:t = "t2_def_aaa_low_11"
			squad_members:t = "t2_def_aaa_low_12"
			squad_members:t = "t2_def_aaa_low_13"
			squad_members:t = "t2_def_aaa_low_02"
			squad_members:t = "t2_def_aaa_low_01"
			squad_members:t = "t2_def_aaa_low_03"
			squad_members:t = "t2_def_aaa_low_04"
			object_marking:i = 0
		}
	}
}
areas {
	t1_interceptor_low_area {
		type:t = "Sphere"
		tm:m = [[-1012.92, 0.0, -5913.89] [0.0, 6000.0, 0.0] [5913.89, 0.0, -1012.92] [14355.3, 2000.0, -3670.56]]
		objLayer:i = 4
		props {

		}
	}
	t1_assault_low_spawn {
		type:t = "Sphere"
		tm:m = [[-293.203, 0.0, 63.4954] [0.0, 300.0, 0.0] [-63.4954, 0.0, -293.203] [9430.08, 1000.0, -2825.14]]
		objLayer:i = 4
		props {

		}
	}
	t1_aaa_fighter_low_area {
		type:t = "Sphere"
		tm:m = [[-675.273, 0.0, -3942.58] [0.0, 4000.0, 0.0] [3942.58, 0.0, -675.273] [14355.3, 3000.0, -3670.56]]
		objLayer:i = 4
		props {

		}
	}
	t1_assault_low_area {
		type:t = "Sphere"
		tm:m = [[-1688.19, 0.0, -9856.47] [0.0, 10000.0, 0.0] [9856.47, 0.0, -1688.19] [14355.3, 1000.0, -3670.56]]
		objLayer:i = 4
		props {

		}
	}
	t1_interceptor_low_spawn {
		type:t = "Sphere"
		tm:m = [[-293.203, 0.0, 63.4954] [0.0, 300.0, 0.0] [-63.4954, 0.0, -293.203] [17293.6, 1000.0, -4173.45]]
		objLayer:i = 4
		props {

		}
	}
	t1_aaa_fighter_low_spawn {
		type:t = "Sphere"
		tm:m = [[-293.203, 0.0, 63.4954] [0.0, 300.0, 0.0] [-63.4954, 0.0, -293.203] [16319.9, 2000.0, -4006.83]]
		objLayer:i = 4
		props {

		}
	}
	t1_far_bomber_low_spawn {
		type:t = "Sphere"
		tm:m = [[-293.203, 0.0, 63.4954] [0.0, 300.0, 0.0] [-63.4954, 0.0, -293.203] [12384.9, 4500.0, -3332.86]]
		objLayer:i = 4
		props {

		}
	}
	t1_main_bomber_low_spawn {
		type:t = "Sphere"
		tm:m = [[-293.203, 0.0, 63.4954] [0.0, 300.0, 0.0] [-63.4954, 0.0, -293.203] [11891.4, 3500.0, -3248.37]]
		objLayer:i = 4
		props {

		}
	}
	t1_far_bomber_low_area {
		type:t = "Sphere"
		tm:m = [[-675.273, 0.0, -3942.58] [0.0, 4000.0, 0.0] [3942.58, 0.0, -675.273] [14355.3, 4500.0, -3670.56]]
		objLayer:i = 4
		props {

		}
	}
	t1_main_bomber_low_area {
		type:t = "Sphere"
		tm:m = [[-844.09, 0.0, -4928.24] [0.0, 5000.0, 0.0] [4928.24, 0.0, -844.09] [14355.3, 3500.0, -3670.56]]
		objLayer:i = 4
		props {

		}
	}
	t2_interceptor_low_area {
		type:t = "Sphere"
		tm:m = [[-170.483, 0.0, 5997.57] [0.0, 6000.0, 0.0] [-5997.57, 0.0, -170.483] [-11268.1, 2000.0, -596.455]]
		objLayer:i = 4
		props {

		}
	}
	t2_assault_low_spawn {
		type:t = "Sphere"
		tm:m = [[299.965, 0.0, -4.56393] [0.0, 300.0, 0.0] [4.56393, 0.0, 299.965] [-6271.46, 1000.0, -453.742]]
		objLayer:i = 4
		props {

		}
	}
	t2_aaa_fighter_low_area {
		type:t = "Sphere"
		tm:m = [[-113.651, 0.0, 3998.38] [0.0, 4000.0, 0.0] [-3998.38, 0.0, -113.651] [-11268.1, 3000.0, -596.464]]
		objLayer:i = 4
		props {

		}
	}
	t2_assault_low_area {
		type:t = "Sphere"
		tm:m = [[-284.138, 0.0, 9995.96] [0.0, 10000.0, 0.0] [-9995.96, 0.0, -284.138] [-11268.1, 1000.0, -596.464]]
		objLayer:i = 4
		props {

		}
	}
	t2_interceptor_low_spawn {
		type:t = "Sphere"
		tm:m = [[299.965, 0.0, -4.56393] [0.0, 300.0, 0.0] [4.56393, 0.0, 299.965] [-14247.9, 1000.0, -681.503]]
		objLayer:i = 4
		props {

		}
	}
	t2_aaa_fighter_low_spawn {
		type:t = "Sphere"
		tm:m = [[299.965, 0.0, -4.56393] [0.0, 300.0, 0.0] [4.56393, 0.0, 299.965] [-13260.5, 2000.0, -653.364]]
		objLayer:i = 4
		props {

		}
	}
	t2_far_bomber_low_spawn {
		type:t = "Sphere"
		tm:m = [[299.965, 0.0, -4.56393] [0.0, 300.0, 0.0] [4.56393, 0.0, 299.965] [-9269.82, 4500.0, -539.933]]
		objLayer:i = 4
		props {

		}
	}
	t2_main_bomber_low_spawn {
		type:t = "Sphere"
		tm:m = [[299.965, 0.0, -4.56393] [0.0, 300.0, 0.0] [4.56393, 0.0, 299.965] [-8769.37, 3500.0, -525.77]]
		objLayer:i = 4
		props {

		}
	}
	t2_far_bomber_low_area {
		type:t = "Sphere"
		tm:m = [[-113.651, 0.0, 3998.38] [0.0, 4000.0, 0.0] [-3998.38, 0.0, -113.651] [-11268.1, 4500.0, -596.464]]
		objLayer:i = 4
		props {

		}
	}
	t2_main_bomber_low_area {
		type:t = "Sphere"
		tm:m = [[-142.068, 0.0, 4997.99] [0.0, 5000.0, 0.0] [-4997.99, 0.0, -142.068] [-11268.1, 3500.0, -596.464]]
		objLayer:i = 4
		props {

		}
	}
	airfields_low_area_12km {
		type:t = "Sphere"
		tm:m = [[24000.0, 0.0, 0.000488281] [0.0, 24000.0, 0.0] [-0.000488281, 0.0, 24000.0] [1744.61, 232.645, 10.873]]
		objLayer:i = 3
		props {

		}
	}
	t1_airfield_low_bombing_zone {
		type:t = "Box"
		tm:m = [[1757.63, 0.0, -954.317] [0.0, 250.0, 0.0] [357.87, 0.0, 659.112] [14227.6, 31.0773, -3700.29]]
		objLayer:i = 0
		props {

		}
	}
	t2_airfield_low_bombing_zone {
		type:t = "Box"
		tm:m = [[-1998.07, 0.0, -87.8266] [0.0, 250.0, 0.0] [30.7418, 0.0, -699.325] [-11452.3, 52.5938, -491.762]]
		objLayer:i = 0
		props {

		}
	}
	t2_common_fighters_low_spawn {
		type:t = "Sphere"
		tm:m = [[299.965, 0.0, -4.56393] [0.0, 300.0, 0.0] [4.56393, 0.0, 299.965] [-14247.9, 500.0, -681.503]]
		objLayer:i = 4
		props {

		}
	}
	t1_common_fighters_low_spawn {
		type:t = "Sphere"
		tm:m = [[-293.203, 0.0, 63.4954] [0.0, 300.0, 0.0] [-63.4954, 0.0, -293.203] [17293.6, 500.0, -4173.45]]
		objLayer:i = 4
		props {

		}
	}
}
objLayers {
	layer {
		enabled:b = true
	}
	layer {
		enabled:b = true
	}
	layer {
		enabled:b = true
	}
	layer {
		enabled:b = false
	}
	layer {
		enabled:b = true
	}
}
wayPoints {

}