selected_tag:t = ""
bin_dump_file:t = ""
mission_settings {
	player {
		army:i = 1
	}
	player_teamB {
		army:i = 2
	}
	mission {
		level:t = "levels/air_smolensk.bin"
		type:t = "domination"
		environment:t = "Day"
		weather:t = "clear"
	}
}
imports {

}
triggers {
	isCategory:b = true
	is_enabled:b = true
}
mission_objectives {
	isCategory:b = true
	is_enabled:b = true
}
variables {

}
dialogs {

}
airfields {

}
effects {

}
units {
	objectGroups {
		name:t = "t1_airfield_mid"
		tm:m = [[0.822747, 0.0, 0.568409] [0.0, 1.0, 0.0] [-0.568409, 0.0, 0.822747] [21526.0, 143.297, 8036.59]]
		unit_class:t = "dynaf_pg_1line_ground"
		objLayer:i = 2
		props {
			army:i = 1
			active:b = true
		}
	}
	objectGroups {
		name:t = "t2_airfield_mid"
		tm:m = [[-0.993044, 0.0, -0.117745] [0.0, 1.0, 0.0] [0.117745, 0.0, -0.993044] [-19072.0, 92.8689, -4998.2]]
		unit_class:t = "dynaf_pg_1line_ground"
		objLayer:i = 2
		props {
			army:i = 2
			active:b = true
		}
	}
	air_defence {
		name:t = "t1_def_aaa_mid_01"
		tm:m = [[-0.969399, 0.0, -0.24549] [0.0, 1.0, 0.0] [0.24549, 0.0, -0.969399] [21251.3, 134.831, 8352.92]]
		unit_class:t = "us_90mm_m1"
		objLayer:i = 1
		closed_waypoints:b = false
		isShipSpline:b = false
		shipTurnRadius:r = 100
		weapons:t = ""
		bullets0:t = ""
		bullets1:t = ""
		bullets2:t = ""
		bullets3:t = ""
		bulletsCount0:i = 0
		bulletsCount1:i = 0
		bulletsCount2:i = 0
		bulletsCount3:i = 0
		crewSkillK:r = 0
		applyAllMods:b = false
		props {
			army:i = 1
			count:i = 1
			formation_type:t = "rows"
			formation_div:i = 3
			formation_step:p2 = 2.5, 2
			formation_noise:p2 = 0.1, 0.1
			uniqueName:t = ""
			attack_type:t = "fire_at_will"
		}
		way {

		}
	}
	air_defence {
		name:t = "t1_def_aaa_mid_02"
		tm:m = [[-0.969399, 0.0, -0.24549] [0.0, 1.0, 0.0] [0.24549, 0.0, -0.969399] [20824.6, 135.065, 8244.55]]
		unit_class:t = "us_90mm_m1"
		objLayer:i = 1
		closed_waypoints:b = false
		isShipSpline:b = false
		shipTurnRadius:r = 100
		weapons:t = ""
		bullets0:t = ""
		bullets1:t = ""
		bullets2:t = ""
		bullets3:t = ""
		bulletsCount0:i = 0
		bulletsCount1:i = 0
		bulletsCount2:i = 0
		bulletsCount3:i = 0
		crewSkillK:r = 0
		applyAllMods:b = false
		props {
			army:i = 1
			count:i = 1
			formation_type:t = "rows"
			formation_div:i = 3
			formation_step:p2 = 2.5, 2
			formation_noise:p2 = 0.1, 0.1
			uniqueName:t = ""
			attack_type:t = "fire_at_will"
		}
		way {

		}
	}
	air_defence {
		name:t = "t1_def_aaa_mid_03"
		tm:m = [[-0.969399, 0.0, -0.24549] [0.0, 1.0, 0.0] [0.24549, 0.0, -0.969399] [22734.6, 128.715, 8126.72]]
		unit_class:t = "us_90mm_m1"
		objLayer:i = 1
		closed_waypoints:b = false
		isShipSpline:b = false
		shipTurnRadius:r = 100
		weapons:t = ""
		bullets0:t = ""
		bullets1:t = ""
		bullets2:t = ""
		bullets3:t = ""
		bulletsCount0:i = 0
		bulletsCount1:i = 0
		bulletsCount2:i = 0
		bulletsCount3:i = 0
		crewSkillK:r = 0
		applyAllMods:b = false
		props {
			army:i = 1
			count:i = 1
			formation_type:t = "rows"
			formation_div:i = 3
			formation_step:p2 = 2.5, 2
			formation_noise:p2 = 0.1, 0.1
			uniqueName:t = ""
			attack_type:t = "fire_at_will"
		}
		way {

		}
	}
	air_defence {
		name:t = "t1_def_aaa_mid_04"
		tm:m = [[-0.969399, 0.0, -0.24549] [0.0, 1.0, 0.0] [0.24549, 0.0, -0.969399] [22567.0, 155.465, 9274.38]]
		unit_class:t = "us_90mm_m1"
		objLayer:i = 1
		closed_waypoints:b = false
		isShipSpline:b = false
		shipTurnRadius:r = 100
		weapons:t = ""
		bullets0:t = ""
		bullets1:t = ""
		bullets2:t = ""
		bullets3:t = ""
		bulletsCount0:i = 0
		bulletsCount1:i = 0
		bulletsCount2:i = 0
		bulletsCount3:i = 0
		crewSkillK:r = 0
		applyAllMods:b = false
		props {
			army:i = 1
			count:i = 1
			formation_type:t = "rows"
			formation_div:i = 3
			formation_step:p2 = 2.5, 2
			formation_noise:p2 = 0.1, 0.1
			uniqueName:t = ""
			attack_type:t = "fire_at_will"
		}
		way {

		}
	}
	air_defence {
		name:t = "t1_def_aaa_mid_05"
		tm:m = [[-0.969399, 0.0, -0.24549] [0.0, 1.0, 0.0] [0.24549, 0.0, -0.969399] [21847.0, 134.693, 8786.3]]
		unit_class:t = "us_40mm_bofors_airfield"
		objLayer:i = 1
		closed_waypoints:b = false
		isShipSpline:b = false
		shipTurnRadius:r = 100
		weapons:t = ""
		bullets0:t = ""
		bullets1:t = ""
		bullets2:t = ""
		bullets3:t = ""
		bulletsCount0:i = 0
		bulletsCount1:i = 0
		bulletsCount2:i = 0
		bulletsCount3:i = 0
		crewSkillK:r = 0
		applyAllMods:b = false
		props {
			army:i = 1
			count:i = 1
			formation_type:t = "rows"
			formation_div:i = 3
			formation_step:p2 = 2.5, 2
			formation_noise:p2 = 0.1, 0.1
			uniqueName:t = ""
			attack_type:t = "fire_at_will"
		}
		way {

		}
	}
	air_defence {
		name:t = "t1_def_aaa_mid_06"
		tm:m = [[-0.969399, 0.0, -0.24549] [0.0, 1.0, 0.0] [0.24549, 0.0, -0.969399] [20818.6, 130.862, 6809.35]]
		unit_class:t = "us_40mm_bofors_airfield"
		objLayer:i = 1
		closed_waypoints:b = false
		isShipSpline:b = false
		shipTurnRadius:r = 100
		weapons:t = ""
		bullets0:t = ""
		bullets1:t = ""
		bullets2:t = ""
		bullets3:t = ""
		bulletsCount0:i = 0
		bulletsCount1:i = 0
		bulletsCount2:i = 0
		bulletsCount3:i = 0
		crewSkillK:r = 0
		applyAllMods:b = false
		props {
			army:i = 1
			count:i = 1
			formation_type:t = "rows"
			formation_div:i = 3
			formation_step:p2 = 2.5, 2
			formation_noise:p2 = 0.1, 0.1
			uniqueName:t = ""
			attack_type:t = "fire_at_will"
		}
		way {

		}
	}
	air_defence {
		name:t = "t1_def_aaa_mid_07"
		tm:m = [[-0.969399, 0.0, -0.24549] [0.0, 1.0, 0.0] [0.24549, 0.0, -0.969399] [21679.6, 135.307, 7433.91]]
		unit_class:t = "us_40mm_bofors_airfield"
		objLayer:i = 1
		closed_waypoints:b = false
		isShipSpline:b = false
		shipTurnRadius:r = 100
		weapons:t = ""
		bullets0:t = ""
		bullets1:t = ""
		bullets2:t = ""
		bullets3:t = ""
		bulletsCount0:i = 0
		bulletsCount1:i = 0
		bulletsCount2:i = 0
		bulletsCount3:i = 0
		crewSkillK:r = 0
		applyAllMods:b = false
		props {
			army:i = 1
			count:i = 1
			formation_type:t = "rows"
			formation_div:i = 3
			formation_step:p2 = 2.5, 2
			formation_noise:p2 = 0.1, 0.1
			uniqueName:t = ""
			attack_type:t = "fire_at_will"
		}
		way {

		}
	}
	air_defence {
		name:t = "t1_def_aaa_mid_08"
		tm:m = [[-0.969399, 0.0, -0.24549] [0.0, 1.0, 0.0] [0.24549, 0.0, -0.969399] [21414.6, 144.754, 8413.4]]
		unit_class:t = "us_40mm_bofors_airfield"
		objLayer:i = 1
		closed_waypoints:b = false
		isShipSpline:b = false
		shipTurnRadius:r = 100
		weapons:t = ""
		bullets0:t = ""
		bullets1:t = ""
		bullets2:t = ""
		bullets3:t = ""
		bulletsCount0:i = 0
		bulletsCount1:i = 0
		bulletsCount2:i = 0
		bulletsCount3:i = 0
		crewSkillK:r = 0
		applyAllMods:b = false
		props {
			army:i = 1
			count:i = 1
			formation_type:t = "rows"
			formation_div:i = 3
			formation_step:p2 = 2.5, 2
			formation_noise:p2 = 0.1, 0.1
			uniqueName:t = ""
			attack_type:t = "fire_at_will"
		}
		way {

		}
	}
	air_defence {
		name:t = "t1_def_aaa_mid_09"
		tm:m = [[-0.969399, 0.0, -0.24549] [0.0, 1.0, 0.0] [0.24549, 0.0, -0.969399] [22078.2, 127.219, 7770.29]]
		unit_class:t = "us_40mm_bofors_airfield"
		objLayer:i = 1
		closed_waypoints:b = false
		isShipSpline:b = false
		shipTurnRadius:r = 100
		weapons:t = ""
		bullets0:t = ""
		bullets1:t = ""
		bullets2:t = ""
		bullets3:t = ""
		bulletsCount0:i = 0
		bulletsCount1:i = 0
		bulletsCount2:i = 0
		bulletsCount3:i = 0
		crewSkillK:r = 0
		applyAllMods:b = false
		props {
			army:i = 1
			count:i = 1
			formation_type:t = "rows"
			formation_div:i = 3
			formation_step:p2 = 2.5, 2
			formation_noise:p2 = 0.1, 0.1
			uniqueName:t = ""
			attack_type:t = "fire_at_will"
		}
		way {

		}
	}
	air_defence {
		name:t = "t1_def_aaa_mid_10"
		tm:m = [[-0.969399, 0.0, -0.24549] [0.0, 1.0, 0.0] [0.24549, 0.0, -0.969399] [22379.4, 126.197, 8018.23]]
		unit_class:t = "us_40mm_bofors_airfield"
		objLayer:i = 1
		closed_waypoints:b = false
		isShipSpline:b = false
		shipTurnRadius:r = 100
		weapons:t = ""
		bullets0:t = ""
		bullets1:t = ""
		bullets2:t = ""
		bullets3:t = ""
		bulletsCount0:i = 0
		bulletsCount1:i = 0
		bulletsCount2:i = 0
		bulletsCount3:i = 0
		crewSkillK:r = 0
		applyAllMods:b = false
		props {
			army:i = 1
			count:i = 1
			formation_type:t = "rows"
			formation_div:i = 3
			formation_step:p2 = 2.5, 2
			formation_noise:p2 = 0.1, 0.1
			uniqueName:t = ""
			attack_type:t = "fire_at_will"
		}
		way {

		}
	}
	air_defence {
		name:t = "t1_def_aaa_mid_11"
		tm:m = [[-0.969399, 0.0, -0.24549] [0.0, 1.0, 0.0] [0.24549, 0.0, -0.969399] [22031.4, 148.757, 8765.0]]
		unit_class:t = "us_12mm_m2"
		objLayer:i = 1
		closed_waypoints:b = false
		isShipSpline:b = false
		shipTurnRadius:r = 100
		weapons:t = ""
		bullets0:t = ""
		bullets1:t = ""
		bullets2:t = ""
		bullets3:t = ""
		bulletsCount0:i = 0
		bulletsCount1:i = 0
		bulletsCount2:i = 0
		bulletsCount3:i = 0
		crewSkillK:r = 0
		applyAllMods:b = false
		props {
			army:i = 1
			count:i = 1
			formation_type:t = "rows"
			formation_div:i = 3
			formation_step:p2 = 2.5, 2
			formation_noise:p2 = 0.1, 0.1
			uniqueName:t = ""
			attack_type:t = "fire_at_will"
		}
		way {

		}
	}
	air_defence {
		name:t = "t1_def_aaa_mid_12"
		tm:m = [[-0.969399, 0.0, -0.24549] [0.0, 1.0, 0.0] [0.24549, 0.0, -0.969399] [21848.2, 129.677, 7759.53]]
		unit_class:t = "us_12mm_m2"
		objLayer:i = 1
		closed_waypoints:b = false
		isShipSpline:b = false
		shipTurnRadius:r = 100
		weapons:t = ""
		bullets0:t = ""
		bullets1:t = ""
		bullets2:t = ""
		bullets3:t = ""
		bulletsCount0:i = 0
		bulletsCount1:i = 0
		bulletsCount2:i = 0
		bulletsCount3:i = 0
		crewSkillK:r = 0
		applyAllMods:b = false
		props {
			army:i = 1
			count:i = 1
			formation_type:t = "rows"
			formation_div:i = 3
			formation_step:p2 = 2.5, 2
			formation_noise:p2 = 0.1, 0.1
			uniqueName:t = ""
			attack_type:t = "fire_at_will"
		}
		way {

		}
	}
	air_defence {
		name:t = "t1_def_aaa_mid_13"
		tm:m = [[-0.969399, 0.0, -0.24549] [0.0, 1.0, 0.0] [0.24549, 0.0, -0.969399] [20451.0, 157.553, 7863.87]]
		unit_class:t = "us_12mm_m2"
		objLayer:i = 1
		closed_waypoints:b = false
		isShipSpline:b = false
		shipTurnRadius:r = 100
		weapons:t = ""
		bullets0:t = ""
		bullets1:t = ""
		bullets2:t = ""
		bullets3:t = ""
		bulletsCount0:i = 0
		bulletsCount1:i = 0
		bulletsCount2:i = 0
		bulletsCount3:i = 0
		crewSkillK:r = 0
		applyAllMods:b = false
		props {
			army:i = 1
			count:i = 1
			formation_type:t = "rows"
			formation_div:i = 3
			formation_step:p2 = 2.5, 2
			formation_noise:p2 = 0.1, 0.1
			uniqueName:t = ""
			attack_type:t = "fire_at_will"
		}
		way {

		}
	}
	air_defence {
		name:t = "t1_def_aaa_mid_14"
		tm:m = [[-0.969399, 0.0, -0.24549] [0.0, 1.0, 0.0] [0.24549, 0.0, -0.969399] [21271.4, 133.262, 7209.46]]
		unit_class:t = "us_12mm_m2"
		objLayer:i = 1
		closed_waypoints:b = false
		isShipSpline:b = false
		shipTurnRadius:r = 100
		weapons:t = ""
		bullets0:t = ""
		bullets1:t = ""
		bullets2:t = ""
		bullets3:t = ""
		bulletsCount0:i = 0
		bulletsCount1:i = 0
		bulletsCount2:i = 0
		bulletsCount3:i = 0
		crewSkillK:r = 0
		applyAllMods:b = false
		props {
			army:i = 1
			count:i = 1
			formation_type:t = "rows"
			formation_div:i = 3
			formation_step:p2 = 2.5, 2
			formation_noise:p2 = 0.1, 0.1
			uniqueName:t = ""
			attack_type:t = "fire_at_will"
		}
		way {

		}
	}
	squad {
		name:t = "t1_def_aaa_mid_squad"
		tm:m = [[-1.28796e-34, 0.0, -2.51278e-35] [0.0, 0.0, 0.0] [-3.64413e-34, 0.0, -5.41071e-34] [28312.9, 158.239, 10186.6]]
		props {
			squad_members:t = "t1_def_aaa_mid_14"
			squad_members:t = "t1_def_aaa_mid_01"
			squad_members:t = "t1_def_aaa_mid_02"
			squad_members:t = "t1_def_aaa_mid_03"
			squad_members:t = "t1_def_aaa_mid_04"
			squad_members:t = "t1_def_aaa_mid_05"
			squad_members:t = "t1_def_aaa_mid_06"
			squad_members:t = "t1_def_aaa_mid_07"
			squad_members:t = "t1_def_aaa_mid_08"
			squad_members:t = "t1_def_aaa_mid_09"
			squad_members:t = "t1_def_aaa_mid_10"
			squad_members:t = "t1_def_aaa_mid_11"
			squad_members:t = "t1_def_aaa_mid_12"
			squad_members:t = "t1_def_aaa_mid_13"
			object_marking:i = 0
		}
	}
	air_defence {
		name:t = "t2_def_aaa_mid_01"
		tm:m = [[-0.994346, 0.0, 0.106186] [0.0, 1.0, 0.0] [-0.106186, 0.0, -0.994346] [-20337.2, 105.436, -4770.77]]
		unit_class:t = "germ_88mm_flak36"
		objLayer:i = 1
		closed_waypoints:b = false
		isShipSpline:b = false
		shipTurnRadius:r = 100
		weapons:t = ""
		bullets0:t = ""
		bullets1:t = ""
		bullets2:t = ""
		bullets3:t = ""
		bulletsCount0:i = 0
		bulletsCount1:i = 0
		bulletsCount2:i = 0
		bulletsCount3:i = 0
		crewSkillK:r = 0
		applyAllMods:b = false
		props {
			army:i = 2
			count:i = 1
			formation_type:t = "rows"
			formation_div:i = 3
			formation_step:p2 = 2.5, 2
			formation_noise:p2 = 0.1, 0.1
			uniqueName:t = ""
			attack_type:t = "fire_at_will"
		}
		way {

		}
	}
	air_defence {
		name:t = "t2_def_aaa_mid_02"
		tm:m = [[-0.994346, 0.0, 0.106186] [0.0, 1.0, 0.0] [-0.106186, 0.0, -0.994346] [-20114.4, 89.8775, -5823.4]]
		unit_class:t = "germ_88mm_flak36"
		objLayer:i = 1
		closed_waypoints:b = false
		isShipSpline:b = false
		shipTurnRadius:r = 100
		weapons:t = ""
		bullets0:t = ""
		bullets1:t = ""
		bullets2:t = ""
		bullets3:t = ""
		bulletsCount0:i = 0
		bulletsCount1:i = 0
		bulletsCount2:i = 0
		bulletsCount3:i = 0
		crewSkillK:r = 0
		applyAllMods:b = false
		props {
			army:i = 2
			count:i = 1
			formation_type:t = "rows"
			formation_div:i = 3
			formation_step:p2 = 2.5, 2
			formation_noise:p2 = 0.1, 0.1
			uniqueName:t = ""
			attack_type:t = "fire_at_will"
		}
		way {

		}
	}
	air_defence {
		name:t = "t2_def_aaa_mid_03"
		tm:m = [[-0.994346, 0.0, 0.106186] [0.0, 1.0, 0.0] [-0.106186, 0.0, -0.994346] [-18064.8, 143.862, -4452.48]]
		unit_class:t = "germ_88mm_flak36"
		objLayer:i = 1
		closed_waypoints:b = false
		isShipSpline:b = false
		shipTurnRadius:r = 100
		weapons:t = ""
		bullets0:t = ""
		bullets1:t = ""
		bullets2:t = ""
		bullets3:t = ""
		bulletsCount0:i = 0
		bulletsCount1:i = 0
		bulletsCount2:i = 0
		bulletsCount3:i = 0
		crewSkillK:r = 0
		applyAllMods:b = false
		props {
			army:i = 2
			count:i = 1
			formation_type:t = "rows"
			formation_div:i = 3
			formation_step:p2 = 2.5, 2
			formation_noise:p2 = 0.1, 0.1
			uniqueName:t = ""
			attack_type:t = "fire_at_will"
		}
		way {

		}
	}
	air_defence {
		name:t = "t2_def_aaa_mid_04"
		tm:m = [[-0.994346, 0.0, 0.106186] [0.0, 1.0, 0.0] [-0.106186, 0.0, -0.994346] [-17632.9, 125.713, -4397.17]]
		unit_class:t = "germ_88mm_flak36"
		objLayer:i = 1
		closed_waypoints:b = false
		isShipSpline:b = false
		shipTurnRadius:r = 100
		weapons:t = ""
		bullets0:t = ""
		bullets1:t = ""
		bullets2:t = ""
		bullets3:t = ""
		bulletsCount0:i = 0
		bulletsCount1:i = 0
		bulletsCount2:i = 0
		bulletsCount3:i = 0
		crewSkillK:r = 0
		applyAllMods:b = false
		props {
			army:i = 2
			count:i = 1
			formation_type:t = "rows"
			formation_div:i = 3
			formation_step:p2 = 2.5, 2
			formation_noise:p2 = 0.1, 0.1
			uniqueName:t = ""
			attack_type:t = "fire_at_will"
		}
		way {

		}
	}
	air_defence {
		name:t = "t2_def_aaa_mid_05"
		tm:m = [[-0.994346, 0.0, 0.106186] [0.0, 1.0, 0.0] [-0.106186, 0.0, -0.994346] [-18536.1, 132.574, -4509.36]]
		unit_class:t = "germ_37mm_flak43"
		objLayer:i = 1
		closed_waypoints:b = false
		isShipSpline:b = false
		shipTurnRadius:r = 100
		weapons:t = ""
		bullets0:t = ""
		bullets1:t = ""
		bullets2:t = ""
		bullets3:t = ""
		bulletsCount0:i = 0
		bulletsCount1:i = 0
		bulletsCount2:i = 0
		bulletsCount3:i = 0
		crewSkillK:r = 0
		applyAllMods:b = false
		props {
			army:i = 2
			count:i = 1
			formation_type:t = "rows"
			formation_div:i = 3
			formation_step:p2 = 2.5, 2
			formation_noise:p2 = 0.1, 0.1
			uniqueName:t = ""
			attack_type:t = "fire_at_will"
		}
		way {

		}
	}
	air_defence {
		name:t = "t2_def_aaa_mid_06"
		tm:m = [[-0.994346, 0.0, 0.106186] [0.0, 1.0, 0.0] [-0.106186, 0.0, -0.994346] [-17574.7, 127.377, -5248.75]]
		unit_class:t = "germ_37mm_flak43"
		objLayer:i = 1
		closed_waypoints:b = false
		isShipSpline:b = false
		shipTurnRadius:r = 100
		weapons:t = ""
		bullets0:t = ""
		bullets1:t = ""
		bullets2:t = ""
		bullets3:t = ""
		bulletsCount0:i = 0
		bulletsCount1:i = 0
		bulletsCount2:i = 0
		bulletsCount3:i = 0
		crewSkillK:r = 0
		applyAllMods:b = false
		props {
			army:i = 2
			count:i = 1
			formation_type:t = "rows"
			formation_div:i = 3
			formation_step:p2 = 2.5, 2
			formation_noise:p2 = 0.1, 0.1
			uniqueName:t = ""
			attack_type:t = "fire_at_will"
		}
		way {

		}
	}
	air_defence {
		name:t = "t2_def_aaa_mid_07"
		tm:m = [[-0.994346, 0.0, 0.106186] [0.0, 1.0, 0.0] [-0.106186, 0.0, -0.994346] [-19087.2, 107.119, -4574.25]]
		unit_class:t = "germ_37mm_flak43"
		objLayer:i = 1
		closed_waypoints:b = false
		isShipSpline:b = false
		shipTurnRadius:r = 100
		weapons:t = ""
		bullets0:t = ""
		bullets1:t = ""
		bullets2:t = ""
		bullets3:t = ""
		bulletsCount0:i = 0
		bulletsCount1:i = 0
		bulletsCount2:i = 0
		bulletsCount3:i = 0
		crewSkillK:r = 0
		applyAllMods:b = false
		props {
			army:i = 2
			count:i = 1
			formation_type:t = "rows"
			formation_div:i = 3
			formation_step:p2 = 2.5, 2
			formation_noise:p2 = 0.1, 0.1
			uniqueName:t = ""
			attack_type:t = "fire_at_will"
		}
		way {

		}
	}
	air_defence {
		name:t = "t2_def_aaa_mid_08"
		tm:m = [[-0.994346, 0.0, 0.106186] [0.0, 1.0, 0.0] [-0.106186, 0.0, -0.994346] [-18562.8, 117.507, -5394.62]]
		unit_class:t = "germ_37mm_flak43"
		objLayer:i = 1
		closed_waypoints:b = false
		isShipSpline:b = false
		shipTurnRadius:r = 100
		weapons:t = ""
		bullets0:t = ""
		bullets1:t = ""
		bullets2:t = ""
		bullets3:t = ""
		bulletsCount0:i = 0
		bulletsCount1:i = 0
		bulletsCount2:i = 0
		bulletsCount3:i = 0
		crewSkillK:r = 0
		applyAllMods:b = false
		props {
			army:i = 2
			count:i = 1
			formation_type:t = "rows"
			formation_div:i = 3
			formation_step:p2 = 2.5, 2
			formation_noise:p2 = 0.1, 0.1
			uniqueName:t = ""
			attack_type:t = "fire_at_will"
		}
		way {

		}
	}
	air_defence {
		name:t = "t2_def_aaa_mid_09"
		tm:m = [[-0.994346, 0.0, 0.106186] [0.0, 1.0, 0.0] [-0.106186, 0.0, -0.994346] [-19606.1, 105.402, -5507.51]]
		unit_class:t = "germ_37mm_flak43"
		objLayer:i = 1
		closed_waypoints:b = false
		isShipSpline:b = false
		shipTurnRadius:r = 100
		weapons:t = ""
		bullets0:t = ""
		bullets1:t = ""
		bullets2:t = ""
		bullets3:t = ""
		bulletsCount0:i = 0
		bulletsCount1:i = 0
		bulletsCount2:i = 0
		bulletsCount3:i = 0
		crewSkillK:r = 0
		applyAllMods:b = false
		props {
			army:i = 2
			count:i = 1
			formation_type:t = "rows"
			formation_div:i = 3
			formation_step:p2 = 2.5, 2
			formation_noise:p2 = 0.1, 0.1
			uniqueName:t = ""
			attack_type:t = "fire_at_will"
		}
		way {

		}
	}
	air_defence {
		name:t = "t2_def_aaa_mid_10"
		tm:m = [[-0.994346, 0.0, 0.106186] [0.0, 1.0, 0.0] [-0.106186, 0.0, -0.994346] [-19810.1, 84.1213, -4814.85]]
		unit_class:t = "germ_37mm_flak43"
		objLayer:i = 1
		closed_waypoints:b = false
		isShipSpline:b = false
		shipTurnRadius:r = 100
		weapons:t = ""
		bullets0:t = ""
		bullets1:t = ""
		bullets2:t = ""
		bullets3:t = ""
		bulletsCount0:i = 0
		bulletsCount1:i = 0
		bulletsCount2:i = 0
		bulletsCount3:i = 0
		crewSkillK:r = 0
		applyAllMods:b = false
		props {
			army:i = 2
			count:i = 1
			formation_type:t = "rows"
			formation_div:i = 3
			formation_step:p2 = 2.5, 2
			formation_noise:p2 = 0.1, 0.1
			uniqueName:t = ""
			attack_type:t = "fire_at_will"
		}
		way {

		}
	}
	air_defence {
		name:t = "t2_def_aaa_mid_11"
		tm:m = [[-0.994346, 0.0, 0.106186] [0.0, 1.0, 0.0] [-0.106186, 0.0, -0.994346] [-19703.7, 93.0214, -4646.34]]
		unit_class:t = "germ_20mm_flak38_airfield"
		objLayer:i = 1
		closed_waypoints:b = false
		isShipSpline:b = false
		shipTurnRadius:r = 100
		weapons:t = ""
		bullets0:t = ""
		bullets1:t = ""
		bullets2:t = ""
		bullets3:t = ""
		bulletsCount0:i = 0
		bulletsCount1:i = 0
		bulletsCount2:i = 0
		bulletsCount3:i = 0
		crewSkillK:r = 0
		applyAllMods:b = false
		props {
			army:i = 2
			count:i = 1
			formation_type:t = "rows"
			formation_div:i = 3
			formation_step:p2 = 2.5, 2
			formation_noise:p2 = 0.1, 0.1
			uniqueName:t = ""
			attack_type:t = "fire_at_will"
		}
		way {

		}
	}
	air_defence {
		name:t = "t2_def_aaa_mid_12"
		tm:m = [[-0.994346, 0.0, 0.106186] [0.0, 1.0, 0.0] [-0.106186, 0.0, -0.994346] [-18768.4, 117.32, -4428.87]]
		unit_class:t = "germ_20mm_flak38_airfield"
		objLayer:i = 1
		closed_waypoints:b = false
		isShipSpline:b = false
		shipTurnRadius:r = 100
		weapons:t = ""
		bullets0:t = ""
		bullets1:t = ""
		bullets2:t = ""
		bullets3:t = ""
		bulletsCount0:i = 0
		bulletsCount1:i = 0
		bulletsCount2:i = 0
		bulletsCount3:i = 0
		crewSkillK:r = 0
		applyAllMods:b = false
		props {
			army:i = 2
			count:i = 1
			formation_type:t = "rows"
			formation_div:i = 3
			formation_step:p2 = 2.5, 2
			formation_noise:p2 = 0.1, 0.1
			uniqueName:t = ""
			attack_type:t = "fire_at_will"
		}
		way {

		}
	}
	air_defence {
		name:t = "t2_def_aaa_mid_13"
		tm:m = [[-0.994346, 0.0, 0.106186] [0.0, 1.0, 0.0] [-0.106186, 0.0, -0.994346] [-18076.5, 117.204, -5324.8]]
		unit_class:t = "germ_20mm_flak38_airfield"
		objLayer:i = 1
		closed_waypoints:b = false
		isShipSpline:b = false
		shipTurnRadius:r = 100
		weapons:t = ""
		bullets0:t = ""
		bullets1:t = ""
		bullets2:t = ""
		bullets3:t = ""
		bulletsCount0:i = 0
		bulletsCount1:i = 0
		bulletsCount2:i = 0
		bulletsCount3:i = 0
		crewSkillK:r = 0
		applyAllMods:b = false
		props {
			army:i = 2
			count:i = 1
			formation_type:t = "rows"
			formation_div:i = 3
			formation_step:p2 = 2.5, 2
			formation_noise:p2 = 0.1, 0.1
			uniqueName:t = ""
			attack_type:t = "fire_at_will"
		}
		way {

		}
	}
	air_defence {
		name:t = "t2_def_aaa_mid_14"
		tm:m = [[-0.994346, 0.0, 0.106186] [0.0, 1.0, 0.0] [-0.106186, 0.0, -0.994346] [-18988.5, 106.372, -5463.7]]
		unit_class:t = "germ_20mm_flak38_airfield"
		objLayer:i = 1
		closed_waypoints:b = false
		isShipSpline:b = false
		shipTurnRadius:r = 100
		weapons:t = ""
		bullets0:t = ""
		bullets1:t = ""
		bullets2:t = ""
		bullets3:t = ""
		bulletsCount0:i = 0
		bulletsCount1:i = 0
		bulletsCount2:i = 0
		bulletsCount3:i = 0
		crewSkillK:r = 0
		applyAllMods:b = false
		props {
			army:i = 2
			count:i = 1
			formation_type:t = "rows"
			formation_div:i = 3
			formation_step:p2 = 2.5, 2
			formation_noise:p2 = 0.1, 0.1
			uniqueName:t = ""
			attack_type:t = "fire_at_will"
		}
		way {

		}
	}
	squad {
		name:t = "t2_def_aaa_mid_squad"
		tm:m = [[-1.80115e-34, 0.0, -3.51402e-35] [0.0, 0.0, 0.0] [-3.64327e-34, 0.0, -5.40944e-34] [-22642.6, 158.238, -1491.21]]
		props {
			squad_members:t = "t2_def_aaa_mid_14"
			squad_members:t = "t2_def_aaa_mid_05"
			squad_members:t = "t2_def_aaa_mid_06"
			squad_members:t = "t2_def_aaa_mid_07"
			squad_members:t = "t2_def_aaa_mid_08"
			squad_members:t = "t2_def_aaa_mid_09"
			squad_members:t = "t2_def_aaa_mid_10"
			squad_members:t = "t2_def_aaa_mid_11"
			squad_members:t = "t2_def_aaa_mid_12"
			squad_members:t = "t2_def_aaa_mid_13"
			squad_members:t = "t2_def_aaa_mid_02"
			squad_members:t = "t2_def_aaa_mid_01"
			squad_members:t = "t2_def_aaa_mid_03"
			squad_members:t = "t2_def_aaa_mid_04"
			object_marking:i = 0
		}
	}
}
areas {
	t1_interceptor_mid_area {
		type:t = "Sphere"
		tm:m = [[2412.75, 0.0, -5493.52] [0.0, 6000.0, 0.0] [5493.52, 0.0, 2412.75] [21695.6, 2000.0, 8070.49]]
		objLayer:i = 4
		props {

		}
	}
	t1_assault_mid_spawn {
		type:t = "Sphere"
		tm:m = [[-279.676, 0.0, -108.542] [0.0, 300.0, 0.0] [108.542, 0.0, -279.676] [17119.5, 1000.0, 6062.64]]
		objLayer:i = 4
		props {

		}
	}
	t1_aaa_fighter_mid_area {
		type:t = "Sphere"
		tm:m = [[1608.5, 0.0, -3662.33] [0.0, 4000.0, 0.0] [3662.33, 0.0, 1608.5] [21695.6, 3000.0, 8070.49]]
		objLayer:i = 4
		props {

		}
	}
	t1_assault_mid_area {
		type:t = "Sphere"
		tm:m = [[4021.26, 0.0, -9155.84] [0.0, 10000.0, 0.0] [9155.84, 0.0, 4021.26] [21695.6, 1000.0, 8070.49]]
		objLayer:i = 4
		props {

		}
	}
	t1_interceptor_mid_spawn {
		type:t = "Sphere"
		tm:m = [[-279.676, 0.0, -108.542] [0.0, 300.0, 0.0] [108.542, 0.0, -279.676] [24424.8, 1000.0, 9269.58]]
		objLayer:i = 4
		props {

		}
	}
	t1_aaa_fighter_mid_spawn {
		type:t = "Sphere"
		tm:m = [[-279.676, 0.0, -108.542] [0.0, 300.0, 0.0] [108.542, 0.0, -279.676] [23520.4, 2000.0, 8872.2]]
		objLayer:i = 4
		props {

		}
	}
	t1_far_bomber_mid_spawn {
		type:t = "Sphere"
		tm:m = [[-279.676, 0.0, -108.542] [0.0, 300.0, 0.0] [108.542, 0.0, -279.676] [19865.1, 4500.0, 7266.79]]
		objLayer:i = 4
		props {

		}
	}
	t1_main_bomber_mid_spawn {
		type:t = "Sphere"
		tm:m = [[-279.676, 0.0, -108.542] [0.0, 300.0, 0.0] [108.542, 0.0, -279.676] [19406.7, 3500.0, 7065.42]]
		objLayer:i = 4
		props {

		}
	}
	t1_far_bomber_mid_area {
		type:t = "Sphere"
		tm:m = [[1608.5, 0.0, -3662.33] [0.0, 4000.0, 0.0] [3662.33, 0.0, 1608.5] [21695.6, 4500.0, 8070.49]]
		objLayer:i = 4
		props {

		}
	}
	t1_main_bomber_mid_area {
		type:t = "Sphere"
		tm:m = [[2010.64, 0.0, -4577.92] [0.0, 5000.0, 0.0] [4577.92, 0.0, 2010.64] [21695.6, 3500.0, 8070.5]]
		objLayer:i = 4
		props {

		}
	}
	t2_interceptor_mid_area {
		type:t = "Sphere"
		tm:m = [[-807.785, 0.0, 5945.37] [0.0, 6000.0, 0.0] [-5945.37, 0.0, -807.785] [-19386.1, 2022.4, -5043.01]]
		objLayer:i = 4
		props {

		}
	}
	t2_assault_mid_spawn {
		type:t = "Sphere"
		tm:m = [[298.747, 0.0, 27.3847] [0.0, 300.0, 0.0] [-27.3847, 0.0, 298.747] [-14433.1, 1022.4, -4369.4]]
		objLayer:i = 4
		props {

		}
	}
	t2_aaa_fighter_mid_area {
		type:t = "Sphere"
		tm:m = [[-538.519, 0.0, 3963.58] [0.0, 4000.0, 0.0] [-3963.58, 0.0, -538.519] [-19386.1, 3022.4, -5043.01]]
		objLayer:i = 4
		props {

		}
	}
	t2_assault_mid_area {
		type:t = "Sphere"
		tm:m = [[-1346.31, 0.0, 9908.96] [0.0, 10000.0, 0.0] [-9908.96, 0.0, -1346.31] [-19386.1, 1022.4, -5043.01]]
		objLayer:i = 4
		props {

		}
	}
	t2_interceptor_mid_spawn {
		type:t = "Sphere"
		tm:m = [[298.747, 0.0, 27.3847] [0.0, 300.0, 0.0] [-27.3847, 0.0, 298.747] [-22339.9, 1022.4, -5444.73]]
		objLayer:i = 4
		props {

		}
	}
	t2_aaa_fighter_mid_spawn {
		type:t = "Sphere"
		tm:m = [[298.747, 0.0, 27.3847] [0.0, 300.0, 0.0] [-27.3847, 0.0, 298.747] [-21361.1, 2022.4, -5311.6]]
		objLayer:i = 4
		props {

		}
	}
	t2_far_bomber_mid_spawn {
		type:t = "Sphere"
		tm:m = [[298.747, 0.0, 27.3847] [0.0, 300.0, 0.0] [-27.3847, 0.0, 298.747] [-17405.2, 4522.4, -4774.18]]
		objLayer:i = 4
		props {

		}
	}
	t2_main_bomber_mid_spawn {
		type:t = "Sphere"
		tm:m = [[298.747, 0.0, 27.3847] [0.0, 300.0, 0.0] [-27.3847, 0.0, 298.747] [-16909.1, 3522.4, -4706.84]]
		objLayer:i = 4
		props {

		}
	}
	t2_far_bomber_mid_area {
		type:t = "Sphere"
		tm:m = [[-538.519, 0.0, 3963.58] [0.0, 4000.0, 0.0] [-3963.58, 0.0, -538.519] [-19386.1, 4522.4, -5043.01]]
		objLayer:i = 4
		props {

		}
	}
	t2_main_bomber_mid_area {
		type:t = "Sphere"
		tm:m = [[-673.155, 0.0, 4954.49] [0.0, 5000.0, 0.0] [-4954.49, 0.0, -673.155] [-19386.1, 3522.4, -5043.01]]
		objLayer:i = 4
		props {

		}
	}
	airfields_mid_area_20km {
		type:t = "Sphere"
		tm:m = [[13883.6, 0.0, -37513.3] [0.0, 40000.0, 0.0] [37513.3, 0.0, 13883.6] [1744.61, 232.645, 10.873]]
		objLayer:i = 3
		props {

		}
	}
	t1_airfield_mid_bombing_zone {
		type:t = "Box"
		tm:m = [[2090.59, 0.0, 1370.92] [0.0, 250.0, 0.0] [-411.275, 0.0, 627.178] [21561.3, 36.2212, 8108.76]]
		objLayer:i = 0
		props {

		}
	}
	t2_airfield_mid_bombing_zone {
		type:t = "Box"
		tm:m = [[-2462.89, 0.0, -429.177] [0.0, 250.0, 0.0] [120.172, 0.0, -689.608] [-19007.7, 70.0907, -4936.05]]
		objLayer:i = 0
		props {

		}
	}
	t2_common_fighters_mid_spawn {
		type:t = "Sphere"
		tm:m = [[298.747, 0.0, 27.3847] [0.0, 300.0, 0.0] [-27.3847, 0.0, 298.747] [-22339.9, 522.401, -5444.73]]
		objLayer:i = 4
		props {

		}
	}
	t1_common_fighters_mid_spawn {
		type:t = "Sphere"
		tm:m = [[-279.676, 0.0, -108.542] [0.0, 300.0, 0.0] [108.542, 0.0, -279.676] [24424.8, 454.87, 9269.58]]
		objLayer:i = 4
		props {

		}
	}
}
objLayers {
	layer {
		enabled:b = true
	}
	layer {
		enabled:b = true
	}
	layer {
		enabled:b = true
	}
	layer {
		enabled:b = false
	}
	layer {
		enabled:b = true
	}
}
wayPoints {

}