selected_tag:t = ""
bin_dump_file:t = ""
mission_settings {
	player {
		army:i = 1
		wing:t = ""
	}
	player_teamB {
		army:i = 2
	}
	mission {
		type:t = "singleMission"
		level:t = "levels/water.bin"
		environment:t = "Day"
		weather:t = "hazy"
		restoreType:t = "attempts"
		optionalTakeOff:b = false
	}
	atmosphere {
		pressure:r = 761
		temperature:r = 18
	}
	spectator_points {

	}
}
imports {
	import_record {
		file:t = "gameData/missions/templates/enduring_confrontation/bt_bombers_template.blk"
		importAreas:b = true
		importUnits:b = true
		importTriggers:b = true
		importMissionObjectives:b = true
		importWayPoints:b = true
		showAreas:b = true
		showUnits:b = true
		showTriggers:b = true
		showMissionObjectives:b = true
		showWayPoints:b = true
		excludes {

		}
	}
	import_record {
		file:t = "gameData/missions/templates/units_sets/heli_plane_sets_bombers/bt_t1_usa_rank_04.blk"
		rankRange:ip2 = 0, 50
		importAreas:b = true
		importUnits:b = true
		importTriggers:b = true
		importMissionObjectives:b = true
		importWayPoints:b = true
		showAreas:b = true
		showUnits:b = true
		showTriggers:b = true
		showMissionObjectives:b = true
		showWayPoints:b = true
		excludes {

		}
	}
	import_record {
		file:t = "gameData/missions/templates/units_sets/heli_plane_sets_bombers/bt_t2_usa_rank_04.blk"
		rankRange:ip2 = 0, 50
		importAreas:b = true
		importUnits:b = true
		importTriggers:b = true
		importMissionObjectives:b = true
		importWayPoints:b = true
		showAreas:b = true
		showUnits:b = true
		showTriggers:b = true
		showMissionObjectives:b = true
		showWayPoints:b = true
		excludes {

		}
	}
}
triggers {
	isCategory:b = true
	is_enabled:b = true
	bt_startup {
		is_enabled:b = true
		comments:t = ""
		props {
			actionsType:t = "PERFORM_ONE_BY_ONE"
			conditionsType:t = "ALL"
			enableAfterComplete:b = false
		}
		events {
			periodicEvent {
				time:r = 1
			}
		}
		conditions {

		}
		actions {
			comment {
				value:t = "setting pve mode on"
			}
			varSetBool {
				value:b = true
				var:t = "bt_bombers_pve_mode"
			}
			comment {
				value:t = "disabling army swapping"
			}
			varSetBool {
				value:b = false
				var:t = "bt_is_army_swapping"
			}
		}
		else_actions {

		}
	}
}
mission_objectives {
	isCategory:b = true
	is_enabled:b = true
}
variables {

}
dialogs {

}
airfields {

}
effects {

}
units {

}
areas {
	bt_t1_bombers_spawn_01 {
		type:t = "Point"
		tm:m = [[0.320672, 0.0, -0.94719] [0.0, 1.0, 0.0] [0.94719, 0.0, 0.320672] [-13366.0, 3340.55, 10000.0]]
		objLayer:i = 0
		props {

		}
	}
	bt_t1_bombers_spawn_02 {
		type:t = "Point"
		tm:m = [[-0.326448, 0.0, -0.945215] [0.0, 1.0, 0.0] [0.945215, 0.0, -0.326448] [-9096.0, 3340.55, 10000.0]]
		objLayer:i = 0
		props {

		}
	}
	bt_t1_bombers_spawn_03 {
		type:t = "Point"
		tm:m = [[-0.394418, 0.0, -0.918931] [0.0, 1.0, 0.0] [0.918931, 0.0, -0.394418] [904.0, 3340.55, 10000.0]]
		objLayer:i = 0
		props {

		}
	}
	bt_t2_bombers_spawn_01 {
		type:t = "Point"
		tm:m = [[-0.240551, 0.0, 0.970636] [0.0, 1.0, 0.0] [-0.970636, 0.0, -0.240551] [-13366.0, 3340.55, -10000.0]]
		objLayer:i = 0
		props {

		}
	}
	bt_t2_bombers_spawn_02 {
		type:t = "Point"
		tm:m = [[0.0342156, 0.0, 0.999414] [0.0, 1.0, 0.0] [-0.999414, 0.0, 0.0342156] [-9096.0, 3340.55, -10000.0]]
		objLayer:i = 0
		props {

		}
	}
	bt_t2_bombers_spawn_03 {
		type:t = "Point"
		tm:m = [[-0.16983, 0.0, 0.985473] [0.0, 1.0, 0.0] [-0.985473, 0.0, -0.16983] [904.0, 3340.55, -10000.0]]
		objLayer:i = 0
		props {

		}
	}
	bt_t1_bombers_spawn_04 {
		type:t = "Point"
		tm:m = [[-0.394418, 0.0, -0.918931] [0.0, 1.0, 0.0] [0.918931, 0.0, -0.394418] [4634.04, 3340.55, 10000.0]]
		objLayer:i = 0
		props {

		}
	}
	bt_t2_bombers_spawn_04 {
		type:t = "Point"
		tm:m = [[-0.16983, 0.0, 0.985473] [0.0, 1.0, 0.0] [-0.985473, 0.0, -0.16983] [4634.04, 3340.55, -10000.0]]
		objLayer:i = 0
		props {

		}
	}
	bt_t2_retreat_point {
		type:t = "Point"
		tm:m = [[-0.16983, 0.0, 0.985473] [0.0, 1.0, 0.0] [-0.985473, 0.0, -0.16983] [-4096.0, 3340.55, -14000.0]]
		objLayer:i = 0
		props {

		}
	}
	bt_t1_retreat_point {
		type:t = "Point"
		tm:m = [[-0.16983, 0.0, 0.985473] [0.0, 1.0, 0.0] [-0.985473, 0.0, -0.16983] [-4096.0, 3340.55, 14000.0]]
		objLayer:i = 0
		props {

		}
	}
	bt_border {
		type:t = "Box"
		tm:m = [[0.00260417, 0.0, 28672.0] [0.0, 3200.0, 0.0] [-28672.0, 0.0, 0.00260417] [-4096.0, -43.7285, 0.0]]
		objLayer:i = 3
		props {

		}
	}
}
objLayers {
	layer {
		enabled:b = true
	}
	layer {
		enabled:b = true
	}
	layer {
		enabled:b = true
	}
}
wayPoints {

}