selected_tag:t = ""
bin_dump_file:t = ""
mission_settings {
	player {
		army:i = 1
		wing:t = ""
	}
	player_teamB {
		army:i = 2
	}
	mission {
		type:t = "singleMission"
		level:t = "levels/water.bin"
		environment:t = "Day"
		weather:t = "hazy"
		restoreType:t = "attempts"
		optionalTakeOff:b = false
	}
	spectator_points {

	}
}
imports {
	import_record {
		file:t = "gameData/missions/templates/enduring_confrontation/tl_takeoff_landing_template.blk"
		importAreas:b = true
		importUnits:b = true
		importTriggers:b = true
		importMissionObjectives:b = true
		importWayPoints:b = true
		showAreas:b = true
		showUnits:b = true
		showTriggers:b = true
		showMissionObjectives:b = true
		showWayPoints:b = true
		excludes {

		}
	}
}
triggers {
	isCategory:b = true
	is_enabled:b = true
}
mission_objectives {
	isCategory:b = true
	is_enabled:b = true
}
variables {

}
dialogs {

}
airfields {

}
effects {

}
units {
	squad {
		name:t = "tl_all_fields_squad"
		tm:m = [[-1.0, 0.0, -5.96046e-8] [0.0, 1.0, 0.0] [5.96046e-8, 0.0, -1.0] [17615.5, 3.84961, -14569.4]]
		props {
			object_marking:i = 0
			squad_members:t = "tl_base_01"
			squad_members:t = "tl_base_02"
			squad_members:t = "tl_base_03"
			squad_members:t = "tl_base_04"
			squad_members:t = "tl_base_05"
			squad_members:t = "tl_base_06"
			squad_members:t = "tl_base_07"
			squad_members:t = "tl_base_08"
			squad_members:t = "tl_base_09"
			squad_members:t = "tl_base_10"
			squad_members:t = "tl_base_11"
			squad_members:t = "tl_base_12"
		}
	}
	objectGroups {
		name:t = "tl_base_08"
		tm:m = [[-0.257747, 0.0, 0.966212] [0.0, 1.0, 0.0] [-0.966212, 0.0, -0.257747] [288.487, 156.871, 11264.7]]
		unit_class:t = "dynHelipad_platform_square_a"
		objLayer:i = 1
		props {
			army:i = 1
			active:b = false
		}
	}
	objectGroups {
		name:t = "tl_base_09"
		tm:m = [[-0.385554, 0.0, 0.922685] [0.0, 1.0, 0.0] [-0.922685, 0.0, -0.385554] [-9745.12, 246.891, 11954.3]]
		unit_class:t = "dynHelipad_platform_square_rounded_a"
		objLayer:i = 1
		props {
			army:i = 1
			active:b = false
		}
	}
	objectGroups {
		name:t = "tl_base_07"
		tm:m = [[0.383595, 0.0, 0.923501] [0.0, 1.0, 0.0] [-0.923501, 0.0, 0.383595] [9255.03, 229.095, 10786.9]]
		unit_class:t = "dynHelipad_platform_octagon_a"
		objLayer:i = 1
		props {
			army:i = 1
			active:b = false
		}
	}
	objectGroups {
		name:t = "tl_base_06"
		tm:m = [[0.196595, 0.0, 0.980484] [0.0, 1.0, 0.0] [-0.980484, 0.0, 0.196595] [6251.35, 868.084, 5880.54]]
		unit_class:t = "dynHelipad_platform_square_a"
		objLayer:i = 1
		props {
			army:i = 2
			active:b = false
		}
	}
	objectGroups {
		name:t = "tl_base_04"
		tm:m = [[-0.541026, 0.0, 0.841004] [0.0, 1.0, 0.0] [-0.841004, 0.0, -0.541026] [-12635.1, 361.335, 6093.3]]
		unit_class:t = "dynHelipad_platform_circle_a"
		objLayer:i = 1
		props {
			army:i = 2
			active:b = false
		}
	}
	objectGroups {
		name:t = "tl_base_05"
		tm:m = [[-0.0976437, 0.0, 0.995221] [0.0, 1.0, 0.0] [-0.995221, 0.0, -0.0976437] [-1831.73, 338.25, 7319.06]]
		unit_class:t = "dynHelipad_platform_octagon_a"
		objLayer:i = 1
		props {
			army:i = 2
			active:b = false
		}
	}
	objectGroups {
		name:t = "tl_base_10"
		tm:m = [[0.0647318, 0.0, 0.997902] [0.0, 1.0, 0.0] [-0.997902, 0.0, 0.0647318] [-15321.9, 102.286, -5764.52]]
		unit_class:t = "dynHelipad_platform_octagon_a"
		objLayer:i = 1
		props {
			army:i = 2
			active:b = false
		}
	}
	objectGroups {
		name:t = "tl_base_11"
		tm:m = [[0.250652, 0.0, 0.968077] [0.0, 1.0, 0.0] [-0.968077, 0.0, 0.250652] [-7330.56, 968.385, -1163.08]]
		unit_class:t = "dynHelipad_platform_octagon_a"
		objLayer:i = 1
		props {
			army:i = 2
			active:b = false
		}
	}
	objectGroups {
		name:t = "tl_base_12"
		tm:m = [[0.326356, 0.0, 0.945247] [0.0, 1.0, 0.0] [-0.945247, 0.0, 0.326356] [-3127.95, 983.519, -5337.52]]
		unit_class:t = "dynHelipad_platform_square_a"
		objLayer:i = 1
		props {
			army:i = 2
			active:b = false
		}
	}
	objectGroups {
		name:t = "tl_base_01"
		tm:m = [[-0.53571, 0.0, 0.844401] [0.0, 1.0, 0.0] [-0.844401, 0.0, -0.53571] [5734.36, 969.117, -1208.83]]
		unit_class:t = "dynHelipad_platform_circle_a"
		objLayer:i = 1
		props {
			army:i = 2
			active:b = false
		}
	}
	objectGroups {
		name:t = "tl_base_02"
		tm:m = [[0.201976, 0.0, 0.97939] [0.0, 1.0, 0.0] [-0.97939, 0.0, 0.201976] [6645.4, 542.53, -7087.15]]
		unit_class:t = "dynHelipad_platform_square_rounded_a"
		objLayer:i = 1
		props {
			army:i = 2
			active:b = false
		}
	}
	objectGroups {
		name:t = "tl_base_03"
		tm:m = [[-0.333602, 0.0, 0.942713] [0.0, 1.0, 0.0] [-0.942713, 0.0, -0.333602] [-4881.04, 1020.77, 2964.5]]
		unit_class:t = "dynHelipad_platform_square_a"
		objLayer:i = 1
		props {
			army:i = 2
			active:b = false
		}
	}
	squad {
		name:t = "tl_t1_squad"
		tm:m = [[-1.0, 0.0, -5.96046e-8] [0.0, 1.0, 0.0] [5.96046e-8, 0.0, -1.0] [18221.2, 3.85034, -12866.4]]
		props {
			object_marking:i = 0
			squad_members:t = "tl_base_01"
			squad_members:t = "tl_base_02"
			squad_members:t = "tl_base_03"
			squad_members:t = "tl_base_04"
			squad_members:t = "tl_base_05"
			squad_members:t = "tl_base_06"
			squad_members:t = "tl_base_07"
			squad_members:t = "tl_base_08"
			squad_members:t = "tl_base_09"
			squad_members:t = "tl_base_10"
			squad_members:t = "tl_base_11"
			squad_members:t = "tl_base_12"
			object_type:t = "isTeamA"
		}
	}
	squad {
		name:t = "tl_t2_squad"
		tm:m = [[-1.0, 0.0, -5.96046e-8] [0.0, 1.0, 0.0] [5.96046e-8, 0.0, -1.0] [17428.8, 3.85034, -16506.2]]
		props {
			object_marking:i = 0
			squad_members:t = "tl_base_01"
			squad_members:t = "tl_base_02"
			squad_members:t = "tl_base_03"
			squad_members:t = "tl_base_04"
			squad_members:t = "tl_base_05"
			squad_members:t = "tl_base_06"
			squad_members:t = "tl_base_07"
			squad_members:t = "tl_base_08"
			squad_members:t = "tl_base_09"
			squad_members:t = "tl_base_10"
			squad_members:t = "tl_base_11"
			squad_members:t = "tl_base_12"
			object_type:t = "isTeamB"
		}
	}
}
areas {
	tl_battle_area {
		type:t = "Box"
		tm:m = [[0.00260417, 0.0, 28672.0] [0.0, 2200.0, 0.0] [-28672.0, 0.0, 0.00260417] [-4096.0, 194.207, 0.0]]
		objLayer:i = 3
		props {

		}
	}
	tl_zone_01 {
		type:t = "Cylinder"
		tm:m = [[7.78667, 0.0, -12.8206] [0.0, 100.0, 0.0] [12.8206, 0.0, 7.78666] [5734.4, 949.562, -1208.81]]
		objLayer:i = 0
		props {

		}
	}
	tl_zone_02 {
		type:t = "Cylinder"
		tm:m = [[3.0418, 0.0, 14.6883] [0.0, 100.0, 0.0] [-14.6883, 0.0, 3.04183] [6645.71, 505.033, -7088.12]]
		objLayer:i = 0
		props {

		}
	}
	tl_zone_03 {
		type:t = "Cylinder"
		tm:m = [[-9.17557, 0.0, 11.8663] [0.0, 100.0, 0.0] [-11.8663, 0.0, -9.17555] [-4881.79, 938.845, 2964.43]]
		objLayer:i = 0
		props {

		}
	}
	tl_zone_04 {
		type:t = "Cylinder"
		tm:m = [[-10.6803, 0.0, 10.5324] [0.0, 100.0, 0.0] [-10.5324, 0.0, -10.6803] [-12634.8, 347.521, 6093.19]]
		objLayer:i = 0
		props {

		}
	}
	tl_zone_05 {
		type:t = "Cylinder"
		tm:m = [[-1.39109, 0.0, 14.9354] [0.0, 100.0, 0.0] [-14.9354, 0.0, -1.39107] [-1832.1, 312.527, 7317.32]]
		objLayer:i = 0
		props {

		}
	}
	tl_zone_06 {
		type:t = "Cylinder"
		tm:m = [[-1.39109, 0.0, 14.9354] [0.0, 100.0, 0.0] [-14.9354, 0.0, -1.39107] [6251.37, 843.87, 5880.23]]
		objLayer:i = 0
		props {

		}
	}
	tl_zone_07 {
		type:t = "Cylinder"
		tm:m = [[9.6532, 0.0, 11.4811] [0.0, 100.0, 0.0] [-11.4811, 0.0, 9.65321] [9254.79, 206.191, 10786.3]]
		objLayer:i = 0
		props {

		}
	}
	tl_zone_08 {
		type:t = "Cylinder"
		tm:m = [[14.4913, 0.0, 3.8733] [0.0, 100.0, 0.0] [-3.87327, 0.0, 14.4913] [288.311, 147.876, 11264.9]]
		objLayer:i = 0
		props {

		}
	}
	tl_zone_09 {
		type:t = "Cylinder"
		tm:m = [[13.8262, 0.0, 5.81695] [0.0, 100.0, 0.0] [-5.81693, 0.0, 13.8262] [-9745.46, 229.741, 11954.0]]
		objLayer:i = 0
		props {

		}
	}
	tl_zone_10 {
		type:t = "Cylinder"
		tm:m = [[14.2515, 0.0, -4.67912] [0.0, 100.0, 0.0] [4.67915, 0.0, 14.2515] [-15322.0, 57.7752, -5765.63]]
		objLayer:i = 0
		props {

		}
	}
	tl_zone_11 {
		type:t = "Cylinder"
		tm:m = [[14.2515, 0.0, -4.67912] [0.0, 100.0, 0.0] [4.67915, 0.0, 14.2515] [-7330.88, 938.329, -1163.36]]
		objLayer:i = 0
		props {

		}
	}
	tl_zone_12 {
		type:t = "Cylinder"
		tm:m = [[14.2515, 0.0, -4.67912] [0.0, 100.0, 0.0] [4.67915, 0.0, 14.2515] [-3128.2, 939.371, -5338.14]]
		objLayer:i = 0
		props {

		}
	}
}
objLayers {
	layer {
		enabled:b = true
	}
	layer {
		enabled:b = true
	}
	layer {
		enabled:b = true
	}
	layer {
		enabled:b = false
	}
}
wayPoints {

}