selected_tag:t = ""
bin_dump_file:t = ""
mission_settings {
	player {
		army:i = 1
		wing:t = "t1_player01"
		wing:t = "t1_player02"
		wing:t = "t1_player03"
		wing:t = "t1_player04"
		wing:t = "t1_player05"
		wing:t = "t1_player06"
		wing:t = "t1_player07"
		wing:t = "t1_player08"
		wing:t = "t1_player09"
		wing:t = "t1_player10"
		wing:t = "t1_player11"
		wing:t = "t1_player12"
		wing:t = "t1_player13"
		wing:t = "t1_player14"
		wing:t = "t1_player15"
		wing:t = "t1_player16"
		wing:t = "t1_player17"
		wing:t = "t1_player18"
		wing:t = "t1_player19"
		wing:t = "t1_player20"
		wing:t = "t1_player21"
		wing:t = "t1_player22"
		wing:t = "t1_player23"
		wing:t = "t1_player24"
		wing:t = "t1_player25"
		wing:t = "t1_player26"
		wing:t = "t1_player27"
		wing:t = "t1_player28"
		wing:t = "t1_player29"
		wing:t = "t1_player30"
		wing:t = "t1_player31"
		wing:t = "t1_player32"
	}
	player_teamB {
		army:i = 2
		wing:t = "t2_player01"
		wing:t = "t2_player02"
		wing:t = "t2_player03"
		wing:t = "t2_player04"
		wing:t = "t2_player05"
		wing:t = "t2_player06"
		wing:t = "t2_player07"
		wing:t = "t2_player08"
		wing:t = "t2_player09"
		wing:t = "t2_player10"
		wing:t = "t2_player11"
		wing:t = "t2_player12"
		wing:t = "t2_player13"
		wing:t = "t2_player14"
		wing:t = "t2_player15"
		wing:t = "t2_player16"
		wing:t = "t2_player17"
		wing:t = "t2_player18"
		wing:t = "t2_player19"
		wing:t = "t2_player20"
		wing:t = "t2_player21"
		wing:t = "t2_player22"
		wing:t = "t2_player23"
		wing:t = "t2_player24"
		wing:t = "t2_player25"
		wing:t = "t2_player26"
		wing:t = "t2_player27"
		wing:t = "t2_player28"
		wing:t = "t2_player29"
		wing:t = "t2_player30"
		wing:t = "t2_player31"
		wing:t = "t2_player32"
		wing:t = "t2_player33"
	}
	mission {
		level:t = "levels/avg_vlaanderen.bin"
		type:t = "domination"
		environment:t = "Day"
		weather:t = "clear"
		locName:t = "missions/_Dom;location/avg_vlaanderen"
		locDesc:t = "missions/_Dom/desc"
		scoreLimit:i = 14000
		timeLimit:i = 25
		deathPenaltyMul:r = 1
		postfix:t = "_Dom"
		ctaCaptureZoneEqualPenaltyMul:r = 0
		useAlternativeMapCoord:b = false
		allowedKillStreaks:b = true
		randomSpawnTeams:b = false
		remapAiTankModels:b = true
		battleAreaColorPreset:t = "battleArea"
		showTacticalMapCellSize:b = true
		country_axis:t = "germany"
		country_allies:t = "ussr"
		restoreType:t = "attempts"
		optionalTakeOff:b = false
		allowedUnitTypes {
			isAirplanesAllowed:b = true
			isTanksAllowed:b = true
			isShipsAllowed:b = false
			isHelicoptersAllowed:b = true
		}
		mission {
			difficulty:t = "realistic"
			useAlternativeMapCoord:b = false
			scoreLimit:i = 18000
			randomSpawnTeams:b = true
			remapAiTankModels:b = true
		}
		mission {
			difficulty:t = "hardcore"
			useAlternativeMapCoord:b = false
			scoreLimit:i = 20000
			randomSpawnTeams:b = true
			remapAiTankModels:b = true
		}
		stars {
			month:i = 6
			day:i = 6
		}
	}
	imports {
		import_record {
			file:t = "gameData/missions/cta/tanks/vlaanderen/vlaanderen_object_groups.blk"
			importAreas:b = true
			importUnits:b = true
			importTriggers:b = true
			importMissionObjectives:b = true
			importWayPoints:b = true
			showAreas:b = true
			showUnits:b = true
			showTriggers:b = true
			showMissionObjectives:b = true
			showWayPoints:b = true
			excludes {

			}
		}
	}
	atmosphere {
		pressure:r = 760
		temperature:r = 25
	}
	spectator_points {
		spectatorPoint:t = "spectator_point_01"
	}
	briefing {
		place_loc:t = ""
		date_loc:t = ""
		objective_loc:t = ""
		music:t = "action_01"
		part {
			event:t = ""
			minTime:i = 0
			slide {
				map:b = true
				minTime:i = 4
				picture:t = ""
				showAirMap:b = false
				icon {
					icontype:t = "tank"
					side:t = "ally"
					target:t = "briefing_t1_resp01"
				}
				icon {
					icontype:t = "tank"
					side:t = "ally"
					target:t = "briefing_t1_resp02"
				}
				icon {
					icontype:t = "tank"
					side:t = "enemy"
					target:t = "briefing_t2_resp01"
				}
				icon {
					icontype:t = "tank"
					side:t = "enemy"
					target:t = "briefing_t2_resp02"
				}
				icon {
					icontype:t = "basezone_A"
					side:t = "neutral"
					target:t = "briefing_capturezone_01"
				}
				icon {
					icontype:t = "basezone_B"
					side:t = "neutral"
					target:t = "briefing_capturezone_02"
				}
				icon {
					icontype:t = "basezone_C"
					side:t = "neutral"
					target:t = "briefing_capturezone_03"
				}
				battleArea {
					target:t = "brief_dom_battle_area"
				}
			}
		}
	}
}
imports {
	import_record {
		file:t = "gameData/missions/templates/tank_templates/tank_base_logic_template.blk"
		importAreas:b = true
		importUnits:b = true
		importTriggers:b = true
		importMissionObjectives:b = true
		importWayPoints:b = true
		showAreas:b = true
		showUnits:b = true
		showTriggers:b = true
		showMissionObjectives:b = true
		showWayPoints:b = true
		excludes {

		}
	}
	import_record {
		file:t = "gameData/missions/cta/tanks/vlaanderen/spawnareas/template_vlaanderen_air_spawns.blk"
		importAreas:b = true
		importUnits:b = true
		importTriggers:b = true
		importMissionObjectives:b = true
		importWayPoints:b = true
		showAreas:b = true
		showUnits:b = true
		showTriggers:b = true
		showMissionObjectives:b = true
		showWayPoints:b = true
		excludes {

		}
	}
	import_record {
		file:t = "gameData/missions/cta/tanks/vlaanderen/battleareas/template_vlaanderen_Dom_battlearea.blk"
		importAreas:b = true
		importUnits:b = true
		importTriggers:b = true
		importMissionObjectives:b = true
		importWayPoints:b = true
		showAreas:b = true
		showUnits:b = true
		showTriggers:b = true
		showMissionObjectives:b = true
		showWayPoints:b = true
		excludes {

		}
	}
	import_record {
		file:t = "gameData/missions/templates/tank_templates/dom_template.blk"
		importAreas:b = true
		importUnits:b = true
		importTriggers:b = true
		importMissionObjectives:b = true
		importWayPoints:b = true
		showAreas:b = true
		showUnits:b = true
		showTriggers:b = true
		showMissionObjectives:b = true
		showWayPoints:b = true
		excludes {

		}
	}
	import_record {
		file:t = "gameData/missions/cta/tanks/vlaanderen/battleareas/template_vlaanderen_exclude_battleareas.blk"
		importAreas:b = true
		importUnits:b = true
		importTriggers:b = true
		importMissionObjectives:b = true
		importWayPoints:b = true
		showAreas:b = true
		showUnits:b = true
		showTriggers:b = true
		showMissionObjectives:b = true
		showWayPoints:b = true
		excludes {

		}
	}
	import_record {
		file:t = "gameData/missions/cta/tanks/vlaanderen/objects/template_vlaanderen_objects.blk"
		importAreas:b = true
		importUnits:b = true
		importTriggers:b = true
		importMissionObjectives:b = true
		importWayPoints:b = true
		showAreas:b = true
		showUnits:b = true
		showTriggers:b = true
		showMissionObjectives:b = true
		showWayPoints:b = true
		excludes {

		}
	}
}
triggers {
	isCategory:b = true
	is_enabled:b = true
}
mission_objectives {
	isCategory:b = true
	is_enabled:b = true
}
variables {

}
dialogs {

}
airfields {

}
effects {

}
units {
	tankModels {
		name:t = "t1_player01"
		tm:m = [[-0.258819, 0.0, -0.965926] [0.0, 1.0, 0.0] [0.965926, 0.0, -0.258819] [2313.28, 112.808, 2017.36]]
		unit_class:t = "aaa_dummy"
		objLayer:i = 1
		closed_waypoints:b = false
		isShipSpline:b = false
		shipTurnRadius:r = 100
		weapons:t = ""
		bullets0:t = ""
		bullets1:t = ""
		bullets2:t = ""
		bullets3:t = ""
		bulletsCount0:i = 0
		bulletsCount1:i = 0
		bulletsCount2:i = 0
		bulletsCount3:i = 0
		crewSkillK:r = 0
		applyAllMods:b = false
		props {
			army:i = 2
			count:i = 1
			formation_type:t = "rows"
			formation_div:i = 3
			formation_step:p2 = 2.5, 2
			formation_noise:p2 = 0.1, 0.1
			uniqueName:t = ""
			attack_type:t = "fire_at_will"
		}
		way {

		}
	}
}
areas {
	briefing_t1_resp01 {
		type:t = "Point"
		tm:m = [[0.5373, 0.0, -0.843392] [0.0, 1.0, 0.0] [0.843392, 0.0, 0.5373] [1545.64, 1.48728, 213.658]]
		objLayer:i = 0
		props {

		}
	}
	briefing_t1_resp02 {
		type:t = "Point"
		tm:m = [[0.5373, 0.0, -0.843392] [0.0, 1.0, 0.0] [0.843392, 0.0, 0.5373] [492.332, 1.01126, 207.906]]
		objLayer:i = 0
		props {

		}
	}
	briefing_t2_resp01 {
		type:t = "Point"
		tm:m = [[0.382683, 0.0, -0.92388] [0.0, 1.0, 0.0] [0.92388, 0.0, 0.382683] [487.079, 1.0171, 1765.4]]
		objLayer:i = 0
		props {

		}
	}
	briefing_t2_resp02 {
		type:t = "Point"
		tm:m = [[0.382683, 0.0, -0.92388] [0.0, 1.0, 0.0] [0.92388, 0.0, 0.382683] [1467.79, 0.848173, 1790.99]]
		objLayer:i = 0
		props {

		}
	}
	briefing_capturezone_03 {
		type:t = "Point"
		tm:m = [[0.642788, 0.0, -0.766044] [0.0, 1.0, 0.0] [0.766044, 0.0, 0.642788] [1512.23, 1.70001, 1026.81]]
		objLayer:i = 0
		props {

		}
	}
	briefing_capturezone_02 {
		type:t = "Point"
		tm:m = [[0.642788, 0.0, -0.766044] [0.0, 1.0, 0.0] [0.766044, 0.0, 0.642788] [1027.75, 5.87915, 1026.23]]
		objLayer:i = 0
		props {

		}
	}
	briefing_capturezone_01 {
		type:t = "Point"
		tm:m = [[0.642788, 0.0, -0.766044] [0.0, 1.0, 0.0] [0.766044, 0.0, 0.642788] [512.5, 1.05, 1017.5]]
		objLayer:i = 0
		props {

		}
	}
	briefing_t1_rb_resp02 {
		type:t = "Point"
		tm:m = [[0.5373, 0.0, -0.843392] [0.0, 1.0, 0.0] [0.843392, 0.0, 0.5373] [491.202, 1.01172, 207.815]]
		objLayer:i = 0
		props {

		}
	}
	briefing_t1_rb_resp01 {
		type:t = "Point"
		tm:m = [[0.5373, 0.0, -0.843392] [0.0, 1.0, 0.0] [0.843392, 0.0, 0.5373] [1545.71, 1.43896, 213.838]]
		objLayer:i = 0
		props {

		}
	}
	briefing_t2_rb_resp01 {
		type:t = "Point"
		tm:m = [[0.382683, 0.0, -0.92388] [0.0, 1.0, 0.0] [0.92388, 0.0, 0.382683] [486.029, 1.01025, 1766.05]]
		objLayer:i = 0
		props {

		}
	}
	briefing_t2_rb_resp02 {
		type:t = "Point"
		tm:m = [[0.382683, 0.0, -0.92388] [0.0, 1.0, 0.0] [0.92388, 0.0, 0.382683] [1468.33, 0.846924, 1790.88]]
		objLayer:i = 0
		props {

		}
	}
	briefing_rb_capturezone_03 {
		type:t = "Point"
		tm:m = [[-0.258819, 0.0, -0.965926] [0.0, 1.0, 0.0] [0.965926, 0.0, -0.258819] [1512.18, 1.70001, 1026.86]]
		objLayer:i = 0
		props {

		}
	}
	briefing_rb_capturezone_02 {
		type:t = "Point"
		tm:m = [[-0.258819, 0.0, -0.965926] [0.0, 1.0, 0.0] [0.965926, 0.0, -0.258819] [1026.39, 5.90175, 1024.45]]
		objLayer:i = 0
		props {

		}
	}
	briefing_rb_capturezone_01 {
		type:t = "Point"
		tm:m = [[-0.258819, 0.0, -0.965926] [0.0, 1.0, 0.0] [0.965926, 0.0, -0.258819] [512.4, 1.04255, 1017.25]]
		objLayer:i = 0
		props {

		}
	}
	brief_dom_battle_area {
		type:t = "Box"
		tm:m = [[-0.000116671, 0.0, 1800.0] [0.0, 400.0, 0.0] [-1800.0, 0.0, -0.000116671] [1024.0, 6.0, 1024.0]]
		objLayer:i = 4
		props {

		}
	}
	spectator_point_01 {
		type:t = "Point"
		tm:m = [[0.129601, 0.0, 0.991566] [0.0, 1.0, 0.0] [-0.991566, 0.0, 0.129601] [1664.78, 10.0, 1078.19]]
		objLayer:i = 0
		props {

		}
	}
}
objLayers {
	layer {
		enabled:b = true
	}
	layer {
		enabled:b = true
	}
	layer {
		enabled:b = true
	}
	layer {
		enabled:b = false
	}
}
wayPoints {

}