selected_tag:t = ""
bin_dump_file:t = ""
mission_settings {
	player {
		army:i = 1
	}
	player_teamB {
		army:i = 2
	}
	mission {
		level:t = "levels/water.bin"
		type:t = "domination"
		environment:t = "Day"
		weather:t = "hazy"
	}
	atmosphere {
		pressure:r = 760
		temperature:r = -10
	}
}
imports {
	import_record {
		file:t = "gameData/missions/cta/tanks/sector_montmedy/mainareas/template_sector_montmedy_defence_spawn.blk"
		importAreas:b = true
		importUnits:b = true
		importTriggers:b = true
		importMissionObjectives:b = true
		importWayPoints:b = true
		showAreas:b = true
		showUnits:b = true
		showTriggers:b = true
		showMissionObjectives:b = true
		showWayPoints:b = true
		excludes {

		}
	}
}
triggers {
	isCategory:b = true
	is_enabled:b = true
}
mission_objectives {
	isCategory:b = true
	is_enabled:b = true
}
variables {

}
dialogs {

}
airfields {

}
effects {

}
units {
	tankModels {
		name:t = "ai_target_unit_01"
		tm:m = [[0.737369, 0.0, -0.67549] [0.0, 1.0, 0.0] [0.67549, 0.0, 0.737369] [-2930.1, 34.5902, 2819.65]]
		unit_class:t = "germ_stug_III_ausf_G"
		objLayer:i = 1
		closed_waypoints:b = false
		isShipSpline:b = false
		shipTurnRadius:r = 100
		weapons:t = ""
		bullets0:t = ""
		bullets1:t = ""
		bullets2:t = ""
		bullets3:t = ""
		bulletsCount0:i = 0
		bulletsCount1:i = 0
		bulletsCount2:i = 0
		bulletsCount3:i = 0
		crewSkillK:r = 0
		applyAllMods:b = false
		props {
			army:i = 2
			count:i = 1
			formation_type:t = "rows"
			formation_div:i = 3
			formation_step:p2 = 2.5, 2
			formation_noise:p2 = 0.1, 0.1
			uniqueName:t = ""
			attack_type:t = "fire_at_will"
			unitReplacementType:t = "groundTarget"
		}
		way {

		}
	}
	squad {
		name:t = "ai_target_unit_squad"
		tm:m = [[1.0, 0.0, 0.0] [0.0, 1.0, 0.0] [0.0, 0.0, 1.0] [-1917.3, 57.55, 2711.5]]
		props {
			squad_members:t = "ai_target_unit_01"
			squad_members:t = "ai_target_unit_02"
			squad_members:t = "ai_target_unit_03"
			squad_members:t = "ai_target_unit_04"
			squad_members:t = "ai_target_unit_05"
			squad_members:t = "ai_target_unit_06"
			squad_members:t = "ai_target_unit_07"
			squad_members:t = "ai_target_unit_08"
			squad_members:t = "ai_target_unit_09"
			squad_members:t = "ai_target_unit_10"
			squad_members:t = "ai_target_unit_11"
			squad_members:t = "ai_target_unit_12"
			squad_members:t = "ai_target_unit_13"
			squad_members:t = "ai_target_unit_14"
			squad_members:t = "ai_target_unit_15"
			squad_members:t = "ai_target_unit_16"
			squad_members:t = "ai_target_unit_17"
			squad_members:t = "ai_target_unit_18"
			squad_members:t = "ai_target_unit_19"
			squad_members:t = "ai_target_unit_20"
			object_marking:i = 0
		}
	}
	tankModels {
		name:t = "ai_target_unit_02"
		tm:m = [[0.737369, 0.0, -0.67549] [0.0, 1.0, 0.0] [0.67549, 0.0, 0.737369] [-2923.65, 34.556, 2758.15]]
		unit_class:t = "germ_stug_III_ausf_G"
		objLayer:i = 1
		closed_waypoints:b = false
		isShipSpline:b = false
		shipTurnRadius:r = 100
		weapons:t = ""
		bullets0:t = ""
		bullets1:t = ""
		bullets2:t = ""
		bullets3:t = ""
		bulletsCount0:i = 0
		bulletsCount1:i = 0
		bulletsCount2:i = 0
		bulletsCount3:i = 0
		crewSkillK:r = 0
		applyAllMods:b = false
		props {
			army:i = 2
			count:i = 1
			formation_type:t = "rows"
			formation_div:i = 3
			formation_step:p2 = 2.5, 2
			formation_noise:p2 = 0.1, 0.1
			uniqueName:t = ""
			attack_type:t = "fire_at_will"
			unitReplacementType:t = "groundTarget"
		}
		way {

		}
	}
	tankModels {
		name:t = "ai_target_unit_03"
		tm:m = [[0.394989, 0.0, -0.918686] [0.0, 1.0, 0.0] [0.918686, 0.0, 0.394989] [-2823.95, 33.8938, 2809.5]]
		unit_class:t = "germ_stug_III_ausf_G"
		objLayer:i = 1
		closed_waypoints:b = false
		isShipSpline:b = false
		shipTurnRadius:r = 100
		weapons:t = ""
		bullets0:t = ""
		bullets1:t = ""
		bullets2:t = ""
		bullets3:t = ""
		bulletsCount0:i = 0
		bulletsCount1:i = 0
		bulletsCount2:i = 0
		bulletsCount3:i = 0
		crewSkillK:r = 0
		applyAllMods:b = false
		props {
			army:i = 2
			count:i = 1
			formation_type:t = "rows"
			formation_div:i = 3
			formation_step:p2 = 2.5, 2
			formation_noise:p2 = 0.1, 0.1
			uniqueName:t = ""
			attack_type:t = "fire_at_will"
			unitReplacementType:t = "groundTarget"
		}
		way {

		}
	}
	tankModels {
		name:t = "ai_target_unit_04"
		tm:m = [[0.0162041, 0.0, -0.999869] [0.0, 1.0, 0.0] [0.999869, 0.0, 0.0162041] [-2658.7, 24.6005, 2859.15]]
		unit_class:t = "germ_stug_III_ausf_G"
		objLayer:i = 1
		closed_waypoints:b = false
		isShipSpline:b = false
		shipTurnRadius:r = 100
		weapons:t = ""
		bullets0:t = ""
		bullets1:t = ""
		bullets2:t = ""
		bullets3:t = ""
		bulletsCount0:i = 0
		bulletsCount1:i = 0
		bulletsCount2:i = 0
		bulletsCount3:i = 0
		crewSkillK:r = 0
		applyAllMods:b = false
		props {
			army:i = 2
			count:i = 1
			formation_type:t = "rows"
			formation_div:i = 3
			formation_step:p2 = 2.5, 2
			formation_noise:p2 = 0.1, 0.1
			uniqueName:t = ""
			attack_type:t = "fire_at_will"
			unitReplacementType:t = "groundTarget"
		}
		way {

		}
	}
	tankModels {
		name:t = "ai_target_unit_05"
		tm:m = [[0.0162041, 0.0, -0.999869] [0.0, 1.0, 0.0] [0.999869, 0.0, 0.0162041] [-2610.1, 22.9324, 2920.35]]
		unit_class:t = "germ_stug_III_ausf_G"
		objLayer:i = 1
		closed_waypoints:b = false
		isShipSpline:b = false
		shipTurnRadius:r = 100
		weapons:t = ""
		bullets0:t = ""
		bullets1:t = ""
		bullets2:t = ""
		bullets3:t = ""
		bulletsCount0:i = 0
		bulletsCount1:i = 0
		bulletsCount2:i = 0
		bulletsCount3:i = 0
		crewSkillK:r = 0
		applyAllMods:b = false
		props {
			army:i = 2
			count:i = 1
			formation_type:t = "rows"
			formation_div:i = 3
			formation_step:p2 = 2.5, 2
			formation_noise:p2 = 0.1, 0.1
			uniqueName:t = ""
			attack_type:t = "fire_at_will"
			unitReplacementType:t = "groundTarget"
		}
		way {

		}
	}
	tankModels {
		name:t = "ai_target_unit_06"
		tm:m = [[-0.145398, 0.0, -0.989373] [0.0, 1.0, 0.0] [0.989373, 0.0, -0.145398] [-2642.25, 27.4012, 3061.05]]
		unit_class:t = "germ_stug_III_ausf_G"
		objLayer:i = 1
		closed_waypoints:b = false
		isShipSpline:b = false
		shipTurnRadius:r = 100
		weapons:t = ""
		bullets0:t = ""
		bullets1:t = ""
		bullets2:t = ""
		bullets3:t = ""
		bulletsCount0:i = 0
		bulletsCount1:i = 0
		bulletsCount2:i = 0
		bulletsCount3:i = 0
		crewSkillK:r = 0
		applyAllMods:b = false
		props {
			army:i = 2
			count:i = 1
			formation_type:t = "rows"
			formation_div:i = 3
			formation_step:p2 = 2.5, 2
			formation_noise:p2 = 0.1, 0.1
			uniqueName:t = ""
			attack_type:t = "fire_at_will"
			unitReplacementType:t = "groundTarget"
		}
		way {

		}
	}
	tankModels {
		name:t = "ai_target_unit_07"
		tm:m = [[0.270548, 0.0, -0.962706] [0.0, 1.0, 0.0] [0.962706, 0.0, 0.270548] [-2596.5, 28.7986, 3050.95]]
		unit_class:t = "germ_stug_III_ausf_G"
		objLayer:i = 1
		closed_waypoints:b = false
		isShipSpline:b = false
		shipTurnRadius:r = 100
		weapons:t = ""
		bullets0:t = ""
		bullets1:t = ""
		bullets2:t = ""
		bullets3:t = ""
		bulletsCount0:i = 0
		bulletsCount1:i = 0
		bulletsCount2:i = 0
		bulletsCount3:i = 0
		crewSkillK:r = 0
		applyAllMods:b = false
		props {
			army:i = 2
			count:i = 1
			formation_type:t = "rows"
			formation_div:i = 3
			formation_step:p2 = 2.5, 2
			formation_noise:p2 = 0.1, 0.1
			uniqueName:t = ""
			attack_type:t = "fire_at_will"
			unitReplacementType:t = "groundTarget"
		}
		way {

		}
	}
	tankModels {
		name:t = "ai_target_unit_08"
		tm:m = [[-0.114727, 0.0, -0.993397] [0.0, 1.0, 0.0] [0.993397, 0.0, -0.114727] [-3198.15, 35.6844, 2960.65]]
		unit_class:t = "germ_stug_III_ausf_G"
		objLayer:i = 1
		closed_waypoints:b = false
		isShipSpline:b = false
		shipTurnRadius:r = 100
		weapons:t = ""
		bullets0:t = ""
		bullets1:t = ""
		bullets2:t = ""
		bullets3:t = ""
		bulletsCount0:i = 0
		bulletsCount1:i = 0
		bulletsCount2:i = 0
		bulletsCount3:i = 0
		crewSkillK:r = 0
		applyAllMods:b = false
		props {
			army:i = 2
			count:i = 1
			formation_type:t = "rows"
			formation_div:i = 3
			formation_step:p2 = 2.5, 2
			formation_noise:p2 = 0.1, 0.1
			uniqueName:t = ""
			attack_type:t = "fire_at_will"
			unitReplacementType:t = "groundTarget"
		}
		way {

		}
	}
	tankModels {
		name:t = "ai_target_unit_09"
		tm:m = [[0.267829, 0.0, -0.963466] [0.0, 1.0, 0.0] [0.963466, 0.0, 0.267829] [-3111.25, 39.6569, 2935.15]]
		unit_class:t = "germ_stug_III_ausf_G"
		objLayer:i = 1
		closed_waypoints:b = false
		isShipSpline:b = false
		shipTurnRadius:r = 100
		weapons:t = ""
		bullets0:t = ""
		bullets1:t = ""
		bullets2:t = ""
		bullets3:t = ""
		bulletsCount0:i = 0
		bulletsCount1:i = 0
		bulletsCount2:i = 0
		bulletsCount3:i = 0
		crewSkillK:r = 0
		applyAllMods:b = false
		props {
			army:i = 2
			count:i = 1
			formation_type:t = "rows"
			formation_div:i = 3
			formation_step:p2 = 2.5, 2
			formation_noise:p2 = 0.1, 0.1
			uniqueName:t = ""
			attack_type:t = "fire_at_will"
			unitReplacementType:t = "groundTarget"
		}
		way {

		}
	}
	tankModels {
		name:t = "ai_target_unit_10"
		tm:m = [[-0.119642, 0.0, -0.992817] [0.0, 1.0, 0.0] [0.992817, 0.0, -0.119642] [-2623.5, 22.0435, 2706.9]]
		unit_class:t = "germ_stug_III_ausf_G"
		objLayer:i = 1
		closed_waypoints:b = false
		isShipSpline:b = false
		shipTurnRadius:r = 100
		weapons:t = ""
		bullets0:t = ""
		bullets1:t = ""
		bullets2:t = ""
		bullets3:t = ""
		bulletsCount0:i = 0
		bulletsCount1:i = 0
		bulletsCount2:i = 0
		bulletsCount3:i = 0
		crewSkillK:r = 0
		applyAllMods:b = false
		props {
			army:i = 2
			count:i = 1
			formation_type:t = "rows"
			formation_div:i = 3
			formation_step:p2 = 2.5, 2
			formation_noise:p2 = 0.1, 0.1
			uniqueName:t = ""
			attack_type:t = "fire_at_will"
			unitReplacementType:t = "groundTarget"
		}
		way {

		}
	}
	tankModels {
		name:t = "ai_target_unit_11"
		tm:m = [[0.220735, 0.0, -0.975334] [0.0, 1.0, 0.0] [0.975334, 0.0, 0.220735] [-2467.35, 37.6536, 3105.05]]
		unit_class:t = "germ_stug_III_ausf_G"
		objLayer:i = 1
		closed_waypoints:b = false
		isShipSpline:b = false
		shipTurnRadius:r = 100
		weapons:t = ""
		bullets0:t = ""
		bullets1:t = ""
		bullets2:t = ""
		bullets3:t = ""
		bulletsCount0:i = 0
		bulletsCount1:i = 0
		bulletsCount2:i = 0
		bulletsCount3:i = 0
		crewSkillK:r = 0
		applyAllMods:b = false
		props {
			army:i = 2
			count:i = 1
			formation_type:t = "rows"
			formation_div:i = 3
			formation_step:p2 = 2.5, 2
			formation_noise:p2 = 0.1, 0.1
			uniqueName:t = ""
			attack_type:t = "fire_at_will"
			unitReplacementType:t = "groundTarget"
		}
		way {

		}
	}
	tankModels {
		name:t = "ai_target_unit_12"
		tm:m = [[0.220735, 0.0, -0.975334] [0.0, 1.0, 0.0] [0.975334, 0.0, 0.220735] [-2415.05, 34.7371, 3156.95]]
		unit_class:t = "germ_stug_III_ausf_G"
		objLayer:i = 1
		closed_waypoints:b = false
		isShipSpline:b = false
		shipTurnRadius:r = 100
		weapons:t = ""
		bullets0:t = ""
		bullets1:t = ""
		bullets2:t = ""
		bullets3:t = ""
		bulletsCount0:i = 0
		bulletsCount1:i = 0
		bulletsCount2:i = 0
		bulletsCount3:i = 0
		crewSkillK:r = 0
		applyAllMods:b = false
		props {
			army:i = 2
			count:i = 1
			formation_type:t = "rows"
			formation_div:i = 3
			formation_step:p2 = 2.5, 2
			formation_noise:p2 = 0.1, 0.1
			uniqueName:t = ""
			attack_type:t = "fire_at_will"
			unitReplacementType:t = "groundTarget"
		}
		way {

		}
	}
	tankModels {
		name:t = "ai_target_unit_13"
		tm:m = [[0.408315, 0.0, -0.912841] [0.0, 1.0, 0.0] [0.912841, 0.0, 0.408315] [-1901.15, 48.402, 3102.8]]
		unit_class:t = "germ_stug_III_ausf_G"
		objLayer:i = 1
		closed_waypoints:b = false
		isShipSpline:b = false
		shipTurnRadius:r = 100
		weapons:t = ""
		bullets0:t = ""
		bullets1:t = ""
		bullets2:t = ""
		bullets3:t = ""
		bulletsCount0:i = 0
		bulletsCount1:i = 0
		bulletsCount2:i = 0
		bulletsCount3:i = 0
		crewSkillK:r = 0
		applyAllMods:b = false
		props {
			army:i = 2
			count:i = 1
			formation_type:t = "rows"
			formation_div:i = 3
			formation_step:p2 = 2.5, 2
			formation_noise:p2 = 0.1, 0.1
			uniqueName:t = ""
			attack_type:t = "fire_at_will"
			unitReplacementType:t = "groundTarget"
		}
		way {

		}
	}
	tankModels {
		name:t = "ai_target_unit_14"
		tm:m = [[0.0726267, 0.0, -0.997359] [0.0, 1.0, 0.0] [0.997359, 0.0, 0.0726267] [-1981.6, 45.9723, 3082.7]]
		unit_class:t = "germ_stug_III_ausf_G"
		objLayer:i = 1
		closed_waypoints:b = false
		isShipSpline:b = false
		shipTurnRadius:r = 100
		weapons:t = ""
		bullets0:t = ""
		bullets1:t = ""
		bullets2:t = ""
		bullets3:t = ""
		bulletsCount0:i = 0
		bulletsCount1:i = 0
		bulletsCount2:i = 0
		bulletsCount3:i = 0
		crewSkillK:r = 0
		applyAllMods:b = false
		props {
			army:i = 2
			count:i = 1
			formation_type:t = "rows"
			formation_div:i = 3
			formation_step:p2 = 2.5, 2
			formation_noise:p2 = 0.1, 0.1
			uniqueName:t = ""
			attack_type:t = "fire_at_will"
			unitReplacementType:t = "groundTarget"
		}
		way {

		}
	}
	tankModels {
		name:t = "ai_target_unit_15"
		tm:m = [[0.510063, 0.0, -0.860137] [0.0, 1.0, 0.0] [0.860137, 0.0, 0.510063] [-1956.8, 40.446, 2944.1]]
		unit_class:t = "germ_stug_III_ausf_G"
		objLayer:i = 1
		closed_waypoints:b = false
		isShipSpline:b = false
		shipTurnRadius:r = 100
		weapons:t = ""
		bullets0:t = ""
		bullets1:t = ""
		bullets2:t = ""
		bullets3:t = ""
		bulletsCount0:i = 0
		bulletsCount1:i = 0
		bulletsCount2:i = 0
		bulletsCount3:i = 0
		crewSkillK:r = 0
		applyAllMods:b = false
		props {
			army:i = 2
			count:i = 1
			formation_type:t = "rows"
			formation_div:i = 3
			formation_step:p2 = 2.5, 2
			formation_noise:p2 = 0.1, 0.1
			uniqueName:t = ""
			attack_type:t = "fire_at_will"
			unitReplacementType:t = "groundTarget"
		}
		way {

		}
	}
	tankModels {
		name:t = "ai_target_unit_16"
		tm:m = [[0.29184, 0.0, -0.956467] [0.0, 1.0, 0.0] [0.956467, 0.0, 0.29184] [-2097.85, 33.9308, 3071.2]]
		unit_class:t = "germ_stug_III_ausf_G"
		objLayer:i = 1
		closed_waypoints:b = false
		isShipSpline:b = false
		shipTurnRadius:r = 100
		weapons:t = ""
		bullets0:t = ""
		bullets1:t = ""
		bullets2:t = ""
		bullets3:t = ""
		bulletsCount0:i = 0
		bulletsCount1:i = 0
		bulletsCount2:i = 0
		bulletsCount3:i = 0
		crewSkillK:r = 0
		applyAllMods:b = false
		props {
			army:i = 2
			count:i = 1
			formation_type:t = "rows"
			formation_div:i = 3
			formation_step:p2 = 2.5, 2
			formation_noise:p2 = 0.1, 0.1
			uniqueName:t = ""
			attack_type:t = "fire_at_will"
			unitReplacementType:t = "groundTarget"
		}
		way {

		}
	}
	tankModels {
		name:t = "ai_target_unit_17"
		tm:m = [[0.29184, 0.0, -0.956467] [0.0, 1.0, 0.0] [0.956467, 0.0, 0.29184] [-2354.15, 34.578, 2882.65]]
		unit_class:t = "germ_stug_III_ausf_G"
		objLayer:i = 1
		closed_waypoints:b = false
		isShipSpline:b = false
		shipTurnRadius:r = 100
		weapons:t = ""
		bullets0:t = ""
		bullets1:t = ""
		bullets2:t = ""
		bullets3:t = ""
		bulletsCount0:i = 0
		bulletsCount1:i = 0
		bulletsCount2:i = 0
		bulletsCount3:i = 0
		crewSkillK:r = 0
		applyAllMods:b = false
		props {
			army:i = 2
			count:i = 1
			formation_type:t = "rows"
			formation_div:i = 3
			formation_step:p2 = 2.5, 2
			formation_noise:p2 = 0.1, 0.1
			uniqueName:t = ""
			attack_type:t = "fire_at_will"
			unitReplacementType:t = "groundTarget"
		}
		way {

		}
	}
	tankModels {
		name:t = "ai_target_unit_18"
		tm:m = [[0.170148, 0.0, -0.985418] [0.0, 1.0, 0.0] [0.985418, 0.0, 0.170148] [-2502.35, 29.5076, 2942.15]]
		unit_class:t = "germ_stug_III_ausf_G"
		objLayer:i = 1
		closed_waypoints:b = false
		isShipSpline:b = false
		shipTurnRadius:r = 100
		weapons:t = ""
		bullets0:t = ""
		bullets1:t = ""
		bullets2:t = ""
		bullets3:t = ""
		bulletsCount0:i = 0
		bulletsCount1:i = 0
		bulletsCount2:i = 0
		bulletsCount3:i = 0
		crewSkillK:r = 0
		applyAllMods:b = false
		props {
			army:i = 2
			count:i = 1
			formation_type:t = "rows"
			formation_div:i = 3
			formation_step:p2 = 2.5, 2
			formation_noise:p2 = 0.1, 0.1
			uniqueName:t = ""
			attack_type:t = "fire_at_will"
			unitReplacementType:t = "groundTarget"
		}
		way {

		}
	}
	tankModels {
		name:t = "ai_target_unit_19"
		tm:m = [[0.170148, 0.0, -0.985418] [0.0, 1.0, 0.0] [0.985418, 0.0, 0.170148] [-2501.7, 35.1317, 2738.95]]
		unit_class:t = "germ_stug_III_ausf_G"
		objLayer:i = 1
		closed_waypoints:b = false
		isShipSpline:b = false
		shipTurnRadius:r = 100
		weapons:t = ""
		bullets0:t = ""
		bullets1:t = ""
		bullets2:t = ""
		bullets3:t = ""
		bulletsCount0:i = 0
		bulletsCount1:i = 0
		bulletsCount2:i = 0
		bulletsCount3:i = 0
		crewSkillK:r = 0
		applyAllMods:b = false
		props {
			army:i = 2
			count:i = 1
			formation_type:t = "rows"
			formation_div:i = 3
			formation_step:p2 = 2.5, 2
			formation_noise:p2 = 0.1, 0.1
			uniqueName:t = ""
			attack_type:t = "fire_at_will"
			unitReplacementType:t = "groundTarget"
		}
		way {

		}
	}
	tankModels {
		name:t = "ai_target_unit_20"
		tm:m = [[-0.0988031, 0.0, -0.995107] [0.0, 1.0, 0.0] [0.995107, 0.0, -0.0988031] [-2549.65, 34.8604, 2729.4]]
		unit_class:t = "germ_stug_III_ausf_G"
		objLayer:i = 1
		closed_waypoints:b = false
		isShipSpline:b = false
		shipTurnRadius:r = 100
		weapons:t = ""
		bullets0:t = ""
		bullets1:t = ""
		bullets2:t = ""
		bullets3:t = ""
		bulletsCount0:i = 0
		bulletsCount1:i = 0
		bulletsCount2:i = 0
		bulletsCount3:i = 0
		crewSkillK:r = 0
		applyAllMods:b = false
		props {
			army:i = 2
			count:i = 1
			formation_type:t = "rows"
			formation_div:i = 3
			formation_step:p2 = 2.5, 2
			formation_noise:p2 = 0.1, 0.1
			uniqueName:t = ""
			attack_type:t = "fire_at_will"
			unitReplacementType:t = "groundTarget"
		}
		way {

		}
	}
}
areas {

}
objLayers {
	layer {
		enabled:b = true
	}
	layer {
		enabled:b = true
	}
	layer {
		enabled:b = true
	}
	layer {
		enabled:b = true
	}
	layer {
		enabled:b = false
	}
}
wayPoints {

}