selected_tag:t = ""
bin_dump_file:t = ""
mission_settings {
	player {
		army:i = 1
	}
	player_teamB {
		army:i = 2
	}
	mission {
		level:t = "levels/air_smolensk.bin"
		type:t = "domination"
		environment:t = "Day"
		weather:t = "hazy"
		restoreType:t = "attempts"
		optionalTakeOff:b = false
	}
}
imports {
	import_record {
		file:t = "gameData/missions/templates/enduring_confrontation/bdt_bases_destroy_template.blk"
		importAreas:b = true
		importUnits:b = true
		importTriggers:b = true
		importMissionObjectives:b = true
		importWayPoints:b = true
		showAreas:b = true
		showUnits:b = true
		showTriggers:b = true
		showMissionObjectives:b = true
		showWayPoints:b = true
		excludes {

		}
	}
	import_record {
		file:t = "gameData/missions/templates/units_sets/land_sets_aaa_bases/bdt_t1_ussr_rank_01.blk"
		rankRange:ip2 = 0, 4
		importAreas:b = true
		importUnits:b = true
		importTriggers:b = true
		importMissionObjectives:b = true
		importWayPoints:b = true
		showAreas:b = true
		showUnits:b = true
		showTriggers:b = true
		showMissionObjectives:b = true
		showWayPoints:b = true
		excludes {

		}
	}
	import_record {
		file:t = "gameData/missions/templates/units_sets/land_sets_aaa_bases/bdt_t1_ussr_rank_02.blk"
		rankRange:ip2 = 5, 8
		importAreas:b = true
		importUnits:b = true
		importTriggers:b = true
		importMissionObjectives:b = true
		importWayPoints:b = true
		showAreas:b = true
		showUnits:b = true
		showTriggers:b = true
		showMissionObjectives:b = true
		showWayPoints:b = true
		excludes {

		}
	}
	import_record {
		file:t = "gameData/missions/templates/units_sets/land_sets_aaa_bases/bdt_t1_ussr_rank_03.blk"
		rankRange:ip2 = 9, 13
		importAreas:b = true
		importUnits:b = true
		importTriggers:b = true
		importMissionObjectives:b = true
		importWayPoints:b = true
		showAreas:b = true
		showUnits:b = true
		showTriggers:b = true
		showMissionObjectives:b = true
		showWayPoints:b = true
		excludes {

		}
	}
	import_record {
		file:t = "gameData/missions/templates/units_sets/land_sets_aaa_bases/bdt_t1_ussr_rank_04.blk"
		rankRange:ip2 = 14, 19
		importAreas:b = true
		importUnits:b = true
		importTriggers:b = true
		importMissionObjectives:b = true
		importWayPoints:b = true
		showAreas:b = true
		showUnits:b = true
		showTriggers:b = true
		showMissionObjectives:b = true
		showWayPoints:b = true
		excludes {

		}
	}
	import_record {
		file:t = "gameData/missions/templates/units_sets/land_sets_aaa_bases/bdt_t1_ussr_rank_05.blk"
		rankRange:ip2 = 20, 24
		importAreas:b = true
		importUnits:b = true
		importTriggers:b = true
		importMissionObjectives:b = true
		importWayPoints:b = true
		showAreas:b = true
		showUnits:b = true
		showTriggers:b = true
		showMissionObjectives:b = true
		showWayPoints:b = true
		excludes {

		}
	}
	import_record {
		file:t = "gameData/missions/templates/units_sets/land_sets_aaa_bases/bdt_t1_ussr_rank_06.blk"
		rankRange:ip2 = 25, 50
		importAreas:b = true
		importUnits:b = true
		importTriggers:b = true
		importMissionObjectives:b = true
		importWayPoints:b = true
		showAreas:b = true
		showUnits:b = true
		showTriggers:b = true
		showMissionObjectives:b = true
		showWayPoints:b = true
		excludes {

		}
	}
	import_record {
		file:t = "gameData/missions/templates/units_sets/land_sets_aaa_bases/bdt_t2_jpn_rank_01.blk"
		rankRange:ip2 = 0, 4
		importAreas:b = true
		importUnits:b = true
		importTriggers:b = true
		importMissionObjectives:b = true
		importWayPoints:b = true
		showAreas:b = true
		showUnits:b = true
		showTriggers:b = true
		showMissionObjectives:b = true
		showWayPoints:b = true
		excludes {

		}
	}
	import_record {
		file:t = "gameData/missions/templates/units_sets/land_sets_aaa_bases/bdt_t2_jpn_rank_02.blk"
		rankRange:ip2 = 5, 8
		importAreas:b = true
		importUnits:b = true
		importTriggers:b = true
		importMissionObjectives:b = true
		importWayPoints:b = true
		showAreas:b = true
		showUnits:b = true
		showTriggers:b = true
		showMissionObjectives:b = true
		showWayPoints:b = true
		excludes {

		}
	}
	import_record {
		file:t = "gameData/missions/templates/units_sets/land_sets_aaa_bases/bdt_t2_jpn_rank_03.blk"
		rankRange:ip2 = 9, 13
		importAreas:b = true
		importUnits:b = true
		importTriggers:b = true
		importMissionObjectives:b = true
		importWayPoints:b = true
		showAreas:b = true
		showUnits:b = true
		showTriggers:b = true
		showMissionObjectives:b = true
		showWayPoints:b = true
		excludes {

		}
	}
	import_record {
		file:t = "gameData/missions/templates/units_sets/land_sets_aaa_bases/bdt_t2_jpn_rank_04.blk"
		rankRange:ip2 = 14, 19
		importAreas:b = true
		importUnits:b = true
		importTriggers:b = true
		importMissionObjectives:b = true
		importWayPoints:b = true
		showAreas:b = true
		showUnits:b = true
		showTriggers:b = true
		showMissionObjectives:b = true
		showWayPoints:b = true
		excludes {

		}
	}
	import_record {
		file:t = "gameData/missions/templates/units_sets/land_sets_aaa_bases/bdt_t2_jpn_rank_05.blk"
		rankRange:ip2 = 20, 24
		importAreas:b = true
		importUnits:b = true
		importTriggers:b = true
		importMissionObjectives:b = true
		importWayPoints:b = true
		showAreas:b = true
		showUnits:b = true
		showTriggers:b = true
		showMissionObjectives:b = true
		showWayPoints:b = true
		excludes {

		}
	}
	import_record {
		file:t = "gameData/missions/templates/units_sets/land_sets_aaa_bases/bdt_t2_jpn_rank_06.blk"
		rankRange:ip2 = 25, 50
		importAreas:b = true
		importUnits:b = true
		importTriggers:b = true
		importMissionObjectives:b = true
		importWayPoints:b = true
		showAreas:b = true
		showUnits:b = true
		showTriggers:b = true
		showMissionObjectives:b = true
		showWayPoints:b = true
		excludes {

		}
	}
}
triggers {
	isCategory:b = true
	is_enabled:b = true
	bdt_part_init {
		is_enabled:b = true
		comments:t = ""
		props {
			actionsType:t = "PERFORM_ONE_BY_ONE"
			conditionsType:t = "ALL"
			enableAfterComplete:b = false
		}
		events {
			initMission {

			}
		}
		conditions {

		}
		actions {
			comment {
				value:t = "set max bases amount +1"
			}
			varSetInt {
				value:i = 9
				var:t = "bdt_t1_total_bases_max_count"
			}
			varSetInt {
				value:i = 9
				var:t = "bdt_t2_total_bases_max_count"
			}
			comment {
				value:t = "enable self restarting for template"
			}
			varSetBool {
				value:b = true
				var:t = "bdt_self_restart"
			}
			comment {
				value:t = "increase one-moment bases amount"
			}
			varSetInt {
				value:i = 4
				var:t = "bdt_t1_active_bases_max_count"
				var:t = "bdt_t2_active_bases_max_count"
			}
			comment {
				value:t = ""
			}
			varSetInt {
				value:i = 1
				var:t = "bdt_delay_timer"
			}
			comment {
				value:t = ""
			}
			varSetString {
				value:t = "bfd"
				var:t = "bdt_game_mode"
			}
			comment {
				value:t = ""
			}
			varSetBool {
				value:b = true
				var:t = "bMirrorSpawn"
			}
			comment {
				value:t = ""
			}
			varSetReal {
				value:r = 2000
				var:t = "bdt_t1_min_zone_distance"
				var:t = "bdt_t2_min_zone_distance"
			}
		}
		else_actions {

		}
	}
}
mission_objectives {
	isCategory:b = true
	is_enabled:b = true
}
variables {

}
dialogs {

}
airfields {

}
effects {

}
units {
	objectGroups {
		name:t = "bdt_t2_bomb_object_01"
		tm:m = [[-0.603617, 0.0, 0.797273] [0.0, 1.0, 0.0] [-0.797273, 0.0, -0.603617] [10250.9, 71.5574, -5313.1]]
		unit_class:t = "dynBase_hq_camp_square"
		objLayer:i = 2
		props {
			army:i = 2
			active:b = false
		}
	}
	objectGroups {
		name:t = "bdt_t2_bomb_object_02"
		tm:m = [[0.093596, 0.0, 0.995612] [0.0, 1.0, 0.0] [-0.995612, 0.0, 0.093596] [13092.5, 93.843, -708.74]]
		unit_class:t = "dynBase_fuel_storage_square"
		objLayer:i = 2
		props {
			army:i = 2
			active:b = false
		}
	}
	objectGroups {
		name:t = "bdt_t2_bomb_object_03"
		tm:m = [[-0.985912, 0.0, -0.167277] [0.0, 1.0, 0.0] [0.167277, 0.0, -0.985912] [13351.6, 63.6266, 2077.89]]
		unit_class:t = "dynBase_oil_storage_small_square"
		objLayer:i = 2
		props {
			army:i = 2
			active:b = false
		}
	}
	objectGroups {
		name:t = "bdt_t1_bomb_object_01"
		tm:m = [[-0.831138, 0.0, 0.556065] [0.0, 1.0, 0.0] [-0.556065, 0.0, -0.831138] [-647.639, 105.221, -4576.8]]
		unit_class:t = "dynBase_fuel_storage_square"
		objLayer:i = 2
		props {
			army:i = 1
			active:b = false
		}
	}
	objectGroups {
		name:t = "bdt_t1_bomb_object_02"
		tm:m = [[-0.98845, 0.0, -0.151535] [0.0, 1.0, 0.0] [0.151535, 0.0, -0.98845] [-1214.57, 82.5246, -2600.74]]
		unit_class:t = "dynBase_small_factory_square"
		objLayer:i = 2
		props {
			army:i = 1
			active:b = false
		}
	}
	objectGroups {
		name:t = "bdt_t1_bomb_object_03"
		tm:m = [[-0.933064, 0.0, -0.35971] [0.0, 1.0, 0.0] [0.35971, 0.0, -0.933064] [896.82, 72.2307, 6119.21]]
		unit_class:t = "dynBase_oil_storage_small_square"
		objLayer:i = 2
		props {
			army:i = 1
			active:b = false
		}
	}
	objectGroups {
		name:t = "bdt_t2_bomb_object_04"
		tm:m = [[-0.951752, 0.0, 0.306865] [0.0, 1.0, 0.0] [-0.306865, 0.0, -0.951752] [7530.69, 85.3475, -6528.2]]
		unit_class:t = "dynBase_small_factory_square"
		objLayer:i = 2
		props {
			army:i = 2
			active:b = false
		}
	}
	objectGroups {
		name:t = "bdt_t1_bomb_object_04"
		tm:m = [[-0.999946, 0.0, -0.0103851] [0.0, 1.0, 0.0] [0.0103851, 0.0, -0.999946] [4207.4, 72.9452, 7998.22]]
		unit_class:t = "dynBase_field_camp_square"
		objLayer:i = 2
		props {
			army:i = 1
			active:b = false
		}
	}
	objectGroups {
		name:t = "bdt_t1_bomb_object_05"
		tm:m = [[-0.999946, 0.0, -0.0103851] [0.0, 1.0, 0.0] [0.0103851, 0.0, -0.999946] [2178.52, 71.3387, 9658.89]]
		unit_class:t = "dynBase_military_base_square"
		objLayer:i = 2
		props {
			army:i = 1
			active:b = false
		}
	}
	objectGroups {
		name:t = "bdt_t1_bomb_object_06"
		tm:m = [[-0.999946, 0.0, -0.0103851] [0.0, 1.0, 0.0] [0.0103851, 0.0, -0.999946] [476.418, 73.3654, 8261.59]]
		unit_class:t = "dynBase_oil_storage_large_square"
		objLayer:i = 2
		props {
			army:i = 1
			active:b = false
		}
	}
	objectGroups {
		name:t = "bdt_t1_bomb_object_07"
		tm:m = [[-0.999946, 0.0, -0.0103851] [0.0, 1.0, 0.0] [0.0103851, 0.0, -0.999946] [-1361.35, 69.1841, 6588.71]]
		unit_class:t = "dynBase_oil_storage_large_square"
		objLayer:i = 2
		props {
			army:i = 1
			active:b = false
		}
	}
	objectGroups {
		name:t = "bdt_t1_bomb_object_08"
		tm:m = [[-0.831138, 0.0, 0.556065] [0.0, 1.0, 0.0] [-0.556065, 0.0, -0.831138] [-2219.8, 135.843, -5541.2]]
		unit_class:t = "dynBase_small_factory_square"
		objLayer:i = 2
		props {
			army:i = 1
			active:b = false
		}
	}
	objectGroups {
		name:t = "bdt_t1_bomb_object_09"
		tm:m = [[-0.831138, 0.0, 0.556065] [0.0, 1.0, 0.0] [-0.556065, 0.0, -0.831138] [-2812.12, 99.4166, -3146.25]]
		unit_class:t = "dynBase_hq_camp_square"
		objLayer:i = 2
		props {
			army:i = 1
			active:b = false
		}
	}
	objectGroups {
		name:t = "bdt_t1_bomb_object_10"
		tm:m = [[-0.831138, 0.0, 0.556065] [0.0, 1.0, 0.0] [-0.556065, 0.0, -0.831138] [-3688.69, 109.491, -1718.88]]
		unit_class:t = "dynBase_petrol_camp_square"
		objLayer:i = 2
		props {
			army:i = 1
			active:b = false
		}
	}
	objectGroups {
		name:t = "bdt_t2_bomb_object_05"
		tm:m = [[-0.951752, 0.0, 0.306865] [0.0, 1.0, 0.0] [-0.306865, 0.0, -0.951752] [7048.97, 98.5106, -8784.4]]
		unit_class:t = "dynBase_petrol_camp_square"
		objLayer:i = 2
		props {
			army:i = 2
			active:b = false
		}
	}
	objectGroups {
		name:t = "bdt_t2_bomb_object_06"
		tm:m = [[-0.98445, 0.0, -0.175662] [0.0, 1.0, 0.0] [0.175662, 0.0, -0.98445] [9102.23, 87.7333, -8390.8]]
		unit_class:t = "dynBase_military_base_square"
		objLayer:i = 2
		props {
			army:i = 2
			active:b = false
		}
	}
	objectGroups {
		name:t = "bdt_t2_bomb_object_07"
		tm:m = [[-0.951752, 0.0, 0.306865] [0.0, 1.0, 0.0] [-0.306865, 0.0, -0.951752] [11593.3, 82.5654, -6705.6]]
		unit_class:t = "dynBase_fuel_storage_square"
		objLayer:i = 2
		props {
			army:i = 2
			active:b = false
		}
	}
	objectGroups {
		name:t = "bdt_t2_bomb_object_08"
		tm:m = [[-0.985912, 0.0, -0.167277] [0.0, 1.0, 0.0] [0.167277, 0.0, -0.985912] [14336.2, 69.7821, 3131.98]]
		unit_class:t = "dynBase_ammunition_storage_square"
		objLayer:i = 2
		props {
			army:i = 2
			active:b = false
		}
	}
	objectGroups {
		name:t = "bdt_t2_bomb_object_09"
		tm:m = [[-0.985912, 0.0, -0.167277] [0.0, 1.0, 0.0] [0.167277, 0.0, -0.985912] [14696.1, 64.8134, 1505.44]]
		unit_class:t = "dynBase_field_camp_square"
		objLayer:i = 2
		props {
			army:i = 2
			active:b = false
		}
	}
	objectGroups {
		name:t = "bdt_t2_bomb_object_10"
		tm:m = [[-0.985912, 0.0, -0.167277] [0.0, 1.0, 0.0] [0.167277, 0.0, -0.985912] [15245.0, 63.9613, -570.435]]
		unit_class:t = "dynBase_oil_storage_small_square"
		objLayer:i = 2
		props {
			army:i = 2
			active:b = false
		}
	}
}
areas {
	bdt_t2_bomb_zone_01 {
		type:t = "Sphere"
		tm:m = [[-271.629, 0.0, 358.774] [0.0, 450.0, 0.0] [-358.774, 0.0, -271.629] [10257.7, 71.6486, -5310.9]]
		objLayer:i = 0
		props {

		}
	}
	bdt_t2_bomb_zone_02 {
		type:t = "Sphere"
		tm:m = [[-271.629, 0.0, 358.774] [0.0, 450.0, 0.0] [-358.774, 0.0, -271.629] [13071.4, 69.4563, -712.962]]
		objLayer:i = 0
		props {

		}
	}
	bdt_t2_bomb_zone_03 {
		type:t = "Sphere"
		tm:m = [[-443.661, 0.0, -75.2738] [0.0, 450.0, 0.0] [75.2738, 0.0, -443.661] [13358.1, 63.7008, 2070.6]]
		objLayer:i = 0
		props {

		}
	}
	bdt_t1_bomb_zone_01 {
		type:t = "Sphere"
		tm:m = [[-374.013, 0.0, 250.229] [0.0, 450.0, 0.0] [-250.229, 0.0, -374.013] [-659.567, 105.632, -4572.5]]
		objLayer:i = 0
		props {

		}
	}
	bdt_t1_bomb_zone_02 {
		type:t = "Sphere"
		tm:m = [[-449.019, 0.0, 29.6978] [0.0, 450.0, 0.0] [-29.6978, 0.0, -449.019] [-1219.03, 88.3124, -2602.52]]
		objLayer:i = 0
		props {

		}
	}
	bdt_t1_bomb_zone_03 {
		type:t = "Sphere"
		tm:m = [[-449.888, 0.0, 10.0828] [0.0, 450.0, 0.0] [-10.0828, 0.0, -449.888] [891.121, 69.201, 6118.76]]
		objLayer:i = 0
		props {

		}
	}
	bdt_t2_bomb_zone_04 {
		type:t = "Sphere"
		tm:m = [[-428.288, 0.0, 138.09] [0.0, 450.0, 0.0] [-138.09, 0.0, -428.288] [7523.93, 83.9501, -6524.0]]
		objLayer:i = 0
		props {

		}
	}
	bdt_t1_bomb_zone_04 {
		type:t = "Sphere"
		tm:m = [[-449.888, 0.0, 10.0828] [0.0, 450.0, 0.0] [-10.0828, 0.0, -449.888] [4207.01, 68.4624, 7992.47]]
		objLayer:i = 0
		props {

		}
	}
	bdt_t2_bomb_zone_01_aaa_point_01 {
		type:t = "Point"
		tm:m = [[-0.946027, 0.0, 0.324085] [0.0, 1.0, 0.0] [-0.324085, 0.0, -0.946027] [10304.8, 71.9012, -5090.5]]
		objLayer:i = 0
		props {

		}
	}
	bdt_t2_bomb_zone_01_aaa_point_02 {
		type:t = "Point"
		tm:m = [[-0.946027, 0.0, 0.324085] [0.0, 1.0, 0.0] [-0.324085, 0.0, -0.946027] [10303.4, 73.8096, -5599.6]]
		objLayer:i = 0
		props {

		}
	}
	bdt_t2_bomb_zone_01_aaa_point_03 {
		type:t = "Point"
		tm:m = [[-0.946027, 0.0, 0.324085] [0.0, 1.0, 0.0] [-0.324085, 0.0, -0.946027] [10188.5, 77.0051, -5568.7]]
		objLayer:i = 0
		props {

		}
	}
	bdt_t2_bomb_zone_01_aaa_point_04 {
		type:t = "Point"
		tm:m = [[-0.946027, 0.0, 0.324085] [0.0, 1.0, 0.0] [-0.324085, 0.0, -0.946027] [9816.81, 79.5349, -5466.3]]
		objLayer:i = 0
		props {

		}
	}
	bdt_t2_bomb_zone_02_aaa_point_01 {
		type:t = "Point"
		tm:m = [[-0.946027, 0.0, 0.324085] [0.0, 1.0, 0.0] [-0.324085, 0.0, -0.946027] [13307.7, 180.908, -636.052]]
		objLayer:i = 0
		props {

		}
	}
	bdt_t2_bomb_zone_02_aaa_point_02 {
		type:t = "Point"
		tm:m = [[-0.946027, 0.0, 0.324085] [0.0, 1.0, 0.0] [-0.324085, 0.0, -0.946027] [12905.7, 181.71, -995.233]]
		objLayer:i = 0
		props {

		}
	}
	bdt_t2_bomb_zone_02_aaa_point_03 {
		type:t = "Point"
		tm:m = [[-0.946027, 0.0, 0.324085] [0.0, 1.0, 0.0] [-0.324085, 0.0, -0.946027] [13279.2, 27.5636, -899.912]]
		objLayer:i = 0
		props {

		}
	}
	bdt_t2_bomb_zone_02_aaa_point_04 {
		type:t = "Point"
		tm:m = [[-0.946027, 0.0, 0.324085] [0.0, 1.0, 0.0] [-0.324085, 0.0, -0.946027] [12870.2, 62.5492, -602.721]]
		objLayer:i = 0
		props {

		}
	}
	bdt_t2_bomb_zone_03_aaa_point_01 {
		type:t = "Point"
		tm:m = [[-0.946027, 0.0, 0.324085] [0.0, 1.0, 0.0] [-0.324085, 0.0, -0.946027] [13141.4, 59.967, 2468.21]]
		objLayer:i = 0
		props {

		}
	}
	bdt_t2_bomb_zone_03_aaa_point_02 {
		type:t = "Point"
		tm:m = [[-0.946027, 0.0, 0.324085] [0.0, 1.0, 0.0] [-0.324085, 0.0, -0.946027] [13166.0, 65.0531, 1849.99]]
		objLayer:i = 0
		props {

		}
	}
	bdt_t2_bomb_zone_03_aaa_point_03 {
		type:t = "Point"
		tm:m = [[-0.946027, 0.0, 0.324085] [0.0, 1.0, 0.0] [-0.324085, 0.0, -0.946027] [13462.0, 66.276, 1767.55]]
		objLayer:i = 0
		props {

		}
	}
	bdt_t2_bomb_zone_03_aaa_point_04 {
		type:t = "Point"
		tm:m = [[-0.946027, 0.0, 0.324085] [0.0, 1.0, 0.0] [-0.324085, 0.0, -0.946027] [13674.6, 64.6324, 2177.52]]
		objLayer:i = 0
		props {

		}
	}
	bdt_t2_bomb_zone_04_aaa_point_01 {
		type:t = "Point"
		tm:m = [[-0.946027, 0.0, 0.324085] [0.0, 1.0, 0.0] [-0.324085, 0.0, -0.946027] [7222.86, 86.4902, -6664.7]]
		objLayer:i = 0
		props {

		}
	}
	bdt_t2_bomb_zone_04_aaa_point_02 {
		type:t = "Point"
		tm:m = [[-0.946027, 0.0, 0.324085] [0.0, 1.0, 0.0] [-0.324085, 0.0, -0.946027] [7662.45, 87.2763, -6792.7]]
		objLayer:i = 0
		props {

		}
	}
	bdt_t2_bomb_zone_04_aaa_point_03 {
		type:t = "Point"
		tm:m = [[-0.946027, 0.0, 0.324085] [0.0, 1.0, 0.0] [-0.324085, 0.0, -0.946027] [7490.27, 86.7396, -6259.7]]
		objLayer:i = 0
		props {

		}
	}
	bdt_t2_bomb_zone_04_aaa_point_04 {
		type:t = "Point"
		tm:m = [[-0.946027, 0.0, 0.324085] [0.0, 1.0, 0.0] [-0.324085, 0.0, -0.946027] [7711.46, 75.1505, -6363.5]]
		objLayer:i = 0
		props {

		}
	}
	bdt_t1_bomb_zone_01_aaa_point_01 {
		type:t = "Point"
		tm:m = [[-0.999995, 0.0, -0.00307611] [0.0, 1.0, 0.0] [0.00307611, 0.0, -0.999995] [-914.148, 108.459, -4582.3]]
		objLayer:i = 0
		props {

		}
	}
	bdt_t1_bomb_zone_01_aaa_point_02 {
		type:t = "Point"
		tm:m = [[-0.999995, 0.0, -0.00307611] [0.0, 1.0, 0.0] [0.00307611, 0.0, -0.999995] [-413.72, 98.9591, -4632.8]]
		objLayer:i = 0
		props {

		}
	}
	bdt_t1_bomb_zone_01_aaa_point_03 {
		type:t = "Point"
		tm:m = [[-0.999995, 0.0, -0.00307611] [0.0, 1.0, 0.0] [0.00307611, 0.0, -0.999995] [-631.1, 109.285, -4341.0]]
		objLayer:i = 0
		props {

		}
	}
	bdt_t1_bomb_zone_01_aaa_point_04 {
		type:t = "Point"
		tm:m = [[-0.999995, 0.0, -0.00307611] [0.0, 1.0, 0.0] [0.00307611, 0.0, -0.999995] [-437.241, 103.995, -4461.92]]
		objLayer:i = 0
		props {

		}
	}
	bdt_t1_bomb_zone_02_aaa_point_01 {
		type:t = "Point"
		tm:m = [[-0.999995, 0.0, -0.00307611] [0.0, 1.0, 0.0] [0.00307611, 0.0, -0.999995] [-1401.64, 191.251, -2591.19]]
		objLayer:i = 0
		props {

		}
	}
	bdt_t1_bomb_zone_02_aaa_point_02 {
		type:t = "Point"
		tm:m = [[-0.999995, 0.0, -0.00307611] [0.0, 1.0, 0.0] [0.00307611, 0.0, -0.999995] [-1137.2, 64.7686, -2855.44]]
		objLayer:i = 0
		props {

		}
	}
	bdt_t1_bomb_zone_02_aaa_point_03 {
		type:t = "Point"
		tm:m = [[-0.999995, 0.0, -0.00307611] [0.0, 1.0, 0.0] [0.00307611, 0.0, -0.999995] [-1156.23, 8.25917, -2156.39]]
		objLayer:i = 0
		props {

		}
	}
	bdt_t1_bomb_zone_02_aaa_point_04 {
		type:t = "Point"
		tm:m = [[-0.999995, 0.0, -0.00307611] [0.0, 1.0, 0.0] [0.00307611, 0.0, -0.999995] [-891.742, 11.4205, -2637.83]]
		objLayer:i = 0
		props {

		}
	}
	bdt_t1_bomb_zone_03_aaa_point_01 {
		type:t = "Point"
		tm:m = [[-0.999995, 0.0, -0.00307611] [0.0, 1.0, 0.0] [0.00307611, 0.0, -0.999995] [1092.75, 90.2597, 6351.27]]
		objLayer:i = 0
		props {

		}
	}
	bdt_t1_bomb_zone_03_aaa_point_02 {
		type:t = "Point"
		tm:m = [[-0.999995, 0.0, -0.00307611] [0.0, 1.0, 0.0] [0.00307611, 0.0, -0.999995] [743.968, 107.128, 5926.46]]
		objLayer:i = 0
		props {

		}
	}
	bdt_t1_bomb_zone_03_aaa_point_03 {
		type:t = "Point"
		tm:m = [[-0.999995, 0.0, -0.00307611] [0.0, 1.0, 0.0] [0.00307611, 0.0, -0.999995] [1016.06, 198.489, 5860.58]]
		objLayer:i = 0
		props {

		}
	}
	bdt_t1_bomb_zone_03_aaa_point_04 {
		type:t = "Point"
		tm:m = [[-0.999995, 0.0, -0.00307611] [0.0, 1.0, 0.0] [0.00307611, 0.0, -0.999995] [700.319, 157.905, 6296.73]]
		objLayer:i = 0
		props {

		}
	}
	bdt_t1_bomb_zone_04_aaa_point_01 {
		type:t = "Point"
		tm:m = [[-0.999995, 0.0, -0.00307611] [0.0, 1.0, 0.0] [0.00307611, 0.0, -0.999995] [3919.53, 49.3358, 8125.62]]
		objLayer:i = 0
		props {

		}
	}
	bdt_t1_bomb_zone_04_aaa_point_02 {
		type:t = "Point"
		tm:m = [[-0.999995, 0.0, -0.00307611] [0.0, 1.0, 0.0] [0.00307611, 0.0, -0.999995] [4021.31, 65.4812, 7821.03]]
		objLayer:i = 0
		props {

		}
	}
	bdt_t1_bomb_zone_04_aaa_point_03 {
		type:t = "Point"
		tm:m = [[-0.999995, 0.0, -0.00307611] [0.0, 1.0, 0.0] [0.00307611, 0.0, -0.999995] [4212.15, 196.007, 8283.31]]
		objLayer:i = 0
		props {

		}
	}
	bdt_t1_bomb_zone_04_aaa_point_04 {
		type:t = "Point"
		tm:m = [[-0.999995, 0.0, -0.00307611] [0.0, 1.0, 0.0] [0.00307611, 0.0, -0.999995] [4364.14, 72.9719, 7720.75]]
		objLayer:i = 0
		props {

		}
	}
	bdt_t1_bomb_zone_05 {
		type:t = "Sphere"
		tm:m = [[-449.888, 0.0, 10.0828] [0.0, 450.0, 0.0] [-10.0828, 0.0, -449.888] [2178.13, 70.7473, 9653.09]]
		objLayer:i = 0
		props {

		}
	}
	bdt_t1_bomb_zone_06 {
		type:t = "Sphere"
		tm:m = [[-449.888, 0.0, 10.0828] [0.0, 450.0, 0.0] [-10.0828, 0.0, -449.888] [476.039, 67.3862, 8255.84]]
		objLayer:i = 0
		props {

		}
	}
	bdt_t1_bomb_zone_07 {
		type:t = "Sphere"
		tm:m = [[-449.888, 0.0, 10.0828] [0.0, 450.0, 0.0] [-10.0828, 0.0, -449.888] [-1361.71, 69.2052, 6582.85]]
		objLayer:i = 0
		props {

		}
	}
	bdt_t1_bomb_zone_08 {
		type:t = "Sphere"
		tm:m = [[-374.013, 0.0, 250.229] [0.0, 450.0, 0.0] [-250.229, 0.0, -374.013] [-2231.74, 135.843, -5536.9]]
		objLayer:i = 0
		props {

		}
	}
	bdt_t1_bomb_zone_09 {
		type:t = "Sphere"
		tm:m = [[-374.013, 0.0, 250.229] [0.0, 450.0, 0.0] [-250.229, 0.0, -374.013] [-2823.95, 102.875, -3141.99]]
		objLayer:i = 0
		props {

		}
	}
	bdt_t1_bomb_zone_10 {
		type:t = "Sphere"
		tm:m = [[-374.013, 0.0, 250.229] [0.0, 450.0, 0.0] [-250.229, 0.0, -374.013] [-3700.64, 109.533, -1714.59]]
		objLayer:i = 0
		props {

		}
	}
	bdt_t1_bomb_zone_05_aaa_point_01 {
		type:t = "Point"
		tm:m = [[-0.999995, 0.0, -0.00307611] [0.0, 1.0, 0.0] [0.00307611, 0.0, -0.999995] [2451.32, 75.6221, 9631.14]]
		objLayer:i = 0
		props {

		}
	}
	bdt_t1_bomb_zone_05_aaa_point_02 {
		type:t = "Point"
		tm:m = [[-0.999995, 0.0, -0.00307611] [0.0, 1.0, 0.0] [0.00307611, 0.0, -0.999995] [2219.54, 77.1021, 9945.65]]
		objLayer:i = 0
		props {

		}
	}
	bdt_t1_bomb_zone_05_aaa_point_03 {
		type:t = "Point"
		tm:m = [[-0.999995, 0.0, -0.00307611] [0.0, 1.0, 0.0] [0.00307611, 0.0, -0.999995] [1741.9, 67.2156, 9757.57]]
		objLayer:i = 0
		props {

		}
	}
	bdt_t1_bomb_zone_05_aaa_point_04 {
		type:t = "Point"
		tm:m = [[-0.999995, 0.0, -0.00307611] [0.0, 1.0, 0.0] [0.00307611, 0.0, -0.999995] [1972.72, 69.6507, 9466.51]]
		objLayer:i = 0
		props {

		}
	}
	bdt_t1_bomb_zone_06_aaa_point_01 {
		type:t = "Point"
		tm:m = [[-0.999995, 0.0, -0.00307611] [0.0, 1.0, 0.0] [0.00307611, 0.0, -0.999995] [655.187, 239.684, 8541.63]]
		objLayer:i = 0
		props {

		}
	}
	bdt_t1_bomb_zone_06_aaa_point_02 {
		type:t = "Point"
		tm:m = [[-0.999995, 0.0, -0.00307611] [0.0, 1.0, 0.0] [0.00307611, 0.0, -0.999995] [794.678, 190.385, 8318.13]]
		objLayer:i = 0
		props {

		}
	}
	bdt_t1_bomb_zone_06_aaa_point_03 {
		type:t = "Point"
		tm:m = [[-0.999995, 0.0, -0.00307611] [0.0, 1.0, 0.0] [0.00307611, 0.0, -0.999995] [466.848, 213.078, 7946.82]]
		objLayer:i = 0
		props {

		}
	}
	bdt_t1_bomb_zone_06_aaa_point_04 {
		type:t = "Point"
		tm:m = [[-0.999995, 0.0, -0.00307611] [0.0, 1.0, 0.0] [0.00307611, 0.0, -0.999995] [208.028, 69.5823, 8385.43]]
		objLayer:i = 0
		props {

		}
	}
	bdt_t1_bomb_zone_07_aaa_point_01 {
		type:t = "Point"
		tm:m = [[-0.999995, 0.0, -0.00307611] [0.0, 1.0, 0.0] [0.00307611, 0.0, -0.999995] [-1510.38, 83.2267, 6320.79]]
		objLayer:i = 0
		props {

		}
	}
	bdt_t1_bomb_zone_07_aaa_point_02 {
		type:t = "Point"
		tm:m = [[-0.999995, 0.0, -0.00307611] [0.0, 1.0, 0.0] [0.00307611, 0.0, -0.999995] [-1185.67, 69.8096, 6883.98]]
		objLayer:i = 0
		props {

		}
	}
	bdt_t1_bomb_zone_07_aaa_point_03 {
		type:t = "Point"
		tm:m = [[-0.999995, 0.0, -0.00307611] [0.0, 1.0, 0.0] [0.00307611, 0.0, -0.999995] [-1659.85, 79.0554, 6738.03]]
		objLayer:i = 0
		props {

		}
	}
	bdt_t1_bomb_zone_07_aaa_point_04 {
		type:t = "Point"
		tm:m = [[-0.999995, 0.0, -0.00307611] [0.0, 1.0, 0.0] [0.00307611, 0.0, -0.999995] [-1168.36, 79.1619, 6230.77]]
		objLayer:i = 0
		props {

		}
	}
	bdt_t1_bomb_zone_08_aaa_point_01 {
		type:t = "Point"
		tm:m = [[-0.999995, 0.0, -0.00307611] [0.0, 1.0, 0.0] [0.00307611, 0.0, -0.999995] [-2153.34, 62.0706, -5837.61]]
		objLayer:i = 0
		props {

		}
	}
	bdt_t1_bomb_zone_08_aaa_point_02 {
		type:t = "Point"
		tm:m = [[-0.999995, 0.0, -0.00307611] [0.0, 1.0, 0.0] [0.00307611, 0.0, -0.999995] [-1947.89, 186.636, -5422.8]]
		objLayer:i = 0
		props {

		}
	}
	bdt_t1_bomb_zone_08_aaa_point_03 {
		type:t = "Point"
		tm:m = [[-0.999995, 0.0, -0.00307611] [0.0, 1.0, 0.0] [0.00307611, 0.0, -0.999995] [-2293.98, 194.519, -5184.6]]
		objLayer:i = 0
		props {

		}
	}
	bdt_t1_bomb_zone_08_aaa_point_04 {
		type:t = "Point"
		tm:m = [[-0.999995, 0.0, -0.00307611] [0.0, 1.0, 0.0] [0.00307611, 0.0, -0.999995] [-2503.85, 262.914, -5543.6]]
		objLayer:i = 0
		props {

		}
	}
	bdt_t1_bomb_zone_09_aaa_point_01 {
		type:t = "Point"
		tm:m = [[-0.999995, 0.0, -0.00307611] [0.0, 1.0, 0.0] [0.00307611, 0.0, -0.999995] [-2383.52, -77.3771, -3224.26]]
		objLayer:i = 0
		props {

		}
	}
	bdt_t1_bomb_zone_09_aaa_point_02 {
		type:t = "Point"
		tm:m = [[-0.999995, 0.0, -0.00307611] [0.0, 1.0, 0.0] [0.00307611, 0.0, -0.999995] [-2615.94, 74.5701, -2788.32]]
		objLayer:i = 0
		props {

		}
	}
	bdt_t1_bomb_zone_09_aaa_point_03 {
		type:t = "Point"
		tm:m = [[-0.999995, 0.0, -0.00307611] [0.0, 1.0, 0.0] [0.00307611, 0.0, -0.999995] [-2759.25, -1.52588e-5, -3692.88]]
		objLayer:i = 0
		props {

		}
	}
	bdt_t1_bomb_zone_09_aaa_point_04 {
		type:t = "Point"
		tm:m = [[-0.999995, 0.0, -0.00307611] [0.0, 1.0, 0.0] [0.00307611, 0.0, -0.999995] [-3069.77, 110.138, -2821.46]]
		objLayer:i = 0
		props {

		}
	}
	bdt_t1_bomb_zone_10_aaa_point_01 {
		type:t = "Point"
		tm:m = [[-0.999995, 0.0, -0.00307611] [0.0, 1.0, 0.0] [0.00307611, 0.0, -0.999995] [-3333.22, 118.972, -1675.79]]
		objLayer:i = 0
		props {

		}
	}
	bdt_t1_bomb_zone_10_aaa_point_02 {
		type:t = "Point"
		tm:m = [[-0.999995, 0.0, -0.00307611] [0.0, 1.0, 0.0] [0.00307611, 0.0, -0.999995] [-3649.19, 106.819, -2156.36]]
		objLayer:i = 0
		props {

		}
	}
	bdt_t1_bomb_zone_10_aaa_point_03 {
		type:t = "Point"
		tm:m = [[-0.999995, 0.0, -0.00307611] [0.0, 1.0, 0.0] [0.00307611, 0.0, -0.999995] [-3736.62, 110.55, -1452.8]]
		objLayer:i = 0
		props {

		}
	}
	bdt_t1_bomb_zone_10_aaa_point_04 {
		type:t = "Point"
		tm:m = [[-0.999995, 0.0, -0.00307611] [0.0, 1.0, 0.0] [0.00307611, 0.0, -0.999995] [-4021.23, 100.536, -1711.42]]
		objLayer:i = 0
		props {

		}
	}
	bdt_t2_bomb_zone_05 {
		type:t = "Sphere"
		tm:m = [[-428.288, 0.0, 138.09] [0.0, 450.0, 0.0] [-138.09, 0.0, -428.288] [7042.43, 98.365, -8780.2]]
		objLayer:i = 0
		props {

		}
	}
	bdt_t2_bomb_zone_06 {
		type:t = "Sphere"
		tm:m = [[-443.003, 0.0, -79.0492] [0.0, 450.0, 0.0] [79.0492, 0.0, -443.003] [9094.25, 88.5382, -8390.2]]
		objLayer:i = 0
		props {

		}
	}
	bdt_t2_bomb_zone_07 {
		type:t = "Sphere"
		tm:m = [[-428.288, 0.0, 138.09] [0.0, 450.0, 0.0] [-138.09, 0.0, -428.288] [11586.6, 82.7524, -6701.3]]
		objLayer:i = 0
		props {

		}
	}
	bdt_t2_bomb_zone_08 {
		type:t = "Sphere"
		tm:m = [[-443.661, 0.0, -75.2738] [0.0, 450.0, 0.0] [75.2738, 0.0, -443.661] [14342.7, 68.7268, 3124.68]]
		objLayer:i = 0
		props {

		}
	}
	bdt_t2_bomb_zone_09 {
		type:t = "Sphere"
		tm:m = [[-443.661, 0.0, -75.2738] [0.0, 450.0, 0.0] [75.2738, 0.0, -443.661] [14702.8, 64.6698, 1498.18]]
		objLayer:i = 0
		props {

		}
	}
	bdt_t2_bomb_zone_10 {
		type:t = "Sphere"
		tm:m = [[-443.661, 0.0, -75.2738] [0.0, 450.0, 0.0] [75.2738, 0.0, -443.661] [15251.4, 64.1716, -577.508]]
		objLayer:i = 0
		props {

		}
	}
	bdt_t2_bomb_zone_05_aaa_point_01 {
		type:t = "Point"
		tm:m = [[-0.946027, 0.0, 0.324085] [0.0, 1.0, 0.0] [-0.324085, 0.0, -0.946027] [7231.01, 98.6441, -8488.9]]
		objLayer:i = 0
		props {

		}
	}
	bdt_t2_bomb_zone_05_aaa_point_02 {
		type:t = "Point"
		tm:m = [[-0.946027, 0.0, 0.324085] [0.0, 1.0, 0.0] [-0.324085, 0.0, -0.946027] [6681.67, 91.6306, -8883.9]]
		objLayer:i = 0
		props {

		}
	}
	bdt_t2_bomb_zone_05_aaa_point_03 {
		type:t = "Point"
		tm:m = [[-0.946027, 0.0, 0.324085] [0.0, 1.0, 0.0] [-0.324085, 0.0, -0.946027] [6815.26, 106.03, -9040.8]]
		objLayer:i = 0
		props {

		}
	}
	bdt_t2_bomb_zone_05_aaa_point_04 {
		type:t = "Point"
		tm:m = [[-0.946027, 0.0, 0.324085] [0.0, 1.0, 0.0] [-0.324085, 0.0, -0.946027] [7334.08, 91.3569, -8926.7]]
		objLayer:i = 0
		props {

		}
	}
	bdt_t2_bomb_zone_06_aaa_point_01 {
		type:t = "Point"
		tm:m = [[-0.987477, 0.0, -0.157771] [0.0, 1.0, 0.0] [0.157771, 0.0, -0.987477] [9422.56, 90.6722, -8287.1]]
		objLayer:i = 0
		props {

		}
	}
	bdt_t2_bomb_zone_06_aaa_point_02 {
		type:t = "Point"
		tm:m = [[-0.987477, 0.0, -0.157771] [0.0, 1.0, 0.0] [0.157771, 0.0, -0.987477] [8792.84, 0.0, -8721.2]]
		objLayer:i = 0
		props {

		}
	}
	bdt_t2_bomb_zone_06_aaa_point_03 {
		type:t = "Point"
		tm:m = [[-0.987477, 0.0, -0.157771] [0.0, 1.0, 0.0] [0.157771, 0.0, -0.987477] [8713.71, 93.8365, -8404.7]]
		objLayer:i = 0
		props {

		}
	}
	bdt_t2_bomb_zone_06_aaa_point_04 {
		type:t = "Point"
		tm:m = [[-0.987477, 0.0, -0.157771] [0.0, 1.0, 0.0] [0.157771, 0.0, -0.987477] [8762.37, 91.4676, -7954.2]]
		objLayer:i = 0
		props {

		}
	}
	bdt_t2_bomb_zone_07_aaa_point_01 {
		type:t = "Point"
		tm:m = [[-0.946027, 0.0, 0.324085] [0.0, 1.0, 0.0] [-0.324085, 0.0, -0.946027] [11804.5, 72.6494, -6335.3]]
		objLayer:i = 0
		props {

		}
	}
	bdt_t2_bomb_zone_07_aaa_point_02 {
		type:t = "Point"
		tm:m = [[-0.946027, 0.0, 0.324085] [0.0, 1.0, 0.0] [-0.324085, 0.0, -0.946027] [11276.3, 83.9335, -6568.2]]
		objLayer:i = 0
		props {

		}
	}
	bdt_t2_bomb_zone_07_aaa_point_03 {
		type:t = "Point"
		tm:m = [[-0.946027, 0.0, 0.324085] [0.0, 1.0, 0.0] [-0.324085, 0.0, -0.946027] [11559.8, 79.0968, -7155.8]]
		objLayer:i = 0
		props {

		}
	}
	bdt_t2_bomb_zone_07_aaa_point_04 {
		type:t = "Point"
		tm:m = [[-0.946027, 0.0, 0.324085] [0.0, 1.0, 0.0] [-0.324085, 0.0, -0.946027] [11988.5, 72.1638, -6672.8]]
		objLayer:i = 0
		props {

		}
	}
	bdt_t2_bomb_zone_08_aaa_point_01 {
		type:t = "Point"
		tm:m = [[-0.946027, 0.0, 0.324085] [0.0, 1.0, 0.0] [-0.324085, 0.0, -0.946027] [13987.3, 69.7146, 3217.7]]
		objLayer:i = 0
		props {

		}
	}
	bdt_t2_bomb_zone_08_aaa_point_02 {
		type:t = "Point"
		tm:m = [[-0.946027, 0.0, 0.324085] [0.0, 1.0, 0.0] [-0.324085, 0.0, -0.946027] [14648.0, 65.6556, 3170.64]]
		objLayer:i = 0
		props {

		}
	}
	bdt_t2_bomb_zone_08_aaa_point_03 {
		type:t = "Point"
		tm:m = [[-0.946027, 0.0, 0.324085] [0.0, 1.0, 0.0] [-0.324085, 0.0, -0.946027] [14243.3, 64.3354, 2809.87]]
		objLayer:i = 0
		props {

		}
	}
	bdt_t2_bomb_zone_08_aaa_point_04 {
		type:t = "Point"
		tm:m = [[-0.946027, 0.0, 0.324085] [0.0, 1.0, 0.0] [-0.324085, 0.0, -0.946027] [14528.1, 60.3186, 2734.6]]
		objLayer:i = 0
		props {

		}
	}
	bdt_t2_bomb_zone_09_aaa_point_01 {
		type:t = "Point"
		tm:m = [[-0.946027, 0.0, 0.324085] [0.0, 1.0, 0.0] [-0.324085, 0.0, -0.946027] [14595.8, 68.9901, 1878.77]]
		objLayer:i = 0
		props {

		}
	}
	bdt_t2_bomb_zone_09_aaa_point_02 {
		type:t = "Point"
		tm:m = [[-0.946027, 0.0, 0.324085] [0.0, 1.0, 0.0] [-0.324085, 0.0, -0.946027] [14942.0, 60.4463, 1321.56]]
		objLayer:i = 0
		props {

		}
	}
	bdt_t2_bomb_zone_09_aaa_point_03 {
		type:t = "Point"
		tm:m = [[-0.946027, 0.0, 0.324085] [0.0, 1.0, 0.0] [-0.324085, 0.0, -0.946027] [14347.1, 68.6759, 1411.17]]
		objLayer:i = 0
		props {

		}
	}
	bdt_t2_bomb_zone_09_aaa_point_04 {
		type:t = "Point"
		tm:m = [[-0.946027, 0.0, 0.324085] [0.0, 1.0, 0.0] [-0.324085, 0.0, -0.946027] [14966.9, 66.1192, 1807.29]]
		objLayer:i = 0
		props {

		}
	}
	bdt_t2_bomb_zone_10_aaa_point_01 {
		type:t = "Point"
		tm:m = [[-0.946027, 0.0, 0.324085] [0.0, 1.0, 0.0] [-0.324085, 0.0, -0.946027] [15015.4, 61.9691, -843.786]]
		objLayer:i = 0
		props {

		}
	}
	bdt_t2_bomb_zone_10_aaa_point_02 {
		type:t = "Point"
		tm:m = [[-0.946027, 0.0, 0.324085] [0.0, 1.0, 0.0] [-0.324085, 0.0, -0.946027] [14907.4, 68.1986, -674.278]]
		objLayer:i = 0
		props {

		}
	}
	bdt_t2_bomb_zone_10_aaa_point_03 {
		type:t = "Point"
		tm:m = [[-0.946027, 0.0, 0.324085] [0.0, 1.0, 0.0] [-0.324085, 0.0, -0.946027] [15091.8, 63.2217, -198.006]]
		objLayer:i = 0
		props {

		}
	}
	bdt_t2_bomb_zone_10_aaa_point_04 {
		type:t = "Point"
		tm:m = [[-0.946027, 0.0, 0.324085] [0.0, 1.0, 0.0] [-0.324085, 0.0, -0.946027] [15353.4, 71.9506, -917.328]]
		objLayer:i = 0
		props {

		}
	}
	bomb_zones_area {
		type:t = "Sphere"
		tm:m = [[-16313.4, 0.0, 7607.06] [0.0, 18000.0, 0.0] [-7607.06, 0.0, -16313.4] [5456.0, 80.4783, 438.0]]
		objLayer:i = 3
		props {

		}
	}
}
objLayers {
	layer {
		enabled:b = true
	}
	layer {
		enabled:b = true
	}
	layer {
		enabled:b = true
	}
	layer {
		enabled:b = false
	}
	layer {
		enabled:b = true
	}
}
wayPoints {

}