selected_tag:t = ""
bin_dump_file:t = ""
mission_settings {
	player {
		army:i = 1
		wing:t = ""
	}
	player_teamB {
		army:i = 2
		wing:t = ""
	}
	mission {
		level:t = "levels/berlin.bin"
		type:t = "domination"
		environment:t = "Day"
		weather:t = "hazy"
		deathPenaltyMulRounds:r = 0
		stars {
			latitude:r = 52.5
			longitude:r = 13
			year:i = 1945
			month:i = 4
			day:i = 2
		}
	}
	spectator_points {

	}
}
imports {

}
triggers {
	isCategory:b = true
	is_enabled:b = true
}
mission_objectives {
	isCategory:b = true
	is_enabled:b = true
}
variables {

}
dialogs {

}
airfields {

}
effects {

}
units {

}
areas {
	at_area {
		type:t = "Sphere"
		tm:m = [[23555.4, 0.0, 4598.46] [0.0, 24000.0, 0.0] [-4598.46, 0.0, 23555.4] [715.0, 500.006, -46182.9]]
		objLayer:i = 0
		props {

		}
	}
	at_t2_spawn_01_01 {
		type:t = "Point"
		tm:m = [[-0.169281, 0.0, 0.985569] [0.0, 1.0, 0.0] [-0.985569, 0.0, -0.169281] [5918.17, 500.006, -57007.2]]
		objLayer:i = 0
		props {

		}
	}
	at_t1_spawn_01_01 {
		type:t = "Point"
		tm:m = [[0.169281, 0.0, -0.985569] [0.0, 1.0, 0.0] [0.985569, 0.0, 0.169281] [1553.37, 499.996, -34160.1]]
		objLayer:i = 0
		props {

		}
	}
	at_t2_spawn_01_02 {
		type:t = "Point"
		tm:m = [[-0.169281, 0.0, 0.985569] [0.0, 1.0, 0.0] [-0.985569, 0.0, -0.169281] [-61.9146, 500.006, -58189.8]]
		objLayer:i = 0
		props {

		}
	}
	at_t1_spawn_01_02 {
		type:t = "Point"
		tm:m = [[0.169281, 0.0, -0.985569] [0.0, 1.0, 0.0] [0.985569, 0.0, 0.169281] [-4565.45, 499.998, -35357.8]]
		objLayer:i = 0
		props {

		}
	}
	at_t1_spawn_02_01 {
		type:t = "Point"
		tm:m = [[0.169281, 0.0, -0.985569] [0.0, 1.0, 0.0] [0.985569, 0.0, 0.169281] [-7175.1, 499.999, -37080.1]]
		objLayer:i = 0
		props {

		}
	}
	at_t1_spawn_02_02 {
		type:t = "Point"
		tm:m = [[0.169281, 0.0, -0.985569] [0.0, 1.0, 0.0] [0.985569, 0.0, 0.169281] [4619.65, 500.0, -34833.5]]
		objLayer:i = 0
		props {

		}
	}
	at_t2_spawn_02_01 {
		type:t = "Point"
		tm:m = [[-0.169281, 0.0, 0.985569] [0.0, 1.0, 0.0] [-0.985569, 0.0, -0.169281] [-3086.55, 500.012, -57490.2]]
		objLayer:i = 0
		props {

		}
	}
	at_t2_spawn_02_02 {
		type:t = "Point"
		tm:m = [[-0.169281, 0.0, 0.985569] [0.0, 1.0, 0.0] [-0.985569, 0.0, -0.169281] [8585.6, 500.008, -55283.6]]
		objLayer:i = 0
		props {

		}
	}
}
objLayers {

}
wayPoints {

}