selected_tag:t = ""
bin_dump_file:t = ""
mission_settings {
	player {
		army:i = 1
		wing:t = "t1_player01"
		wing:t = "t1_player02"
		wing:t = "t1_player03"
		wing:t = "t1_player04"
		wing:t = "t1_player05"
		wing:t = "t1_player06"
		wing:t = "t1_player07"
		wing:t = "t1_player08"
		wing:t = "t1_player09"
		wing:t = "t1_player10"
		wing:t = "t1_player11"
		wing:t = "t1_player12"
		wing:t = "t1_player13"
		wing:t = "t1_player14"
		wing:t = "t1_player15"
		wing:t = "t1_player16"
	}
	player_teamB {
		army:i = 2
		wing:t = "t2_player01"
		wing:t = "t2_player02"
		wing:t = "t2_player03"
		wing:t = "t2_player04"
		wing:t = "t2_player05"
		wing:t = "t2_player06"
		wing:t = "t2_player07"
		wing:t = "t2_player08"
		wing:t = "t2_player09"
		wing:t = "t2_player10"
		wing:t = "t2_player11"
		wing:t = "t2_player12"
		wing:t = "t2_player13"
		wing:t = "t2_player14"
		wing:t = "t2_player15"
		wing:t = "t2_player16"
		wing:t = "t2_player17"
	}
	mission {
		level:t = "levels/avn_new_zeland_cape.bin"
		type:t = "domination"
		restoreType:t = "attempts"
		optionalTakeOff:b = true
		environment:t = "Day"
		weather:t = "hazy"
		locName:t = "missions/_NDom;new_zeland_cape/name"
		locDesc:t = "new_zeland_cape/desc;missions/_NDom/desc"
		scoreLimit:i = 10000
		timeLimit:i = 30
		deathPenaltyMul:r = 0.5
		ctaCaptureZoneEqualPenaltyMul:r = 0
		country_axis:t = "germany"
		country_allies:t = "ussr"
		showTacticalMapCellSize:b = true
		allowedUnitTypes {
			isAirplanesAllowed:b = true
			isTanksAllowed:b = false
			isShipsAllowed:b = true
			isHelicoptersAllowed:b = false
		}
	}
	spectator_points {

	}
	briefing {
		place_loc:t = ""
		date_loc:t = ""
		objective_loc:t = ""
		music:t = "action_01"
		part {
			event:t = ""
			minTime:i = 0
			slide {
				map:b = true
				minTime:i = 4
				picture:t = ""
				showAirMap:b = false
				icon {
					icontype:t = "ship"
					side:t = "ally"
					target:t = "t1_briefing_spawnpoint_boat"
				}
				icon {
					icontype:t = "ship"
					side:t = "enemy"
					target:t = "t2_briefing_spawnpoint_boat"
				}
				icon {
					icontype:t = "destroyer"
					side:t = "ally"
					target:t = "t1_briefing_spawnpoint_destr01"
				}
				icon {
					icontype:t = "destroyer"
					side:t = "ally"
					target:t = "t1_briefing_spawnpoint_destr02"
				}
				icon {
					icontype:t = "destroyer"
					side:t = "enemy"
					target:t = "t2_briefing_spawnpoint_destr01"
				}
				icon {
					icontype:t = "destroyer"
					side:t = "enemy"
					target:t = "t2_briefing_spawnpoint_destr02"
				}
				icon {
					icontype:t = "destroyer"
					side:t = "ally"
					target:t = "t1_briefing_spawnpoint_cruiser01"
				}
				icon {
					icontype:t = "destroyer"
					side:t = "ally"
					target:t = "t1_briefing_spawnpoint_cruiser02"
				}
				icon {
					icontype:t = "destroyer"
					side:t = "enemy"
					target:t = "t2_briefing_spawnpoint_cruiser01"
				}
				icon {
					icontype:t = "destroyer"
					side:t = "enemy"
					target:t = "t2_briefing_spawnpoint_cruiser02"
				}
				icon {
					icontype:t = "basezone_A"
					side:t = "neutral"
					target:t = "briefing_point_01"
				}
				icon {
					icontype:t = "basezone_B"
					side:t = "neutral"
					target:t = "briefing_point_02"
				}
				icon {
					icontype:t = "basezone_C"
					side:t = "neutral"
					target:t = "briefing_point_03"
				}
			}
		}
	}
}
imports {
	import_record {
		file:t = "gameData/missions/templates/navy_templates/ship_base_logic.blk"
		importAreas:b = true
		importUnits:b = true
		importTriggers:b = true
		importMissionObjectives:b = true
		importWayPoints:b = true
		showAreas:b = true
		showUnits:b = true
		showTriggers:b = true
		showMissionObjectives:b = true
		showWayPoints:b = true
		excludes {

		}
	}
	import_record {
		file:t = "gameData/missions/templates/navy_templates/ndom_template.blk"
		importAreas:b = true
		importUnits:b = true
		importTriggers:b = true
		importMissionObjectives:b = true
		importWayPoints:b = true
		showAreas:b = true
		showUnits:b = true
		showTriggers:b = true
		showMissionObjectives:b = true
		showWayPoints:b = true
		excludes {

		}
	}
	import_record {
		file:t = "gameData/missions/cta/ships/new_zeland_cape/template_new_zeland_cape_air_spawn.blk"
		importAreas:b = true
		importUnits:b = true
		importTriggers:b = true
		importMissionObjectives:b = true
		importWayPoints:b = true
		showAreas:b = true
		showUnits:b = true
		showTriggers:b = true
		showMissionObjectives:b = true
		showWayPoints:b = true
		excludes {

		}
	}
	import_record {
		file:t = "gameData/missions/cta/ships/new_zeland_cape/spotareas/new_zeland_cape_NDom_spotareas_template.blk"
		importAreas:b = true
		importUnits:b = true
		importTriggers:b = true
		importMissionObjectives:b = true
		importWayPoints:b = true
		showAreas:b = true
		showUnits:b = true
		showTriggers:b = true
		showMissionObjectives:b = true
		showWayPoints:b = true
		excludes {

		}
	}
}
triggers {
	isCategory:b = true
	is_enabled:b = true
}
mission_objectives {
	isCategory:b = true
	is_enabled:b = true
}
variables {

}
dialogs {

}
airfields {

}
effects {

}
units {
	armada {
		name:t = "t1_player01"
		tm:m = [[1.0, 0.0, 0.0] [0.0, 1.0, 0.0] [0.0, 0.0, 1.0] [-4764.84, 400.0, -3307.37]]
		unit_class:t = "a-20g"
		objLayer:i = 1
		closed_waypoints:b = false
		isShipSpline:b = false
		shipTurnRadius:r = 100
		weapons:t = ""
		bullets0:t = ""
		bullets1:t = ""
		bullets2:t = ""
		bullets3:t = ""
		bulletsCount0:i = 0
		bulletsCount1:i = 0
		bulletsCount2:i = 0
		bulletsCount3:i = 0
		props {
			army:i = 2
			count:i = 1
			free_distance:r = 70
			floating_distance:r = 50
			minimum_distance_to_earth:r = 20
			altLimit:r = 6000
			attack_type:t = "fire_at_will"
			skill:i = 4
			plane {
				wing_formation:t = "Diamond"
				row_distances:r = 3
				col_distances:r = 3
				super_formation:t = "Diamond"
				super_row_distances:r = 1.5
				super_col_distances:r = 1.5
				ai_skill:t = "NORMAL"
				task:t = "FLY_WAYPOINT"
			}
		}
		way {

		}
	}
}
areas {
	t1_briefing_spawnpoint_destr01 {
		type:t = "Point"
		tm:m = [[-0.0436193, 0.0, 0.999048] [0.0, 1.0, 0.0] [-0.999048, 0.0, -0.0436193] [-5360.67, 0.00195313, 12742.9]]
		objLayer:i = 3
		props {

		}
	}
	t2_briefing_spawnpoint_destr01 {
		type:t = "Point"
		tm:m = [[-0.0436193, 0.0, 0.999048] [0.0, 1.0, 0.0] [-0.999048, 0.0, -0.0436193] [5444.94, -0.00390625, 12757.5]]
		objLayer:i = 3
		props {

		}
	}
	briefing_point_02 {
		type:t = "Point"
		tm:m = [[-0.0436193, 0.0, 0.999048] [0.0, 1.0, 0.0] [-0.999048, 0.0, -0.0436193] [-1.39877, 0.0, 7864.97]]
		objLayer:i = 0
		props {

		}
	}
	briefing_point_01 {
		type:t = "Point"
		tm:m = [[-0.0436193, 0.0, 0.999048] [0.0, 1.0, 0.0] [-0.999048, 0.0, -0.0436193] [33.9565, 0.0, 12871.3]]
		objLayer:i = 0
		props {

		}
	}
	briefing_point_03 {
		type:t = "Point"
		tm:m = [[-0.0436193, 0.0, 0.999048] [0.0, 1.0, 0.0] [-0.999048, 0.0, -0.0436193] [-1.59345, 0.0, 2800.71]]
		objLayer:i = 0
		props {

		}
	}
	t2_briefing_spawnpoint_destr02 {
		type:t = "Point"
		tm:m = [[-0.0436193, 0.0, 0.999048] [0.0, 1.0, 0.0] [-0.999048, 0.0, -0.0436193] [6306.79, -0.00390625, 8635.53]]
		objLayer:i = 3
		props {

		}
	}
	t1_briefing_spawnpoint_destr02 {
		type:t = "Point"
		tm:m = [[-0.0436193, 0.0, 0.999048] [0.0, 1.0, 0.0] [-0.999048, 0.0, -0.0436193] [-6308.51, 0.00390625, 8706.04]]
		objLayer:i = 3
		props {

		}
	}
	t1_briefing_spawnpoint_cruiser01 {
		type:t = "Point"
		tm:m = [[-0.0436193, 0.0, 0.999048] [0.0, 1.0, 0.0] [-0.999048, 0.0, -0.0436193] [-7122.21, 0.00195313, 5321.12]]
		objLayer:i = 3
		props {

		}
	}
	t1_briefing_spawnpoint_cruiser02 {
		type:t = "Point"
		tm:m = [[-0.0436193, 0.0, 0.999048] [0.0, 1.0, 0.0] [-0.999048, 0.0, -0.0436193] [-4998.09, 0.00195313, -2899.69]]
		objLayer:i = 3
		props {

		}
	}
	t2_briefing_spawnpoint_cruiser01 {
		type:t = "Point"
		tm:m = [[-0.0436193, 0.0, 0.999048] [0.0, 1.0, 0.0] [-0.999048, 0.0, -0.0436193] [6828.33, 0.00292969, 5389.79]]
		objLayer:i = 3
		props {

		}
	}
	t2_briefing_spawnpoint_cruiser02 {
		type:t = "Point"
		tm:m = [[-0.0436193, 0.0, 0.999048] [0.0, 1.0, 0.0] [-0.999048, 0.0, -0.0436193] [5627.59, -0.00976563, -2160.77]]
		objLayer:i = 3
		props {

		}
	}
	t1_briefing_spawnpoint_boat {
		type:t = "Point"
		tm:m = [[-0.0436193, 0.0, 0.999048] [0.0, 1.0, 0.0] [-0.999048, 0.0, -0.0436193] [-4376.0, 0.00292969, 10507.9]]
		objLayer:i = 3
		props {

		}
	}
	t2_briefing_spawnpoint_boat {
		type:t = "Point"
		tm:m = [[-0.0436193, 0.0, 0.999048] [0.0, 1.0, 0.0] [-0.999048, 0.0, -0.0436193] [4163.62, 0.0126953, 10727.3]]
		objLayer:i = 3
		props {

		}
	}
}
objLayers {
	layer {
		enabled:b = true
	}
	layer {
		enabled:b = true
	}
	layer {
		enabled:b = true
	}
	layer {
		enabled:b = true
	}
}
wayPoints {

}