selected_tag:t = ""
bin_dump_file:t = ""
mission_settings {
	player {
		army:i = 1
	}
	player_teamB {
		army:i = 2
	}
	mission {
		level:t = "levels/water.bin"
		type:t = "singleMission"
		environment:t = "Day"
		weather:t = "clear"
		restoreType:t = "attempts"
		optionalTakeOff:b = false
	}
	spectator_points {

	}
}
imports {

}
triggers {
	isCategory:b = true
	is_enabled:b = true
}
mission_objectives {
	isCategory:b = true
	is_enabled:b = true
}
variables {

}
dialogs {

}
airfields {

}
effects {

}
units {
	tankModels {
		name:t = "ft_t2_airfield_big_aaa_01_01"
		tm:m = [[-0.130526, 0.0, 0.991445] [0.0, 1.0, 0.0] [-0.991445, 0.0, -0.130526] [-71953.0, -2.79932, -21775.9]]
		unit_class:t = "fr_amx_30_roland"
		objLayer:i = 1
		closed_waypoints:b = false
		isShipSpline:b = false
		shipTurnRadius:r = 100
		weapons:t = ""
		bullets0:t = ""
		bullets1:t = ""
		bullets2:t = ""
		bullets3:t = ""
		bulletsCount0:i = 0
		bulletsCount1:i = 0
		bulletsCount2:i = 0
		bulletsCount3:i = 0
		crewSkillK:r = 0
		applyAllMods:b = false
		props {
			army:i = 2
			count:i = 4
			formation_type:t = "rows"
			formation_div:i = 3
			formation_step:p2 = 2.5, 2
			formation_noise:p2 = 0.1, 0.1
			uniqueName:t = ""
			attack_type:t = "fire_at_will"
			isDelayed:b = true
		}
		way {

		}
	}
	tankModels {
		name:t = "ft_t2_airfield_medium_aaa_01_01"
		tm:m = [[-0.130526, 0.0, 0.991445] [0.0, 1.0, 0.0] [-0.991445, 0.0, -0.130526] [-71853.4, -2.7998, -22644.0]]
		unit_class:t = "jp_type_87"
		objLayer:i = 1
		closed_waypoints:b = false
		isShipSpline:b = false
		shipTurnRadius:r = 100
		weapons:t = ""
		bullets0:t = ""
		bullets1:t = ""
		bullets2:t = ""
		bullets3:t = ""
		bulletsCount0:i = 0
		bulletsCount1:i = 0
		bulletsCount2:i = 0
		bulletsCount3:i = 0
		crewSkillK:r = 0
		applyAllMods:b = false
		props {
			army:i = 2
			count:i = 6
			formation_type:t = "rows"
			formation_div:i = 3
			formation_step:p2 = 2.5, 2
			formation_noise:p2 = 0.1, 0.1
			uniqueName:t = ""
			attack_type:t = "fire_at_will"
			isDelayed:b = true
		}
		way {

		}
	}
	squad {
		name:t = "ft_t2_airfield_01_01_aaa_squad"
		tm:m = [[4.1677e-22, 0.0, -3.19799e-22] [-0.0, 0.0, 0.0] [3.77994e-22, 0.0, 4.9764e-23] [-70526.7, 0.978027, -27933.8]]
		props {
			squad_members:t = "ft_t2_airfield_medium_aaa_01_01"
			squad_members:t = "ft_t2_airfield_big_aaa_01_01"
			object_marking:i = 0
		}
	}
	squad {
		name:t = "ft_t2_big_aaa_squad"
		tm:m = [[-0.130526, 0.0, 0.991445] [0.0, 1.0, 0.0] [-0.991445, 0.0, -0.130526] [-77018.9, 2.05176, -18674.1]]
		props {
			squad_members:t = "ft_t2_airfield_big_aaa_01_01"
			squad_members:t = "ft_t2_airfield_big_aaa_01_02"
			squad_members:t = "ft_t2_airfield_big_aaa_01_03"
			squad_members:t = "ft_t2_airfield_big_aaa_02_01"
			squad_members:t = "ft_t2_airfield_big_aaa_02_02"
			squad_members:t = "ft_t2_airfield_big_aaa_02_03"
			squad_members:t = "ft_t2_airfield_big_aaa_03_01"
			squad_members:t = "ft_t2_airfield_big_aaa_03_02"
			squad_members:t = "ft_t2_airfield_big_aaa_03_03"
			object_marking:i = 0
		}
	}
	squad {
		name:t = "ft_t2_aaa_squad"
		tm:m = [[32188900.0, 0.0, -24699400.0] [-0.0, 0.0, 0.0] [4119410000000000.0, 0.0, 542332000000000.0] [-86095.5, 0.991216, -19511.4]]
		props {
			squad_members:t = "ft_t2_medium_aaa_squad"
			squad_members:t = "ft_t2_big_aaa_squad"
			object_marking:i = 0
		}
	}
	squad {
		name:t = "ft_t2_airfield_02_01_aaa_squad"
		tm:m = [[4.41954e-5, 0.0, 4.41955e-5] [-0.0, 0.0, 0.0] [-8796090000000.0, 0.0, 4.04666e20] [-75445.3, -0.00195312, -28179.2]]
		props {
			squad_members:t = "ft_t2_airfield_medium_aaa_02_01"
			squad_members:t = "ft_t2_airfield_big_aaa_02_01"
			object_marking:i = 0
		}
	}
	squad {
		name:t = "ft_t2_medium_aaa_squad"
		tm:m = [[-0.130526, 0.0, 0.991445] [0.0, 1.0, 0.0] [-0.991445, 0.0, -0.130526] [-74587.0, 2.05176, -19116.3]]
		props {
			squad_members:t = "ft_t2_airfield_medium_aaa_01_01"
			squad_members:t = "ft_t2_airfield_medium_aaa_01_02"
			squad_members:t = "ft_t2_airfield_medium_aaa_01_03"
			squad_members:t = "ft_t2_airfield_medium_aaa_02_01"
			squad_members:t = "ft_t2_airfield_medium_aaa_02_02"
			squad_members:t = "ft_t2_airfield_medium_aaa_02_03"
			squad_members:t = "ft_t2_airfield_medium_aaa_03_01"
			squad_members:t = "ft_t2_airfield_medium_aaa_03_02"
			squad_members:t = "ft_t2_airfield_medium_aaa_03_03"
			object_marking:i = 0
		}
	}
	tankModels {
		name:t = "ft_t2_airfield_big_aaa_01_02"
		tm:m = [[-0.130526, 0.0, 0.991445] [0.0, 1.0, 0.0] [-0.991445, 0.0, -0.130526] [-72723.9, -2.79932, -21789.9]]
		unit_class:t = "us_adats_bradley"
		objLayer:i = 1
		closed_waypoints:b = false
		isShipSpline:b = false
		shipTurnRadius:r = 100
		weapons:t = ""
		bullets0:t = ""
		bullets1:t = ""
		bullets2:t = ""
		bullets3:t = ""
		bulletsCount0:i = 0
		bulletsCount1:i = 0
		bulletsCount2:i = 0
		bulletsCount3:i = 0
		crewSkillK:r = 0
		applyAllMods:b = false
		props {
			army:i = 2
			count:i = 4
			formation_type:t = "rows"
			formation_div:i = 3
			formation_step:p2 = 2.5, 2
			formation_noise:p2 = 0.1, 0.1
			uniqueName:t = ""
			attack_type:t = "fire_at_will"
			isDelayed:b = true
		}
		way {

		}
	}
	tankModels {
		name:t = "ft_t2_airfield_medium_aaa_01_02"
		tm:m = [[-0.130526, 0.0, 0.991445] [0.0, 1.0, 0.0] [-0.991445, 0.0, -0.130526] [-72624.3, -2.7998, -22658.0]]
		unit_class:t = "jp_type_87"
		objLayer:i = 1
		closed_waypoints:b = false
		isShipSpline:b = false
		shipTurnRadius:r = 100
		weapons:t = ""
		bullets0:t = ""
		bullets1:t = ""
		bullets2:t = ""
		bullets3:t = ""
		bulletsCount0:i = 0
		bulletsCount1:i = 0
		bulletsCount2:i = 0
		bulletsCount3:i = 0
		crewSkillK:r = 0
		applyAllMods:b = false
		props {
			army:i = 2
			count:i = 6
			formation_type:t = "rows"
			formation_div:i = 3
			formation_step:p2 = 2.5, 2
			formation_noise:p2 = 0.1, 0.1
			uniqueName:t = ""
			attack_type:t = "fire_at_will"
			isDelayed:b = true
		}
		way {

		}
	}
	tankModels {
		name:t = "ft_t2_airfield_big_aaa_01_03"
		tm:m = [[-0.130526, 0.0, 0.991445] [0.0, 1.0, 0.0] [-0.991445, 0.0, -0.130526] [-73682.4, -2.80029, -21796.2]]
		unit_class:t = "us_adats_bradley"
		objLayer:i = 1
		closed_waypoints:b = false
		isShipSpline:b = false
		shipTurnRadius:r = 100
		weapons:t = ""
		bullets0:t = ""
		bullets1:t = ""
		bullets2:t = ""
		bullets3:t = ""
		bulletsCount0:i = 0
		bulletsCount1:i = 0
		bulletsCount2:i = 0
		bulletsCount3:i = 0
		crewSkillK:r = 0
		applyAllMods:b = false
		props {
			army:i = 2
			count:i = 4
			formation_type:t = "rows"
			formation_div:i = 3
			formation_step:p2 = 2.5, 2
			formation_noise:p2 = 0.1, 0.1
			uniqueName:t = ""
			attack_type:t = "fire_at_will"
			isDelayed:b = true
		}
		way {

		}
	}
	tankModels {
		name:t = "ft_t2_airfield_medium_aaa_01_03"
		tm:m = [[-0.130526, 0.0, 0.991445] [0.0, 1.0, 0.0] [-0.991445, 0.0, -0.130526] [-73582.8, -2.80078, -22664.3]]
		unit_class:t = "jp_type_87"
		objLayer:i = 1
		closed_waypoints:b = false
		isShipSpline:b = false
		shipTurnRadius:r = 100
		weapons:t = ""
		bullets0:t = ""
		bullets1:t = ""
		bullets2:t = ""
		bullets3:t = ""
		bulletsCount0:i = 0
		bulletsCount1:i = 0
		bulletsCount2:i = 0
		bulletsCount3:i = 0
		crewSkillK:r = 0
		applyAllMods:b = false
		props {
			army:i = 2
			count:i = 6
			formation_type:t = "rows"
			formation_div:i = 3
			formation_step:p2 = 2.5, 2
			formation_noise:p2 = 0.1, 0.1
			uniqueName:t = ""
			attack_type:t = "fire_at_will"
			isDelayed:b = true
		}
		way {

		}
	}
	squad {
		name:t = "ft_t2_airfield_01_02_aaa_squad"
		tm:m = [[4.1677e-22, 0.0, -3.19799e-22] [-0.0, 0.0, 0.0] [3.77994e-22, 0.0, 4.9764e-23] [-71566.6, 0.979004, -27978.2]]
		props {
			squad_members:t = "ft_t2_airfield_medium_aaa_01_02"
			squad_members:t = "ft_t2_airfield_big_aaa_01_02"
			object_marking:i = 0
		}
	}
	squad {
		name:t = "ft_t2_airfield_01_03_aaa_squad"
		tm:m = [[4.1677e-22, 0.0, -3.19799e-22] [-0.0, 0.0, 0.0] [3.77994e-22, 0.0, 4.9764e-23] [-72822.6, 0.979492, -28082.0]]
		props {
			squad_members:t = "ft_t2_airfield_medium_aaa_01_03"
			squad_members:t = "ft_t2_airfield_big_aaa_01_03"
			object_marking:i = 0
		}
	}
	tankModels {
		name:t = "ft_t2_airfield_medium_aaa_02_01"
		tm:m = [[-0.130526, 0.0, 0.991445] [0.0, 1.0, 0.0] [-0.991445, 0.0, -0.130526] [-75400.4, -2.7998, -22902.8]]
		unit_class:t = "jp_type_87"
		objLayer:i = 1
		closed_waypoints:b = false
		isShipSpline:b = false
		shipTurnRadius:r = 100
		weapons:t = ""
		bullets0:t = ""
		bullets1:t = ""
		bullets2:t = ""
		bullets3:t = ""
		bulletsCount0:i = 0
		bulletsCount1:i = 0
		bulletsCount2:i = 0
		bulletsCount3:i = 0
		crewSkillK:r = 0
		applyAllMods:b = false
		props {
			army:i = 2
			count:i = 4
			formation_type:t = "rows"
			formation_div:i = 3
			formation_step:p2 = 2.5, 2
			formation_noise:p2 = 0.1, 0.1
			uniqueName:t = ""
			attack_type:t = "fire_at_will"
			isDelayed:b = true
		}
		way {

		}
	}
	tankModels {
		name:t = "ft_t2_airfield_big_aaa_02_01"
		tm:m = [[-0.130526, 0.0, 0.991445] [0.0, 1.0, 0.0] [-0.991445, 0.0, -0.130526] [-75295.8, -2.80078, -21924.6]]
		unit_class:t = "us_adats_bradley"
		objLayer:i = 1
		closed_waypoints:b = false
		isShipSpline:b = false
		shipTurnRadius:r = 100
		weapons:t = ""
		bullets0:t = ""
		bullets1:t = ""
		bullets2:t = ""
		bullets3:t = ""
		bulletsCount0:i = 0
		bulletsCount1:i = 0
		bulletsCount2:i = 0
		bulletsCount3:i = 0
		crewSkillK:r = 0
		applyAllMods:b = false
		props {
			army:i = 2
			count:i = 2
			formation_type:t = "rows"
			formation_div:i = 3
			formation_step:p2 = 2.5, 2
			formation_noise:p2 = 0.1, 0.1
			uniqueName:t = ""
			attack_type:t = "fire_at_will"
			isDelayed:b = true
		}
		way {

		}
	}
	tankModels {
		name:t = "ft_t2_airfield_medium_aaa_02_02"
		tm:m = [[-0.130526, 0.0, 0.991445] [0.0, 1.0, 0.0] [-0.991445, 0.0, -0.130526] [-76736.6, -2.79932, -23036.9]]
		unit_class:t = "jp_type_87"
		objLayer:i = 1
		closed_waypoints:b = false
		isShipSpline:b = false
		shipTurnRadius:r = 100
		weapons:t = ""
		bullets0:t = ""
		bullets1:t = ""
		bullets2:t = ""
		bullets3:t = ""
		bulletsCount0:i = 0
		bulletsCount1:i = 0
		bulletsCount2:i = 0
		bulletsCount3:i = 0
		crewSkillK:r = 0
		applyAllMods:b = false
		props {
			army:i = 2
			count:i = 4
			formation_type:t = "rows"
			formation_div:i = 3
			formation_step:p2 = 2.5, 2
			formation_noise:p2 = 0.1, 0.1
			uniqueName:t = ""
			attack_type:t = "fire_at_will"
			isDelayed:b = true
		}
		way {

		}
	}
	tankModels {
		name:t = "ft_t2_airfield_big_aaa_02_02"
		tm:m = [[-0.130526, 0.0, 0.991445] [0.0, 1.0, 0.0] [-0.991445, 0.0, -0.130526] [-76632.0, -2.80029, -22058.7]]
		unit_class:t = "us_adats_bradley"
		objLayer:i = 1
		closed_waypoints:b = false
		isShipSpline:b = false
		shipTurnRadius:r = 100
		weapons:t = ""
		bullets0:t = ""
		bullets1:t = ""
		bullets2:t = ""
		bullets3:t = ""
		bulletsCount0:i = 0
		bulletsCount1:i = 0
		bulletsCount2:i = 0
		bulletsCount3:i = 0
		crewSkillK:r = 0
		applyAllMods:b = false
		props {
			army:i = 2
			count:i = 2
			formation_type:t = "rows"
			formation_div:i = 3
			formation_step:p2 = 2.5, 2
			formation_noise:p2 = 0.1, 0.1
			uniqueName:t = ""
			attack_type:t = "fire_at_will"
			isDelayed:b = true
		}
		way {

		}
	}
	tankModels {
		name:t = "ft_t2_airfield_medium_aaa_02_03"
		tm:m = [[-0.130526, 0.0, 0.991445] [0.0, 1.0, 0.0] [-0.991445, 0.0, -0.130526] [-78366.0, -2.79932, -23193.9]]
		unit_class:t = "jp_type_87"
		objLayer:i = 1
		closed_waypoints:b = false
		isShipSpline:b = false
		shipTurnRadius:r = 100
		weapons:t = ""
		bullets0:t = ""
		bullets1:t = ""
		bullets2:t = ""
		bullets3:t = ""
		bulletsCount0:i = 0
		bulletsCount1:i = 0
		bulletsCount2:i = 0
		bulletsCount3:i = 0
		crewSkillK:r = 0
		applyAllMods:b = false
		props {
			army:i = 2
			count:i = 4
			formation_type:t = "rows"
			formation_div:i = 3
			formation_step:p2 = 2.5, 2
			formation_noise:p2 = 0.1, 0.1
			uniqueName:t = ""
			attack_type:t = "fire_at_will"
			isDelayed:b = true
		}
		way {

		}
	}
	tankModels {
		name:t = "ft_t2_airfield_big_aaa_02_03"
		tm:m = [[-0.130526, 0.0, 0.991445] [0.0, 1.0, 0.0] [-0.991445, 0.0, -0.130526] [-78261.4, -2.80029, -22215.7]]
		unit_class:t = "us_adats_bradley"
		objLayer:i = 1
		closed_waypoints:b = false
		isShipSpline:b = false
		shipTurnRadius:r = 100
		weapons:t = ""
		bullets0:t = ""
		bullets1:t = ""
		bullets2:t = ""
		bullets3:t = ""
		bulletsCount0:i = 0
		bulletsCount1:i = 0
		bulletsCount2:i = 0
		bulletsCount3:i = 0
		crewSkillK:r = 0
		applyAllMods:b = false
		props {
			army:i = 2
			count:i = 2
			formation_type:t = "rows"
			formation_div:i = 3
			formation_step:p2 = 2.5, 2
			formation_noise:p2 = 0.1, 0.1
			uniqueName:t = ""
			attack_type:t = "fire_at_will"
			isDelayed:b = true
		}
		way {

		}
	}
	squad {
		name:t = "ft_t2_airfield_02_02_aaa_squad"
		tm:m = [[4.41954e-5, 0.0, 4.41955e-5] [-0.0, 0.0, 0.0] [-8796090000000.0, 0.0, 4.04666e20] [-77479.1, -0.00146484, -28562.3]]
		props {
			squad_members:t = "ft_t2_airfield_medium_aaa_02_02"
			squad_members:t = "ft_t2_airfield_big_aaa_02_02"
			object_marking:i = 0
		}
	}
	squad {
		name:t = "ft_t2_airfield_02_03_aaa_squad"
		tm:m = [[4.41954e-5, 0.0, 4.41955e-5] [-0.0, 0.0, 0.0] [-8796090000000.0, 0.0, 4.04666e20] [-79751.0, -0.00146484, -28857.2]]
		props {
			squad_members:t = "ft_t2_airfield_medium_aaa_02_03"
			squad_members:t = "ft_t2_airfield_big_aaa_02_03"
			object_marking:i = 0
		}
	}
	tankModels {
		name:t = "ft_t2_airfield_medium_aaa_03_01"
		tm:m = [[-0.130526, 0.0, 0.991445] [0.0, 1.0, 0.0] [-0.991445, 0.0, -0.130526] [-81607.5, -2.79834, -23666.6]]
		unit_class:t = "jp_type_87"
		objLayer:i = 1
		closed_waypoints:b = false
		isShipSpline:b = false
		shipTurnRadius:r = 100
		weapons:t = ""
		bullets0:t = ""
		bullets1:t = ""
		bullets2:t = ""
		bullets3:t = ""
		bulletsCount0:i = 0
		bulletsCount1:i = 0
		bulletsCount2:i = 0
		bulletsCount3:i = 0
		crewSkillK:r = 0
		applyAllMods:b = false
		props {
			army:i = 2
			count:i = 2
			formation_type:t = "rows"
			formation_div:i = 3
			formation_step:p2 = 2.5, 2
			formation_noise:p2 = 0.1, 0.1
			uniqueName:t = ""
			attack_type:t = "fire_at_will"
			isDelayed:b = true
		}
		way {

		}
	}
	tankModels {
		name:t = "ft_t2_airfield_big_aaa_03_01"
		tm:m = [[-0.130526, 0.0, 0.991445] [0.0, 1.0, 0.0] [-0.991445, 0.0, -0.130526] [-81462.5, -2.7998, -22582.0]]
		unit_class:t = "us_adats_bradley"
		objLayer:i = 1
		closed_waypoints:b = false
		isShipSpline:b = false
		shipTurnRadius:r = 100
		weapons:t = ""
		bullets0:t = ""
		bullets1:t = ""
		bullets2:t = ""
		bullets3:t = ""
		bulletsCount0:i = 0
		bulletsCount1:i = 0
		bulletsCount2:i = 0
		bulletsCount3:i = 0
		crewSkillK:r = 0
		applyAllMods:b = false
		props {
			army:i = 2
			count:i = 2
			formation_type:t = "rows"
			formation_div:i = 3
			formation_step:p2 = 2.5, 2
			formation_noise:p2 = 0.1, 0.1
			uniqueName:t = ""
			attack_type:t = "fire_at_will"
			isDelayed:b = true
		}
		way {

		}
	}
	squad {
		name:t = "ft_t2_airfield_03_01_aaa_squad"
		tm:m = [[4.41954e-5, 0.0, 4.41955e-5] [-0.0, 0.0, 0.0] [-8796090000000.0, 0.0, 4.04666e20] [-83532.0, -0.00341797, -28956.1]]
		props {
			squad_members:t = "ft_t2_airfield_medium_aaa_03_01"
			squad_members:t = "ft_t2_airfield_big_aaa_03_01"
			object_marking:i = 0
		}
	}
	tankModels {
		name:t = "ft_t2_airfield_medium_aaa_03_02"
		tm:m = [[-0.130526, 0.0, 0.991445] [0.0, 1.0, 0.0] [-0.991445, 0.0, -0.130526] [-84010.5, -2.79883, -24107.2]]
		unit_class:t = "jp_type_87"
		objLayer:i = 1
		closed_waypoints:b = false
		isShipSpline:b = false
		shipTurnRadius:r = 100
		weapons:t = ""
		bullets0:t = ""
		bullets1:t = ""
		bullets2:t = ""
		bullets3:t = ""
		bulletsCount0:i = 0
		bulletsCount1:i = 0
		bulletsCount2:i = 0
		bulletsCount3:i = 0
		crewSkillK:r = 0
		applyAllMods:b = false
		props {
			army:i = 2
			count:i = 2
			formation_type:t = "rows"
			formation_div:i = 3
			formation_step:p2 = 2.5, 2
			formation_noise:p2 = 0.1, 0.1
			uniqueName:t = ""
			attack_type:t = "fire_at_will"
			isDelayed:b = true
		}
		way {

		}
	}
	tankModels {
		name:t = "ft_t2_airfield_big_aaa_03_02"
		tm:m = [[-0.130526, 0.0, 0.991445] [0.0, 1.0, 0.0] [-0.991445, 0.0, -0.130526] [-83865.4, -2.80029, -23022.6]]
		unit_class:t = "us_adats_bradley"
		objLayer:i = 1
		closed_waypoints:b = false
		isShipSpline:b = false
		shipTurnRadius:r = 100
		weapons:t = ""
		bullets0:t = ""
		bullets1:t = ""
		bullets2:t = ""
		bullets3:t = ""
		bulletsCount0:i = 0
		bulletsCount1:i = 0
		bulletsCount2:i = 0
		bulletsCount3:i = 0
		crewSkillK:r = 0
		applyAllMods:b = false
		props {
			army:i = 2
			count:i = 2
			formation_type:t = "rows"
			formation_div:i = 3
			formation_step:p2 = 2.5, 2
			formation_noise:p2 = 0.1, 0.1
			uniqueName:t = ""
			attack_type:t = "fire_at_will"
			isDelayed:b = true
		}
		way {

		}
	}
	tankModels {
		name:t = "ft_t2_airfield_medium_aaa_03_03"
		tm:m = [[-0.130526, 0.0, 0.991445] [0.0, 1.0, 0.0] [-0.991445, 0.0, -0.130526] [-87060.2, -2.79785, -24745.1]]
		unit_class:t = "jp_type_87"
		objLayer:i = 1
		closed_waypoints:b = false
		isShipSpline:b = false
		shipTurnRadius:r = 100
		weapons:t = ""
		bullets0:t = ""
		bullets1:t = ""
		bullets2:t = ""
		bullets3:t = ""
		bulletsCount0:i = 0
		bulletsCount1:i = 0
		bulletsCount2:i = 0
		bulletsCount3:i = 0
		crewSkillK:r = 0
		applyAllMods:b = false
		props {
			army:i = 2
			count:i = 2
			formation_type:t = "rows"
			formation_div:i = 3
			formation_step:p2 = 2.5, 2
			formation_noise:p2 = 0.1, 0.1
			uniqueName:t = ""
			attack_type:t = "fire_at_will"
			isDelayed:b = true
		}
		way {

		}
	}
	tankModels {
		name:t = "ft_t2_airfield_big_aaa_03_03"
		tm:m = [[-0.130526, 0.0, 0.991445] [0.0, 1.0, 0.0] [-0.991445, 0.0, -0.130526] [-86915.2, -2.79932, -23660.5]]
		unit_class:t = "us_adats_bradley"
		objLayer:i = 1
		closed_waypoints:b = false
		isShipSpline:b = false
		shipTurnRadius:r = 100
		weapons:t = ""
		bullets0:t = ""
		bullets1:t = ""
		bullets2:t = ""
		bullets3:t = ""
		bulletsCount0:i = 0
		bulletsCount1:i = 0
		bulletsCount2:i = 0
		bulletsCount3:i = 0
		crewSkillK:r = 0
		applyAllMods:b = false
		props {
			army:i = 2
			count:i = 2
			formation_type:t = "rows"
			formation_div:i = 3
			formation_step:p2 = 2.5, 2
			formation_noise:p2 = 0.1, 0.1
			uniqueName:t = ""
			attack_type:t = "fire_at_will"
			isDelayed:b = true
		}
		way {

		}
	}
	squad {
		name:t = "ft_t2_airfield_03_02_aaa_squad"
		tm:m = [[4.41954e-5, 0.0, 4.41955e-5] [-0.0, 0.0, 0.0] [-8796090000000.0, 0.0, 4.04666e20] [-86558.1, -0.00537109, -29727.4]]
		props {
			squad_members:t = "ft_t2_airfield_medium_aaa_03_02"
			squad_members:t = "ft_t2_airfield_big_aaa_03_02"
			object_marking:i = 0
		}
	}
	squad {
		name:t = "ft_t2_airfield_03_03_aaa_squad"
		tm:m = [[4.41954e-5, 0.0, 4.41955e-5] [-0.0, 0.0, 0.0] [-8796090000000.0, 0.0, 4.04666e20] [-89971.5, -0.00537109, -30247.6]]
		props {
			squad_members:t = "ft_t2_airfield_medium_aaa_03_03"
			squad_members:t = "ft_t2_airfield_big_aaa_03_03"
			object_marking:i = 0
		}
	}
}
areas {

}
objLayers {
	layer {
		enabled:b = true
	}
	layer {
		enabled:b = true
	}
	layer {
		enabled:b = true
	}
	layer {
		enabled:b = true
	}
	layer {
		enabled:b = true
	}
}
wayPoints {

}