selected_tag:t = ""
bin_dump_file:t = ""
mission_settings {
	player {
		army:i = 1
		wing:t = "t1_player01"
		wing:t = "t1_player02"
		wing:t = "t1_player03"
		wing:t = "t1_player04"
		wing:t = "t1_player05"
		wing:t = "t1_player06"
		wing:t = "t1_player07"
		wing:t = "t1_player08"
		wing:t = "t1_player09"
		wing:t = "t1_player10"
		wing:t = "t1_player11"
		wing:t = "t1_player12"
		wing:t = "t1_player13"
		wing:t = "t1_player14"
		wing:t = "t1_player15"
		wing:t = "t1_player16"
		wing:t = "t1_player17"
		wing:t = "t1_player18"
		wing:t = "t1_player19"
		wing:t = "t1_player20"
		wing:t = "t1_player21"
		wing:t = "t1_player22"
		wing:t = "t1_player23"
		wing:t = "t1_player24"
		wing:t = "t1_player25"
		wing:t = "t1_player26"
		wing:t = "t1_player27"
		wing:t = "t1_player28"
		wing:t = "t1_player29"
		wing:t = "t1_player30"
		wing:t = "t1_player31"
		wing:t = "t1_player32"
	}
	player_teamB {
		army:i = 2
		wing:t = "t2_player01"
		wing:t = "t2_player02"
		wing:t = "t2_player03"
		wing:t = "t2_player04"
		wing:t = "t2_player05"
		wing:t = "t2_player06"
		wing:t = "t2_player07"
		wing:t = "t2_player08"
		wing:t = "t2_player09"
		wing:t = "t2_player10"
		wing:t = "t2_player11"
		wing:t = "t2_player12"
		wing:t = "t2_player13"
		wing:t = "t2_player14"
		wing:t = "t2_player15"
		wing:t = "t2_player16"
		wing:t = "t2_player17"
		wing:t = "t2_player18"
		wing:t = "t2_player19"
		wing:t = "t2_player20"
		wing:t = "t2_player21"
		wing:t = "t2_player22"
		wing:t = "t2_player23"
		wing:t = "t2_player24"
		wing:t = "t2_player25"
		wing:t = "t2_player26"
		wing:t = "t2_player27"
		wing:t = "t2_player28"
		wing:t = "t2_player29"
		wing:t = "t2_player30"
		wing:t = "t2_player31"
		wing:t = "t2_player32"
		wing:t = "t2_player33"
	}
	mission {
		level:t = "levels/avg_eastern_europe.bin"
		type:t = "domination"
		environment:t = "Day"
		weather:t = "hazy"
		locName:t = "missions/_Bttl;european_province/name"
		locDesc:t = "european_province/desc;missions/_Bttl/desc"
		scoreLimit:i = 6000
		timeLimit:i = 25
		deathPenaltyMul:r = 1
		postfix:t = "_Bttl"
		ctaCaptureZoneEqualPenaltyMul:r = 0.5
		allowedKillStreaks:b = true
		randomSpawnTeams:b = true
		battleAreaColorPreset:t = "battleArea"
		showTacticalMapCellSize:b = true
		country_axis:t = "germany"
		country_allies:t = "ussr"
		restoreType:t = "attempts"
		optionalTakeOff:b = false
		allowedUnitTypes {
			isAirplanesAllowed:b = true
			isTanksAllowed:b = true
			isShipsAllowed:b = false
			isHelicoptersAllowed:b = true
		}
	}
	spectator_points {

	}
	briefing {
		place_loc:t = ""
		date_loc:t = ""
		objective_loc:t = ""
		music:t = "action_01"
		part {
			event:t = ""
			minTime:i = 0
			slide {
				difficulty:t = "arcade"
				map:b = true
				minTime:i = 4
				picture:t = ""
				showAirMap:b = false
				icon {
					icontype:t = "tank"
					side:t = "ally"
					target:t = "briefing_bttl_t1_spawn_02_arcade"
				}
				icon {
					icontype:t = "tank"
					side:t = "ally"
					target:t = "briefing_bttl_t1_spawn_01_arcade"
				}
				icon {
					icontype:t = "tank"
					side:t = "enemy"
					target:t = "briefing_bttl_t2_spawn_02_arcade"
				}
				icon {
					icontype:t = "tank"
					side:t = "enemy"
					target:t = "briefing_bttl_t2_spawn_01_arcade"
				}
				icon {
					icontype:t = "basezone_A"
					side:t = "ally"
					target:t = "briefing_bttl_t1_capture_area_arcade"
				}
				icon {
					icontype:t = "basezone_B"
					side:t = "enemy"
					target:t = "briefing_bttl_t2_capture_area_arcade"
				}
			}
			slide {
				difficulty:t = "realistic"
				map:b = true
				minTime:i = 4
				picture:t = ""
				showAirMap:b = false
				icon {
					icontype:t = "tank"
					side:t = "ally"
					target:t = "briefing_bttl_t1_spawn_01_arcade"
				}
				icon {
					icontype:t = "tank"
					side:t = "ally"
					target:t = "briefing_bttl_t1_spawn_02_arcade"
				}
				icon {
					icontype:t = "tank"
					side:t = "enemy"
					target:t = "briefing_bttl_t2_spawn_01_arcade"
				}
				icon {
					icontype:t = "tank"
					side:t = "enemy"
					target:t = "briefing_bttl_t2_spawn_02_arcade"
				}
				icon {
					icontype:t = "basezone_A"
					side:t = "ally"
					target:t = "briefing_bttl_t1_capture_area_arcade"
				}
				icon {
					icontype:t = "basezone_B"
					side:t = "enemy"
					target:t = "briefing_bttl_t2_capture_area_arcade"
				}
			}
			slide {
				difficulty:t = "hardcore"
				map:b = true
				minTime:i = 4
				picture:t = ""
				showAirMap:b = false
				icon {
					icontype:t = "tank"
					side:t = "ally"
					target:t = "briefing_bttl_t1_spawn_01_hardcore"
				}
				icon {
					icontype:t = "tank"
					side:t = "ally"
					target:t = "briefing_bttl_t1_spawn_02_hardcore"
				}
				icon {
					icontype:t = "tank"
					side:t = "enemy"
					target:t = "briefing_bttl_t2_spawn_01_hardcore"
				}
				icon {
					icontype:t = "tank"
					side:t = "enemy"
					target:t = "briefing_bttl_t2_spawn_02_hardcore"
				}
				icon {
					icontype:t = "basezone_A"
					side:t = "ally"
					target:t = "briefing_bttl_t1_capture_area_hardcore"
				}
				icon {
					icontype:t = "basezone_B"
					side:t = "enemy"
					target:t = "briefing_bttl_t2_capture_area_hardcore"
				}
			}
		}
	}
}
imports {
	import_record {
		file:t = "gameData/missions/templates/tank_templates/tank_base_logic_template.blk"
		importAreas:b = true
		importUnits:b = true
		importTriggers:b = true
		importMissionObjectives:b = true
		importWayPoints:b = true
		importDialogs:b = true
		showAreas:b = true
		showUnits:b = true
		showTriggers:b = true
		showMissionObjectives:b = true
		showWayPoints:b = true
		showDialogs:b = true
		excludes {

		}
	}
	import_record {
		file:t = "gameData/missions/templates/tank_templates/bttl_template.blk"
		importAreas:b = true
		importUnits:b = true
		importTriggers:b = true
		importMissionObjectives:b = true
		importWayPoints:b = true
		importDialogs:b = true
		showAreas:b = true
		showUnits:b = true
		showTriggers:b = true
		showMissionObjectives:b = true
		showWayPoints:b = true
		showDialogs:b = true
		excludes {

		}
	}
	import_record {
		file:t = "gameData/missions/cta/tanks/eastern_europe_province/template_european_province_air_spawn.blk"
		importAreas:b = true
		importUnits:b = true
		importTriggers:b = true
		importMissionObjectives:b = true
		importWayPoints:b = true
		importDialogs:b = true
		showAreas:b = true
		showUnits:b = true
		showTriggers:b = true
		showMissionObjectives:b = true
		showWayPoints:b = true
		showDialogs:b = true
		excludes {

		}
	}
	import_record {
		file:t = "gameData/missions/cta/tanks/eastern_europe_province/battleareas/template_european_province_bttl_battleareas_hardcore.blk"
		importAreas:b = true
		importUnits:b = true
		importTriggers:b = true
		importMissionObjectives:b = true
		importWayPoints:b = true
		importDialogs:b = true
		showAreas:b = true
		showUnits:b = true
		showTriggers:b = true
		showMissionObjectives:b = true
		showWayPoints:b = true
		showDialogs:b = true
		excludes {

		}
	}
	import_record {
		file:t = "gameData/missions/cta/tanks/eastern_europe_province/battleareas/template_european_province_bttl_battleareas.blk"
		importAreas:b = true
		importUnits:b = true
		importTriggers:b = true
		importMissionObjectives:b = true
		importWayPoints:b = true
		importDialogs:b = true
		showAreas:b = true
		showUnits:b = true
		showTriggers:b = true
		showMissionObjectives:b = true
		showWayPoints:b = true
		showDialogs:b = true
		excludes {

		}
	}
	import_record {
		file:t = "gameData/missions/cta/tanks/eastern_europe/objects/template_eastern_europe_bridges.blk"
		importAreas:b = true
		importUnits:b = true
		importTriggers:b = true
		importMissionObjectives:b = true
		importWayPoints:b = true
		importDialogs:b = true
		showAreas:b = true
		showUnits:b = true
		showTriggers:b = true
		showMissionObjectives:b = true
		showWayPoints:b = true
		showDialogs:b = true
		excludes {

		}
	}
}
triggers {
	isCategory:b = true
	is_enabled:b = true
}
mission_objectives {
	isCategory:b = true
	is_enabled:b = true
}
variables {

}
dialogs {

}
airfields {

}
effects {

}
units {
	armada {
		name:t = "t1_player01"
		tm:m = [[1.0, 0.0, 0.0] [0.0, 1.0, 0.0] [0.0, 0.0, 1.0] [1813.3, 14.3497, 1123.0]]
		unit_class:t = "a-20g"
		objLayer:i = 1
		closed_waypoints:b = false
		isShipSpline:b = false
		shipTurnRadius:r = 100
		weapons:t = ""
		bullets0:t = ""
		bullets1:t = ""
		bullets2:t = ""
		bullets3:t = ""
		bulletsCount0:i = 0
		bulletsCount1:i = 0
		bulletsCount2:i = 0
		bulletsCount3:i = 0
		crewSkillK:r = 0
		applyAllMods:b = false
		props {
			army:i = 2
			count:i = 1
			free_distance:r = 70
			floating_distance:r = 50
			minimum_distance_to_earth:r = 20
			altLimit:r = 6000
			attack_type:t = "fire_at_will"
			skill:i = 4
			plane {
				wing_formation:t = "Diamond"
				row_distances:r = 3
				col_distances:r = 3
				super_formation:t = "Diamond"
				super_row_distances:r = 1.5
				super_col_distances:r = 1.5
				ai_skill:t = "NORMAL"
				task:t = "FLY_WAYPOINT"
			}
		}
		way {

		}
	}
}
areas {
	briefing_bttl_t2_spawn_01_arcade {
		type:t = "Point"
		tm:m = [[0.835777, 0.0, -0.549069] [0.0, 1.0, 0.0] [0.549069, 0.0, 0.835777] [3217.3, 18.8181, 710.0]]
		objLayer:i = 0
		props {

		}
	}
	briefing_bttl_t1_spawn_01_arcade {
		type:t = "Point"
		tm:m = [[0.835777, 0.0, -0.549069] [0.0, 1.0, 0.0] [0.549069, 0.0, 0.835777] [829.0, 16.8735, 2943.4]]
		objLayer:i = 0
		props {

		}
	}
	briefing_bttl_t2_capture_area_arcade {
		type:t = "Point"
		tm:m = [[-0.685859, 0.0, -0.727735] [0.0, 1.0, 0.0] [0.727735, 0.0, -0.685859] [3064.45, 28.6672, 1598.72]]
		objLayer:i = 0
		props {

		}
	}
	briefing_bttl_t1_capture_area_arcade {
		type:t = "Point"
		tm:m = [[0.716949, 0.0, 0.697125] [0.0, 1.0, 0.0] [-0.697125, 0.0, 0.716949] [1392.79, 19.1259, 1740.46]]
		objLayer:i = 0
		props {

		}
	}
	briefing_bttl_t2_spawn_01_hardcore {
		type:t = "Point"
		tm:m = [[0.835777, 0.0, -0.549069] [0.0, 1.0, 0.0] [0.549069, 0.0, 0.835777] [3217.33, 17.9766, 710.025]]
		objLayer:i = 0
		props {

		}
	}
	briefing_bttl_t2_spawn_02_hardcore {
		type:t = "Point"
		tm:m = [[0.835777, 0.0, -0.549069] [0.0, 1.0, 0.0] [0.549069, 0.0, 0.835777] [2845.32, 20.5034, 541.451]]
		objLayer:i = 0
		props {

		}
	}
	briefing_bttl_t1_spawn_01_hardcore {
		type:t = "Point"
		tm:m = [[0.835777, 0.0, -0.549069] [0.0, 1.0, 0.0] [0.549069, 0.0, 0.835777] [595.722, 20.9657, 2677.3]]
		objLayer:i = 0
		props {

		}
	}
	briefing_bttl_t1_spawn_02_hardcore {
		type:t = "Point"
		tm:m = [[0.835777, 0.0, -0.549069] [0.0, 1.0, 0.0] [0.549069, 0.0, 0.835777] [829.141, 20.5106, 2943.37]]
		objLayer:i = 0
		props {

		}
	}
	briefing_bttl_t1_capture_area_hardcore {
		type:t = "Point"
		tm:m = [[0.716949, 0.0, 0.697125] [0.0, 1.0, 0.0] [-0.697125, 0.0, 0.716949] [1392.86, 19.1262, 1740.3]]
		objLayer:i = 0
		props {

		}
	}
	briefing_bttl_t2_capture_area_hardcore {
		type:t = "Point"
		tm:m = [[0.835777, 0.0, -0.549069] [0.0, 1.0, 0.0] [0.549069, 0.0, 0.835777] [3064.8, 28.6679, 1597.72]]
		objLayer:i = 0
		props {

		}
	}
	briefing_bttl_t2_spawn_02_arcade {
		type:t = "Point"
		tm:m = [[0.835777, 0.0, -0.549069] [0.0, 1.0, 0.0] [0.549069, 0.0, 0.835777] [2848.9, 18.8, 542.0]]
		objLayer:i = 0
		props {

		}
	}
	briefing_bttl_t1_spawn_02_arcade {
		type:t = "Point"
		tm:m = [[0.835777, 0.0, -0.549069] [0.0, 1.0, 0.0] [0.549069, 0.0, 0.835777] [596.0, 16.85, 2677.3]]
		objLayer:i = 0
		props {

		}
	}
}
objLayers {
	layer {
		enabled:b = false
	}
	layer {
		enabled:b = true
	}
	layer {
		enabled:b = true
	}
	layer {
		enabled:b = true
	}
	layer {
		enabled:b = true
	}
}
wayPoints {

}