selected_tag:t = ""
bin_dump_file:t = ""
mission_settings {
	player {
		army:i = 1
	}
	player_teamB {
		army:i = 2
	}
	mission {
		type:t = "domination"
		level:t = "levels/air_south_eastern_city.bin"
		environment:t = "Day"
		weather:t = "hazy"
	}
}
imports {
	import_record {
		file:t = "gameData/missions/templates/units_sets/land_sets_mu_rb/rank_01_movable_units_template.blk"
		rankRange:ip2 = 0, 4
		importAreas:b = true
		importUnits:b = true
		importTriggers:b = true
		importMissionObjectives:b = true
		importWayPoints:b = true
		importDialogs:b = true
		showAreas:b = true
		showUnits:b = true
		showTriggers:b = true
		showMissionObjectives:b = true
		showWayPoints:b = true
		showDialogs:b = true
		excludes {

		}
	}
	import_record {
		file:t = "gameData/missions/templates/units_sets/land_sets_mu_rb/rank_02_movable_units_template.blk"
		rankRange:ip2 = 5, 8
		importAreas:b = true
		importUnits:b = true
		importTriggers:b = true
		importMissionObjectives:b = true
		importWayPoints:b = true
		importDialogs:b = true
		showAreas:b = true
		showUnits:b = true
		showTriggers:b = true
		showMissionObjectives:b = true
		showWayPoints:b = true
		showDialogs:b = true
		excludes {

		}
	}
	import_record {
		file:t = "gameData/missions/templates/units_sets/land_sets_mu_rb/rank_03_movable_units_template.blk"
		rankRange:ip2 = 9, 13
		importAreas:b = true
		importUnits:b = true
		importTriggers:b = true
		importMissionObjectives:b = true
		importWayPoints:b = true
		importDialogs:b = true
		showAreas:b = true
		showUnits:b = true
		showTriggers:b = true
		showMissionObjectives:b = true
		showWayPoints:b = true
		showDialogs:b = true
		excludes {

		}
	}
	import_record {
		file:t = "gameData/missions/templates/units_sets/land_sets_mu_rb/rank_04_movable_units_template.blk"
		rankRange:ip2 = 14, 19
		importAreas:b = true
		importUnits:b = true
		importTriggers:b = true
		importMissionObjectives:b = true
		importWayPoints:b = true
		importDialogs:b = true
		showAreas:b = true
		showUnits:b = true
		showTriggers:b = true
		showMissionObjectives:b = true
		showWayPoints:b = true
		showDialogs:b = true
		excludes {

		}
	}
	import_record {
		file:t = "gameData/missions/templates/units_sets/land_sets_mu_rb/rank_05_movable_units_template.blk"
		rankRange:ip2 = 20, 24
		importAreas:b = true
		importUnits:b = true
		importTriggers:b = true
		importMissionObjectives:b = true
		importWayPoints:b = true
		importDialogs:b = true
		showAreas:b = true
		showUnits:b = true
		showTriggers:b = true
		showMissionObjectives:b = true
		showWayPoints:b = true
		showDialogs:b = true
		excludes {

		}
	}
	import_record {
		file:t = "gameData/missions/templates/units_sets/land_sets_mu_rb/rank_06_movable_units_template.blk"
		rankRange:ip2 = 25, 50
		importAreas:b = true
		importUnits:b = true
		importTriggers:b = true
		importMissionObjectives:b = true
		importWayPoints:b = true
		importDialogs:b = true
		showAreas:b = true
		showUnits:b = true
		showTriggers:b = true
		showMissionObjectives:b = true
		showWayPoints:b = true
		showDialogs:b = true
		excludes {

		}
	}
	import_record {
		file:t = "gameData/missions/templates/air_templates/mu_movable_units_template.blk"
		importAreas:b = true
		importUnits:b = true
		importTriggers:b = true
		importMissionObjectives:b = true
		importWayPoints:b = true
		importDialogs:b = true
		showAreas:b = true
		showUnits:b = true
		showTriggers:b = true
		showMissionObjectives:b = true
		showWayPoints:b = true
		showDialogs:b = true
		excludes {

		}
	}
}
triggers {
	isCategory:b = true
	is_enabled:b = true
	mu_movable_units_init {
		is_enabled:b = true
		comments:t = ""
		props {
			actionsType:t = "PERFORM_ONE_BY_ONE"
			conditionsType:t = "ALL"
			enableAfterComplete:b = false
		}
		events {
			initMission {

			}
		}
		conditions {

		}
		actions {
			unitSetIndication {
				set:b = true
				target:t = "t1_movable_units_squad"
				target:t = "t2_movable_units_squad"
				target_marking:i = 0
				object_var_name:t = ""
				object_var_comp_op:t = "equal"
				object_var_value:i = 0
			}
		}
		else_actions {

		}
	}
}
mission_objectives {
	isCategory:b = true
	is_enabled:b = true
}
variables {

}
dialogs {

}
airfields {

}
effects {

}
units {
	squad {
		name:t = "t1_heavy_units_squad"
		tm:m = [[1.0, 0.0, 0.0] [0.0, 1.0, 0.0] [0.0, 0.0, 1.0] [7872.7, 520.276, -19254.2]]
		props {
			squad_members:t = "t1_tank_01"
			squad_members:t = "t1_acar_01"
			squad_members:t = "t1_tank_02"
			squad_members:t = "t1_acar_02"
			squad_members:t = "t1_tank_03"
			squad_members:t = "t1_acar_03"
			squad_members:t = "t1_tank_04"
			squad_members:t = "t1_acar_04"
		}
	}
	squad {
		name:t = "t2_heavy_units_squad"
		tm:m = [[1.0, 0.0, 0.0] [0.0, 1.0, 0.0] [0.0, 0.0, 1.0] [19310.1, 520.276, -13575.1]]
		props {
			squad_members:t = "t2_tank_01"
			squad_members:t = "t2_acar_01"
			squad_members:t = "t2_tank_02"
			squad_members:t = "t2_acar_02"
			squad_members:t = "t2_tank_03"
			squad_members:t = "t2_acar_03"
			squad_members:t = "t2_tank_04"
			squad_members:t = "t2_acar_04"
		}
	}
	squad {
		name:t = "t1_light_units_squad"
		tm:m = [[1.0, 0.0, 0.0] [0.0, 1.0, 0.0] [0.0, 0.0, 1.0] [7161.89, 518.144, -19531.0]]
		props {
			squad_members:t = "t1_truck_01"
			squad_members:t = "t1_truck_02"
			squad_members:t = "t1_truck_03"
			squad_members:t = "t1_truck_04"
		}
	}
	squad {
		name:t = "t2_light_units_squad"
		tm:m = [[1.0, 0.0, 0.0] [0.0, 1.0, 0.0] [0.0, 0.0, 1.0] [20166.9, 518.142, -14074.8]]
		props {
			squad_members:t = "t2_truck_01"
			squad_members:t = "t2_truck_02"
			squad_members:t = "t2_truck_03"
			squad_members:t = "t2_truck_04"
		}
	}
}
areas {
	t1_road_01_spawn_tank {
		type:t = "Point"
		tm:m = [[0.952089, 0.0, -0.305822] [0.0, 1.0, 0.0] [0.305822, 0.0, 0.952089] [-3949.18, 4.50287, -2973.84]]
		objLayer:i = 0
		props {

		}
	}
	t1_road_02_spawn_tank {
		type:t = "Point"
		tm:m = [[0.889019, 0.0, 0.45787] [0.0, 1.0, 0.0] [-0.45787, 0.0, 0.889019] [-5438.21, 19.9988, 6197.26]]
		objLayer:i = 0
		props {

		}
	}
	t1_road_03_spawn_tank {
		type:t = "Point"
		tm:m = [[0.954563, 0.0, 0.298009] [0.0, 1.0, 0.0] [-0.298009, 0.0, 0.954563] [-5460.36, 4.98259, 1307.83]]
		objLayer:i = 0
		props {

		}
	}
	t2_road_01_spawn_tank {
		type:t = "Point"
		tm:m = [[-0.806636, 0.0, 0.591048] [0.0, 1.0, 0.0] [-0.591048, 0.0, -0.806636] [2946.16, 53.3481, 6384.55]]
		objLayer:i = 0
		props {

		}
	}
	t2_road_02_spawn_tank {
		type:t = "Point"
		tm:m = [[-0.998663, 0.0, 0.0517027] [0.0, 1.0, 0.0] [-0.0517027, 0.0, -0.998663] [4138.82, 52.3377, 1430.58]]
		objLayer:i = 0
		props {

		}
	}
	t1_road_01_spawn_acar {
		type:t = "Point"
		tm:m = [[0.952089, 0.0, -0.305822] [0.0, 1.0, 0.0] [0.305822, 0.0, 0.952089] [-4042.53, 3.61288, -2955.88]]
		objLayer:i = 0
		props {

		}
	}
	t1_road_01_spawn_truck {
		type:t = "Point"
		tm:m = [[0.952089, 0.0, -0.305822] [0.0, 1.0, 0.0] [0.305822, 0.0, 0.952089] [-4139.97, 4.27521, -2938.02]]
		objLayer:i = 0
		props {

		}
	}
	t1_road_03_spawn_acar {
		type:t = "Point"
		tm:m = [[0.954563, 0.0, 0.298009] [0.0, 1.0, 0.0] [-0.298009, 0.0, 0.954563] [-5572.03, 4.99347, 1283.62]]
		objLayer:i = 0
		props {

		}
	}
	t1_road_03_spawn_truck {
		type:t = "Point"
		tm:m = [[0.954563, 0.0, 0.298009] [0.0, 1.0, 0.0] [-0.298009, 0.0, 0.954563] [-5668.97, 4.87781, 1260.45]]
		objLayer:i = 0
		props {

		}
	}
	t1_road_02_spawn_acar {
		type:t = "Point"
		tm:m = [[0.889019, 0.0, 0.45787] [0.0, 1.0, 0.0] [-0.45787, 0.0, 0.889019] [-5486.54, 20.0051, 6171.43]]
		objLayer:i = 0
		props {

		}
	}
	t1_road_02_spawn_truck {
		type:t = "Point"
		tm:m = [[0.889019, 0.0, 0.45787] [0.0, 1.0, 0.0] [-0.45787, 0.0, 0.889019] [-5583.92, 19.7223, 6136.51]]
		objLayer:i = 0
		props {

		}
	}
	t2_road_03_spawn_tank {
		type:t = "Point"
		tm:m = [[-0.810979, 0.0, 0.585074] [0.0, 1.0, 0.0] [-0.585074, 0.0, -0.810979] [3944.75, 8.49717, -2807.13]]
		objLayer:i = 0
		props {

		}
	}
	t2_road_03_spawn_acar {
		type:t = "Point"
		tm:m = [[-0.810979, 0.0, 0.585074] [0.0, 1.0, 0.0] [-0.585074, 0.0, -0.810979] [4053.05, 6.65812, -2872.42]]
		objLayer:i = 0
		props {

		}
	}
	t2_road_03_spawn_truck {
		type:t = "Point"
		tm:m = [[-0.810979, 0.0, 0.585074] [0.0, 1.0, 0.0] [-0.585074, 0.0, -0.810979] [4166.25, 6.03298, -2971.33]]
		objLayer:i = 0
		props {

		}
	}
	t2_road_02_spawn_acar {
		type:t = "Point"
		tm:m = [[-0.998663, 0.0, 0.0517027] [0.0, 1.0, 0.0] [-0.0517027, 0.0, -0.998663] [4247.31, 52.5555, 1436.46]]
		objLayer:i = 0
		props {

		}
	}
	t2_road_02_spawn_truck {
		type:t = "Point"
		tm:m = [[-0.998663, 0.0, 0.0517027] [0.0, 1.0, 0.0] [-0.0517027, 0.0, -0.998663] [4358.58, 52.9877, 1436.28]]
		objLayer:i = 0
		props {

		}
	}
	t2_road_01_spawn_acar {
		type:t = "Point"
		tm:m = [[-0.806636, 0.0, 0.591048] [0.0, 1.0, 0.0] [-0.591048, 0.0, -0.806636] [2983.44, 53.997, 6350.02]]
		objLayer:i = 0
		props {

		}
	}
	t2_road_01_spawn_truck {
		type:t = "Point"
		tm:m = [[-0.806636, 0.0, 0.591048] [0.0, 1.0, 0.0] [-0.591048, 0.0, -0.806636] [3034.4, 53.973, 6304.05]]
		objLayer:i = 0
		props {

		}
	}
}
objLayers {
	layer {
		enabled:b = true
	}
	layer {
		enabled:b = true
	}
	layer {
		enabled:b = true
	}
	layer {
		enabled:b = true
	}
	layer {
		enabled:b = false
	}
}
wayPoints {
	t1_road_01 {
		closed_waypoints:b = false
		isShipSpline:b = false
		shipTurnRadius:r = 100
		way {
			way_points_01_wp_01 {
				type:t = "normal"
				tm:m = [[1.0, 0.0, 0.0] [0.0, 1.0, 0.0] [0.0, 0.0, 1.0] [-3816.58, 7.47498, -2996.73]]
				props {
					speed:r = 30
					moveType:t = "GATHER_TO"
					tas:b = false
					canUsePathFinder:b = false
				}
			}
			t1_road_01_wp_03 {
				type:t = "normal"
				tm:m = [[1.0, 0.0, 0.0] [0.0, 1.0, 0.0] [0.0, 0.0, 1.0] [99.3879, 5.87517, -3498.89]]
				props {
					speed:r = 30
					moveType:t = "USE_SPLINES"
				}
			}
			t1_road_01_wp_01 {
				type:t = "normal"
				tm:m = [[1.0, 0.0, 0.0] [0.0, 1.0, 0.0] [0.0, 0.0, 1.0] [3607.98, 7.48062, -2622.24]]
				props {
					speed:r = 30
					moveType:t = "USE_SPLINES"
				}
			}
			t1_road_01_wp_02 {
				type:t = "normal"
				tm:m = [[1.0, 0.0, 0.0] [0.0, 1.0, 0.0] [0.0, 0.0, 1.0] [3695.5, 5.24231, -2617.69]]
				props {
					speed:r = 30
					moveType:t = "MOVETO_STRAIGHT"
				}
			}
		}
	}
	t1_road_02 {
		closed_waypoints:b = false
		isShipSpline:b = false
		shipTurnRadius:r = 100
		way {
			way_points_01_wp_02 {
				type:t = "normal"
				tm:m = [[1.0, 0.0, 0.0] [0.0, 1.0, 0.0] [0.0, 0.0, 1.0] [-5356.09, 20.4607, 6238.08]]
				props {
					speed:r = 30
					moveType:t = "GATHER_TO"
					tas:b = false
					canUsePathFinder:b = false
				}
			}
			t1_road_02_wp_01 {
				type:t = "normal"
				tm:m = [[1.0, 0.0, 0.0] [0.0, 1.0, 0.0] [0.0, 0.0, 1.0] [-702.405, 19.9976, 6488.55]]
				props {
					speed:r = 30
					moveType:t = "USE_SPLINES"
				}
			}
			t1_road_02_wp_02 {
				type:t = "normal"
				tm:m = [[1.0, 0.0, 0.0] [0.0, 1.0, 0.0] [0.0, 0.0, 1.0] [-897.377, 20.7598, 6091.77]]
				props {
					speed:r = 30
					moveType:t = "USE_SPLINES"
				}
			}
			t1_road_02_wp_03 {
				type:t = "normal"
				tm:m = [[1.0, 0.0, 0.0] [0.0, 1.0, 0.0] [0.0, 0.0, 1.0] [-880.489, 27.5684, 5556.58]]
				props {
					speed:r = 30
					moveType:t = "USE_SPLINES"
				}
			}
			t1_road_02_wp_04 {
				type:t = "normal"
				tm:m = [[1.0, 0.0, 0.0] [0.0, 1.0, 0.0] [0.0, 0.0, 1.0] [-756.339, 33.0209, 5352.85]]
				props {
					speed:r = 30
					moveType:t = "USE_SPLINES"
				}
			}
			t1_road_02_wp_05 {
				type:t = "normal"
				tm:m = [[1.0, 0.0, 0.0] [0.0, 1.0, 0.0] [0.0, 0.0, 1.0] [-216.969, 33.7864, 5369.23]]
				props {
					speed:r = 30
					moveType:t = "USE_SPLINES"
				}
			}
			t1_road_02_wp_06 {
				type:t = "normal"
				tm:m = [[1.0, 0.0, 0.0] [0.0, 1.0, 0.0] [0.0, 0.0, 1.0] [2097.73, 29.1882, 6676.81]]
				props {
					speed:r = 30
					moveType:t = "USE_SPLINES"
				}
			}
			t1_road_02_wp_07 {
				type:t = "normal"
				tm:m = [[1.0, 0.0, 0.0] [0.0, 1.0, 0.0] [0.0, 0.0, 1.0] [2191.56, 31.1334, 6735.81]]
				props {
					speed:r = 30
					moveType:t = "MOVETO_STRAIGHT"
				}
			}
		}
	}
	t1_road_03 {
		closed_waypoints:b = false
		isShipSpline:b = false
		shipTurnRadius:r = 100
		way {
			way_points_01_wp_03 {
				type:t = "normal"
				tm:m = [[1.0, 0.0, 0.0] [0.0, 1.0, 0.0] [0.0, 0.0, 1.0] [-5178.53, 12.0778, 1376.86]]
				props {
					speed:r = 30
					moveType:t = "GATHER_TO"
					tas:b = false
					canUsePathFinder:b = false
				}
			}
			t1_road_03_wp_01 {
				type:t = "normal"
				tm:m = [[1.0, 0.0, 0.0] [0.0, 1.0, 0.0] [0.0, 0.0, 1.0] [-1333.31, 12.3334, 894.648]]
				props {
					speed:r = 30
					moveType:t = "USE_SPLINES"
				}
			}
			t1_road_03_wp_02 {
				type:t = "normal"
				tm:m = [[1.0, 0.0, 0.0] [0.0, 1.0, 0.0] [0.0, 0.0, 1.0] [127.5, 12.1755, 894.367]]
				props {
					speed:r = 30
					moveType:t = "USE_SPLINES"
				}
			}
			t1_road_03_wp_03 {
				type:t = "normal"
				tm:m = [[1.0, 0.0, 0.0] [0.0, 1.0, 0.0] [0.0, 0.0, 1.0] [1441.13, 10.8249, 890.51]]
				props {
					speed:r = 30
					moveType:t = "USE_SPLINES"
				}
			}
			t1_road_03_wp_04 {
				type:t = "normal"
				tm:m = [[1.0, 0.0, 0.0] [0.0, 1.0, 0.0] [0.0, 0.0, 1.0] [3257.74, 20.4869, 885.468]]
				props {
					speed:r = 30
					moveType:t = "USE_SPLINES"
				}
			}
			t1_road_03_wp_05 {
				type:t = "normal"
				tm:m = [[1.0, 0.0, 0.0] [0.0, 1.0, 0.0] [0.0, 0.0, 1.0] [3408.57, 20.377, 965.937]]
				props {
					speed:r = 30
					moveType:t = "MOVETO_STRAIGHT"
				}
			}
		}
	}
	t2_road_01 {
		closed_waypoints:b = false
		isShipSpline:b = false
		shipTurnRadius:r = 100
		way {
			way_points_01_wp_04 {
				type:t = "normal"
				tm:m = [[1.0, 0.0, 0.0] [0.0, 1.0, 0.0] [0.0, 0.0, 1.0] [2861.44, 51.8422, 6448.77]]
				props {
					speed:r = 30
					moveType:t = "GATHER_TO"
					tas:b = false
					canUsePathFinder:b = false
				}
			}
			t2_road_01_wp_01 {
				type:t = "normal"
				tm:m = [[1.0, 0.0, 0.0] [0.0, 1.0, 0.0] [0.0, 0.0, 1.0] [-198.823, 33.7621, 5372.7]]
				props {
					speed:r = 30
					moveType:t = "USE_SPLINES"
				}
			}
			t2_road_01_wp_02 {
				type:t = "normal"
				tm:m = [[1.0, 0.0, 0.0] [0.0, 1.0, 0.0] [0.0, 0.0, 1.0] [-749.881, 33.0328, 5347.07]]
				props {
					speed:r = 30
					moveType:t = "USE_SPLINES"
				}
			}
			t2_road_01_wp_03 {
				type:t = "normal"
				tm:m = [[1.0, 0.0, 0.0] [0.0, 1.0, 0.0] [0.0, 0.0, 1.0] [-1075.94, 32.9684, 5291.24]]
				props {
					speed:r = 30
					moveType:t = "USE_SPLINES"
				}
			}
			t2_road_01_wp_04 {
				type:t = "normal"
				tm:m = [[1.0, 0.0, 0.0] [0.0, 1.0, 0.0] [0.0, 0.0, 1.0] [-4353.6, 29.1978, 2468.23]]
				props {
					speed:r = 30
					moveType:t = "USE_SPLINES"
				}
			}
			t2_road_01_wp_05 {
				type:t = "normal"
				tm:m = [[1.0, 0.0, 0.0] [0.0, 1.0, 0.0] [0.0, 0.0, 1.0] [-4415.76, 28.366, 2322.81]]
				props {
					speed:r = 30
					moveType:t = "MOVETO_STRAIGHT"
				}
			}
		}
	}
	t2_road_02 {
		closed_waypoints:b = false
		isShipSpline:b = false
		shipTurnRadius:r = 100
		way {
			way_points_01_wp_05 {
				type:t = "normal"
				tm:m = [[1.0, 0.0, 0.0] [0.0, 1.0, 0.0] [0.0, 0.0, 1.0] [3865.38, 52.1906, 1448.3]]
				props {
					speed:r = 30
					moveType:t = "GATHER_TO"
					tas:b = false
					canUsePathFinder:b = false
				}
			}
			t2_road_02_wp_01 {
				type:t = "normal"
				tm:m = [[1.0, 0.0, 0.0] [0.0, 1.0, 0.0] [0.0, 0.0, 1.0] [3029.98, 35.4137, 1447.8]]
				props {
					speed:r = 30
					moveType:t = "USE_SPLINES"
				}
			}
			t2_road_02_wp_02 {
				type:t = "normal"
				tm:m = [[1.0, 0.0, 0.0] [0.0, 1.0, 0.0] [0.0, 0.0, 1.0] [200.911, 15.419, 1447.89]]
				props {
					speed:r = 30
					moveType:t = "USE_SPLINES"
				}
			}
			t2_road_02_wp_03 {
				type:t = "normal"
				tm:m = [[1.0, 0.0, 0.0] [0.0, 1.0, 0.0] [0.0, 0.0, 1.0] [-1310.48, 15.6021, 1450.38]]
				props {
					speed:r = 30
					moveType:t = "USE_SPLINES"
				}
			}
			t2_road_02_wp_04 {
				type:t = "normal"
				tm:m = [[1.0, 0.0, 0.0] [0.0, 1.0, 0.0] [0.0, 0.0, 1.0] [-3923.68, 12.9858, 1835.36]]
				props {
					speed:r = 30
					moveType:t = "USE_SPLINES"
				}
			}
			t2_road_02_wp_05 {
				type:t = "normal"
				tm:m = [[1.0, 0.0, 0.0] [0.0, 1.0, 0.0] [0.0, 0.0, 1.0] [-4213.1, 11.2153, 1862.19]]
				props {
					speed:r = 30
					moveType:t = "MOVETO_STRAIGHT"
				}
			}
		}
	}
	t2_road_03 {
		closed_waypoints:b = false
		isShipSpline:b = false
		shipTurnRadius:r = 100
		way {
			way_points_01_wp_06 {
				type:t = "normal"
				tm:m = [[1.0, 0.0, 0.0] [0.0, 1.0, 0.0] [0.0, 0.0, 1.0] [3826.76, 14.1598, -2733.89]]
				props {
					speed:r = 30
					moveType:t = "GATHER_TO"
				}
			}
			t2_road_03_wp_03 {
				type:t = "normal"
				tm:m = [[1.0, 0.0, 0.0] [0.0, 1.0, 0.0] [0.0, 0.0, 1.0] [119.403, 8.82045, -3492.61]]
				props {
					speed:r = 30
					moveType:t = "USE_SPLINES"
				}
			}
			t2_road_03_wp_01 {
				type:t = "normal"
				tm:m = [[1.0, 0.0, 0.0] [0.0, 1.0, 0.0] [0.0, 0.0, 1.0] [-2447.01, 9.76483, -3507.9]]
				props {
					speed:r = 30
					moveType:t = "USE_SPLINES"
				}
			}
			t2_road_03_wp_02 {
				type:t = "normal"
				tm:m = [[1.0, 0.0, 0.0] [0.0, 1.0, 0.0] [0.0, 0.0, 1.0] [-2565.24, 7.13409, -3334.6]]
				props {
					speed:r = 30
					moveType:t = "MOVETO_STRAIGHT"
				}
			}
		}
	}
}