selected_tag:t = ""
bin_dump_file:t = ""
mission_settings {
	player {
		army:i = 1
	}
	player_teamB {
		army:i = 2
	}
	mission {
		level:t = "levels/avg_syria.bin"
		type:t = "domination"
		environment:t = "Day"
		weather:t = "clear"
	}
}
imports {
	import_record {
		file:t = "gamedata/missions/templates/units_sets/airfields_decor/air_radar_decor.blk"
		importAreas:b = true
		importUnits:b = true
		importTriggers:b = true
		importMissionObjectives:b = true
		importWayPoints:b = true
		importDialogs:b = true
		showAreas:b = true
		showUnits:b = true
		showTriggers:b = true
		showMissionObjectives:b = true
		showWayPoints:b = true
		showDialogs:b = true
		excludes {

		}
	}
}
triggers {
	isCategory:b = true
	is_enabled:b = true
}
mission_objectives {
	isCategory:b = true
	is_enabled:b = true
}
variables {

}
dialogs {

}
airfields {

}
effects {

}
units {
	objectGroups {
		name:t = "t1_airfield"
		tm:m = [[0.839866, 0.0, 0.542791] [0.0, 1.0, 0.0] [-0.542791, 0.0, 0.839866] [10836.4, 212.7, 8849.91]]
		unit_class:t = "dynaf_pg_1line_3000_sand"
		objLayer:i = 2
		props {
			army:i = 1
			active:b = true
		}
	}
	air_defence {
		name:t = "t1_airfield_aaa_small_01"
		tm:m = [[0.119629, 0.0, -0.992819] [0.0, 1.0, 0.0] [0.992819, 0.0, 0.119629] [11406.6, 212.055, 8640.46]]
		unit_class:t = "ussr_37mm_61k_airfield"
		objLayer:i = 1
		closed_waypoints:b = false
		isShipSpline:b = false
		shipTurnRadius:r = 100
		weapons:t = ""
		bullets0:t = ""
		bullets1:t = ""
		bullets2:t = ""
		bullets3:t = ""
		bulletsCount0:i = 0
		bulletsCount1:i = 0
		bulletsCount2:i = 0
		bulletsCount3:i = 0
		props {
			army:i = 1
			count:i = 1
			formation_type:t = "rows"
			formation_div:i = 3
			formation_step:p2 = 2.5, 2
			formation_noise:p2 = 0.1, 0.1
			uniqueName:t = ""
			attack_type:t = "fire_at_will"
		}
		way {

		}
	}
	air_defence {
		name:t = "t1_airfield_aaa_small_02"
		tm:m = [[0.119629, 0.0, -0.992819] [0.0, 1.0, 0.0] [0.992819, 0.0, 0.119629] [10904.4, 209.759, 8452.15]]
		unit_class:t = "ussr_37mm_61k_airfield"
		objLayer:i = 1
		closed_waypoints:b = false
		isShipSpline:b = false
		shipTurnRadius:r = 100
		weapons:t = ""
		bullets0:t = ""
		bullets1:t = ""
		bullets2:t = ""
		bullets3:t = ""
		bulletsCount0:i = 0
		bulletsCount1:i = 0
		bulletsCount2:i = 0
		bulletsCount3:i = 0
		props {
			army:i = 1
			count:i = 1
			formation_type:t = "rows"
			formation_div:i = 3
			formation_step:p2 = 2.5, 2
			formation_noise:p2 = 0.1, 0.1
			uniqueName:t = ""
			attack_type:t = "fire_at_will"
		}
		way {

		}
	}
	air_defence {
		name:t = "t1_airfield_aaa_small_03"
		tm:m = [[0.372513, 0.0, -0.928027] [0.0, 1.0, 0.0] [0.928027, 0.0, 0.372513] [10424.3, 208.618, 9021.17]]
		unit_class:t = "ussr_37mm_61k_airfield"
		objLayer:i = 1
		closed_waypoints:b = false
		isShipSpline:b = false
		shipTurnRadius:r = 100
		weapons:t = ""
		bullets0:t = ""
		bullets1:t = ""
		bullets2:t = ""
		bullets3:t = ""
		bulletsCount0:i = 0
		bulletsCount1:i = 0
		bulletsCount2:i = 0
		bulletsCount3:i = 0
		props {
			army:i = 1
			count:i = 1
			formation_type:t = "rows"
			formation_div:i = 3
			formation_step:p2 = 2.5, 2
			formation_noise:p2 = 0.1, 0.1
			uniqueName:t = ""
			attack_type:t = "fire_at_will"
		}
		way {

		}
	}
	air_defence {
		name:t = "t1_airfield_aaa_small_04"
		tm:m = [[0.119629, 0.0, -0.992819] [0.0, 1.0, 0.0] [0.992819, 0.0, 0.119629] [10991.7, 211.808, 9300.98]]
		unit_class:t = "ussr_37mm_61k_airfield"
		objLayer:i = 1
		closed_waypoints:b = false
		isShipSpline:b = false
		shipTurnRadius:r = 100
		weapons:t = ""
		bullets0:t = ""
		bullets1:t = ""
		bullets2:t = ""
		bullets3:t = ""
		bulletsCount0:i = 0
		bulletsCount1:i = 0
		bulletsCount2:i = 0
		bulletsCount3:i = 0
		props {
			army:i = 1
			count:i = 1
			formation_type:t = "rows"
			formation_div:i = 3
			formation_step:p2 = 2.5, 2
			formation_noise:p2 = 0.1, 0.1
			uniqueName:t = ""
			attack_type:t = "fire_at_will"
		}
		way {

		}
	}
	air_defence {
		name:t = "t1_airfield_aaa_small_05"
		tm:m = [[0.119629, 0.0, -0.992819] [0.0, 1.0, 0.0] [0.992819, 0.0, 0.119629] [10178.3, 206.97, 8783.88]]
		unit_class:t = "ussr_37mm_61k_airfield"
		objLayer:i = 1
		closed_waypoints:b = false
		isShipSpline:b = false
		shipTurnRadius:r = 100
		weapons:t = ""
		bullets0:t = ""
		bullets1:t = ""
		bullets2:t = ""
		bullets3:t = ""
		bulletsCount0:i = 0
		bulletsCount1:i = 0
		bulletsCount2:i = 0
		bulletsCount3:i = 0
		props {
			army:i = 1
			count:i = 1
			formation_type:t = "rows"
			formation_div:i = 3
			formation_step:p2 = 2.5, 2
			formation_noise:p2 = 0.1, 0.1
			uniqueName:t = ""
			attack_type:t = "fire_at_will"
		}
		way {

		}
	}
	air_defence {
		name:t = "t1_airfield_aaa_small_06"
		tm:m = [[0.119629, 0.0, -0.992819] [0.0, 1.0, 0.0] [0.992819, 0.0, 0.119629] [10415.1, 209.211, 7989.76]]
		unit_class:t = "ussr_37mm_61k_airfield"
		objLayer:i = 1
		closed_waypoints:b = false
		isShipSpline:b = false
		shipTurnRadius:r = 100
		weapons:t = ""
		bullets0:t = ""
		bullets1:t = ""
		bullets2:t = ""
		bullets3:t = ""
		bulletsCount0:i = 0
		bulletsCount1:i = 0
		bulletsCount2:i = 0
		bulletsCount3:i = 0
		props {
			army:i = 1
			count:i = 1
			formation_type:t = "rows"
			formation_div:i = 3
			formation_step:p2 = 2.5, 2
			formation_noise:p2 = 0.1, 0.1
			uniqueName:t = ""
			attack_type:t = "fire_at_will"
		}
		way {

		}
	}
	air_defence {
		name:t = "t1_airfield_aaa_big_01"
		tm:m = [[0.372513, 0.0, -0.928027] [0.0, 1.0, 0.0] [0.928027, 0.0, 0.372513] [10562.0, 212.022, 9071.05]]
		unit_class:t = "germ_88mm_flak36"
		objLayer:i = 1
		closed_waypoints:b = false
		isShipSpline:b = false
		shipTurnRadius:r = 100
		weapons:t = ""
		bullets0:t = ""
		bullets1:t = ""
		bullets2:t = ""
		bullets3:t = ""
		bulletsCount0:i = 0
		bulletsCount1:i = 0
		bulletsCount2:i = 0
		bulletsCount3:i = 0
		props {
			army:i = 1
			count:i = 1
			formation_type:t = "rows"
			formation_div:i = 3
			formation_step:p2 = 2.5, 2
			formation_noise:p2 = 0.1, 0.1
			uniqueName:t = ""
			attack_type:t = "fire_at_will"
		}
		way {

		}
	}
	air_defence {
		name:t = "t1_airfield_aaa_big_02"
		tm:m = [[0.372513, 0.0, -0.928027] [0.0, 1.0, 0.0] [0.928027, 0.0, 0.372513] [10723.5, 213.359, 9122.04]]
		unit_class:t = "germ_88mm_flak36"
		objLayer:i = 1
		closed_waypoints:b = false
		isShipSpline:b = false
		shipTurnRadius:r = 100
		weapons:t = ""
		bullets0:t = ""
		bullets1:t = ""
		bullets2:t = ""
		bullets3:t = ""
		bulletsCount0:i = 0
		bulletsCount1:i = 0
		bulletsCount2:i = 0
		bulletsCount3:i = 0
		props {
			army:i = 1
			count:i = 1
			formation_type:t = "rows"
			formation_div:i = 3
			formation_step:p2 = 2.5, 2
			formation_noise:p2 = 0.1, 0.1
			uniqueName:t = ""
			attack_type:t = "fire_at_will"
		}
		way {

		}
	}
	air_defence {
		name:t = "t1_airfield_aaa_big_03"
		tm:m = [[0.119629, 0.0, -0.992819] [0.0, 1.0, 0.0] [0.992819, 0.0, 0.119629] [10283.2, 207.469, 8848.02]]
		unit_class:t = "germ_88mm_flak36"
		objLayer:i = 1
		closed_waypoints:b = false
		isShipSpline:b = false
		shipTurnRadius:r = 100
		weapons:t = ""
		bullets0:t = ""
		bullets1:t = ""
		bullets2:t = ""
		bullets3:t = ""
		bulletsCount0:i = 0
		bulletsCount1:i = 0
		bulletsCount2:i = 0
		bulletsCount3:i = 0
		props {
			army:i = 1
			count:i = 1
			formation_type:t = "rows"
			formation_div:i = 3
			formation_step:p2 = 2.5, 2
			formation_noise:p2 = 0.1, 0.1
			uniqueName:t = ""
			attack_type:t = "fire_at_will"
		}
		way {

		}
	}
	air_defence {
		name:t = "t1_airfield_aaa_big_04"
		tm:m = [[0.119629, 0.0, -0.992819] [0.0, 1.0, 0.0] [0.992819, 0.0, 0.119629] [11691.2, 213.331, 8886.34]]
		unit_class:t = "germ_88mm_flak36"
		objLayer:i = 1
		closed_waypoints:b = false
		isShipSpline:b = false
		shipTurnRadius:r = 100
		weapons:t = ""
		bullets0:t = ""
		bullets1:t = ""
		bullets2:t = ""
		bullets3:t = ""
		bulletsCount0:i = 0
		bulletsCount1:i = 0
		bulletsCount2:i = 0
		bulletsCount3:i = 0
		props {
			army:i = 1
			count:i = 1
			formation_type:t = "rows"
			formation_div:i = 3
			formation_step:p2 = 2.5, 2
			formation_noise:p2 = 0.1, 0.1
			uniqueName:t = ""
			attack_type:t = "fire_at_will"
		}
		way {

		}
	}
	air_defence {
		name:t = "t2_airfield_aaa_small_01"
		tm:m = [[-0.983075, 0.0, 0.183202] [0.0, 1.0, 0.0] [-0.183202, 0.0, -0.983075] [-11734.6, 194.756, 5789.45]]
		unit_class:t = "germ_37mm_flak43_airfield"
		objLayer:i = 1
		closed_waypoints:b = false
		isShipSpline:b = false
		shipTurnRadius:r = 100
		weapons:t = ""
		bullets0:t = ""
		bullets1:t = ""
		bullets2:t = ""
		bullets3:t = ""
		bulletsCount0:i = 0
		bulletsCount1:i = 0
		bulletsCount2:i = 0
		bulletsCount3:i = 0
		props {
			army:i = 2
			count:i = 1
			formation_type:t = "rows"
			formation_div:i = 3
			formation_step:p2 = 2.5, 2
			formation_noise:p2 = 0.1, 0.1
			uniqueName:t = ""
			attack_type:t = "fire_at_will"
		}
		way {

		}
	}
	air_defence {
		name:t = "t2_airfield_aaa_small_02"
		tm:m = [[-0.983075, 0.0, 0.183202] [0.0, 1.0, 0.0] [-0.183202, 0.0, -0.983075] [-10340.3, 196.125, 6268.99]]
		unit_class:t = "germ_37mm_flak43_airfield"
		objLayer:i = 1
		closed_waypoints:b = false
		isShipSpline:b = false
		shipTurnRadius:r = 100
		weapons:t = ""
		bullets0:t = ""
		bullets1:t = ""
		bullets2:t = ""
		bullets3:t = ""
		bulletsCount0:i = 0
		bulletsCount1:i = 0
		bulletsCount2:i = 0
		bulletsCount3:i = 0
		props {
			army:i = 2
			count:i = 1
			formation_type:t = "rows"
			formation_div:i = 3
			formation_step:p2 = 2.5, 2
			formation_noise:p2 = 0.1, 0.1
			uniqueName:t = ""
			attack_type:t = "fire_at_will"
		}
		way {

		}
	}
	air_defence {
		name:t = "t2_airfield_aaa_small_03"
		tm:m = [[-0.983075, 0.0, 0.183202] [0.0, 1.0, 0.0] [-0.183202, 0.0, -0.983075] [-10990.1, 206.592, 6399.24]]
		unit_class:t = "germ_37mm_flak43_airfield"
		objLayer:i = 1
		closed_waypoints:b = false
		isShipSpline:b = false
		shipTurnRadius:r = 100
		weapons:t = ""
		bullets0:t = ""
		bullets1:t = ""
		bullets2:t = ""
		bullets3:t = ""
		bulletsCount0:i = 0
		bulletsCount1:i = 0
		bulletsCount2:i = 0
		bulletsCount3:i = 0
		props {
			army:i = 2
			count:i = 1
			formation_type:t = "rows"
			formation_div:i = 3
			formation_step:p2 = 2.5, 2
			formation_noise:p2 = 0.1, 0.1
			uniqueName:t = ""
			attack_type:t = "fire_at_will"
		}
		way {

		}
	}
	air_defence {
		name:t = "t2_airfield_aaa_small_04"
		tm:m = [[-0.983075, 0.0, 0.183202] [0.0, 1.0, 0.0] [-0.183202, 0.0, -0.983075] [-11918.7, 198.973, 6140.65]]
		unit_class:t = "germ_37mm_flak43_airfield"
		objLayer:i = 1
		closed_waypoints:b = false
		isShipSpline:b = false
		shipTurnRadius:r = 100
		weapons:t = ""
		bullets0:t = ""
		bullets1:t = ""
		bullets2:t = ""
		bullets3:t = ""
		bulletsCount0:i = 0
		bulletsCount1:i = 0
		bulletsCount2:i = 0
		bulletsCount3:i = 0
		props {
			army:i = 2
			count:i = 1
			formation_type:t = "rows"
			formation_div:i = 3
			formation_step:p2 = 2.5, 2
			formation_noise:p2 = 0.1, 0.1
			uniqueName:t = ""
			attack_type:t = "fire_at_will"
		}
		way {

		}
	}
	air_defence {
		name:t = "t2_airfield_aaa_small_05"
		tm:m = [[-0.983075, 0.0, 0.183202] [0.0, 1.0, 0.0] [-0.183202, 0.0, -0.983075] [-10815.8, 212.503, 6397.46]]
		unit_class:t = "germ_37mm_flak43_airfield"
		objLayer:i = 1
		closed_waypoints:b = false
		isShipSpline:b = false
		shipTurnRadius:r = 100
		weapons:t = ""
		bullets0:t = ""
		bullets1:t = ""
		bullets2:t = ""
		bullets3:t = ""
		bulletsCount0:i = 0
		bulletsCount1:i = 0
		bulletsCount2:i = 0
		bulletsCount3:i = 0
		props {
			army:i = 2
			count:i = 1
			formation_type:t = "rows"
			formation_div:i = 3
			formation_step:p2 = 2.5, 2
			formation_noise:p2 = 0.1, 0.1
			uniqueName:t = ""
			attack_type:t = "fire_at_will"
		}
		way {

		}
	}
	air_defence {
		name:t = "t2_airfield_aaa_small_06"
		tm:m = [[-0.983075, 0.0, 0.183202] [0.0, 1.0, 0.0] [-0.183202, 0.0, -0.983075] [-11165.2, 213.266, 6553.3]]
		unit_class:t = "germ_37mm_flak43_airfield"
		objLayer:i = 1
		closed_waypoints:b = false
		isShipSpline:b = false
		shipTurnRadius:r = 100
		weapons:t = ""
		bullets0:t = ""
		bullets1:t = ""
		bullets2:t = ""
		bullets3:t = ""
		bulletsCount0:i = 0
		bulletsCount1:i = 0
		bulletsCount2:i = 0
		bulletsCount3:i = 0
		props {
			army:i = 2
			count:i = 1
			formation_type:t = "rows"
			formation_div:i = 3
			formation_step:p2 = 2.5, 2
			formation_noise:p2 = 0.1, 0.1
			uniqueName:t = ""
			attack_type:t = "fire_at_will"
		}
		way {

		}
	}
	air_defence {
		name:t = "t2_airfield_aaa_big_01"
		tm:m = [[-0.331455, 0.0, -0.943471] [0.0, 1.0, 0.0] [0.943471, 0.0, -0.331455] [-11144.9, 209.365, 5673.53]]
		unit_class:t = "germ_88mm_flak36"
		objLayer:i = 1
		closed_waypoints:b = false
		isShipSpline:b = false
		shipTurnRadius:r = 100
		weapons:t = ""
		bullets0:t = ""
		bullets1:t = ""
		bullets2:t = ""
		bullets3:t = ""
		bulletsCount0:i = 0
		bulletsCount1:i = 0
		bulletsCount2:i = 0
		bulletsCount3:i = 0
		props {
			army:i = 2
			count:i = 1
			formation_type:t = "rows"
			formation_div:i = 3
			formation_step:p2 = 2.5, 2
			formation_noise:p2 = 0.1, 0.1
			uniqueName:t = ""
			attack_type:t = "fire_at_will"
		}
		way {

		}
	}
	air_defence {
		name:t = "t2_airfield_aaa_big_02"
		tm:m = [[-0.983075, 0.0, 0.183202] [0.0, 1.0, 0.0] [-0.183202, 0.0, -0.983075] [-11408.5, 199.82, 6694.71]]
		unit_class:t = "germ_88mm_flak36"
		objLayer:i = 1
		closed_waypoints:b = false
		isShipSpline:b = false
		shipTurnRadius:r = 100
		weapons:t = ""
		bullets0:t = ""
		bullets1:t = ""
		bullets2:t = ""
		bullets3:t = ""
		bulletsCount0:i = 0
		bulletsCount1:i = 0
		bulletsCount2:i = 0
		bulletsCount3:i = 0
		props {
			army:i = 2
			count:i = 1
			formation_type:t = "rows"
			formation_div:i = 3
			formation_step:p2 = 2.5, 2
			formation_noise:p2 = 0.1, 0.1
			uniqueName:t = ""
			attack_type:t = "fire_at_will"
		}
		way {

		}
	}
	air_defence {
		name:t = "t2_airfield_aaa_big_03"
		tm:m = [[-0.331455, 0.0, -0.943471] [0.0, 1.0, 0.0] [0.943471, 0.0, -0.331455] [-10813.7, 201.343, 5629.28]]
		unit_class:t = "germ_88mm_flak36"
		objLayer:i = 1
		closed_waypoints:b = false
		isShipSpline:b = false
		shipTurnRadius:r = 100
		weapons:t = ""
		bullets0:t = ""
		bullets1:t = ""
		bullets2:t = ""
		bullets3:t = ""
		bulletsCount0:i = 0
		bulletsCount1:i = 0
		bulletsCount2:i = 0
		bulletsCount3:i = 0
		props {
			army:i = 2
			count:i = 1
			formation_type:t = "rows"
			formation_div:i = 3
			formation_step:p2 = 2.5, 2
			formation_noise:p2 = 0.1, 0.1
			uniqueName:t = ""
			attack_type:t = "fire_at_will"
		}
		way {

		}
	}
	air_defence {
		name:t = "t2_airfield_aaa_big_04"
		tm:m = [[-0.983075, 0.0, 0.183202] [0.0, 1.0, 0.0] [-0.183202, 0.0, -0.983075] [-10315.0, 193.684, 6152.92]]
		unit_class:t = "germ_88mm_flak36"
		objLayer:i = 1
		closed_waypoints:b = false
		isShipSpline:b = false
		shipTurnRadius:r = 100
		weapons:t = ""
		bullets0:t = ""
		bullets1:t = ""
		bullets2:t = ""
		bullets3:t = ""
		bulletsCount0:i = 0
		bulletsCount1:i = 0
		bulletsCount2:i = 0
		bulletsCount3:i = 0
		props {
			army:i = 2
			count:i = 1
			formation_type:t = "rows"
			formation_div:i = 3
			formation_step:p2 = 2.5, 2
			formation_noise:p2 = 0.1, 0.1
			uniqueName:t = ""
			attack_type:t = "fire_at_will"
		}
		way {

		}
	}
	squad {
		name:t = "t1_airfield_aaa_squad"
		tm:m = [[-0.702602, 0.0, -0.711583] [0.0, 1.0, 0.0] [0.711583, 0.0, -0.702602] [5488.53, 620.858, 6914.41]]
		props {
			object_marking:i = 0
			squad_members:t = "t1_airfield_aaa_small_01"
			squad_members:t = "t1_airfield_aaa_small_02"
			squad_members:t = "t1_airfield_aaa_small_03"
			squad_members:t = "t1_airfield_aaa_small_04"
			squad_members:t = "t1_airfield_aaa_small_05"
			squad_members:t = "t1_airfield_aaa_small_06"
			squad_members:t = "t1_airfield_aaa_big_01"
			squad_members:t = "t1_airfield_aaa_big_02"
			squad_members:t = "t1_airfield_aaa_big_03"
			squad_members:t = "t1_airfield_aaa_big_04"
		}
	}
	squad {
		name:t = "t2_airfield_aaa_squad"
		tm:m = [[-0.996032, 0.0, -0.0889959] [0.0, 1.0, 0.0] [0.0889959, 0.0, -0.996032] [-6082.05, 623.33, 317.332]]
		props {
			object_marking:i = 0
			squad_members:t = "t2_airfield_aaa_small_01"
			squad_members:t = "t2_airfield_aaa_small_02"
			squad_members:t = "t2_airfield_aaa_small_03"
			squad_members:t = "t2_airfield_aaa_small_04"
			squad_members:t = "t2_airfield_aaa_small_05"
			squad_members:t = "t2_airfield_aaa_small_06"
			squad_members:t = "t2_airfield_aaa_big_01"
			squad_members:t = "t2_airfield_aaa_big_02"
			squad_members:t = "t2_airfield_aaa_big_03"
			squad_members:t = "t2_airfield_aaa_big_04"
		}
	}
	objectGroups {
		name:t = "t2_airfield"
		tm:m = [[-0.860742, 0.0, 0.509042] [0.0, 1.0, 0.0] [-0.509042, 0.0, -0.860742] [-11218.3, 205.576, 6019.12]]
		unit_class:t = "dynaf_pg_1line_3000_sand"
		objLayer:i = 2
		props {
			army:i = 2
			active:b = true
		}
	}
}
areas {

}
objLayers {
	layer {
		enabled:b = true
	}
	layer {
		enabled:b = true
	}
	layer {
		enabled:b = true
	}
	layer {
		enabled:b = true
	}
	layer {
		enabled:b = true
	}
}
wayPoints {

}