selected_tag:t = ""
bin_dump_file:t = ""
mission_settings {
	player {
		army:i = 1
	}
	player_teamB {
		army:i = 2
	}
	mission {
		level:t = "levels/ruhr.bin"
		type:t = "domination"
		environment:t = "Day"
		weather:t = "clear"
	}
}
imports {

}
triggers {
	isCategory:b = true
	is_enabled:b = true
	airfileds_mid_init {
		is_enabled:b = true
		comments:t = ""
		props {
			actionsType:t = "PERFORM_ONE_BY_ONE"
			conditionsType:t = "ALL"
			enableAfterComplete:b = false
		}
		events {
			initMission {

			}
		}
		conditions {

		}
		actions {
			unitSetProperties {
				object:t = "t2_def_aaa_mid_squad"
				object:t = "t1_def_aaa_mid_squad"
				object_marking:i = 0
				object_var_name:t = ""
				object_var_comp_op:t = "equal"
				object_var_value:i = 0
				accuracy:r = 0.9
				checkVisibilityTarget:b = true
				effShootingRate:r = 1
				airEffShootingRate:r = 1
				useSearchRadar:b = true
				fireRandom:b = true
				targetChangeInterval:r = 5
				targetChangeProb:r = 0.25
			}
		}
		else_actions {

		}
	}
}
mission_objectives {
	isCategory:b = true
	is_enabled:b = true
}
variables {

}
dialogs {

}
airfields {

}
effects {

}
units {
	objectGroups {
		name:t = "t1_airfield_mid"
		tm:m = [[-0.14911, 0.0, 0.98882] [0.0, 1.0, 0.0] [-0.98882, 0.0, -0.14911] [3049.45, 1670.15, 20459.3]]
		unit_class:t = "dynaf_pg_1line_ground"
		objLayer:i = 2
		props {
			army:i = 1
			active:b = true
		}
	}
	objectGroups {
		name:t = "t2_airfield_mid"
		tm:m = [[-0.0245818, 0.0, -0.999697] [0.0, 1.0, 0.0] [0.999697, 0.0, -0.0245818] [-160.714, 1962.05, -19751.4]]
		unit_class:t = "dynaf_pg_1line_ground"
		objLayer:i = 2
		props {
			army:i = 2
			active:b = true
		}
	}
	objectGroups {
		name:t = "t1_airfield_mid_reload"
		tm:m = [[0.102955, 0.0, 0.994686] [0.0, 1.0, 0.0] [-0.994686, 0.0, 0.102955] [3487.0, 1542.35, 12182.8]]
		unit_class:t = "dynaf_pg_1line_ground"
		objLayer:i = 2
		props {
			army:i = 1
			active:b = true
		}
	}
	objectGroups {
		name:t = "t2_airfield_mid_reload"
		tm:m = [[0.099347, 0.0, -0.995054] [0.0, 1.0, 0.0] [0.995054, 0.0, 0.099347] [-1870.0, 1945.7, -12935.4]]
		unit_class:t = "dynaf_pg_1line_ground"
		objLayer:i = 2
		props {
			army:i = 2
			active:b = true
		}
	}
	air_defence {
		name:t = "t1_aaa_mid_light_01"
		tm:m = [[-0.16925, 0.0, 0.985572] [0.0, 1.0, 0.0] [-0.985572, 0.0, -0.16925] [3123.24, 2013.0, 21591.4]]
		unit_class:t = "uk_40mm_bofors_airfield"
		objLayer:i = 1
		closed_waypoints:b = false
		isShipSpline:b = false
		shipTurnRadius:r = 100
		weapons:t = ""
		bullets0:t = ""
		bullets1:t = ""
		bullets2:t = ""
		bullets3:t = ""
		bulletsCount0:i = 0
		bulletsCount1:i = 0
		bulletsCount2:i = 0
		bulletsCount3:i = 0
		crewSkillK:r = 0
		applyAllMods:b = false
		props {
			army:i = 1
			count:i = 1
			formation_type:t = "rows"
			formation_div:i = 3
			formation_step:p2 = 2.5, 2
			formation_noise:p2 = 0.1, 0.1
			uniqueName:t = ""
			attack_type:t = "fire_at_will"
		}
		way {

		}
	}
	air_defence {
		name:t = "t1_aaa_mid_heavy_01"
		tm:m = [[-0.436266, 0.0, 0.899816] [0.0, 1.0, 0.0] [-0.899816, 0.0, -0.436266] [2322.59, 1971.75, 21346.6]]
		unit_class:t = "us_90mm_m1"
		objLayer:i = 1
		closed_waypoints:b = false
		isShipSpline:b = false
		shipTurnRadius:r = 100
		weapons:t = ""
		bullets0:t = ""
		bullets1:t = ""
		bullets2:t = ""
		bullets3:t = ""
		bulletsCount0:i = 0
		bulletsCount1:i = 0
		bulletsCount2:i = 0
		bulletsCount3:i = 0
		crewSkillK:r = 0
		applyAllMods:b = false
		props {
			army:i = 1
			count:i = 1
			formation_type:t = "rows"
			formation_div:i = 3
			formation_step:p2 = 2.5, 2
			formation_noise:p2 = 0.1, 0.1
			uniqueName:t = ""
			attack_type:t = "fire_at_will"
		}
		way {

		}
	}
	air_defence {
		name:t = "t1_aaa_mid_light_02"
		tm:m = [[0.475101, 0.0, -0.87993] [0.0, 1.0, 0.0] [0.87993, 0.0, 0.475101] [2352.79, 1985.72, 20818.8]]
		unit_class:t = "uk_40mm_bofors_airfield"
		objLayer:i = 1
		closed_waypoints:b = false
		isShipSpline:b = false
		shipTurnRadius:r = 100
		weapons:t = ""
		bullets0:t = ""
		bullets1:t = ""
		bullets2:t = ""
		bullets3:t = ""
		bulletsCount0:i = 0
		bulletsCount1:i = 0
		bulletsCount2:i = 0
		bulletsCount3:i = 0
		crewSkillK:r = 0
		applyAllMods:b = false
		props {
			army:i = 1
			count:i = 1
			formation_type:t = "rows"
			formation_div:i = 3
			formation_step:p2 = 2.5, 2
			formation_noise:p2 = 0.1, 0.1
			uniqueName:t = ""
			attack_type:t = "fire_at_will"
		}
		way {

		}
	}
	air_defence {
		name:t = "t1_aaa_mid_light_03"
		tm:m = [[-0.16925, 0.0, 0.985572] [0.0, 1.0, 0.0] [-0.985572, 0.0, -0.16925] [3342.41, 1992.9, 19581.6]]
		unit_class:t = "uk_40mm_bofors_airfield"
		objLayer:i = 1
		closed_waypoints:b = false
		isShipSpline:b = false
		shipTurnRadius:r = 100
		weapons:t = ""
		bullets0:t = ""
		bullets1:t = ""
		bullets2:t = ""
		bullets3:t = ""
		bulletsCount0:i = 0
		bulletsCount1:i = 0
		bulletsCount2:i = 0
		bulletsCount3:i = 0
		crewSkillK:r = 0
		applyAllMods:b = false
		props {
			army:i = 1
			count:i = 1
			formation_type:t = "rows"
			formation_div:i = 3
			formation_step:p2 = 2.5, 2
			formation_noise:p2 = 0.1, 0.1
			uniqueName:t = ""
			attack_type:t = "fire_at_will"
		}
		way {

		}
	}
	air_defence {
		name:t = "t1_aaa_mid_light_04"
		tm:m = [[0.620682, 0.0, -0.784061] [0.0, 1.0, 0.0] [0.784061, 0.0, 0.620682] [2617.52, 1989.15, 20170.2]]
		unit_class:t = "uk_40mm_bofors_airfield"
		objLayer:i = 1
		closed_waypoints:b = false
		isShipSpline:b = false
		shipTurnRadius:r = 100
		weapons:t = ""
		bullets0:t = ""
		bullets1:t = ""
		bullets2:t = ""
		bullets3:t = ""
		bulletsCount0:i = 0
		bulletsCount1:i = 0
		bulletsCount2:i = 0
		bulletsCount3:i = 0
		crewSkillK:r = 0
		applyAllMods:b = false
		props {
			army:i = 1
			count:i = 1
			formation_type:t = "rows"
			formation_div:i = 3
			formation_step:p2 = 2.5, 2
			formation_noise:p2 = 0.1, 0.1
			uniqueName:t = ""
			attack_type:t = "fire_at_will"
		}
		way {

		}
	}
	air_defence {
		name:t = "t1_aaa_mid_heavy_02"
		tm:m = [[0.21208, 0.0, -0.977251] [0.0, 1.0, 0.0] [0.977251, 0.0, 0.21208] [3091.71, 1961.17, 20666.6]]
		unit_class:t = "us_90mm_m1"
		objLayer:i = 1
		closed_waypoints:b = false
		isShipSpline:b = false
		shipTurnRadius:r = 100
		weapons:t = ""
		bullets0:t = ""
		bullets1:t = ""
		bullets2:t = ""
		bullets3:t = ""
		bulletsCount0:i = 0
		bulletsCount1:i = 0
		bulletsCount2:i = 0
		bulletsCount3:i = 0
		crewSkillK:r = 0
		applyAllMods:b = false
		props {
			army:i = 1
			count:i = 1
			formation_type:t = "rows"
			formation_div:i = 3
			formation_step:p2 = 2.5, 2
			formation_noise:p2 = 0.1, 0.1
			uniqueName:t = ""
			attack_type:t = "fire_at_will"
		}
		way {

		}
	}
	squad {
		name:t = "t1_def_aaa_mid_squad"
		tm:m = [[-0.467449, 0.0, -0.88402] [0.0, 1.0, 0.0] [0.88402, 0.0, -0.467449] [-40738.5, 2833.68, 32003.8]]
		props {
			squad_members:t = "t1_aaa_mid_light_01"
			squad_members:t = "t1_aaa_mid_light_02"
			squad_members:t = "t1_aaa_mid_light_03"
			squad_members:t = "t1_aaa_mid_light_04"
			squad_members:t = "t1_aaa_mid_heavy_01"
			squad_members:t = "t1_aaa_mid_heavy_02"
			object_marking:i = 0
		}
	}
	air_defence {
		name:t = "t2_aaa_mid_light_01"
		tm:m = [[0.373839, 0.0, 0.927492] [0.0, 1.0, 0.0] [-0.927492, 0.0, 0.373839] [-225.555, 1601.55, -20284.2]]
		unit_class:t = "uk_40mm_bofors_airfield"
		objLayer:i = 1
		closed_waypoints:b = false
		isShipSpline:b = false
		shipTurnRadius:r = 100
		weapons:t = ""
		bullets0:t = ""
		bullets1:t = ""
		bullets2:t = ""
		bullets3:t = ""
		bulletsCount0:i = 0
		bulletsCount1:i = 0
		bulletsCount2:i = 0
		bulletsCount3:i = 0
		crewSkillK:r = 0
		applyAllMods:b = false
		props {
			army:i = 2
			count:i = 1
			formation_type:t = "rows"
			formation_div:i = 3
			formation_step:p2 = 2.5, 2
			formation_noise:p2 = 0.1, 0.1
			uniqueName:t = ""
			attack_type:t = "fire_at_will"
		}
		way {

		}
	}
	air_defence {
		name:t = "t2_aaa_mid_heavy_01"
		tm:m = [[0.373427, 0.0, 0.927658] [0.0, 1.0, 0.0] [-0.927658, 0.0, 0.373427] [678.895, 1586.8, -20607.1]]
		unit_class:t = "us_90mm_m1"
		objLayer:i = 1
		closed_waypoints:b = false
		isShipSpline:b = false
		shipTurnRadius:r = 100
		weapons:t = ""
		bullets0:t = ""
		bullets1:t = ""
		bullets2:t = ""
		bullets3:t = ""
		bulletsCount0:i = 0
		bulletsCount1:i = 0
		bulletsCount2:i = 0
		bulletsCount3:i = 0
		crewSkillK:r = 0
		applyAllMods:b = false
		props {
			army:i = 2
			count:i = 1
			formation_type:t = "rows"
			formation_div:i = 3
			formation_step:p2 = 2.5, 2
			formation_noise:p2 = 0.1, 0.1
			uniqueName:t = ""
			attack_type:t = "fire_at_will"
		}
		way {

		}
	}
	air_defence {
		name:t = "t2_aaa_mid_light_02"
		tm:m = [[-0.413537, 0.0, -0.910485] [0.0, 1.0, 0.0] [0.910485, 0.0, -0.413537] [706.415, 1590.72, -19650.1]]
		unit_class:t = "uk_40mm_bofors_airfield"
		objLayer:i = 1
		closed_waypoints:b = false
		isShipSpline:b = false
		shipTurnRadius:r = 100
		weapons:t = ""
		bullets0:t = ""
		bullets1:t = ""
		bullets2:t = ""
		bullets3:t = ""
		bulletsCount0:i = 0
		bulletsCount1:i = 0
		bulletsCount2:i = 0
		bulletsCount3:i = 0
		crewSkillK:r = 0
		applyAllMods:b = false
		props {
			army:i = 2
			count:i = 1
			formation_type:t = "rows"
			formation_div:i = 3
			formation_step:p2 = 2.5, 2
			formation_noise:p2 = 0.1, 0.1
			uniqueName:t = ""
			attack_type:t = "fire_at_will"
		}
		way {

		}
	}
	air_defence {
		name:t = "t2_aaa_mid_light_03"
		tm:m = [[0.373839, 0.0, 0.927492] [0.0, 1.0, 0.0] [-0.927492, 0.0, 0.373839] [-288.715, 1589.22, -18794.3]]
		unit_class:t = "uk_40mm_bofors_airfield"
		objLayer:i = 1
		closed_waypoints:b = false
		isShipSpline:b = false
		shipTurnRadius:r = 100
		weapons:t = ""
		bullets0:t = ""
		bullets1:t = ""
		bullets2:t = ""
		bullets3:t = ""
		bulletsCount0:i = 0
		bulletsCount1:i = 0
		bulletsCount2:i = 0
		bulletsCount3:i = 0
		crewSkillK:r = 0
		applyAllMods:b = false
		props {
			army:i = 2
			count:i = 1
			formation_type:t = "rows"
			formation_div:i = 3
			formation_step:p2 = 2.5, 2
			formation_noise:p2 = 0.1, 0.1
			uniqueName:t = ""
			attack_type:t = "fire_at_will"
		}
		way {

		}
	}
	air_defence {
		name:t = "t2_aaa_mid_light_04"
		tm:m = [[-0.332608, 0.0, -0.943067] [0.0, 1.0, 0.0] [0.943067, 0.0, -0.332608] [660.225, 1580.13, -18897.2]]
		unit_class:t = "uk_40mm_bofors_airfield"
		objLayer:i = 1
		closed_waypoints:b = false
		isShipSpline:b = false
		shipTurnRadius:r = 100
		weapons:t = ""
		bullets0:t = ""
		bullets1:t = ""
		bullets2:t = ""
		bullets3:t = ""
		bulletsCount0:i = 0
		bulletsCount1:i = 0
		bulletsCount2:i = 0
		bulletsCount3:i = 0
		crewSkillK:r = 0
		applyAllMods:b = false
		props {
			army:i = 2
			count:i = 1
			formation_type:t = "rows"
			formation_div:i = 3
			formation_step:p2 = 2.5, 2
			formation_noise:p2 = 0.1, 0.1
			uniqueName:t = ""
			attack_type:t = "fire_at_will"
		}
		way {

		}
	}
	air_defence {
		name:t = "t2_aaa_mid_heavy_02"
		tm:m = [[-0.413941, 0.0, -0.910302] [0.0, 1.0, 0.0] [0.910302, 0.0, -0.413941] [-255.965, 1603.13, -19433.3]]
		unit_class:t = "us_90mm_m1"
		objLayer:i = 1
		closed_waypoints:b = false
		isShipSpline:b = false
		shipTurnRadius:r = 100
		weapons:t = ""
		bullets0:t = ""
		bullets1:t = ""
		bullets2:t = ""
		bullets3:t = ""
		bulletsCount0:i = 0
		bulletsCount1:i = 0
		bulletsCount2:i = 0
		bulletsCount3:i = 0
		crewSkillK:r = 0
		applyAllMods:b = false
		props {
			army:i = 2
			count:i = 1
			formation_type:t = "rows"
			formation_div:i = 3
			formation_step:p2 = 2.5, 2
			formation_noise:p2 = 0.1, 0.1
			uniqueName:t = ""
			attack_type:t = "fire_at_will"
		}
		way {

		}
	}
	squad {
		name:t = "t2_def_aaa_mid_squad"
		tm:m = [[0.359976, 0.0, 0.932962] [0.0, 1.0, 0.0] [-0.932962, 0.0, 0.359976] [5016.72, 2644.19, -22866.3]]
		props {
			squad_members:t = "t2_aaa_mid_light_01"
			squad_members:t = "t2_aaa_mid_light_02"
			squad_members:t = "t2_aaa_mid_light_03"
			squad_members:t = "t2_aaa_mid_light_04"
			squad_members:t = "t2_aaa_mid_heavy_01"
			squad_members:t = "t2_aaa_mid_heavy_02"
			object_marking:i = 0
		}
	}
}
areas {
	t1_interceptor_area_mid {
		type:t = "Sphere"
		tm:m = [[5981.59, 0.0, 469.778] [0.0, 6000.0, 0.0] [-469.778, 0.0, 5981.59] [2922.78, 4000.0, 20509.8]]
		props {

		}
	}
	t1_assault_mid_spawn {
		type:t = "Sphere"
		tm:m = [[10.4214, 0.0, -299.818] [0.0, 300.0, 0.0] [299.818, 0.0, 10.4214] [3314.82, 4000.0, 15525.7]]
		props {

		}
	}
	t1_aaa_fighter_area_mid {
		type:t = "Sphere"
		tm:m = [[3987.74, 0.0, 313.187] [0.0, 4000.0, 0.0] [-313.187, 0.0, 3987.74] [2922.74, 5000.0, 20509.8]]
		props {

		}
	}
	t1_assault_area_mid {
		type:t = "Sphere"
		tm:m = [[9969.31, 0.0, 782.952] [0.0, 10000.0, 0.0] [-782.952, 0.0, 9969.31] [2922.74, 4000.0, 20509.8]]
		props {

		}
	}
	t1_interceptor_mid_spawn {
		type:t = "Sphere"
		tm:m = [[10.4214, 0.0, -299.818] [0.0, 300.0, 0.0] [299.818, 0.0, 10.4214] [2689.15, 4000.0, 23481.6]]
		props {

		}
	}
	t1_aaa_fighter_mid_spawn {
		type:t = "Sphere"
		tm:m = [[10.4214, 0.0, -299.818] [0.0, 300.0, 0.0] [299.818, 0.0, 10.4214] [2766.48, 5000.0, 22496.8]]
		props {

		}
	}
	t1_far_bomber_mid_spawn {
		type:t = "Sphere"
		tm:m = [[10.4214, 0.0, -299.818] [0.0, 300.0, 0.0] [299.818, 0.0, 10.4214] [-4236.6, 7500.0, 32448.5]]
		props {

		}
	}
	t1_main_bomber_mid_spawn {
		type:t = "Sphere"
		tm:m = [[10.4214, 0.0, -299.818] [0.0, 300.0, 0.0] [299.818, 0.0, 10.4214] [3118.41, 6500.0, 18017.8]]
		props {

		}
	}
	t1_far_bomber_area_mid {
		type:t = "Sphere"
		tm:m = [[3987.74, 0.0, 313.187] [0.0, 4000.0, 0.0] [-313.187, 0.0, 3987.74] [2922.74, 7500.0, 20509.8]]
		props {

		}
	}
	t1_main_bomber_area_mid {
		type:t = "Sphere"
		tm:m = [[4984.65, 0.0, 391.478] [0.0, 5000.0, 0.0] [-391.478, 0.0, 4984.65] [2922.74, 6500.0, 20509.8]]
		props {

		}
	}
	t2_interceptor_area_mid {
		type:t = "Sphere"
		tm:m = [[-5999.84, 0.0, 44.4395] [0.0, 6000.0, 0.0] [-44.4395, 0.0, -5999.84] [-104.965, 4000.0, -19842.3]]
		props {

		}
	}
	t2_assault_mid_spawn {
		type:t = "Sphere"
		tm:m = [[15.3047, 0.0, 299.608] [0.0, 300.0, 0.0] [-299.608, 0.0, 15.3047] [-67.6753, 4000.0, -14841.5]]
		props {

		}
	}
	t2_aaa_fighter_area_mid {
		type:t = "Sphere"
		tm:m = [[-3999.92, 0.0, 29.6127] [0.0, 4000.0, 0.0] [-29.6127, 0.0, -3999.92] [-104.965, 5000.0, -19842.3]]
		props {

		}
	}
	t2_assault_area_mid {
		type:t = "Sphere"
		tm:m = [[-9999.72, 0.0, 74.0414] [0.0, 10000.0, 0.0] [-74.0414, 0.0, -9999.72] [-104.955, 4000.0, -19842.3]]
		props {

		}
	}
	t2_interceptor_mid_spawn {
		type:t = "Sphere"
		tm:m = [[15.3047, 0.0, 299.608] [0.0, 300.0, 0.0] [-299.608, 0.0, 15.3047] [-126.655, 4000.0, -22823.1]]
		props {

		}
	}
	t2_aaa_fighter_mid_spawn {
		type:t = "Sphere"
		tm:m = [[15.3047, 0.0, 299.608] [0.0, 300.0, 0.0] [-299.608, 0.0, 15.3047] [-119.335, 5000.0, -21835.3]]
		props {

		}
	}
	t2_far_bomber_mid_spawn {
		type:t = "Sphere"
		tm:m = [[15.3047, 0.0, 299.608] [0.0, 300.0, 0.0] [-299.608, 0.0, 15.3047] [-89.7852, 7500.0, -17843.3]]
		props {

		}
	}
	t2_main_bomber_mid_spawn {
		type:t = "Sphere"
		tm:m = [[15.3047, 0.0, 299.608] [0.0, 300.0, 0.0] [-299.608, 0.0, 15.3047] [-86.105, 6500.0, -17342.5]]
		props {

		}
	}
	t2_far_bomber_area_mid {
		type:t = "Sphere"
		tm:m = [[-3999.92, 0.0, 29.6127] [0.0, 4000.0, 0.0] [-29.6127, 0.0, -3999.92] [-104.965, 7500.0, -19842.3]]
		props {

		}
	}
	t2_main_bomber_area_mid {
		type:t = "Sphere"
		tm:m = [[-4999.84, 0.0, 37.0175] [0.0, 5000.0, 0.0] [-37.0175, 0.0, -4999.84] [-104.955, 6500.0, -19842.3]]
		props {

		}
	}
	t2_common_fighters_mid_spawn {
		type:t = "Sphere"
		tm:m = [[15.3047, 0.0, 299.608] [0.0, 300.0, 0.0] [-299.608, 0.0, 15.3047] [-126.655, 3500.0, -22823.1]]
		props {

		}
	}
	t1_common_fighters_mid_spawn {
		type:t = "Sphere"
		tm:m = [[10.4214, 0.0, -299.818] [0.0, 300.0, 0.0] [299.818, 0.0, 10.4214] [2689.15, 3500.0, 23481.6]]
		props {

		}
	}
	location__mid_border {
		type:t = "Box"
		tm:m = [[128000.0, 0.0, -0.000600962] [0.0, 1000.0, 0.0] [0.000600962, 0.0, 128000.0] [-457.771, 0.0, -1765.39]]
		objLayer:i = 4
		props {

		}
	}
}
objLayers {
	layer {
		enabled:b = true
	}
	layer {
		enabled:b = true
	}
	layer {
		enabled:b = true
	}
	layer {
		enabled:b = false
	}
	layer {
		enabled:b = false
	}
}
wayPoints {

}