selected_tag:t = ""
bin_dump_file:t = ""
mission_settings {
	player {
		army:i = 1
	}
	player_teamB {
		army:i = 2
	}
	mission {
		level:t = "levels/ruhr.bin"
		type:t = "domination"
		environment:t = "Day"
		weather:t = "clear"
		locName:t = "missions/ruhr_BfD_norespawn"
		locDesc:t = "missions/_BfD_norespawn/desc"
		scoreLimit:i = 2900
		timeLimit:i = 25
		deathPenaltyMul:r = 0
		allowEmptyTeams:b = false
		country_axis:t = "germany"
		country_allies:t = "usa"
		restoreType:t = "attempts"
		optionalTakeOff:b = false
		allowedUnitTypes {
			isAirplanesAllowed:b = true
			isTanksAllowed:b = false
			isShipsAllowed:b = false
			isHelicoptersAllowed:b = false
		}
	}
}
imports {

}
triggers {
	isCategory:b = true
	is_enabled:b = true
}
mission_objectives {
	isCategory:b = true
	is_enabled:b = true
}
variables {

}
dialogs {

}
airfields {

}
effects {

}
units {
	tankModels {
		name:t = "t2_tank_01_01"
		tm:m = [[0.216439, 0.0, -0.976295] [0.0, 1.0, 0.0] [0.976295, 0.0, 0.216439] [69575.1, 22.9, 133126.0]]
		unit_class:t = "germ_pzkpfw_III_ausf_B"
		objLayer:i = 1
		closed_waypoints:b = false
		isShipSpline:b = false
		shipTurnRadius:r = 100
		weapons:t = ""
		bullets0:t = ""
		bullets1:t = ""
		bullets2:t = ""
		bullets3:t = ""
		bulletsCount0:i = 0
		bulletsCount1:i = 0
		bulletsCount2:i = 0
		bulletsCount3:i = 0
		crewSkillK:r = 0
		applyAllMods:b = false
		props {
			army:i = 2
			count:i = 1
			formation_type:t = "rows"
			formation_div:i = 1
			formation_step:p2 = 12, 6
			formation_noise:p2 = 0.4, 0.5
			uniqueName:t = ""
			attack_type:t = "fire_at_will"
			isDelayed:b = true
		}
		way {

		}
	}
	tankModels {
		name:t = "t1_tank_02_01"
		tm:m = [[0.09027, 0.0, 0.995918] [0.0, 1.0, 0.0] [-0.995918, 0.0, 0.09027] [-26932.1, 25.15, -139012.0]]
		unit_class:t = "us_m2a4"
		objLayer:i = 1
		closed_waypoints:b = false
		isShipSpline:b = false
		shipTurnRadius:r = 100
		weapons:t = ""
		bullets0:t = ""
		bullets1:t = ""
		bullets2:t = ""
		bullets3:t = ""
		bulletsCount0:i = 0
		bulletsCount1:i = 0
		bulletsCount2:i = 0
		bulletsCount3:i = 0
		crewSkillK:r = 0
		applyAllMods:b = false
		props {
			army:i = 1
			count:i = 1
			formation_type:t = "rows"
			formation_div:i = 1
			formation_step:p2 = 12, 6
			formation_noise:p2 = 0.4, 0.5
			uniqueName:t = ""
			attack_type:t = "fire_at_will"
			isDelayed:b = true
		}
		way {

		}
	}
	tankModels {
		name:t = "t1_tank_03_01"
		tm:m = [[-0.0329423, 0.0, 0.999458] [0.0, 1.0, 0.0] [-0.999458, 0.0, -0.0329423] [-20837.6, 36.7975, -139529.0]]
		unit_class:t = "us_m2a4"
		objLayer:i = 1
		closed_waypoints:b = false
		isShipSpline:b = false
		shipTurnRadius:r = 100
		weapons:t = ""
		bullets0:t = ""
		bullets1:t = ""
		bullets2:t = ""
		bullets3:t = ""
		bulletsCount0:i = 0
		bulletsCount1:i = 0
		bulletsCount2:i = 0
		bulletsCount3:i = 0
		crewSkillK:r = 0
		applyAllMods:b = false
		props {
			army:i = 1
			count:i = 1
			formation_type:t = "rows"
			formation_div:i = 1
			formation_step:p2 = 12, 6
			formation_noise:p2 = 0.4, 0.5
			uniqueName:t = ""
			attack_type:t = "fire_at_will"
			isDelayed:b = true
		}
		way {

		}
	}
	tankModels {
		name:t = "t1_tank_01_01"
		tm:m = [[-0.996194, 0.0, -0.0871558] [0.0, 1.0, 0.0] [0.0871558, 0.0, -0.996194] [-4369.5, 42.4977, -137860.0]]
		unit_class:t = "us_m2a4"
		objLayer:i = 1
		closed_waypoints:b = false
		isShipSpline:b = false
		shipTurnRadius:r = 100
		weapons:t = ""
		bullets0:t = ""
		bullets1:t = ""
		bullets2:t = ""
		bullets3:t = ""
		bulletsCount0:i = 0
		bulletsCount1:i = 0
		bulletsCount2:i = 0
		bulletsCount3:i = 0
		crewSkillK:r = 0
		applyAllMods:b = false
		props {
			army:i = 1
			count:i = 1
			formation_type:t = "rows"
			formation_div:i = 1
			formation_step:p2 = 12, 6
			formation_noise:p2 = 0.4, 0.5
			uniqueName:t = ""
			attack_type:t = "fire_at_will"
			isDelayed:b = true
		}
		way {

		}
	}
	tankModels {
		name:t = "t1_truck_03_01"
		tm:m = [[-0.0329423, 0.0, 0.999458] [0.0, 1.0, 0.0] [-0.999458, 0.0, -0.0329423] [-20767.9, 36.7477, -140280.0]]
		unit_class:t = "us_truck_us6_studebaker_tent"
		objLayer:i = 1
		closed_waypoints:b = false
		isShipSpline:b = false
		shipTurnRadius:r = 100
		weapons:t = ""
		bullets0:t = ""
		bullets1:t = ""
		bullets2:t = ""
		bullets3:t = ""
		bulletsCount0:i = 0
		bulletsCount1:i = 0
		bulletsCount2:i = 0
		bulletsCount3:i = 0
		crewSkillK:r = 0
		applyAllMods:b = false
		props {
			army:i = 1
			count:i = 1
			formation_type:t = "rows"
			formation_div:i = 2
			formation_step:p2 = 12, 8
			formation_noise:p2 = 0.4, 0.5
			uniqueName:t = ""
			attack_type:t = "fire_at_will"
			isDelayed:b = true
		}
		way {

		}
	}
	tankModels {
		name:t = "t1_truck_aaa_01_01"
		tm:m = [[-0.953716, 0.0, 0.300705] [0.0, 1.0, 0.0] [-0.300705, 0.0, -0.953716] [-2719.7, 96.0973, -139490.0]]
		unit_class:t = "uk_vickers_mk_6_aa_mk_1"
		objLayer:i = 1
		closed_waypoints:b = false
		isShipSpline:b = false
		shipTurnRadius:r = 100
		weapons:t = ""
		bullets0:t = ""
		bullets1:t = ""
		bullets2:t = ""
		bullets3:t = ""
		bulletsCount0:i = 0
		bulletsCount1:i = 0
		bulletsCount2:i = 0
		bulletsCount3:i = 0
		crewSkillK:r = 0
		applyAllMods:b = false
		props {
			army:i = 1
			count:i = 1
			formation_type:t = "rows"
			formation_div:i = 2
			formation_step:p2 = 12, 6
			formation_noise:p2 = 0.4, 0.5
			uniqueName:t = ""
			attack_type:t = "fire_at_will"
			isDelayed:b = true
		}
		way {

		}
	}
	tankModels {
		name:t = "t1_truck_01_01"
		tm:m = [[-0.976296, 0.0, 0.21644] [0.0, 1.0, 0.0] [-0.21644, 0.0, -0.976296] [-3751.6, 96.0977, -138630.0]]
		unit_class:t = "us_truck_us6_studebaker_tent"
		objLayer:i = 1
		closed_waypoints:b = false
		isShipSpline:b = false
		shipTurnRadius:r = 100
		weapons:t = ""
		bullets0:t = ""
		bullets1:t = ""
		bullets2:t = ""
		bullets3:t = ""
		bulletsCount0:i = 0
		bulletsCount1:i = 0
		bulletsCount2:i = 0
		bulletsCount3:i = 0
		crewSkillK:r = 0
		applyAllMods:b = false
		props {
			army:i = 1
			count:i = 1
			formation_type:t = "rows"
			formation_div:i = 2
			formation_step:p2 = 12, 6
			formation_noise:p2 = 0.4, 0.5
			uniqueName:t = ""
			attack_type:t = "fire_at_will"
			isDelayed:b = true
		}
		way {

		}
	}
	tankModels {
		name:t = "t2_truck_aaa_01_01"
		tm:m = [[0.216439, 0.0, -0.976295] [0.0, 1.0, 0.0] [0.976295, 0.0, 0.216439] [69328.7, 22.9, 134310.0]]
		unit_class:t = "germ_flakpanzer_I_ausf_A"
		objLayer:i = 1
		closed_waypoints:b = false
		isShipSpline:b = false
		shipTurnRadius:r = 100
		weapons:t = ""
		bullets0:t = ""
		bullets1:t = ""
		bullets2:t = ""
		bullets3:t = ""
		bulletsCount0:i = 0
		bulletsCount1:i = 0
		bulletsCount2:i = 0
		bulletsCount3:i = 0
		crewSkillK:r = 0
		applyAllMods:b = false
		props {
			army:i = 2
			count:i = 1
			formation_type:t = "rows"
			formation_div:i = 2
			formation_step:p2 = 12, 6
			formation_noise:p2 = 0.4, 0.5
			uniqueName:t = ""
			attack_type:t = "fire_at_will"
			isDelayed:b = true
		}
		way {

		}
	}
	tankModels {
		name:t = "t1_truck_02_01"
		tm:m = [[0.09027, 0.0, 0.995918] [0.0, 1.0, 0.0] [-0.995918, 0.0, 0.09027] [-26985.4, 25.2496, -139765.0]]
		unit_class:t = "us_truck_us6_studebaker_tent"
		objLayer:i = 1
		closed_waypoints:b = false
		isShipSpline:b = false
		shipTurnRadius:r = 100
		weapons:t = ""
		bullets0:t = ""
		bullets1:t = ""
		bullets2:t = ""
		bullets3:t = ""
		bulletsCount0:i = 0
		bulletsCount1:i = 0
		bulletsCount2:i = 0
		bulletsCount3:i = 0
		crewSkillK:r = 0
		applyAllMods:b = false
		props {
			army:i = 1
			count:i = 1
			formation_type:t = "rows"
			formation_div:i = 2
			formation_step:p2 = 12, 6
			formation_noise:p2 = 0.4, 0.5
			uniqueName:t = ""
			attack_type:t = "fire_at_will"
			isDelayed:b = true
		}
		way {

		}
	}
	tankModels {
		name:t = "t1_truck_aaa_02_01"
		tm:m = [[0.261838, 0.0, 0.965113] [0.0, 1.0, 0.0] [-0.965113, 0.0, 0.261838] [-27024.0, 25.2496, -140428.0]]
		unit_class:t = "uk_vickers_mk_6_aa_mk_1"
		objLayer:i = 1
		closed_waypoints:b = false
		isShipSpline:b = false
		shipTurnRadius:r = 100
		weapons:t = ""
		bullets0:t = ""
		bullets1:t = ""
		bullets2:t = ""
		bullets3:t = ""
		bulletsCount0:i = 0
		bulletsCount1:i = 0
		bulletsCount2:i = 0
		bulletsCount3:i = 0
		crewSkillK:r = 0
		applyAllMods:b = false
		props {
			army:i = 1
			count:i = 1
			formation_type:t = "rows"
			formation_div:i = 2
			formation_step:p2 = 12, 6
			formation_noise:p2 = 0.4, 0.5
			uniqueName:t = ""
			attack_type:t = "fire_at_will"
			isDelayed:b = true
		}
		way {

		}
	}
	tankModels {
		name:t = "t1_truck_aaa_03_01"
		tm:m = [[-0.0329423, 0.0, 0.999458] [0.0, 1.0, 0.0] [-0.999458, 0.0, -0.0329423] [-20717.2, 36.7477, -140928.0]]
		unit_class:t = "uk_vickers_mk_6_aa_mk_1"
		objLayer:i = 1
		closed_waypoints:b = false
		isShipSpline:b = false
		shipTurnRadius:r = 100
		weapons:t = ""
		bullets0:t = ""
		bullets1:t = ""
		bullets2:t = ""
		bullets3:t = ""
		bulletsCount0:i = 0
		bulletsCount1:i = 0
		bulletsCount2:i = 0
		bulletsCount3:i = 0
		crewSkillK:r = 0
		applyAllMods:b = false
		props {
			army:i = 1
			count:i = 1
			formation_type:t = "rows"
			formation_div:i = 2
			formation_step:p2 = 12, 6
			formation_noise:p2 = 0.4, 0.5
			uniqueName:t = ""
			attack_type:t = "fire_at_will"
			isDelayed:b = true
		}
		way {

		}
	}
	tankModels {
		name:t = "t2_truck_01_01"
		tm:m = [[0.216439, 0.0, -0.976295] [0.0, 1.0, 0.0] [0.976295, 0.0, 0.216439] [69447.7, 22.8996, 133683.0]]
		unit_class:t = "germ_truck_sdkfz_6_2_tent"
		objLayer:i = 1
		closed_waypoints:b = false
		isShipSpline:b = false
		shipTurnRadius:r = 100
		weapons:t = ""
		bullets0:t = ""
		bullets1:t = ""
		bullets2:t = ""
		bullets3:t = ""
		bulletsCount0:i = 0
		bulletsCount1:i = 0
		bulletsCount2:i = 0
		bulletsCount3:i = 0
		crewSkillK:r = 0
		applyAllMods:b = false
		props {
			army:i = 2
			count:i = 1
			formation_type:t = "rows"
			formation_div:i = 1
			formation_step:p2 = 12, 6
			formation_noise:p2 = 0.4, 0.5
			uniqueName:t = ""
			attack_type:t = "fire_at_will"
			isDelayed:b = true
		}
		way {

		}
	}
	tankModels {
		name:t = "t2_tank_02_01"
		tm:m = [[0.718038, 0.0, -0.696003] [0.0, 1.0, 0.0] [0.696003, 0.0, 0.718038] [58045.5, 33.5826, 129742.0]]
		unit_class:t = "germ_pzkpfw_III_ausf_B"
		objLayer:i = 1
		closed_waypoints:b = false
		isShipSpline:b = false
		shipTurnRadius:r = 100
		weapons:t = ""
		bullets0:t = ""
		bullets1:t = ""
		bullets2:t = ""
		bullets3:t = ""
		bulletsCount0:i = 0
		bulletsCount1:i = 0
		bulletsCount2:i = 0
		bulletsCount3:i = 0
		crewSkillK:r = 0
		applyAllMods:b = false
		props {
			army:i = 2
			count:i = 1
			formation_type:t = "rows"
			formation_div:i = 1
			formation_step:p2 = 12, 6
			formation_noise:p2 = 0.4, 0.5
			uniqueName:t = ""
			attack_type:t = "fire_at_will"
			isDelayed:b = true
		}
		way {

		}
	}
	tankModels {
		name:t = "t2_truck_aaa_02_01"
		tm:m = [[0.718038, 0.0, -0.696003] [0.0, 1.0, 0.0] [0.696003, 0.0, 0.718038] [57277.0, 33.5826, 130713.0]]
		unit_class:t = "germ_flakpanzer_I_ausf_A"
		objLayer:i = 1
		closed_waypoints:b = false
		isShipSpline:b = false
		shipTurnRadius:r = 100
		weapons:t = ""
		bullets0:t = ""
		bullets1:t = ""
		bullets2:t = ""
		bullets3:t = ""
		bulletsCount0:i = 0
		bulletsCount1:i = 0
		bulletsCount2:i = 0
		bulletsCount3:i = 0
		crewSkillK:r = 0
		applyAllMods:b = false
		props {
			army:i = 2
			count:i = 1
			formation_type:t = "rows"
			formation_div:i = 2
			formation_step:p2 = 12, 6
			formation_noise:p2 = 0.4, 0.5
			uniqueName:t = ""
			attack_type:t = "fire_at_will"
			isDelayed:b = true
		}
		way {

		}
	}
	tankModels {
		name:t = "t2_truck_02_01"
		tm:m = [[0.718038, 0.0, -0.696003] [0.0, 1.0, 0.0] [0.696003, 0.0, 0.718038] [57674.2, 33.5821, 130237.0]]
		unit_class:t = "germ_truck_sdkfz_6_2_tent"
		objLayer:i = 1
		closed_waypoints:b = false
		isShipSpline:b = false
		shipTurnRadius:r = 100
		weapons:t = ""
		bullets0:t = ""
		bullets1:t = ""
		bullets2:t = ""
		bullets3:t = ""
		bulletsCount0:i = 0
		bulletsCount1:i = 0
		bulletsCount2:i = 0
		bulletsCount3:i = 0
		crewSkillK:r = 0
		applyAllMods:b = false
		props {
			army:i = 2
			count:i = 1
			formation_type:t = "rows"
			formation_div:i = 1
			formation_step:p2 = 12, 6
			formation_noise:p2 = 0.4, 0.5
			uniqueName:t = ""
			attack_type:t = "fire_at_will"
			isDelayed:b = true
		}
		way {

		}
	}
	squad {
		name:t = "t1_road_01_squad"
		tm:m = [[1.0, 0.0, 0.0] [0.0, 1.0, 0.0] [0.0, 0.0, 1.0] [-1772.8, 2724.53, -141870.0]]
		props {
			object_marking:i = 0
			squad_members:t = "t1_tank_01_01"
			squad_members:t = "t1_tank_01_02"
			squad_members:t = "t1_tank_01_03"
			squad_members:t = "t1_tank_01_04"
			squad_members:t = "t1_tank_01_05"
			squad_members:t = "t1_truck_01_01"
			squad_members:t = "t1_truck_01_02"
			squad_members:t = "t1_truck_01_03"
			squad_members:t = "t1_truck_01_04"
			squad_members:t = "t1_truck_01_05"
			squad_members:t = "t1_truck_01_06"
			squad_members:t = "t1_truck_01_07"
			squad_members:t = "t1_truck_aaa_01_01"
			squad_members:t = "t1_truck_aaa_01_02"
			squad_members:t = "t1_truck_aaa_01_03"
		}
	}
	squad {
		name:t = "t1_road_02_squad"
		tm:m = [[1.0, 0.0, 0.0] [0.0, 1.0, 0.0] [0.0, 0.0, 1.0] [-32711.1, 25.2028, -137372.0]]
		props {
			object_marking:i = 0
			squad_members:t = "t1_tank_02_01"
			squad_members:t = "t1_tank_02_02"
			squad_members:t = "t1_tank_02_03"
			squad_members:t = "t1_tank_02_04"
			squad_members:t = "t1_tank_02_05"
			squad_members:t = "t1_truck_02_01"
			squad_members:t = "t1_truck_02_02"
			squad_members:t = "t1_truck_02_03"
			squad_members:t = "t1_truck_02_04"
			squad_members:t = "t1_truck_02_05"
			squad_members:t = "t1_truck_02_06"
			squad_members:t = "t1_truck_02_07"
			squad_members:t = "t1_truck_aaa_01_01"
			squad_members:t = "t1_truck_aaa_02_02"
			squad_members:t = "t1_truck_aaa_02_03"
		}
	}
	squad {
		name:t = "t1_road_03_squad"
		tm:m = [[1.0, 0.0, 0.0] [0.0, 1.0, 0.0] [0.0, 0.0, 1.0] [-21256.1, 36.775, -142608.0]]
		props {
			object_marking:i = 0
			squad_members:t = "t1_tank_03_01"
			squad_members:t = "t1_tank_03_02"
			squad_members:t = "t1_tank_03_03"
			squad_members:t = "t1_truck_03_01"
			squad_members:t = "t1_truck_03_02"
			squad_members:t = "t1_truck_03_03"
			squad_members:t = "t1_truck_03_04"
			squad_members:t = "t1_truck_03_05"
			squad_members:t = "t1_truck_aaa_03_01"
			squad_members:t = "t1_truck_aaa_03_02"
		}
	}
	squad {
		name:t = "t2_road_01_squad"
		tm:m = [[1.0, 0.0, 0.0] [0.0, 1.0, 0.0] [0.0, 0.0, 1.0] [71439.7, 22.9, 135706.0]]
		props {
			object_marking:i = 0
			squad_members:t = "t2_tank_01_01"
			squad_members:t = "t2_tank_01_02"
			squad_members:t = "t2_truck_01_01"
			squad_members:t = "t2_truck_01_02"
			squad_members:t = "t2_truck_01_03"
			squad_members:t = "t2_truck_01_04"
			squad_members:t = "t2_truck_aaa_01_01"
			squad_members:t = "t2_truck_aaa_01_02"
		}
	}
	squad {
		name:t = "t2_road_02_squad"
		tm:m = [[1.0, 0.0, 0.0] [0.0, 1.0, 0.0] [0.0, 0.0, 1.0] [61392.9, 33.5826, 139677.0]]
		props {
			object_marking:i = 0
			squad_members:t = "t2_tank_02_01"
			squad_members:t = "t2_tank_02_02"
			squad_members:t = "t2_truck_02_01"
			squad_members:t = "t2_truck_02_02"
			squad_members:t = "t2_truck_02_03"
			squad_members:t = "t2_truck_02_04"
			squad_members:t = "t2_truck_aaa_02_01"
			squad_members:t = "t2_truck_aaa_02_02"
		}
	}
	squad {
		name:t = "t1_tanks_squad"
		tm:m = [[1.0, 0.0, 0.0] [0.0, 1.0, 0.0] [0.0, 0.0, 1.0] [-22350.8, 34.819, -148214.0]]
		props {
			object_marking:i = 0
			squad_members:t = "t1_tank_01_01"
			squad_members:t = "t1_tank_01_02"
			squad_members:t = "t1_tank_01_03"
			squad_members:t = "t1_tank_01_04"
			squad_members:t = "t1_tank_01_05"
			squad_members:t = "t1_tank_02_01"
			squad_members:t = "t1_tank_02_02"
			squad_members:t = "t1_tank_02_03"
			squad_members:t = "t1_tank_02_04"
			squad_members:t = "t1_tank_02_05"
			squad_members:t = "t1_tank_03_01"
			squad_members:t = "t1_tank_03_02"
			squad_members:t = "t1_tank_03_03"
		}
	}
	squad {
		name:t = "t1_trucks_squad"
		tm:m = [[1.0, 0.0, 0.0] [0.0, 1.0, 0.0] [0.0, 0.0, 1.0] [-20885.7, 52.6989, -150858.0]]
		props {
			object_marking:i = 0
			squad_members:t = "t1_truck_01_01"
			squad_members:t = "t1_truck_01_02"
			squad_members:t = "t1_truck_01_03"
			squad_members:t = "t1_truck_01_04"
			squad_members:t = "t1_truck_01_05"
			squad_members:t = "t1_truck_01_06"
			squad_members:t = "t1_truck_01_07"
			squad_members:t = "t1_truck_02_01"
			squad_members:t = "t1_truck_02_02"
			squad_members:t = "t1_truck_02_03"
			squad_members:t = "t1_truck_02_04"
			squad_members:t = "t1_truck_02_05"
			squad_members:t = "t1_truck_02_06"
			squad_members:t = "t1_truck_02_07"
			squad_members:t = "t1_truck_03_01"
			squad_members:t = "t1_truck_03_02"
			squad_members:t = "t1_truck_03_03"
			squad_members:t = "t1_truck_03_04"
			squad_members:t = "t1_truck_03_05"
		}
	}
	squad {
		name:t = "t1_trucks_aaa_squad"
		tm:m = [[1.0, 0.0, 0.0] [0.0, 1.0, 0.0] [0.0, 0.0, 1.0] [-23924.7, 52.7038, -150446.0]]
		props {
			object_marking:i = 0
			squad_members:t = "t1_truck_aaa_01_01"
			squad_members:t = "t1_truck_aaa_01_02"
			squad_members:t = "t1_truck_aaa_01_03"
			squad_members:t = "t1_truck_aaa_02_01"
			squad_members:t = "t1_truck_aaa_02_02"
			squad_members:t = "t1_truck_aaa_02_03"
			squad_members:t = "t1_truck_aaa_03_01"
			squad_members:t = "t1_truck_aaa_03_02"
		}
	}
	squad {
		name:t = "t2_tanks_squad"
		tm:m = [[1.0, 0.0, 0.0] [0.0, 1.0, 0.0] [0.0, 0.0, 1.0] [72654.4, 27.5357, 148360.0]]
		props {
			object_marking:i = 0
			squad_members:t = "t2_tank_01_01"
			squad_members:t = "t2_tank_01_02"
			squad_members:t = "t2_tank_02_01"
			squad_members:t = "t2_tank_02_02"
		}
	}
	squad {
		name:t = "t2_trucks_squad"
		tm:m = [[1.0, 0.0, 0.0] [0.0, 1.0, 0.0] [0.0, 0.0, 1.0] [75614.0, 27.5484, 151302.0]]
		props {
			object_marking:i = 0
			squad_members:t = "t2_truck_01_01"
			squad_members:t = "t2_truck_01_02"
			squad_members:t = "t2_truck_01_03"
			squad_members:t = "t2_truck_01_04"
			squad_members:t = "t2_truck_02_01"
			squad_members:t = "t2_truck_02_02"
			squad_members:t = "t2_truck_02_03"
			squad_members:t = "t2_truck_02_04"
		}
	}
	squad {
		name:t = "t2_trucks_aaa_squad"
		tm:m = [[1.0, 0.0, 0.0] [0.0, 1.0, 0.0] [0.0, 0.0, 1.0] [70594.3, 27.5377, 151004.0]]
		props {
			object_marking:i = 0
			squad_members:t = "t2_truck_aaa_01_01"
			squad_members:t = "t2_truck_aaa_01_02"
			squad_members:t = "t2_truck_aaa_02_01"
			squad_members:t = "t2_truck_aaa_02_02"
		}
	}
	squad {
		name:t = "all_road_units_squad"
		tm:m = [[1.0, 0.0, 0.0] [0.0, 1.0, 0.0] [0.0, 0.0, 1.0] [-58917.3, 478.199, -84370.3]]
		props {
			object_marking:i = 0
			squad_members:t = "t1_road_01_squad"
			squad_members:t = "t1_road_02_squad"
			squad_members:t = "t1_road_03_squad"
			squad_members:t = "t2_road_01_squad"
			squad_members:t = "t2_road_02_squad"
		}
	}
	tankModels {
		name:t = "t1_tank_01_02"
		tm:m = [[-0.996194, 0.0, -0.0871558] [0.0, 1.0, 0.0] [0.0871558, 0.0, -0.996194] [-4162.2, 42.4977, -137796.0]]
		unit_class:t = "us_m2a4"
		objLayer:i = 1
		closed_waypoints:b = false
		isShipSpline:b = false
		shipTurnRadius:r = 100
		weapons:t = ""
		bullets0:t = ""
		bullets1:t = ""
		bullets2:t = ""
		bullets3:t = ""
		bulletsCount0:i = 0
		bulletsCount1:i = 0
		bulletsCount2:i = 0
		bulletsCount3:i = 0
		crewSkillK:r = 0
		applyAllMods:b = false
		props {
			army:i = 1
			count:i = 1
			formation_type:t = "rows"
			formation_div:i = 1
			formation_step:p2 = 12, 6
			formation_noise:p2 = 0.4, 0.5
			uniqueName:t = ""
			attack_type:t = "fire_at_will"
			isDelayed:b = true
		}
		way {

		}
	}
	tankModels {
		name:t = "t1_tank_01_03"
		tm:m = [[-0.996194, 0.0, -0.0871558] [0.0, 1.0, 0.0] [0.0871558, 0.0, -0.996194] [-3969.9, 42.4972, -137726.0]]
		unit_class:t = "us_m2a4"
		objLayer:i = 1
		closed_waypoints:b = false
		isShipSpline:b = false
		shipTurnRadius:r = 100
		weapons:t = ""
		bullets0:t = ""
		bullets1:t = ""
		bullets2:t = ""
		bullets3:t = ""
		bulletsCount0:i = 0
		bulletsCount1:i = 0
		bulletsCount2:i = 0
		bulletsCount3:i = 0
		crewSkillK:r = 0
		applyAllMods:b = false
		props {
			army:i = 1
			count:i = 1
			formation_type:t = "rows"
			formation_div:i = 1
			formation_step:p2 = 12, 6
			formation_noise:p2 = 0.4, 0.5
			uniqueName:t = ""
			attack_type:t = "fire_at_will"
			isDelayed:b = true
		}
		way {

		}
	}
	tankModels {
		name:t = "t1_tank_01_04"
		tm:m = [[-0.996194, 0.0, -0.0871558] [0.0, 1.0, 0.0] [0.0871558, 0.0, -0.996194] [-3797.6, 42.4969, -137664.0]]
		unit_class:t = "us_m2a4"
		objLayer:i = 1
		closed_waypoints:b = false
		isShipSpline:b = false
		shipTurnRadius:r = 100
		weapons:t = ""
		bullets0:t = ""
		bullets1:t = ""
		bullets2:t = ""
		bullets3:t = ""
		bulletsCount0:i = 0
		bulletsCount1:i = 0
		bulletsCount2:i = 0
		bulletsCount3:i = 0
		crewSkillK:r = 0
		applyAllMods:b = false
		props {
			army:i = 1
			count:i = 1
			formation_type:t = "rows"
			formation_div:i = 1
			formation_step:p2 = 12, 6
			formation_noise:p2 = 0.4, 0.5
			uniqueName:t = ""
			attack_type:t = "fire_at_will"
			isDelayed:b = true
		}
		way {

		}
	}
	tankModels {
		name:t = "t1_tank_01_05"
		tm:m = [[-0.996194, 0.0, -0.0871558] [0.0, 1.0, 0.0] [0.0871558, 0.0, -0.996194] [-3628.6, 42.4972, -137614.0]]
		unit_class:t = "us_m2a4"
		objLayer:i = 1
		closed_waypoints:b = false
		isShipSpline:b = false
		shipTurnRadius:r = 100
		weapons:t = ""
		bullets0:t = ""
		bullets1:t = ""
		bullets2:t = ""
		bullets3:t = ""
		bulletsCount0:i = 0
		bulletsCount1:i = 0
		bulletsCount2:i = 0
		bulletsCount3:i = 0
		crewSkillK:r = 0
		applyAllMods:b = false
		props {
			army:i = 1
			count:i = 1
			formation_type:t = "rows"
			formation_div:i = 1
			formation_step:p2 = 12, 6
			formation_noise:p2 = 0.4, 0.5
			uniqueName:t = ""
			attack_type:t = "fire_at_will"
			isDelayed:b = true
		}
		way {

		}
	}
	tankModels {
		name:t = "t1_truck_01_02"
		tm:m = [[-0.976296, 0.0, 0.21644] [0.0, 1.0, 0.0] [-0.21644, 0.0, -0.976296] [-3601.1, 96.0978, -138586.0]]
		unit_class:t = "us_truck_us6_studebaker_tent"
		objLayer:i = 1
		closed_waypoints:b = false
		isShipSpline:b = false
		shipTurnRadius:r = 100
		weapons:t = ""
		bullets0:t = ""
		bullets1:t = ""
		bullets2:t = ""
		bullets3:t = ""
		bulletsCount0:i = 0
		bulletsCount1:i = 0
		bulletsCount2:i = 0
		bulletsCount3:i = 0
		crewSkillK:r = 0
		applyAllMods:b = false
		props {
			army:i = 1
			count:i = 1
			formation_type:t = "rows"
			formation_div:i = 2
			formation_step:p2 = 12, 6
			formation_noise:p2 = 0.4, 0.5
			uniqueName:t = ""
			attack_type:t = "fire_at_will"
			isDelayed:b = true
		}
		way {

		}
	}
	tankModels {
		name:t = "t1_truck_01_03"
		tm:m = [[-0.976296, 0.0, 0.21644] [0.0, 1.0, 0.0] [-0.21644, 0.0, -0.976296] [-3452.2, 96.0978, -138516.0]]
		unit_class:t = "us_truck_us6_studebaker_tent"
		objLayer:i = 1
		closed_waypoints:b = false
		isShipSpline:b = false
		shipTurnRadius:r = 100
		weapons:t = ""
		bullets0:t = ""
		bullets1:t = ""
		bullets2:t = ""
		bullets3:t = ""
		bulletsCount0:i = 0
		bulletsCount1:i = 0
		bulletsCount2:i = 0
		bulletsCount3:i = 0
		crewSkillK:r = 0
		applyAllMods:b = false
		props {
			army:i = 1
			count:i = 1
			formation_type:t = "rows"
			formation_div:i = 2
			formation_step:p2 = 12, 6
			formation_noise:p2 = 0.4, 0.5
			uniqueName:t = ""
			attack_type:t = "fire_at_will"
			isDelayed:b = true
		}
		way {

		}
	}
	tankModels {
		name:t = "t1_truck_01_04"
		tm:m = [[-0.976296, 0.0, 0.21644] [0.0, 1.0, 0.0] [-0.21644, 0.0, -0.976296] [-3306.9, 96.0978, -138480.0]]
		unit_class:t = "us_truck_us6_studebaker_tent"
		objLayer:i = 1
		closed_waypoints:b = false
		isShipSpline:b = false
		shipTurnRadius:r = 100
		weapons:t = ""
		bullets0:t = ""
		bullets1:t = ""
		bullets2:t = ""
		bullets3:t = ""
		bulletsCount0:i = 0
		bulletsCount1:i = 0
		bulletsCount2:i = 0
		bulletsCount3:i = 0
		crewSkillK:r = 0
		applyAllMods:b = false
		props {
			army:i = 1
			count:i = 1
			formation_type:t = "rows"
			formation_div:i = 2
			formation_step:p2 = 12, 6
			formation_noise:p2 = 0.4, 0.5
			uniqueName:t = ""
			attack_type:t = "fire_at_will"
			isDelayed:b = true
		}
		way {

		}
	}
	tankModels {
		name:t = "t1_truck_01_05"
		tm:m = [[-0.976296, 0.0, 0.21644] [0.0, 1.0, 0.0] [-0.21644, 0.0, -0.976296] [-3184.3, 96.0978, -138422.0]]
		unit_class:t = "us_truck_us6_studebaker_tent"
		objLayer:i = 1
		closed_waypoints:b = false
		isShipSpline:b = false
		shipTurnRadius:r = 100
		weapons:t = ""
		bullets0:t = ""
		bullets1:t = ""
		bullets2:t = ""
		bullets3:t = ""
		bulletsCount0:i = 0
		bulletsCount1:i = 0
		bulletsCount2:i = 0
		bulletsCount3:i = 0
		crewSkillK:r = 0
		applyAllMods:b = false
		props {
			army:i = 1
			count:i = 1
			formation_type:t = "rows"
			formation_div:i = 2
			formation_step:p2 = 12, 6
			formation_noise:p2 = 0.4, 0.5
			uniqueName:t = ""
			attack_type:t = "fire_at_will"
			isDelayed:b = true
		}
		way {

		}
	}
	tankModels {
		name:t = "t1_truck_01_06"
		tm:m = [[-0.976296, 0.0, 0.21644] [0.0, 1.0, 0.0] [-0.21644, 0.0, -0.976296] [-3027.3, 96.0978, -138388.0]]
		unit_class:t = "us_truck_us6_studebaker_tent"
		objLayer:i = 1
		closed_waypoints:b = false
		isShipSpline:b = false
		shipTurnRadius:r = 100
		weapons:t = ""
		bullets0:t = ""
		bullets1:t = ""
		bullets2:t = ""
		bullets3:t = ""
		bulletsCount0:i = 0
		bulletsCount1:i = 0
		bulletsCount2:i = 0
		bulletsCount3:i = 0
		crewSkillK:r = 0
		applyAllMods:b = false
		props {
			army:i = 1
			count:i = 1
			formation_type:t = "rows"
			formation_div:i = 2
			formation_step:p2 = 12, 6
			formation_noise:p2 = 0.4, 0.5
			uniqueName:t = ""
			attack_type:t = "fire_at_will"
			isDelayed:b = true
		}
		way {

		}
	}
	tankModels {
		name:t = "t1_truck_01_07"
		tm:m = [[-0.976296, 0.0, 0.21644] [0.0, 1.0, 0.0] [-0.21644, 0.0, -0.976296] [-2908.7, 96.0978, -138324.0]]
		unit_class:t = "us_truck_us6_studebaker_tent"
		objLayer:i = 1
		closed_waypoints:b = false
		isShipSpline:b = false
		shipTurnRadius:r = 100
		weapons:t = ""
		bullets0:t = ""
		bullets1:t = ""
		bullets2:t = ""
		bullets3:t = ""
		bulletsCount0:i = 0
		bulletsCount1:i = 0
		bulletsCount2:i = 0
		bulletsCount3:i = 0
		crewSkillK:r = 0
		applyAllMods:b = false
		props {
			army:i = 1
			count:i = 1
			formation_type:t = "rows"
			formation_div:i = 2
			formation_step:p2 = 12, 6
			formation_noise:p2 = 0.4, 0.5
			uniqueName:t = ""
			attack_type:t = "fire_at_will"
			isDelayed:b = true
		}
		way {

		}
	}
	tankModels {
		name:t = "t1_truck_aaa_01_02"
		tm:m = [[-0.953716, 0.0, 0.300705] [0.0, 1.0, 0.0] [-0.300705, 0.0, -0.953716] [-2571.7, 96.0973, -139432.0]]
		unit_class:t = "uk_vickers_mk_6_aa_mk_1"
		objLayer:i = 1
		closed_waypoints:b = false
		isShipSpline:b = false
		shipTurnRadius:r = 100
		weapons:t = ""
		bullets0:t = ""
		bullets1:t = ""
		bullets2:t = ""
		bullets3:t = ""
		bulletsCount0:i = 0
		bulletsCount1:i = 0
		bulletsCount2:i = 0
		bulletsCount3:i = 0
		crewSkillK:r = 0
		applyAllMods:b = false
		props {
			army:i = 1
			count:i = 1
			formation_type:t = "rows"
			formation_div:i = 2
			formation_step:p2 = 12, 6
			formation_noise:p2 = 0.4, 0.5
			uniqueName:t = ""
			attack_type:t = "fire_at_will"
			isDelayed:b = true
		}
		way {

		}
	}
	tankModels {
		name:t = "t1_truck_aaa_01_03"
		tm:m = [[-0.953716, 0.0, 0.300705] [0.0, 1.0, 0.0] [-0.300705, 0.0, -0.953716] [-2439.4, 96.0973, -139334.0]]
		unit_class:t = "uk_vickers_mk_6_aa_mk_1"
		objLayer:i = 1
		closed_waypoints:b = false
		isShipSpline:b = false
		shipTurnRadius:r = 100
		weapons:t = ""
		bullets0:t = ""
		bullets1:t = ""
		bullets2:t = ""
		bullets3:t = ""
		bulletsCount0:i = 0
		bulletsCount1:i = 0
		bulletsCount2:i = 0
		bulletsCount3:i = 0
		crewSkillK:r = 0
		applyAllMods:b = false
		props {
			army:i = 1
			count:i = 1
			formation_type:t = "rows"
			formation_div:i = 2
			formation_step:p2 = 12, 6
			formation_noise:p2 = 0.4, 0.5
			uniqueName:t = ""
			attack_type:t = "fire_at_will"
			isDelayed:b = true
		}
		way {

		}
	}
	tankModels {
		name:t = "t1_tank_02_02"
		tm:m = [[0.09027, 0.0, 0.995918] [0.0, 1.0, 0.0] [-0.995918, 0.0, 0.09027] [-26877.1, 25.15, -139012.0]]
		unit_class:t = "us_m2a4"
		objLayer:i = 1
		closed_waypoints:b = false
		isShipSpline:b = false
		shipTurnRadius:r = 100
		weapons:t = ""
		bullets0:t = ""
		bullets1:t = ""
		bullets2:t = ""
		bullets3:t = ""
		bulletsCount0:i = 0
		bulletsCount1:i = 0
		bulletsCount2:i = 0
		bulletsCount3:i = 0
		crewSkillK:r = 0
		applyAllMods:b = false
		props {
			army:i = 1
			count:i = 1
			formation_type:t = "rows"
			formation_div:i = 1
			formation_step:p2 = 12, 6
			formation_noise:p2 = 0.4, 0.5
			uniqueName:t = ""
			attack_type:t = "fire_at_will"
			isDelayed:b = true
		}
		way {

		}
	}
	tankModels {
		name:t = "t1_tank_02_03"
		tm:m = [[0.09027, 0.0, 0.995918] [0.0, 1.0, 0.0] [-0.995918, 0.0, 0.09027] [-26810.4, 25.15, -139012.0]]
		unit_class:t = "us_m2a4"
		objLayer:i = 1
		closed_waypoints:b = false
		isShipSpline:b = false
		shipTurnRadius:r = 100
		weapons:t = ""
		bullets0:t = ""
		bullets1:t = ""
		bullets2:t = ""
		bullets3:t = ""
		bulletsCount0:i = 0
		bulletsCount1:i = 0
		bulletsCount2:i = 0
		bulletsCount3:i = 0
		crewSkillK:r = 0
		applyAllMods:b = false
		props {
			army:i = 1
			count:i = 1
			formation_type:t = "rows"
			formation_div:i = 1
			formation_step:p2 = 12, 6
			formation_noise:p2 = 0.4, 0.5
			uniqueName:t = ""
			attack_type:t = "fire_at_will"
			isDelayed:b = true
		}
		way {

		}
	}
	tankModels {
		name:t = "t1_tank_02_04"
		tm:m = [[0.09027, 0.0, 0.995918] [0.0, 1.0, 0.0] [-0.995918, 0.0, 0.09027] [-26739.1, 25.15, -139012.0]]
		unit_class:t = "us_m2a4"
		objLayer:i = 1
		closed_waypoints:b = false
		isShipSpline:b = false
		shipTurnRadius:r = 100
		weapons:t = ""
		bullets0:t = ""
		bullets1:t = ""
		bullets2:t = ""
		bullets3:t = ""
		bulletsCount0:i = 0
		bulletsCount1:i = 0
		bulletsCount2:i = 0
		bulletsCount3:i = 0
		crewSkillK:r = 0
		applyAllMods:b = false
		props {
			army:i = 1
			count:i = 1
			formation_type:t = "rows"
			formation_div:i = 1
			formation_step:p2 = 12, 6
			formation_noise:p2 = 0.4, 0.5
			uniqueName:t = ""
			attack_type:t = "fire_at_will"
			isDelayed:b = true
		}
		way {

		}
	}
	tankModels {
		name:t = "t1_tank_02_05"
		tm:m = [[0.09027, 0.0, 0.995918] [0.0, 1.0, 0.0] [-0.995918, 0.0, 0.09027] [-26684.9, 25.15, -139012.0]]
		unit_class:t = "us_m2a4"
		objLayer:i = 1
		closed_waypoints:b = false
		isShipSpline:b = false
		shipTurnRadius:r = 100
		weapons:t = ""
		bullets0:t = ""
		bullets1:t = ""
		bullets2:t = ""
		bullets3:t = ""
		bulletsCount0:i = 0
		bulletsCount1:i = 0
		bulletsCount2:i = 0
		bulletsCount3:i = 0
		crewSkillK:r = 0
		applyAllMods:b = false
		props {
			army:i = 1
			count:i = 1
			formation_type:t = "rows"
			formation_div:i = 1
			formation_step:p2 = 12, 6
			formation_noise:p2 = 0.4, 0.5
			uniqueName:t = ""
			attack_type:t = "fire_at_will"
			isDelayed:b = true
		}
		way {

		}
	}
	tankModels {
		name:t = "t1_truck_02_02"
		tm:m = [[0.09027, 0.0, 0.995918] [0.0, 1.0, 0.0] [-0.995918, 0.0, 0.09027] [-26893.4, 25.2496, -139765.0]]
		unit_class:t = "us_truck_us6_studebaker_tent"
		objLayer:i = 1
		closed_waypoints:b = false
		isShipSpline:b = false
		shipTurnRadius:r = 100
		weapons:t = ""
		bullets0:t = ""
		bullets1:t = ""
		bullets2:t = ""
		bullets3:t = ""
		bulletsCount0:i = 0
		bulletsCount1:i = 0
		bulletsCount2:i = 0
		bulletsCount3:i = 0
		crewSkillK:r = 0
		applyAllMods:b = false
		props {
			army:i = 1
			count:i = 1
			formation_type:t = "rows"
			formation_div:i = 2
			formation_step:p2 = 12, 6
			formation_noise:p2 = 0.4, 0.5
			uniqueName:t = ""
			attack_type:t = "fire_at_will"
			isDelayed:b = true
		}
		way {

		}
	}
	tankModels {
		name:t = "t1_truck_02_03"
		tm:m = [[0.09027, 0.0, 0.995918] [0.0, 1.0, 0.0] [-0.995918, 0.0, 0.09027] [-26803.6, 25.2496, -139765.0]]
		unit_class:t = "us_truck_us6_studebaker_tent"
		objLayer:i = 1
		closed_waypoints:b = false
		isShipSpline:b = false
		shipTurnRadius:r = 100
		weapons:t = ""
		bullets0:t = ""
		bullets1:t = ""
		bullets2:t = ""
		bullets3:t = ""
		bulletsCount0:i = 0
		bulletsCount1:i = 0
		bulletsCount2:i = 0
		bulletsCount3:i = 0
		crewSkillK:r = 0
		applyAllMods:b = false
		props {
			army:i = 1
			count:i = 1
			formation_type:t = "rows"
			formation_div:i = 2
			formation_step:p2 = 12, 6
			formation_noise:p2 = 0.4, 0.5
			uniqueName:t = ""
			attack_type:t = "fire_at_will"
			isDelayed:b = true
		}
		way {

		}
	}
	tankModels {
		name:t = "t1_truck_02_04"
		tm:m = [[0.09027, 0.0, 0.995918] [0.0, 1.0, 0.0] [-0.995918, 0.0, 0.09027] [-26733.3, 25.2496, -139765.0]]
		unit_class:t = "us_truck_us6_studebaker_tent"
		objLayer:i = 1
		closed_waypoints:b = false
		isShipSpline:b = false
		shipTurnRadius:r = 100
		weapons:t = ""
		bullets0:t = ""
		bullets1:t = ""
		bullets2:t = ""
		bullets3:t = ""
		bulletsCount0:i = 0
		bulletsCount1:i = 0
		bulletsCount2:i = 0
		bulletsCount3:i = 0
		crewSkillK:r = 0
		applyAllMods:b = false
		props {
			army:i = 1
			count:i = 1
			formation_type:t = "rows"
			formation_div:i = 2
			formation_step:p2 = 12, 6
			formation_noise:p2 = 0.4, 0.5
			uniqueName:t = ""
			attack_type:t = "fire_at_will"
			isDelayed:b = true
		}
		way {

		}
	}
	tankModels {
		name:t = "t1_truck_02_05"
		tm:m = [[0.09027, 0.0, 0.995918] [0.0, 1.0, 0.0] [-0.995918, 0.0, 0.09027] [-26658.6, 25.2496, -139765.0]]
		unit_class:t = "us_truck_us6_studebaker_tent"
		objLayer:i = 1
		closed_waypoints:b = false
		isShipSpline:b = false
		shipTurnRadius:r = 100
		weapons:t = ""
		bullets0:t = ""
		bullets1:t = ""
		bullets2:t = ""
		bullets3:t = ""
		bulletsCount0:i = 0
		bulletsCount1:i = 0
		bulletsCount2:i = 0
		bulletsCount3:i = 0
		crewSkillK:r = 0
		applyAllMods:b = false
		props {
			army:i = 1
			count:i = 1
			formation_type:t = "rows"
			formation_div:i = 2
			formation_step:p2 = 12, 6
			formation_noise:p2 = 0.4, 0.5
			uniqueName:t = ""
			attack_type:t = "fire_at_will"
			isDelayed:b = true
		}
		way {

		}
	}
	tankModels {
		name:t = "t1_truck_02_06"
		tm:m = [[0.09027, 0.0, 0.995918] [0.0, 1.0, 0.0] [-0.995918, 0.0, 0.09027] [-26594.5, 25.2496, -139765.0]]
		unit_class:t = "us_truck_us6_studebaker_tent"
		objLayer:i = 1
		closed_waypoints:b = false
		isShipSpline:b = false
		shipTurnRadius:r = 100
		weapons:t = ""
		bullets0:t = ""
		bullets1:t = ""
		bullets2:t = ""
		bullets3:t = ""
		bulletsCount0:i = 0
		bulletsCount1:i = 0
		bulletsCount2:i = 0
		bulletsCount3:i = 0
		crewSkillK:r = 0
		applyAllMods:b = false
		props {
			army:i = 1
			count:i = 1
			formation_type:t = "rows"
			formation_div:i = 2
			formation_step:p2 = 12, 6
			formation_noise:p2 = 0.4, 0.5
			uniqueName:t = ""
			attack_type:t = "fire_at_will"
			isDelayed:b = true
		}
		way {

		}
	}
	tankModels {
		name:t = "t1_truck_02_07"
		tm:m = [[0.09027, 0.0, 0.995918] [0.0, 1.0, 0.0] [-0.995918, 0.0, 0.09027] [-26525.6, 25.2496, -139765.0]]
		unit_class:t = "us_truck_us6_studebaker_tent"
		objLayer:i = 1
		closed_waypoints:b = false
		isShipSpline:b = false
		shipTurnRadius:r = 100
		weapons:t = ""
		bullets0:t = ""
		bullets1:t = ""
		bullets2:t = ""
		bullets3:t = ""
		bulletsCount0:i = 0
		bulletsCount1:i = 0
		bulletsCount2:i = 0
		bulletsCount3:i = 0
		crewSkillK:r = 0
		applyAllMods:b = false
		props {
			army:i = 1
			count:i = 1
			formation_type:t = "rows"
			formation_div:i = 2
			formation_step:p2 = 12, 6
			formation_noise:p2 = 0.4, 0.5
			uniqueName:t = ""
			attack_type:t = "fire_at_will"
			isDelayed:b = true
		}
		way {

		}
	}
	tankModels {
		name:t = "t1_truck_aaa_02_02"
		tm:m = [[0.261838, 0.0, 0.965113] [0.0, 1.0, 0.0] [-0.965113, 0.0, 0.261838] [-26939.6, 25.2496, -140428.0]]
		unit_class:t = "uk_vickers_mk_6_aa_mk_1"
		objLayer:i = 1
		closed_waypoints:b = false
		isShipSpline:b = false
		shipTurnRadius:r = 100
		weapons:t = ""
		bullets0:t = ""
		bullets1:t = ""
		bullets2:t = ""
		bullets3:t = ""
		bulletsCount0:i = 0
		bulletsCount1:i = 0
		bulletsCount2:i = 0
		bulletsCount3:i = 0
		crewSkillK:r = 0
		applyAllMods:b = false
		props {
			army:i = 1
			count:i = 1
			formation_type:t = "rows"
			formation_div:i = 2
			formation_step:p2 = 12, 6
			formation_noise:p2 = 0.4, 0.5
			uniqueName:t = ""
			attack_type:t = "fire_at_will"
			isDelayed:b = true
		}
		way {

		}
	}
	tankModels {
		name:t = "t1_truck_aaa_02_03"
		tm:m = [[0.261838, 0.0, 0.965113] [0.0, 1.0, 0.0] [-0.965113, 0.0, 0.261838] [-26840.5, 25.2496, -140428.0]]
		unit_class:t = "uk_vickers_mk_6_aa_mk_1"
		objLayer:i = 1
		closed_waypoints:b = false
		isShipSpline:b = false
		shipTurnRadius:r = 100
		weapons:t = ""
		bullets0:t = ""
		bullets1:t = ""
		bullets2:t = ""
		bullets3:t = ""
		bulletsCount0:i = 0
		bulletsCount1:i = 0
		bulletsCount2:i = 0
		bulletsCount3:i = 0
		crewSkillK:r = 0
		applyAllMods:b = false
		props {
			army:i = 1
			count:i = 1
			formation_type:t = "rows"
			formation_div:i = 2
			formation_step:p2 = 12, 6
			formation_noise:p2 = 0.4, 0.5
			uniqueName:t = ""
			attack_type:t = "fire_at_will"
			isDelayed:b = true
		}
		way {

		}
	}
	tankModels {
		name:t = "t1_tank_03_02"
		tm:m = [[-0.0329423, 0.0, 0.999458] [0.0, 1.0, 0.0] [-0.999458, 0.0, -0.0329423] [-20775.9, 36.7975, -139529.0]]
		unit_class:t = "us_m2a4"
		objLayer:i = 1
		closed_waypoints:b = false
		isShipSpline:b = false
		shipTurnRadius:r = 100
		weapons:t = ""
		bullets0:t = ""
		bullets1:t = ""
		bullets2:t = ""
		bullets3:t = ""
		bulletsCount0:i = 0
		bulletsCount1:i = 0
		bulletsCount2:i = 0
		bulletsCount3:i = 0
		crewSkillK:r = 0
		applyAllMods:b = false
		props {
			army:i = 1
			count:i = 1
			formation_type:t = "rows"
			formation_div:i = 1
			formation_step:p2 = 12, 6
			formation_noise:p2 = 0.4, 0.5
			uniqueName:t = ""
			attack_type:t = "fire_at_will"
			isDelayed:b = true
		}
		way {

		}
	}
	tankModels {
		name:t = "t1_tank_03_03"
		tm:m = [[-0.0329423, 0.0, 0.999458] [0.0, 1.0, 0.0] [-0.999458, 0.0, -0.0329423] [-20706.7, 36.7975, -139529.0]]
		unit_class:t = "us_m2a4"
		objLayer:i = 1
		closed_waypoints:b = false
		isShipSpline:b = false
		shipTurnRadius:r = 100
		weapons:t = ""
		bullets0:t = ""
		bullets1:t = ""
		bullets2:t = ""
		bullets3:t = ""
		bulletsCount0:i = 0
		bulletsCount1:i = 0
		bulletsCount2:i = 0
		bulletsCount3:i = 0
		crewSkillK:r = 0
		applyAllMods:b = false
		props {
			army:i = 1
			count:i = 1
			formation_type:t = "rows"
			formation_div:i = 1
			formation_step:p2 = 12, 6
			formation_noise:p2 = 0.4, 0.5
			uniqueName:t = ""
			attack_type:t = "fire_at_will"
			isDelayed:b = true
		}
		way {

		}
	}
	tankModels {
		name:t = "t1_truck_03_02"
		tm:m = [[-0.0329423, 0.0, 0.999458] [0.0, 1.0, 0.0] [-0.999458, 0.0, -0.0329423] [-20669.4, 36.7477, -140280.0]]
		unit_class:t = "us_truck_us6_studebaker_tent"
		objLayer:i = 1
		closed_waypoints:b = false
		isShipSpline:b = false
		shipTurnRadius:r = 100
		weapons:t = ""
		bullets0:t = ""
		bullets1:t = ""
		bullets2:t = ""
		bullets3:t = ""
		bulletsCount0:i = 0
		bulletsCount1:i = 0
		bulletsCount2:i = 0
		bulletsCount3:i = 0
		crewSkillK:r = 0
		applyAllMods:b = false
		props {
			army:i = 1
			count:i = 1
			formation_type:t = "rows"
			formation_div:i = 2
			formation_step:p2 = 12, 8
			formation_noise:p2 = 0.4, 0.5
			uniqueName:t = ""
			attack_type:t = "fire_at_will"
			isDelayed:b = true
		}
		way {

		}
	}
	tankModels {
		name:t = "t1_truck_03_03"
		tm:m = [[-0.0329423, 0.0, 0.999458] [0.0, 1.0, 0.0] [-0.999458, 0.0, -0.0329423] [-20593.8, 36.7477, -140280.0]]
		unit_class:t = "us_truck_us6_studebaker_tent"
		objLayer:i = 1
		closed_waypoints:b = false
		isShipSpline:b = false
		shipTurnRadius:r = 100
		weapons:t = ""
		bullets0:t = ""
		bullets1:t = ""
		bullets2:t = ""
		bullets3:t = ""
		bulletsCount0:i = 0
		bulletsCount1:i = 0
		bulletsCount2:i = 0
		bulletsCount3:i = 0
		crewSkillK:r = 0
		applyAllMods:b = false
		props {
			army:i = 1
			count:i = 1
			formation_type:t = "rows"
			formation_div:i = 2
			formation_step:p2 = 12, 8
