selected_tag:t = ""
bin_dump_file:t = ""
mission_settings {
	player {
		army:i = 1
	}
	player_teamB {
		army:i = 2
	}
	mission {
		level:t = "levels/ruhr.bin"
		type:t = "domination"
		environment:t = "Day"
		weather:t = "clear"
		locName:t = "missions/ruhr_BfD_norespawn"
		locDesc:t = "missions/_BfD_norespawn/desc"
		scoreLimit:i = 2900
		timeLimit:i = 25
		deathPenaltyMul:r = 0
		allowEmptyTeams:b = false
		country_axis:t = "germany"
		country_allies:t = "usa"
		restoreType:t = "attempts"
		optionalTakeOff:b = false
		allowedUnitTypes {
			isAirplanesAllowed:b = true
			isTanksAllowed:b = false
			isShipsAllowed:b = false
			isHelicoptersAllowed:b = false
		}
	}
}
imports {

}
triggers {
	isCategory:b = true
	is_enabled:b = true
}
mission_objectives {
	isCategory:b = true
	is_enabled:b = true
}
variables {

}
dialogs {

}
airfields {

}
effects {

}
units {
	tankModels {
		name:t = "t2_tank_01_01"
		tm:m = [[0.216439, 0.0, -0.976295] [0.0, 1.0, 0.0] [0.976295, 0.0, 0.216439] [24796.0, 22.9, 135471.0]]
		unit_class:t = "germ_leopard_I"
		objLayer:i = 1
		closed_waypoints:b = false
		isShipSpline:b = false
		shipTurnRadius:r = 100
		weapons:t = ""
		bullets0:t = ""
		bullets1:t = ""
		bullets2:t = ""
		bullets3:t = ""
		bulletsCount0:i = 0
		bulletsCount1:i = 0
		bulletsCount2:i = 0
		bulletsCount3:i = 0
		crewSkillK:r = 0
		applyAllMods:b = false
		props {
			army:i = 2
			count:i = 1
			formation_type:t = "rows"
			formation_div:i = 1
			formation_step:p2 = 12, 6
			formation_noise:p2 = 0.4, 0.5
			uniqueName:t = ""
			attack_type:t = "fire_at_will"
			isDelayed:b = true
		}
		way {

		}
	}
	tankModels {
		name:t = "t1_tank_02_01"
		tm:m = [[0.09027, 0.0, 0.995918] [0.0, 1.0, 0.0] [-0.995918, 0.0, 0.09027] [-12288.4, 25.15, -136543.0]]
		unit_class:t = "us_m60"
		objLayer:i = 1
		closed_waypoints:b = false
		isShipSpline:b = false
		shipTurnRadius:r = 100
		weapons:t = ""
		bullets0:t = ""
		bullets1:t = ""
		bullets2:t = ""
		bullets3:t = ""
		bulletsCount0:i = 0
		bulletsCount1:i = 0
		bulletsCount2:i = 0
		bulletsCount3:i = 0
		crewSkillK:r = 0
		applyAllMods:b = false
		props {
			army:i = 1
			count:i = 1
			formation_type:t = "rows"
			formation_div:i = 1
			formation_step:p2 = 12, 6
			formation_noise:p2 = 0.4, 0.5
			uniqueName:t = ""
			attack_type:t = "fire_at_will"
			isDelayed:b = true
		}
		way {

		}
	}
	tankModels {
		name:t = "t1_tank_03_01"
		tm:m = [[-0.0329423, 0.0, 0.999458] [0.0, 1.0, 0.0] [-0.999458, 0.0, -0.0329423] [-6193.87, 36.7975, -137059.0]]
		unit_class:t = "us_m60"
		objLayer:i = 1
		closed_waypoints:b = false
		isShipSpline:b = false
		shipTurnRadius:r = 100
		weapons:t = ""
		bullets0:t = ""
		bullets1:t = ""
		bullets2:t = ""
		bullets3:t = ""
		bulletsCount0:i = 0
		bulletsCount1:i = 0
		bulletsCount2:i = 0
		bulletsCount3:i = 0
		crewSkillK:r = 0
		applyAllMods:b = false
		props {
			army:i = 1
			count:i = 1
			formation_type:t = "rows"
			formation_div:i = 1
			formation_step:p2 = 12, 6
			formation_noise:p2 = 0.4, 0.5
			uniqueName:t = ""
			attack_type:t = "fire_at_will"
			isDelayed:b = true
		}
		way {

		}
	}
	tankModels {
		name:t = "t1_tank_01_01"
		tm:m = [[-0.996194, 0.0, -0.0871558] [0.0, 1.0, 0.0] [0.0871558, 0.0, -0.996194] [10274.2, 42.4977, -135390.0]]
		unit_class:t = "us_m60"
		objLayer:i = 1
		closed_waypoints:b = false
		isShipSpline:b = false
		shipTurnRadius:r = 100
		weapons:t = ""
		bullets0:t = ""
		bullets1:t = ""
		bullets2:t = ""
		bullets3:t = ""
		bulletsCount0:i = 0
		bulletsCount1:i = 0
		bulletsCount2:i = 0
		bulletsCount3:i = 0
		crewSkillK:r = 0
		applyAllMods:b = false
		props {
			army:i = 1
			count:i = 1
			formation_type:t = "rows"
			formation_div:i = 1
			formation_step:p2 = 12, 6
			formation_noise:p2 = 0.4, 0.5
			uniqueName:t = ""
			attack_type:t = "fire_at_will"
			isDelayed:b = true
		}
		way {

		}
	}
	tankModels {
		name:t = "t1_truck_03_01"
		tm:m = [[-0.0329423, 0.0, 0.999458] [0.0, 1.0, 0.0] [-0.999458, 0.0, -0.0329423] [-6124.18, 36.7477, -137810.0]]
		unit_class:t = "us_apc_m113"
		objLayer:i = 1
		closed_waypoints:b = false
		isShipSpline:b = false
		shipTurnRadius:r = 100
		weapons:t = ""
		bullets0:t = ""
		bullets1:t = ""
		bullets2:t = ""
		bullets3:t = ""
		bulletsCount0:i = 0
		bulletsCount1:i = 0
		bulletsCount2:i = 0
		bulletsCount3:i = 0
		crewSkillK:r = 0
		applyAllMods:b = false
		props {
			army:i = 1
			count:i = 1
			formation_type:t = "rows"
			formation_div:i = 2
			formation_step:p2 = 12, 8
			formation_noise:p2 = 0.4, 0.5
			uniqueName:t = ""
			attack_type:t = "fire_at_will"
			isDelayed:b = true
		}
		way {

		}
	}
	tankModels {
		name:t = "t1_truck_aaa_01_01"
		tm:m = [[-0.953716, 0.0, 0.300705] [0.0, 1.0, 0.0] [-0.300705, 0.0, -0.953716] [11924.0, 96.0973, -137020.0]]
		unit_class:t = "us_m163_vulcan"
		objLayer:i = 1
		closed_waypoints:b = false
		isShipSpline:b = false
		shipTurnRadius:r = 100
		weapons:t = ""
		bullets0:t = ""
		bullets1:t = ""
		bullets2:t = ""
		bullets3:t = ""
		bulletsCount0:i = 0
		bulletsCount1:i = 0
		bulletsCount2:i = 0
		bulletsCount3:i = 0
		crewSkillK:r = 0
		applyAllMods:b = false
		props {
			army:i = 1
			count:i = 1
			formation_type:t = "rows"
			formation_div:i = 2
			formation_step:p2 = 12, 6
			formation_noise:p2 = 0.4, 0.5
			uniqueName:t = ""
			attack_type:t = "fire_at_will"
			isDelayed:b = true
		}
		way {

		}
	}
	tankModels {
		name:t = "t1_truck_01_01"
		tm:m = [[-0.976296, 0.0, 0.21644] [0.0, 1.0, 0.0] [-0.21644, 0.0, -0.976296] [10892.1, 96.0977, -136160.0]]
		unit_class:t = "us_apc_m113"
		objLayer:i = 1
		closed_waypoints:b = false
		isShipSpline:b = false
		shipTurnRadius:r = 100
		weapons:t = ""
		bullets0:t = ""
		bullets1:t = ""
		bullets2:t = ""
		bullets3:t = ""
		bulletsCount0:i = 0
		bulletsCount1:i = 0
		bulletsCount2:i = 0
		bulletsCount3:i = 0
		crewSkillK:r = 0
		applyAllMods:b = false
		props {
			army:i = 1
			count:i = 1
			formation_type:t = "rows"
			formation_div:i = 2
			formation_step:p2 = 12, 6
			formation_noise:p2 = 0.4, 0.5
			uniqueName:t = ""
			attack_type:t = "fire_at_will"
			isDelayed:b = true
		}
		way {

		}
	}
	tankModels {
		name:t = "t2_truck_aaa_01_01"
		tm:m = [[0.216439, 0.0, -0.976295] [0.0, 1.0, 0.0] [0.976295, 0.0, 0.216439] [24549.6, 22.9, 136655.0]]
		unit_class:t = "germ_flakpanzer_IV_Kugelblitz"
		objLayer:i = 1
		closed_waypoints:b = false
		isShipSpline:b = false
		shipTurnRadius:r = 100
		weapons:t = ""
		bullets0:t = ""
		bullets1:t = ""
		bullets2:t = ""
		bullets3:t = ""
		bulletsCount0:i = 0
		bulletsCount1:i = 0
		bulletsCount2:i = 0
		bulletsCount3:i = 0
		crewSkillK:r = 0
		applyAllMods:b = false
		props {
			army:i = 2
			count:i = 1
			formation_type:t = "rows"
			formation_div:i = 2
			formation_step:p2 = 12, 6
			formation_noise:p2 = 0.4, 0.5
			uniqueName:t = ""
			attack_type:t = "fire_at_will"
			isDelayed:b = true
		}
		way {

		}
	}
	tankModels {
		name:t = "t1_truck_02_01"
		tm:m = [[0.09027, 0.0, 0.995918] [0.0, 1.0, 0.0] [-0.995918, 0.0, 0.09027] [-12341.7, 25.2496, -137295.0]]
		unit_class:t = "us_apc_m113"
		objLayer:i = 1
		closed_waypoints:b = false
		isShipSpline:b = false
		shipTurnRadius:r = 100
		weapons:t = ""
		bullets0:t = ""
		bullets1:t = ""
		bullets2:t = ""
		bullets3:t = ""
		bulletsCount0:i = 0
		bulletsCount1:i = 0
		bulletsCount2:i = 0
		bulletsCount3:i = 0
		crewSkillK:r = 0
		applyAllMods:b = false
		props {
			army:i = 1
			count:i = 1
			formation_type:t = "rows"
			formation_div:i = 2
			formation_step:p2 = 12, 6
			formation_noise:p2 = 0.4, 0.5
			uniqueName:t = ""
			attack_type:t = "fire_at_will"
			isDelayed:b = true
		}
		way {

		}
	}
	tankModels {
		name:t = "t1_truck_aaa_02_01"
		tm:m = [[0.261838, 0.0, 0.965113] [0.0, 1.0, 0.0] [-0.965113, 0.0, 0.261838] [-12380.3, 25.2496, -137959.0]]
		unit_class:t = "us_m163_vulcan"
		objLayer:i = 1
		closed_waypoints:b = false
		isShipSpline:b = false
		shipTurnRadius:r = 100
		weapons:t = ""
		bullets0:t = ""
		bullets1:t = ""
		bullets2:t = ""
		bullets3:t = ""
		bulletsCount0:i = 0
		bulletsCount1:i = 0
		bulletsCount2:i = 0
		bulletsCount3:i = 0
		crewSkillK:r = 0
		applyAllMods:b = false
		props {
			army:i = 1
			count:i = 1
			formation_type:t = "rows"
			formation_div:i = 2
			formation_step:p2 = 12, 6
			formation_noise:p2 = 0.4, 0.5
			uniqueName:t = ""
			attack_type:t = "fire_at_will"
			isDelayed:b = true
		}
		way {

		}
	}
	tankModels {
		name:t = "t1_truck_aaa_03_01"
		tm:m = [[-0.0329423, 0.0, 0.999458] [0.0, 1.0, 0.0] [-0.999458, 0.0, -0.0329423] [-6073.56, 36.7477, -138459.0]]
		unit_class:t = "us_m163_vulcan"
		objLayer:i = 1
		closed_waypoints:b = false
		isShipSpline:b = false
		shipTurnRadius:r = 100
		weapons:t = ""
		bullets0:t = ""
		bullets1:t = ""
		bullets2:t = ""
		bullets3:t = ""
		bulletsCount0:i = 0
		bulletsCount1:i = 0
		bulletsCount2:i = 0
		bulletsCount3:i = 0
		crewSkillK:r = 0
		applyAllMods:b = false
		props {
			army:i = 1
			count:i = 1
			formation_type:t = "rows"
			formation_div:i = 2
			formation_step:p2 = 12, 6
			formation_noise:p2 = 0.4, 0.5
			uniqueName:t = ""
			attack_type:t = "fire_at_will"
			isDelayed:b = true
		}
		way {

		}
	}
	tankModels {
		name:t = "t2_truck_01_01"
		tm:m = [[0.216439, 0.0, -0.976295] [0.0, 1.0, 0.0] [0.976295, 0.0, 0.216439] [24668.6, 22.8996, 136027.0]]
		unit_class:t = "germ_apc_m113"
		objLayer:i = 1
		closed_waypoints:b = false
		isShipSpline:b = false
		shipTurnRadius:r = 100
		weapons:t = ""
		bullets0:t = ""
		bullets1:t = ""
		bullets2:t = ""
		bullets3:t = ""
		bulletsCount0:i = 0
		bulletsCount1:i = 0
		bulletsCount2:i = 0
		bulletsCount3:i = 0
		crewSkillK:r = 0
		applyAllMods:b = false
		props {
			army:i = 2
			count:i = 1
			formation_type:t = "rows"
			formation_div:i = 1
			formation_step:p2 = 12, 6
			formation_noise:p2 = 0.4, 0.5
			uniqueName:t = ""
			attack_type:t = "fire_at_will"
			isDelayed:b = true
		}
		way {

		}
	}
	tankModels {
		name:t = "t2_tank_02_01"
		tm:m = [[0.718038, 0.0, -0.696003] [0.0, 1.0, 0.0] [0.696003, 0.0, 0.718038] [13266.4, 33.5826, 132086.0]]
		unit_class:t = "germ_leopard_I"
		objLayer:i = 1
		closed_waypoints:b = false
		isShipSpline:b = false
		shipTurnRadius:r = 100
		weapons:t = ""
		bullets0:t = ""
		bullets1:t = ""
		bullets2:t = ""
		bullets3:t = ""
		bulletsCount0:i = 0
		bulletsCount1:i = 0
		bulletsCount2:i = 0
		bulletsCount3:i = 0
		crewSkillK:r = 0
		applyAllMods:b = false
		props {
			army:i = 2
			count:i = 1
			formation_type:t = "rows"
			formation_div:i = 1
			formation_step:p2 = 12, 6
			formation_noise:p2 = 0.4, 0.5
			uniqueName:t = ""
			attack_type:t = "fire_at_will"
			isDelayed:b = true
		}
		way {

		}
	}
	tankModels {
		name:t = "t2_truck_aaa_02_01"
		tm:m = [[0.718038, 0.0, -0.696003] [0.0, 1.0, 0.0] [0.696003, 0.0, 0.718038] [12497.9, 33.5826, 133057.0]]
		unit_class:t = "germ_flakpanzer_IV_Kugelblitz"
		objLayer:i = 1
		closed_waypoints:b = false
		isShipSpline:b = false
		shipTurnRadius:r = 100
		weapons:t = ""
		bullets0:t = ""
		bullets1:t = ""
		bullets2:t = ""
		bullets3:t = ""
		bulletsCount0:i = 0
		bulletsCount1:i = 0
		bulletsCount2:i = 0
		bulletsCount3:i = 0
		crewSkillK:r = 0
		applyAllMods:b = false
		props {
			army:i = 2
			count:i = 1
			formation_type:t = "rows"
			formation_div:i = 2
			formation_step:p2 = 12, 6
			formation_noise:p2 = 0.4, 0.5
			uniqueName:t = ""
			attack_type:t = "fire_at_will"
			isDelayed:b = true
		}
		way {

		}
	}
	tankModels {
		name:t = "t2_truck_02_01"
		tm:m = [[0.718038, 0.0, -0.696003] [0.0, 1.0, 0.0] [0.696003, 0.0, 0.718038] [12895.1, 33.5821, 132581.0]]
		unit_class:t = "germ_apc_m113"
		objLayer:i = 1
		closed_waypoints:b = false
		isShipSpline:b = false
		shipTurnRadius:r = 100
		weapons:t = ""
		bullets0:t = ""
		bullets1:t = ""
		bullets2:t = ""
		bullets3:t = ""
		bulletsCount0:i = 0
		bulletsCount1:i = 0
		bulletsCount2:i = 0
		bulletsCount3:i = 0
		crewSkillK:r = 0
		applyAllMods:b = false
		props {
			army:i = 2
			count:i = 1
			formation_type:t = "rows"
			formation_div:i = 1
			formation_step:p2 = 12, 6
			formation_noise:p2 = 0.4, 0.5
			uniqueName:t = ""
			attack_type:t = "fire_at_will"
			isDelayed:b = true
		}
		way {

		}
	}
	squad {
		name:t = "t1_road_01_squad"
		tm:m = [[1.0, 0.0, 0.0] [0.0, 1.0, 0.0] [0.0, 0.0, 1.0] [12870.9, 2724.53, -139400.0]]
		props {
			object_marking:i = 0
			squad_members:t = "t1_tank_01_01"
			squad_members:t = "t1_tank_01_02"
			squad_members:t = "t1_tank_01_03"
			squad_members:t = "t1_tank_01_04"
			squad_members:t = "t1_tank_01_05"
			squad_members:t = "t1_truck_01_01"
			squad_members:t = "t1_truck_01_02"
			squad_members:t = "t1_truck_01_03"
			squad_members:t = "t1_truck_01_04"
			squad_members:t = "t1_truck_01_05"
			squad_members:t = "t1_truck_01_06"
			squad_members:t = "t1_truck_01_07"
			squad_members:t = "t1_truck_aaa_01_01"
			squad_members:t = "t1_truck_aaa_01_02"
			squad_members:t = "t1_truck_aaa_01_03"
		}
	}
	squad {
		name:t = "t1_road_02_squad"
		tm:m = [[1.0, 0.0, 0.0] [0.0, 1.0, 0.0] [0.0, 0.0, 1.0] [-18067.4, 25.2028, -134903.0]]
		props {
			object_marking:i = 0
			squad_members:t = "t1_tank_02_01"
			squad_members:t = "t1_tank_02_02"
			squad_members:t = "t1_tank_02_03"
			squad_members:t = "t1_tank_02_04"
			squad_members:t = "t1_tank_02_05"
			squad_members:t = "t1_truck_02_01"
			squad_members:t = "t1_truck_02_02"
			squad_members:t = "t1_truck_02_03"
			squad_members:t = "t1_truck_02_04"
			squad_members:t = "t1_truck_02_05"
			squad_members:t = "t1_truck_02_06"
			squad_members:t = "t1_truck_02_07"
			squad_members:t = "t1_truck_aaa_01_01"
			squad_members:t = "t1_truck_aaa_02_02"
			squad_members:t = "t1_truck_aaa_02_03"
		}
	}
	squad {
		name:t = "t1_road_03_squad"
		tm:m = [[1.0, 0.0, 0.0] [0.0, 1.0, 0.0] [0.0, 0.0, 1.0] [-6612.39, 36.775, -140139.0]]
		props {
			object_marking:i = 0
			squad_members:t = "t1_tank_03_01"
			squad_members:t = "t1_tank_03_02"
			squad_members:t = "t1_tank_03_03"
			squad_members:t = "t1_truck_03_01"
			squad_members:t = "t1_truck_03_02"
			squad_members:t = "t1_truck_03_03"
			squad_members:t = "t1_truck_03_04"
			squad_members:t = "t1_truck_03_05"
			squad_members:t = "t1_truck_aaa_03_01"
			squad_members:t = "t1_truck_aaa_03_02"
		}
	}
	squad {
		name:t = "t2_road_01_squad"
		tm:m = [[1.0, 0.0, 0.0] [0.0, 1.0, 0.0] [0.0, 0.0, 1.0] [26660.6, 22.9, 138050.0]]
		props {
			object_marking:i = 0
			squad_members:t = "t2_tank_01_01"
			squad_members:t = "t2_tank_01_02"
			squad_members:t = "t2_truck_01_01"
			squad_members:t = "t2_truck_01_02"
			squad_members:t = "t2_truck_01_03"
			squad_members:t = "t2_truck_01_04"
			squad_members:t = "t2_truck_aaa_01_01"
			squad_members:t = "t2_truck_aaa_01_02"
		}
	}
	squad {
		name:t = "t2_road_02_squad"
		tm:m = [[1.0, 0.0, 0.0] [0.0, 1.0, 0.0] [0.0, 0.0, 1.0] [16613.8, 33.5826, 142021.0]]
		props {
			object_marking:i = 0
			squad_members:t = "t2_tank_02_01"
			squad_members:t = "t2_tank_02_02"
			squad_members:t = "t2_truck_02_01"
			squad_members:t = "t2_truck_02_02"
			squad_members:t = "t2_truck_02_03"
			squad_members:t = "t2_truck_02_04"
			squad_members:t = "t2_truck_aaa_02_01"
			squad_members:t = "t2_truck_aaa_02_02"
		}
	}
	squad {
		name:t = "t1_tanks_squad"
		tm:m = [[1.0, 0.0, 0.0] [0.0, 1.0, 0.0] [0.0, 0.0, 1.0] [-7707.12, 34.819, -145744.0]]
		props {
			object_marking:i = 0
			squad_members:t = "t1_tank_01_01"
			squad_members:t = "t1_tank_01_02"
			squad_members:t = "t1_tank_01_03"
			squad_members:t = "t1_tank_01_04"
			squad_members:t = "t1_tank_01_05"
			squad_members:t = "t1_tank_02_01"
			squad_members:t = "t1_tank_02_02"
			squad_members:t = "t1_tank_02_03"
			squad_members:t = "t1_tank_02_04"
			squad_members:t = "t1_tank_02_05"
			squad_members:t = "t1_tank_03_01"
			squad_members:t = "t1_tank_03_02"
			squad_members:t = "t1_tank_03_03"
		}
	}
	squad {
		name:t = "t1_trucks_squad"
		tm:m = [[1.0, 0.0, 0.0] [0.0, 1.0, 0.0] [0.0, 0.0, 1.0] [-6241.98, 52.6989, -148388.0]]
		props {
			object_marking:i = 0
			squad_members:t = "t1_truck_01_01"
			squad_members:t = "t1_truck_01_02"
			squad_members:t = "t1_truck_01_03"
			squad_members:t = "t1_truck_01_04"
			squad_members:t = "t1_truck_01_05"
			squad_members:t = "t1_truck_01_06"
			squad_members:t = "t1_truck_01_07"
			squad_members:t = "t1_truck_02_01"
			squad_members:t = "t1_truck_02_02"
			squad_members:t = "t1_truck_02_03"
			squad_members:t = "t1_truck_02_04"
			squad_members:t = "t1_truck_02_05"
			squad_members:t = "t1_truck_02_06"
			squad_members:t = "t1_truck_02_07"
			squad_members:t = "t1_truck_03_01"
			squad_members:t = "t1_truck_03_02"
			squad_members:t = "t1_truck_03_03"
			squad_members:t = "t1_truck_03_04"
			squad_members:t = "t1_truck_03_05"
		}
	}
	squad {
		name:t = "t1_trucks_aaa_squad"
		tm:m = [[1.0, 0.0, 0.0] [0.0, 1.0, 0.0] [0.0, 0.0, 1.0] [-9280.97, 52.7038, -147977.0]]
		props {
			object_marking:i = 0
			squad_members:t = "t1_truck_aaa_01_01"
			squad_members:t = "t1_truck_aaa_01_02"
			squad_members:t = "t1_truck_aaa_01_03"
			squad_members:t = "t1_truck_aaa_02_01"
			squad_members:t = "t1_truck_aaa_02_02"
			squad_members:t = "t1_truck_aaa_02_03"
			squad_members:t = "t1_truck_aaa_03_01"
			squad_members:t = "t1_truck_aaa_03_02"
		}
	}
	squad {
		name:t = "t2_tanks_squad"
		tm:m = [[1.0, 0.0, 0.0] [0.0, 1.0, 0.0] [0.0, 0.0, 1.0] [27875.3, 27.5357, 150704.0]]
		props {
			object_marking:i = 0
			squad_members:t = "t2_tank_01_01"
			squad_members:t = "t2_tank_01_02"
			squad_members:t = "t2_tank_02_01"
			squad_members:t = "t2_tank_02_02"
		}
	}
	squad {
		name:t = "t2_trucks_squad"
		tm:m = [[1.0, 0.0, 0.0] [0.0, 1.0, 0.0] [0.0, 0.0, 1.0] [30834.9, 27.5484, 153646.0]]
		props {
			object_marking:i = 0
			squad_members:t = "t2_truck_01_01"
			squad_members:t = "t2_truck_01_02"
			squad_members:t = "t2_truck_01_03"
			squad_members:t = "t2_truck_01_04"
			squad_members:t = "t2_truck_02_01"
			squad_members:t = "t2_truck_02_02"
			squad_members:t = "t2_truck_02_03"
			squad_members:t = "t2_truck_02_04"
		}
	}
	squad {
		name:t = "t2_trucks_aaa_squad"
		tm:m = [[1.0, 0.0, 0.0] [0.0, 1.0, 0.0] [0.0, 0.0, 1.0] [25815.2, 27.5377, 153349.0]]
		props {
			object_marking:i = 0
			squad_members:t = "t2_truck_aaa_01_01"
			squad_members:t = "t2_truck_aaa_01_02"
			squad_members:t = "t2_truck_aaa_02_01"
			squad_members:t = "t2_truck_aaa_02_02"
		}
	}
	squad {
		name:t = "all_road_units_squad"
		tm:m = [[1.0, 0.0, 0.0] [0.0, 1.0, 0.0] [0.0, 0.0, 1.0] [-44273.6, 478.193, -9319.39]]
		props {
			object_marking:i = 0
			squad_members:t = "t1_road_01_squad"
			squad_members:t = "t1_road_02_squad"
			squad_members:t = "t1_road_03_squad"
			squad_members:t = "t2_road_01_squad"
			squad_members:t = "t2_road_02_squad"
		}
	}
	tankModels {
		name:t = "t1_tank_01_02"
		tm:m = [[-0.996194, 0.0, -0.0871558] [0.0, 1.0, 0.0] [0.0871558, 0.0, -0.996194] [10481.5, 42.4977, -135326.0]]
		unit_class:t = "us_m60"
		objLayer:i = 1
		closed_waypoints:b = false
		isShipSpline:b = false
		shipTurnRadius:r = 100
		weapons:t = ""
		bullets0:t = ""
		bullets1:t = ""
		bullets2:t = ""
		bullets3:t = ""
		bulletsCount0:i = 0
		bulletsCount1:i = 0
		bulletsCount2:i = 0
		bulletsCount3:i = 0
		crewSkillK:r = 0
		applyAllMods:b = false
		props {
			army:i = 1
			count:i = 1
			formation_type:t = "rows"
			formation_div:i = 1
			formation_step:p2 = 12, 6
			formation_noise:p2 = 0.4, 0.5
			uniqueName:t = ""
			attack_type:t = "fire_at_will"
			isDelayed:b = true
		}
		way {

		}
	}
	tankModels {
		name:t = "t1_tank_01_03"
		tm:m = [[-0.996194, 0.0, -0.0871558] [0.0, 1.0, 0.0] [0.0871558, 0.0, -0.996194] [10673.8, 42.4972, -135256.0]]
		unit_class:t = "us_m60"
		objLayer:i = 1
		closed_waypoints:b = false
		isShipSpline:b = false
		shipTurnRadius:r = 100
		weapons:t = ""
		bullets0:t = ""
		bullets1:t = ""
		bullets2:t = ""
		bullets3:t = ""
		bulletsCount0:i = 0
		bulletsCount1:i = 0
		bulletsCount2:i = 0
		bulletsCount3:i = 0
		crewSkillK:r = 0
		applyAllMods:b = false
		props {
			army:i = 1
			count:i = 1
			formation_type:t = "rows"
			formation_div:i = 1
			formation_step:p2 = 12, 6
			formation_noise:p2 = 0.4, 0.5
			uniqueName:t = ""
			attack_type:t = "fire_at_will"
			isDelayed:b = true
		}
		way {

		}
	}
	tankModels {
		name:t = "t1_tank_01_04"
		tm:m = [[-0.996194, 0.0, -0.0871558] [0.0, 1.0, 0.0] [0.0871558, 0.0, -0.996194] [10846.1, 42.4969, -135195.0]]
		unit_class:t = "us_m60"
		objLayer:i = 1
		closed_waypoints:b = false
		isShipSpline:b = false
		shipTurnRadius:r = 100
		weapons:t = ""
		bullets0:t = ""
		bullets1:t = ""
		bullets2:t = ""
		bullets3:t = ""
		bulletsCount0:i = 0
		bulletsCount1:i = 0
		bulletsCount2:i = 0
		bulletsCount3:i = 0
		crewSkillK:r = 0
		applyAllMods:b = false
		props {
			army:i = 1
			count:i = 1
			formation_type:t = "rows"
			formation_div:i = 1
			formation_step:p2 = 12, 6
			formation_noise:p2 = 0.4, 0.5
			uniqueName:t = ""
			attack_type:t = "fire_at_will"
			isDelayed:b = true
		}
		way {

		}
	}
	tankModels {
		name:t = "t1_tank_01_05"
		tm:m = [[-0.996194, 0.0, -0.0871558] [0.0, 1.0, 0.0] [0.0871558, 0.0, -0.996194] [11015.1, 42.4972, -135145.0]]
		unit_class:t = "us_m60"
		objLayer:i = 1
		closed_waypoints:b = false
		isShipSpline:b = false
		shipTurnRadius:r = 100
		weapons:t = ""
		bullets0:t = ""
		bullets1:t = ""
		bullets2:t = ""
		bullets3:t = ""
		bulletsCount0:i = 0
		bulletsCount1:i = 0
		bulletsCount2:i = 0
		bulletsCount3:i = 0
		crewSkillK:r = 0
		applyAllMods:b = false
		props {
			army:i = 1
			count:i = 1
			formation_type:t = "rows"
			formation_div:i = 1
			formation_step:p2 = 12, 6
			formation_noise:p2 = 0.4, 0.5
			uniqueName:t = ""
			attack_type:t = "fire_at_will"
			isDelayed:b = true
		}
		way {

		}
	}
	tankModels {
		name:t = "t1_truck_01_02"
		tm:m = [[-0.976296, 0.0, 0.21644] [0.0, 1.0, 0.0] [-0.21644, 0.0, -0.976296] [11042.6, 96.0978, -136117.0]]
		unit_class:t = "us_apc_m113"
		objLayer:i = 1
		closed_waypoints:b = false
		isShipSpline:b = false
		shipTurnRadius:r = 100
		weapons:t = ""
		bullets0:t = ""
		bullets1:t = ""
		bullets2:t = ""
		bullets3:t = ""
		bulletsCount0:i = 0
		bulletsCount1:i = 0
		bulletsCount2:i = 0
		bulletsCount3:i = 0
		crewSkillK:r = 0
		applyAllMods:b = false
		props {
			army:i = 1
			count:i = 1
			formation_type:t = "rows"
			formation_div:i = 2
			formation_step:p2 = 12, 6
			formation_noise:p2 = 0.4, 0.5
			uniqueName:t = ""
			attack_type:t = "fire_at_will"
			isDelayed:b = true
		}
		way {

		}
	}
	tankModels {
		name:t = "t1_truck_01_03"
		tm:m = [[-0.976296, 0.0, 0.21644] [0.0, 1.0, 0.0] [-0.21644, 0.0, -0.976296] [11191.5, 96.0978, -136047.0]]
		unit_class:t = "us_apc_m113"
		objLayer:i = 1
		closed_waypoints:b = false
		isShipSpline:b = false
		shipTurnRadius:r = 100
		weapons:t = ""
		bullets0:t = ""
		bullets1:t = ""
		bullets2:t = ""
		bullets3:t = ""
		bulletsCount0:i = 0
		bulletsCount1:i = 0
		bulletsCount2:i = 0
		bulletsCount3:i = 0
		crewSkillK:r = 0
		applyAllMods:b = false
		props {
			army:i = 1
			count:i = 1
			formation_type:t = "rows"
			formation_div:i = 2
			formation_step:p2 = 12, 6
			formation_noise:p2 = 0.4, 0.5
			uniqueName:t = ""
			attack_type:t = "fire_at_will"
			isDelayed:b = true
		}
		way {

		}
	}
	tankModels {
		name:t = "t1_truck_01_04"
		tm:m = [[-0.976296, 0.0, 0.21644] [0.0, 1.0, 0.0] [-0.21644, 0.0, -0.976296] [11336.8, 96.0978, -136010.0]]
		unit_class:t = "us_apc_m113"
		objLayer:i = 1
		closed_waypoints:b = false
		isShipSpline:b = false
		shipTurnRadius:r = 100
		weapons:t = ""
		bullets0:t = ""
		bullets1:t = ""
		bullets2:t = ""
		bullets3:t = ""
		bulletsCount0:i = 0
		bulletsCount1:i = 0
		bulletsCount2:i = 0
		bulletsCount3:i = 0
		crewSkillK:r = 0
		applyAllMods:b = false
		props {
			army:i = 1
			count:i = 1
			formation_type:t = "rows"
			formation_div:i = 2
			formation_step:p2 = 12, 6
			formation_noise:p2 = 0.4, 0.5
			uniqueName:t = ""
			attack_type:t = "fire_at_will"
			isDelayed:b = true
		}
		way {

		}
	}
	tankModels {
		name:t = "t1_truck_01_05"
		tm:m = [[-0.976296, 0.0, 0.21644] [0.0, 1.0, 0.0] [-0.21644, 0.0, -0.976296] [11459.4, 96.0978, -135953.0]]
		unit_class:t = "us_apc_m113"
		objLayer:i = 1
		closed_waypoints:b = false
		isShipSpline:b = false
		shipTurnRadius:r = 100
		weapons:t = ""
		bullets0:t = ""
		bullets1:t = ""
		bullets2:t = ""
		bullets3:t = ""
		bulletsCount0:i = 0
		bulletsCount1:i = 0
		bulletsCount2:i = 0
		bulletsCount3:i = 0
		crewSkillK:r = 0
		applyAllMods:b = false
		props {
			army:i = 1
			count:i = 1
			formation_type:t = "rows"
			formation_div:i = 2
			formation_step:p2 = 12, 6
			formation_noise:p2 = 0.4, 0.5
			uniqueName:t = ""
			attack_type:t = "fire_at_will"
			isDelayed:b = true
		}
		way {

		}
	}
	tankModels {
		name:t = "t1_truck_01_06"
		tm:m = [[-0.976296, 0.0, 0.21644] [0.0, 1.0, 0.0] [-0.21644, 0.0, -0.976296] [11616.4, 96.0978, -135918.0]]
		unit_class:t = "us_apc_m113"
		objLayer:i = 1
		closed_waypoints:b = false
		isShipSpline:b = false
		shipTurnRadius:r = 100
		weapons:t = ""
		bullets0:t = ""
		bullets1:t = ""
		bullets2:t = ""
		bullets3:t = ""
		bulletsCount0:i = 0
		bulletsCount1:i = 0
		bulletsCount2:i = 0
		bulletsCount3:i = 0
		crewSkillK:r = 0
		applyAllMods:b = false
		props {
			army:i = 1
			count:i = 1
			formation_type:t = "rows"
			formation_div:i = 2
			formation_step:p2 = 12, 6
			formation_noise:p2 = 0.4, 0.5
			uniqueName:t = ""
			attack_type:t = "fire_at_will"
			isDelayed:b = true
		}
		way {

		}
	}
	tankModels {
		name:t = "t1_truck_01_07"
		tm:m = [[-0.976296, 0.0, 0.21644] [0.0, 1.0, 0.0] [-0.21644, 0.0, -0.976296] [11735.0, 96.0978, -135855.0]]
		unit_class:t = "us_apc_m113"
		objLayer:i = 1
		closed_waypoints:b = false
		isShipSpline:b = false
		shipTurnRadius:r = 100
		weapons:t = ""
		bullets0:t = ""
		bullets1:t = ""
		bullets2:t = ""
		bullets3:t = ""
		bulletsCount0:i = 0
		bulletsCount1:i = 0
		bulletsCount2:i = 0
		bulletsCount3:i = 0
		crewSkillK:r = 0
		applyAllMods:b = false
		props {
			army:i = 1
			count:i = 1
			formation_type:t = "rows"
			formation_div:i = 2
			formation_step:p2 = 12, 6
			formation_noise:p2 = 0.4, 0.5
			uniqueName:t = ""
			attack_type:t = "fire_at_will"
			isDelayed:b = true
		}
		way {

		}
	}
	tankModels {
		name:t = "t1_truck_aaa_01_02"
		tm:m = [[-0.953716, 0.0, 0.300705] [0.0, 1.0, 0.0] [-0.300705, 0.0, -0.953716] [12072.0, 96.0973, -136962.0]]
		unit_class:t = "us_m163_vulcan"
		objLayer:i = 1
		closed_waypoints:b = false
		isShipSpline:b = false
		shipTurnRadius:r = 100
		weapons:t = ""
		bullets0:t = ""
		bullets1:t = ""
		bullets2:t = ""
		bullets3:t = ""
		bulletsCount0:i = 0
		bulletsCount1:i = 0
		bulletsCount2:i = 0
		bulletsCount3:i = 0
		crewSkillK:r = 0
		applyAllMods:b = false
		props {
			army:i = 1
			count:i = 1
			formation_type:t = "rows"
			formation_div:i = 2
			formation_step:p2 = 12, 6
			formation_noise:p2 = 0.4, 0.5
			uniqueName:t = ""
			attack_type:t = "fire_at_will"
			isDelayed:b = true
		}
		way {

		}
	}
	tankModels {
		name:t = "t1_truck_aaa_01_03"
		tm:m = [[-0.953716, 0.0, 0.300705] [0.0, 1.0, 0.0] [-0.300705, 0.0, -0.953716] [12204.3, 96.0973, -136864.0]]
		unit_class:t = "us_m163_vulcan"
		objLayer:i = 1
		closed_waypoints:b = false
		isShipSpline:b = false
		shipTurnRadius:r = 100
		weapons:t = ""
		bullets0:t = ""
		bullets1:t = ""
		bullets2:t = ""
		bullets3:t = ""
		bulletsCount0:i = 0
		bulletsCount1:i = 0
		bulletsCount2:i = 0
		bulletsCount3:i = 0
		crewSkillK:r = 0
		applyAllMods:b = false
		props {
			army:i = 1
			count:i = 1
			formation_type:t = "rows"
			formation_div:i = 2
			formation_step:p2 = 12, 6
			formation_noise:p2 = 0.4, 0.5
			uniqueName:t = ""
			attack_type:t = "fire_at_will"
			isDelayed:b = true
		}
		way {

		}
	}
	tankModels {
		name:t = "t1_tank_02_02"
		tm:m = [[0.09027, 0.0, 0.995918] [0.0, 1.0, 0.0] [-0.995918, 0.0, 0.09027] [-12233.4, 25.15, -136543.0]]
		unit_class:t = "us_m60"
		objLayer:i = 1
		closed_waypoints:b = false
		isShipSpline:b = false
		shipTurnRadius:r = 100
		weapons:t = ""
		bullets0:t = ""
		bullets1:t = ""
		bullets2:t = ""
		bullets3:t = ""
		bulletsCount0:i = 0
		bulletsCount1:i = 0
		bulletsCount2:i = 0
		bulletsCount3:i = 0
		crewSkillK:r = 0
		applyAllMods:b = false
		props {
			army:i = 1
			count:i = 1
			formation_type:t = "rows"
			formation_div:i = 1
			formation_step:p2 = 12, 6
			formation_noise:p2 = 0.4, 0.5
			uniqueName:t = ""
			attack_type:t = "fire_at_will"
			isDelayed:b = true
		}
		way {

		}
	}
	tankModels {
		name:t = "t1_tank_02_03"
		tm:m = [[0.09027, 0.0, 0.995918] [0.0, 1.0, 0.0] [-0.995918, 0.0, 0.09027] [-12166.7, 25.15, -136543.0]]
		unit_class:t = "us_m60"
		objLayer:i = 1
		closed_waypoints:b = false
		isShipSpline:b = false
		shipTurnRadius:r = 100
		weapons:t = ""
		bullets0:t = ""
		bullets1:t = ""
		bullets2:t = ""
		bullets3:t = ""
		bulletsCount0:i = 0
		bulletsCount1:i = 0
		bulletsCount2:i = 0
		bulletsCount3:i = 0
		crewSkillK:r = 0
		applyAllMods:b = false
		props {
			army:i = 1
			count:i = 1
			formation_type:t = "rows"
			formation_div:i = 1
			formation_step:p2 = 12, 6
			formation_noise:p2 = 0.4, 0.5
			uniqueName:t = ""
			attack_type:t = "fire_at_will"
			isDelayed:b = true
		}
		way {

		}
	}
	tankModels {
		name:t = "t1_tank_02_04"
		tm:m = [[0.09027, 0.0, 0.995918] [0.0, 1.0, 0.0] [-0.995918, 0.0, 0.09027] [-12095.4, 25.15, -136543.0]]
		unit_class:t = "us_m60"
		objLayer:i = 1
		closed_waypoints:b = false
		isShipSpline:b = false
		shipTurnRadius:r = 100
		weapons:t = ""
		bullets0:t = ""
		bullets1:t = ""
		bullets2:t = ""
		bullets3:t = ""
		bulletsCount0:i = 0
		bulletsCount1:i = 0
		bulletsCount2:i = 0
		bulletsCount3:i = 0
		crewSkillK:r = 0
		applyAllMods:b = false
		props {
			army:i = 1
			count:i = 1
			formation_type:t = "rows"
			formation_div:i = 1
			formation_step:p2 = 12, 6
			formation_noise:p2 = 0.4, 0.5
			uniqueName:t = ""
			attack_type:t = "fire_at_will"
			isDelayed:b = true
		}
		way {

		}
	}
	tankModels {
		name:t = "t1_tank_02_05"
		tm:m = [[0.09027, 0.0, 0.995918] [0.0, 1.0, 0.0] [-0.995918, 0.0, 0.09027] [-12041.2, 25.15, -136543.0]]
		unit_class:t = "us_m60"
		objLayer:i = 1
		closed_waypoints:b = false
		isShipSpline:b = false
		shipTurnRadius:r = 100
		weapons:t = ""
		bullets0:t = ""
		bullets1:t = ""
		bullets2:t = ""
		bullets3:t = ""
		bulletsCount0:i = 0
		bulletsCount1:i = 0
		bulletsCount2:i = 0
		bulletsCount3:i = 0
		crewSkillK:r = 0
		applyAllMods:b = false
		props {
			army:i = 1
			count:i = 1
			formation_type:t = "rows"
			formation_div:i = 1
			formation_step:p2 = 12, 6
			formation_noise:p2 = 0.4, 0.5
			uniqueName:t = ""
			attack_type:t = "fire_at_will"
			isDelayed:b = true
		}
		way {

		}
	}
	tankModels {
		name:t = "t1_truck_02_02"
		tm:m = [[0.09027, 0.0, 0.995918] [0.0, 1.0, 0.0] [-0.995918, 0.0, 0.09027] [-12249.7, 25.2496, -137295.0]]
		unit_class:t = "us_apc_m113"
		objLayer:i = 1
		closed_waypoints:b = false
		isShipSpline:b = false
		shipTurnRadius:r = 100
		weapons:t = ""
		bullets0:t = ""
		bullets1:t = ""
		bullets2:t = ""
		bullets3:t = ""
		bulletsCount0:i = 0
		bulletsCount1:i = 0
		bulletsCount2:i = 0
		bulletsCount3:i = 0
		crewSkillK:r = 0
		applyAllMods:b = false
		props {
			army:i = 1
			count:i = 1
			formation_type:t = "rows"
			formation_div:i = 2
			formation_step:p2 = 12, 6
			formation_noise:p2 = 0.4, 0.5
			uniqueName:t = ""
			attack_type:t = "fire_at_will"
			isDelayed:b = true
		}
		way {

		}
	}
	tankModels {
		name:t = "t1_truck_02_03"
		tm:m = [[0.09027, 0.0, 0.995918] [0.0, 1.0, 0.0] [-0.995918, 0.0, 0.09027] [-12159.9, 25.2496, -137295.0]]
		unit_class:t = "us_apc_m113"
		objLayer:i = 1
		closed_waypoints:b = false
		isShipSpline:b = false
		shipTurnRadius:r = 100
		weapons:t = ""
		bullets0:t = ""
		bullets1:t = ""
		bullets2:t = ""
		bullets3:t = ""
		bulletsCount0:i = 0
		bulletsCount1:i = 0
		bulletsCount2:i = 0
		bulletsCount3:i = 0
		crewSkillK:r = 0
		applyAllMods:b = false
		props {
			army:i = 1
			count:i = 1
			formation_type:t = "rows"
			formation_div:i = 2
			formation_step:p2 = 12, 6
			formation_noise:p2 = 0.4, 0.5
			uniqueName:t = ""
			attack_type:t = "fire_at_will"
			isDelayed:b = true
		}
		way {

		}
	}
	tankModels {
		name:t = "t1_truck_02_04"
		tm:m = [[0.09027, 0.0, 0.995918] [0.0, 1.0, 0.0] [-0.995918, 0.0, 0.09027] [-12089.6, 25.2496, -137295.0]]
		unit_class:t = "us_apc_m113"
		objLayer:i = 1
		closed_waypoints:b = false
		isShipSpline:b = false
		shipTurnRadius:r = 100
		weapons:t = ""
		bullets0:t = ""
		bullets1:t = ""
		bullets2:t = ""
		bullets3:t = ""
		bulletsCount0:i = 0
		bulletsCount1:i = 0
		bulletsCount2:i = 0
		bulletsCount3:i = 0
		crewSkillK:r = 0
		applyAllMods:b = false
		props {
			army:i = 1
			count:i = 1
			formation_type:t = "rows"
			formation_div:i = 2
			formation_step:p2 = 12, 6
			formation_noise:p2 = 0.4, 0.5
			uniqueName:t = ""
			attack_type:t = "fire_at_will"
			isDelayed:b = true
		}
		way {

		}
	}
	tankModels {
		name:t = "t1_truck_02_05"
		tm:m = [[0.09027, 0.0, 0.995918] [0.0, 1.0, 0.0] [-0.995918, 0.0, 0.09027] [-12014.9, 25.2496, -137295.0]]
		unit_class:t = "us_apc_m113"
		objLayer:i = 1
		closed_waypoints:b = false
		isShipSpline:b = false
		shipTurnRadius:r = 100
		weapons:t = ""
		bullets0:t = ""
		bullets1:t = ""
		bullets2:t = ""
		bullets3:t = ""
		bulletsCount0:i = 0
		bulletsCount1:i = 0
		bulletsCount2:i = 0
		bulletsCount3:i = 0
		crewSkillK:r = 0
		applyAllMods:b = false
		props {
			army:i = 1
			count:i = 1
			formation_type:t = "rows"
			formation_div:i = 2
			formation_step:p2 = 12, 6
			formation_noise:p2 = 0.4, 0.5
			uniqueName:t = ""
			attack_type:t = "fire_at_will"
			isDelayed:b = true
		}
		way {

		}
	}
	tankModels {
		name:t = "t1_truck_02_06"
		tm:m = [[0.09027, 0.0, 0.995918] [0.0, 1.0, 0.0] [-0.995918, 0.0, 0.09027] [-11950.8, 25.2496, -137295.0]]
		unit_class:t = "us_apc_m113"
		objLayer:i = 1
		closed_waypoints:b = false
		isShipSpline:b = false
		shipTurnRadius:r = 100
		weapons:t = ""
		bullets0:t = ""
		bullets1:t = ""
		bullets2:t = ""
		bullets3:t = ""
		bulletsCount0:i = 0
		bulletsCount1:i = 0
		bulletsCount2:i = 0
		bulletsCount3:i = 0
		crewSkillK:r = 0
		applyAllMods:b = false
		props {
			army:i = 1
			count:i = 1
			formation_type:t = "rows"
			formation_div:i = 2
			formation_step:p2 = 12, 6
			formation_noise:p2 = 0.4, 0.5
			uniqueName:t = ""
			attack_type:t = "fire_at_will"
			isDelayed:b = true
		}
		way {

		}
	}
	tankModels {
		name:t = "t1_truck_02_07"
		tm:m = [[0.09027, 0.0, 0.995918] [0.0, 1.0, 0.0] [-0.995918, 0.0, 0.09027] [-11881.9, 25.2496, -137295.0]]
		unit_class:t = "us_apc_m113"
		objLayer:i = 1
		closed_waypoints:b = false
		isShipSpline:b = false
		shipTurnRadius:r = 100
		weapons:t = ""
		bullets0:t = ""
		bullets1:t = ""
		bullets2:t = ""
		bullets3:t = ""
		bulletsCount0:i = 0
		bulletsCount1:i = 0
		bulletsCount2:i = 0
		bulletsCount3:i = 0
		crewSkillK:r = 0
		applyAllMods:b = false
		props {
			army:i = 1
			count:i = 1
			formation_type:t = "rows"
			formation_div:i = 2
			formation_step:p2 = 12, 6
			formation_noise:p2 = 0.4, 0.5
			uniqueName:t = ""
			attack_type:t = "fire_at_will"
			isDelayed:b = true
		}
		way {

		}
	}
	tankModels {
		name:t = "t1_truck_aaa_02_02"
		tm:m = [[0.261838, 0.0, 0.965113] [0.0, 1.0, 0.0] [-0.965113, 0.0, 0.261838] [-12295.9, 25.2496, -137959.0]]
		unit_class:t = "us_m163_vulcan"
		objLayer:i = 1
		closed_waypoints:b = false
		isShipSpline:b = false
		shipTurnRadius:r = 100
		weapons:t = ""
		bullets0:t = ""
		bullets1:t = ""
		bullets2:t = ""
		bullets3:t = ""
		bulletsCount0:i = 0
		bulletsCount1:i = 0
		bulletsCount2:i = 0
		bulletsCount3:i = 0
		crewSkillK:r = 0
		applyAllMods:b = false
		props {
			army:i = 1
			count:i = 1
			formation_type:t = "rows"
			formation_div:i = 2
			formation_step:p2 = 12, 6
			formation_noise:p2 = 0.4, 0.5
			uniqueName:t = ""
			attack_type:t = "fire_at_will"
			isDelayed:b = true
		}
		way {

		}
	}
	tankModels {
		name:t = "t1_truck_aaa_02_03"
		tm:m = [[0.261838, 0.0, 0.965113] [0.0, 1.0, 0.0] [-0.965113, 0.0, 0.261838] [-12196.8, 25.2496, -137959.0]]
		unit_class:t = "us_m163_vulcan"
		objLayer:i = 1
		closed_waypoints:b = false
		isShipSpline:b = false
		shipTurnRadius:r = 100
		weapons:t = ""
		bullets0:t = ""
		bullets1:t = ""
		bullets2:t = ""
		bullets3:t = ""
		bulletsCount0:i = 0
		bulletsCount1:i = 0
		bulletsCount2:i = 0
		bulletsCount3:i = 0
		crewSkillK:r = 0
		applyAllMods:b = false
		props {
			army:i = 1
			count:i = 1
			formation_type:t = "rows"
			formation_div:i = 2
			formation_step:p2 = 12, 6
			formation_noise:p2 = 0.4, 0.5
			uniqueName:t = ""
			attack_type:t = "fire_at_will"
			isDelayed:b = true
		}
		way {

		}
	}
	tankModels {
		name:t = "t1_tank_03_02"
		tm:m = [[-0.0329423, 0.0, 0.999458] [0.0, 1.0, 0.0] [-0.999458, 0.0, -0.0329423] [-6132.21, 36.7975, -137059.0]]
		unit_class:t = "us_m60"
		objLayer:i = 1
		closed_waypoints:b = false
		isShipSpline:b = false
		shipTurnRadius:r = 100
		weapons:t = ""
		bullets0:t = ""
		bullets1:t = ""
		bullets2:t = ""
		bullets3:t = ""
		bulletsCount0:i = 0
		bulletsCount1:i = 0
		bulletsCount2:i = 0
		bulletsCount3:i = 0
		crewSkillK:r = 0
		applyAllMods:b = false
		props {
			army:i = 1
			count:i = 1
			formation_type:t = "rows"
			formation_div:i = 1
			formation_step:p2 = 12, 6
			formation_noise:p2 = 0.4, 0.5
			uniqueName:t = ""
			attack_type:t = "fire_at_will"
			isDelayed:b = true
		}
		way {

		}
	}
	tankModels {
		name:t = "t1_tank_03_03"
		tm:m = [[-0.0329423, 0.0, 0.999458] [0.0, 1.0, 0.0] [-0.999458, 0.0, -0.0329423] [-6063.01, 36.7975, -137059.0]]
		unit_class:t = "us_m60"
		objLayer:i = 1
		closed_waypoints:b = false
		isShipSpline:b = false
		shipTurnRadius:r = 100
		weapons:t = ""
		bullets0:t = ""
		bullets1:t = ""
		bullets2:t = ""
		bullets3:t = ""
		bulletsCount0:i = 0
		bulletsCount1:i = 0
		bulletsCount2:i = 0
		bulletsCount3:i = 0
		crewSkillK:r = 0
		applyAllMods:b = false
		props {
			army:i = 1
			count:i = 1
			formation_type:t = "rows"
			formation_div:i = 1
			formation_step:p2 = 12, 6
			formation_noise:p2 = 0.4, 0.5
			uniqueName:t = ""
			attack_type:t = "fire_at_will"
			isDelayed:b = true
		}
		way {

		}
	}
	tankModels {
		name:t = "t1_truck_03_02"
		tm:m = [[-0.0329423, 0.0, 0.999458] [0.0, 1.0, 0.0] [-0.999458, 0.0, -0.0329423] [-6025.74, 36.7477, -137810.0]]
		unit_class:t = "us_apc_m113"
		objLayer:i = 1
		closed_waypoints:b = false
		isShipSpline:b = false
		shipTurnRadius:r = 100
		weapons:t = ""
		bullets0:t = ""
		bullets1:t = ""
		bullets2:t = ""
		bullets3:t = ""
		bulletsCount0:i = 0
		bulletsCount1:i = 0
		bulletsCount2:i = 0
		bulletsCount3:i = 0
		crewSkillK:r = 0
		applyAllMods:b = false
		props {
			army:i = 1
			count:i = 1
			formation_type:t = "rows"
			formation_div:i = 2
			formation_step:p2 = 12, 8
			formation_noise:p2 = 0.4, 0.5
			uniqueName:t = ""
			attack_type:t = "fire_at_will"
			isDelayed:b = true
		}
		way {

		}
	}
	tankModels {
		name:t = "t1_truck_03_03"
		tm:m = [[-0.0329423, 0.0, 0.999458] [0.0, 1.0, 0.0] [-0.999458, 0.0, -0.0329423] [-5950.14, 36.7477, -137810.0]]
		unit_class:t = "us_apc_m113"
		objLayer:i = 1
		closed_waypoints:b = false
		isShipSpline:b = false
		shipTurnRadius:r = 100
		weapons:t = ""
		bullets0:t = ""
		bullets1:t = ""
		bullets2:t = ""
		bullets3:t = ""
		bulletsCount0:i = 0
		bulletsCount1:i = 0
		bulletsCount2:i = 0
		bulletsCount3:i = 0
		crewSkillK:r = 0
		applyAllMods:b = false
		props {
			army:i = 1
			count:i = 1
			formation_type:t = "rows"
			formation_div:i = 2
			formation_step:p2 = 12, 8
			formation_noise:p2 = 0.4, 0.5
			uniqueName:t = ""
			attack_type:t = "fire_at_will"
			isDelayed:b = true
		}
		way {

		}
	}
	tankModels {
		name:t = "t1_truck_03_04"
		tm:m = [[-0.0329423, 0.0, 0.999458] [0.0, 1.0, 0.0] [-0.999458, 0.0, -0.0329423] [-5865.73, 36.7477, -137810.0]]
		unit_class:t = "us_apc_m113"
		objLayer:i = 1
		closed_waypoints:b = false
		isShipSpline:b = false
