selected_tag:t = ""
bin_dump_file:t = ""
mission_settings {
	player {
		army:i = 1
	}
	player_teamB {
		army:i = 2
	}
	mission {
		level:t = "levels/avg_syria.bin"
		type:t = "domination"
		environment:t = "Day"
		weather:t = "clear"
	}
}
imports {

}
triggers {
	isCategory:b = true
	is_enabled:b = true
}
mission_objectives {
	isCategory:b = true
	is_enabled:b = true
}
variables {

}
dialogs {

}
airfields {

}
effects {

}
units {
	objectGroups {
		name:t = "t2_helipad"
		tm:m = [[-0.987746, 0.0, 0.156072] [0.0, 1.0, 0.0] [-0.156072, 0.0, -0.987746] [-3423.42, 175.013, 155.866]]
		unit_class:t = "dynHelipad_beton_a_usa"
		objLayer:i = 2
		props {
			army:i = 2
			active:b = true
		}
	}
	objectGroups {
		name:t = "t1_helipad"
		tm:m = [[0.695727, 0.0, 0.718307] [0.0, 1.0, 0.0] [-0.718307, 0.0, 0.695727] [3373.71, 146.436, 2262.92]]
		unit_class:t = "dynHelipad_beton_a_ussr"
		objLayer:i = 2
		props {
			army:i = 1
			isDelayed:b = true
			active:b = true
		}
	}
	objectGroups {
		name:t = "t1_helipad_farspawn"
		tm:m = [[0.769472, 0.0, 0.638679] [0.0, 1.0, 0.0] [-0.638679, 0.0, 0.769472] [6871.19, 127.027, 4062.88]]
		unit_class:t = "dynHelipad_beton_b_usa"
		objLayer:i = 2
		props {
			army:i = 1
			isDelayed:b = true
			active:b = true
		}
	}
	objectGroups {
		name:t = "t2_helipad_farspawn"
		tm:m = [[-0.982935, 0.0, 0.183952] [0.0, 1.0, 0.0] [-0.183952, 0.0, -0.982935] [-6120.01, 151.507, 2584.24]]
		unit_class:t = "dynHelipad_beton_b_usa"
		objLayer:i = 2
		props {
			army:i = 2
			isDelayed:b = true
			active:b = true
		}
	}
	air_defence {
		name:t = "t2_helipad_defence_01"
		tm:m = [[1.0, 0.0, 0.0] [0.0, 1.0, 0.0] [0.0, 0.0, 1.0] [-3262.7, 166.436, 425.022]]
		unit_class:t = "germ_20mm_flak38_longrange_helipad"
		objLayer:i = 1
		closed_waypoints:b = false
		isShipSpline:b = false
		shipTurnRadius:r = 100
		weapons:t = ""
		bullets0:t = ""
		bullets1:t = ""
		bullets2:t = ""
		bullets3:t = ""
		bulletsCount0:i = 0
		bulletsCount1:i = 0
		bulletsCount2:i = 0
		bulletsCount3:i = 0
		crewSkillK:r = 0
		props {
			army:i = 2
			count:i = 1
			formation_type:t = "rows"
			formation_div:i = 3
			formation_step:p2 = 2.5, 2
			formation_noise:p2 = 0.1, 0.1
			uniqueName:t = ""
			attack_type:t = "fire_at_will"
		}
		way {

		}
	}
	air_defence {
		name:t = "t2_helipad_defence_02"
		tm:m = [[1.0, 0.0, 0.0] [0.0, 1.0, 0.0] [0.0, 0.0, 1.0] [-3457.6, 166.436, -59.1791]]
		unit_class:t = "germ_20mm_flak38_longrange_helipad"
		objLayer:i = 1
		closed_waypoints:b = false
		isShipSpline:b = false
		shipTurnRadius:r = 100
		weapons:t = ""
		bullets0:t = ""
		bullets1:t = ""
		bullets2:t = ""
		bullets3:t = ""
		bulletsCount0:i = 0
		bulletsCount1:i = 0
		bulletsCount2:i = 0
		bulletsCount3:i = 0
		crewSkillK:r = 0
		props {
			army:i = 2
			count:i = 1
			formation_type:t = "rows"
			formation_div:i = 3
			formation_step:p2 = 2.5, 2
			formation_noise:p2 = 0.1, 0.1
			uniqueName:t = ""
			attack_type:t = "fire_at_will"
		}
		way {

		}
	}
	air_defence {
		name:t = "t2_helipad_defence_03"
		tm:m = [[1.0, 0.0, 0.0] [0.0, 1.0, 0.0] [0.0, 0.0, 1.0] [-3762.95, 178.44, -44.6017]]
		unit_class:t = "germ_20mm_flak38_helipad"
		objLayer:i = 1
		closed_waypoints:b = false
		isShipSpline:b = false
		shipTurnRadius:r = 100
		weapons:t = ""
		bullets0:t = ""
		bullets1:t = ""
		bullets2:t = ""
		bullets3:t = ""
		bulletsCount0:i = 0
		bulletsCount1:i = 0
		bulletsCount2:i = 0
		bulletsCount3:i = 0
		crewSkillK:r = 0
		props {
			army:i = 2
			count:i = 1
			formation_type:t = "rows"
			formation_div:i = 3
			formation_step:p2 = 2.5, 2
			formation_noise:p2 = 0.1, 0.1
			uniqueName:t = ""
			attack_type:t = "fire_at_will"
		}
		way {

		}
	}
	air_defence {
		name:t = "t2_helipad_defence_04"
		tm:m = [[1.0, 0.0, 0.0] [0.0, 1.0, 0.0] [0.0, 0.0, 1.0] [-3606.21, 166.435, 454.303]]
		unit_class:t = "germ_20mm_flak38_helipad"
		objLayer:i = 1
		closed_waypoints:b = false
		isShipSpline:b = false
		shipTurnRadius:r = 100
		weapons:t = ""
		bullets0:t = ""
		bullets1:t = ""
		bullets2:t = ""
		bullets3:t = ""
		bulletsCount0:i = 0
		bulletsCount1:i = 0
		bulletsCount2:i = 0
		bulletsCount3:i = 0
		crewSkillK:r = 0
		props {
			army:i = 2
			count:i = 1
			formation_type:t = "rows"
			formation_div:i = 3
			formation_step:p2 = 2.5, 2
			formation_noise:p2 = 0.1, 0.1
			uniqueName:t = ""
			attack_type:t = "fire_at_will"
		}
		way {

		}
	}
	squad {
		name:t = "t2_helipad_aaa_squad"
		tm:m = [[1.0, 0.0, 0.0] [0.0, 1.0, 0.0] [0.0, 0.0, 1.0] [-3522.37, 169.437, 193.886]]
		props {
			object_marking:i = 0
			squad_members:t = "t2_helipad_defence_01"
			squad_members:t = "t2_helipad_defence_04"
			squad_members:t = "t2_helipad_defence_02"
			squad_members:t = "t2_helipad_defence_03"
		}
	}
	air_defence {
		name:t = "t1_helipad_defence_01"
		tm:m = [[-0.897904, 0.0, -0.440191] [0.0, 1.0, 0.0] [0.440191, 0.0, -0.897904] [3554.19, 139.238, 2453.08]]
		unit_class:t = "germ_20mm_flak38_longrange_helipad"
		objLayer:i = 1
		closed_waypoints:b = false
		isShipSpline:b = false
		shipTurnRadius:r = 100
		weapons:t = ""
		bullets0:t = ""
		bullets1:t = ""
		bullets2:t = ""
		bullets3:t = ""
		bulletsCount0:i = 0
		bulletsCount1:i = 0
		bulletsCount2:i = 0
		bulletsCount3:i = 0
		crewSkillK:r = 0
		props {
			army:i = 1
			count:i = 1
			formation_type:t = "rows"
			formation_div:i = 3
			formation_step:p2 = 2.5, 2
			formation_noise:p2 = 0.1, 0.1
			uniqueName:t = ""
			attack_type:t = "fire_at_will"
		}
		way {

		}
	}
	air_defence {
		name:t = "t1_helipad_defence_02"
		tm:m = [[-0.897904, 0.0, -0.440191] [0.0, 1.0, 0.0] [0.440191, 0.0, -0.897904] [3210.68, 154.966, 2482.36]]
		unit_class:t = "germ_20mm_flak38_longrange_helipad"
		objLayer:i = 1
		closed_waypoints:b = false
		isShipSpline:b = false
		shipTurnRadius:r = 100
		weapons:t = ""
		bullets0:t = ""
		bullets1:t = ""
		bullets2:t = ""
		bullets3:t = ""
		bulletsCount0:i = 0
		bulletsCount1:i = 0
		bulletsCount2:i = 0
		bulletsCount3:i = 0
		crewSkillK:r = 0
		props {
			army:i = 1
			count:i = 1
			formation_type:t = "rows"
			formation_div:i = 3
			formation_step:p2 = 2.5, 2
			formation_noise:p2 = 0.1, 0.1
			uniqueName:t = ""
			attack_type:t = "fire_at_will"
		}
		way {

		}
	}
	air_defence {
		name:t = "t1_helipad_defence_03"
		tm:m = [[-0.897904, 0.0, -0.440191] [0.0, 1.0, 0.0] [0.440191, 0.0, -0.897904] [3359.29, 133.105, 1968.88]]
		unit_class:t = "germ_20mm_flak38_helipad"
		objLayer:i = 1
		closed_waypoints:b = false
		isShipSpline:b = false
		shipTurnRadius:r = 100
		weapons:t = ""
		bullets0:t = ""
		bullets1:t = ""
		bullets2:t = ""
		bullets3:t = ""
		bulletsCount0:i = 0
		bulletsCount1:i = 0
		bulletsCount2:i = 0
		bulletsCount3:i = 0
		crewSkillK:r = 0
		props {
			army:i = 1
			count:i = 1
			formation_type:t = "rows"
			formation_div:i = 3
			formation_step:p2 = 2.5, 2
			formation_noise:p2 = 0.1, 0.1
			uniqueName:t = ""
			attack_type:t = "fire_at_will"
		}
		way {

		}
	}
	air_defence {
		name:t = "t1_helipad_defence_04"
		tm:m = [[-0.897904, 0.0, -0.440191] [0.0, 1.0, 0.0] [0.440191, 0.0, -0.897904] [3053.94, 132.127, 1983.46]]
		unit_class:t = "germ_20mm_flak38_helipad"
		objLayer:i = 1
		closed_waypoints:b = false
		isShipSpline:b = false
		shipTurnRadius:r = 100
		weapons:t = ""
		bullets0:t = ""
		bullets1:t = ""
		bullets2:t = ""
		bullets3:t = ""
		bulletsCount0:i = 0
		bulletsCount1:i = 0
		bulletsCount2:i = 0
		bulletsCount3:i = 0
		crewSkillK:r = 0
		props {
			army:i = 1
			count:i = 1
			formation_type:t = "rows"
			formation_div:i = 3
			formation_step:p2 = 2.5, 2
			formation_noise:p2 = 0.1, 0.1
			uniqueName:t = ""
			attack_type:t = "fire_at_will"
		}
		way {

		}
	}
	squad {
		name:t = "t1_helipad_aaa_squad"
		tm:m = [[1.0, 0.0, 0.0] [0.0, 1.0, 0.0] [0.0, 0.0, 1.0] [3294.52, 139.859, 2221.94]]
		props {
			object_marking:i = 0
			squad_members:t = "t1_helipad_defence_04"
			squad_members:t = "t1_helipad_defence_03"
			squad_members:t = "t1_helipad_defence_01"
			squad_members:t = "t1_helipad_defence_02"
		}
	}
}
areas {

}
objLayers {
	layer {
		enabled:b = true
	}
	layer {
		enabled:b = true
	}
	layer {
		enabled:b = true
	}
	layer {
		enabled:b = false
	}
	layer {
		enabled:b = false
	}
}
wayPoints {

}