selected_tag:t = ""
bin_dump_file:t = ""
mission_settings {
	player {
		army:i = 1
		wing:t = ""
	}
	player_teamB {
		army:i = 2
	}
	mission {
		level:t = "levels/water.bin"
		type:t = "singleMission"
		environment:t = "Day"
		weather:t = "hazy"
		locName:t = ""
		locDesc:t = ""
		restoreType:t = "attempts"
		optionalTakeOff:b = false
	}
	spectator_points {

	}
	units_include {
		include {
			filename:t = ""
		}
	}
}
imports {
	import_record {
		file:t = "gameData/missions/templates/navy_templates/air_spawn_template.blk"
		importAreas:b = true
		importUnits:b = true
		importTriggers:b = true
		importMissionObjectives:b = true
		importWayPoints:b = true
		showAreas:b = true
		showUnits:b = true
		showTriggers:b = true
		showMissionObjectives:b = true
		showWayPoints:b = true
		excludes {

		}
	}
}
triggers {
	isCategory:b = true
	is_enabled:b = true
}
mission_objectives {
	isCategory:b = true
	is_enabled:b = true
}
variables {

}
dialogs {

}
airfields {

}
effects {

}
units {
	air_defence {
		name:t = "t2_airfield_aaa01"
		tm:m = [[-0.615463, 0.0, -0.788165] [0.0, 1.0, 0.0] [0.788165, 0.0, -0.615463] [-2327.65, 216.55, 11440.9]]
		unit_class:t = "ussr_37mm_61k_airfield"
		objLayer:i = 1
		closed_waypoints:b = false
		isShipSpline:b = false
		shipTurnRadius:r = 100
		weapons:t = ""
		bullets0:t = ""
		bullets1:t = ""
		bullets2:t = ""
		bullets3:t = ""
		bulletsCount0:i = 0
		bulletsCount1:i = 0
		bulletsCount2:i = 0
		bulletsCount3:i = 0
		crewSkillK:r = 0
		applyAllMods:b = false
		props {
			army:i = 2
			count:i = 1
			formation_type:t = "rows"
			formation_div:i = 3
			formation_step:p2 = 2.5, 2
			formation_noise:p2 = 0.1, 0.1
			uniqueName:t = ""
			attack_type:t = "fire_at_will"
		}
		way {

		}
	}
	air_defence {
		name:t = "t2_airfield_aaa02"
		tm:m = [[-0.615463, 0.0, -0.788165] [0.0, 1.0, 0.0] [0.788165, 0.0, -0.615463] [-2041.64, 215.426, 11807.3]]
		unit_class:t = "ussr_37mm_61k_airfield"
		objLayer:i = 1
		closed_waypoints:b = false
		isShipSpline:b = false
		shipTurnRadius:r = 100
		weapons:t = ""
		bullets0:t = ""
		bullets1:t = ""
		bullets2:t = ""
		bullets3:t = ""
		bulletsCount0:i = 0
		bulletsCount1:i = 0
		bulletsCount2:i = 0
		bulletsCount3:i = 0
		crewSkillK:r = 0
		applyAllMods:b = false
		props {
			army:i = 2
			count:i = 1
			formation_type:t = "rows"
			formation_div:i = 3
			formation_step:p2 = 2.5, 2
			formation_noise:p2 = 0.1, 0.1
			uniqueName:t = ""
			attack_type:t = "fire_at_will"
		}
		way {

		}
	}
	air_defence {
		name:t = "t2_airfield_aaa03"
		tm:m = [[-0.615463, 0.0, -0.788165] [0.0, 1.0, 0.0] [0.788165, 0.0, -0.615463] [-1912.01, 215.912, 11643.6]]
		unit_class:t = "ussr_37mm_61k_airfield"
		objLayer:i = 1
		closed_waypoints:b = false
		isShipSpline:b = false
		shipTurnRadius:r = 100
		weapons:t = ""
		bullets0:t = ""
		bullets1:t = ""
		bullets2:t = ""
		bullets3:t = ""
		bulletsCount0:i = 0
		bulletsCount1:i = 0
		bulletsCount2:i = 0
		bulletsCount3:i = 0
		crewSkillK:r = 0
		applyAllMods:b = false
		props {
			army:i = 2
			count:i = 1
			formation_type:t = "rows"
			formation_div:i = 3
			formation_step:p2 = 2.5, 2
			formation_noise:p2 = 0.1, 0.1
			uniqueName:t = ""
			attack_type:t = "fire_at_will"
		}
		way {

		}
	}
	air_defence {
		name:t = "t2_airfield_aaa04"
		tm:m = [[-0.615463, 0.0, -0.788165] [0.0, 1.0, 0.0] [0.788165, 0.0, -0.615463] [-1707.79, 217.836, 11312.3]]
		unit_class:t = "ussr_37mm_61k_airfield"
		objLayer:i = 1
		closed_waypoints:b = false
		isShipSpline:b = false
		shipTurnRadius:r = 100
		weapons:t = ""
		bullets0:t = ""
		bullets1:t = ""
		bullets2:t = ""
		bullets3:t = ""
		bulletsCount0:i = 0
		bulletsCount1:i = 0
		bulletsCount2:i = 0
		bulletsCount3:i = 0
		crewSkillK:r = 0
		applyAllMods:b = false
		props {
			army:i = 2
			count:i = 1
			formation_type:t = "rows"
			formation_div:i = 3
			formation_step:p2 = 2.5, 2
			formation_noise:p2 = 0.1, 0.1
			uniqueName:t = ""
			attack_type:t = "fire_at_will"
		}
		way {

		}
	}
	air_defence {
		name:t = "t2_airfield_aaa05"
		tm:m = [[-0.615463, 0.0, -0.788165] [0.0, 1.0, 0.0] [0.788165, 0.0, -0.615463] [-2179.92, 219.512, 11963.7]]
		unit_class:t = "ussr_37mm_61k_airfield"
		objLayer:i = 1
		closed_waypoints:b = false
		isShipSpline:b = false
		shipTurnRadius:r = 100
		weapons:t = ""
		bullets0:t = ""
		bullets1:t = ""
		bullets2:t = ""
		bullets3:t = ""
		bulletsCount0:i = 0
		bulletsCount1:i = 0
		bulletsCount2:i = 0
		bulletsCount3:i = 0
		crewSkillK:r = 0
		applyAllMods:b = false
		props {
			army:i = 2
			count:i = 1
			formation_type:t = "rows"
			formation_div:i = 3
			formation_step:p2 = 2.5, 2
			formation_noise:p2 = 0.1, 0.1
			uniqueName:t = ""
			attack_type:t = "fire_at_will"
		}
		way {

		}
	}
	air_defence {
		name:t = "t2_airfield_aaa06"
		tm:m = [[-0.615463, 0.0, -0.788165] [0.0, 1.0, 0.0] [0.788165, 0.0, -0.615463] [-2075.24, 216.114, 11191.9]]
		unit_class:t = "ussr_37mm_61k_airfield"
		objLayer:i = 1
		closed_waypoints:b = false
		isShipSpline:b = false
		shipTurnRadius:r = 100
		weapons:t = ""
		bullets0:t = ""
		bullets1:t = ""
		bullets2:t = ""
		bullets3:t = ""
		bulletsCount0:i = 0
		bulletsCount1:i = 0
		bulletsCount2:i = 0
		bulletsCount3:i = 0
		crewSkillK:r = 0
		applyAllMods:b = false
		props {
			army:i = 2
			count:i = 1
			formation_type:t = "rows"
			formation_div:i = 3
			formation_step:p2 = 2.5, 2
			formation_noise:p2 = 0.1, 0.1
			uniqueName:t = ""
			attack_type:t = "fire_at_will"
		}
		way {

		}
	}
	air_defence {
		name:t = "t2_airfield_aaa07"
		tm:m = [[-0.615463, 0.0, -0.788165] [0.0, 1.0, 0.0] [0.788165, 0.0, -0.615463] [-1992.36, 214.617, 10855.3]]
		unit_class:t = "ussr_37mm_61k_airfield"
		objLayer:i = 1
		closed_waypoints:b = false
		isShipSpline:b = false
		shipTurnRadius:r = 100
		weapons:t = ""
		bullets0:t = ""
		bullets1:t = ""
		bullets2:t = ""
		bullets3:t = ""
		bulletsCount0:i = 0
		bulletsCount1:i = 0
		bulletsCount2:i = 0
		bulletsCount3:i = 0
		crewSkillK:r = 0
		applyAllMods:b = false
		props {
			army:i = 2
			count:i = 1
			formation_type:t = "rows"
			formation_div:i = 3
			formation_step:p2 = 2.5, 2
			formation_noise:p2 = 0.1, 0.1
			uniqueName:t = ""
			attack_type:t = "fire_at_will"
		}
		way {

		}
	}
	air_defence {
		name:t = "t2_airfield_aaa08"
		tm:m = [[-0.615463, 0.0, -0.788165] [0.0, 1.0, 0.0] [0.788165, 0.0, -0.615463] [-2578.58, 217.971, 11737.2]]
		unit_class:t = "ussr_37mm_61k_airfield"
		objLayer:i = 1
		closed_waypoints:b = false
		isShipSpline:b = false
		shipTurnRadius:r = 100
		weapons:t = ""
		bullets0:t = ""
		bullets1:t = ""
		bullets2:t = ""
		bullets3:t = ""
		bulletsCount0:i = 0
		bulletsCount1:i = 0
		bulletsCount2:i = 0
		bulletsCount3:i = 0
		crewSkillK:r = 0
		applyAllMods:b = false
		props {
			army:i = 2
			count:i = 1
			formation_type:t = "rows"
			formation_div:i = 3
			formation_step:p2 = 2.5, 2
			formation_noise:p2 = 0.1, 0.1
			uniqueName:t = ""
			attack_type:t = "fire_at_will"
		}
		way {

		}
	}
	air_defence {
		name:t = "t2_airfield_aaa09"
		tm:m = [[-0.615463, 0.0, -0.788165] [0.0, 1.0, 0.0] [0.788165, 0.0, -0.615463] [-2205.7, 215.8, 11168.0]]
		unit_class:t = "ussr_37mm_61k_airfield"
		objLayer:i = 1
		closed_waypoints:b = false
		isShipSpline:b = false
		shipTurnRadius:r = 100
		weapons:t = ""
		bullets0:t = ""
		bullets1:t = ""
		bullets2:t = ""
		bullets3:t = ""
		bulletsCount0:i = 0
		bulletsCount1:i = 0
		bulletsCount2:i = 0
		bulletsCount3:i = 0
		crewSkillK:r = 0
		applyAllMods:b = false
		props {
			army:i = 2
			count:i = 1
			formation_type:t = "rows"
			formation_div:i = 3
			formation_step:p2 = 2.5, 2
			formation_noise:p2 = 0.1, 0.1
			uniqueName:t = ""
			attack_type:t = "fire_at_will"
		}
		way {

		}
	}
	air_defence {
		name:t = "t2_airfield_aaa10"
		tm:m = [[-0.615463, 0.0, -0.788165] [0.0, 1.0, 0.0] [0.788165, 0.0, -0.615463] [-1642.32, 214.624, 11131.1]]
		unit_class:t = "ussr_37mm_61k_airfield"
		objLayer:i = 1
		closed_waypoints:b = false
		isShipSpline:b = false
		shipTurnRadius:r = 100
		weapons:t = ""
		bullets0:t = ""
		bullets1:t = ""
		bullets2:t = ""
		bullets3:t = ""
		bulletsCount0:i = 0
		bulletsCount1:i = 0
		bulletsCount2:i = 0
		bulletsCount3:i = 0
		crewSkillK:r = 0
		applyAllMods:b = false
		props {
			army:i = 2
			count:i = 1
			formation_type:t = "rows"
			formation_div:i = 3
			formation_step:p2 = 2.5, 2
			formation_noise:p2 = 0.1, 0.1
			uniqueName:t = ""
			attack_type:t = "fire_at_will"
		}
		way {

		}
	}
	air_defence {
		name:t = "t1_airfield_aaa01"
		tm:m = [[0.31016, 0.0, -0.950685] [0.0, 1.0, 0.0] [0.950685, 0.0, 0.31016] [8914.0, 22.319, -4520.8]]
		unit_class:t = "germ_37mm_flak43_airfield"
		objLayer:i = 1
		closed_waypoints:b = false
		isShipSpline:b = false
		shipTurnRadius:r = 100
		weapons:t = ""
		bullets0:t = ""
		bullets1:t = ""
		bullets2:t = ""
		bullets3:t = ""
		bulletsCount0:i = 0
		bulletsCount1:i = 0
		bulletsCount2:i = 0
		bulletsCount3:i = 0
		crewSkillK:r = 0
		applyAllMods:b = false
		props {
			army:i = 1
			count:i = 1
			formation_type:t = "rows"
			formation_div:i = 3
			formation_step:p2 = 2.5, 2
			formation_noise:p2 = 0.1, 0.1
			uniqueName:t = ""
			attack_type:t = "fire_at_will"
		}
		way {

		}
	}
	air_defence {
		name:t = "t1_airfield_aaa02"
		tm:m = [[0.31016, 0.0, -0.950685] [0.0, 1.0, 0.0] [0.950685, 0.0, 0.31016] [8876.74, 22.8593, -5701.83]]
		unit_class:t = "germ_37mm_flak43_airfield"
		objLayer:i = 1
		closed_waypoints:b = false
		isShipSpline:b = false
		shipTurnRadius:r = 100
		weapons:t = ""
		bullets0:t = ""
		bullets1:t = ""
		bullets2:t = ""
		bullets3:t = ""
		bulletsCount0:i = 0
		bulletsCount1:i = 0
		bulletsCount2:i = 0
		bulletsCount3:i = 0
		crewSkillK:r = 0
		applyAllMods:b = false
		props {
			army:i = 1
			count:i = 1
			formation_type:t = "rows"
			formation_div:i = 3
			formation_step:p2 = 2.5, 2
			formation_noise:p2 = 0.1, 0.1
			uniqueName:t = ""
			attack_type:t = "fire_at_will"
		}
		way {

		}
	}
	air_defence {
		name:t = "t1_airfield_aaa03"
		tm:m = [[0.31016, 0.0, -0.950685] [0.0, 1.0, 0.0] [0.950685, 0.0, 0.31016] [8447.82, 28.8861, -4816.33]]
		unit_class:t = "germ_37mm_flak43_airfield"
		objLayer:i = 1
		closed_waypoints:b = false
		isShipSpline:b = false
		shipTurnRadius:r = 100
		weapons:t = ""
		bullets0:t = ""
		bullets1:t = ""
		bullets2:t = ""
		bullets3:t = ""
		bulletsCount0:i = 0
		bulletsCount1:i = 0
		bulletsCount2:i = 0
		bulletsCount3:i = 0
		crewSkillK:r = 0
		applyAllMods:b = false
		props {
			army:i = 1
			count:i = 1
			formation_type:t = "rows"
			formation_div:i = 3
			formation_step:p2 = 2.5, 2
			formation_noise:p2 = 0.1, 0.1
			uniqueName:t = ""
			attack_type:t = "fire_at_will"
		}
		way {

		}
	}
	air_defence {
		name:t = "t1_airfield_aaa04"
		tm:m = [[0.31016, 0.0, -0.950685] [0.0, 1.0, 0.0] [0.950685, 0.0, 0.31016] [8732.71, 22.2168, -5268.61]]
		unit_class:t = "germ_37mm_flak43_airfield"
		objLayer:i = 1
		closed_waypoints:b = false
		isShipSpline:b = false
		shipTurnRadius:r = 100
		weapons:t = ""
		bullets0:t = ""
		bullets1:t = ""
		bullets2:t = ""
		bullets3:t = ""
		bulletsCount0:i = 0
		bulletsCount1:i = 0
		bulletsCount2:i = 0
		bulletsCount3:i = 0
		crewSkillK:r = 0
		applyAllMods:b = false
		props {
			army:i = 1
			count:i = 1
			formation_type:t = "rows"
			formation_div:i = 3
			formation_step:p2 = 2.5, 2
			formation_noise:p2 = 0.1, 0.1
			uniqueName:t = ""
			attack_type:t = "fire_at_will"
		}
		way {

		}
	}
	air_defence {
		name:t = "t1_airfield_aaa05"
		tm:m = [[0.31016, 0.0, -0.950685] [0.0, 1.0, 0.0] [0.950685, 0.0, 0.31016] [9123.45, 22.4984, -4905.0]]
		unit_class:t = "germ_37mm_flak43_airfield"
		objLayer:i = 1
		closed_waypoints:b = false
		isShipSpline:b = false
		shipTurnRadius:r = 100
		weapons:t = ""
		bullets0:t = ""
		bullets1:t = ""
		bullets2:t = ""
		bullets3:t = ""
		bulletsCount0:i = 0
		bulletsCount1:i = 0
		bulletsCount2:i = 0
		bulletsCount3:i = 0
		crewSkillK:r = 0
		applyAllMods:b = false
		props {
			army:i = 1
			count:i = 1
			formation_type:t = "rows"
			formation_div:i = 3
			formation_step:p2 = 2.5, 2
			formation_noise:p2 = 0.1, 0.1
			uniqueName:t = ""
			attack_type:t = "fire_at_will"
		}
		way {

		}
	}
	air_defence {
		name:t = "t1_airfield_aaa06"
		tm:m = [[0.31016, 0.0, -0.950685] [0.0, 1.0, 0.0] [0.950685, 0.0, 0.31016] [9412.04, 21.7784, -5422.49]]
		unit_class:t = "germ_37mm_flak43_airfield"
		objLayer:i = 1
		closed_waypoints:b = false
		isShipSpline:b = false
		shipTurnRadius:r = 100
		weapons:t = ""
		bullets0:t = ""
		bullets1:t = ""
		bullets2:t = ""
		bullets3:t = ""
		bulletsCount0:i = 0
		bulletsCount1:i = 0
		bulletsCount2:i = 0
		bulletsCount3:i = 0
		crewSkillK:r = 0
		applyAllMods:b = false
		props {
			army:i = 1
			count:i = 1
			formation_type:t = "rows"
			formation_div:i = 3
			formation_step:p2 = 2.5, 2
			formation_noise:p2 = 0.1, 0.1
			uniqueName:t = ""
			attack_type:t = "fire_at_will"
		}
		way {

		}
	}
	air_defence {
		name:t = "t1_airfield_aaa07"
		tm:m = [[0.330239, 0.0, -0.943897] [0.0, 1.0, 0.0] [0.943897, 0.0, 0.330239] [8515.16, 24.5489, -4603.05]]
		unit_class:t = "germ_37mm_flak43_airfield"
		objLayer:i = 1
		closed_waypoints:b = false
		isShipSpline:b = false
		shipTurnRadius:r = 100
		weapons:t = ""
		bullets0:t = ""
		bullets1:t = ""
		bullets2:t = ""
		bullets3:t = ""
		bulletsCount0:i = 0
		bulletsCount1:i = 0
		bulletsCount2:i = 0
		bulletsCount3:i = 0
		crewSkillK:r = 0
		applyAllMods:b = false
		props {
			army:i = 1
			count:i = 1
			formation_type:t = "rows"
			formation_div:i = 3
			formation_step:p2 = 2.5, 2
			formation_noise:p2 = 0.1, 0.1
			uniqueName:t = ""
			attack_type:t = "fire_at_will"
		}
		way {

		}
	}
	air_defence {
		name:t = "t1_airfield_aaa08"
		tm:m = [[0.31016, 0.0, -0.950685] [0.0, 1.0, 0.0] [0.950685, 0.0, 0.31016] [8562.96, 23.0912, -5066.24]]
		unit_class:t = "germ_37mm_flak43_airfield"
		objLayer:i = 1
		closed_waypoints:b = false
		isShipSpline:b = false
		shipTurnRadius:r = 100
		weapons:t = ""
		bullets0:t = ""
		bullets1:t = ""
		bullets2:t = ""
		bullets3:t = ""
		bulletsCount0:i = 0
		bulletsCount1:i = 0
		bulletsCount2:i = 0
		bulletsCount3:i = 0
		crewSkillK:r = 0
		applyAllMods:b = false
		props {
			army:i = 1
			count:i = 1
			formation_type:t = "rows"
			formation_div:i = 3
			formation_step:p2 = 2.5, 2
			formation_noise:p2 = 0.1, 0.1
			uniqueName:t = ""
			attack_type:t = "fire_at_will"
		}
		way {

		}
	}
	air_defence {
		name:t = "t1_airfield_aaa09"
		tm:m = [[0.31016, 0.0, -0.950685] [0.0, 1.0, 0.0] [0.950685, 0.0, 0.31016] [9074.7, 21.2404, -5855.67]]
		unit_class:t = "germ_37mm_flak43_airfield"
		objLayer:i = 1
		closed_waypoints:b = false
		isShipSpline:b = false
		shipTurnRadius:r = 100
		weapons:t = ""
		bullets0:t = ""
		bullets1:t = ""
		bullets2:t = ""
		bullets3:t = ""
		bulletsCount0:i = 0
		bulletsCount1:i = 0
		bulletsCount2:i = 0
		bulletsCount3:i = 0
		crewSkillK:r = 0
		applyAllMods:b = false
		props {
			army:i = 1
			count:i = 1
			formation_type:t = "rows"
			formation_div:i = 3
			formation_step:p2 = 2.5, 2
			formation_noise:p2 = 0.1, 0.1
			uniqueName:t = ""
			attack_type:t = "fire_at_will"
		}
		way {

		}
	}
	air_defence {
		name:t = "t1_airfield_aaa10"
		tm:m = [[0.31016, 0.0, -0.950685] [0.0, 1.0, 0.0] [0.950685, 0.0, 0.31016] [9263.46, 22.2635, -5113.71]]
		unit_class:t = "germ_37mm_flak43_airfield"
		objLayer:i = 1
		closed_waypoints:b = false
		isShipSpline:b = false
		shipTurnRadius:r = 100
		weapons:t = ""
		bullets0:t = ""
		bullets1:t = ""
		bullets2:t = ""
		bullets3:t = ""
		bulletsCount0:i = 0
		bulletsCount1:i = 0
		bulletsCount2:i = 0
		bulletsCount3:i = 0
		crewSkillK:r = 0
		applyAllMods:b = false
		props {
			army:i = 1
			count:i = 1
			formation_type:t = "rows"
			formation_div:i = 3
			formation_step:p2 = 2.5, 2
			formation_noise:p2 = 0.1, 0.1
			uniqueName:t = ""
			attack_type:t = "fire_at_will"
		}
		way {

		}
	}
	squad {
		name:t = "t2_airfield_aaa_squad"
		tm:m = [[-0.173648, 0.0, -0.984808] [0.0, 1.0, 0.0] [0.984808, 0.0, -0.173648] [3283.67, 3.8147e-6, 7431.89]]
		props {
			squad_members:t = "t2_airfield_aaa01"
			squad_members:t = "t2_airfield_aaa02"
			squad_members:t = "t2_airfield_aaa03"
			squad_members:t = "t2_airfield_aaa04"
			squad_members:t = "t2_airfield_aaa05"
			squad_members:t = "t2_airfield_aaa06"
			squad_members:t = "t2_airfield_aaa07"
			squad_members:t = "t2_airfield_aaa08"
			squad_members:t = "t2_airfield_aaa09"
			squad_members:t = "t2_airfield_aaa10"
		}
	}
	squad {
		name:t = "t1_airfield_aaa_squad"
		tm:m = [[2.98023e-8, 0.0, -1.0] [0.0, 1.0, 0.0] [1.0, 0.0, 2.98023e-8] [753.401, 71.9996, -6998.53]]
		props {
			squad_members:t = "t1_airfield_aaa01"
			squad_members:t = "t1_airfield_aaa02"
			squad_members:t = "t1_airfield_aaa03"
			squad_members:t = "t1_airfield_aaa04"
			squad_members:t = "t1_airfield_aaa05"
			squad_members:t = "t1_airfield_aaa06"
			squad_members:t = "t1_airfield_aaa07"
			squad_members:t = "t1_airfield_aaa08"
			squad_members:t = "t1_airfield_aaa09"
			squad_members:t = "t1_airfield_aaa10"
		}
	}
	objectGroups {
		name:t = "t2_airfield"
		tm:m = [[-0.569244, 0.0, 0.822169] [0.0, 1.0, 0.0] [-0.822169, 0.0, -0.569244] [-2216.72, 207.757, 11618.4]]
		unit_class:t = "dynaf_universal_1line_a"
		objLayer:i = 2
		props {
			army:i = 2
			active:b = true
		}
	}
	objectGroups {
		name:t = "t1_airfield"
		tm:m = [[0.397561, 0.0, -0.917575] [0.0, 1.0, 0.0] [0.917575, 0.0, 0.397561] [8991.92, 21.9803, -5081.29]]
		unit_class:t = "dynaf_universal_1line_a"
		objLayer:i = 2
		props {
			army:i = 1
			active:b = true
		}
	}
}
areas {
	t1_start {
		type:t = "Sphere"
		tm:m = [[-78.6458, 0.0, 147.776] [0.0, 167.4, 0.0] [-147.776, 0.0, -78.6458] [10561.6, 0.0, -5944.97]]
		objLayer:i = 0
		props {

		}
	}
	t1_end {
		type:t = "Sphere"
		tm:m = [[-80.3042, 0.0, 146.881] [0.0, 167.4, 0.0] [-146.881, 0.0, -80.3042] [9034.05, 0.0, -3339.8]]
		objLayer:i = 0
		props {

		}
	}
	t2_end {
		type:t = "Sphere"
		tm:m = [[-68.6337, 0.0, -152.683] [0.0, 167.4, 0.0] [152.683, 0.0, -68.6337] [7270.45, 0.0, 10046.0]]
		objLayer:i = 0
		props {

		}
	}
	t2_start {
		type:t = "Sphere"
		tm:m = [[-59.2274, 0.0, -156.572] [0.0, 167.4, 0.0] [156.572, 0.0, -59.2274] [8387.78, 0.0, 12830.3]]
		objLayer:i = 0
		props {

		}
	}
	t2_waterfield {
		type:t = "Box"
		tm:m = [[1095.0, 0.0, 2793.02] [0.0, 296.7, 0.0] [-372.403, 0.0, 146.0] [7822.19, 0.0, 11442.4]]
		objLayer:i = 0
		props {

		}
	}
}
objLayers {
	layer {
		enabled:b = true
	}
	layer {
		enabled:b = true
	}
	layer {
		enabled:b = true
	}
	layer {
		enabled:b = false
	}
}
wayPoints {

}