selected_tag:t = ""
bin_dump_file:t = ""
mission_settings {
	player {
		army:i = 1
		wing:t = "player01"
		wing:t = "player02"
		wing:t = "player03"
		wing:t = "player04"
		wing:t = "player05"
		wing:t = "player06"
		wing:t = "player07"
		wing:t = "player08"
		wing:t = "player09"
		wing:t = "player10"
		wing:t = "player11"
		wing:t = "player12"
		wing:t = "player13"
		wing:t = "player14"
		wing:t = "player15"
		wing:t = "player16"
		wing:t = "player17"
		wing:t = "player18"
		wing:t = "player19"
		wing:t = "player20"
		wing:t = "player21"
		wing:t = "player22"
		wing:t = "player23"
		wing:t = "player24"
		wing:t = "player25"
		wing:t = "player26"
		wing:t = "player27"
		wing:t = "player28"
		wing:t = "player29"
		wing:t = "player30"
		wing:t = "player31"
		wing:t = "player32"
	}
	player_teamB {
		army:i = 2
		wing:t = "player33"
		wing:t = "player34"
		wing:t = "player35"
		wing:t = "player36"
		wing:t = "player37"
		wing:t = "player38"
		wing:t = "player39"
		wing:t = "player40"
		wing:t = "player41"
		wing:t = "player42"
		wing:t = "player43"
		wing:t = "player44"
		wing:t = "player45"
		wing:t = "player46"
		wing:t = "player47"
		wing:t = "player48"
		wing:t = "player49"
		wing:t = "player50"
		wing:t = "player51"
		wing:t = "player52"
		wing:t = "player53"
		wing:t = "player54"
		wing:t = "player55"
		wing:t = "player56"
		wing:t = "player57"
		wing:t = "player58"
		wing:t = "player59"
		wing:t = "player60"
		wing:t = "player61"
		wing:t = "player62"
		wing:t = "player63"
		wing:t = "player64"
		wing:t = "player65"
	}
	mission {
		type:t = "domination"
		level:t = "levels/avg_abandoned_factory.bin"
		restoreType:t = "attempts"
		optionalTakeOff:b = false
		environment:t = "Day"
		weather:t = "hazy"
		locName:t = "missions/BR;abandoned_factory/name"
		locDesc:t = "missions/BR/desc"
		gt_ffa:b = true
		gt_last_man_standing:b = true
		timeLimit:i = 60
		useTankBots:b = true
		battleAreaColorPreset:t = "battleRoyale"
		ignoreInvulnerableTimer:b = true
		useCustomSuperArtillery:b = true
		customSuperArtillery:t = "structures/streakArtillery_203mm_r150m"
		country_axis:t = "germany"
		country_allies:t = "ussr"
		allowedUnitTypes {
			isAirplanesAllowed:b = false
			isTanksAllowed:b = true
			isShipsAllowed:b = false
		}
	}
	spectator_points {

	}
	briefing {
		place_loc:t = ""
		date_loc:t = ""
		objective_loc:t = ""
		music:t = "action_01"
		part {
			event:t = ""
			minTime:i = 0
			slide {
				map:b = true
				minTime:i = 4
				picture:t = ""
				showAirMap:b = false
				icon {
					icontype:t = "tank"
					side:t = "player"
					target:t = "briefing_spawn01"
				}
				icon {
					icontype:t = "tank"
					side:t = "enemy"
					target:t = "briefing_spawn02"
				}
				icon {
					icontype:t = "tank"
					side:t = "enemy"
					target:t = "briefing_spawn03"
				}
				icon {
					icontype:t = "tank"
					side:t = "enemy"
					target:t = "briefing_spawn04"
				}
				icon {
					icontype:t = "tank"
					side:t = "enemy"
					target:t = "briefing_spawn05"
				}
				icon {
					icontype:t = "tank"
					side:t = "enemy"
					target:t = "briefing_spawn06"
				}
				icon {
					icontype:t = "tank"
					side:t = "enemy"
					target:t = "briefing_spawn07"
				}
				icon {
					icontype:t = "tank"
					side:t = "enemy"
					target:t = "briefing_spawn08"
				}
				icon {
					icontype:t = "tank"
					side:t = "enemy"
					target:t = "briefing_spawn09"
				}
			}
		}
	}
}
imports {
	import_record {
		file:t = "gameData/missions/templates/battle_royale_template.blk"
		importAreas:b = true
		importUnits:b = true
		importTriggers:b = true
		importMissionObjectives:b = true
		importWayPoints:b = true
		showAreas:b = true
		showUnits:b = true
		showTriggers:b = true
		showMissionObjectives:b = true
		showWayPoints:b = true
		excludes {

		}
	}
}
triggers {
	isCategory:b = true
	is_enabled:b = true
	abandoned_factory_br_init {
		is_enabled:b = true
		comments:t = ""
		props {
			actionsType:t = "PERFORM_ONE_BY_ONE"
			conditionsType:t = "ALL"
			enableAfterComplete:b = false
		}
		events {
			initMission {

			}
		}
		conditions {

		}
		actions {
			varSetInt {
				value:i = 6
				var:t = "br_area_div"
				fromDescriptor:t = "br_area_div"
			}
			comment {
				value:t = "(br_area_div * 2 - 1 = 11) - number of total stages"
			}
			comment {
				value:t = "(11 stages - 3 = 8) - so warning will be when 3(1 row * 3 col) or 4(2 row * 2 col) sectors left"
			}
			comment {
				value:t = "and artillery will be disabled when 2(1 row * 2 col) sectors left"
			}
			comment {
				value:t = "artillery have radius 150m radius and sector side is 1400/6=250m"
			}
			varSetInt {
				value:i = 8
				var:t = "artillery_disable_stage"
				fromDescriptor:t = "artillery_disable_stage"
			}
			comment {
				value:t = "from 1 to br_area_div included"
			}
			comment {
				value:t = "from bottom left corner to up right corner"
			}
			comment {
				value:t = "(1,1) - bottom left"
			}
			comment {
				value:t = "(5,1) - bottom right"
			}
			comment {
				value:t = "(1,5) - up left"
			}
			comment {
				value:t = "(5,5) - up right"
			}
			varSetString {
				value:t = "(1,1);(2,1);(3,1);(4,1);(5,1);(6,1);(1,2);(6,2);(1,3);(6,3);(1,4);(6,4);(1,5);(2,5);(5,5);(6,5);(1,6);(2,6);(3,6);(4,6);(5,6);(6,6);"
				var:t = "br_final_sector_exclude"
				fromDescriptor:t = "br_final_sector_exclude"
			}
			unitSetProperties {
				object_marking:i = 0
				object:t = "object_groups_squad"
				stealthRadius:r = 0
			}
			varSetInt {
				value:i = 8
				var:t = "pickups_count"
			}
		}
		else_actions {

		}
	}
}
mission_objectives {
	isCategory:b = true
	is_enabled:b = true
}
variables {

}
dialogs {

}
airfields {

}
effects {

}
units {
	area_squad {
		name:t = "spawn_area_sq"
		tm:m = [[1.0, 0.0, 0.0] [0.0, 1.0, 0.0] [0.0, 0.0, 1.0] [1921.55, 8.3, 2657.65]]
		props {
			squad_members:t = "spawn04"
			squad_members:t = "spawn06"
			squad_members:t = "spawn07"
			squad_members:t = "spawn08"
			squad_members:t = "spawn10"
			squad_members:t = "spawn12"
			squad_members:t = "spawn14"
			squad_members:t = "spawn15"
			squad_members:t = "spawn16"
			squad_members:t = "spawn17"
			squad_members:t = "spawn18"
			squad_members:t = "spawn20"
			squad_members:t = "spawn21"
			squad_members:t = "spawn23"
			squad_members:t = "spawn24"
			squad_members:t = "spawn25"
			squad_members:t = "spawn26"
			squad_members:t = "spawn27"
			squad_members:t = "spawn29"
			squad_members:t = "spawn30"
			squad_members:t = "spawn31"
			squad_members:t = "spawn33"
			squad_members:t = "spawn34"
			squad_members:t = "spawn36"
			squad_members:t = "spawn37"
			squad_members:t = "spawn38"
			squad_members:t = "spawn39"
			squad_members:t = "spawn40"
			squad_members:t = "spawn41"
			squad_members:t = "spawn42"
			squad_members:t = "spawn43"
			squad_members:t = "spawn45"
		}
	}
	objectGroups {
		name:t = "objectGroups_01"
		tm:m = [[0.778106, 0.0, -0.628133] [0.0, 1.0, 0.0] [0.628133, 0.0, 0.778106] [2443.1, 8.04791, 1816.45]]
		unit_class:t = "det_pipes_set_a"
		objLayer:i = 2
		props {
			army:i = 0
			active:b = true
		}
	}
	objectGroups {
		name:t = "objectGroups_02"
		tm:m = [[-0.874018, 0.0, 0.485893] [0.0, 1.0, 0.0] [-0.485893, 0.0, -0.874018] [2620.75, 8.02502, 1740.5]]
		unit_class:t = "det_pipes_set_a"
		objLayer:i = 2
		props {
			army:i = 0
			active:b = true
		}
	}
	objectGroups {
		name:t = "objectGroups_03"
		tm:m = [[0.958343, 0.0, 0.285621] [0.0, 1.0, 0.0] [-0.285621, 0.0, 0.958343] [1814.7, 8.59205, 1785.0]]
		unit_class:t = "det_pipes_set_a"
		objLayer:i = 2
		props {
			army:i = 0
			active:b = true
		}
	}
	objectGroups {
		name:t = "objectGroups_04"
		tm:m = [[0.000163274, 0.0, -1.0] [0.0, 1.0, 0.0] [1.0, 0.0, 0.000163274] [1846.0, 8.04791, 1731.85]]
		unit_class:t = "det_factory_small_building_a"
		objLayer:i = 2
		props {
			army:i = 0
			active:b = true
		}
	}
	objectGroups {
		name:t = "objectGroups_05"
		tm:m = [[-0.98872, 0.0, 0.149774] [0.0, 1.0, 0.0] [-0.149774, 0.0, -0.98872] [1846.2, 8.04791, 1830.8]]
		unit_class:t = "det_pipes_set_a"
		objLayer:i = 2
		props {
			army:i = 0
			active:b = true
		}
	}
	objectGroups {
		name:t = "objectGroups_06"
		tm:m = [[-0.975945, 0.0, -0.218018] [0.0, 1.0, 0.0] [0.218018, 0.0, -0.975945] [1958.9, 7.68565, 1581.35]]
		unit_class:t = "det_pipes_set_a"
		objLayer:i = 2
		props {
			army:i = 0
			active:b = true
		}
	}
	objectGroups {
		name:t = "objectGroups_07"
		tm:m = [[0.99483, 0.0, -0.101555] [0.0, 1.0, 0.0] [0.101555, 0.0, 0.99483] [2171.15, 8.04161, 1594.8]]
		unit_class:t = "det_pipes_set_a"
		objLayer:i = 2
		props {
			army:i = 0
			active:b = true
		}
	}
	objectGroups {
		name:t = "objectGroups_08"
		tm:m = [[0.0537641, 0.0, -0.998554] [0.0, 1.0, 0.0] [0.998554, 0.0, 0.0537641] [2355.31, 8.04791, 1888.98]]
		unit_class:t = "det_pipes_set_a"
		objLayer:i = 2
		props {
			army:i = 0
			active:b = true
		}
	}
	objectGroups {
		name:t = "objectGroups_09"
		tm:m = [[0.69226, 0.0, -0.721648] [0.0, 1.0, 0.0] [0.721648, 0.0, 0.69226] [2606.45, 8.04791, 2270.18]]
		unit_class:t = "det_pipes_set_a"
		objLayer:i = 2
		props {
			army:i = 0
			active:b = true
		}
	}
	objectGroups {
		name:t = "objectGroups_10"
		tm:m = [[0.718176, 0.0, 0.695862] [0.0, 1.0, 0.0] [-0.695862, 0.0, 0.718176] [1747.6, 8.04791, 2205.35]]
		unit_class:t = "det_pipes_set_a"
		objLayer:i = 2
		props {
			army:i = 0
			active:b = true
		}
	}
	objectGroups {
		name:t = "objectGroups_11"
		tm:m = [[0.231817, 0.0, 0.972759] [0.0, 1.0, 0.0] [-0.972759, 0.0, 0.231817] [1583.53, 8.0479, 1959.13]]
		unit_class:t = "det_pipes_set_a"
		objLayer:i = 2
		props {
			army:i = 0
			active:b = true
		}
	}
	objectGroups {
		name:t = "objectGroups_12"
		tm:m = [[0.0714269, 0.0, -0.997446] [0.0, 1.0, 0.0] [0.997446, 0.0, 0.0714269] [1615.19, 8.04028, 1590.63]]
		unit_class:t = "det_factory_small_building_a"
		objLayer:i = 2
		props {
			army:i = 0
			active:b = true
		}
	}
	objectGroups {
		name:t = "objectGroups_13"
		tm:m = [[0.999683, 0.0, 0.0251919] [0.0, 1.0, 0.0] [-0.0251919, 0.0, 0.999683] [2064.36, 8.12609, 1784.49]]
		unit_class:t = "det_pipes_set_a"
		objLayer:i = 2
		props {
			army:i = 0
			active:b = true
		}
	}
	objectGroups {
		name:t = "objectGroups_14"
		tm:m = [[-0.892683, 0.0, 0.450685] [0.0, 1.0, 0.0] [-0.450685, 0.0, -0.892683] [2584.45, 8.05, 1766.65]]
		unit_class:t = "det_pipes_set_a"
		objLayer:i = 2
		props {
			army:i = 0
			active:b = true
		}
	}
	objectGroups {
		name:t = "objectGroups_15"
		tm:m = [[0.0333776, 0.0, -0.999443] [0.0, 1.0, 0.0] [0.999443, 0.0, 0.0333776] [2226.21, 8.04791, 1921.67]]
		unit_class:t = "det_pipes_set_a"
		objLayer:i = 2
		props {
			army:i = 0
			active:b = true
		}
	}
	objectGroups {
		name:t = "objectGroups_16"
		tm:m = [[0.246564, 0.0, 0.969127] [0.0, 1.0, 0.0] [-0.969127, 0.0, 0.246564] [1640.47, 8.04791, 1523.47]]
		unit_class:t = "det_factory_small_building_a"
		objLayer:i = 2
		props {
			army:i = 0
			active:b = true
		}
	}
	objectGroups {
		name:t = "objectGroups_17"
		tm:m = [[0.194838, 0.0, 0.980835] [0.0, 1.0, 0.0] [-0.980835, 0.0, 0.194838] [1702.71, 8.04791, 1530.04]]
		unit_class:t = "det_factory_building_a"
		objLayer:i = 2
		props {
			army:i = 0
			active:b = true
		}
	}
	objectGroups {
		name:t = "objectGroups_18"
		tm:m = [[-0.999933, 0.0, -0.0115826] [0.0, 1.0, 0.0] [0.0115826, 0.0, -0.999933] [1664.72, 8.04791, 1576.95]]
		unit_class:t = "det_pipes_set_a"
		objLayer:i = 2
		props {
			army:i = 0
			active:b = true
		}
	}
	objectGroups {
		name:t = "objectGroups_19"
		tm:m = [[-0.0126215, 0.0, 0.99992] [0.0, 1.0, 0.0] [-0.99992, 0.0, -0.0126215] [1855.3, 8.04023, 2254.41]]
		unit_class:t = "det_factory_small_building_a"
		objLayer:i = 2
		props {
			army:i = 0
			active:b = true
		}
	}
	objectGroups {
		name:t = "objectGroups_20"
		tm:m = [[-0.25534, 0.0, 0.966851] [0.0, 1.0, 0.0] [-0.966851, 0.0, -0.25534] [1590.58, 8.04791, 1800.1]]
		unit_class:t = "det_pipes_set_a"
		objLayer:i = 2
		props {
			army:i = 0
			active:b = true
		}
	}
	objectGroups {
		name:t = "objectGroups_21"
		tm:m = [[0.997916, 0.0, -0.0645223] [0.0, 1.0, 0.0] [0.0645223, 0.0, 0.997916] [1860.54, 8.04791, 1802.05]]
		unit_class:t = "det_pipes_set_a"
		objLayer:i = 2
		props {
			army:i = 0
			active:b = true
		}
	}
	objectGroups {
		name:t = "objectGroups_22"
		tm:m = [[-0.98872, 0.0, 0.149774] [0.0, 1.0, 0.0] [-0.149774, 0.0, -0.98872] [1907.47, 8.04792, 1676.8]]
		unit_class:t = "det_pipes_set_a"
		objLayer:i = 2
		props {
			army:i = 0
			active:b = true
		}
	}
	objectGroups {
		name:t = "objectGroups_23"
		tm:m = [[-0.0383168, 0.0, 0.999265] [0.0, 1.0, 0.0] [-0.999265, 0.0, -0.0383168] [2067.27, 8.1261, 1983.65]]
		unit_class:t = "det_factory_small_building_a"
		objLayer:i = 2
		props {
			army:i = 0
			active:b = true
		}
	}
	objectGroups {
		name:t = "objectGroups_24"
		tm:m = [[0.999683, 0.0, 0.0251919] [0.0, 1.0, 0.0] [-0.0251919, 0.0, 0.999683] [2064.21, 8.12609, 2001.6]]
		unit_class:t = "det_pipes_set_a"
		objLayer:i = 2
		props {
			army:i = 0
			active:b = true
		}
	}
	objectGroups {
		name:t = "objectGroups_25"
		tm:m = [[-0.062032, 0.0, -0.998075] [0.0, 1.0, 0.0] [0.998075, 0.0, -0.062032] [2045.71, 8.12609, 1979.47]]
		unit_class:t = "det_pipes_set_a"
		objLayer:i = 2
		props {
			army:i = 0
			active:b = true
		}
	}
	objectGroups {
		name:t = "objectGroups_26"
		tm:m = [[0.998418, 0.0, 0.0562255] [0.0, 1.0, 0.0] [-0.0562255, 0.0, 0.998418] [1859.89, 8.04023, 2035.5]]
		unit_class:t = "det_factory_small_building_a"
		objLayer:i = 2
		props {
			army:i = 0
			active:b = true
		}
	}
	objectGroups {
		name:t = "objectGroups_27"
		tm:m = [[0.999265, 0.0, 0.0383168] [0.0, 1.0, 0.0] [-0.0383168, 0.0, 0.999265] [2435.81, 8.12613, 2029.57]]
		unit_class:t = "det_factory_small_building_a"
		objLayer:i = 2
		props {
			army:i = 0
			active:b = true
		}
	}
	objectGroups {
		name:t = "objectGroups_28"
		tm:m = [[0.999949, 0.0, 0.0101565] [0.0, 1.0, 0.0] [-0.0101565, 0.0, 0.999949] [2412.95, 8.04792, 2053.17]]
		unit_class:t = "det_pipes_set_a"
		objLayer:i = 2
		props {
			army:i = 0
			active:b = true
		}
	}
	objectGroups {
		name:t = "objectGroups_29"
		tm:m = [[-0.995372, 0.0, -0.0960991] [0.0, 1.0, 0.0] [0.0960991, 0.0, -0.995372] [2606.82, 8.02493, 1852.75]]
		unit_class:t = "det_pipes_set_a"
		objLayer:i = 2
		props {
			army:i = 0
			active:b = true
		}
	}
	objectGroups {
		name:t = "objectGroups_30"
		tm:m = [[-0.406779, 0.0, -0.913526] [0.0, 1.0, 0.0] [0.913526, 0.0, -0.406779] [2685.23, 8.02494, 1778.08]]
		unit_class:t = "det_pipes_set_a"
		objLayer:i = 2
		props {
			army:i = 0
			active:b = true
		}
	}
	objectGroups {
		name:t = "objectGroups_31"
		tm:m = [[-0.999933, 0.0, -0.0115826] [0.0, 1.0, 0.0] [0.0115826, 0.0, -0.999933] [1715.61, 8.04791, 1671.26]]
		unit_class:t = "det_pipes_set_a"
		objLayer:i = 2
		props {
			army:i = 0
			active:b = true
		}
	}
	objectGroups {
		name:t = "objectGroups_32"
		tm:m = [[0.999933, 0.0, 0.0115824] [0.0, 1.0, 0.0] [-0.0115824, 0.0, 0.999933] [1710.8, 8.04791, 1703.52]]
		unit_class:t = "det_pipes_set_a"
		objLayer:i = 2
		props {
			army:i = 0
			active:b = true
		}
	}
	objectGroups {
		name:t = "objectGroups_33"
		tm:m = [[0.997916, 0.0, -0.0645223] [0.0, 1.0, 0.0] [0.0645223, 0.0, 0.997916] [1839.47, 8.04791, 1935.63]]
		unit_class:t = "det_pipes_set_a"
		objLayer:i = 2
		props {
			army:i = 0
			active:b = true
		}
	}
	objectGroups {
		name:t = "objectGroups_34"
		tm:m = [[-0.99396, 0.0, -0.109744] [0.0, 1.0, 0.0] [0.109744, 0.0, -0.99396] [1842.15, 8.04791, 1948.67]]
		unit_class:t = "det_pipes_set_a"
		objLayer:i = 2
		props {
			army:i = 0
			active:b = true
		}
	}
	objectGroups {
		name:t = "objectGroups_35"
		tm:m = [[0.999742, 0.0, 0.022697] [0.0, 1.0, 0.0] [-0.022697, 0.0, 0.999742] [1838.92, 8.04791, 1961.51]]
		unit_class:t = "det_pipes_set_a"
		objLayer:i = 2
		props {
			army:i = 0
			active:b = true
		}
	}
	objectGroups {
		name:t = "objectGroups_36"
		tm:m = [[-0.99992, 0.0, -0.0126218] [0.0, 1.0, 0.0] [0.0126218, 0.0, -0.99992] [1777.19, 8.04019, 1978.1]]
		unit_class:t = "det_factory_small_building_a"
		objLayer:i = 2
		props {
			army:i = 0
			active:b = true
		}
	}
	objectGroups {
		name:t = "objectGroups_37"
		tm:m = [[0.9977, 0.0, 0.0677744] [0.0, 1.0, 0.0] [-0.0677744, 0.0, 0.9977] [1840.28, 8.04791, 1673.82]]
		unit_class:t = "det_pipes_set_a"
		objLayer:i = 2
		props {
			army:i = 0
			active:b = true
		}
	}
	objectGroups {
		name:t = "objectGroups_38"
		tm:m = [[0.0537641, 0.0, -0.998554] [0.0, 1.0, 0.0] [0.998554, 0.0, 0.0537641] [2342.31, 8.04791, 1888.98]]
		unit_class:t = "det_pipes_set_a"
		objLayer:i = 2
		props {
			army:i = 0
			active:b = true
		}
	}
	objectGroups {
		name:t = "objectGroups_39"
		tm:m = [[0.9782, 0.0, -0.207663] [0.0, 1.0, 0.0] [0.207663, 0.0, 0.9782] [2572.21, 8.02493, 1897.98]]
		unit_class:t = "det_pipes_set_a"
		objLayer:i = 2
		props {
			army:i = 0
			active:b = true
		}
	}
	objectGroups {
		name:t = "objectGroups_41"
		tm:m = [[0.635882, 0.0, 0.771786] [0.0, 1.0, 0.0] [-0.771786, 0.0, 0.635882] [2549.99, 8.02492, 1862.78]]
		unit_class:t = "det_pipes_set_a"
		objLayer:i = 2
		props {
			army:i = 0
			active:b = true
		}
	}
	objectGroups {
		name:t = "objectGroups_42"
		tm:m = [[-0.892684, 0.0, 0.450685] [0.0, 1.0, 0.0] [-0.450685, 0.0, -0.892684] [2515.18, 8.04998, 1796.35]]
		unit_class:t = "det_pipes_set_a"
		objLayer:i = 2
		props {
			army:i = 0
			active:b = true
		}
	}
	objectGroups {
		name:t = "objectGroups_43"
		tm:m = [[0.000141777, 0.0, 1.0] [0.0, 1.0, 0.0] [-1.0, 0.0, 0.000141777] [2547.21, 8.04999, 1798.92]]
		unit_class:t = "det_factory_small_building_b"
		objLayer:i = 2
		props {
			army:i = 0
			active:b = true
		}
	}
	objectGroups {
		name:t = "objectGroups_44"
		tm:m = [[-0.333567, 0.0, -0.942726] [0.0, 1.0, 0.0] [0.942726, 0.0, -0.333567] [2653.52, 8.02493, 2175.84]]
		unit_class:t = "det_pipes_set_a"
		objLayer:i = 2
		props {
			army:i = 0
			active:b = true
		}
	}
	objectGroups {
		name:t = "objectGroups_45"
		tm:m = [[-0.333567, 0.0, -0.942726] [0.0, 1.0, 0.0] [0.942726, 0.0, -0.333567] [2665.56, 8.02493, 2171.62]]
		unit_class:t = "det_pipes_set_a"
		objLayer:i = 2
		props {
			army:i = 0
			active:b = true
		}
	}
	objectGroups {
		name:t = "objectGroups_46"
		tm:m = [[0.999949, 0.0, 0.0101565] [0.0, 1.0, 0.0] [-0.0101565, 0.0, 0.999949] [2403.32, 8.04792, 2014.69]]
		unit_class:t = "det_pipes_set_a"
		objLayer:i = 2
		props {
			army:i = 0
			active:b = true
		}
	}
	objectGroups {
		name:t = "objectGroups_47"
		tm:m = [[-0.990069, 0.0, -0.140589] [0.0, 1.0, 0.0] [0.140589, 0.0, -0.990069] [2416.5, 8.04792, 1954.27]]
		unit_class:t = "det_pipes_set_a"
		objLayer:i = 2
		props {
			army:i = 0
			active:b = true
		}
	}
	objectGroups {
		name:t = "objectGroups_48"
		tm:m = [[-0.99944, 0.0, 0.0334702] [0.0, 1.0, 0.0] [-0.0334702, 0.0, -0.99944] [2416.92, 8.04792, 1966.54]]
		unit_class:t = "det_pipes_set_a"
		objLayer:i = 2
		props {
			army:i = 0
			active:b = true
		}
	}
	objectGroups {
		name:t = "objectGroups_49"
		tm:m = [[0.718176, 0.0, 0.695862] [0.0, 1.0, 0.0] [-0.695862, 0.0, 0.718176] [2163.3, 8.04791, 2030.74]]
		unit_class:t = "det_pipes_set_a"
		objLayer:i = 2
		props {
			army:i = 0
			active:b = true
		}
	}
	objectGroups {
		name:t = "objectGroups_50"
		tm:m = [[-0.80286, 0.0, -0.596168] [0.0, 1.0, 0.0] [0.596168, 0.0, -0.80286] [2139.56, 8.04791, 2020.3]]
		unit_class:t = "det_pipes_set_a"
		objLayer:i = 2
		props {
			army:i = 0
			active:b = true
		}
	}
	objectGroups {
		name:t = "objectGroups_51"
		tm:m = [[-0.0251918, 0.0, 0.999683] [0.0, 1.0, 0.0] [-0.999683, 0.0, -0.0251918] [1834.31, 8.12609, 2303.88]]
		unit_class:t = "det_pipes_set_a"
		objLayer:i = 2
		props {
			army:i = 0
			active:b = true
		}
	}
	objectGroups {
		name:t = "objectGroups_52"
		tm:m = [[-0.0251918, 0.0, 0.999683] [0.0, 1.0, 0.0] [-0.999683, 0.0, -0.0251918] [1755.21, 8.12608, 2310.79]]
		unit_class:t = "det_pipes_set_a"
		objLayer:i = 2
		props {
			army:i = 0
			active:b = true
		}
	}
	objectGroups {
		name:t = "objectGroups_53"
		tm:m = [[-0.754063, 0.0, 0.656803] [0.0, 1.0, 0.0] [-0.656803, 0.0, -0.754063] [1764.04, 8.12608, 2333.42]]
		unit_class:t = "det_pipes_set_a"
		objLayer:i = 2
		props {
			army:i = 0
			active:b = true
		}
	}
	objectGroups {
		name:t = "objectGroups_54"
		tm:m = [[0.228745, 0.0, -0.973486] [0.0, 1.0, 0.0] [0.973486, 0.0, 0.228745] [1890.0, 8.31829, 2426.29]]
		unit_class:t = "det_factory_small_building_a"
		objLayer:i = 2
		props {
			army:i = 0
			active:b = true
		}
	}
	objectGroups {
		name:t = "objectGroups_55"
		tm:m = [[0.97934, 0.0, -0.202221] [0.0, 1.0, 0.0] [0.202221, 0.0, 0.97934] [2036.95, 11.3325, 2465.42]]
		unit_class:t = "det_factory_small_building_a"
		objLayer:i = 2
		props {
			army:i = 0
			active:b = true
		}
	}
	objectGroups {
		name:t = "objectGroups_56"
		tm:m = [[0.999723, 0.0, 0.0235397] [0.0, 1.0, 0.0] [-0.0235397, 0.0, 0.999723] [1975.99, 8.12608, 2446.63]]
		unit_class:t = "det_pipes_set_a"
		objLayer:i = 2
		props {
			army:i = 0
			active:b = true
		}
	}
	objectGroups {
		name:t = "objectGroups_57"
		tm:m = [[-0.711145, 0.0, -0.703045] [0.0, 1.0, 0.0] [0.703045, 0.0, -0.711145] [2085.41, 12.8036, 2460.88]]
		unit_class:t = "det_pipes_set_a"
		objLayer:i = 2
		props {
			army:i = 0
			active:b = true
		}
	}
	objectGroups {
		name:t = "objectGroups_58"
		tm:m = [[-0.0458335, 0.0, -0.998949] [0.0, 1.0, 0.0] [0.998949, 0.0, -0.0458335] [2041.48, 8.04952, 2166.2]]
		unit_class:t = "det_pipes_set_a"
		objLayer:i = 2
		props {
			army:i = 0
			active:b = true
		}
	}
	objectGroups {
		name:t = "objectGroups_59"
		tm:m = [[-0.0709788, 0.0, 0.997478] [0.0, 1.0, 0.0] [-0.997478, 0.0, -0.0709788] [2053.67, 8.04952, 2116.74]]
		unit_class:t = "det_pipes_set_a"
		objLayer:i = 2
		props {
			army:i = 0
			active:b = true
		}
	}
	objectGroups {
		name:t = "objectGroups_60"
		tm:m = [[-0.0458335, 0.0, -0.998949] [0.0, 1.0, 0.0] [0.998949, 0.0, -0.0458335] [2101.68, 8.04953, 2280.1]]
		unit_class:t = "det_pipes_set_a"
		objLayer:i = 2
		props {
			army:i = 0
			active:b = true
		}
	}
	objectGroups {
		name:t = "objectGroups_61"
		tm:m = [[0.720011, 0.0, -0.693963] [0.0, 1.0, 0.0] [0.693963, 0.0, 0.720011] [2066.14, 8.04953, 2325.29]]
		unit_class:t = "det_pipes_set_a"
		objLayer:i = 2
		props {
			army:i = 0
			active:b = true
		}
	}
	objectGroups {
		name:t = "objectGroups_62"
		tm:m = [[0.621148, 0.0, 0.783694] [0.0, 1.0, 0.0] [-0.783694, 0.0, 0.621148] [2171.19, 12.8189, 2358.57]]
		unit_class:t = "det_pipes_set_a"
		objLayer:i = 2
		props {
			army:i = 0
			active:b = true
		}
	}
	objectGroups {
		name:t = "objectGroups_63"
		tm:m = [[0.621148, 0.0, 0.783694] [0.0, 1.0, 0.0] [-0.783694, 0.0, 0.621148] [2242.04, 12.8189, 2496.04]]
		unit_class:t = "det_pipes_set_a"
		objLayer:i = 2
		props {
			army:i = 0
			active:b = true
		}
	}
	objectGroups {
		name:t = "objectGroups_64"
		tm:m = [[-0.696533, 0.0, -0.717526] [0.0, 1.0, 0.0] [0.717526, 0.0, -0.696533] [2253.8, 12.8189, 2489.75]]
		unit_class:t = "det_pipes_set_a"
		objLayer:i = 2
		props {
			army:i = 0
			active:b = true
		}
	}
	objectGroups {
		name:t = "objectGroups_65"
		tm:m = [[-0.581634, 0.0, -0.813451] [0.0, 1.0, 0.0] [0.813451, 0.0, -0.581634] [2198.59, 12.8189, 2535.93]]
		unit_class:t = "det_pipes_set_a"
		objLayer:i = 2
		props {
			army:i = 0
			active:b = true
		}
	}
	objectGroups {
		name:t = "objectGroups_66"
		tm:m = [[-0.507652, 0.0, -0.861563] [0.0, 1.0, 0.0] [0.861563, 0.0, -0.507652] [2188.46, 12.8189, 2544.72]]
		unit_class:t = "det_pipes_set_a"
		objLayer:i = 2
		props {
			army:i = 0
			active:b = true
		}
	}
	objectGroups {
		name:t = "objectGroups_67"
		tm:m = [[-0.369027, 0.0, -0.929419] [0.0, 1.0, 0.0] [0.929419, 0.0, -0.369027] [2262.19, 12.8189, 2481.01]]
		unit_class:t = "det_pipes_set_a"
		objLayer:i = 2
		props {
			army:i = 0
			active:b = true
		}
	}
	objectGroups {
		name:t = "objectGroups_68"
		tm:m = [[-0.369027, 0.0, -0.929419] [0.0, 1.0, 0.0] [0.929419, 0.0, -0.369027] [2245.13, 12.8189, 2458.48]]
		unit_class:t = "det_pipes_set_a"
		objLayer:i = 2
		props {
			army:i = 0
			active:b = true
		}
	}
	objectGroups {
		name:t = "objectGroups_69"
		tm:m = [[-0.678614, 0.0, -0.734494] [0.0, 1.0, 0.0] [0.734494, 0.0, -0.678614] [2108.5, 12.5723, 2545.82]]
		unit_class:t = "det_factory_small_building_a"
		objLayer:i = 2
		props {
			army:i = 0
			active:b = true
		}
	}
	objectGroups {
		name:t = "objectGroups_70"
		tm:m = [[0.620908, 0.0, 0.783884] [0.0, 1.0, 0.0] [-0.783884, 0.0, 0.620908] [2141.21, 12.6744, 2525.3]]
		unit_class:t = "det_pipes_set_a"
		objLayer:i = 2
		props {
			army:i = 0
			active:b = true
		}
	}
	objectGroups {
		name:t = "objectGroups_71"
		tm:m = [[0.591171, 0.0, 0.806547] [0.0, 1.0, 0.0] [-0.806547, 0.0, 0.591171] [1821.5, 8.15, 2221.15]]
		unit_class:t = "det_pipes_set_a"
		objLayer:i = 2
		props {
			army:i = 0
			active:b = true
		}
	}
	objectGroups {
		name:t = "objectGroups_72"
		tm:m = [[0.591171, 0.0, 0.806547] [0.0, 1.0, 0.0] [-0.806547, 0.0, 0.591171] [1805.76, 8.15, 2302.03]]
		unit_class:t = "det_pipes_set_a"
		objLayer:i = 2
		props {
			army:i = 0
			active:b = true
		}
	}
	objectGroups {
		name:t = "objectGroups_73"
		tm:m = [[0.447452, 0.0, 0.894308] [0.0, 1.0, 0.0] [-0.894308, 0.0, 0.447452] [1802.92, 8.1261, 2133.04]]
		unit_class:t = "det_pipes_set_a"
		objLayer:i = 2
		props {
			army:i = 0
			active:b = true
		}
	}
	objectGroups {
		name:t = "objectGroups_74"
		tm:m = [[0.447452, 0.0, 0.894308] [0.0, 1.0, 0.0] [-0.894308, 0.0, 0.447452] [1791.73, 8.1261, 2136.67]]
		unit_class:t = "det_pipes_set_a"
		objLayer:i = 2
		props {
			army:i = 0
			active:b = true
		}
	}
	objectGroups {
		name:t = "objectGroups_75"
		tm:m = [[-0.0012444, 0.0, 1.0] [0.0, 1.0, 0.0] [-1.0, 0.0, -0.0012444] [1787.67, 8.1261, 2034.18]]
		unit_class:t = "det_pipes_set_a"
		objLayer:i = 2
		props {
			army:i = 0
			active:b = true
		}
	}
	objectGroups {
		name:t = "objectGroups_76"
		tm:m = [[0.120228, 0.0, 0.992747] [0.0, 1.0, 0.0] [-0.992747, 0.0, 0.120228] [1800.85, 8.1261, 2034.43]]
		unit_class:t = "det_pipes_set_a"
		objLayer:i = 2
		props {
			army:i = 0
			active:b = true
		}
	}
	area_squad {
		name:t = "pickups_area_sq"
		tm:m = [[1.0, 0.0, 0.0] [0.0, 1.0, 0.0] [0.0, 0.0, 1.0] [2874.93, 8.04791, 2285.96]]
		props {
			squad_members:t = "pickuparea01"
			squad_members:t = "pickuparea02"
			squad_members:t = "pickuparea03"
			squad_members:t = "pickuparea04"
			squad_members:t = "pickuparea05"
			squad_members:t = "pickuparea06"
			squad_members:t = "pickuparea07"
			squad_members:t = "pickuparea08"
			squad_members:t = "pickuparea09"
			squad_members:t = "pickuparea10"
			squad_members:t = "pickuparea11"
			squad_members:t = "pickuparea12"
			squad_members:t = "pickuparea13"
			squad_members:t = "pickuparea14"
			squad_members:t = "pickuparea15"
			squad_members:t = "pickuparea16"
			squad_members:t = "pickuparea17"
			squad_members:t = "pickuparea18"
			squad_members:t = "pickuparea19"
			squad_members:t = "pickuparea20"
			squad_members:t = "pickuparea21"
			squad_members:t = "pickuparea22"
			squad_members:t = "pickuparea23"
			squad_members:t = "pickuparea24"
			squad_members:t = "pickuparea25"
			squad_members:t = "pickuparea26"
			squad_members:t = "pickuparea27"
			squad_members:t = "pickuparea28"
			squad_members:t = "pickuparea29"
			squad_members:t = "pickuparea30"
			squad_members:t = "pickuparea31"
			squad_members:t = "pickuparea32"
			squad_members:t = "pickuparea33"
			squad_members:t = "pickuparea34"
			squad_members:t = "pickuparea35"
			squad_members:t = "pickuparea36"
		}
	}
	objectGroups {
		name:t = "objectGroups_77"
		tm:m = [[-0.192363, 0.0, -0.981324] [0.0, 1.0, 0.0] [0.981324, 0.0, -0.192363] [1710.93, 8.04791, 1578.61]]
		unit_class:t = "det_factory_building_a"
		objLayer:i = 2
		props {
			army:i = 0
			active:b = true
		}
	}
	objectGroups {
		name:t = "objectGroups_79"
		tm:m = [[-0.999633, 0.0, 0.0270916] [0.0, 1.0, 0.0] [-0.0270916, 0.0, -0.999633] [1822.94, 8.04791, 1611.69]]
		unit_class:t = "det_factory_building_a"
		objLayer:i = 2
		props {
			army:i = 0
			active:b = true
		}
	}
	objectGroups {
		name:t = "objectGroups_78"
		tm:m = [[-0.905181, 0.0, 0.425026] [0.0, 1.0, 0.0] [-0.425026, 0.0, -0.905181] [1792.81, 8.04791, 1600.59]]
		unit_class:t = "det_pipes_set_a"
		objLayer:i = 2
		props {
			army:i = 0
			active:b = true
		}
	}
	objectGroups {
		name:t = "objectGroups_80"
		tm:m = [[0.326009, 0.0, -0.945367] [0.0, 1.0, 0.0] [0.945367, 0.0, 0.326009] [1751.93, 8.04791, 1644.52]]
		unit_class:t = "det_pipes_set_a"
		objLayer:i = 2
		props {
			army:i = 0
			active:b = true
		}
	}
	objectGroups {
		name:t = "objectGroups_81"
		tm:m = [[-0.328415, 0.0, 0.944533] [0.0, 1.0, 0.0] [-0.944533, 0.0, -0.328415] [1596.52, 8.04792, 1823.59]]
		unit_class:t = "det_pipes_set_a"
		objLayer:i = 2
		props {
			army:i = 0
			active:b = true
		}
	}
	objectGroups {
		name:t = "objectGroups_82"
		tm:m = [[-0.608401, 0.0, 0.793629] [0.0, 1.0, 0.0] [-0.793629, 0.0, -0.608401] [1651.52, 8.04793, 1786.53]]
		unit_class:t = "det_pipes_set_a"
		objLayer:i = 2
		props {
			army:i = 0
			active:b = true
		}
	}
	objectGroups {
		name:t = "objectGroups_83"
		tm:m = [[0.216474, 0.0, -0.976289] [0.0, 1.0, 0.0] [0.976289, 0.0, 0.216474] [2162.99, 8.12608, 1653.2]]
		unit_class:t = "det_pipes_set_a"
		objLayer:i = 2
		props {
			army:i = 0
			active:b = true
		}
	}
	objectGroups {
		name:t = "objectGroups_84"
		tm:m = [[-0.147437, 0.0, -0.989072] [0.0, 1.0, 0.0] [0.989072, 0.0, -0.147437] [2147.01, 8.12608, 1674.45]]
		unit_class:t = "det_pipes_set_a"
		objLayer:i = 2
		props {
			army:i = 0
			active:b = true
		}
	}
	objectGroups {
		name:t = "objectGroups_85"
		tm:m = [[-0.0754398, 0.0, -0.997151] [0.0, 1.0, 0.0] [0.997151, 0.0, -0.0754398] [2197.09, 8.12609, 1650.73]]
		unit_class:t = "det_pipes_set_a"
		objLayer:i = 2
		props {
			army:i = 0
			active:b = true
		}
	}
	objectGroups {
		name:t = "objectGroups_86"
		tm:m = [[0.0209775, 0.0, -0.99978] [0.0, 1.0, 0.0] [0.99978, 0.0, 0.0209775] [1886.44, 8.04791, 1845.2]]
		unit_class:t = "det_pipes_set_a"
		objLayer:i = 2
		props {
			army:i = 0
			active:b = true
		}
	}
	objectGroups {
		name:t = "objectGroups_87"
		tm:m = [[0.0209775, 0.0, -0.99978] [0.0, 1.0, 0.0] [0.99978, 0.0, 0.0209775] [1875.57, 8.04791, 1885.15]]
		unit_class:t = "det_pipes_set_a"
		objLayer:i = 2
		props {
			army:i = 0
			active:b = true
		}
	}
	objectGroups {
		name:t = "objectGroups_88"
		tm:m = [[0.0209775, 0.0, -0.99978] [0.0, 1.0, 0.0] [0.99978, 0.0, 0.0209775] [1884.86, 8.04791, 1921.77]]
		unit_class:t = "det_pipes_set_a"
		objLayer:i = 2
		props {
			army:i = 0
			active:b = true
		}
	}
	objectGroups {
		name:t = "objectGroups_89"
		tm:m = [[0.99999, 0.0, -0.00450965] [0.0, 1.0, 0.0] [0.00450965, 0.0, 0.99999] [2403.71, 8.0479, 1812.79]]
		unit_class:t = "det_factory_small_building_b"
		objLayer:i = 2
		props {
			army:i = 0
			active:b = true
		}
	}
	objectGroups {
		name:t = "objectGroups_90"
		tm:m = [[-0.999998, 0.0, 0.00230172] [0.0, 1.0, 0.0] [-0.00230172, 0.0, -0.999998] [2570.47, 8.04999, 1853.57]]
		unit_class:t = "det_factory_small_building_b"
		objLayer:i = 2
		props {
			army:i = 0
			active:b = true
		}
	}
	objectGroups {
		name:t = "objectGroups_40"
		tm:m = [[0.905601, 0.0, -0.42413] [0.0, 1.0, 0.0] [0.42413, 0.0, 0.905601] [2423.11, 8.04793, 1779.98]]
		unit_class:t = "det_pipes_set_a"
		objLayer:i = 2
		props {
			army:i = 0
			active:b = true
		}
	}
	objectGroups {
		name:t = "objectGroups_91"
		tm:m = [[0.30655, 0.0, 0.951855] [0.0, 1.0, 0.0] [-0.951855, 0.0, 0.30655] [2580.84, 8.04787, 2208.91]]
		unit_class:t = "det_factory_building_a"
		objLayer:i = 2
		props {
			army:i = 0
			active:b = true
		}
	}
	objectGroups {
		name:t = "objectGroups_92"
		tm:m = [[-0.290216, 0.0, -0.956961] [0.0, 1.0, 0.0] [0.956961, 0.0, -0.290216] [2594.02, 8.04786, 2255.81]]
		unit_class:t = "det_factory_building_a"
		objLayer:i = 2
		props {
			army:i = 0
			active:b = true
		}
	}
	objectGroups {
		name:t = "objectGroups_93"
		tm:m = [[0.95824, 0.0, -0.285964] [0.0, 1.0, 0.0] [0.285964, 0.0, 0.95824] [2598.3, 8.04789, 2222.63]]
		unit_class:t = "det_pipes_set_a"
		objLayer:i = 2
		props {
			army:i = 0
			active:b = true
		}
	}
	objectGroups {
		name:t = "objectGroups_94"
		tm:m = [[0.997581, 0.0, 0.069515] [0.0, 1.0, 0.0] [-0.069515, 0.0, 0.997581] [2596.67, 8.04789, 2202.31]]
		unit_class:t = "det_pipes_set_a"
		objLayer:i = 2
		props {
			army:i = 0
			active:b = true
		}
	}
	objectGroups {
		name:t = "objectGroups_95"
		tm:m = [[0.471345, 0.0, -0.881949] [0.0, 1.0, 0.0] [0.881949, 0.0, 0.471345] [2561.55, 8.04789, 2205.77]]
		unit_class:t = "det_pipes_set_a"
		objLayer:i = 2
		props {
			army:i = 0
			active:b = true
		}
	}
	objectGroups {
		name:t = "objectGroups_96"
		tm:m = [[-0.486888, 0.0, -0.873464] [0.0, 1.0, 0.0] [0.873464, 0.0, -0.486888] [2643.29, 8.0479, 2307.18]]
		unit_class:t = "det_factory_small_building_b"
		objLayer:i = 2
		props {
			army:i = 0
			active:b = true
		}
	}
	objectGroups {
		name:t = "objectGroups_97"
		tm:m = [[0.435304, 0.0, -0.900284] [0.0, 1.0, 0.0] [0.900284, 0.0, 0.435304] [2661.71, 8.04793, 2314.14]]
		unit_class:t = "det_pipes_set_a"
		objLayer:i = 2
		props {
			army:i = 0
			active:b = true
		}
	}
	objectGroups {
		name:t = "objectGroups_98"
		tm:m = [[0.0192059, 0.0, 0.999816] [0.0, 1.0, 0.0] [-0.999816, 0.0, 0.0192059] [1814.32, 8.12611, 2161.56]]
		unit_class:t = "det_factory_small_building_b"
		objLayer:i = 2
		props {
			army:i = 0
			active:b = true
		}
	}
	objectGroups {
		name:t = "objectGroups_99"
		tm:m = [[-0.999682, 0.0, 0.0252296] [0.0, 1.0, 0.0] [-0.0252296, 0.0, -0.999682] [1814.75, 8.15, 2281.0]]
		unit_class:t = "det_factory_building_a"
		objLayer:i = 2
		props {
			army:i = 0
			active:b = true
		}
	}
	objectGroups {
		name:t = "objectGroups_100"
		tm:m = [[-0.852261, 0.0, 0.523119] [0.0, 1.0, 0.0] [-0.523119, 0.0, -0.852261] [2195.76, 12.8189, 2170.57]]
		unit_class:t = "det_pipes_set_a"
		objLayer:i = 2
		props {
			army:i = 0
			active:b = true
		}
	}
	objectGroups {
		name:t = "objectGroups_101"
		tm:m = [[-0.787228, 0.0, -0.616663] [0.0, 1.0, 0.0] [0.616663, 0.0, -0.787228] [2149.08, 12.8189, 2233.48]]
		unit_class:t = "det_pipes_set_a"
		objLayer:i = 2
		props {
			army:i = 0
			active:b = true
		}
	}
	objectGroups {
		name:t = "objectGroups_102"
		tm:m = [[0.663403, 0.0, -0.748263] [0.0, 1.0, 0.0] [0.748263, 0.0, 0.663403] [2088.91, 12.8189, 2146.55]]
		unit_class:t = "det_pipes_set_a"
		objLayer:i = 2
		props {
			army:i = 0
			active:b = true
		}
	}
	objectGroups {
		name:t = "objectGroups_103"
		tm:m = [[-0.508575, 0.0, -0.861018] [0.0, 1.0, 0.0] [0.861018, 0.0, -0.508575] [2124.07, 12.8189, 2147.99]]
		unit_class:t = "det_pipes_set_a"
		objLayer:i = 2
		props {
			army:i = 0
			active:b = true
		}
	}
	objectGroups {
		name:t = "objectGroups_104"
		tm:m = [[0.0880161, 0.0, -0.99612] [0.0, 1.0, 0.0] [0.99612, 0.0, 0.0880161] [2104.47, 12.8189, 2240.7]]
		unit_class:t = "det_pipes_set_a"
		objLayer:i = 2
		props {
			army:i = 0
			active:b = true
		}
	}
	objectGroups {
		name:t = "objectGroups_105"
		tm:m = [[0.95532, 0.0, -0.295575] [0.0, 1.0, 0.0] [0.295575, 0.0, 0.95532] [2154.19, 12.8189, 2195.84]]
		unit_class:t = "det_pipes_set_a"
		objLayer:i = 2
		props {
			army:i = 0
			active:b = true
		}
	}
	objectGroups {
		name:t = "objectGroups_106"
		tm:m = [[1.0, 0.0, 0.0] [0.0, 1.0, 0.0] [0.0, 0.0, 1.0] [2187.88, 12.8189, 2107.92]]
		unit_class:t = "det_factory_building_a"
		objLayer:i = 2
		props {
			army:i = 0
			active:b = true
		}
	}
	objectGroups {
		name:t = "objectGroups_107"
		tm:m = [[0.749249, 0.0, 0.662289] [0.0, 1.0, 0.0] [-0.662289, 0.0, 0.749249] [2237.92, 8.04791, 2013.25]]
		unit_class:t = "det_pipes_set_a"
		objLayer:i = 2
		props {
			army:i = 0
			active:b = true
		}
	}
	objectGroups {
		name:t = "objectGroups_108"
		tm:m = [[0.990044, 0.0, -0.140762] [0.0, 1.0, 0.0] [0.140762, 0.0, 0.990044] [2177.45, 8.0479, 1984.15]]
		unit_class:t = "det_pipes_set_a"
		objLayer:i = 2
		props {
			army:i = 0
			active:b = true
		}
	}
	objectGroups {
		name:t = "objectGroups_109"
		tm:m = [[0.990044, 0.0, -0.140762] [0.0, 1.0, 0.0] [0.140762, 0.0, 0.990044] [2203.96, 8.0479, 1991.04]]
		unit_class:t = "det_pipes_set_a"
		objLayer:i = 2
		props {
			army:i = 0
			active:b = true
		}
	}
	objectGroups {
		name:t = "objectGroups_110"
		tm:m = [[0.887585, 0.0, -0.460645] [0.0, 1.0, 0.0] [0.460645, 0.0, 0.887585] [2158.85, 8.0479, 1968.5]]
		unit_class:t = "det_pipes_set_a"
		objLayer:i = 2
		props {
			army:i = 0
			active:b = true
		}
	}
	objectGroups {
		name:t = "objectGroups_111"
		tm:m = [[0.999683, 0.0, 0.0251919] [0.0, 1.0, 0.0] [-0.0251919, 0.0, 0.999683] [1918.93, 8.12609, 1825.97]]
		unit_class:t = "det_pipes_set_a"
		objLayer:i = 2
		props {
			army:i = 0
			active:b = true
		}
	}
	objectGroups {
		name:t = "objectGroups_112"
		tm:m = [[0.000163274, 0.0, -1.0] [0.0, 1.0, 0.0] [1.0, 0.0, 0.000163274] [1822.4, 8.04793, 1731.41]]
		unit_class:t = "det_factory_building_a"
		objLayer:i = 2
		props {
			army:i = 0
			active:b = true
		}
	}
	squad {
		name:t = "object_groups_squad"
		tm:m = [[1.0, 0.0, 0.0] [0.0, 1.0, 0.0] [0.0, 0.0, 1.0] [1551.2, 8.04791, 1577.85]]
		props {
			squad_members:t = "objectGroups_01"
			squad_members:t = "objectGroups_02"
			squad_members:t = "objectGroups_03"
			squad_members:t = "objectGroups_04"
			squad_members:t = "objectGroups_05"
			squad_members:t = "objectGroups_06"
			squad_members:t = "objectGroups_07"
			squad_members:t = "objectGroups_08"
			squad_members:t = "objectGroups_09"
			squad_members:t = "objectGroups_10"
			squad_members:t = "objectGroups_11"
			squad_members:t = "objectGroups_12"
			squad_members:t = "objectGroups_13"
			squad_members:t = "objectGroups_14"
			squad_members:t = "objectGroups_15"
			squad_members:t = "objectGroups_16"
			squad_members:t = "objectGroups_17"
			squad_members:t = "objectGroups_18"
			squad_members:t = "objectGroups_19"
			squad_members:t = "objectGroups_20"
			squad_members:t = "objectGroups_21"
			squad_members:t = "objectGroups_22"
			squad_members:t = "objectGroups_23"
			squad_members:t = "objectGroups_24"
			squad_members:t = "objectGroups_25"
			squad_members:t = "objectGroups_26"
			squad_members:t = "objectGroups_27"
			squad_members:t = "objectGroups_28"
			squad_members:t = "objectGroups_29"
			squad_members:t = "objectGroups_30"
			squad_members:t = "objectGroups_31"
			squad_members:t = "objectGroups_32"
			squad_members:t = "objectGroups_33"
			squad_members:t = "objectGroups_34"
			squad_members:t = "objectGroups_35"
			squad_members:t = "objectGroups_36"
			squad_members:t = "objectGroups_37"
			squad_members:t = "objectGroups_38"
			squad_members:t = "objectGroups_39"
			squad_members:t = "objectGroups_41"
			squad_members:t = "objectGroups_42"
			squad_members:t = "objectGroups_43"
			squad_members:t = "objectGroups_44"
			squad_members:t = "objectGroups_45"
			squad_members:t = "objectGroups_46"
			squad_members:t = "objectGroups_47"
			squad_members:t = "objectGroups_48"
			squad_members:t = "objectGroups_49"
			squad_members:t = "objectGroups_50"
			squad_members:t = "objectGroups_51"
			squad_members:t = "objectGroups_52"
			squad_members:t = "objectGroups_53"
			squad_members:t = "objectGroups_54"
			squad_members:t = "objectGroups_55"
			squad_members:t = "objectGroups_56"
			squad_members:t = "objectGroups_57"
			squad_members:t = "objectGroups_58"
			squad_members:t = "objectGroups_59"
			squad_members:t = "objectGroups_60"
			squad_members:t = "objectGroups_61"
			squad_members:t = "objectGroups_62"
			squad_members:t = "objectGroups_63"
			squad_members:t = "objectGroups_64"
			squad_members:t = "objectGroups_65"
			squad_members:t = "objectGroups_66"
			squad_members:t = "objectGroups_67"
			squad_members:t = "objectGroups_68"
			squad_members:t = "objectGroups_69"
			squad_members:t = "objectGroups_70"
