selected_tag:t = ""
bin_dump_file:t = ""
mission_settings {
	player {
		army:i = 1
		wing:t = "player01"
		wing:t = "player02"
		wing:t = "player03"
		wing:t = "player04"
		wing:t = "player05"
		wing:t = "player06"
		wing:t = "player07"
		wing:t = "player08"
		wing:t = "player09"
		wing:t = "player10"
		wing:t = "player11"
		wing:t = "player12"
		wing:t = "player13"
		wing:t = "player14"
		wing:t = "player15"
		wing:t = "player16"
		wing:t = "player17"
		wing:t = "player18"
		wing:t = "player19"
		wing:t = "player20"
		wing:t = "player21"
		wing:t = "player22"
		wing:t = "player23"
		wing:t = "player24"
		wing:t = "player25"
		wing:t = "player26"
		wing:t = "player27"
		wing:t = "player28"
		wing:t = "player29"
		wing:t = "player30"
		wing:t = "player31"
		wing:t = "player32"
	}
	player_teamB {
		army:i = 2
		wing:t = "player33"
		wing:t = "player34"
		wing:t = "player35"
		wing:t = "player36"
		wing:t = "player37"
		wing:t = "player38"
		wing:t = "player39"
		wing:t = "player40"
		wing:t = "player41"
		wing:t = "player42"
		wing:t = "player43"
		wing:t = "player44"
		wing:t = "player45"
		wing:t = "player46"
		wing:t = "player47"
		wing:t = "player48"
		wing:t = "player49"
		wing:t = "player50"
		wing:t = "player51"
		wing:t = "player52"
		wing:t = "player53"
		wing:t = "player54"
		wing:t = "player55"
		wing:t = "player56"
		wing:t = "player57"
		wing:t = "player58"
		wing:t = "player59"
		wing:t = "player60"
		wing:t = "player61"
		wing:t = "player62"
		wing:t = "player63"
		wing:t = "player64"
		wing:t = "player65"
	}
	mission {
		type:t = "domination"
		level:t = "levels/avg_finland.bin"
		restoreType:t = "attempts"
		optionalTakeOff:b = false
		environment:t = "Day"
		weather:t = "hazy"
		locName:t = "missions/BR;finland/name"
		locDesc:t = "missions/BR/desc"
		gt_ffa:b = true
		gt_last_man_standing:b = true
		timeLimit:i = 60
		useTankBots:b = true
		battleAreaColorPreset:t = "battleRoyale"
		ignoreInvulnerableTimer:b = true
		useCustomSuperArtillery:b = true
		customSuperArtillery:t = "structures/streakArtillery_203mm_r150m"
		country_axis:t = "germany"
		country_allies:t = "ussr"
		allowedUnitTypes {
			isAirplanesAllowed:b = false
			isTanksAllowed:b = true
			isShipsAllowed:b = false
			isHelicoptersAllowed:b = false
		}
	}
	spectator_points {

	}
	briefing {
		place_loc:t = ""
		date_loc:t = ""
		objective_loc:t = ""
		music:t = "action_01"
		part {
			event:t = ""
			minTime:i = 0
			slide {
				map:b = true
				minTime:i = 4
				picture:t = ""
				showAirMap:b = false
				icon {
					icontype:t = "tank"
					side:t = "player"
					target:t = "briefing_spawn01"
				}
				icon {
					icontype:t = "tank"
					side:t = "enemy"
					target:t = "briefing_spawn02"
				}
				icon {
					icontype:t = "tank"
					side:t = "enemy"
					target:t = "briefing_spawn03"
				}
				icon {
					icontype:t = "tank"
					side:t = "enemy"
					target:t = "briefing_spawn04"
				}
				icon {
					icontype:t = "tank"
					side:t = "enemy"
					target:t = "briefing_spawn05"
				}
				icon {
					icontype:t = "tank"
					side:t = "enemy"
					target:t = "briefing_spawn06"
				}
				icon {
					icontype:t = "tank"
					side:t = "enemy"
					target:t = "briefing_spawn07"
				}
				icon {
					icontype:t = "tank"
					side:t = "enemy"
					target:t = "briefing_spawn08"
				}
				icon {
					icontype:t = "tank"
					side:t = "enemy"
					target:t = "briefing_spawn09"
				}
			}
		}
	}
}
imports {
	import_record {
		file:t = "gameData/missions/templates/battle_royale_template.blk"
		importAreas:b = true
		importUnits:b = true
		importTriggers:b = true
		importMissionObjectives:b = true
		importWayPoints:b = true
		showAreas:b = true
		showUnits:b = true
		showTriggers:b = true
		showMissionObjectives:b = true
		showWayPoints:b = true
		excludes {

		}
	}
}
triggers {
	isCategory:b = true
	is_enabled:b = true
	finland_br_init {
		is_enabled:b = true
		comments:t = ""
		props {
			actionsType:t = "PERFORM_ONE_BY_ONE"
			conditionsType:t = "ALL"
			enableAfterComplete:b = false
		}
		events {
			initMission {

			}
		}
		conditions {

		}
		actions {
			varSetInt {
				value:i = 6
				var:t = "br_area_div"
				fromDescriptor:t = "br_area_div"
			}
			comment {
				value:t = "(br_area_div * 2 - 1 = 11) - number of total stages"
			}
			comment {
				value:t = "(11 stages - 3 = 8) - so warning will be when 3(1 row * 3 col) or 4(2 row * 2 col) sectors left"
			}
			comment {
				value:t = "and artillery will be disabled when 2(1 row * 2 col) sectors left"
			}
			comment {
				value:t = "artillery have radius 150m radius and sector side is 1400/6=250m"
			}
			varSetInt {
				value:i = 8
				var:t = "artillery_disable_stage"
				fromDescriptor:t = "artillery_disable_stage"
			}
			comment {
				value:t = "from 1 to br_area_div included"
			}
			comment {
				value:t = "from bottom left corner to up right corner"
			}
			comment {
				value:t = "(1,1) - bottom left"
			}
			comment {
				value:t = "(5,1) - bottom right"
			}
			comment {
				value:t = "(1,5) - up left"
			}
			comment {
				value:t = "(5,5) - up right"
			}
			varSetString {
				value:t = "(1,1);(2,1);(3,1);(4,1);(5,1);(6,1);(1,2);(2,2);(6,2);(1,3);(2,3);(6,3);(1,4);(2,4);(6,4);(1,5);(2,5);(6,5);(1,6);(2,6);(3,6);(4,6);(5,6);(6,6);"
				var:t = "br_final_sector_exclude"
				fromDescriptor:t = "br_final_sector_exclude"
			}
			unitSetProperties {
				object_marking:i = 0
				object_var_name:t = ""
				object_var_comp_op:t = "equal"
				object_var_value:i = 0
				object:t = "object_groups_squad"
				stealthRadius:r = 0
			}
			varSetInt {
				value:i = 8
				var:t = "pickups_count"
			}
		}
		else_actions {

		}
	}
}
mission_objectives {
	isCategory:b = true
	is_enabled:b = true
}
variables {

}
dialogs {

}
airfields {

}
effects {

}
units {
	area_squad {
		name:t = "spawn_area_sq"
		tm:m = [[1.0, 0.0, 0.0] [0.0, 1.0, 0.0] [0.0, 0.0, 1.0] [841.436, 29.5806, 1505.97]]
		props {
			squad_members:t = "spawn02"
			squad_members:t = "spawn03"
			squad_members:t = "spawn05"
			squad_members:t = "spawn06"
			squad_members:t = "spawn07"
			squad_members:t = "spawn09"
			squad_members:t = "spawn12"
			squad_members:t = "spawn13"
			squad_members:t = "spawn15"
			squad_members:t = "spawn16"
			squad_members:t = "spawn17"
			squad_members:t = "spawn18"
			squad_members:t = "spawn21"
			squad_members:t = "spawn22"
			squad_members:t = "spawn23"
			squad_members:t = "spawn24"
			squad_members:t = "spawn25"
			squad_members:t = "spawn26"
			squad_members:t = "spawn27"
			squad_members:t = "spawn29"
			squad_members:t = "spawn30"
			squad_members:t = "spawn31"
			squad_members:t = "spawn32"
			squad_members:t = "spawn34"
			squad_members:t = "spawn35"
			squad_members:t = "spawn36"
			squad_members:t = "spawn37"
			squad_members:t = "spawn39"
			squad_members:t = "spawn41"
			squad_members:t = "spawn42"
			squad_members:t = "spawn43"
			squad_members:t = "spawn44"
		}
	}
	objectGroups {
		name:t = "objectGroups_01"
		tm:m = [[0.453584, -0.0918737, -0.886465] [0.75652, 0.565485, 0.328488] [0.471103, -0.819626, 0.325999] [914.205, 8.95854, 1377.53]]
		unit_class:t = "det_finland_cliff_e"
		objLayer:i = 2
		props {
			army:i = 0
			active:b = true
		}
	}
	objectGroups {
		name:t = "objectGroups_02"
		tm:m = [[0.835608, -1.45385e-23, -0.549326] [-1.43116e-7, 1.0, 2.27528e-8] [0.549326, 0.0, 0.835608] [702.74, -0.874706, 1103.22]]
		unit_class:t = "det_finland_cliff_e"
		objLayer:i = 2
		props {
			army:i = 0
			active:b = true
		}
	}
	objectGroups {
		name:t = "objectGroups_04"
		tm:m = [[0.510882, -0.236517, 0.826474] [0.375515, 0.92623, 0.0329418] [-0.773297, 0.293524, 0.56201] [658.75, -0.85, 805.35]]
		unit_class:t = "det_finland_cliff_e"
		objLayer:i = 2
		props {
			army:i = 0
			active:b = true
		}
	}
	objectGroups {
		name:t = "objectGroups_07"
		tm:m = [[0.0188536, 0.133556, -0.990862] [0.686874, 0.718419, 0.109903] [0.726532, -0.682669, -0.0781912] [1210.65, 32.2, 406.25]]
		unit_class:t = "det_finland_cliff_e"
		objLayer:i = 2
		props {
			army:i = 0
			active:b = true
		}
	}
	objectGroups {
		name:t = "objectGroups_08"
		tm:m = [[-0.0358667, -0.605463, -0.795065] [0.344143, 0.739433, -0.578623] [0.938232, -0.294369, 0.181845] [1269.7, 23.8, 439.45]]
		unit_class:t = "det_finland_cliff_e"
		objLayer:i = 2
		props {
			army:i = 0
			active:b = true
		}
	}
	objectGroups {
		name:t = "objectGroups_09"
		tm:m = [[0.915436, -0.402464, 0.0] [0.359077, 0.816751, 0.451643] [-0.18177, -0.41345, 0.892199] [1108.95, 11.55, 794.0]]
		unit_class:t = "det_finland_cliff_e"
		objLayer:i = 2
		props {
			army:i = 0
			active:b = true
		}
	}
	objectGroups {
		name:t = "objectGroups_10"
		tm:m = [[0.993648, -0.072608, 0.0859729] [0.112489, 0.620035, -0.776468] [0.00307168, 0.781207, 0.624265] [1099.45, 6.05, 784.4]]
		unit_class:t = "det_finland_cliff_e"
		objLayer:i = 2
		props {
			army:i = 0
			active:b = true
		}
	}
	objectGroups {
		name:t = "objectGroups_11"
		tm:m = [[0.536975, 0.258517, 0.803011] [0.758365, -0.564874, -0.325268] [0.369512, 0.783637, -0.499374] [1346.36, -0.207994, 1103.89]]
		unit_class:t = "det_finland_cliff_e"
		objLayer:i = 2
		props {
			army:i = 0
			active:b = true
		}
	}
	objectGroups {
		name:t = "objectGroups_12"
		tm:m = [[0.119204, 0.583921, 0.803011] [0.908655, 0.261813, -0.325268] [-0.40017, 0.768433, -0.499374] [1354.92, -0.208004, 1114.32]]
		unit_class:t = "det_finland_cliff_e"
		objLayer:i = 2
		props {
			army:i = 0
			active:b = true
		}
	}
	objectGroups {
		name:t = "objectGroups_13"
		tm:m = [[0.987204, 0.112574, -0.112943] [-0.148091, 0.384515, -0.911162] [-0.0591448, 0.916229, 0.396266] [1432.85, 3.45538, 1427.34]]
		unit_class:t = "det_finland_cliff_e"
		objLayer:i = 2
		props {
			army:i = 0
			active:b = true
		}
	}
	objectGroups {
		name:t = "objectGroups_14"
		tm:m = [[-0.970874, -0.134575, 0.198225] [-0.086379, -0.575104, -0.813507] [0.223478, -0.806936, 0.546729] [1708.19, 1.03036, 1491.12]]
		unit_class:t = "det_finland_cliff_e"
		objLayer:i = 2
		props {
			army:i = 0
			active:b = true
		}
	}
	objectGroups {
		name:t = "objectGroups_15"
		tm:m = [[-0.978, 0.10963, 0.177474] [-0.208534, -0.535895, -0.818125] [0.0054161, -0.837136, 0.546968] [1505.67, 9.8553, 734.011]]
		unit_class:t = "det_finland_cliff_e"
		objLayer:i = 2
		props {
			army:i = 0
			active:b = true
		}
	}
	objectGroups {
		name:t = "objectGroups_16"
		tm:m = [[0.766045, 0.0, 0.642788] [1.11266e-7, 1.0, -1.78966e-7] [-0.642788, 0.0, 0.766045] [1799.02, 5.51123, 710.432]]
		unit_class:t = "det_finland_cliff_e"
		objLayer:i = 2
		props {
			army:i = 0
			active:b = true
		}
	}
	objectGroups {
		name:t = "objectGroups_17"
		tm:m = [[0.672575, 0.583921, 0.45462] [0.374065, 0.261813, -0.889679] [-0.638528, 0.768433, -0.0423358] [1380.63, -0.208008, 870.515]]
		unit_class:t = "det_finland_cliff_e"
		objLayer:i = 2
		props {
			army:i = 0
			active:b = true
		}
	}
	objectGroups {
		name:t = "objectGroups_18"
		tm:m = [[0.941453, -0.326497, -0.084064] [0.0508097, 0.383893, -0.921978] [0.333295, 0.863727, 0.378007] [1378.48, -0.207993, 923.601]]
		unit_class:t = "det_finland_cliff_e"
		objLayer:i = 2
		props {
			army:i = 0
			active:b = true
		}
	}
	objectGroups {
		name:t = "objectGroups_19"
		tm:m = [[0.941453, -0.326497, -0.084064] [0.0508097, 0.383893, -0.921978] [0.333295, 0.863727, 0.378007] [1388.33, -0.207993, 802.171]]
		unit_class:t = "det_finland_cliff_e"
		objLayer:i = 2
		props {
			army:i = 0
			active:b = true
		}
	}
	objectGroups {
		name:t = "objectGroups_20"
		tm:m = [[-0.0806946, -0.326497, 0.941747] [0.899148, 0.383893, 0.210138] [-0.43014, 0.863727, 0.262592] [1354.55, 3.71908, 779.116]]
		unit_class:t = "det_finland_cliff_e"
		objLayer:i = 2
		props {
			army:i = 0
			active:b = true
		}
	}
	objectGroups {
		name:t = "objectGroups_22"
		tm:m = [[-0.285566, -0.52259, -0.803338] [-0.936723, 0.329311, 0.118757] [0.202488, 0.786418, -0.583562] [1029.09, 11.3962, 591.646]]
		unit_class:t = "det_finland_cliff_e"
		objLayer:i = 2
		props {
			army:i = 0
			active:b = true
		}
	}
	objectGroups {
		name:t = "objectGroups_23"
		tm:m = [[-0.285566, -0.52259, -0.803338] [-0.936723, 0.329311, 0.118757] [0.202488, 0.786418, -0.583562] [885.67, 11.3962, 577.265]]
		unit_class:t = "det_finland_cliff_e"
		objLayer:i = 2
		props {
			army:i = 0
			active:b = true
		}
	}
	objectGroups {
		name:t = "objectGroups_24"
		tm:m = [[0.0208483, 0.825369, -0.564209] [-0.964012, -0.133008, -0.230196] [-0.265041, 0.548704, 0.792892] [1147.28, -5.34735, 878.537]]
		unit_class:t = "det_finland_cliff_e"
		objLayer:i = 2
		props {
			army:i = 0
			active:b = true
		}
	}
	squad {
		name:t = "object_groups_squad"
		tm:m = [[1.0, 0.0, 0.0] [0.0, 1.0, 0.0] [0.0, 0.0, 1.0] [1094.33, 7.15597, 1016.63]]
		props {
			object_marking:i = 0
			squad_members:t = "objectGroups_01"
			squad_members:t = "objectGroups_02"
			squad_members:t = "objectGroups_04"
			squad_members:t = "objectGroups_07"
			squad_members:t = "objectGroups_08"
			squad_members:t = "objectGroups_09"
			squad_members:t = "objectGroups_10"
			squad_members:t = "objectGroups_11"
			squad_members:t = "objectGroups_12"
			squad_members:t = "objectGroups_13"
			squad_members:t = "objectGroups_14"
			squad_members:t = "objectGroups_15"
			squad_members:t = "objectGroups_16"
			squad_members:t = "objectGroups_17"
			squad_members:t = "objectGroups_18"
			squad_members:t = "objectGroups_19"
			squad_members:t = "objectGroups_20"
			squad_members:t = "objectGroups_22"
			squad_members:t = "objectGroups_23"
			squad_members:t = "objectGroups_24"
			squad_members:t = "objectGroups_03"
			squad_members:t = "objectGroups_05"
			squad_members:t = "objectGroups_06"
			squad_members:t = "objectGroups_21"
			squad_members:t = "objectGroups_25"
			squad_members:t = "objectGroups_26"
			squad_members:t = "objectGroups_27"
			squad_members:t = "objectGroups_28"
			squad_members:t = "objectGroups_29"
			squad_members:t = "objectGroups_30"
			squad_members:t = "objectGroups_31"
			squad_members:t = "objectGroups_32"
			squad_members:t = "objectGroups_33"
			squad_members:t = "objectGroups_34"
			squad_members:t = "objectGroups_35"
			squad_members:t = "objectGroups_36"
			squad_members:t = "objectGroups_37"
			squad_members:t = "objectGroups_38"
			squad_members:t = "objectGroups_39"
			squad_members:t = "objectGroups_40"
			squad_members:t = "objectGroups_41"
			squad_members:t = "objectGroups_42"
			squad_members:t = "objectGroups_43"
			squad_members:t = "objectGroups_44"
			squad_members:t = "objectGroups_45"
			squad_members:t = "objectGroups_46"
			squad_members:t = "objectGroups_47"
			squad_members:t = "objectGroups_48"
			squad_members:t = "objectGroups_49"
			squad_members:t = "objectGroups_50"
			squad_members:t = "objectGroups_51"
			squad_members:t = "objectGroups_52"
			squad_members:t = "objectGroups_53"
			squad_members:t = "objectGroups_54"
			squad_members:t = "objectGroups_55"
			squad_members:t = "objectGroups_56"
			squad_members:t = "objectGroups_57"
			squad_members:t = "objectGroups_58"
			squad_members:t = "objectGroups_59"
			squad_members:t = "objectGroups_60"
			squad_members:t = "objectGroups_61"
			squad_members:t = "objectGroups_62"
			squad_members:t = "objectGroups_63"
			squad_members:t = "objectGroups_64"
			squad_members:t = "objectGroups_65"
			squad_members:t = "objectGroups_66"
			squad_members:t = "objectGroups_67"
			squad_members:t = "objectGroups_68"
			squad_members:t = "objectGroups_69"
			squad_members:t = "objectGroups_70"
			squad_members:t = "objectGroups_71"
			squad_members:t = "objectGroups_72"
			squad_members:t = "objectGroups_73"
		}
	}
	area_squad {
		name:t = "pickups_area_sq"
		tm:m = [[1.0, 0.0, 0.0] [0.0, 1.0, 0.0] [0.0, 0.0, 1.0] [1406.08, 21.6313, 1935.69]]
		props {
			squad_members:t = "pickupArea01"
			squad_members:t = "pickupArea02"
			squad_members:t = "pickupArea03"
			squad_members:t = "pickupArea04"
			squad_members:t = "pickupArea05"
			squad_members:t = "pickupArea06"
			squad_members:t = "pickupArea07"
			squad_members:t = "pickupArea08"
			squad_members:t = "pickupArea09"
			squad_members:t = "pickupArea10"
			squad_members:t = "pickupArea11"
			squad_members:t = "pickupArea12"
			squad_members:t = "pickupArea13"
			squad_members:t = "pickupArea14"
			squad_members:t = "pickupArea15"
			squad_members:t = "pickupArea16"
			squad_members:t = "pickupArea17"
			squad_members:t = "pickupArea18"
			squad_members:t = "pickupArea19"
			squad_members:t = "pickupArea20"
			squad_members:t = "pickupArea21"
			squad_members:t = "pickupArea22"
			squad_members:t = "pickupArea23"
			squad_members:t = "pickupArea24"
			squad_members:t = "pickupArea25"
			squad_members:t = "pickupArea26"
			squad_members:t = "pickupArea27"
			squad_members:t = "pickupArea28"
			squad_members:t = "pickupArea29"
			squad_members:t = "pickupArea30"
			squad_members:t = "pickupArea31"
			squad_members:t = "pickupArea32"
			squad_members:t = "pickupArea33"
			squad_members:t = "pickupArea34"
			squad_members:t = "pickupArea35"
			squad_members:t = "pickupArea36"
		}
	}
	objectGroups {
		name:t = "objectGroups_25"
		tm:m = [[0.459835, -0.332435, -0.823431] [-0.532119, -0.845515, 0.0441958] [-0.710915, 0.417842, -0.565692] [1034.44, 14.7818, 568.673]]
		unit_class:t = "det_finland_cliff_e"
		objLayer:i = 2
		props {
			army:i = 0
			active:b = true
		}
	}
	objectGroups {
		name:t = "objectGroups_26"
		tm:m = [[-0.800169, -0.332435, 0.499216] [0.487363, -0.845515, 0.21813] [0.34958, 0.417842, 0.838571] [1025.3, 15.15, 549.45]]
		unit_class:t = "det_finland_cliff_e"
		objLayer:i = 2
		props {
			army:i = 0
			active:b = true
		}
	}
	objectGroups {
		name:t = "objectGroups_27"
		tm:m = [[-0.935851, 0.286254, 0.205529] [-0.143956, -0.842892, 0.518467] [0.321652, 0.455622, 0.830029] [1076.25, 31.9, 399.75]]
		unit_class:t = "det_finland_cliff_e"
		objLayer:i = 2
		props {
			army:i = 0
			active:b = true
		}
	}
	objectGroups {
		name:t = "objectGroups_28"
		tm:m = [[-0.940703, -0.232963, -0.246589] [0.327291, -0.432119, -0.840329] [0.0892099, -0.871206, 0.482744] [1089.4, 27.05, 417.6]]
		unit_class:t = "det_finland_cliff_e"
		objLayer:i = 2
		props {
			army:i = 0
			active:b = true
		}
	}
	objectGroups {
		name:t = "objectGroups_29"
		tm:m = [[0.0744239, -0.232963, 0.969634] [-0.90115, -0.432119, -0.0346536] [0.427071, -0.871206, -0.242095] [1069.76, 18.9, 518.303]]
		unit_class:t = "det_finland_cliff_e"
		objLayer:i = 2
		props {
			army:i = 0
			active:b = true
		}
	}
	objectGroups {
		name:t = "objectGroups_30"
		tm:m = [[0.69959, -0.332435, -0.632504] [-0.518193, -0.845515, -0.128764] [-0.491985, 0.417842, -0.763779] [993.026, 15.15, 535.374]]
		unit_class:t = "det_finland_cliff_e"
		objLayer:i = 2
		props {
			army:i = 0
			active:b = true
		}
	}
	objectGroups {
		name:t = "objectGroups_21"
		tm:m = [[0.941453, -0.326497, -0.084064] [0.0508097, 0.383893, -0.921978] [0.333295, 0.863727, 0.378007] [1375.26, 3.06422, 762.474]]
		unit_class:t = "det_finland_cliff_e"
		objLayer:i = 2
		props {
			army:i = 0
			active:b = true
		}
	}
	objectGroups {
		name:t = "objectGroups_31"
		tm:m = [[-0.796653, 0.0234435, -0.603982] [0.408243, 0.757756, -0.509062] [0.445737, -0.652117, -0.613239] [1295.4, 23.8, 451.8]]
		unit_class:t = "det_finland_cliff_e"
		objLayer:i = 2
		props {
			army:i = 0
			active:b = true
		}
	}
	objectGroups {
		name:t = "objectGroups_32"
		tm:m = [[0.818245, -0.0595505, 0.571778] [-0.309086, 0.793051, 0.524915] [-0.484708, -0.606237, 0.630503] [1262.15, 23.8, 481.9]]
		unit_class:t = "det_finland_cliff_e"
		objLayer:i = 2
		props {
			army:i = 0
			active:b = true
		}
	}
	objectGroups {
		name:t = "objectGroups_33"
		tm:m = [[0.700835, -0.332435, 0.631124] [0.0750086, -0.845515, -0.528656] [0.709368, 0.417842, -0.56763] [1089.44, 18.8975, 456.56]]
		unit_class:t = "det_finland_cliff_e"
		objLayer:i = 2
		props {
			army:i = 0
			active:b = true
		}
	}
	objectGroups {
		name:t = "objectGroups_34"
		tm:m = [[0.0188536, -0.471167, -0.881843] [0.686874, 0.647018, -0.331016] [0.726532, -0.599474, 0.335831] [1203.47, 32.2, 380.385]]
		unit_class:t = "det_finland_cliff_e"
		objLayer:i = 2
		props {
			army:i = 0
			active:b = true
		}
	}
	objectGroups {
		name:t = "objectGroups_35"
		tm:m = [[0.0188536, -0.107575, 0.994018] [0.686874, -0.721049, -0.0910611] [0.726532, 0.684482, 0.0602959] [1187.89, 29.0125, 362.695]]
		unit_class:t = "det_finland_cliff_e"
		objLayer:i = 2
		props {
			army:i = 0
			active:b = true
		}
	}
	objectGroups {
		name:t = "objectGroups_36"
		tm:m = [[0.336359, -0.109962, -0.935293] [0.646863, -0.694818, 0.314321] [-0.684421, -0.71073, -0.162577] [1503.92, 11.4857, 660.51]]
		unit_class:t = "det_finland_cliff_e"
		objLayer:i = 2
		props {
			army:i = 0
			active:b = true
		}
	}
	objectGroups {
		name:t = "objectGroups_37"
		tm:m = [[-0.436918, 0.100611, -0.893858] [0.66814, 0.701624, -0.247613] [0.602239, -0.705409, -0.373774] [1595.31, 11.4857, 675.534]]
		unit_class:t = "det_finland_cliff_e"
		objLayer:i = 2
		props {
			army:i = 0
			active:b = true
		}
	}
	objectGroups {
		name:t = "objectGroups_38"
		tm:m = [[-0.704697, 0.100611, 0.70234] [-0.450249, 0.701624, -0.552268] [-0.548343, -0.705409, -0.449132] [1588.62, 11.4857, 687.944]]
		unit_class:t = "det_finland_cliff_e"
		objLayer:i = 2
		props {
			army:i = 0
			active:b = true
		}
	}
	objectGroups {
		name:t = "objectGroups_39"
		tm:m = [[0.459835, -0.0384829, -0.88717] [-0.532119, -0.811765, -0.240593] [-0.710915, 0.582714, -0.393755] [1088.98, 14.7818, 616.505]]
		unit_class:t = "det_finland_cliff_e"
		objLayer:i = 2
		props {
			army:i = 0
			active:b = true
		}
	}
	objectGroups {
		name:t = "objectGroups_40"
		tm:m = [[0.0100096, 0.109504, -0.993936] [0.835342, -0.547275, -0.0518823] [-0.549638, -0.829758, -0.0969521] [1442.1, 9.8553, 694.66]]
		unit_class:t = "det_finland_cliff_e"
		objLayer:i = 2
		props {
			army:i = 0
			active:b = true
		}
	}
	objectGroups {
		name:t = "objectGroups_41"
		tm:m = [[0.0100096, 0.109504, -0.993936] [0.835342, -0.547275, -0.0518823] [-0.549638, -0.829758, -0.0969521] [1408.19, 9.85532, 664.402]]
		unit_class:t = "det_finland_cliff_e"
		objLayer:i = 2
		props {
			army:i = 0
			active:b = true
		}
	}
	objectGroups {
		name:t = "objectGroups_42"
		tm:m = [[-0.918934, 0.109504, 0.378905] [-0.373954, -0.547275, -0.748764] [0.125372, -0.829758, 0.54386] [1618.9, 2.17961, 795.232]]
		unit_class:t = "det_finland_cliff_e"
		objLayer:i = 2
		props {
			army:i = 0
			active:b = true
		}
	}
	objectGroups {
		name:t = "objectGroups_43"
		tm:m = [[0.383449, 0.109504, 0.917047] [-0.746903, -0.547275, 0.377656] [0.543233, -0.829758, -0.128063] [1624.06, 0.592672, 776.405]]
		unit_class:t = "det_finland_cliff_e"
		objLayer:i = 2
		props {
			army:i = 0
			active:b = true
		}
	}
	objectGroups {
		name:t = "objectGroups_44"
		tm:m = [[-0.397622, 0.0488119, -0.91625] [0.740958, -0.571894, -0.352018] [-0.541182, -0.818873, 0.19123] [1603.85, 1.20055, 785.82]]
		unit_class:t = "det_finland_cliff_e"
		objLayer:i = 2
		props {
			army:i = 0
			active:b = true
		}
	}
	objectGroups {
		name:t = "objectGroups_45"
		tm:m = [[0.22411, -0.408874, -0.884645] [0.843635, 0.535841, -0.0339396] [0.487906, -0.738713, 0.465028] [1599.03, -1.80362, 764.546]]
		unit_class:t = "det_finland_cliff_e"
		objLayer:i = 2
		props {
			army:i = 0
			active:b = true
		}
	}
	objectGroups {
		name:t = "objectGroups_03"
		tm:m = [[-0.980395, -0.0834666, 0.178489] [-0.190985, 0.179686, -0.965006] [0.0484738, -0.980177, -0.192104] [806.495, 5.68833, 1032.67]]
		unit_class:t = "det_finland_cliff_e"
		objLayer:i = 2
		props {
			army:i = 0
			active:b = true
		}
	}
	objectGroups {
		name:t = "objectGroups_05"
		tm:m = [[-0.988692, -0.0834666, -0.124582] [0.108037, 0.179686, -0.977773] [0.103997, -0.980177, -0.168637] [883.566, 5.68833, 1030.57]]
		unit_class:t = "det_finland_cliff_e"
		objLayer:i = 2
		props {
			army:i = 0
			active:b = true
		}
	}
	objectGroups {
		name:t = "objectGroups_06"
		tm:m = [[-0.340272, -0.0973967, 0.935269] [-0.805829, 0.542802, -0.236653] [-0.484617, -0.834194, -0.263186] [690.748, 2.70982, 1043.52]]
		unit_class:t = "det_finland_cliff_e"
		objLayer:i = 2
		props {
			army:i = 0
			active:b = true
		}
	}
	objectGroups {
		name:t = "objectGroups_46"
		tm:m = [[0.998468, 0.0147533, 0.0533348] [-0.0473438, 0.726739, 0.685281] [-0.0286503, -0.686756, 0.726323] [700.183, 2.70981, 1059.38]]
		unit_class:t = "det_finland_cliff_e"
		objLayer:i = 2
		props {
			army:i = 0
			active:b = true
		}
	}
	objectGroups {
		name:t = "objectGroups_47"
		tm:m = [[0.933399, -0.0834666, 0.348997] [-0.330382, 0.179686, 0.926585] [-0.140049, -0.980177, 0.140143] [814.02, 5.68833, 1043.46]]
		unit_class:t = "det_finland_cliff_e"
		objLayer:i = 2
		props {
			army:i = 0
			active:b = true
		}
	}
	objectGroups {
		name:t = "objectGroups_48"
		tm:m = [[0.942354, -0.12682, -0.309652] [0.334426, 0.388092, 0.858804] [0.0112601, -0.912854, 0.408132] [884.672, 5.68833, 1040.31]]
		unit_class:t = "det_finland_cliff_e"
		objLayer:i = 2
		props {
			army:i = 0
			active:b = true
		}
	}
	objectGroups {
		name:t = "objectGroups_49"
		tm:m = [[-0.766051, -0.322129, -0.556236] [0.336366, 0.536518, -0.773955] [0.547744, -0.779988, -0.302647] [581.479, -0.874704, 1088.95]]
		unit_class:t = "det_finland_cliff_e"
		objLayer:i = 2
		props {
			army:i = 0
			active:b = true
		}
	}
	objectGroups {
		name:t = "objectGroups_50"
		tm:m = [[0.142355, 0.0147533, 0.989706] [-0.681361, 0.726739, 0.0871707] [-0.717971, -0.686756, 0.113507] [650.937, 2.70981, 1321.15]]
		unit_class:t = "det_finland_cliff_e"
		objLayer:i = 2
		props {
			army:i = 0
			active:b = true
		}
	}
	objectGroups {
		name:t = "objectGroups_51"
		tm:m = [[-0.756848, 0.0147533, -0.653424] [0.456957, 0.726739, -0.512875] [0.467302, -0.686756, -0.556772] [691.349, 1.94473, 1340.04]]
		unit_class:t = "det_finland_cliff_e"
		objLayer:i = 2
		props {
			army:i = 0
			active:b = true
		}
	}
	objectGroups {
		name:t = "objectGroups_52"
		tm:m = [[-0.762831, 0.0147533, 0.646429] [-0.435855, 0.726739, -0.530925] [-0.477618, -0.686756, -0.547949] [606.276, 1.94467, 1258.41]]
		unit_class:t = "det_finland_cliff_e"
		objLayer:i = 2
		props {
			army:i = 0
			active:b = true
		}
	}
	objectGroups {
		name:t = "objectGroups_53"
		tm:m = [[0.459196, 0.0147533, -0.888212] [0.605193, 0.726739, 0.32495] [0.650292, -0.686756, 0.324787] [628.26, 1.94468, 1205.3]]
		unit_class:t = "det_finland_cliff_e"
		objLayer:i = 2
		props {
			army:i = 0
			active:b = true
		}
	}
	objectGroups {
		name:t = "objectGroups_54"
		tm:m = [[0.511467, 0.108794, 0.852388] [0.553087, -0.800844, -0.229659] [0.657644, 0.588908, -0.469778] [677.479, -1.88508, 1370.1]]
		unit_class:t = "det_finland_cliff_e"
		objLayer:i = 2
		props {
			army:i = 0
			active:b = true
		}
	}
	objectGroups {
		name:t = "objectGroups_55"
		tm:m = [[-0.874005, 0.314702, -0.37024] [-0.485489, -0.597517, 0.63818] [-0.0203882, 0.73752, 0.675017] [718.297, -5.22682, 1364.29]]
		unit_class:t = "det_finland_cliff_e"
		objLayer:i = 2
		props {
			army:i = 0
			active:b = true
		}
	}
	objectGroups {
		name:t = "objectGroups_56"
		tm:m = [[1.49941, 0.00735426, -0.0413031] [0.00840207, 1.39421, 0.55327] [0.0411027, -0.553286, 1.39362] [763.249, 5.99459, 1442.81]]
		unit_class:t = "det_finland_cliff_e"
		objLayer:i = 2
		props {
			army:i = 0
			active:b = true
		}
	}
	objectGroups {
		name:t = "objectGroups_57"
		tm:m = [[0.999609, -0.0237248, -0.0148111] [0.00560138, 0.688659, -0.725064] [0.0274018, 0.724697, 0.688522] [754.904, -1.65841, 1394.43]]
		unit_class:t = "det_finland_cliff_e"
		objLayer:i = 2
		props {
			army:i = 0
			active:b = true
		}
	}
	objectGroups {
		name:t = "objectGroups_58"
		tm:m = [[0.358294, -0.0237248, -0.933307] [-0.670889, 0.688659, -0.275058] [0.649256, 0.724697, 0.230826] [724.165, -0.0199394, 1422.71]]
		unit_class:t = "det_finland_cliff_e"
		objLayer:i = 2
		props {
			army:i = 0
			active:b = true
		}
	}
	objectGroups {
		name:t = "objectGroups_59"
		tm:m = [[0.681841, -0.176296, 0.709939] [-0.414966, 0.706031, 0.573868] [-0.602409, -0.685887, 0.408243] [895.296, 13.942, 1414.02]]
		unit_class:t = "det_finland_cliff_e"
		objLayer:i = 2
		props {
			army:i = 0
			active:b = true
		}
	}
	objectGroups {
		name:t = "objectGroups_60"
		tm:m = [[-0.642848, -0.176296, 0.74543] [-0.610263, 0.706031, -0.359305] [-0.462952, -0.685887, -0.561458] [1015.9, 27.8, 1565.25]]
		unit_class:t = "det_finland_cliff_e"
		objLayer:i = 2
		props {
			army:i = 0
			active:b = true
		}
	}
	objectGroups {
		name:t = "objectGroups_61"
		tm:m = [[0.870581, -0.134575, -0.473264] [0.320317, -0.575104, 0.752763] [-0.373479, -0.806936, -0.457568] [1728.05, -0.45, 1466.2]]
		unit_class:t = "det_finland_cliff_e"
		objLayer:i = 2
		props {
			army:i = 0
			active:b = true
		}
	}
	objectGroups {
		name:t = "objectGroups_62"
		tm:m = [[-0.260103, 0.258517, -0.930331] [-0.821956, -0.564874, 0.0728384] [-0.506689, 0.783637, 0.359416] [1372.51, -0.208006, 1099.1]]
		unit_class:t = "det_finland_cliff_e"
		objLayer:i = 2
		props {
			army:i = 0
			active:b = true
		}
	}
	objectGroups {
		name:t = "objectGroups_63"
		tm:m = [[0.809458, 0.583921, 0.0617515] [-0.11577, 0.261813, -0.958149] [-0.575651, 0.768433, 0.279528] [1412.51, -0.207977, 1211.69]]
		unit_class:t = "det_finland_cliff_e"
		objLayer:i = 2
		props {
			army:i = 0
			active:b = true
		}
	}
	objectGroups {
		name:t = "objectGroups_64"
		tm:m = [[-0.554037, 0.583921, -0.593363] [-0.563337, 0.261813, 0.783649] [0.612939, 0.768433, 0.18389] [1397.17, -0.207981, 1214.92]]
		unit_class:t = "det_finland_cliff_e"
		objLayer:i = 2
		props {
			army:i = 0
			active:b = true
		}
	}
	objectGroups {
		name:t = "objectGroups_65"
		tm:m = [[-0.909808, -0.176296, 0.375726] [-0.382848, 0.706031, -0.595775] [-0.160241, -0.685887, -0.709846] [1103.75, 27.8, 1542.35]]
		unit_class:t = "det_finland_cliff_e"
		objLayer:i = 2
		props {
			army:i = 0
			active:b = true
		}
	}
	objectGroups {
		name:t = "objectGroups_66"
		tm:m = [[-0.978116, -0.176296, 0.110495] [-0.203869, 0.706031, -0.678202] [0.0415518, -0.685887, -0.726521] [1144.95, 25.25, 1467.75]]
		unit_class:t = "det_finland_cliff_e"
		objLayer:i = 2
		props {
			army:i = 0
			active:b = true
		}
	}
	objectGroups {
		name:t = "objectGroups_67"
		tm:m = [[0.646142, -0.176296, -0.742577] [0.608667, 0.706031, 0.362003] [0.460462, -0.685887, 0.563501] [1008.05, 22.7, 1520.5]]
		unit_class:t = "det_finland_cliff_e"
		objLayer:i = 2
		props {
			army:i = 0
			active:b = true
		}
	}
	objectGroups {
		name:t = "objectGroups_68"
		tm:m = [[-0.0985481, -0.176296, -0.979392] [0.68064, 0.706031, -0.195576] [0.72596, -0.685887, 0.0504162] [877.85, 22.7, 1600.5]]
		unit_class:t = "det_finland_cliff_e"
		objLayer:i = 2
		props {
			army:i = 0
			active:b = true
		}
	}
	objectGroups {
		name:t = "objectGroups_69"
		tm:m = [[0.992926, -0.10847, 0.0482894] [0.0613236, 0.816766, 0.573701] [-0.10167, -0.566682, 0.81764] [1182.85, 4.05, 938.15]]
		unit_class:t = "det_finland_cliff_e"
		objLayer:i = 2
		props {
			army:i = 0
			active:b = true
		}
	}
	tankModels {
		name:t = "player01"
		tm:m = [[1.0, 0.0, 0.0] [0.0, 1.0, 0.0] [0.0, 0.0, 1.0] [1548.6, 1.29739, 843.9]]
		unit_class:t = "aaa_dummy"
		objLayer:i = 1
		closed_waypoints:b = false
		isShipSpline:b = false
		shipTurnRadius:r = 100
		weapons:t = ""
		bullets0:t = ""
		bullets1:t = ""
		bullets2:t = ""
		bullets3:t = ""
		bulletsCount0:i = 0
		bulletsCount1:i = 0
		bulletsCount2:i = 0
		bulletsCount3:i = 0
		props {
			army:i = 2
			count:i = 1
			formation_type:t = "rows"
			formation_div:i = 3
			formation_step:p2 = 2.5, 2
			formation_noise:p2 = 0.1, 0.1
			uniqueName:t = ""
			attack_type:t = "fire_at_will"
		}
		way {

		}
	}
	objectGroups {
		name:t = "objectGroups_70"
		tm:m = [[0.970769, 0.109504, -0.213578] [0.238251, -0.547275, 0.802325] [-0.0290271, -0.829758, -0.557368] [1820.15, -2.7, 921.15]]
		unit_class:t = "det_finland_cliff_e"
		objLayer:i = 2
		props {
			army:i = 0
			active:b = true
		}
	}
	objectGroups {
		name:t = "objectGroups_71"
		tm:m = [[0.353644, 0.222789, 0.908461] [0.476663, 0.79273, -0.379962] [-0.804816, 0.567401, 0.174149] [711.75, -3.95, 824.3]]
		unit_class:t = "det_finland_cliff_e"
		objLayer:i = 2
		props {
			army:i = 0
			active:b = true
		}
	}
	objectGroups {
		name:t = "objectGroups_72"
		tm:m = [[0.146971, -0.410303, -1.95194] [1.13904, 1.62397, -0.255597] [1.63737, -1.09288, 0.353014] [1169.95, 14.0642, 1535.42]]
		unit_class:t = "det_finland_cliff_e"
		objLayer:i = 2
		props {
			army:i = 0
			active:b = true
		}
	}
	objectGroups {
		name:t = "objectGroups_73"
		tm:m = [[0.146971, -0.0531893, -1.99388] [1.13904, 1.64347, 0.0401197] [1.63737, -1.1385, 0.151064] [1031.4, 17.4, 1652.55]]
		unit_class:t = "det_finland_cliff_e"
		objLayer:i = 2
		props {
			army:i = 0
			active:b = true
		}
	}
}
areas {
	tank_map_area {
		type:t = "Box"
		tm:m = [[-1440.72, 0.0, 0.0] [0.0, 175.475, 0.0] [0.0, 0.0, -1440.72] [1162.05, 28.65, 990.6]]
		objLayer:i = 3
		props {

		}
	}
	briefing_spawn01 {
		type:t = "Point"
		tm:m = [[1.0, 0.0, 0.0] [0.0, 1.0, 0.0] [0.0, 0.0, 1.0] [1219.8, 1036.5, 938.7]]
		objLayer:i = 0
		props {

		}
	}
	briefing_spawn02 {
		type:t = "Point"
		tm:m = [[1.0, 0.0, 0.0] [0.0, 1.0, 0.0] [0.0, 0.0, 1.0] [1114.95, 1060.35, 1511.8]]
		objLayer:i = 0
		props {

		}
	}
	briefing_spawn03 {
		type:t = "Point"
		tm:m = [[1.0, 0.0, 0.0] [0.0, 1.0, 0.0] [0.0, 0.0, 1.0] [1553.7, 1037.4, 1440.8]]
		objLayer:i = 0
		props {

		}
	}
	briefing_spawn04 {
		type:t = "Point"
		tm:m = [[1.0, 0.0, 0.0] [0.0, 1.0, 0.0] [0.0, 0.0, 1.0] [1244.25, 1032.1, 890.8]]
		objLayer:i = 0
		props {

		}
	}
	briefing_spawn05 {
		type:t = "Point"
		tm:m = [[1.0, 0.0, 0.0] [0.0, 1.0, 0.0] [0.0, 0.0, 1.0] [1467.8, 1048.46, 486.7]]
		objLayer:i = 0
		props {

		}
	}
	briefing_spawn06 {
		type:t = "Point"
		tm:m = [[1.0, 0.0, 0.0] [0.0, 1.0, 0.0] [0.0, 0.0, 1.0] [1102.25, 1058.1, 413.05]]
		objLayer:i = 0
		props {

		}
	}
	briefing_spawn07 {
		type:t = "Point"
		tm:m = [[1.0, 0.0, 0.0] [0.0, 1.0, 0.0] [0.0, 0.0, 1.0] [808.15, 1027.95, 517.45]]
		objLayer:i = 0
		props {

		}
	}
	briefing_spawn08 {
		type:t = "Point"
		tm:m = [[1.0, 0.0, 0.0] [0.0, 1.0, 0.0] [0.0, 0.0, 1.0] [632.7, 1035.1, 797.0]]
		objLayer:i = 0
		props {

		}
	}
	briefing_spawn09 {
		type:t = "Point"
		tm:m = [[1.0, 0.0, 0.0] [0.0, 1.0, 0.0] [0.0, 0.0, 1.0] [718.6, 1034.95, 1288.35]]
		objLayer:i = 0
		props {

		}
	}
	tank_map_area01 {
		type:t = "Box"
		tm:m = [[-1336.61, 0.0, 0.0] [0.0, 175.475, 0.0] [0.0, 0.0, -1336.61] [1162.05, 28.65, 990.6]]
		objLayer:i = 3
		props {

		}
	}
	spawn02 {
		type:t = "Sphere"
		tm:m = [[-5.02719, 0.0, 10.8962] [0.0, 12.0, 0.0] [-10.8962, 0.0, -5.02719] [733.728, 1.39517, 1332.29]]
		objLayer:i = 0
		props {

		}
	}
	spawn03 {
		type:t = "Sphere"
		tm:m = [[1.60713, 0.0, 11.8919] [0.0, 12.0, 0.0] [-11.8919, 0.0, 1.60713] [568.85, 1.4, 1290.55]]
		objLayer:i = 0
		props {

		}
	}
	spawn05 {
		type:t = "Sphere"
		tm:m = [[7.85188, 0.0, 9.07457] [0.0, 12.0, 0.0] [-9.07457, 0.0, 7.85188] [542.757, 1.39497, 1070.22]]
		objLayer:i = 0
		props {

		}
	}
	spawn06 {
		type:t = "Sphere"
		tm:m = [[7.85188, 0.0, 9.07457] [0.0, 12.0, 0.0] [-9.07457, 0.0, 7.85188] [836.38, 20.593, 1604.31]]
		objLayer:i = 0
		props {

		}
	}
	spawn07 {
		type:t = "Sphere"
		tm:m = [[-8.78916, 0.0, 8.17008] [0.0, 12.0, 0.0] [-8.17008, 0.0, -8.78916] [735.1, 1.4, 800.75]]
		objLayer:i = 0
		props {

		}
	}
	spawn09 {
		type:t = "Sphere"
		tm:m = [[11.9353, 0.0, -1.24432] [0.0, 12.0, 0.0] [1.24432, 0.0, 11.9353] [783.25, 4.94417, 411.55]]
		objLayer:i = 0
		props {

		}
	}
	spawn12 {
		type:t = "Sphere"
		tm:m = [[-2.02705, 0.0, -11.8275] [0.0, 12.0, 0.0] [11.8275, 0.0, -2.02705] [848.65, 6.5, 1082.5]]
		objLayer:i = 0
		props {

		}
	}
	spawn13 {
		type:t = "Sphere"
		tm:m = [[0.465904, 0.0, 11.9909] [0.0, 12.0, 0.0] [-11.9909, 0.0, 0.465904] [834.1, 10.55, 981.0]]
		objLayer:i = 0
		props {

		}
	}
	spawn15 {
		type:t = "Sphere"
		tm:m = [[11.6605, 0.0, 2.83421] [0.0, 12.0, 0.0] [-2.83421, 0.0, 11.6605] [1066.9, 34.3325, 381.3]]
		objLayer:i = 0
		props {

		}
	}
	spawn16 {
		type:t = "Sphere"
		tm:m = [[7.89198, 0.0, 9.03971] [0.0, 12.0, 0.0] [-9.03971, 0.0, 7.89198] [1272.16, 26.7836, 420.531]]
		objLayer:i = 0
		props {

		}
	}
	spawn17 {
		type:t = "Sphere"
		tm:m = [[9.69315, 0.0, -7.07408] [0.0, 12.0, 0.0] [7.07408, 0.0, 9.69315] [869.646, 21.0952, 577.793]]
		objLayer:i = 0
		props {

		}
	}
	spawn18 {
		type:t = "Sphere"
		tm:m = [[5.33148, 0.0, -10.7506] [0.0, 12.0, 0.0] [10.7506, 0.0, 5.33148] [838.95, 7.18657, 623.115]]
		objLayer:i = 0
		props {

		}
	}
	spawn21 {
		type:t = "Sphere"
		tm:m = [[9.99249, 0.0, -6.64454] [0.0, 12.0, 0.0] [6.64454, 0.0, 9.99249] [907.9, 7.63415, 1220.65]]
		objLayer:i = 0
		props {

		}
	}
	spawn22 {
		type:t = "Sphere"
		tm:m = [[-0.288565, 0.0, 11.9965] [0.0, 12.0, 0.0] [-11.9965, 0.0, -0.288565] [832.75, 12.65, 1429.35]]
		objLayer:i = 0
		props {

		}
	}
	spawn23 {
		type:t = "Sphere"
		tm:m = [[7.07409, 0.0, 9.69315] [0.0, 12.0, 0.0] [-9.69315, 0.0, 7.07409] [902.65, 7.65, 1364.65]]
		objLayer:i = 0
		props {

		}
	}
	spawn24 {
		type:t = "Sphere"
		tm:m = [[-6.64454, 0.0, -9.99249] [0.0, 12.0, 0.0] [9.99249, 0.0, -6.64454] [1055.25, 26.4135, 1609.4]]
		objLayer:i = 0
		props {

		}
	}
	spawn25 {
		type:t = "Sphere"
		tm:m = [[-4.32427, 0.0, -11.1938] [0.0, 12.0, 0.0] [11.1938, 0.0, -4.32427] [1144.1, 26.4, 1595.53]]
		objLayer:i = 0
		props {

		}
	}
	spawn26 {
		type:t = "Sphere"
		tm:m = [[-9.69319, 0.0, 7.0741] [0.0, 12.0, 0.0] [-7.0741, 0.0, -9.69319] [1289.9, 15.05, 1529.2]]
		objLayer:i = 0
		props {

		}
	}
	spawn27 {
		type:t = "Sphere"
		tm:m = [[-11.9316, 0.0, 1.27976] [0.0, 12.0, 0.0] [-1.27976, 0.0, -11.9316] [1446.1, 11.35, 1464.9]]
		objLayer:i = 0
		props {

		}
	}
	spawn29 {
		type:t = "Sphere"
		tm:m = [[5.84252, 0.0, 10.4816] [0.0, 12.0, 0.0] [-10.4816, 0.0, 5.84252] [1719.2, 3.0, 1505.6]]
		objLayer:i = 0
		props {

		}
	}
	spawn30 {
		type:t = "Sphere"
		tm:m = [[6.24816, 0.0, -10.245] [0.0, 12.0, 0.0] [10.245, 0.0, 6.24816] [1402.83, 7.43566, 1194.6]]
		objLayer:i = 0
		props {

		}
	}
	spawn31 {
		type:t = "Sphere"
		tm:m = [[-3.33219, 0.0, -11.528] [0.0, 12.0, 0.0] [11.528, 0.0, -3.33219] [1337.75, 9.25, 1102.75]]
		objLayer:i = 0
		props {

		}
	}
	spawn32 {
		type:t = "Sphere"
		tm:m = [[11.8646, 0.0, -1.79723] [0.0, 12.0, 0.0] [1.79723, 0.0, 11.8646] [1368.6, 5.8, 898.1]]
		objLayer:i = 0
		props {

		}
	}
	spawn34 {
		type:t = "Sphere"
		tm:m = [[-11.1621, 0.0, 4.40535] [0.0, 12.0, 0.0] [-4.40535, 0.0, -11.1621] [1801.82, 1.58294, 688.437]]
		objLayer:i = 0
		props {

		}
	}
	spawn35 {
		type:t = "Sphere"
		tm:m = [[-10.1528, 0.0, 6.39686] [0.0, 12.0, 0.0] [-6.39686, 0.0, -10.1528] [1821.92, 1.18437, 911.766]]
		objLayer:i = 0
		props {

		}
	}
	spawn36 {
		type:t = "Sphere"
		tm:m = [[-1.30256, 0.0, 11.9291] [0.0, 12.0, 0.0] [-11.9291, 0.0, -1.30256] [1487.6, 9.99667, 703.205]]
		objLayer:i = 0
		props {

		}
	}
	spawn37 {
		type:t = "Sphere"
		tm:m = [[11.8646, 0.0, -1.79723] [0.0, 12.0, 0.0] [1.79723, 0.0, 11.8646] [1386.2, 8.5, 788.0]]
		objLayer:i = 0
		props {

		}
	}
	spawn39 {
		type:t = "Sphere"
		tm:m = [[-0.928727, 0.0, 11.964] [0.0, 12.0, 0.0] [-11.964, 0.0, -0.928727] [1208.68, 2.43932, 944.737]]
		objLayer:i = 0
		props {

		}
	}
	spawn41 {
		type:t = "Sphere"
		tm:m = [[-8.15258, 0.0, 8.80539] [0.0, 12.0, 0.0] [-8.80539, 0.0, -8.15258] [1125.05, 2.45, 1063.75]]
		objLayer:i = 0
		props {

		}
	}
	spawn42 {
		type:t = "Sphere"
		tm:m = [[11.8599, 0.0, 1.82811] [0.0, 12.0, 0.0] [-1.82811, 0.0, 11.8599] [930.3, 5.45, 940.5]]
		objLayer:i = 0
		props {

		}
	}
	spawn43 {
		type:t = "Sphere"
		tm:m = [[3.87547, 0.0, 11.357] [0.0, 12.0, 0.0] [-11.357, 0.0, 3.87547] [1164.95, 2.75, 880.05]]
		objLayer:i = 0
		props {

		}
	}
	spawn44 {
		type:t = "Sphere"
