selected_tag:t = ""
bin_dump_file:t = ""
mission_settings {
	player {
		army:i = 1
		wing:t = "player01"
		wing:t = "player02"
		wing:t = "player03"
		wing:t = "player04"
		wing:t = "player05"
		wing:t = "player06"
		wing:t = "player07"
		wing:t = "player08"
		wing:t = "player09"
		wing:t = "player10"
		wing:t = "player11"
		wing:t = "player12"
		wing:t = "player13"
		wing:t = "player14"
		wing:t = "player15"
		wing:t = "player16"
		wing:t = "player17"
		wing:t = "player18"
		wing:t = "player19"
		wing:t = "player20"
		wing:t = "player21"
		wing:t = "player22"
		wing:t = "player23"
		wing:t = "player24"
		wing:t = "player25"
		wing:t = "player26"
		wing:t = "player27"
		wing:t = "player28"
		wing:t = "player29"
		wing:t = "player30"
		wing:t = "player31"
		wing:t = "player32"
	}
	player_teamB {
		army:i = 2
		wing:t = "player33"
		wing:t = "player34"
		wing:t = "player35"
		wing:t = "player36"
		wing:t = "player37"
		wing:t = "player38"
		wing:t = "player39"
		wing:t = "player40"
		wing:t = "player41"
		wing:t = "player42"
		wing:t = "player43"
		wing:t = "player44"
		wing:t = "player45"
		wing:t = "player46"
		wing:t = "player47"
		wing:t = "player48"
		wing:t = "player49"
		wing:t = "player50"
		wing:t = "player51"
		wing:t = "player52"
		wing:t = "player53"
		wing:t = "player54"
		wing:t = "player55"
		wing:t = "player56"
		wing:t = "player57"
		wing:t = "player58"
		wing:t = "player59"
		wing:t = "player60"
		wing:t = "player61"
		wing:t = "player62"
		wing:t = "player63"
		wing:t = "player64"
		wing:t = "player65"
	}
	mission {
		type:t = "domination"
		level:t = "levels/avg_rheinland.bin"
		restoreType:t = "attempts"
		optionalTakeOff:b = false
		environment:t = "Day"
		weather:t = "hazy"
		locName:t = "missions/BR;rheinland_short/name"
		locDesc:t = "missions/BR/desc"
		gt_ffa:b = true
		gt_last_man_standing:b = true
		timeLimit:i = 60
		useTankBots:b = true
		battleAreaColorPreset:t = "battleRoyale"
		ignoreInvulnerableTimer:b = true
		useCustomSuperArtillery:b = true
		customSuperArtillery:t = "structures/streakArtillery_203mm_r100m"
		country_axis:t = "germany"
		country_allies:t = "ussr"
		allowedUnitTypes {
			isAirplanesAllowed:b = false
			isTanksAllowed:b = true
			isShipsAllowed:b = false
			isHelicoptersAllowed:b = false
		}
	}
	spectator_points {

	}
	briefing {
		place_loc:t = ""
		date_loc:t = ""
		objective_loc:t = ""
		music:t = "action_01"
		part {
			event:t = ""
			minTime:i = 0
			slide {
				map:b = true
				minTime:i = 4
				picture:t = ""
				showAirMap:b = false
				icon {
					icontype:t = "tank"
					side:t = "player"
					target:t = "briefing_spawn01"
				}
				icon {
					icontype:t = "tank"
					side:t = "enemy"
					target:t = "briefing_spawn02"
				}
				icon {
					icontype:t = "tank"
					side:t = "enemy"
					target:t = "briefing_spawn03"
				}
				icon {
					icontype:t = "tank"
					side:t = "enemy"
					target:t = "briefing_spawn04"
				}
				icon {
					icontype:t = "tank"
					side:t = "enemy"
					target:t = "briefing_spawn05"
				}
				icon {
					icontype:t = "tank"
					side:t = "enemy"
					target:t = "briefing_spawn06"
				}
				icon {
					icontype:t = "tank"
					side:t = "enemy"
					target:t = "briefing_spawn07"
				}
				icon {
					icontype:t = "tank"
					side:t = "enemy"
					target:t = "briefing_spawn08"
				}
				icon {
					icontype:t = "tank"
					side:t = "enemy"
					target:t = "briefing_spawn09"
				}
			}
		}
	}
}
imports {
	import_record {
		file:t = "gameData/missions/templates/battle_royale_template.blk"
		importAreas:b = true
		importUnits:b = true
		importTriggers:b = true
		importMissionObjectives:b = true
		importWayPoints:b = true
		showAreas:b = true
		showUnits:b = true
		showTriggers:b = true
		showMissionObjectives:b = true
		showWayPoints:b = true
		excludes {

		}
	}
}
triggers {
	isCategory:b = true
	is_enabled:b = true
	rheinland_br_init {
		is_enabled:b = true
		comments:t = ""
		props {
			actionsType:t = "PERFORM_ONE_BY_ONE"
			conditionsType:t = "ALL"
			enableAfterComplete:b = false
		}
		events {
			initMission {

			}
		}
		conditions {

		}
		actions {
			varSetInt {
				value:i = 5
				var:t = "br_area_div"
				fromDescriptor:t = "br_area_div"
			}
			comment {
				value:t = "(br_area_div * 2 - 1 = 9) - number of total stages"
			}
			comment {
				value:t = "(9 stages - 3 = 6) - warning will be when 3(1 row * 3 col) or 4(2 row * 2 col) sectors left"
			}
			comment {
				value:t = "artillery have radius 100m radius and sector side is 1000/5=200m"
			}
			comment {
				value:t = "artillery should be disabled when 2(1 row * 2 col) sectors left"
			}
			varSetInt {
				value:i = 6
				var:t = "artillery_disable_stage"
				fromDescriptor:t = "artillery_disable_stage"
			}
			comment {
				value:t = "from 1 to br_area_div included"
			}
			comment {
				value:t = "from bottom left corner to up right corner"
			}
			comment {
				value:t = "(1,1) - bottom left"
			}
			comment {
				value:t = "(5,1) - bottom right"
			}
			comment {
				value:t = "(1,5) - up left"
			}
			comment {
				value:t = "(5,5) - up right"
			}
			varSetString {
				value:t = "(1,1);(2,1);(4,1);(1,2);(5,4);(1,5);(2,5);(3,5);(4,5);(5,5)"
				var:t = "br_final_sector_exclude"
				fromDescriptor:t = "br_final_sector_exclude"
			}
			unitSetProperties {
				object_marking:i = 0
				object_var_name:t = ""
				object_var_comp_op:t = "equal"
				object_var_value:i = 0
				object:t = "object_groups_sqad"
				stealthRadius:r = 0
			}
			varSetInt {
				value:i = 8
				var:t = "pickups_count"
			}
		}
		else_actions {

		}
	}
}
mission_objectives {
	isCategory:b = true
	is_enabled:b = true
}
variables {

}
dialogs {

}
airfields {

}
effects {

}
units {
	objectGroups {
		name:t = "objectGroups_25"
		tm:m = [[0.94415, 0.0, -0.329515] [0.0, 1.0, 0.0] [0.329515, 0.0, 0.94415] [3497.43, 7.28528, 1626.01]]
		unit_class:t = "debris_bricks_large_b"
		objLayer:i = 2
		props {
			army:i = 2
			active:b = true
		}
	}
	objectGroups {
		name:t = "objectGroups_27"
		tm:m = [[0.94415, 0.0, -0.329515] [0.0, 1.0, 0.0] [0.329515, 0.0, 0.94415] [3679.36, 7.31667, 1722.78]]
		unit_class:t = "debris_bricks_large_b"
		objLayer:i = 2
		props {
			army:i = 2
			active:b = true
		}
	}
	objectGroups {
		name:t = "objectGroups_28"
		tm:m = [[-0.572107, 0.0, -0.820179] [0.0, 1.0, 0.0] [0.820179, 0.0, -0.572107] [3888.56, 7.31667, 1627.38]]
		unit_class:t = "debris_bricks_large_b"
		objLayer:i = 2
		props {
			army:i = 2
			active:b = true
		}
	}
	objectGroups {
		name:t = "objectGroups_29"
		tm:m = [[-0.572107, 0.0, -0.820179] [0.0, 1.0, 0.0] [0.820179, 0.0, -0.572107] [4036.7, 7.31667, 1693.99]]
		unit_class:t = "debris_bricks_large_b"
		objLayer:i = 2
		props {
			army:i = 2
			active:b = true
		}
	}
	objectGroups {
		name:t = "objectGroups_30"
		tm:m = [[0.767502, 0.0, -0.641046] [0.0, 1.0, 0.0] [0.641046, 0.0, 0.767502] [4036.25, 7.3, 1778.34]]
		unit_class:t = "debris_bricks_large_b"
		objLayer:i = 2
		props {
			army:i = 2
			active:b = true
		}
	}
	objectGroups {
		name:t = "objectGroups_32"
		tm:m = [[0.985863, 0.0, 0.167551] [0.0, 1.0, 0.0] [-0.167551, 0.0, 0.985863] [4048.42, 7.31667, 1956.07]]
		unit_class:t = "debris_bricks_large_b"
		objLayer:i = 2
		props {
			army:i = 2
			active:b = true
		}
	}
	objectGroups {
		name:t = "objectGroups_33"
		tm:m = [[0.442456, 0.0, 0.89679] [0.0, 1.0, 0.0] [-0.89679, 0.0, 0.442456] [4075.49, 7.31667, 2050.7]]
		unit_class:t = "debris_bricks_large_b"
		objLayer:i = 2
		props {
			army:i = 2
			active:b = true
		}
	}
	objectGroups {
		name:t = "objectGroups_34"
		tm:m = [[0.972212, 0.0, -0.2341] [0.0, 1.0, 0.0] [0.2341, 0.0, 0.972212] [4071.62, 7.31667, 1933.53]]
		unit_class:t = "debris_bricks_large_b"
		objLayer:i = 2
		props {
			army:i = 2
			active:b = true
		}
	}
	objectGroups {
		name:t = "objectGroups_26"
		tm:m = [[-0.0603109, 0.0, -0.99818] [0.0, 1.0, 0.0] [0.99818, 0.0, -0.0603109] [3418.7, 7.3, 1798.39]]
		unit_class:t = "debris_bricks_large_b"
		objLayer:i = 2
		props {
			army:i = 2
			active:b = true
		}
	}
	objectGroups {
		name:t = "objectGroups_35"
		tm:m = [[0.978965, 0.0, 0.204026] [0.0, 1.0, 0.0] [-0.204026, 0.0, 0.978965] [3440.14, 7.31665, 1848.12]]
		unit_class:t = "debris_bricks_large_b"
		objLayer:i = 2
		props {
			army:i = 2
			active:b = true
		}
	}
	objectGroups {
		name:t = "objectGroups_36"
		tm:m = [[0.978965, 0.0, 0.204026] [0.0, 1.0, 0.0] [-0.204026, 0.0, 0.978965] [3361.32, 7.31664, 1810.58]]
		unit_class:t = "debris_bricks_large_b"
		objLayer:i = 2
		props {
			army:i = 2
			active:b = true
		}
	}
	objectGroups {
		name:t = "objectGroups_37"
		tm:m = [[0.978965, 0.0, 0.204026] [0.0, 1.0, 0.0] [-0.204026, 0.0, 0.978965] [3131.6, 7.31665, 1791.04]]
		unit_class:t = "debris_bricks_large_b"
		objLayer:i = 2
		props {
			army:i = 2
			active:b = true
		}
	}
	objectGroups {
		name:t = "objectGroups_38"
		tm:m = [[-0.420926, 0.0, 0.907095] [0.0, 1.0, 0.0] [-0.907095, 0.0, -0.420926] [3198.25, 7.3, 1820.79]]
		unit_class:t = "debris_bricks_large_b"
		objLayer:i = 2
		props {
			army:i = 2
			active:b = true
		}
	}
	objectGroups {
		name:t = "objectGroups_39"
		tm:m = [[-0.307557, 0.0, 0.95153] [0.0, 1.0, 0.0] [-0.95153, 0.0, -0.307557] [3128.35, 7.31665, 1822.43]]
		unit_class:t = "debris_bricks_large_b"
		objLayer:i = 2
		props {
			army:i = 2
			active:b = true
		}
	}
	objectGroups {
		name:t = "objectGroups_40"
		tm:m = [[-0.0571246, 0.0, 0.998367] [0.0, 1.0, 0.0] [-0.998367, 0.0, -0.0571246] [3193.25, 7.3, 1808.39]]
		unit_class:t = "debris_bricks_large_b"
		objLayer:i = 2
		props {
			army:i = 2
			active:b = true
		}
	}
	objectGroups {
		name:t = "objectGroups_41"
		tm:m = [[0.456236, 0.0, 0.889859] [0.0, 1.0, 0.0] [-0.889859, 0.0, 0.456236] [4013.85, 7.3, 2330.29]]
		unit_class:t = "debris_bricks_large_b"
		objLayer:i = 2
		props {
			army:i = 2
			active:b = true
		}
	}
	objectGroups {
		name:t = "objectGroups_42"
		tm:m = [[-0.602207, 0.0, 0.79834] [0.0, 1.0, 0.0] [-0.79834, 0.0, -0.602207] [4003.3, 7.3, 2376.34]]
		unit_class:t = "debris_bricks_large_b"
		objLayer:i = 2
		props {
			army:i = 2
			active:b = true
		}
	}
	objectGroups {
		name:t = "objectGroups_43"
		tm:m = [[-0.906291, 0.0, -0.422655] [0.0, 1.0, 0.0] [0.422655, 0.0, -0.906291] [3977.6, 7.3, 2401.79]]
		unit_class:t = "debris_bricks_large_b"
		objLayer:i = 2
		props {
			army:i = 2
			active:b = true
		}
	}
	objectGroups {
		name:t = "objectGroups_44"
		tm:m = [[0.356106, 0.0, -0.934446] [0.0, 1.0, 0.0] [0.934446, 0.0, 0.356106] [3929.85, 7.3, 2475.59]]
		unit_class:t = "debris_bricks_large_b"
		objLayer:i = 2
		props {
			army:i = 2
			active:b = true
		}
	}
	objectGroups {
		name:t = "objectGroups_45"
		tm:m = [[0.356106, 0.0, -0.934446] [0.0, 1.0, 0.0] [0.934446, 0.0, 0.356106] [3633.74, 7.31665, 2531.99]]
		unit_class:t = "debris_bricks_large_b"
		objLayer:i = 2
		props {
			army:i = 2
			active:b = true
		}
	}
	objectGroups {
		name:t = "objectGroups_46"
		tm:m = [[0.990094, 0.0, -0.140409] [0.0, 1.0, 0.0] [0.140409, 0.0, 0.990094] [3683.79, 7.31665, 2523.42]]
		unit_class:t = "debris_bricks_large_b"
		objLayer:i = 2
		props {
			army:i = 2
			active:b = true
		}
	}
	objectGroups {
		name:t = "objectGroups_47"
		tm:m = [[-0.987841, 0.0, -0.155466] [0.0, 1.0, 0.0] [0.155466, 0.0, -0.987841] [3661.9, 7.31665, 2575.01]]
		unit_class:t = "debris_bricks_large_b"
		objLayer:i = 2
		props {
			army:i = 2
			active:b = true
		}
	}
	objectGroups {
		name:t = "objectGroups_48"
		tm:m = [[-0.651081, 0.0, -0.759008] [0.0, 1.0, 0.0] [0.759008, 0.0, -0.651081] [3655.96, 9.86635, 1972.36]]
		unit_class:t = "debris_bricks_large"
		objLayer:i = 2
		props {
			army:i = 2
			active:b = true
		}
	}
	objectGroups {
		name:t = "objectGroups_04"
		tm:m = [[-0.651081, 0.0, -0.759008] [0.0, 1.0, 0.0] [0.759008, 0.0, -0.651081] [3702.6, 7.55263, 1915.47]]
		unit_class:t = "debris_bricks_large_b"
		objLayer:i = 2
		props {
			army:i = 2
			active:b = true
		}
	}
	objectGroups {
		name:t = "objectGroups_03"
		tm:m = [[-0.651081, 0.0, -0.759008] [0.0, 1.0, 0.0] [0.759008, 0.0, -0.651081] [3713.67, 7.55263, 1858.01]]
		unit_class:t = "debris_bricks_large_b"
		objLayer:i = 2
		props {
			army:i = 2
			active:b = true
		}
	}
	objectGroups {
		name:t = "objectGroups_02"
		tm:m = [[-0.651081, 0.0, -0.759008] [0.0, 1.0, 0.0] [0.759008, 0.0, -0.651081] [3605.49, 7.55269, 1900.77]]
		unit_class:t = "debris_bricks_large_b"
		objLayer:i = 2
		props {
			army:i = 2
			active:b = true
		}
	}
	objectGroups {
		name:t = "objectGroups_53"
		tm:m = [[-0.919751, 0.0, 0.392502] [0.0, 1.0, 0.0] [-0.392502, 0.0, -0.919751] [3674.59, 9.86632, 1984.29]]
		unit_class:t = "debris_bricks_large"
		objLayer:i = 2
		props {
			army:i = 2
			active:b = true
		}
	}
	objectGroups {
		name:t = "objectGroups_54"
		tm:m = [[-0.653043, 0.0, 0.75732] [0.0, 1.0, 0.0] [-0.75732, 0.0, -0.653043] [3674.11, 7.55272, 2001.56]]
		unit_class:t = "debris_bricks_large_b"
		objLayer:i = 2
		props {
			army:i = 2
			active:b = true
		}
	}
	objectGroups {
		name:t = "objectGroups_55"
		tm:m = [[-0.0659167, 0.0, 0.997825] [0.0, 1.0, 0.0] [-0.997825, 0.0, -0.0659167] [3612.52, 9.82323, 1964.66]]
		unit_class:t = "debris_bricks_large_b"
		objLayer:i = 2
		props {
			army:i = 2
			active:b = true
		}
	}
	objectGroups {
		name:t = "objectGroups_56"
		tm:m = [[-0.0659167, 0.0, 0.997825] [0.0, 1.0, 0.0] [-0.997825, 0.0, -0.0659167] [3608.56, 9.82317, 2075.42]]
		unit_class:t = "debris_bricks_large_b"
		objLayer:i = 2
		props {
			army:i = 2
			active:b = true
		}
	}
	objectGroups {
		name:t = "objectGroups_01"
		tm:m = [[-0.651081, 0.0, -0.759008] [0.0, 1.0, 0.0] [0.759008, 0.0, -0.651081] [3612.98, 7.55263, 1855.08]]
		unit_class:t = "debris_bricks_large_b"
		objLayer:i = 2
		props {
			army:i = 2
			active:b = true
		}
	}
	objectGroups {
		name:t = "objectGroups_49"
		tm:m = [[0.978965, 0.0, 0.204026] [0.0, 1.0, 0.0] [-0.204026, 0.0, 0.978965] [3203.7, 7.3, 1852.54]]
		unit_class:t = "debris_bricks_large_b"
		objLayer:i = 2
		props {
			army:i = 2
			active:b = true
		}
	}
	objectGroups {
		name:t = "objectGroups_57"
		tm:m = [[0.987892, 0.0, 0.155143] [0.0, 1.0, 0.0] [-0.155143, 0.0, 0.987892] [3291.15, 9.8, 2322.79]]
		unit_class:t = "debris_bricks_large_b"
		objLayer:i = 2
		props {
			army:i = 2
			active:b = true
		}
	}
	objectGroups {
		name:t = "objectGroups_58"
		tm:m = [[-0.890681, 0.0, 0.454628] [0.0, 1.0, 0.0] [-0.454628, 0.0, -0.890681] [3536.34, 9.82318, 2239.56]]
		unit_class:t = "debris_bricks_large"
		objLayer:i = 2
		props {
			army:i = 2
			active:b = true
		}
	}
	objectGroups {
		name:t = "objectGroups_50"
		tm:m = [[-0.906291, 0.0, -0.422655] [0.0, 1.0, 0.0] [0.422655, 0.0, -0.906291] [3578.99, 7.31665, 2286.45]]
		unit_class:t = "debris_bricks_large_b"
		objLayer:i = 2
		props {
			army:i = 2
			active:b = true
		}
	}
	objectGroups {
		name:t = "objectGroups_51"
		tm:m = [[0.964269, 0.0, -0.264925] [0.0, 1.0, 0.0] [0.264925, 0.0, 0.964269] [3566.07, 7.31665, 2296.3]]
		unit_class:t = "debris_bricks_large_b"
		objLayer:i = 2
		props {
			army:i = 2
			active:b = true
		}
	}
	objectGroups {
		name:t = "objectGroups_59"
		tm:m = [[-0.890681, 0.0, 0.454628] [0.0, 1.0, 0.0] [-0.454628, 0.0, -0.890681] [3555.86, 9.82315, 2307.23]]
		unit_class:t = "debris_bricks_large"
		objLayer:i = 2
		props {
			army:i = 2
			active:b = true
		}
	}
	objectGroups {
		name:t = "objectGroups_52"
		tm:m = [[-0.636105, 0.0, 0.771603] [0.0, 1.0, 0.0] [-0.771603, 0.0, -0.636105] [3572.24, 7.31665, 2230.58]]
		unit_class:t = "debris_bricks_large_b"
		objLayer:i = 2
		props {
			army:i = 2
			active:b = true
		}
	}
	objectGroups {
		name:t = "objectGroups_60"
		tm:m = [[0.558139, 0.0, -0.829747] [0.0, 1.0, 0.0] [0.829747, 0.0, 0.558139] [3536.96, 9.82318, 2253.5]]
		unit_class:t = "debris_bricks_large"
		objLayer:i = 2
		props {
			army:i = 2
			active:b = true
		}
	}
	objectGroups {
		name:t = "objectGroups_61"
		tm:m = [[0.151144, 0.0, 0.988512] [0.0, 1.0, 0.0] [-0.988512, 0.0, 0.151144] [3932.91, 9.8232, 1812.44]]
		unit_class:t = "debris_bricks_large"
		objLayer:i = 2
		props {
			army:i = 2
			active:b = true
		}
	}
	objectGroups {
		name:t = "objectGroups_62"
		tm:m = [[0.972212, 0.0, -0.2341] [0.0, 1.0, 0.0] [0.2341, 0.0, 0.972212] [3890.04, 7.31668, 1852.36]]
		unit_class:t = "debris_bricks_large_b"
		objLayer:i = 2
		props {
			army:i = 2
			active:b = true
		}
	}
	objectGroups {
		name:t = "objectGroups_63"
		tm:m = [[0.976491, 0.0, -0.21556] [0.0, 1.0, 0.0] [0.21556, 0.0, 0.976491] [3947.1, 9.82318, 2119.89]]
		unit_class:t = "debris_bricks_large"
		objLayer:i = 2
		props {
			army:i = 2
			active:b = true
		}
	}
	objectGroups {
		name:t = "objectGroups_64"
		tm:m = [[-0.906291, 0.0387298, -0.420877] [0.0, 0.995793, 0.0916346] [0.422655, 0.0830476, -0.902478] [3224.38, 8.8346, 2114.85]]
		unit_class:t = "debris_bricks_large_b"
		objLayer:i = 2
		props {
			army:i = 2
			active:b = true
		}
	}
	objectGroups {
		name:t = "objectGroups_65"
		tm:m = [[-0.625108, 0.0, -0.780538] [0.0, 1.0, 0.0] [0.780538, 0.0, -0.625108] [3578.0, 9.82318, 2439.61]]
		unit_class:t = "debris_bricks_large"
		objLayer:i = 2
		props {
			army:i = 2
			active:b = true
		}
	}
	objectGroups {
		name:t = "objectGroups_66"
		tm:m = [[0.0233785, 0.0, 0.999727] [0.0, 1.0, 0.0] [-0.999727, 0.0, 0.0233785] [3594.34, 9.82318, 2443.54]]
		unit_class:t = "debris_bricks_large"
		objLayer:i = 2
		props {
			army:i = 2
			active:b = true
		}
	}
	objectGroups {
		name:t = "objectGroups_67"
		tm:m = [[0.786282, 0.0, 0.617868] [0.0, 1.0, 0.0] [-0.617868, 0.0, 0.786282] [3573.51, 9.82318, 2442.99]]
		unit_class:t = "debris_bricks_large"
		objLayer:i = 2
		props {
			army:i = 2
			active:b = true
		}
	}
	objectGroups {
		name:t = "objectGroups_68"
		tm:m = [[-0.995808, 0.0, 0.0914696] [0.0, 1.0, 0.0] [-0.0914696, 0.0, -0.995808] [3601.64, 7.31665, 2457.2]]
		unit_class:t = "debris_bricks_large_b"
		objLayer:i = 2
		props {
			army:i = 2
			active:b = true
		}
	}
	objectGroups {
		name:t = "objectGroups_69"
		tm:m = [[0.0280847, 0.0, 0.999605] [0.0, 1.0, 0.0] [-0.999605, 0.0, 0.0280847] [3690.72, 9.8, 2284.02]]
		unit_class:t = "debris_bricks_large"
		objLayer:i = 2
		props {
			army:i = 2
			active:b = true
		}
	}
	objectGroups {
		name:t = "objectGroups_70"
		tm:m = [[0.865147, 0.0, -0.501519] [0.0, 1.0, 0.0] [0.501519, 0.0, 0.865147] [3678.0, 9.8, 2280.14]]
		unit_class:t = "debris_bricks_large"
		objLayer:i = 2
		props {
			army:i = 2
			active:b = true
		}
	}
	objectGroups {
		name:t = "objectGroups_71"
		tm:m = [[-0.989058, 0.0, 0.147522] [0.0, 1.0, 0.0] [-0.147522, 0.0, -0.989058] [3672.54, 9.8, 2270.64]]
		unit_class:t = "debris_bricks_large"
		objLayer:i = 2
		props {
			army:i = 2
			active:b = true
		}
	}
	objectGroups {
		name:t = "objectGroups_72"
		tm:m = [[-0.694011, 0.0, 0.719964] [0.0, 1.0, 0.0] [-0.719964, 0.0, -0.694011] [3672.3, 9.8, 2261.09]]
		unit_class:t = "debris_bricks_large"
		objLayer:i = 2
		props {
			army:i = 2
			active:b = true
		}
	}
	objectGroups {
		name:t = "objectGroups_73"
		tm:m = [[-0.906291, 0.0, -0.422655] [0.0, 1.0, 0.0] [0.422655, 0.0, -0.906291] [3679.3, 7.3, 2245.69]]
		unit_class:t = "debris_bricks_large_b"
		objLayer:i = 2
		props {
			army:i = 2
			active:b = true
		}
	}
	objectGroups {
		name:t = "objectGroups_74"
		tm:m = [[-0.625108, 0.0, -0.780538] [0.0, 1.0, 0.0] [0.780538, 0.0, -0.625108] [3658.75, 9.8, 2362.54]]
		unit_class:t = "debris_bricks_large"
		objLayer:i = 2
		props {
			army:i = 2
			active:b = true
		}
	}
	objectGroups {
		name:t = "objectGroups_75"
		tm:m = [[0.495802, 0.0, -0.868436] [0.0, 1.0, 0.0] [0.868436, 0.0, 0.495802] [3506.3, 9.85, 1791.49]]
		unit_class:t = "debris_bricks_large"
		objLayer:i = 2
		props {
			army:i = 2
			active:b = true
		}
	}
	objectGroups {
		name:t = "objectGroups_76"
		tm:m = [[-0.890681, 0.0, 0.454628] [0.0, 1.0, 0.0] [-0.454628, 0.0, -0.890681] [3546.1, 9.8, 2094.34]]
		unit_class:t = "debris_bricks_large"
		objLayer:i = 2
		props {
			army:i = 2
			active:b = true
		}
	}
	objectGroups {
		name:t = "objectGroups_77"
		tm:m = [[0.0949318, 0.0, 0.995484] [0.0, 1.0, 0.0] [-0.995484, 0.0, 0.0949318] [3564.05, 9.8, 2083.64]]
		unit_class:t = "debris_bricks_large"
		objLayer:i = 2
		props {
			army:i = 2
			active:b = true
		}
	}
	objectGroups {
		name:t = "objectGroups_78"
		tm:m = [[-0.759986, 0.0, 0.64994] [0.0, 1.0, 0.0] [-0.64994, 0.0, -0.759986] [3577.85, 9.8, 2098.79]]
		unit_class:t = "debris_bricks_large"
		objLayer:i = 2
		props {
			army:i = 2
			active:b = true
		}
	}
	objectGroups {
		name:t = "objectGroups_79"
		tm:m = [[0.282107, 0.0, -0.959383] [0.0, 1.0, 0.0] [0.959383, 0.0, 0.282107] [3571.2, 9.8, 2088.29]]
		unit_class:t = "debris_bricks_large"
		objLayer:i = 2
		props {
			army:i = 2
			active:b = true
		}
	}
	objectGroups {
		name:t = "objectGroups_80"
		tm:m = [[-0.996588, 0.0, 0.082532] [0.0, 1.0, 0.0] [-0.082532, 0.0, -0.996588] [3591.3, 9.8, 2124.44]]
		unit_class:t = "debris_bricks_large_b"
		objLayer:i = 2
		props {
			army:i = 2
			active:b = true
		}
	}
	objectGroups {
		name:t = "objectGroups_81"
		tm:m = [[0.858247, 0.0, 0.513238] [0.0, 1.0, 0.0] [-0.513238, 0.0, 0.858247] [3199.15, 7.3, 2169.84]]
		unit_class:t = "debris_bricks_large_b"
		objLayer:i = 2
		props {
			army:i = 2
			active:b = true
		}
	}
	objectGroups {
		name:t = "objectGroups_82"
		tm:m = [[-0.72278, 0.0, -0.691079] [0.0, 1.0, 0.0] [0.691079, 0.0, -0.72278] [3291.95, 7.3, 2165.24]]
		unit_class:t = "debris_bricks_large_b"
		objLayer:i = 2
		props {
			army:i = 2
			active:b = true
		}
	}
	objectGroups {
		name:t = "objectGroups_83"
		tm:m = [[-0.518174, 0.0, 0.855275] [0.0, 1.0, 0.0] [-0.855275, 0.0, -0.518174] [3273.9, 7.3, 2157.69]]
		unit_class:t = "debris_bricks_large_b"
		objLayer:i = 2
		props {
			army:i = 2
			active:b = true
		}
	}
	objectGroups {
		name:t = "objectGroups_84"
		tm:m = [[-0.906291, 0.0, -0.422655] [0.0, 1.0, 0.0] [0.422655, 0.0, -0.906291] [3228.5, 7.3, 2010.34]]
		unit_class:t = "debris_bricks_large_b"
		objLayer:i = 2
		props {
			army:i = 2
			active:b = true
		}
	}
	objectGroups {
		name:t = "objectGroups_85"
		tm:m = [[-0.12003, 0.0, 0.992771] [0.0, 1.0, 0.0] [-0.992771, 0.0, -0.12003] [3262.61, 7.3, 2090.82]]
		unit_class:t = "debris_bricks_large_b"
		objLayer:i = 2
		props {
			army:i = 2
			active:b = true
		}
	}
	objectGroups {
		name:t = "objectGroups_86"
		tm:m = [[0.858247, 0.0, 0.513238] [0.0, 1.0, 0.0] [-0.513238, 0.0, 0.858247] [3151.6, 7.3, 2370.79]]
		unit_class:t = "debris_bricks_large_b"
		objLayer:i = 2
		props {
			army:i = 2
			active:b = true
		}
	}
	objectGroups {
		name:t = "objectGroups_87"
		tm:m = [[-0.840267, 0.0, 0.542173] [0.0, 1.0, 0.0] [-0.542173, 0.0, -0.840267] [3181.85, 7.3, 2450.14]]
		unit_class:t = "debris_bricks_large_b"
		objLayer:i = 2
		props {
			army:i = 2
			active:b = true
		}
	}
	objectGroups {
		name:t = "objectGroups_88"
		tm:m = [[0.78452, 0.0, -0.620104] [0.0, 1.0, 0.0] [0.620104, 0.0, 0.78452] [3215.2, 7.3, 2432.59]]
		unit_class:t = "debris_bricks_large_b"
		objLayer:i = 2
		props {
			army:i = 2
			active:b = true
		}
	}
	objectGroups {
		name:t = "objectGroups_89"
		tm:m = [[-0.841727, 0.0, -0.539904] [0.0, 1.0, 0.0] [0.539904, 0.0, -0.841727] [3165.9, 7.3, 2412.29]]
		unit_class:t = "debris_bricks_large_b"
		objLayer:i = 2
		props {
			army:i = 2
			active:b = true
		}
	}
	objectGroups {
		name:t = "objectGroups_90"
		tm:m = [[-0.257928, 0.0, -0.966164] [0.0, 1.0, 0.0] [0.966164, 0.0, -0.257928] [3178.8, 7.3, 2287.44]]
		unit_class:t = "debris_bricks_large_b"
		objLayer:i = 2
		props {
			army:i = 2
			active:b = true
		}
	}
	objectGroups {
		name:t = "objectGroups_91"
		tm:m = [[-0.947066, 0.0, 0.321041] [0.0, 1.0, 0.0] [-0.321041, 0.0, -0.947066] [3211.75, 7.3, 2263.49]]
		unit_class:t = "debris_bricks_large_b"
		objLayer:i = 2
		props {
			army:i = 2
			active:b = true
		}
	}
	objectGroups {
		name:t = "objectGroups_92"
		tm:m = [[0.978423, 0.0, 0.206614] [0.0, 1.0, 0.0] [-0.206614, 0.0, 0.978423] [3198.0, 7.3, 2351.04]]
		unit_class:t = "debris_bricks_large_b"
		objLayer:i = 2
		props {
			army:i = 2
			active:b = true
		}
	}
	objectGroups {
		name:t = "objectGroups_93"
		tm:m = [[0.841377, 0.0, -0.540449] [0.0, 1.0, 0.0] [0.540449, 0.0, 0.841377] [3232.7, 9.8, 2339.34]]
		unit_class:t = "debris_bricks_large"
		objLayer:i = 2
		props {
			army:i = 2
			active:b = true
		}
	}
	objectGroups {
		name:t = "objectGroups_94"
		tm:m = [[0.156727, 0.0, 0.987642] [0.0, 1.0, 0.0] [-0.987642, 0.0, 0.156727] [3276.85, 7.3, 2367.54]]
		unit_class:t = "debris_bricks_large_b"
		objLayer:i = 2
		props {
			army:i = 2
			active:b = true
		}
	}
	objectGroups {
		name:t = "objectGroups_95"
		tm:m = [[0.280293, 0.0, 0.959914] [0.0, 1.0, 0.0] [-0.959914, 0.0, 0.280293] [3530.2, 7.3, 1663.54]]
		unit_class:t = "debris_bricks_large_b"
		objLayer:i = 2
		props {
			army:i = 2
			active:b = true
		}
	}
	objectGroups {
		name:t = "objectGroups_31"
		tm:m = [[0.565707, 0.0, 0.824606] [0.0, 1.0, 0.0] [-0.824606, 0.0, 0.565707] [4050.85, 7.3, 1827.79]]
		unit_class:t = "debris_bricks_large_b"
		objLayer:i = 2
		props {
			army:i = 2
			active:b = true
		}
	}
	objectGroups {
		name:t = "objectGroups_96"
		tm:m = [[0.0732392, 0.0, 0.997315] [0.0, 1.0, 0.0] [-0.997315, 0.0, 0.0732392] [3905.05, 8.1, 2434.24]]
		unit_class:t = "debris_bricks_large_b"
		objLayer:i = 2
		props {
			army:i = 2
			active:b = true
		}
	}
	objectGroups {
		name:t = "objectGroups_97"
		tm:m = [[0.592694, 0.0, 0.805428] [0.0, 1.0, 0.0] [-0.805428, 0.0, 0.592694] [4004.95, 7.8, 2483.99]]
		unit_class:t = "debris_bricks_large_b"
		objLayer:i = 2
		props {
			army:i = 2
			active:b = true
		}
	}
	area_squad {
		name:t = "spawn_area_sq"
		tm:m = [[1.0, 0.0, 0.0] [0.0, 1.0, 0.0] [0.0, 0.0, 1.0] [4364.75, 0.95, 1934.74]]
		props {
			squad_members:t = "spawn01"
			squad_members:t = "spawn02"
			squad_members:t = "spawn03"
			squad_members:t = "spawn10"
			squad_members:t = "spawn11"
			squad_members:t = "spawn12"
			squad_members:t = "spawn14"
			squad_members:t = "spawn15"
			squad_members:t = "spawn16"
			squad_members:t = "spawn17"
			squad_members:t = "spawn18"
			squad_members:t = "spawn20"
			squad_members:t = "spawn21"
			squad_members:t = "spawn23"
			squad_members:t = "spawn24"
			squad_members:t = "spawn25"
			squad_members:t = "spawn26"
			squad_members:t = "spawn27"
			squad_members:t = "spawn28"
			squad_members:t = "spawn29"
			squad_members:t = "spawn30"
			squad_members:t = "spawn35"
			squad_members:t = "spawn36"
			squad_members:t = "spawn37"
			squad_members:t = "spawn38"
			squad_members:t = "spawn40"
			squad_members:t = "spawn41"
			squad_members:t = "spawn42"
			squad_members:t = "spawn43"
			squad_members:t = "spawn45"
			squad_members:t = "spawn39"
			squad_members:t = "spawn22"
			squad_members:t = "spawn08"
			squad_members:t = "spawn05"
		}
	}
	area_squad {
		name:t = "pickups_area_sq"
		tm:m = [[1.0, 0.0, 0.0] [0.0, 1.0, 0.0] [0.0, 0.0, 1.0] [4866.75, 25.4133, 2047.72]]
		props {
			squad_members:t = "pickupArea01"
			squad_members:t = "pickupArea02"
			squad_members:t = "pickupArea03"
			squad_members:t = "pickupArea04"
			squad_members:t = "pickupArea05"
			squad_members:t = "pickupArea06"
			squad_members:t = "pickupArea07"
			squad_members:t = "pickupArea08"
			squad_members:t = "pickupArea09"
			squad_members:t = "pickupArea10"
			squad_members:t = "pickupArea11"
			squad_members:t = "pickupArea12"
			squad_members:t = "pickupArea13"
			squad_members:t = "pickupArea14"
			squad_members:t = "pickupArea15"
			squad_members:t = "pickupArea16"
			squad_members:t = "pickupArea17"
			squad_members:t = "pickupArea18"
			squad_members:t = "pickupArea19"
			squad_members:t = "pickupArea20"
			squad_members:t = "pickupArea21"
			squad_members:t = "pickupArea22"
			squad_members:t = "pickupArea23"
			squad_members:t = "pickupArea24"
			squad_members:t = "pickupArea25"
			squad_members:t = "pickupArea26"
			squad_members:t = "pickupArea27"
			squad_members:t = "pickupArea28"
			squad_members:t = "pickupArea29"
			squad_members:t = "pickupArea30"
			squad_members:t = "pickupArea31"
			squad_members:t = "pickupArea32"
			squad_members:t = "pickupArea33"
			squad_members:t = "pickupArea34"
			squad_members:t = "pickupArea35"
		}
	}
	objectGroups {
		name:t = "objectGroups_98"
		tm:m = [[0.699307, 0.0, -0.714821] [0.0, 1.0, 0.0] [0.714821, 0.0, 0.699307] [3907.23, 6.65, 2488.48]]
		unit_class:t = "debris_bricks_large_b"
		objLayer:i = 2
		props {
			army:i = 2
			active:b = true
		}
	}
	objectGroups {
		name:t = "objectGroups_99"
		tm:m = [[0.714129, 0.0, -0.700015] [0.0, 1.0, 0.0] [0.700015, 0.0, 0.714129] [4012.3, 5.6, 2492.64]]
		unit_class:t = "debris_bricks_large_b"
		objLayer:i = 2
		props {
			army:i = 2
			active:b = true
		}
	}
	objectGroups {
		name:t = "objectGroups_100"
		tm:m = [[-0.998285, -0.0524086, -0.0260768] [-0.0501392, 0.995439, -0.0811573] [0.0302112, -0.0797107, -0.99636] [4007.65, 6.45, 2405.24]]
		unit_class:t = "debris_bricks_large_b"
		objLayer:i = 2
		props {
			army:i = 2
			active:b = true
		}
	}
	objectGroups {
		name:t = "objectGroups_101"
		tm:m = [[0.914384, -0.082318, 0.396392] [0.0438539, 0.993488, 0.105155] [-0.402467, -0.078769, 0.912039] [3941.9, 5.65, 2385.09]]
		unit_class:t = "debris_bricks_large_b"
		objLayer:i = 2
		props {
			army:i = 2
			active:b = true
		}
	}
	objectGroups {
		name:t = "objectGroups_102"
		tm:m = [[0.854823, -0.0765835, 0.513238] [0.0892324, 0.996011, 0.0] [-0.511191, 0.0457975, 0.858247] [3217.7, 8.4, 2221.94]]
		unit_class:t = "debris_bricks_large_b"
		objLayer:i = 2
		props {
			army:i = 2
			active:b = true
		}
	}
	objectGroups {
		name:t = "objectGroups_103"
		tm:m = [[0.858247, 0.0, 0.513238] [0.0, 1.0, 0.0] [-0.513238, 0.0, 0.858247] [3263.86, 7.60693, 2109.66]]
		unit_class:t = "debris_bricks_large_b"
		objLayer:i = 2
		props {
			army:i = 2
			active:b = true
		}
	}
	objectGroups {
		name:t = "objectGroups_104"
		tm:m = [[0.987892, 0.0, 0.155143] [0.0, 1.0, 0.0] [-0.155143, 0.0, 0.987892] [3264.17, 9.79996, 2266.98]]
		unit_class:t = "debris_bricks_large_b"
		objLayer:i = 2
		props {
			army:i = 2
			active:b = true
		}
	}
	objectGroups {
		name:t = "objectGroups_05"
		tm:m = [[0.260991, 0.0, 0.965342] [0.0, 1.0, 0.0] [-0.965342, 0.0, 0.260991] [3281.01, 9.63617, 2299.4]]
		unit_class:t = "det_germ_tram"
		objLayer:i = 2
		props {
			army:i = 2
			active:b = true
		}
	}
	objectGroups {
		name:t = "objectGroups_105"
		tm:m = [[0.987892, 0.0, 0.155143] [0.0, 1.0, 0.0] [-0.155143, 0.0, 0.987892] [3213.6, 9.79996, 2263.5]]
		unit_class:t = "debris_bricks_large_b"
		objLayer:i = 2
		props {
			army:i = 2
			active:b = true
		}
	}
	objectGroups {
		name:t = "objectGroups_106"
		tm:m = [[0.858247, 0.0, 0.513238] [0.0, 1.0, 0.0] [-0.513238, 0.0, 0.858247] [3226.64, 7.3, 2190.77]]
		unit_class:t = "debris_bricks_large_b"
		objLayer:i = 2
		props {
			army:i = 2
			active:b = true
		}
	}
	squad {
		name:t = "object_groups_sqad"
		tm:m = [[1.0, 0.0, 0.0] [0.0, 1.0, 0.0] [0.0, 0.0, 1.0] [2953.56, 9.82013, 2190.54]]
		props {
			object_marking:i = 0
			squad_members:t = "objectGroups_25"
			squad_members:t = "objectGroups_27"
			squad_members:t = "objectGroups_28"
			squad_members:t = "objectGroups_29"
			squad_members:t = "objectGroups_30"
			squad_members:t = "objectGroups_32"
			squad_members:t = "objectGroups_33"
			squad_members:t = "objectGroups_34"
			squad_members:t = "objectGroups_26"
			squad_members:t = "objectGroups_35"
			squad_members:t = "objectGroups_36"
			squad_members:t = "objectGroups_37"
			squad_members:t = "objectGroups_38"
			squad_members:t = "objectGroups_39"
			squad_members:t = "objectGroups_40"
			squad_members:t = "objectGroups_41"
			squad_members:t = "objectGroups_42"
			squad_members:t = "objectGroups_43"
			squad_members:t = "objectGroups_44"
			squad_members:t = "objectGroups_45"
			squad_members:t = "objectGroups_46"
			squad_members:t = "objectGroups_47"
			squad_members:t = "objectGroups_48"
			squad_members:t = "objectGroups_04"
			squad_members:t = "objectGroups_03"
			squad_members:t = "objectGroups_02"
			squad_members:t = "objectGroups_53"
			squad_members:t = "objectGroups_54"
			squad_members:t = "objectGroups_55"
			squad_members:t = "objectGroups_56"
			squad_members:t = "objectGroups_01"
			squad_members:t = "objectGroups_49"
			squad_members:t = "objectGroups_57"
			squad_members:t = "objectGroups_58"
			squad_members:t = "objectGroups_50"
			squad_members:t = "objectGroups_51"
			squad_members:t = "objectGroups_59"
			squad_members:t = "objectGroups_52"
			squad_members:t = "objectGroups_60"
			squad_members:t = "objectGroups_61"
			squad_members:t = "objectGroups_62"
			squad_members:t = "objectGroups_63"
			squad_members:t = "objectGroups_64"
			squad_members:t = "objectGroups_65"
			squad_members:t = "objectGroups_66"
			squad_members:t = "objectGroups_67"
			squad_members:t = "objectGroups_68"
			squad_members:t = "objectGroups_69"
			squad_members:t = "objectGroups_70"
			squad_members:t = "objectGroups_71"
			squad_members:t = "objectGroups_72"
			squad_members:t = "objectGroups_73"
			squad_members:t = "objectGroups_74"
			squad_members:t = "objectGroups_75"
			squad_members:t = "objectGroups_76"
			squad_members:t = "objectGroups_77"
			squad_members:t = "objectGroups_78"
			squad_members:t = "objectGroups_79"
			squad_members:t = "objectGroups_80"
			squad_members:t = "objectGroups_81"
			squad_members:t = "objectGroups_82"
			squad_members:t = "objectGroups_83"
			squad_members:t = "objectGroups_84"
			squad_members:t = "objectGroups_85"
			squad_members:t = "objectGroups_86"
			squad_members:t = "objectGroups_87"
			squad_members:t = "objectGroups_88"
			squad_members:t = "objectGroups_89"
			squad_members:t = "objectGroups_90"
			squad_members:t = "objectGroups_91"
			squad_members:t = "objectGroups_92"
			squad_members:t = "objectGroups_93"
			squad_members:t = "objectGroups_94"
			squad_members:t = "objectGroups_95"
			squad_members:t = "objectGroups_31"
			squad_members:t = "objectGroups_96"
			squad_members:t = "objectGroups_97"
			squad_members:t = "objectGroups_98"
			squad_members:t = "objectGroups_99"
			squad_members:t = "objectGroups_100"
			squad_members:t = "objectGroups_101"
			squad_members:t = "objectGroups_102"
			squad_members:t = "objectGroups_103"
			squad_members:t = "objectGroups_104"
			squad_members:t = "objectGroups_05"
			squad_members:t = "objectGroups_105"
			squad_members:t = "objectGroups_106"
			squad_members:t = "objectGroups_107"
			squad_members:t = "objectGroups_108"
			squad_members:t = "objectGroups_109"
			squad_members:t = "objectGroups_110"
			squad_members:t = "objectGroups_111"
			squad_members:t = "objectGroups_112"
		}
	}
	armada {
		name:t = "player01"
		tm:m = [[1.0, 0.0, 0.0] [0.0, 1.0, 0.0] [0.0, 0.0, 1.0] [2445.35, 408.048, 1686.34]]
		unit_class:t = "dummy_plane"
		objLayer:i = 1
		closed_waypoints:b = false
		isShipSpline:b = false
		shipTurnRadius:r = 100
		weapons:t = ""
		bullets0:t = ""
		bullets1:t = ""
		bullets2:t = ""
		bullets3:t = ""
		bulletsCount0:i = 0
		bulletsCount1:i = 0
		bulletsCount2:i = 0
		bulletsCount3:i = 0
		props {
			army:i = 2
			count:i = 1
			free_distance:r = 70
			floating_distance:r = 50
			minimum_distance_to_earth:r = 20
			altLimit:r = 6000
			attack_type:t = "fire_at_will"
			skill:i = 4
			plane {
				wing_formation:t = "Diamond"
				row_distances:r = 3
				col_distances:r = 3
				super_formation:t = "Diamond"
				super_row_distances:r = 1.5
				super_col_distances:r = 1.5
				ai_skill:t = "NORMAL"
				task:t = "FLY_WAYPOINT"
			}
		}
		way {

		}
	}
	objectGroups {
		name:t = "objectGroups_107"
		tm:m = [[-0.733834, 0.0, -0.679329] [0.0, 1.0, 0.0] [0.679329, 0.0, -0.733834] [3662.8, 9.8, 2439.59]]
		unit_class:t = "debris_bricks_large"
		objLayer:i = 2
		props {
			army:i = 2
			active:b = true
		}
	}
	objectGroups {
		name:t = "objectGroups_108"
		tm:m = [[-0.329563, 0.0, -0.944134] [0.0, 1.0, 0.0] [0.944134, 0.0, -0.329563] [3787.65, 6.65, 2472.79]]
		unit_class:t = "debris_bricks_large_b"
		objLayer:i = 2
		props {
			army:i = 2
			active:b = true
		}
	}
	objectGroups {
		name:t = "objectGroups_109"
		tm:m = [[0.768164, 0.0, -0.640254] [0.0, 1.0, 0.0] [0.640254, 0.0, 0.768164] [3793.95, 7.5, 2508.14]]
		unit_class:t = "debris_bricks_large_b"
		objLayer:i = 2
		props {
			army:i = 2
			active:b = true
		}
	}
	objectGroups {
		name:t = "objectGroups_110"
		tm:m = [[0.306285, 0.0, -0.951939] [0.0, 1.0, 0.0] [0.951939, 0.0, 0.306285] [3611.83, 7.31667, 1695.24]]
		unit_class:t = "debris_bricks_large_b"
		objLayer:i = 2
		props {
			army:i = 2
			active:b = true
		}
	}
	objectGroups {
		name:t = "objectGroups_111"
		tm:m = [[-0.941947, 0.0, 0.33576] [0.0, 1.0, 0.0] [-0.33576, 0.0, -0.941947] [3519.37, 9.83104, 1684.77]]
		unit_class:t = "debris_bricks_large_b"
		objLayer:i = 2
		props {
			army:i = 2
			active:b = true
		}
	}
	objectGroups {
		name:t = "objectGroups_112"
		tm:m = [[0.561555, 0.0, -0.827439] [0.0, 1.0, 0.0] [0.827439, 0.0, 0.561555] [3515.33, 8.04944, 1714.22]]
		unit_class:t = "debris_bricks_large_b"
		objLayer:i = 2
		props {
			army:i = 2
			active:b = true
		}
	}
}
areas {
	tank_map_area {
		type:t = "Box"
		tm:m = [[-1054.0, 0.0, 0.0] [0.0, 175.475, 0.0] [0.0, 0.0, -1054.0] [3561.17, 9.83911, 2113.28]]
		objLayer:i = 3
		props {

		}
	}
	spawn01 {
		type:t = "Sphere"
		tm:m = [[11.9604, 0.0, 0.973806] [0.0, 12.0, 0.0] [-0.973806, 0.0, 11.9604] [3978.92, 10.9435, 1630.97]]
		objLayer:i = 0
		props {

		}
	}
	spawn02 {
		type:t = "Sphere"
		tm:m = [[0.89657, 0.0, 11.9665] [0.0, 12.0, 0.0] [-11.9665, 0.0, 0.89657] [3789.94, 14.1515, 1601.03]]
		objLayer:i = 0
		props {

		}
	}
	spawn03 {
		type:t = "Sphere"
		tm:m = [[-9.68219, 0.0, 7.08916] [0.0, 12.0, 0.0] [-7.08916, 0.0, -9.68219] [3479.64, 9.82586, 1621.57]]
		objLayer:i = 0
		props {

		}
	}
	spawn10 {
		type:t = "Sphere"
		tm:m = [[-4.84921, 0.0, 10.9766] [0.0, 12.0, 0.0] [-10.9766, 0.0, -4.84921] [3305.74, 14.1516, 1764.31]]
		objLayer:i = 0
		props {

		}
	}
	spawn11 {
		type:t = "Sphere"
		tm:m = [[-6.90171, 0.0, -9.81664] [0.0, 12.0, 0.0] [9.81664, 0.0, -6.90171] [3427.16, 14.1516, 1893.67]]
		objLayer:i = 0
		props {

		}
	}
	spawn12 {
		type:t = "Sphere"
		tm:m = [[4.25863, 0.0, 11.2189] [0.0, 12.0, 0.0] [-11.2189, 0.0, 4.25863] [3086.2, 14.15, 1755.39]]
		objLayer:i = 0
		props {

		}
	}
	spawn14 {
		type:t = "Sphere"
		tm:m = [[-4.24364, 0.0, -11.2246] [0.0, 12.0, 0.0] [11.2246, 0.0, -4.24364] [3399.71, 14.1516, 2023.15]]
		objLayer:i = 0
		props {

		}
	}
	spawn15 {
		type:t = "Sphere"
		tm:m = [[7.61767, 0.0, 9.27205] [0.0, 12.0, 0.0] [-9.27205, 0.0, 7.61767] [3178.94, 14.15, 2122.6]]
		objLayer:i = 0
		props {

		}
	}
	spawn16 {
		type:t = "Sphere"
		tm:m = [[10.3065, 0.0, 6.1462] [0.0, 12.0, 0.0] [-6.1462, 0.0, 10.3065] [3194.4, 14.15, 2236.44]]
		objLayer:i = 0
		props {

		}
	}
	spawn17 {
		type:t = "Sphere"
		tm:m = [[6.31295, 0.0, -10.2052] [0.0, 12.0, 0.0] [10.2052, 0.0, 6.31295] [3174.74, 14.15, 2521.35]]
		objLayer:i = 0
		props {

		}
	}
	spawn18 {
		type:t = "Sphere"
		tm:m = [[6.03551, 0.0, 10.3717] [0.0, 12.0, 0.0] [-10.3717, 0.0, 6.03551] [3112.2, 14.15, 2345.99]]
		objLayer:i = 0
		props {

		}
	}
	spawn20 {
		type:t = "Sphere"
		tm:m = [[-1.38721, 0.0, 11.9195] [0.0, 12.0, 0.0] [-11.9195, 0.0, -1.38721] [3583.07, 10.65, 2453.28]]
		objLayer:i = 0
		props {

		}
	}
	spawn21 {
		type:t = "Sphere"
		tm:m = [[4.90581, 0.0, -10.9514] [0.0, 12.0, 0.0] [10.9514, 0.0, 4.90581] [3584.05, 10.65, 2598.39]]
		objLayer:i = 0
		props {

		}
	}
	spawn23 {
		type:t = "Sphere"
		tm:m = [[3.91859, 0.0, 0.802891] [0.0, 4.0, 0.0] [-0.802891, 0.0, 3.91859] [3863.5, 10.1, 2489.59]]
		objLayer:i = 0
		props {

		}
	}
	spawn24 {
		type:t = "Sphere"
		tm:m = [[-11.9771, 0.0, 0.741722] [0.0, 12.0, 0.0] [-0.741722, 0.0, -11.9771] [4038.4, 10.65, 2450.34]]
		objLayer:i = 0
		props {

		}
	}
	spawn25 {
		type:t = "Sphere"
