selected_tag:t = ""
bin_dump_file:t = ""
mission_settings {
	player {
		army:i = 1
		wing:t = "player01"
		wing:t = "player02"
		wing:t = "player03"
		wing:t = "player04"
		wing:t = "player05"
		wing:t = "player06"
		wing:t = "player07"
		wing:t = "player08"
		wing:t = "player09"
		wing:t = "player10"
		wing:t = "player11"
		wing:t = "player12"
		wing:t = "player13"
		wing:t = "player14"
		wing:t = "player15"
		wing:t = "player16"
		wing:t = "player17"
		wing:t = "player18"
		wing:t = "player19"
		wing:t = "player20"
		wing:t = "player21"
		wing:t = "player22"
		wing:t = "player23"
		wing:t = "player24"
		wing:t = "player25"
		wing:t = "player26"
		wing:t = "player27"
		wing:t = "player28"
		wing:t = "player29"
		wing:t = "player30"
		wing:t = "player31"
		wing:t = "player32"
	}
	player_teamB {
		army:i = 2
		wing:t = "player33"
		wing:t = "player34"
		wing:t = "player35"
		wing:t = "player36"
		wing:t = "player37"
		wing:t = "player38"
		wing:t = "player39"
		wing:t = "player40"
		wing:t = "player41"
		wing:t = "player42"
		wing:t = "player43"
		wing:t = "player44"
		wing:t = "player45"
		wing:t = "player46"
		wing:t = "player47"
		wing:t = "player48"
		wing:t = "player49"
		wing:t = "player50"
		wing:t = "player51"
		wing:t = "player52"
		wing:t = "player53"
		wing:t = "player54"
		wing:t = "player55"
		wing:t = "player56"
		wing:t = "player57"
		wing:t = "player58"
		wing:t = "player59"
		wing:t = "player60"
		wing:t = "player61"
		wing:t = "player62"
		wing:t = "player63"
		wing:t = "player64"
		wing:t = "player65"
	}
	mission {
		type:t = "domination"
		level:t = "levels/avg_stalingrad_factory.bin"
		restoreType:t = "attempts"
		optionalTakeOff:b = false
		environment:t = "Day"
		weather:t = "hazy"
		locName:t = "missions/BR;stalingrad_factory/name"
		locDesc:t = "missions/BR/desc"
		gt_ffa:b = true
		gt_last_man_standing:b = true
		timeLimit:i = 60
		useTankBots:b = true
		battleAreaColorPreset:t = "battleRoyale"
		ignoreInvulnerableTimer:b = true
		useCustomSuperArtillery:b = true
		customSuperArtillery:t = "structures/streakArtillery_203mm_r200m"
		country_axis:t = "germany"
		country_allies:t = "ussr"
		allowedUnitTypes {
			isAirplanesAllowed:b = false
			isTanksAllowed:b = true
			isShipsAllowed:b = false
			isHelicoptersAllowed:b = false
		}
	}
	spectator_points {

	}
	briefing {
		place_loc:t = ""
		date_loc:t = ""
		objective_loc:t = ""
		music:t = "action_01"
		part {
			event:t = ""
			minTime:i = 0
			slide {
				map:b = true
				minTime:i = 4
				picture:t = ""
				showAirMap:b = false
				icon {
					icontype:t = "tank"
					side:t = "player"
					target:t = "briefing_spawn01"
				}
				icon {
					icontype:t = "tank"
					side:t = "enemy"
					target:t = "briefing_spawn02"
				}
				icon {
					icontype:t = "tank"
					side:t = "enemy"
					target:t = "briefing_spawn03"
				}
				icon {
					icontype:t = "tank"
					side:t = "enemy"
					target:t = "briefing_spawn04"
				}
				icon {
					icontype:t = "tank"
					side:t = "enemy"
					target:t = "briefing_spawn05"
				}
				icon {
					icontype:t = "tank"
					side:t = "enemy"
					target:t = "briefing_spawn06"
				}
				icon {
					icontype:t = "tank"
					side:t = "enemy"
					target:t = "briefing_spawn07"
				}
				icon {
					icontype:t = "tank"
					side:t = "enemy"
					target:t = "briefing_spawn08"
				}
				icon {
					icontype:t = "tank"
					side:t = "enemy"
					target:t = "briefing_spawn09"
				}
			}
		}
	}
}
imports {
	import_record {
		file:t = "gameData/missions/templates/battle_royale_template.blk"
		importAreas:b = true
		importUnits:b = true
		importTriggers:b = true
		importMissionObjectives:b = true
		importWayPoints:b = true
		showAreas:b = true
		showUnits:b = true
		showTriggers:b = true
		showMissionObjectives:b = true
		showWayPoints:b = true
		excludes {

		}
	}
	import_record {
		file:t = "gameData/missions/bridges/stalingrad_factory_bridges.blk"
		importAreas:b = true
		importUnits:b = true
		importTriggers:b = true
		importMissionObjectives:b = true
		importWayPoints:b = true
		showAreas:b = true
		showUnits:b = true
		showTriggers:b = true
		showMissionObjectives:b = true
		showWayPoints:b = true
		excludes {

		}
	}
}
triggers {
	isCategory:b = true
	is_enabled:b = true
	finland_br_init {
		is_enabled:b = true
		comments:t = ""
		props {
			actionsType:t = "PERFORM_ONE_BY_ONE"
			conditionsType:t = "ALL"
			enableAfterComplete:b = false
		}
		events {
			initMission {

			}
		}
		conditions {

		}
		actions {
			varSetInt {
				value:i = 10
				var:t = "br_area_div"
				fromDescriptor:t = "br_area_div"
			}
			comment {
				value:t = "br_area_div - number of total stages(for 2 sides deduction each time)"
			}
			comment {
				value:t = "(10 stages - 3 = 7) - so warning will be when 9(3 row * 3 col) sectors left"
			}
			comment {
				value:t = "and artillery will be disabled when 4(2 row * 2 col) sectors left"
			}
			comment {
				value:t = "artillery have radius 200m radius and sector side is 1700/10=170m"
			}
			varSetInt {
				value:i = 7
				var:t = "artillery_disable_stage"
				fromDescriptor:t = "artillery_disable_stage"
			}
			comment {
				value:t = "from 1 to br_area_div included"
			}
			comment {
				value:t = "from bottom left corner to up right corner"
			}
			comment {
				value:t = "(1,1) - bottom left"
			}
			comment {
				value:t = "(5,1) - bottom right"
			}
			comment {
				value:t = "(1,5) - up left"
			}
			comment {
				value:t = "(5,5) - up right"
			}
			varSetString {
				value:t = "(1,10);(2,10);(3,10);(4,10);(5,10);(6,10);(7,10);(8,10);(9,10);(10,5);(1,9);(2,9);(3,9);(4,9);(10,5);(1,8);(2,8);(3,8);(10,5);(1,7);(2,7);(3,7);(10,5);(1,6);(2,6);(3,6);(10,5);(1,5);(9,5);(10,5);(1,4);(8,4);(9,4);(10,4);(1,3);(7,3);(8,3);(9,3);(10,3);(1,2);(6,2);(7,2);(8,2);(9,2);(10,2);(1,1);(2,1);(3,1);(4,1);(5,1);(6,1);(7,1);(8,1);(9,1);(10,1);"
				var:t = "br_final_sector_exclude"
				fromDescriptor:t = "br_final_sector_exclude"
			}
			unitSetProperties {
				object_marking:i = 0
				object_var_name:t = ""
				object_var_comp_op:t = "equal"
				object_var_value:i = 0
				object:t = "object_groups_sqad"
				stealthRadius:r = 0
			}
			varSetInt {
				value:i = 12
				var:t = "pickups_count"
			}
		}
		else_actions {

		}
	}
}
mission_objectives {
	isCategory:b = true
	is_enabled:b = true
}
variables {

}
dialogs {

}
airfields {

}
effects {

}
units {
	area_squad {
		name:t = "spawn_area_sq"
		tm:m = [[1.0, 0.0, 0.0] [0.0, 1.0, 0.0] [0.0, 0.0, 1.0] [3973.64, 5.95882, 2732.75]]
		props {
			squad_members:t = "spawn_01"
			squad_members:t = "spawn_02"
			squad_members:t = "spawn_03"
			squad_members:t = "spawn_04"
			squad_members:t = "spawn_05"
			squad_members:t = "spawn_06"
			squad_members:t = "spawn_07"
			squad_members:t = "spawn_08"
			squad_members:t = "spawn_09"
			squad_members:t = "spawn_10"
			squad_members:t = "spawn_11"
			squad_members:t = "spawn_12"
			squad_members:t = ""
			squad_members:t = "spawn_14"
			squad_members:t = "spawn_15"
			squad_members:t = "spawn_16"
			squad_members:t = "spawn_17"
			squad_members:t = "spawn_18"
			squad_members:t = "spawn_19"
			squad_members:t = "spawn_20"
			squad_members:t = "spawn_21"
			squad_members:t = "spawn_22"
			squad_members:t = "spawn_23"
			squad_members:t = "spawn_24"
			squad_members:t = "spawn_25"
			squad_members:t = "spawn_26"
			squad_members:t = "spawn_27"
			squad_members:t = "spawn_28"
			squad_members:t = "spawn_29"
			squad_members:t = "spawn_30"
			squad_members:t = "spawn_31"
			squad_members:t = "spawn_32"
		}
	}
	objectGroups {
		name:t = "objectGroups_01"
		tm:m = [[0.157994, 0.0, 0.98744] [0.0, 1.0, 0.0] [-0.98744, 0.0, 0.157994] [3910.84, 17.8867, 2543.21]]
		unit_class:t = "det_pipes_set_snow_a"
		objLayer:i = 2
		props {
			army:i = 2
			active:b = true
		}
	}
	objectGroups {
		name:t = "objectGroups_02"
		tm:m = [[0.859881, 0.0, 0.510495] [0.0, 1.0, 0.0] [-0.510495, 0.0, 0.859881] [3872.38, 16.2156, 2514.72]]
		unit_class:t = "det_pipes_set_snow_a"
		objLayer:i = 2
		props {
			army:i = 2
			active:b = true
		}
	}
	objectGroups {
		name:t = "objectGroups_03"
		tm:m = [[-0.0209484, 0.0, 0.999781] [0.0, 1.0, 0.0] [-0.999781, 0.0, -0.0209484] [3984.38, 17.8867, 2496.99]]
		unit_class:t = "det_pipes_set_snow_a"
		objLayer:i = 2
		props {
			army:i = 2
			active:b = true
		}
	}
	objectGroups {
		name:t = "objectGroups_04"
		tm:m = [[-0.774177, 0.0, 0.632969] [0.0, 1.0, 0.0] [-0.632969, 0.0, -0.774177] [3855.14, 17.8867, 2615.38]]
		unit_class:t = "det_pipes_set_snow_a"
		objLayer:i = 2
		props {
			army:i = 2
			active:b = true
		}
	}
	objectGroups {
		name:t = "objectGroups_05"
		tm:m = [[0.0369047, 0.0, -0.999319] [0.0, 1.0, 0.0] [0.999319, 0.0, 0.0369047] [3791.9, 15.3664, 2307.49]]
		unit_class:t = "det_factory_small_building_snow_a"
		objLayer:i = 2
		props {
			army:i = 2
			active:b = true
		}
	}
	objectGroups {
		name:t = "objectGroups_06"
		tm:m = [[0.0369047, 0.0, -0.999319] [0.0, 1.0, 0.0] [0.999319, 0.0, 0.0369047] [3840.0, 15.3663, 2293.77]]
		unit_class:t = "det_pipes_set_snow_a"
		objLayer:i = 2
		props {
			army:i = 2
			active:b = true
		}
	}
	objectGroups {
		name:t = "objectGroups_07"
		tm:m = [[0.999983, 0.0, 0.00588467] [0.0, 1.0, 0.0] [-0.00588467, 0.0, 0.999983] [3715.78, 15.3663, 2365.23]]
		unit_class:t = "det_factory_small_building_snow_a"
		objLayer:i = 2
		props {
			army:i = 2
			active:b = true
		}
	}
	objectGroups {
		name:t = "objectGroups_08"
		tm:m = [[-0.595692, 0.0, -0.803213] [0.0, 1.0, 0.0] [0.803213, 0.0, -0.595692] [3756.7, 15.6089, 2331.35]]
		unit_class:t = "det_pipes_set_snow_a"
		objLayer:i = 2
		props {
			army:i = 2
			active:b = true
		}
	}
	objectGroups {
		name:t = "objectGroups_09"
		tm:m = [[-0.969912, 0.0, 0.243454] [0.0, 1.0, 0.0] [-0.243454, 0.0, -0.969912] [3354.45, 17.9, 2756.4]]
		unit_class:t = "det_pipes_set_snow_a"
		objLayer:i = 2
		props {
			army:i = 2
			active:b = true
		}
	}
	objectGroups {
		name:t = "objectGroups_10"
		tm:m = [[-0.99823, 0.0, -0.0594722] [0.0, 1.0, 0.0] [0.0594722, 0.0, -0.99823] [3359.05, 17.9, 2773.0]]
		unit_class:t = "det_pipes_set_snow_a"
		objLayer:i = 2
		props {
			army:i = 2
			active:b = true
		}
	}
	objectGroups {
		name:t = "objectGroups_11"
		tm:m = [[0.99823, 0.0, 0.059472] [0.0, 1.0, 0.0] [-0.059472, 0.0, 0.99823] [3343.55, 17.9, 2750.85]]
		unit_class:t = "det_pipes_set_snow_a"
		objLayer:i = 2
		props {
			army:i = 2
			active:b = true
		}
	}
	objectGroups {
		name:t = "objectGroups_12"
		tm:m = [[0.929837, 0.0, -0.36797] [0.0, 1.0, 0.0] [0.36797, 0.0, 0.929837] [3165.0, 17.9, 2566.5]]
		unit_class:t = "det_pipes_set_snow_a"
		objLayer:i = 2
		props {
			army:i = 2
			active:b = true
		}
	}
	objectGroups {
		name:t = "objectGroups_13"
		tm:m = [[-0.776151, 0.0, 0.630547] [0.0, 1.0, 0.0] [-0.630547, 0.0, -0.776151] [3159.75, 17.9, 2550.95]]
		unit_class:t = "det_pipes_set_snow_a"
		objLayer:i = 2
		props {
			army:i = 2
			active:b = true
		}
	}
	objectGroups {
		name:t = "objectGroups_14"
		tm:m = [[-0.776151, 0.0, 0.630547] [0.0, 1.0, 0.0] [-0.630547, 0.0, -0.776151] [3145.45, 17.9, 2541.0]]
		unit_class:t = "det_pipes_set_snow_a"
		objLayer:i = 2
		props {
			army:i = 2
			active:b = true
		}
	}
	objectGroups {
		name:t = "objectGroups_15"
		tm:m = [[0.243454, 0.0, 0.969912] [0.0, 1.0, 0.0] [-0.969912, 0.0, 0.243454] [3264.2, 17.9, 2651.55]]
		unit_class:t = "det_pipes_set_snow_a"
		objLayer:i = 2
		props {
			army:i = 2
			active:b = true
		}
	}
	objectGroups {
		name:t = "objectGroups_16"
		tm:m = [[0.929837, 0.0, -0.36797] [0.0, 1.0, 0.0] [0.36797, 0.0, 0.929837] [3131.7, 17.9, 2631.3]]
		unit_class:t = "det_factory_small_building_snow_a"
		objLayer:i = 2
		props {
			army:i = 2
			active:b = true
		}
	}
	objectGroups {
		name:t = "objectGroups_17"
		tm:m = [[0.969912, 0.0, -0.243454] [0.0, 1.0, 0.0] [0.243454, 0.0, 0.969912] [3181.9, 17.9, 2687.0]]
		unit_class:t = "det_factory_small_building_snow_a"
		objLayer:i = 2
		props {
			army:i = 2
			active:b = true
		}
	}
	objectGroups {
		name:t = "objectGroups_18"
		tm:m = [[-0.851814, 0.0, 0.523844] [0.0, 1.0, 0.0] [-0.523844, 0.0, -0.851814] [3076.11, 17.9, 2559.9]]
		unit_class:t = "det_pipes_set_snow_a"
		objLayer:i = 2
		props {
			army:i = 2
			active:b = true
		}
	}
	objectGroups {
		name:t = "objectGroups_19"
		tm:m = [[-0.851814, 0.0, 0.523844] [0.0, 1.0, 0.0] [-0.523844, 0.0, -0.851814] [3067.28, 17.9, 2546.43]]
		unit_class:t = "det_pipes_set_snow_a"
		objLayer:i = 2
		props {
			army:i = 2
			active:b = true
		}
	}
	objectGroups {
		name:t = "objectGroups_20"
		tm:m = [[-0.851814, 0.0, 0.523844] [0.0, 1.0, 0.0] [-0.523844, 0.0, -0.851814] [3087.43, 17.9, 2543.26]]
		unit_class:t = "det_pipes_set_snow_a"
		objLayer:i = 2
		props {
			army:i = 2
			active:b = true
		}
	}
	objectGroups {
		name:t = "objectGroups_21"
		tm:m = [[-0.523844, 0.0, -0.851814] [0.0, 1.0, 0.0] [0.851814, 0.0, -0.523844] [3017.35, 17.9, 2532.15]]
		unit_class:t = "det_pipes_set_snow_a"
		objLayer:i = 2
		props {
			army:i = 2
			active:b = true
		}
	}
	objectGroups {
		name:t = "objectGroups_22"
		tm:m = [[0.36797, 0.0, 0.929837] [0.0, 1.0, 0.0] [-0.929837, 0.0, 0.36797] [2981.78, 17.9, 2514.73]]
		unit_class:t = "det_pipes_set_snow_a"
		objLayer:i = 2
		props {
			army:i = 2
			active:b = true
		}
	}
	objectGroups {
		name:t = "objectGroups_23"
		tm:m = [[0.994816, 0.0, 0.10169] [0.0, 1.0, 0.0] [-0.10169, 0.0, 0.994816] [2992.35, 17.9, 2505.3]]
		unit_class:t = "det_factory_small_building_snow_a"
		objLayer:i = 2
		props {
			army:i = 2
			active:b = true
		}
	}
	objectGroups {
		name:t = "objectGroups_24"
		tm:m = [[-0.0876765, 0.0, 0.996149] [0.0, 1.0, 0.0] [-0.996149, 0.0, -0.0876765] [3492.41, 15.35, 2298.33]]
		unit_class:t = "det_factory_small_building_snow_a"
		objLayer:i = 2
		props {
			army:i = 2
			active:b = true
		}
	}
	objectGroups {
		name:t = "objectGroups_25"
		tm:m = [[-0.483958, 0.0, -0.875091] [0.0, 1.0, 0.0] [0.875091, 0.0, -0.483958] [3492.55, 15.35, 2330.34]]
		unit_class:t = "det_pipes_set_snow_a"
		objLayer:i = 2
		props {
			army:i = 2
			active:b = true
		}
	}
	objectGroups {
		name:t = "objectGroups_26"
		tm:m = [[-0.0652149, 0.0, 0.997871] [0.0, 1.0, 0.0] [-0.997871, 0.0, -0.0652149] [2420.4, 16.4785, 1230.8]]
		unit_class:t = "det_pipes_set_snow_a"
		objLayer:i = 2
		props {
			army:i = 2
			active:b = true
		}
	}
	objectGroups {
		name:t = "objectGroups_27"
		tm:m = [[-0.627421, 0.0, 0.778679] [0.0, 1.0, 0.0] [-0.778679, 0.0, -0.627421] [2424.1, 16.0231, 1247.2]]
		unit_class:t = "det_pipes_set_snow_a"
		objLayer:i = 2
		props {
			army:i = 2
			active:b = true
		}
	}
	objectGroups {
		name:t = "objectGroups_28"
		tm:m = [[0.00745651, 0.0, -0.999972] [0.0, 1.0, 0.0] [0.999972, 0.0, 0.00745651] [2403.3, 16.611, 1234.55]]
		unit_class:t = "det_pipes_set_snow_a"
		objLayer:i = 2
		props {
			army:i = 2
			active:b = true
		}
	}
	objectGroups {
		name:t = "objectGroups_29"
		tm:m = [[0.243454, 0.0, 0.969912] [0.0, 1.0, 0.0] [-0.969912, 0.0, 0.243454] [2354.8, 17.9, 1417.85]]
		unit_class:t = "det_factory_small_building_snow_a"
		objLayer:i = 2
		props {
			army:i = 2
			active:b = true
		}
	}
	objectGroups {
		name:t = "objectGroups_30"
		tm:m = [[-0.059472, 0.0, 0.998229] [0.0, 1.0, 0.0] [-0.998229, 0.0, -0.059472] [2503.35, 17.9, 1676.95]]
		unit_class:t = "det_factory_small_building_snow_a"
		objLayer:i = 2
		props {
			army:i = 2
			active:b = true
		}
	}
	objectGroups {
		name:t = "objectGroups_31"
		tm:m = [[-0.059472, 0.0, 0.998229] [0.0, 1.0, 0.0] [-0.998229, 0.0, -0.059472] [2517.2, 17.9, 1609.15]]
		unit_class:t = "det_pipes_set_snow_a"
		objLayer:i = 2
		props {
			army:i = 2
			active:b = true
		}
	}
	objectGroups {
		name:t = "objectGroups_32"
		tm:m = [[-0.945003, 0.0, 0.327061] [0.0, 1.0, 0.0] [-0.327061, 0.0, -0.945003] [2554.4, 17.9, 1744.45]]
		unit_class:t = "det_pipes_set_snow_a"
		objLayer:i = 2
		props {
			army:i = 2
			active:b = true
		}
	}
	objectGroups {
		name:t = "objectGroups_33"
		tm:m = [[0.934145, 0.0, 0.356893] [0.0, 1.0, 0.0] [-0.356893, 0.0, 0.934145] [2568.8, 17.9, 1758.05]]
		unit_class:t = "det_pipes_set_snow_a"
		objLayer:i = 2
		props {
			army:i = 2
			active:b = true
		}
	}
	objectGroups {
		name:t = "objectGroups_34"
		tm:m = [[-0.059472, 0.0, 0.998229] [0.0, 1.0, 0.0] [-0.998229, 0.0, -0.059472] [2545.3, 17.9, 1486.65]]
		unit_class:t = "det_pipes_set_snow_a"
		objLayer:i = 2
		props {
			army:i = 2
			active:b = true
		}
	}
	objectGroups {
		name:t = "objectGroups_35"
		tm:m = [[-0.997452, 0.0, 0.071332] [0.0, 1.0, 0.0] [-0.071332, 0.0, -0.997452] [2428.3, 17.9, 1432.55]]
		unit_class:t = "det_factory_small_building_snow_a"
		objLayer:i = 2
		props {
			army:i = 2
			active:b = true
		}
	}
	objectGroups {
		name:t = "objectGroups_36"
		tm:m = [[0.560501, 0.0, 0.828153] [0.0, 1.0, 0.0] [-0.828153, 0.0, 0.560501] [2465.9, 17.9, 1461.15]]
		unit_class:t = "det_pipes_set_snow_a"
		objLayer:i = 2
		props {
			army:i = 2
			active:b = true
		}
	}
	objectGroups {
		name:t = "objectGroups_37"
		tm:m = [[0.630547, 0.0, 0.776151] [0.0, 1.0, 0.0] [-0.776151, 0.0, 0.630547] [2951.7, 17.9, 1389.95]]
		unit_class:t = "det_pipes_set_snow_a"
		objLayer:i = 2
		props {
			army:i = 2
			active:b = true
		}
	}
	objectGroups {
		name:t = "objectGroups_38"
		tm:m = [[-0.879569, 0.0, -0.47577] [0.0, 1.0, 0.0] [0.47577, 0.0, -0.879569] [2884.3, 17.9, 1331.45]]
		unit_class:t = "det_pipes_set_snow_a"
		objLayer:i = 2
		props {
			army:i = 2
			active:b = true
		}
	}
	objectGroups {
		name:t = "objectGroups_39"
		tm:m = [[-0.315806, 0.0, 0.948823] [0.0, 1.0, 0.0] [-0.948823, 0.0, -0.315806] [2892.8, 17.9, 1465.25]]
		unit_class:t = "det_pipes_set_snow_a"
		objLayer:i = 2
		props {
			army:i = 2
			active:b = true
		}
	}
	objectGroups {
		name:t = "objectGroups_40"
		tm:m = [[0.557294, 0.0, 0.830315] [0.0, 1.0, 0.0] [-0.830315, 0.0, 0.557294] [2966.4, 17.9, 1492.55]]
		unit_class:t = "det_pipes_set_snow_a"
		objLayer:i = 2
		props {
			army:i = 2
			active:b = true
		}
	}
	objectGroups {
		name:t = "objectGroups_41"
		tm:m = [[0.482015, 0.0, 0.876162] [0.0, 1.0, 0.0] [-0.876162, 0.0, 0.482015] [2880.9, 17.9, 1554.75]]
		unit_class:t = "det_factory_small_building_snow_a"
		objLayer:i = 2
		props {
			army:i = 2
			active:b = true
		}
	}
	objectGroups {
		name:t = "objectGroups_42"
		tm:m = [[-0.963092, 0.0, 0.269168] [0.0, 1.0, 0.0] [-0.269168, 0.0, -0.963092] [2837.85, 17.9, 1578.6]]
		unit_class:t = "det_pipes_set_snow_a"
		objLayer:i = 2
		props {
			army:i = 2
			active:b = true
		}
	}
	objectGroups {
		name:t = "objectGroups_43"
		tm:m = [[-0.616681, 0.0, 0.787212] [0.0, 1.0, 0.0] [-0.787212, 0.0, -0.616681] [2810.85, 17.9, 1667.2]]
		unit_class:t = "det_pipes_set_snow_a"
		objLayer:i = 2
		props {
			army:i = 2
			active:b = true
		}
	}
	objectGroups {
		name:t = "objectGroups_44"
		tm:m = [[0.671494, 0.0, 0.741009] [0.0, 1.0, 0.0] [-0.741009, 0.0, 0.671494] [2596.75, 17.9, 1538.45]]
		unit_class:t = "det_pipes_set_snow_a"
		objLayer:i = 2
		props {
			army:i = 2
			active:b = true
		}
	}
	objectGroups {
		name:t = "objectGroups_45"
		tm:m = [[-0.616681, 0.0, 0.787212] [0.0, 1.0, 0.0] [-0.787212, 0.0, -0.616681] [2631.55, 17.9, 1893.85]]
		unit_class:t = "det_pipes_set_snow_a"
		objLayer:i = 2
		props {
			army:i = 2
			active:b = true
		}
	}
	objectGroups {
		name:t = "objectGroups_46"
		tm:m = [[0.511019, 0.0, 0.859568] [0.0, 1.0, 0.0] [-0.859568, 0.0, 0.511019] [2533.75, 17.9, 1880.05]]
		unit_class:t = "det_pipes_set_snow_a"
		objLayer:i = 2
		props {
			army:i = 2
			active:b = true
		}
	}
	objectGroups {
		name:t = "objectGroups_47"
		tm:m = [[0.997239, 0.0, 0.0742426] [0.0, 1.0, 0.0] [-0.0742426, 0.0, 0.997239] [2649.15, 17.9, 1970.6]]
		unit_class:t = "det_factory_small_building_snow_a"
		objLayer:i = 2
		props {
			army:i = 2
			active:b = true
		}
	}
	objectGroups {
		name:t = "objectGroups_48"
		tm:m = [[-0.0971349, 0.0, 0.99527] [0.0, 1.0, 0.0] [-0.99527, 0.0, -0.0971349] [2590.1, 17.9, 1892.2]]
		unit_class:t = "det_pipes_set_snow_a"
		objLayer:i = 2
		props {
			army:i = 2
			active:b = true
		}
	}
	objectGroups {
		name:t = "objectGroups_49"
		tm:m = [[-0.52882, 0.0, -0.848733] [0.0, 1.0, 0.0] [0.848733, 0.0, -0.52882] [2538.75, 17.9, 1778.51]]
		unit_class:t = "det_pipes_set_snow_a"
		objLayer:i = 2
		props {
			army:i = 2
			active:b = true
		}
	}
	objectGroups {
		name:t = "objectGroups_50"
		tm:m = [[-0.914473, 0.0, 0.404644] [0.0, 1.0, 0.0] [-0.404644, 0.0, -0.914473] [3253.48, 17.9, 1672.55]]
		unit_class:t = "det_pipes_set_snow_a"
		objLayer:i = 2
		props {
			army:i = 2
			active:b = true
		}
	}
	objectGroups {
		name:t = "objectGroups_51"
		tm:m = [[-0.914473, 0.0, 0.404644] [0.0, 1.0, 0.0] [-0.404644, 0.0, -0.914473] [3301.11, 17.9, 1704.64]]
		unit_class:t = "det_pipes_set_snow_a"
		objLayer:i = 2
		props {
			army:i = 2
			active:b = true
		}
	}
	objectGroups {
		name:t = "objectGroups_52"
		tm:m = [[0.624304, 0.0, -0.781181] [0.0, 1.0, 0.0] [0.781181, 0.0, 0.624304] [3300.01, 17.9, 1691.53]]
		unit_class:t = "det_pipes_set_snow_a"
		objLayer:i = 2
		props {
			army:i = 2
			active:b = true
		}
	}
	objectGroups {
		name:t = "objectGroups_53"
		tm:m = [[0.781181, 0.0, 0.624304] [0.0, 1.0, 0.0] [-0.624304, 0.0, 0.781181] [3295.62, 17.9, 1737.44]]
		unit_class:t = "det_pipes_set_snow_a"
		objLayer:i = 2
		props {
			army:i = 2
			active:b = true
		}
	}
	objectGroups {
		name:t = "objectGroups_54"
		tm:m = [[-0.592981, 0.0, -0.805215] [0.0, 1.0, 0.0] [0.805215, 0.0, -0.592981] [3292.09, 17.9, 1761.23]]
		unit_class:t = "det_pipes_set_snow_a"
		objLayer:i = 2
		props {
			army:i = 2
			active:b = true
		}
	}
	objectGroups {
		name:t = "objectGroups_55"
		tm:m = [[-0.023889, 0.0, -0.999714] [0.0, 1.0, 0.0] [0.999714, 0.0, -0.023889] [3272.11, 17.9, 1851.08]]
		unit_class:t = "det_factory_small_building_snow_a"
		objLayer:i = 2
		props {
			army:i = 2
			active:b = true
		}
	}
	objectGroups {
		name:t = "objectGroups_56"
		tm:m = [[-0.999804, 0.0, -0.0197406] [0.0, 1.0, 0.0] [0.0197406, 0.0, -0.999804] [3337.83, 17.9, 1570.99]]
		unit_class:t = "det_pipes_set_snow_a"
		objLayer:i = 2
		props {
			army:i = 2
			active:b = true
		}
	}
	objectGroups {
		name:t = "objectGroups_57"
		tm:m = [[-0.482806, 0.0, -0.875726] [0.0, 1.0, 0.0] [0.875726, 0.0, -0.482806] [3332.67, 17.9, 1554.03]]
		unit_class:t = "det_pipes_set_snow_a"
		objLayer:i = 2
		props {
			army:i = 2
			active:b = true
		}
	}
	objectGroups {
		name:t = "objectGroups_58"
		tm:m = [[0.960628, 0.0, 0.277836] [0.0, 1.0, 0.0] [-0.277836, 0.0, 0.960628] [3217.03, 17.9, 1847.5]]
		unit_class:t = "det_pipes_set_snow_a"
		objLayer:i = 2
		props {
			army:i = 2
			active:b = true
		}
	}
	objectGroups {
		name:t = "objectGroups_59"
		tm:m = [[-0.980378, 0.0, 0.197125] [0.0, 1.0, 0.0] [-0.197125, 0.0, -0.980378] [3169.4, 17.9, 1826.95]]
		unit_class:t = "det_pipes_set_snow_a"
		objLayer:i = 2
		props {
			army:i = 2
			active:b = true
		}
	}
	objectGroups {
		name:t = "objectGroups_60"
		tm:m = [[0.212612, 0.0, -0.977136] [0.0, 1.0, 0.0] [0.977136, 0.0, 0.212612] [3080.85, 17.9, 1767.1]]
		unit_class:t = "det_factory_small_building_snow_c"
		objLayer:i = 2
		props {
			army:i = 2
			active:b = true
		}
	}
	objectGroups {
		name:t = "objectGroups_61"
		tm:m = [[-0.908394, 0.0, -0.418114] [0.0, 1.0, 0.0] [0.418114, 0.0, -0.908394] [3038.8, 16.8, 1836.7]]
		unit_class:t = "det_factory_small_building_snow_b"
		objLayer:i = 2
		props {
			army:i = 2
			active:b = true
		}
	}
	objectGroups {
		name:t = "objectGroups_62"
		tm:m = [[0.759871, 0.0, -0.650072] [0.0, 1.0, 0.0] [0.650072, 0.0, 0.759871] [2970.9, 17.9, 1828.4]]
		unit_class:t = "det_pipes_set_snow_a"
		objLayer:i = 2
		props {
			army:i = 2
			active:b = true
		}
	}
	objectGroups {
		name:t = "objectGroups_63"
		tm:m = [[0.18142, 0.0, -0.983405] [0.0, 1.0, 0.0] [0.983405, 0.0, 0.18142] [3167.6, 16.8, 1886.8]]
		unit_class:t = "det_factory_small_building_snow_b"
		objLayer:i = 2
		props {
			army:i = 2
			active:b = true
		}
	}
	objectGroups {
		name:t = "objectGroups_64"
		tm:m = [[-0.113779, 0.0, -0.993505] [0.0, 1.0, 0.0] [0.993505, 0.0, -0.113779] [2915.2, 17.9, 1709.45]]
		unit_class:t = "det_pipes_set_snow_a"
		objLayer:i = 2
		props {
			army:i = 2
			active:b = true
		}
	}
	objectGroups {
		name:t = "objectGroups_65"
		tm:m = [[0.645834, 0.0, 0.763476] [0.0, 1.0, 0.0] [-0.763476, 0.0, 0.645834] [3046.6, 17.9, 1936.45]]
		unit_class:t = "det_pipes_set_snow_a"
		objLayer:i = 2
		props {
			army:i = 2
			active:b = true
		}
	}
	objectGroups {
		name:t = "objectGroups_66"
		tm:m = [[-0.473649, 0.0, -0.880712] [0.0, 1.0, 0.0] [0.880712, 0.0, -0.473649] [3097.25, 17.9, 2027.0]]
		unit_class:t = "det_pipes_set_snow_a"
		objLayer:i = 2
		props {
			army:i = 2
			active:b = true
		}
	}
	objectGroups {
		name:t = "objectGroups_67"
		tm:m = [[0.877551, 0.0, 0.47948] [0.0, 1.0, 0.0] [-0.47948, 0.0, 0.877551] [3116.8, 17.9, 1950.55]]
		unit_class:t = "det_pipes_set_snow_a"
		objLayer:i = 2
		props {
			army:i = 2
			active:b = true
		}
	}
	objectGroups {
		name:t = "objectGroups_68"
		tm:m = [[-0.473649, 0.0, -0.880712] [0.0, 1.0, 0.0] [0.880712, 0.0, -0.473649] [3235.7, 17.9, 1935.35]]
		unit_class:t = "det_pipes_set_snow_a"
		objLayer:i = 2
		props {
			army:i = 2
			active:b = true
		}
	}
	objectGroups {
		name:t = "objectGroups_69"
		tm:m = [[0.476679, 0.0, 0.879076] [0.0, 1.0, 0.0] [-0.879076, 0.0, 0.476679] [3222.05, 17.9, 1943.5]]
		unit_class:t = "det_pipes_set_snow_a"
		objLayer:i = 2
		props {
			army:i = 2
			active:b = true
		}
	}
	objectGroups {
		name:t = "objectGroups_70"
		tm:m = [[-0.062835, 0.0, -0.998024] [0.0, 1.0, 0.0] [0.998024, 0.0, -0.062835] [3415.6, 16.8, 1632.9]]
		unit_class:t = "det_factory_small_building_snow_c"
		objLayer:i = 2
		props {
			army:i = 2
			active:b = true
		}
	}
	objectGroups {
		name:t = "objectGroups_71"
		tm:m = [[0.983769, 0.0, 0.179439] [0.0, 1.0, 0.0] [-0.179439, 0.0, 0.983769] [3465.15, 16.8, 1977.7]]
		unit_class:t = "det_factory_small_building_snow_b"
		objLayer:i = 2
		props {
			army:i = 2
			active:b = true
		}
	}
	objectGroups {
		name:t = "objectGroups_72"
		tm:m = [[0.211873, 0.0, -0.977296] [0.0, 1.0, 0.0] [0.977296, 0.0, 0.211873] [2688.86, 17.9, 2053.47]]
		unit_class:t = "det_factory_small_building_snow_c"
		objLayer:i = 2
		props {
			army:i = 2
			active:b = true
		}
	}
	objectGroups {
		name:t = "objectGroups_73"
		tm:m = [[-0.201785, 0.0, 0.979429] [0.0, 1.0, 0.0] [-0.979429, 0.0, -0.201785] [2713.45, 17.9, 2113.83]]
		unit_class:t = "det_factory_small_building_snow_b"
		objLayer:i = 2
		props {
			army:i = 2
			active:b = true
		}
	}
	objectGroups {
		name:t = "objectGroups_74"
		tm:m = [[0.997239, 0.0, 0.0742426] [0.0, 1.0, 0.0] [-0.0742426, 0.0, 0.997239] [2941.17, 17.9, 2211.3]]
		unit_class:t = "det_pipes_set_snow_a"
		objLayer:i = 2
		props {
			army:i = 2
			active:b = true
		}
	}
	objectGroups {
		name:t = "objectGroups_75"
		tm:m = [[-0.966725, 0.0, -0.255813] [0.0, 1.0, 0.0] [0.255813, 0.0, -0.966725] [2939.42, 17.9, 2225.86]]
		unit_class:t = "det_pipes_set_snow_a"
		objLayer:i = 2
		props {
			army:i = 2
			active:b = true
		}
	}
	objectGroups {
		name:t = "objectGroups_76"
		tm:m = [[0.803731, 0.0, -0.594991] [0.0, 1.0, 0.0] [0.594991, 0.0, 0.803731] [2982.8, 17.9, 1970.95]]
		unit_class:t = "det_pipes_set_snow_a"
		objLayer:i = 2
		props {
			army:i = 2
			active:b = true
		}
	}
	objectGroups {
		name:t = "objectGroups_77"
		tm:m = [[0.78792, 0.0, 0.615775] [0.0, 1.0, 0.0] [-0.615775, 0.0, 0.78792] [2960.2, 17.9, 1993.15]]
		unit_class:t = "det_pipes_set_snow_a"
		objLayer:i = 2
		props {
			army:i = 2
			active:b = true
		}
	}
	objectGroups {
		name:t = "objectGroups_78"
		tm:m = [[-0.75968, 0.0, 0.650295] [0.0, 1.0, 0.0] [-0.650295, 0.0, -0.75968] [2808.87, 17.9, 2152.51]]
		unit_class:t = "det_pipes_set_snow_a"
		objLayer:i = 2
		props {
			army:i = 2
			active:b = true
		}
	}
	objectGroups {
		name:t = "objectGroups_79"
		tm:m = [[0.969198, 0.0, -0.24628] [0.0, 1.0, 0.0] [0.24628, 0.0, 0.969198] [3121.75, 17.9, 2000.74]]
		unit_class:t = "det_pipes_set_snow_a"
		objLayer:i = 2
		props {
			army:i = 2
			active:b = true
		}
	}
	objectGroups {
		name:t = "objectGroups_80"
		tm:m = [[0.92222, 0.0, -0.386662] [0.0, 1.0, 0.0] [0.386662, 0.0, 0.92222] [2960.35, 17.9, 2009.5]]
		unit_class:t = "det_pipes_set_snow_a"
		objLayer:i = 2
		props {
			army:i = 2
			active:b = true
		}
	}
	objectGroups {
		name:t = "objectGroups_81"
		tm:m = [[0.763266, 0.0, -0.646083] [0.0, 1.0, 0.0] [0.646083, 0.0, 0.763266] [2972.35, 17.9, 2023.65]]
		unit_class:t = "det_pipes_set_snow_a"
		objLayer:i = 2
		props {
			army:i = 2
			active:b = true
		}
	}
	objectGroups {
		name:t = "objectGroups_82"
		tm:m = [[0.763266, 0.0, -0.646083] [0.0, 1.0, 0.0] [0.646083, 0.0, 0.763266] [2992.96, 17.9, 2028.62]]
		unit_class:t = "det_pipes_set_snow_a"
		objLayer:i = 2
		props {
			army:i = 2
			active:b = true
		}
	}
	objectGroups {
		name:t = "objectGroups_83"
		tm:m = [[0.763266, 0.0, -0.646083] [0.0, 1.0, 0.0] [0.646083, 0.0, 0.763266] [2984.5, 17.9, 2038.5]]
		unit_class:t = "det_pipes_set_snow_a"
		objLayer:i = 2
		props {
			army:i = 2
			active:b = true
		}
	}
	objectGroups {
		name:t = "objectGroups_84"
		tm:m = [[-0.816671, 0.0, 0.577102] [0.0, 1.0, 0.0] [-0.577102, 0.0, -0.816671] [2998.7, 17.9, 2054.85]]
		unit_class:t = "det_pipes_set_snow_a"
		objLayer:i = 2
		props {
			army:i = 2
			active:b = true
		}
	}
	objectGroups {
		name:t = "objectGroups_85"
		tm:m = [[0.882422, 0.0, -0.470456] [0.0, 1.0, 0.0] [0.470456, 0.0, 0.882422] [2830.05, 17.9, 2150.4]]
		unit_class:t = "det_pipes_set_snow_a"
		objLayer:i = 2
		props {
			army:i = 2
			active:b = true
		}
	}
	objectGroups {
		name:t = "objectGroups_86"
		tm:m = [[0.203275, 0.0, -0.97912] [0.0, 1.0, 0.0] [0.97912, 0.0, 0.203275] [3444.1, 17.9, 2175.1]]
		unit_class:t = "det_factory_small_building_snow_c"
		objLayer:i = 2
		props {
			army:i = 2
			active:b = true
		}
	}
	objectGroups {
		name:t = "objectGroups_87"
		tm:m = [[0.857447, 0.0, -0.51457] [0.0, 1.0, 0.0] [0.51457, 0.0, 0.857447] [3350.1, 17.9, 2035.1]]
		unit_class:t = "det_pipes_set_snow_a"
		objLayer:i = 2
		props {
			army:i = 2
			active:b = true
		}
	}
	objectGroups {
		name:t = "objectGroups_88"
		tm:m = [[-0.969322, 0.0, -0.24579] [0.0, 1.0, 0.0] [0.24579, 0.0, -0.969322] [3342.8, 17.9, 2220.0]]
		unit_class:t = "det_factory_small_building_snow_c"
		objLayer:i = 2
		props {
			army:i = 2
			active:b = true
		}
	}
	objectGroups {
		name:t = "objectGroups_89"
		tm:m = [[0.971748, 0.0, 0.236015] [0.0, 1.0, 0.0] [-0.236015, 0.0, 0.971748] [3423.95, 17.9, 2238.85]]
		unit_class:t = "det_pipes_set_snow_a"
		objLayer:i = 2
		props {
			army:i = 2
			active:b = true
		}
	}
	objectGroups {
		name:t = "objectGroups_90"
		tm:m = [[0.99983, 0.0, 0.0184258] [0.0, 1.0, 0.0] [-0.0184258, 0.0, 0.99983] [3469.65, 15.35, 2443.05]]
		unit_class:t = "det_factory_small_building_snow_a"
		objLayer:i = 2
		props {
			army:i = 2
			active:b = true
		}
	}
	objectGroups {
		name:t = "objectGroups_91"
		tm:m = [[0.999722, 0.0, -0.0235335] [0.0, 1.0, 0.0] [0.0235335, 0.0, 0.999722] [3431.95, 17.9, 2318.4]]
		unit_class:t = "det_factory_small_building_snow_a"
		objLayer:i = 2
		props {
			army:i = 2
			active:b = true
		}
	}
	objectGroups {
		name:t = "objectGroups_92"
		tm:m = [[0.592694, 0.0, 0.805426] [0.0, 1.0, 0.0] [-0.805426, 0.0, 0.592694] [3365.0, 17.9, 2298.6]]
		unit_class:t = "det_pipes_set_snow_a"
		objLayer:i = 2
		props {
			army:i = 2
			active:b = true
		}
	}
	objectGroups {
		name:t = "objectGroups_93"
		tm:m = [[0.830512, 0.0, -0.556998] [0.0, 1.0, 0.0] [0.556998, 0.0, 0.830512] [3483.9, 17.9, 2361.55]]
		unit_class:t = "det_pipes_set_snow_a"
		objLayer:i = 2
		props {
			army:i = 2
			active:b = true
		}
	}
	objectGroups {
		name:t = "objectGroups_94"
		tm:m = [[-0.611225, 0.0, -0.791455] [0.0, 1.0, 0.0] [0.791455, 0.0, -0.611225] [2859.86, 17.9, 2336.2]]
		unit_class:t = "det_pipes_set_snow_a"
		objLayer:i = 2
		props {
			army:i = 2
			active:b = true
		}
	}
	objectGroups {
		name:t = "objectGroups_95"
		tm:m = [[0.677879, 0.0, 0.735171] [0.0, 1.0, 0.0] [-0.735171, 0.0, 0.677879] [2855.52, 17.9, 2297.32]]
		unit_class:t = "det_pipes_set_snow_a"
		objLayer:i = 2
		props {
			army:i = 2
			active:b = true
		}
	}
	squad {
		name:t = "object_groups_sqad"
		tm:m = [[1.0, 0.0, 0.0] [0.0, 1.0, 0.0] [0.0, 0.0, 1.0] [3500.45, 6.1, 3017.55]]
		props {
			object_marking:i = 0
			squad_members:t = "objectGroups_01"
			squad_members:t = "objectGroups_02"
			squad_members:t = "objectGroups_03"
			squad_members:t = "objectGroups_04"
			squad_members:t = "objectGroups_05"
			squad_members:t = "objectGroups_06"
			squad_members:t = "objectGroups_07"
			squad_members:t = "objectGroups_08"
			squad_members:t = "objectGroups_09"
			squad_members:t = "objectGroups_10"
			squad_members:t = "objectGroups_11"
			squad_members:t = "objectGroups_12"
			squad_members:t = "objectGroups_13"
			squad_members:t = "objectGroups_14"
			squad_members:t = "objectGroups_15"
			squad_members:t = "objectGroups_16"
			squad_members:t = "objectGroups_17"
			squad_members:t = "objectGroups_18"
			squad_members:t = "objectGroups_19"
			squad_members:t = "objectGroups_20"
			squad_members:t = "objectGroups_21"
			squad_members:t = "objectGroups_22"
			squad_members:t = "objectGroups_23"
			squad_members:t = "objectGroups_24"
			squad_members:t = "objectGroups_25"
			squad_members:t = "objectGroups_26"
			squad_members:t = "objectGroups_27"
			squad_members:t = "objectGroups_28"
			squad_members:t = "objectGroups_29"
			squad_members:t = "objectGroups_30"
			squad_members:t = "objectGroups_31"
			squad_members:t = "objectGroups_32"
			squad_members:t = "objectGroups_33"
			squad_members:t = "objectGroups_34"
			squad_members:t = "objectGroups_35"
			squad_members:t = "objectGroups_36"
			squad_members:t = "objectGroups_37"
			squad_members:t = "objectGroups_38"
			squad_members:t = "objectGroups_39"
			squad_members:t = "objectGroups_40"
			squad_members:t = "objectGroups_41"
			squad_members:t = "objectGroups_42"
			squad_members:t = "objectGroups_43"
			squad_members:t = "objectGroups_44"
			squad_members:t = "objectGroups_45"
			squad_members:t = "objectGroups_46"
			squad_members:t = "objectGroups_47"
			squad_members:t = "objectGroups_48"
			squad_members:t = "objectGroups_49"
			squad_members:t = "objectGroups_50"
			squad_members:t = "objectGroups_51"
			squad_members:t = "objectGroups_52"
			squad_members:t = "objectGroups_53"
			squad_members:t = "objectGroups_54"
			squad_members:t = "objectGroups_55"
			squad_members:t = "objectGroups_56"
			squad_members:t = "objectGroups_57"
			squad_members:t = "objectGroups_58"
			squad_members:t = "objectGroups_59"
			squad_members:t = "objectGroups_60"
			squad_members:t = "objectGroups_61"
			squad_members:t = "objectGroups_62"
			squad_members:t = "objectGroups_63"
			squad_members:t = "objectGroups_64"
			squad_members:t = "objectGroups_65"
			squad_members:t = "objectGroups_66"
			squad_members:t = "objectGroups_67"
			squad_members:t = "objectGroups_68"
			squad_members:t = "objectGroups_69"
			squad_members:t = "objectGroups_70"
			squad_members:t = "objectGroups_71"
			squad_members:t = "objectGroups_72"
			squad_members:t = "objectGroups_73"
			squad_members:t = "objectGroups_74"
			squad_members:t = "objectGroups_75"
			squad_members:t = "objectGroups_76"
			squad_members:t = "objectGroups_77"
			squad_members:t = "objectGroups_78"
			squad_members:t = "objectGroups_79"
			squad_members:t = "objectGroups_80"
			squad_members:t = "objectGroups_81"
			squad_members:t = "objectGroups_82"
			squad_members:t = "objectGroups_83"
			squad_members:t = "objectGroups_84"
			squad_members:t = "objectGroups_85"
			squad_members:t = "objectGroups_86"
			squad_members:t = "objectGroups_87"
			squad_members:t = "objectGroups_88"
			squad_members:t = "objectGroups_89"
			squad_members:t = "objectGroups_90"
			squad_members:t = "objectGroups_91"
			squad_members:t = "objectGroups_92"
			squad_members:t = "objectGroups_93"
			squad_members:t = "objectGroups_94"
			squad_members:t = "objectGroups_95"
			squad_members:t = "objectGroups_96"
			squad_members:t = "objectGroups_97"
			squad_members:t = "objectGroups_98"
			squad_members:t = "objectGroups_99"
			squad_members:t = "objectGroups_100"
			squad_members:t = "objectGroups_101"
			squad_members:t = "objectGroups_102"
			squad_members:t = "objectGroups_103"
			squad_members:t = "objectGroups_104"
			squad_members:t = "objectGroups_105"
			squad_members:t = "objectGroups_106"
			squad_members:t = "objectGroups_107"
		}
	}
	area_squad {
		name:t = "pickups_area_sq"
		tm:m = [[1.0, 0.0, 0.0] [0.0, 1.0, 0.0] [0.0, 0.0, 1.0] [3319.78, -3.6568, 3105.41]]
		props {
			squad_members:t = "pickup_area01"
			squad_members:t = "pickup_area02"
			squad_members:t = "pickup_area03"
			squad_members:t = "pickup_area04"
			squad_members:t = "pickup_area05"
			squad_members:t = "pickup_area06"
			squad_members:t = "pickup_area07"
			squad_members:t = "pickup_area08"
			squad_members:t = "pickup_area09"
			squad_members:t = "pickup_area10"
			squad_members:t = "pickup_area11"
			squad_members:t = "pickup_area12"
			squad_members:t = "pickup_area13"
			squad_members:t = "pickup_area14"
			squad_members:t = "pickup_area15"
			squad_members:t = "pickup_area16"
			squad_members:t = "pickup_area17"
			squad_members:t = "pickup_area18"
			squad_members:t = "pickup_area19"
			squad_members:t = "pickup_area20"
			squad_members:t = "pickup_area21"
			squad_members:t = "pickup_area22"
			squad_members:t = "pickup_area23"
			squad_members:t = "pickup_area24"
			squad_members:t = "pickup_area25"
			squad_members:t = "pickup_area26"
			squad_members:t = "pickup_area27"
			squad_members:t = "pickup_area28"
			squad_members:t = "pickup_area29"
			squad_members:t = "pickup_area30"
			squad_members:t = "pickup_area31"
			squad_members:t = "pickup_area32"
			squad_members:t = "pickup_area33"
			squad_members:t = "pickup_area34"
			squad_members:t = "pickup_area35"
			squad_members:t = "pickup_area36"
		}
	}
	objectGroups {
		name:t = "objectGroups_96"
		tm:m = [[0.866615, 0.0, -0.498977] [0.0, 1.0, 0.0] [0.498977, 0.0, 0.866615] [3536.2, 15.35, 2409.35]]
		unit_class:t = "det_pipes_set_snow_a"
		objLayer:i = 2
		props {
			army:i = 2
			active:b = true
		}
	}
	objectGroups {
		name:t = "objectGroups_97"
		tm:m = [[0.981884, 0.0, -0.189481] [0.0, 1.0, 0.0] [0.189481, 0.0, 0.981884] [3516.05, 15.35, 2443.65]]
		unit_class:t = "det_pipes_set_snow_a"
		objLayer:i = 2
		props {
			army:i = 2
			active:b = true
		}
	}
	objectGroups {
		name:t = "objectGroups_98"
		tm:m = [[0.768416, 0.0, -0.63995] [0.0, 1.0, 0.0] [0.63995, 0.0, 0.768416] [3508.5, 15.35, 2394.1]]
		unit_class:t = "det_pipes_set_snow_a"
		objLayer:i = 2
		props {
			army:i = 2
			active:b = true
		}
	}
	tankModels {
		name:t = "player01"
		tm:m = [[1.0, 0.0, 0.0] [0.0, 1.0, 0.0] [0.0, 0.0, 1.0] [3962.45, 15.3, 2579.45]]
		unit_class:t = "aaa_dummy"
		objLayer:i = 1
		closed_waypoints:b = false
		isShipSpline:b = false
		shipTurnRadius:r = 100
		weapons:t = ""
		bullets0:t = ""
		bullets1:t = ""
		bullets2:t = ""
		bullets3:t = ""
		bulletsCount0:i = 0
		bulletsCount1:i = 0
		bulletsCount2:i = 0
		bulletsCount3:i = 0
		props {
			army:i = 2
			count:i = 1
			formation_type:t = "rows"
			formation_div:i = 3
			formation_step:p2 = 2.5, 2
			formation_noise:p2 = 0.1, 0.1
			uniqueName:t = ""
			attack_type:t = "fire_at_will"
		}
		way {

		}
	}
	objectGroups {
		name:t = "objectGroups_99"
		tm:m = [[0.349326, 0.0, 0.937001] [0.0, 1.0, 0.0] [-0.937001, 0.0, 0.349326] [3745.7, 15.6, 2222.4]]
		unit_class:t = "det_pipes_set_snow_a"
		objLayer:i = 2
		props {
			army:i = 2
			active:b = true
		}
	}
	objectGroups {
		name:t = "objectGroups_100"
		tm:m = [[-0.999876, 0.0, -0.0157866] [0.0, 1.0, 0.0] [0.0157866, 0.0, -0.999876] [3698.7, 15.35, 2248.4]]
