selected_tag:t = ""
bin_dump_file:t = ""
mission_settings {
	player {
		army:i = 1
		wing:t = "player01"
		wing:t = "player02"
		wing:t = "player03"
		wing:t = "player04"
		wing:t = "player05"
		wing:t = "player06"
		wing:t = "player07"
		wing:t = "player08"
		wing:t = "player09"
		wing:t = "player10"
		wing:t = "player11"
		wing:t = "player12"
		wing:t = "player13"
		wing:t = "player14"
		wing:t = "player15"
		wing:t = "player16"
		wing:t = "player17"
		wing:t = "player18"
		wing:t = "player19"
		wing:t = "player20"
		wing:t = "player21"
		wing:t = "player22"
		wing:t = "player23"
		wing:t = "player24"
		wing:t = "player25"
		wing:t = "player26"
		wing:t = "player27"
		wing:t = "player28"
		wing:t = "player29"
		wing:t = "player30"
		wing:t = "player31"
		wing:t = "player32"
	}
	player_teamB {
		army:i = 2
		wing:t = "player33"
		wing:t = "player34"
		wing:t = "player35"
		wing:t = "player36"
		wing:t = "player37"
		wing:t = "player38"
		wing:t = "player39"
		wing:t = "player40"
		wing:t = "player41"
		wing:t = "player42"
		wing:t = "player43"
		wing:t = "player44"
		wing:t = "player45"
		wing:t = "player46"
		wing:t = "player47"
		wing:t = "player48"
		wing:t = "player49"
		wing:t = "player50"
		wing:t = "player51"
		wing:t = "player52"
		wing:t = "player53"
		wing:t = "player54"
		wing:t = "player55"
		wing:t = "player56"
		wing:t = "player57"
		wing:t = "player58"
		wing:t = "player59"
		wing:t = "player60"
		wing:t = "player61"
		wing:t = "player62"
		wing:t = "player63"
		wing:t = "player64"
		wing:t = "player65"
	}
	mission {
		type:t = "domination"
		level:t = "levels/avg_sweden.bin"
		environment:t = "Day"
		weather:t = "hazy"
		locName:t = "missions/BR;sweden/name"
		locDesc:t = "missions/BR/desc"
		gt_ffa:b = true
		gt_last_man_standing:b = true
		timeLimit:i = 60
		useTankBots:b = true
		battleAreaColorPreset:t = "battleRoyale"
		ignoreInvulnerableTimer:b = true
		useCustomSuperArtillery:b = true
		customSuperArtillery:t = "structures/streakArtillery_203mm_r150m"
		country_axis:t = "germany"
		country_allies:t = "ussr"
		restoreType:t = "attempts"
		optionalTakeOff:b = false
		allowedUnitTypes {
			isAirplanesAllowed:b = false
			isTanksAllowed:b = true
			isShipsAllowed:b = false
			isHelicoptersAllowed:b = false
		}
	}
	spectator_points {

	}
	briefing {
		place_loc:t = ""
		date_loc:t = ""
		objective_loc:t = ""
		music:t = "action_01"
		part {
			event:t = ""
			minTime:i = 0
			slide {
				map:b = true
				minTime:i = 4
				picture:t = ""
				showAirMap:b = false
				icon {
					icontype:t = "tank"
					side:t = "player"
					target:t = "briefing_spawn01"
				}
				icon {
					icontype:t = "tank"
					side:t = "enemy"
					target:t = "briefing_spawn02"
				}
				icon {
					icontype:t = "tank"
					side:t = "enemy"
					target:t = "briefing_spawn03"
				}
				icon {
					icontype:t = "tank"
					side:t = "enemy"
					target:t = "briefing_spawn04"
				}
				icon {
					icontype:t = "tank"
					side:t = "enemy"
					target:t = "briefing_spawn05"
				}
				icon {
					icontype:t = "tank"
					side:t = "enemy"
					target:t = "briefing_spawn06"
				}
				icon {
					icontype:t = "tank"
					side:t = "enemy"
					target:t = "briefing_spawn07"
				}
				icon {
					icontype:t = "tank"
					side:t = "enemy"
					target:t = "briefing_spawn08"
				}
				icon {
					icontype:t = "tank"
					side:t = "enemy"
					target:t = "briefing_spawn09"
				}
				battleArea {
					target:t = "tank_map_area"
				}
			}
		}
	}
}
imports {
	import_record {
		file:t = "gameData/missions/templates/battle_royale_template.blk"
		importAreas:b = true
		importUnits:b = true
		importTriggers:b = true
		importMissionObjectives:b = true
		importWayPoints:b = true
		showAreas:b = true
		showUnits:b = true
		showTriggers:b = true
		showMissionObjectives:b = true
		showWayPoints:b = true
		excludes {

		}
	}
}
triggers {
	isCategory:b = true
	is_enabled:b = true
	sweden_br_init {
		is_enabled:b = true
		comments:t = ""
		props {
			actionsType:t = "PERFORM_ONE_BY_ONE"
			conditionsType:t = "ALL"
			enableAfterComplete:b = false
		}
		events {
			initMission {

			}
		}
		conditions {

		}
		actions {
			varSetInt {
				value:i = 8
				var:t = "br_area_div"
				fromDescriptor:t = "br_area_div"
			}
			comment {
				value:t = "(br_area_div * 2 - 1 = 15) - number of total stages"
			}
			comment {
				value:t = "(15 stages - 3 = 12) - so warning will be when 3(1 row * 3 col) or 4(2 row * 2 col) sectors left"
			}
			comment {
				value:t = "and artillery will be disabled when 2(1 row * 2 col) sectors left"
			}
			comment {
				value:t = "artillery have radius 150m radius and sector side is 1600/8=200m"
			}
			varSetInt {
				value:i = 8
				var:t = "artillery_disable_stage"
				fromDescriptor:t = "artillery_disable_stage"
			}
			comment {
				value:t = "from 1 to br_area_div included"
			}
			comment {
				value:t = "from bottom left corner to up right corner"
			}
			comment {
				value:t = "(1,1) - bottom left"
			}
			comment {
				value:t = "(8,1) - bottom right"
			}
			comment {
				value:t = "(1,8) - up left"
			}
			comment {
				value:t = "(8,8) - up right"
			}
			varSetString {
				value:t = "(1,1);(2,1);(3,1);(6,1);(7,1);(8,1);(1,2);(7,2);(8,2);(8,4);(1,5);(8,5);(1,6);(8,6);(1,7);(8,7);(1,8);(3,8);(4,8);(5,8);(8,8);"
				var:t = "br_final_sector_exclude"
				fromDescriptor:t = "br_final_sector_exclude"
			}
			unitSetProperties {
				object_marking:i = 0
				object_var_name:t = ""
				object_var_comp_op:t = "equal"
				object_var_value:i = 0
				object:t = "object_groups_squad"
				stealthRadius:r = 0
			}
			varSetInt {
				value:i = 8
				var:t = "pickups_count"
			}
		}
		else_actions {

		}
	}
}
mission_objectives {
	isCategory:b = true
	is_enabled:b = true
}
variables {

}
dialogs {

}
airfields {

}
effects {

}
units {
	area_squad {
		name:t = "pickups_area_sq"
		tm:m = [[1.0, 0.0, 0.0] [0.0, 1.0, 0.0] [0.0, 0.0, 1.0] [244.03, 21.6313, 945.09]]
		props {
			squad_members:t = "pickupArea01"
			squad_members:t = "pickupArea02"
			squad_members:t = "pickupArea03"
			squad_members:t = "pickupArea04"
			squad_members:t = "pickupArea05"
			squad_members:t = "pickupArea06"
			squad_members:t = "pickupArea07"
			squad_members:t = "pickupArea08"
			squad_members:t = "pickupArea09"
			squad_members:t = "pickupArea10"
			squad_members:t = "pickupArea11"
			squad_members:t = "pickupArea12"
			squad_members:t = "pickupArea13"
			squad_members:t = "pickupArea14"
			squad_members:t = "pickupArea15"
			squad_members:t = "pickupArea16"
			squad_members:t = "pickupArea17"
			squad_members:t = "pickupArea18"
			squad_members:t = "pickupArea19"
			squad_members:t = "pickupArea20"
			squad_members:t = "pickupArea21"
			squad_members:t = "pickupArea22"
			squad_members:t = "pickupArea23"
			squad_members:t = "pickupArea24"
			squad_members:t = "pickupArea25"
			squad_members:t = "pickupArea26"
			squad_members:t = "pickupArea27"
			squad_members:t = "pickupArea28"
			squad_members:t = "pickupArea29"
			squad_members:t = "pickupArea30"
			squad_members:t = "pickupArea31"
			squad_members:t = "pickupArea32"
			squad_members:t = "pickupArea33"
			squad_members:t = "pickupArea34"
			squad_members:t = "pickupArea35"
			squad_members:t = "pickupArea36"
		}
	}
	tankModels {
		name:t = "player01"
		tm:m = [[1.0, 0.0, 0.0] [0.0, 1.0, 0.0] [0.0, 0.0, 1.0] [357.984, 4.15169, -159.935]]
		unit_class:t = "aaa_dummy"
		objLayer:i = 1
		closed_waypoints:b = false
		isShipSpline:b = false
		shipTurnRadius:r = 100
		weapons:t = ""
		bullets0:t = ""
		bullets1:t = ""
		bullets2:t = ""
		bullets3:t = ""
		bulletsCount0:i = 0
		bulletsCount1:i = 0
		bulletsCount2:i = 0
		bulletsCount3:i = 0
		props {
			army:i = 2
			count:i = 1
			formation_type:t = "rows"
			formation_div:i = 3
			formation_step:p2 = 2.5, 2
			formation_noise:p2 = 0.1, 0.1
			uniqueName:t = ""
			attack_type:t = "fire_at_will"
		}
		way {

		}
	}
	area_squad {
		name:t = "spawn_area_sq"
		tm:m = [[1.0, 0.0, 0.0] [0.0, 1.0, 0.0] [0.0, 0.0, 1.0] [-158.85, 0.0, -1134.74]]
		props {
			squad_members:t = "spawn01"
			squad_members:t = "spawn02"
			squad_members:t = "spawn03"
			squad_members:t = "spawn04"
			squad_members:t = "spawn05"
			squad_members:t = "spawn06"
			squad_members:t = "spawn07"
			squad_members:t = "spawn08"
			squad_members:t = "spawn09"
			squad_members:t = "spawn10"
			squad_members:t = "spawn11"
			squad_members:t = "spawn12"
			squad_members:t = "spawn13"
			squad_members:t = "spawn14"
			squad_members:t = "spawn15"
			squad_members:t = "spawn16"
			squad_members:t = "spawn17"
			squad_members:t = "spawn18"
			squad_members:t = "spawn19"
			squad_members:t = "spawn20"
			squad_members:t = "spawn21"
			squad_members:t = "spawn22"
			squad_members:t = "spawn23"
			squad_members:t = "spawn24"
			squad_members:t = "spawn25"
			squad_members:t = "spawn26"
			squad_members:t = "spawn27"
			squad_members:t = "spawn28"
			squad_members:t = "spawn29"
			squad_members:t = "spawn30"
			squad_members:t = "spawn31"
			squad_members:t = "spawn32"
		}
	}
	objectGroups {
		name:t = "objectGroups_01"
		tm:m = [[-0.998461, 0.0, 0.0554655] [0.0, 1.0, 0.0] [-0.0554655, 0.0, -0.998461] [440.901, 5.12225, -494.328]]
		unit_class:t = "det_road_block_with_bags_a"
		objLayer:i = 2
		props {
			army:i = 0
			active:b = true
		}
	}
	objectGroups {
		name:t = "objectGroups_02"
		tm:m = [[-0.974292, 0.0, 0.225288] [0.0, 1.0, 0.0] [-0.225288, 0.0, -0.974292] [435.148, 5.12225, -491.141]]
		unit_class:t = "det_road_block_with_bags_c"
		objLayer:i = 2
		props {
			army:i = 0
			active:b = true
		}
	}
	objectGroups {
		name:t = "objectGroups_03"
		tm:m = [[-0.998461, 0.0, 0.0554655] [0.0, 1.0, 0.0] [-0.0554655, 0.0, -0.998461] [424.885, 5.12225, -491.801]]
		unit_class:t = "det_road_block_with_bags_a"
		objLayer:i = 2
		props {
			army:i = 0
			active:b = true
		}
	}
	objectGroups {
		name:t = "objectGroups_07"
		tm:m = [[-0.236604, 0.0, -0.971606] [0.0, 1.0, 0.0] [0.971606, 0.0, -0.236604] [-345.217, 5.12225, -799.822]]
		unit_class:t = "det_road_block_with_bags_c"
		objLayer:i = 2
		props {
			army:i = 0
			active:b = true
		}
	}
	objectGroups {
		name:t = "objectGroups_08"
		tm:m = [[-0.224685, 0.0, -0.974431] [0.0, 1.0, 0.0] [0.974431, 0.0, -0.224685] [-343.819, 5.12225, -791.039]]
		unit_class:t = "det_road_block_with_bags_a"
		objLayer:i = 2
		props {
			army:i = 0
			active:b = true
		}
	}
	objectGroups {
		name:t = "objectGroups_06"
		tm:m = [[-0.208457, 0.0, -0.978031] [0.0, 1.0, 0.0] [0.978031, 0.0, -0.208457] [-347.842, 5.12225, -811.365]]
		unit_class:t = "det_road_block_with_bags_a"
		objLayer:i = 2
		props {
			army:i = 0
			active:b = true
		}
	}
	objectGroups {
		name:t = "objectGroups_12"
		tm:m = [[-0.130022, 0.0, -0.991511] [0.0, 1.0, 0.0] [0.991511, 0.0, -0.130022] [-570.8, 5.1, -731.35]]
		unit_class:t = "det_road_block_with_bags_a"
		objLayer:i = 2
		props {
			army:i = 0
			active:b = true
		}
	}
	objectGroups {
		name:t = "objectGroups_13"
		tm:m = [[-0.434092, 0.0, -0.900868] [0.0, 1.0, 0.0] [0.900868, 0.0, -0.434092] [-561.3, 5.1, -713.8]]
		unit_class:t = "det_road_block_with_bags_a"
		objLayer:i = 2
		props {
			army:i = 0
			active:b = true
		}
	}
	objectGroups {
		name:t = "objectGroups_11"
		tm:m = [[-0.445094, 0.0, -0.895484] [0.0, 1.0, 0.0] [0.895484, 0.0, -0.445094] [-567.2, 5.1, -719.9]]
		unit_class:t = "det_road_block_with_bags_c"
		objLayer:i = 2
		props {
			army:i = 0
			active:b = true
		}
	}
	objectGroups {
		name:t = "objectGroups_14"
		tm:m = [[-0.922778, 0.0, -0.385334] [0.0, 1.0, 0.0] [0.385334, 0.0, -0.922778] [-589.15, 5.1, -577.1]]
		unit_class:t = "det_road_block_with_bags_c"
		objLayer:i = 2
		props {
			army:i = 0
			active:b = true
		}
	}
	objectGroups {
		name:t = "objectGroups_15"
		tm:m = [[-0.773639, 0.0, -0.633626] [0.0, 1.0, 0.0] [0.633626, 0.0, -0.773639] [-582.85, 5.1, -575.6]]
		unit_class:t = "det_road_block_with_bags_a"
		objLayer:i = 2
		props {
			army:i = 0
			active:b = true
		}
	}
	objectGroups {
		name:t = "objectGroups_16"
		tm:m = [[0.949244, 0.0, 0.314542] [0.0, 1.0, 0.0] [-0.314542, 0.0, 0.949244] [-599.65, 5.1, -586.1]]
		unit_class:t = "det_road_block_with_bags_a"
		objLayer:i = 2
		props {
			army:i = 0
			active:b = true
		}
	}
	objectGroups {
		name:t = "objectGroups_20"
		tm:m = [[-0.9174, 0.0, -0.397966] [0.0, 1.0, 0.0] [0.397966, 0.0, -0.9174] [-765.85, 5.1, -632.95]]
		unit_class:t = "det_road_block_with_bags_c"
		objLayer:i = 2
		props {
			army:i = 0
			active:b = true
		}
	}
	objectGroups {
		name:t = "objectGroups_21"
		tm:m = [[0.867307, 0.0, 0.497774] [0.0, 1.0, 0.0] [-0.497774, 0.0, 0.867307] [-781.5, 5.1, -641.5]]
		unit_class:t = "det_road_block_with_bags_a"
		objLayer:i = 2
		props {
			army:i = 0
			active:b = true
		}
	}
	objectGroups {
		name:t = "objectGroups_19"
		tm:m = [[-0.993849, 0.0, -0.110747] [0.0, 1.0, 0.0] [0.110747, 0.0, -0.993849] [-756.35, 5.1, -632.7]]
		unit_class:t = "det_road_block_with_bags_a"
		objLayer:i = 2
		props {
			army:i = 0
			active:b = true
		}
	}
	objectGroups {
		name:t = "objectGroups_25"
		tm:m = [[-0.96277, 0.0, -0.270323] [0.0, 1.0, 0.0] [0.270323, 0.0, -0.96277] [-825.661, 5.12225, -419.338]]
		unit_class:t = "det_road_block_with_bags_c"
		objLayer:i = 2
		props {
			army:i = 0
			active:b = true
		}
	}
	objectGroups {
		name:t = "objectGroups_26"
		tm:m = [[0.911168, 0.0, 0.412035] [0.0, 1.0, 0.0] [-0.412035, 0.0, 0.911168] [-841.697, 5.12225, -422.819]]
		unit_class:t = "det_road_block_with_bags_a"
		objLayer:i = 2
		props {
			army:i = 0
			active:b = true
		}
	}
	objectGroups {
		name:t = "objectGroups_24"
		tm:m = [[-0.999893, 0.0, -0.0146303] [0.0, 1.0, 0.0] [0.0146303, 0.0, -0.999893] [-818.234, 5.12225, -415.339]]
		unit_class:t = "det_road_block_with_bags_a"
		objLayer:i = 2
		props {
			army:i = 0
			active:b = true
		}
	}
	objectGroups {
		name:t = "objectGroups_30"
		tm:m = [[-0.860067, 0.0, -0.510181] [0.0, 1.0, 0.0] [0.510181, 0.0, -0.860067] [-711.998, 5.1, -332.001]]
		unit_class:t = "det_road_block_with_bags_c"
		objLayer:i = 2
		props {
			army:i = 0
			active:b = true
		}
	}
	objectGroups {
		name:t = "objectGroups_31"
		tm:m = [[0.865064, 0.0, 0.501661] [0.0, 1.0, 0.0] [-0.501661, 0.0, 0.865064] [-726.773, 5.1, -341.744]]
		unit_class:t = "det_road_block_with_bags_a"
		objLayer:i = 2
		props {
			army:i = 0
			active:b = true
		}
	}
	objectGroups {
		name:t = "objectGroups_32"
		tm:m = [[-0.999939, 0.0, -0.0110175] [0.0, 1.0, 0.0] [0.0110175, 0.0, -0.999939] [-765.464, 5.1, -174.933]]
		unit_class:t = "det_road_block_with_bags_c"
		objLayer:i = 2
		props {
			army:i = 0
			active:b = true
		}
	}
	objectGroups {
		name:t = "objectGroups_33"
		tm:m = [[0.999756, 0.0, -0.0220876] [0.0, 1.0, 0.0] [0.0220876, 0.0, 0.999756] [-784.392, 5.1, -173.681]]
		unit_class:t = "det_road_block_with_bags_a"
		objLayer:i = 2
		props {
			army:i = 0
			active:b = true
		}
	}
	objectGroups {
		name:t = "objectGroups_29"
		tm:m = [[-0.999893, 0.0, -0.0146303] [0.0, 1.0, 0.0] [0.0146303, 0.0, -0.999893] [-756.658, 5.1, -174.333]]
		unit_class:t = "det_road_block_with_bags_a"
		objLayer:i = 2
		props {
			army:i = 0
			active:b = true
		}
	}
	objectGroups {
		name:t = "objectGroups_34"
		tm:m = [[-0.999129, 0.0, 0.0417276] [0.0, 1.0, 0.0] [-0.0417276, 0.0, -0.999129] [-784.346, 5.1, -174.564]]
		unit_class:t = "det_road_block_with_bags_a"
		objLayer:i = 2
		props {
			army:i = 0
			active:b = true
		}
	}
	objectGroups {
		name:t = "objectGroups_36"
		tm:m = [[-0.801053, 0.0, -0.598593] [0.0, 1.0, 0.0] [0.598593, 0.0, -0.801053] [-609.05, 5.1, 366.65]]
		unit_class:t = "det_road_block_with_bags_c"
		objLayer:i = 2
		props {
			army:i = 0
			active:b = true
		}
	}
	objectGroups {
		name:t = "objectGroups_37"
		tm:m = [[0.729315, 0.0, 0.684178] [0.0, 1.0, 0.0] [-0.684178, 0.0, 0.729315] [-623.45, 5.1, 357.25]]
		unit_class:t = "det_road_block_with_bags_a"
		objLayer:i = 2
		props {
			army:i = 0
			active:b = true
		}
	}
	objectGroups {
		name:t = "objectGroups_35"
		tm:m = [[-0.941609, 0.0, -0.336709] [0.0, 1.0, 0.0] [0.336709, 0.0, -0.941609] [-601.2, 5.1, 371.6]]
		unit_class:t = "det_road_block_with_bags_a"
		objLayer:i = 2
		props {
			army:i = 0
			active:b = true
		}
	}
	objectGroups {
		name:t = "objectGroups_41"
		tm:m = [[-0.723356, 0.0, -0.690475] [0.0, 1.0, 0.0] [0.690475, 0.0, -0.723356] [-176.25, 5.1, 217.95]]
		unit_class:t = "det_road_block_with_bags_c"
		objLayer:i = 2
		props {
			army:i = 0
			active:b = true
		}
	}
	objectGroups {
		name:t = "objectGroups_42"
		tm:m = [[0.862776, 0.0, 0.505586] [0.0, 1.0, 0.0] [-0.505586, 0.0, 0.862776] [-188.65, 5.1, 211.05]]
		unit_class:t = "det_road_block_with_bags_a"
		objLayer:i = 2
		props {
			army:i = 0
			active:b = true
		}
	}
	objectGroups {
		name:t = "objectGroups_40"
		tm:m = [[-0.793042, 0.0, -0.609167] [0.0, 1.0, 0.0] [0.609167, 0.0, -0.793042] [-176.75, 5.1, 222.45]]
		unit_class:t = "det_road_block_with_bags_a"
		objLayer:i = 2
		props {
			army:i = 0
			active:b = true
		}
	}
	objectGroups {
		name:t = "objectGroups_46"
		tm:m = [[-0.847181, 0.0, -0.531304] [0.0, 1.0, 0.0] [0.531304, 0.0, -0.847181] [-333.5, 5.1, 473.55]]
		unit_class:t = "det_road_block_with_bags_c"
		objLayer:i = 2
		props {
			army:i = 0
			active:b = true
		}
	}
	objectGroups {
		name:t = "objectGroups_47"
		tm:m = [[0.339971, 0.0, 0.940436] [0.0, 1.0, 0.0] [-0.940436, 0.0, 0.339971] [-345.5, 5.1, 463.25]]
		unit_class:t = "det_road_block_with_bags_a"
		objLayer:i = 2
		props {
			army:i = 0
			active:b = true
		}
	}
	objectGroups {
		name:t = "objectGroups_45"
		tm:m = [[-0.911734, 0.0, -0.410782] [0.0, 1.0, 0.0] [0.410782, 0.0, -0.911734] [-328.85, 5.1, 479.7]]
		unit_class:t = "det_road_block_with_bags_a"
		objLayer:i = 2
		props {
			army:i = 0
			active:b = true
		}
	}
	objectGroups {
		name:t = "objectGroups_51"
		tm:m = [[-0.461354, 0.0, 0.887216] [0.0, 1.0, 0.0] [-0.887216, 0.0, -0.461354] [-483.8, 5.1, 373.75]]
		unit_class:t = "det_road_block_with_bags_a"
		objLayer:i = 2
		props {
			army:i = 0
			active:b = true
		}
	}
	objectGroups {
		name:t = "objectGroups_52"
		tm:m = [[-0.701745, 0.0, 0.712428] [0.0, 1.0, 0.0] [-0.712428, 0.0, -0.701745] [-489.1, 5.1, 381.35]]
		unit_class:t = "det_road_block_with_bags_c"
		objLayer:i = 2
		props {
			army:i = 0
			active:b = true
		}
	}
	objectGroups {
		name:t = "objectGroups_50"
		tm:m = [[0.776805, 0.0, -0.629741] [0.0, 1.0, 0.0] [0.629741, 0.0, 0.776805] [-501.7, 5.1, 393.95]]
		unit_class:t = "det_road_block_with_bags_a"
		objLayer:i = 2
		props {
			army:i = 0
			active:b = true
		}
	}
	objectGroups {
		name:t = "objectGroups_56"
		tm:m = [[-0.461354, 0.0, 0.887216] [0.0, 1.0, 0.0] [-0.887216, 0.0, -0.461354] [-224.85, 5.1, 405.6]]
		unit_class:t = "det_road_block_with_bags_a"
		objLayer:i = 2
		props {
			army:i = 0
			active:b = true
		}
	}
	objectGroups {
		name:t = "objectGroups_57"
		tm:m = [[-0.565339, 0.0, 0.824858] [0.0, 1.0, 0.0] [-0.824858, 0.0, -0.565339] [-229.45, 5.1, 413.2]]
		unit_class:t = "det_road_block_with_bags_c"
		objLayer:i = 2
		props {
			army:i = 0
			active:b = true
		}
	}
	objectGroups {
		name:t = "objectGroups_55"
		tm:m = [[0.580101, 0.0, -0.814545] [0.0, 1.0, 0.0] [0.814545, 0.0, 0.580101] [-240.9, 5.1, 426.85]]
		unit_class:t = "det_road_block_with_bags_a"
		objLayer:i = 2
		props {
			army:i = 0
			active:b = true
		}
	}
	objectGroups {
		name:t = "objectGroups_61"
		tm:m = [[-0.529955, 0.0, 0.848026] [0.0, 1.0, 0.0] [-0.848026, 0.0, -0.529955] [-158.5, 5.1, 368.35]]
		unit_class:t = "det_road_block_with_bags_a"
		objLayer:i = 2
		props {
			army:i = 0
			active:b = true
		}
	}
	objectGroups {
		name:t = "objectGroups_62"
		tm:m = [[-0.522948, 0.0, 0.852364] [0.0, 1.0, 0.0] [-0.852364, 0.0, -0.522948] [-163.65, 5.1, 375.55]]
		unit_class:t = "det_road_block_with_bags_c"
		objLayer:i = 2
		props {
			army:i = 0
			active:b = true
		}
	}
	objectGroups {
		name:t = "objectGroups_60"
		tm:m = [[0.504547, 0.0, -0.863384] [0.0, 1.0, 0.0] [0.863384, 0.0, 0.504547] [-169.9, 5.1, 389.75]]
		unit_class:t = "det_road_block_with_bags_a"
		objLayer:i = 2
		props {
			army:i = 0
			active:b = true
		}
	}
	objectGroups {
		name:t = "objectGroups_63"
		tm:m = [[-0.585105, 0.0, 0.810958] [0.0, 1.0, 0.0] [-0.810958, 0.0, -0.585105] [-127.25, 5.1, 299.9]]
		unit_class:t = "det_road_block_with_bags_c"
		objLayer:i = 2
		props {
			army:i = 0
			active:b = true
		}
	}
	objectGroups {
		name:t = "objectGroups_64"
		tm:m = [[0.591327, 0.0, -0.806432] [0.0, 1.0, 0.0] [0.806432, 0.0, 0.591327] [-139.95, 5.1, 316.05]]
		unit_class:t = "det_road_block_with_bags_c"
		objLayer:i = 2
		props {
			army:i = 0
			active:b = true
		}
	}
	objectGroups {
		name:t = "objectGroups_68"
		tm:m = [[0.590307, 0.0, 0.807179] [0.0, 1.0, 0.0] [-0.807179, 0.0, 0.590307] [447.145, 5.09993, 348.488]]
		unit_class:t = "det_road_block_with_bags_a"
		objLayer:i = 2
		props {
			army:i = 0
			active:b = true
		}
	}
	objectGroups {
		name:t = "objectGroups_69"
		tm:m = [[0.590074, 0.0, 0.80735] [0.0, 1.0, 0.0] [-0.80735, 0.0, 0.590074] [454.02, 5.09993, 353.464]]
		unit_class:t = "det_road_block_with_bags_c"
		objLayer:i = 2
		props {
			army:i = 0
			active:b = true
		}
	}
	objectGroups {
		name:t = "objectGroups_67"
		tm:m = [[-0.5804, 0.0, -0.814331] [0.0, 1.0, 0.0] [0.814331, 0.0, -0.5804] [463.806, 5.09993, 368.246]]
		unit_class:t = "det_road_block_with_bags_a"
		objLayer:i = 2
		props {
			army:i = 0
			active:b = true
		}
	}
	objectGroups {
		name:t = "objectGroups_73"
		tm:m = [[0.524058, 0.0, 0.851682] [0.0, 1.0, 0.0] [-0.851682, 0.0, 0.524058] [556.598, 5.09991, 137.487]]
		unit_class:t = "det_road_block_with_bags_a"
		objLayer:i = 2
		props {
			army:i = 0
			active:b = true
		}
	}
	objectGroups {
		name:t = "objectGroups_74"
		tm:m = [[0.381017, 0.0, 0.924568] [0.0, 1.0, 0.0] [-0.924568, 0.0, 0.381017] [556.53, 5.09991, 144.988]]
		unit_class:t = "det_road_block_with_bags_c"
		objLayer:i = 2
		props {
			army:i = 0
			active:b = true
		}
	}
	objectGroups {
		name:t = "objectGroups_72"
		tm:m = [[-0.141081, 0.0, -0.989998] [0.0, 1.0, 0.0] [0.989998, 0.0, -0.141081] [562.818, 5.09991, 158.491]]
		unit_class:t = "det_road_block_with_bags_a"
		objLayer:i = 2
		props {
			army:i = 0
			active:b = true
		}
	}
	objectGroups {
		name:t = "objectGroups_76"
		tm:m = [[0.967487, 0.0, -0.252919] [0.0, 1.0, 0.0] [0.252919, 0.0, 0.967487] [400.855, 5.09991, 197.185]]
		unit_class:t = "det_road_block_with_bags_a"
		objLayer:i = 2
		props {
			army:i = 0
			active:b = true
		}
	}
	objectGroups {
		name:t = "objectGroups_77"
		tm:m = [[0.954858, 0.0, -0.297064] [0.0, 1.0, 0.0] [0.297064, 0.0, 0.954858] [409.465, 5.09991, 195.32]]
		unit_class:t = "det_road_block_with_bags_c"
		objLayer:i = 2
		props {
			army:i = 0
			active:b = true
		}
	}
	objectGroups {
		name:t = "objectGroups_75"
		tm:m = [[-0.969381, 0.0, 0.245562] [0.0, 1.0, 0.0] [-0.245562, 0.0, -0.969381] [426.718, 5.09991, 191.729]]
		unit_class:t = "det_road_block_with_bags_a"
		objLayer:i = 2
		props {
			army:i = 0
			active:b = true
		}
	}
	objectGroups {
		name:t = "objectGroups_81"
		tm:m = [[0.854945, 0.0, -0.518719] [0.0, 1.0, 0.0] [0.518719, 0.0, 0.854945] [422.089, 5.09991, 133.303]]
		unit_class:t = "det_road_block_with_bags_a"
		objLayer:i = 2
		props {
			army:i = 0
			active:b = true
		}
	}
	objectGroups {
		name:t = "objectGroups_82"
		tm:m = [[0.830233, 0.0, -0.557417] [0.0, 1.0, 0.0] [0.557417, 0.0, 0.830233] [429.761, 5.09991, 129.113]]
		unit_class:t = "det_road_block_with_bags_c"
		objLayer:i = 2
		props {
			army:i = 0
			active:b = true
		}
	}
	objectGroups {
		name:t = "objectGroups_80"
		tm:m = [[-0.876118, 0.0, 0.482097] [0.0, 1.0, 0.0] [-0.482097, 0.0, -0.876118] [445.545, 5.09991, 120.85]]
		unit_class:t = "det_road_block_with_bags_a"
		objLayer:i = 2
		props {
			army:i = 0
			active:b = true
		}
	}
	objectGroups {
		name:t = "objectGroups_83"
		tm:m = [[-0.876118, 0.0, 0.482097] [0.0, 1.0, 0.0] [-0.482097, 0.0, -0.876118] [452.465, 5.09991, 120.262]]
		unit_class:t = "det_road_block_with_bags_a"
		objLayer:i = 2
		props {
			army:i = 0
			active:b = true
		}
	}
	objectGroups {
		name:t = "objectGroups_85"
		tm:m = [[0.722583, 0.0, -0.691284] [0.0, 1.0, 0.0] [0.691284, 0.0, 0.722583] [514.801, 5.09992, 352.865]]
		unit_class:t = "det_road_block_with_bags_a"
		objLayer:i = 2
		props {
			army:i = 0
			active:b = true
		}
	}
	objectGroups {
		name:t = "objectGroups_86"
		tm:m = [[0.727634, 0.0, -0.685966] [0.0, 1.0, 0.0] [0.685966, 0.0, 0.727634] [521.626, 5.09992, 347.202]]
		unit_class:t = "det_road_block_with_bags_c"
		objLayer:i = 2
		props {
			army:i = 0
			active:b = true
		}
	}
	objectGroups {
		name:t = "objectGroups_84"
		tm:m = [[-0.712707, 0.0, 0.701462] [0.0, 1.0, 0.0] [-0.701462, 0.0, -0.712707] [531.308, 5.09991, 335.376]]
		unit_class:t = "det_road_block_with_bags_a"
		objLayer:i = 2
		props {
			army:i = 0
			active:b = true
		}
	}
	objectGroups {
		name:t = "objectGroups_87"
		tm:m = [[0.722583, 0.0, -0.691284] [0.0, 1.0, 0.0] [0.691284, 0.0, 0.722583] [532.166, 5.09991, 332.086]]
		unit_class:t = "det_road_block_with_bags_a"
		objLayer:i = 2
		props {
			army:i = 0
			active:b = true
		}
	}
	objectGroups {
		name:t = "objectGroups_90"
		tm:m = [[0.217557, 0.0, -0.976048] [0.0, 1.0, 0.0] [0.976048, 0.0, 0.217557] [499.403, 5.09991, 258.352]]
		unit_class:t = "det_road_block_with_bags_c"
		objLayer:i = 2
		props {
			army:i = 0
			active:b = true
		}
	}
	objectGroups {
		name:t = "objectGroups_89"
		tm:m = [[-0.24842, 0.0, 0.968652] [0.0, 1.0, 0.0] [-0.968652, 0.0, -0.24842] [504.764, 5.09991, 241.487]]
		unit_class:t = "det_road_block_with_bags_a"
		objLayer:i = 2
		props {
			army:i = 0
			active:b = true
		}
	}
	objectGroups {
		name:t = "objectGroups_88"
		tm:m = [[-0.709984, 0.0, -0.704218] [0.0, 1.0, 0.0] [0.704218, 0.0, -0.709984] [438.914, 5.09991, 470.137]]
		unit_class:t = "det_road_block_with_bags_a"
		objLayer:i = 2
		props {
			army:i = 0
			active:b = true
		}
	}
	objectGroups {
		name:t = "objectGroups_91"
		tm:m = [[-0.025182, 0.0, -0.999683] [0.0, 1.0, 0.0] [0.999683, 0.0, -0.025182] [440.775, 5.09991, 489.117]]
		unit_class:t = "det_road_block_with_bags_a"
		objLayer:i = 2
		props {
			army:i = 0
			active:b = true
		}
	}
	objectGroups {
		name:t = "objectGroups_10"
		tm:m = [[-0.671724, 0.0, 0.740801] [0.0, 1.0, 0.0] [-0.740801, 0.0, -0.671724] [435.23, 5.1, -239.577]]
		unit_class:t = "det_road_block_with_bags_a"
		objLayer:i = 2
		props {
			army:i = 0
			active:b = true
		}
	}
	objectGroups {
		name:t = "objectGroups_17"
		tm:m = [[-0.363951, 0.0, 0.931417] [0.0, 1.0, 0.0] [-0.931417, 0.0, -0.363951] [434.665, 5.1, -234.5]]
		unit_class:t = "det_road_block_with_bags_c"
		objLayer:i = 2
		props {
			army:i = 0
			active:b = true
		}
	}
	objectGroups {
		name:t = "objectGroups_09"
		tm:m = [[0.0215387, 0.0, 0.999768] [0.0, 1.0, 0.0] [-0.999768, 0.0, 0.0215387] [428.419, 5.1, -226.576]]
		unit_class:t = "det_road_block_with_bags_a"
		objLayer:i = 2
		props {
			army:i = 0
			active:b = true
		}
	}
	objectGroups {
		name:t = "objectGroups_27"
		tm:m = [[-0.267189, 0.0, 0.963644] [0.0, 1.0, 0.0] [-0.963644, 0.0, -0.267189] [352.495, 5.1, -300.014]]
		unit_class:t = "det_road_block_with_bags_a"
		objLayer:i = 2
		props {
			army:i = 0
			active:b = true
		}
	}
	objectGroups {
		name:t = "objectGroups_28"
		tm:m = [[-0.110441, 0.0, 0.993882] [0.0, 1.0, 0.0] [-0.993882, 0.0, -0.110441] [353.752, 5.1, -293.999]]
		unit_class:t = "det_road_block_with_bags_c"
		objLayer:i = 2
		props {
			army:i = 0
			active:b = true
		}
	}
	objectGroups {
		name:t = "objectGroups_23"
		tm:m = [[-0.0497747, 0.0, 0.99876] [0.0, 1.0, 0.0] [-0.99876, 0.0, -0.0497747] [350.097, 5.1, -287.054]]
		unit_class:t = "det_road_block_with_bags_a"
		objLayer:i = 2
		props {
			army:i = 0
			active:b = true
		}
	}
	objectGroups {
		name:t = "objectGroups_22"
		tm:m = [[-7.45058e-8, 0.0, -1.0] [0.0, 1.0, 0.0] [1.0, 0.0, -7.45058e-8] [-8.69772, 5.1, -643.596]]
		unit_class:t = "det_road_block_with_bags_a"
		objLayer:i = 2
		props {
			army:i = 0
			active:b = true
		}
	}
	objectGroups {
		name:t = "objectGroups_38"
		tm:m = [[-4.47035e-8, 0.0, 1.0] [0.0, 1.0, 0.0] [-1.0, 0.0, -4.47035e-8] [-7.38973, 5.1, -640.709]]
		unit_class:t = "det_road_block_with_bags_c"
		objLayer:i = 2
		props {
			army:i = 0
			active:b = true
		}
	}
	objectGroups {
		name:t = "objectGroups_18"
		tm:m = [[-4.47035e-8, 0.0, 1.0] [0.0, 1.0, 0.0] [-1.0, 0.0, -4.47035e-8] [-6.75137, 5.1, -628.943]]
		unit_class:t = "det_road_block_with_bags_a"
		objLayer:i = 2
		props {
			army:i = 0
			active:b = true
		}
	}
	objectGroups {
		name:t = "objectGroups_39"
		tm:m = [[-7.45058e-8, 0.0, 1.0] [0.0, 1.0, 0.0] [-1.0, 0.0, -7.45058e-8] [-7.95081, 5.1, -620.093]]
		unit_class:t = "det_road_block_with_bags_c"
		objLayer:i = 2
		props {
			army:i = 0
			active:b = true
		}
	}
	objectGroups {
		name:t = "objectGroups_49"
		tm:m = [[0.903355, 0.0, -0.428894] [0.0, 1.0, 0.0] [0.428894, 0.0, 0.903355] [-300.25, 5.1, -139.9]]
		unit_class:t = "det_road_block_with_bags_c"
		objLayer:i = 2
		props {
			army:i = 0
			active:b = true
		}
	}
	objectGroups {
		name:t = "objectGroups_53"
		tm:m = [[0.934341, 0.0, -0.356381] [0.0, 1.0, 0.0] [0.356381, 0.0, 0.934341] [-305.65, 5.1, -134.75]]
		unit_class:t = "det_road_block_with_bags_a"
		objLayer:i = 2
		props {
			army:i = 0
			active:b = true
		}
	}
	objectGroups {
		name:t = "objectGroups_48"
		tm:m = [[0.519427, 0.0, -0.854515] [0.0, 1.0, 0.0] [0.854515, 0.0, 0.519427] [-290.6, 5.1, -140.75]]
		unit_class:t = "det_road_block_with_bags_a"
		objLayer:i = 2
		props {
			army:i = 0
			active:b = true
		}
	}
	objectGroups {
		name:t = "objectGroups_54"
		tm:m = [[0.993695, 0.0, 0.11212] [0.0, 1.0, 0.0] [-0.11212, 0.0, 0.993695] [-330.15, 5.1, -380.05]]
		unit_class:t = "det_road_block_with_bags_c"
		objLayer:i = 2
		props {
			army:i = 0
			active:b = true
		}
	}
	objectGroups {
		name:t = "objectGroups_58"
		tm:m = [[-0.994895, 0.0, -0.100911] [0.0, 1.0, 0.0] [0.100911, 0.0, -0.994895] [-309.6, 5.1, -376.95]]
		unit_class:t = "det_road_block_with_bags_c"
		objLayer:i = 2
		props {
			army:i = 0
			active:b = true
		}
	}
	objectGroups {
		name:t = "objectGroups_70"
		tm:m = [[0.649986, 0.0, 0.759946] [0.0, 1.0, 0.0] [-0.759946, 0.0, 0.649986] [-562.65, 5.1, 9.0]]
		unit_class:t = "det_road_block_with_bags_c"
		objLayer:i = 2
		props {
			army:i = 0
			active:b = true
		}
	}
	objectGroups {
		name:t = "objectGroups_71"
		tm:m = [[0.674579, 0.0, 0.738203] [0.0, 1.0, 0.0] [-0.738203, 0.0, 0.674579] [-569.3, 5.1, 5.7]]
		unit_class:t = "det_road_block_with_bags_a"
		objLayer:i = 2
		props {
			army:i = 0
			active:b = true
		}
	}
	objectGroups {
		name:t = "objectGroups_65"
		tm:m = [[-0.713709, 0.0, 0.700443] [0.0, 1.0, 0.0] [-0.700443, 0.0, -0.713709] [-854.422, 5.1, 130.949]]
		unit_class:t = "det_road_block_with_bags_c"
		objLayer:i = 2
		props {
			army:i = 0
			active:b = true
		}
	}
	objectGroups {
		name:t = "objectGroups_66"
		tm:m = [[0.863136, 0.0, -0.504972] [0.0, 1.0, 0.0] [0.504972, 0.0, 0.863136] [-870.321, 5.1, 137.713]]
		unit_class:t = "det_road_block_with_bags_a"
		objLayer:i = 2
		props {
			army:i = 0
			active:b = true
		}
	}
	objectGroups {
		name:t = "objectGroups_59"
		tm:m = [[-0.590268, 0.0, 0.807207] [0.0, 1.0, 0.0] [-0.807207, 0.0, -0.590268] [-851.943, 5.1, 123.028]]
		unit_class:t = "det_road_block_with_bags_a"
		objLayer:i = 2
		props {
			army:i = 0
			active:b = true
		}
	}
	objectGroups {
		name:t = "objectGroups_93"
		tm:m = [[0.416186, 0.0, -0.909279] [0.0, 1.0, 0.0] [0.909279, 0.0, 0.416186] [-779.246, 5.1, 7.29105]]
		unit_class:t = "det_road_block_with_bags_c"
		objLayer:i = 2
		props {
			army:i = 0
			active:b = true
		}
	}
	objectGroups {
		name:t = "objectGroups_94"
		tm:m = [[-0.564879, 0.0, 0.825173] [0.0, 1.0, 0.0] [-0.825173, 0.0, -0.564879] [-770.89, 5.1, -8.13662]]
		unit_class:t = "det_road_block_with_bags_a"
		objLayer:i = 2
		props {
			army:i = 0
			active:b = true
		}
	}
	objectGroups {
		name:t = "objectGroups_92"
		tm:m = [[0.189086, 0.0, -0.981961] [0.0, 1.0, 0.0] [0.981961, 0.0, 0.189086] [-781.814, 5.1, 16.0653]]
		unit_class:t = "det_road_block_with_bags_a"
		objLayer:i = 2
		props {
			army:i = 0
			active:b = true
		}
	}
	objectGroups {
		name:t = "objectGroups_99"
		tm:m = [[-0.55486, 0.0, -0.831943] [0.0, 1.0, 0.0] [0.831943, 0.0, -0.55486] [396.649, 5.09999, 118.881]]
		unit_class:t = "det_road_block_with_bags_a"
		objLayer:i = 2
		props {
			army:i = 0
			active:b = true
		}
	}
	objectGroups {
		name:t = "objectGroups_100"
		tm:m = [[-0.592465, 0.0, -0.805596] [0.0, 1.0, 0.0] [0.805596, 0.0, -0.592465] [392.176, 5.1, 111.39]]
		unit_class:t = "det_road_block_with_bags_c"
		objLayer:i = 2
		props {
			army:i = 0
			active:b = true
		}
	}
	objectGroups {
		name:t = "objectGroups_101"
		tm:m = [[0.367675, 0.0, 0.929955] [0.0, 1.0, 0.0] [-0.929955, 0.0, 0.367675] [380.353, 5.1, 87.4629]]
		unit_class:t = "det_road_block_with_bags_a"
		objLayer:i = 2
		props {
			army:i = 0
			active:b = true
		}
	}
	objectGroups {
		name:t = "objectGroups_98"
		tm:m = [[0.443779, 0.0, 0.896136] [0.0, 1.0, 0.0] [-0.896136, 0.0, 0.443779] [384.123, 5.1, 95.503]]
		unit_class:t = "det_road_block_with_bags_a"
		objLayer:i = 2
		props {
			army:i = 0
			active:b = true
		}
	}
	objectGroups {
		name:t = "objectGroups_97"
		tm:m = [[0.492731, 0.0, 0.870182] [0.0, 1.0, 0.0] [-0.870182, 0.0, 0.492731] [-0.544196, 5.1, 113.237]]
		unit_class:t = "det_road_block_with_bags_c"
		objLayer:i = 2
		props {
			army:i = 0
			active:b = true
		}
	}
	objectGroups {
		name:t = "objectGroups_95"
		tm:m = [[-0.392634, 0.0, -0.919695] [0.0, 1.0, 0.0] [0.919695, 0.0, -0.392634] [6.51104, 5.1, 129.437]]
		unit_class:t = "det_road_block_with_bags_a"
		objLayer:i = 2
		props {
			army:i = 0
			active:b = true
		}
	}
	squad {
		name:t = "object_groups_squad"
		tm:m = [[1.0, 0.0, 0.0] [0.0, 1.0, 0.0] [0.0, 0.0, 1.0] [-164.1, 5.1, -1273.1]]
		props {
			object_marking:i = 0
			squad_members:t = "objectGroups_01"
			squad_members:t = "objectGroups_02"
			squad_members:t = "objectGroups_03"
			squad_members:t = "objectGroups_06"
			squad_members:t = "objectGroups_07"
			squad_members:t = "objectGroups_08"
			squad_members:t = "objectGroups_09"
			squad_members:t = "objectGroups_10"
			squad_members:t = "objectGroups_100"
			squad_members:t = "objectGroups_101"
			squad_members:t = "objectGroups_11"
			squad_members:t = "objectGroups_12"
			squad_members:t = "objectGroups_13"
			squad_members:t = "objectGroups_14"
			squad_members:t = "objectGroups_15"
			squad_members:t = "objectGroups_16"
			squad_members:t = "objectGroups_17"
			squad_members:t = "objectGroups_18"
			squad_members:t = "objectGroups_19"
			squad_members:t = "objectGroups_20"
			squad_members:t = "objectGroups_21"
			squad_members:t = "objectGroups_22"
			squad_members:t = "objectGroups_23"
			squad_members:t = "objectGroups_24"
			squad_members:t = "objectGroups_25"
			squad_members:t = "objectGroups_26"
			squad_members:t = "objectGroups_27"
			squad_members:t = "objectGroups_28"
			squad_members:t = "objectGroups_29"
			squad_members:t = "objectGroups_30"
			squad_members:t = "objectGroups_31"
			squad_members:t = "objectGroups_32"
			squad_members:t = "objectGroups_33"
			squad_members:t = "objectGroups_34"
			squad_members:t = "objectGroups_35"
			squad_members:t = "objectGroups_36"
			squad_members:t = "objectGroups_37"
			squad_members:t = "objectGroups_38"
			squad_members:t = "objectGroups_39"
			squad_members:t = "objectGroups_40"
			squad_members:t = "objectGroups_41"
			squad_members:t = "objectGroups_42"
			squad_members:t = "objectGroups_45"
			squad_members:t = "objectGroups_46"
			squad_members:t = "objectGroups_47"
			squad_members:t = "objectGroups_48"
			squad_members:t = "objectGroups_49"
			squad_members:t = "objectGroups_50"
			squad_members:t = "objectGroups_51"
			squad_members:t = "objectGroups_52"
			squad_members:t = "objectGroups_53"
			squad_members:t = "objectGroups_54"
			squad_members:t = "objectGroups_55"
			squad_members:t = "objectGroups_56"
			squad_members:t = "objectGroups_57"
			squad_members:t = "objectGroups_58"
			squad_members:t = "objectGroups_59"
			squad_members:t = "objectGroups_60"
			squad_members:t = "objectGroups_61"
			squad_members:t = "objectGroups_62"
			squad_members:t = "objectGroups_63"
			squad_members:t = "objectGroups_64"
			squad_members:t = "objectGroups_65"
			squad_members:t = "objectGroups_66"
			squad_members:t = "objectGroups_67"
			squad_members:t = "objectGroups_68"
			squad_members:t = "objectGroups_69"
			squad_members:t = "objectGroups_70"
			squad_members:t = "objectGroups_71"
			squad_members:t = "objectGroups_72"
			squad_members:t = "objectGroups_73"
			squad_members:t = "objectGroups_74"
			squad_members:t = "objectGroups_75"
			squad_members:t = "objectGroups_76"
			squad_members:t = "objectGroups_77"
			squad_members:t = "objectGroups_80"
			squad_members:t = "objectGroups_81"
			squad_members:t = "objectGroups_82"
			squad_members:t = "objectGroups_83"
			squad_members:t = "objectGroups_84"
			squad_members:t = "objectGroups_85"
			squad_members:t = "objectGroups_86"
			squad_members:t = "objectGroups_87"
			squad_members:t = "objectGroups_88"
			squad_members:t = "objectGroups_89"
			squad_members:t = "objectGroups_90"
			squad_members:t = "objectGroups_91"
			squad_members:t = "objectGroups_92"
			squad_members:t = "objectGroups_93"
			squad_members:t = "objectGroups_94"
			squad_members:t = "objectGroups_95"
			squad_members:t = "objectGroups_97"
			squad_members:t = "objectGroups_98"
			squad_members:t = "objectGroups_99"
			squad_members:t = "objectGroups_79"
			squad_members:t = "objectGroups_96"
			squad_members:t = "objectGroups_78"
			squad_members:t = "objectGroups_102"
		}
	}
	objectGroups {
		name:t = "objectGroups_79"
		tm:m = [[-0.548166, 0.0, 0.83637] [0.0, 1.0, 0.0] [-0.83637, 0.0, -0.548166] [-630.2, 5.1, -458.75]]
		unit_class:t = "det_road_block_with_bags_a"
		objLayer:i = 2
		props {
			army:i = 0
			active:b = true
		}
	}
	objectGroups {
		name:t = "objectGroups_96"
		tm:m = [[-0.876877, 0.0, 0.480714] [0.0, 1.0, 0.0] [-0.480714, 0.0, -0.876877] [-645.25, 5.1, -449.95]]
		unit_class:t = "det_road_block_with_bags_c"
		objLayer:i = 2
		props {
			army:i = 0
			active:b = true
		}
	}
	objectGroups {
		name:t = "objectGroups_78"
		tm:m = [[0.855287, 0.0, -0.518154] [0.0, 1.0, 0.0] [0.518154, 0.0, 0.855287] [-660.45, 5.1, -446.45]]
		unit_class:t = "det_road_block_with_bags_a"
		objLayer:i = 2
		props {
			army:i = 0
			active:b = true
		}
	}
	objectGroups {
		name:t = "objectGroups_102"
		tm:m = [[0.869679, 0.0, -0.493618] [0.0, 1.0, 0.0] [0.493618, 0.0, 0.869679] [-643.3, 5.1, -452.45]]
		unit_class:t = "det_road_block_with_bags_a"
		objLayer:i = 2
		props {
			army:i = 0
			active:b = true
		}
	}
}
areas {
	tank_map_area {
		type:t = "Box"
		tm:m = [[-1600.0, 0.0, 0.0] [0.0, 200.0, 0.0] [0.0, 0.0, -1600.0] [-150.0, 0.0, -100.0]]
		objLayer:i = 3
		props {

		}
	}
	briefing_spawn01 {
		type:t = "Point"
		tm:m = [[1.0, 0.0, 0.0] [0.0, 1.0, 0.0] [0.0, 0.0, 1.0] [-236.9, 1036.5, -239.0]]
		objLayer:i = 0
		props {

		}
	}
	briefing_spawn02 {
		type:t = "Point"
		tm:m = [[1.0, 0.0, 0.0] [0.0, 1.0, 0.0] [0.0, 0.0, 1.0] [-825.0, 1060.35, -48.95]]
		objLayer:i = 0
		props {

		}
	}
	briefing_spawn03 {
		type:t = "Point"
		tm:m = [[1.0, 0.0, 0.0] [0.0, 1.0, 0.0] [0.0, 0.0, 1.0] [-3.2, 1037.4, 174.7]]
		objLayer:i = 0
		props {

		}
	}
	briefing_spawn04 {
		type:t = "Point"
		tm:m = [[1.0, 0.0, 0.0] [0.0, 1.0, 0.0] [0.0, 0.0, 1.0] [-431.95, 1032.1, 526.3]]
		objLayer:i = 0
		props {

		}
	}
	briefing_spawn05 {
		type:t = "Point"
		tm:m = [[1.0, 0.0, 0.0] [0.0, 1.0, 0.0] [0.0, 0.0, 1.0] [37.6, 1048.45, -344.8]]
		objLayer:i = 0
		props {

		}
	}
	briefing_spawn06 {
		type:t = "Point"
