selected_tag:t = ""
bin_dump_file:t = ""
mission_settings {
	player {
		army:i = 1
	}
	player_teamB {
		army:i = 2
	}
	mission {
		type:t = "domination"
		level:t = "levels/air_israel.bin"
		environment:t = "Day"
		weather:t = "hazy"
	}
}
imports {

}
triggers {
	isCategory:b = true
	is_enabled:b = true
	static_units_rank_06_init {
		is_enabled:b = true
		comments:t = ""
		props {
			actionsType:t = "PERFORM_ONE_BY_ONE"
			conditionsType:t = "ALL"
			enableAfterComplete:b = false
		}
		events {
			initMission {

			}
		}
		conditions {

		}
		actions {
			comment {
				value:t = "static units"
			}
			unitSetProperties {
				object:t = "t1_artillery_squad"
				object:t = "t1_bunkers_squad"
				object:t = "t2_artillery_squad"
				object:t = "t2_bunkers_squad"
				accuracy:r = 0.1
				checkVisibilityTarget:b = false
			}
			comment {
				value:t = "static aaa"
			}
			unitSetProperties {
				object:t = "t1_aaa_squad"
				object:t = "t2_aaa_squad"
				targetGnd:b = false
				accuracy:r = 0.1
				airAccuracy:r = 0.1
				fireRandom:b = true
				targetChangeInterval:r = 5
				targetChangeProb:r = 0.25
				DelayAfterShoot:r = 3
			}
			comment {
				value:t = ""
			}
		}
		else_actions {

		}
	}
}
mission_objectives {
	isCategory:b = true
	is_enabled:b = true
}
variables {

}
dialogs {

}
airfields {

}
effects {

}
units {
	objectGroups {
		name:t = "t1_trench_rank_06_01"
		tm:m = [[0.998528, 0.0331157, 0.0429793] [-0.0356896, 0.997525, 0.0605846] [-0.0408666, -0.0620293, 0.997236] [-5612.0, 47.3134, 1664.85]]
		unit_class:t = "dynTrench_small_bunker_axis"
		objLayer:i = 2
		props {
			army:i = 1
			active:b = true
		}
	}
	structures {
		name:t = "t1_bunker_01"
		tm:m = [[-0.187285, -0.0662251, 0.980071] [-0.0356896, 0.997525, 0.0605846] [-0.981656, -0.0236313, -0.189185] [-5601.99, 59.6099, 1675.66]]
		unit_class:t = "ussr_quest_large_art_noground"
		objLayer:i = 1
		closed_waypoints:b = false
		isShipSpline:b = false
		shipTurnRadius:r = 100
		weapons:t = ""
		bullets0:t = ""
		bullets1:t = ""
		bullets2:t = ""
		bullets3:t = ""
		bulletsCount0:i = 0
		bulletsCount1:i = 0
		bulletsCount2:i = 0
		bulletsCount3:i = 0
		crewSkillK:r = 0
		applyAllMods:b = false
		props {
			army:i = 1
			count:i = 1
			formation_type:t = "rows"
			formation_div:i = 3
			formation_step:p2 = 2.5, 2
			formation_noise:p2 = 0.1, 0.1
		}
		way {

		}
	}
	structures {
		name:t = "t1_art_01"
		tm:m = [[-0.187285, -0.0662251, 0.980071] [-0.0356896, 0.997525, 0.0605846] [-0.981656, -0.0236313, -0.189185] [-5695.13, 53.6432, 1659.06]]
		unit_class:t = "ussr_quest_large_art_noground"
		objLayer:i = 1
		closed_waypoints:b = false
		isShipSpline:b = false
		shipTurnRadius:r = 100
		weapons:t = ""
		bullets0:t = ""
		bullets1:t = ""
		bullets2:t = ""
		bullets3:t = ""
		bulletsCount0:i = 0
		bulletsCount1:i = 0
		bulletsCount2:i = 0
		bulletsCount3:i = 0
		crewSkillK:r = 0
		applyAllMods:b = false
		props {
			army:i = 1
			count:i = 1
			formation_type:t = "rows"
			formation_div:i = 3
			formation_step:p2 = 2.5, 2
			formation_noise:p2 = 0.1, 0.1
		}
		way {

		}
	}
	structures {
		name:t = "t1_art_02"
		tm:m = [[-0.187285, -0.0662251, 0.980071] [-0.0356896, 0.997525, 0.0605846] [-0.981656, -0.0236313, -0.189185] [-5530.72, 53.7609, 1697.17]]
		unit_class:t = "ussr_quest_large_art_noground"
		objLayer:i = 1
		closed_waypoints:b = false
		isShipSpline:b = false
		shipTurnRadius:r = 100
		weapons:t = ""
		bullets0:t = ""
		bullets1:t = ""
		bullets2:t = ""
		bullets3:t = ""
		bulletsCount0:i = 0
		bulletsCount1:i = 0
		bulletsCount2:i = 0
		bulletsCount3:i = 0
		crewSkillK:r = 0
		applyAllMods:b = false
		props {
			army:i = 1
			count:i = 1
			formation_type:t = "rows"
			formation_div:i = 3
			formation_step:p2 = 2.5, 2
			formation_noise:p2 = 0.1, 0.1
		}
		way {

		}
	}
	tankModels {
		name:t = "t1_aaa_01"
		tm:m = [[-0.187285, -0.0662251, 0.980071] [-0.0356896, 0.997525, 0.0605846] [-0.981656, -0.0236313, -0.189185] [-5599.92, 55.147, 1617.87]]
		unit_class:t = "ussr_btr_152a"
		objLayer:i = 1
		closed_waypoints:b = false
		isShipSpline:b = false
		shipTurnRadius:r = 100
		weapons:t = ""
		bullets0:t = ""
		bullets1:t = ""
		bullets2:t = ""
		bullets3:t = ""
		bulletsCount0:i = 0
		bulletsCount1:i = 0
		bulletsCount2:i = 0
		bulletsCount3:i = 0
		crewSkillK:r = 0
		applyAllMods:b = false
		props {
			army:i = 1
			count:i = 1
			formation_type:t = "rows"
			formation_div:i = 3
			formation_step:p2 = 2.5, 2
			formation_noise:p2 = 0.1, 0.1
		}
		way {

		}
	}
	objectGroups {
		name:t = "t1_trench_rank_06_02"
		tm:m = [[0.99921, 0.0177592, 0.0355693] [-0.0158653, 0.998479, -0.0528027] [-0.0364533, 0.0521958, 0.997972] [-1936.82, 105.6, 1641.65]]
		unit_class:t = "dynTrench_small_bunker_axis"
		objLayer:i = 2
		props {
			army:i = 1
			active:b = true
		}
	}
	structures {
		name:t = "t1_bunker_02"
		tm:m = [[-0.183022, 0.049016, 0.981887] [-0.0158653, 0.998479, -0.0528027] [-0.982981, -0.0252431, -0.181965] [-1926.42, 118.838, 1650.92]]
		unit_class:t = "ussr_quest_large_art_noground"
		objLayer:i = 1
		closed_waypoints:b = false
		isShipSpline:b = false
		shipTurnRadius:r = 100
		weapons:t = ""
		bullets0:t = ""
		bullets1:t = ""
		bullets2:t = ""
		bullets3:t = ""
		bulletsCount0:i = 0
		bulletsCount1:i = 0
		bulletsCount2:i = 0
		bulletsCount3:i = 0
		crewSkillK:r = 0
		applyAllMods:b = false
		props {
			army:i = 1
			count:i = 1
			formation_type:t = "rows"
			formation_div:i = 3
			formation_step:p2 = 2.5, 2
			formation_noise:p2 = 0.1, 0.1
		}
		way {

		}
	}
	structures {
		name:t = "t1_art_03"
		tm:m = [[-0.183022, 0.049016, 0.981887] [-0.0158653, 0.998479, -0.0528027] [-0.982981, -0.0252431, -0.181965] [-2019.8, 112.898, 1635.45]]
		unit_class:t = "ussr_quest_large_art_noground"
		objLayer:i = 1
		closed_waypoints:b = false
		isShipSpline:b = false
		shipTurnRadius:r = 100
		weapons:t = ""
		bullets0:t = ""
		bullets1:t = ""
		bullets2:t = ""
		bullets3:t = ""
		bulletsCount0:i = 0
		bulletsCount1:i = 0
		bulletsCount2:i = 0
		bulletsCount3:i = 0
		crewSkillK:r = 0
		applyAllMods:b = false
		props {
			army:i = 1
			count:i = 1
			formation_type:t = "rows"
			formation_div:i = 3
			formation_step:p2 = 2.5, 2
			formation_noise:p2 = 0.1, 0.1
		}
		way {

		}
	}
	structures {
		name:t = "t1_art_04"
		tm:m = [[-0.183022, 0.049016, 0.981887] [-0.0158653, 0.998479, -0.0528027] [-0.982981, -0.0252431, -0.181965] [-1855.16, 114.037, 1672.73]]
		unit_class:t = "ussr_quest_large_art_noground"
		objLayer:i = 1
		closed_waypoints:b = false
		isShipSpline:b = false
		shipTurnRadius:r = 100
		weapons:t = ""
		bullets0:t = ""
		bullets1:t = ""
		bullets2:t = ""
		bullets3:t = ""
		bulletsCount0:i = 0
		bulletsCount1:i = 0
		bulletsCount2:i = 0
		bulletsCount3:i = 0
		crewSkillK:r = 0
		applyAllMods:b = false
		props {
			army:i = 1
			count:i = 1
			formation_type:t = "rows"
			formation_div:i = 3
			formation_step:p2 = 2.5, 2
			formation_noise:p2 = 0.1, 0.1
		}
		way {

		}
	}
	tankModels {
		name:t = "t1_aaa_02"
		tm:m = [[-0.183022, 0.049016, 0.981887] [-0.0158653, 0.998479, -0.0528027] [-0.982981, -0.0252431, -0.181965] [-1924.87, 107.818, 1594.06]]
		unit_class:t = "ussr_btr_152a"
		objLayer:i = 1
		closed_waypoints:b = false
		isShipSpline:b = false
		shipTurnRadius:r = 100
		weapons:t = ""
		bullets0:t = ""
		bullets1:t = ""
		bullets2:t = ""
		bullets3:t = ""
		bulletsCount0:i = 0
		bulletsCount1:i = 0
		bulletsCount2:i = 0
		bulletsCount3:i = 0
		crewSkillK:r = 0
		applyAllMods:b = false
		props {
			army:i = 1
			count:i = 1
			formation_type:t = "rows"
			formation_div:i = 3
			formation_step:p2 = 2.5, 2
			formation_noise:p2 = 0.1, 0.1
		}
		way {

		}
	}
	objectGroups {
		name:t = "t1_trench_rank_06_03"
		tm:m = [[0.993325, -0.00191943, -0.115332] [0.00575267, 0.999442, 0.0329157] [0.115206, -0.0333598, 0.992781] [-7388.1, 37.0, 1774.9]]
		unit_class:t = "dynTrench_small_bunker_axis"
		objLayer:i = 2
		props {
			army:i = 1
			active:b = true
		}
	}
	structures {
		name:t = "t1_bunker_03"
		tm:m = [[-0.0321463, -0.0327147, 0.998948] [0.00575267, 0.999442, 0.0329157] [-0.999466, 0.00680526, -0.0319397] [-7376.13, 49.2207, 1783.62]]
		unit_class:t = "ussr_quest_large_art_noground"
		objLayer:i = 1
		closed_waypoints:b = false
		isShipSpline:b = false
		shipTurnRadius:r = 100
		weapons:t = ""
		bullets0:t = ""
		bullets1:t = ""
		bullets2:t = ""
		bullets3:t = ""
		bulletsCount0:i = 0
		bulletsCount1:i = 0
		bulletsCount2:i = 0
		bulletsCount3:i = 0
		crewSkillK:r = 0
		applyAllMods:b = false
		props {
			army:i = 1
			count:i = 1
			formation_type:t = "rows"
			formation_div:i = 3
			formation_step:p2 = 2.5, 2
			formation_noise:p2 = 0.1, 0.1
		}
		way {

		}
	}
	structures {
		name:t = "t1_art_05"
		tm:m = [[-0.0321463, -0.0327147, 0.998948] [0.00575267, 0.999442, 0.0329157] [-0.999466, 0.00680526, -0.0319397] [-7470.8, 46.1793, 1781.99]]
		unit_class:t = "ussr_quest_large_art_noground"
		objLayer:i = 1
		closed_waypoints:b = false
		isShipSpline:b = false
		shipTurnRadius:r = 100
		weapons:t = ""
		bullets0:t = ""
		bullets1:t = ""
		bullets2:t = ""
		bullets3:t = ""
		bulletsCount0:i = 0
		bulletsCount1:i = 0
		bulletsCount2:i = 0
		bulletsCount3:i = 0
		crewSkillK:r = 0
		applyAllMods:b = false
		props {
			army:i = 1
			count:i = 1
			formation_type:t = "rows"
			formation_div:i = 3
			formation_step:p2 = 2.5, 2
			formation_noise:p2 = 0.1, 0.1
		}
		way {

		}
	}
	structures {
		name:t = "t1_art_06"
		tm:m = [[-0.0321463, -0.0327147, 0.998948] [0.00575267, 0.999442, 0.0329157] [-0.999466, 0.00680526, -0.0319397] [-7302.53, 41.3739, 1793.81]]
		unit_class:t = "ussr_quest_large_art_noground"
		objLayer:i = 1
		closed_waypoints:b = false
		isShipSpline:b = false
		shipTurnRadius:r = 100
		weapons:t = ""
		bullets0:t = ""
		bullets1:t = ""
		bullets2:t = ""
		bullets3:t = ""
		bulletsCount0:i = 0
		bulletsCount1:i = 0
		bulletsCount2:i = 0
		bulletsCount3:i = 0
		crewSkillK:r = 0
		applyAllMods:b = false
		props {
			army:i = 1
			count:i = 1
			formation_type:t = "rows"
			formation_div:i = 3
			formation_step:p2 = 2.5, 2
			formation_noise:p2 = 0.1, 0.1
		}
		way {

		}
	}
	tankModels {
		name:t = "t1_aaa_03"
		tm:m = [[-0.0321463, -0.0327147, 0.998948] [0.00575267, 0.999442, 0.0329157] [-0.999466, 0.00680526, -0.0319397] [-7383.38, 43.1137, 1726.43]]
		unit_class:t = "ussr_btr_152a"
		objLayer:i = 1
		closed_waypoints:b = false
		isShipSpline:b = false
		shipTurnRadius:r = 100
		weapons:t = ""
		bullets0:t = ""
		bullets1:t = ""
		bullets2:t = ""
		bullets3:t = ""
		bulletsCount0:i = 0
		bulletsCount1:i = 0
		bulletsCount2:i = 0
		bulletsCount3:i = 0
		crewSkillK:r = 0
		applyAllMods:b = false
		props {
			army:i = 1
			count:i = 1
			formation_type:t = "rows"
			formation_div:i = 3
			formation_step:p2 = 2.5, 2
			formation_noise:p2 = 0.1, 0.1
		}
		way {

		}
	}
	objectGroups {
		name:t = "t1_trench_rank_06_04"
		tm:m = [[0.969309, 0.00437549, 0.245805] [-0.0120379, 0.999486, 0.029678] [-0.245548, -0.0317259, 0.968866] [527.6, 199.3, 1847.7]]
		unit_class:t = "dynTrench_small_bunker_axis"
		objLayer:i = 2
		props {
			army:i = 1
			active:b = true
		}
	}
	structures {
		name:t = "t1_bunker_04"
		tm:m = [[-0.385443, -0.0320247, 0.922175] [-0.0120379, 0.999486, 0.029678] [-0.922652, 0.000338359, -0.385632] [535.769, 211.604, 1859.96]]
		unit_class:t = "ussr_quest_large_art_noground"
		objLayer:i = 1
		closed_waypoints:b = false
		isShipSpline:b = false
		shipTurnRadius:r = 100
		weapons:t = ""
		bullets0:t = ""
		bullets1:t = ""
		bullets2:t = ""
		bullets3:t = ""
		bulletsCount0:i = 0
		bulletsCount1:i = 0
		bulletsCount2:i = 0
		bulletsCount3:i = 0
		crewSkillK:r = 0
		applyAllMods:b = false
		props {
			army:i = 1
			count:i = 1
			formation_type:t = "rows"
			formation_div:i = 3
			formation_step:p2 = 2.5, 2
			formation_noise:p2 = 0.1, 0.1
		}
		way {

		}
	}
	structures {
		name:t = "t1_art_07"
		tm:m = [[-0.385443, -0.0320247, 0.922175] [-0.0120379, 0.999486, 0.029678] [-0.922652, 0.000338359, -0.385632] [447.668, 207.953, 1824.84]]
		unit_class:t = "ussr_quest_large_art_noground"
		objLayer:i = 1
		closed_waypoints:b = false
		isShipSpline:b = false
		shipTurnRadius:r = 100
		weapons:t = ""
		bullets0:t = ""
		bullets1:t = ""
		bullets2:t = ""
		bullets3:t = ""
		bulletsCount0:i = 0
		bulletsCount1:i = 0
		bulletsCount2:i = 0
		bulletsCount3:i = 0
		crewSkillK:r = 0
		applyAllMods:b = false
		props {
			army:i = 1
			count:i = 1
			formation_type:t = "rows"
			formation_div:i = 3
			formation_step:p2 = 2.5, 2
			formation_noise:p2 = 0.1, 0.1
		}
		way {

		}
	}
	structures {
		name:t = "t1_art_08"
		tm:m = [[-0.385443, -0.0320247, 0.922175] [-0.0120379, 0.999486, 0.029678] [-0.922652, 0.000338359, -0.385632] [600.818, 204.24, 1895.81]]
		unit_class:t = "ussr_quest_large_art_noground"
		objLayer:i = 1
		closed_waypoints:b = false
		isShipSpline:b = false
		shipTurnRadius:r = 100
		weapons:t = ""
		bullets0:t = ""
		bullets1:t = ""
		bullets2:t = ""
		bullets3:t = ""
		bulletsCount0:i = 0
		bulletsCount1:i = 0
		bulletsCount2:i = 0
		bulletsCount3:i = 0
		crewSkillK:r = 0
		applyAllMods:b = false
		props {
			army:i = 1
			count:i = 1
			formation_type:t = "rows"
			formation_div:i = 3
			formation_step:p2 = 2.5, 2
			formation_noise:p2 = 0.1, 0.1
		}
		way {

		}
	}
	tankModels {
		name:t = "t1_aaa_04"
		tm:m = [[-0.385443, -0.0320247, 0.922175] [-0.0120379, 0.999486, 0.029678] [-0.922652, 0.000338359, -0.385632] [549.27, 205.401, 1803.96]]
		unit_class:t = "ussr_btr_152a"
		objLayer:i = 1
		closed_waypoints:b = false
		isShipSpline:b = false
		shipTurnRadius:r = 100
		weapons:t = ""
		bullets0:t = ""
		bullets1:t = ""
		bullets2:t = ""
		bullets3:t = ""
		bulletsCount0:i = 0
		bulletsCount1:i = 0
		bulletsCount2:i = 0
		bulletsCount3:i = 0
		crewSkillK:r = 0
		applyAllMods:b = false
		props {
			army:i = 1
			count:i = 1
			formation_type:t = "rows"
			formation_div:i = 3
			formation_step:p2 = 2.5, 2
			formation_noise:p2 = 0.1, 0.1
		}
		way {

		}
	}
	objectGroups {
		name:t = "t1_trench_rank_06_05"
		tm:m = [[0.997977, -0.0178028, -0.0610366] [0.0188621, 0.999679, 0.016838] [0.0607166, -0.0179549, 0.997994] [-11030.1, 20.4, 1893.3]]
		unit_class:t = "dynTrench_small_bunker_axis"
		objLayer:i = 2
		props {
			army:i = 1
			active:b = true
		}
	}
	structures {
		name:t = "t1_bunker_05"
		tm:m = [[-0.0867277, -0.0151414, 0.996117] [0.0188621, 0.999679, 0.016838] [-0.996055, 0.0202495, -0.0864112] [-11018.3, 32.5943, 1902.37]]
		unit_class:t = "ussr_quest_large_art_noground"
		objLayer:i = 1
		closed_waypoints:b = false
		isShipSpline:b = false
		shipTurnRadius:r = 100
		weapons:t = ""
		bullets0:t = ""
		bullets1:t = ""
		bullets2:t = ""
		bullets3:t = ""
		bulletsCount0:i = 0
		bulletsCount1:i = 0
		bulletsCount2:i = 0
		bulletsCount3:i = 0
		crewSkillK:r = 0
		applyAllMods:b = false
		props {
			army:i = 1
			count:i = 1
			formation_type:t = "rows"
			formation_div:i = 3
			formation_step:p2 = 2.5, 2
			formation_noise:p2 = 0.1, 0.1
		}
		way {

		}
	}
	structures {
		name:t = "t1_art_09"
		tm:m = [[-0.0867277, -0.0151414, 0.996117] [0.0188621, 0.999679, 0.016838] [-0.996055, 0.0202495, -0.0864112] [-11113.0, 30.8528, 1895.77]]
		unit_class:t = "ussr_quest_large_art_noground"
		objLayer:i = 1
		closed_waypoints:b = false
		isShipSpline:b = false
		shipTurnRadius:r = 100
		weapons:t = ""
		bullets0:t = ""
		bullets1:t = ""
		bullets2:t = ""
		bullets3:t = ""
		bulletsCount0:i = 0
		bulletsCount1:i = 0
		bulletsCount2:i = 0
		bulletsCount3:i = 0
		crewSkillK:r = 0
		applyAllMods:b = false
		props {
			army:i = 1
			count:i = 1
			formation_type:t = "rows"
			formation_div:i = 3
			formation_step:p2 = 2.5, 2
			formation_noise:p2 = 0.1, 0.1
		}
		way {

		}
	}
	structures {
		name:t = "t1_art_10"
		tm:m = [[-0.0867277, -0.0151414, 0.996117] [0.0188621, 0.999679, 0.016838] [-0.996055, 0.0202495, -0.0864112] [-10945.6, 23.8991, 1916.77]]
		unit_class:t = "ussr_quest_large_art_noground"
		objLayer:i = 1
		closed_waypoints:b = false
		isShipSpline:b = false
		shipTurnRadius:r = 100
		weapons:t = ""
		bullets0:t = ""
		bullets1:t = ""
		bullets2:t = ""
		bullets3:t = ""
		bulletsCount0:i = 0
		bulletsCount1:i = 0
		bulletsCount2:i = 0
		bulletsCount3:i = 0
		crewSkillK:r = 0
		applyAllMods:b = false
		props {
			army:i = 1
			count:i = 1
			formation_type:t = "rows"
			formation_div:i = 3
			formation_step:p2 = 2.5, 2
			formation_noise:p2 = 0.1, 0.1
		}
		way {

		}
	}
	tankModels {
		name:t = "t1_aaa_05"
		tm:m = [[-0.0867277, -0.0151414, 0.996117] [0.0188621, 0.999679, 0.016838] [-0.996055, 0.0202495, -0.0864112] [-11022.6, 25.6152, 1844.96]]
		unit_class:t = "ussr_btr_152a"
		objLayer:i = 1
		closed_waypoints:b = false
		isShipSpline:b = false
		shipTurnRadius:r = 100
		weapons:t = ""
		bullets0:t = ""
		bullets1:t = ""
		bullets2:t = ""
		bullets3:t = ""
		bulletsCount0:i = 0
		bulletsCount1:i = 0
		bulletsCount2:i = 0
		bulletsCount3:i = 0
		crewSkillK:r = 0
		applyAllMods:b = false
		props {
			army:i = 1
			count:i = 1
			formation_type:t = "rows"
			formation_div:i = 3
			formation_step:p2 = 2.5, 2
			formation_noise:p2 = 0.1, 0.1
		}
		way {

		}
	}
	objectGroups {
		name:t = "t1_trench_rank_06_06"
		tm:m = [[0.998002, 0.045104, 0.0442874] [-0.0438333, 0.998611, -0.0292589] [-0.0455453, 0.0272589, 0.998591] [-3906.6, 110.212, 1735.95]]
		unit_class:t = "dynTrench_small_bunker_axis"
		objLayer:i = 2
		props {
			army:i = 1
			active:b = true
		}
	}
	structures {
		name:t = "t1_bunker_06"
		tm:m = [[-0.191836, 0.0203285, 0.981216] [-0.0438333, 0.998611, -0.0292589] [-0.980448, -0.0486231, -0.190679] [-3896.59, 123.514, 1745.58]]
		unit_class:t = "ussr_quest_large_art_noground"
		objLayer:i = 1
		closed_waypoints:b = false
		isShipSpline:b = false
		shipTurnRadius:r = 100
		weapons:t = ""
		bullets0:t = ""
		bullets1:t = ""
		bullets2:t = ""
		bullets3:t = ""
		bulletsCount0:i = 0
		bulletsCount1:i = 0
		bulletsCount2:i = 0
		bulletsCount3:i = 0
		crewSkillK:r = 0
		applyAllMods:b = false
		props {
			army:i = 1
			count:i = 1
			formation_type:t = "rows"
			formation_div:i = 3
			formation_step:p2 = 2.5, 2
			formation_noise:p2 = 0.1, 0.1
		}
		way {

		}
	}
	structures {
		name:t = "t1_art_11"
		tm:m = [[-0.191836, 0.0203285, 0.981216] [-0.0438333, 0.998611, -0.0292589] [-0.980448, -0.0486231, -0.190679] [-3989.69, 115.31, 1729.22]]
		unit_class:t = "ussr_quest_large_art_noground"
		objLayer:i = 1
		closed_waypoints:b = false
		isShipSpline:b = false
		shipTurnRadius:r = 100
		weapons:t = ""
		bullets0:t = ""
		bullets1:t = ""
		bullets2:t = ""
		bullets3:t = ""
		bulletsCount0:i = 0
		bulletsCount1:i = 0
		bulletsCount2:i = 0
		bulletsCount3:i = 0
		crewSkillK:r = 0
		applyAllMods:b = false
		props {
			army:i = 1
			count:i = 1
			formation_type:t = "rows"
			formation_div:i = 3
			formation_step:p2 = 2.5, 2
			formation_noise:p2 = 0.1, 0.1
		}
		way {

		}
	}
	structures {
		name:t = "t1_art_12"
		tm:m = [[-0.191836, 0.0203285, 0.981216] [-0.0438333, 0.998611, -0.0292589] [-0.980448, -0.0486231, -0.190679] [-3825.38, 120.207, 1767.85]]
		unit_class:t = "ussr_quest_large_art_noground"
		objLayer:i = 1
		closed_waypoints:b = false
		isShipSpline:b = false
		shipTurnRadius:r = 100
		weapons:t = ""
		bullets0:t = ""
		bullets1:t = ""
		bullets2:t = ""
		bullets3:t = ""
		bulletsCount0:i = 0
		bulletsCount1:i = 0
		bulletsCount2:i = 0
		bulletsCount3:i = 0
		crewSkillK:r = 0
		applyAllMods:b = false
		props {
			army:i = 1
			count:i = 1
			formation_type:t = "rows"
			formation_div:i = 3
			formation_step:p2 = 2.5, 2
			formation_noise:p2 = 0.1, 0.1
		}
		way {

		}
	}
	tankModels {
		name:t = "t1_aaa_06"
		tm:m = [[-0.191836, 0.0203285, 0.981216] [-0.0438333, 0.998611, -0.0292589] [-0.980448, -0.0486231, -0.190679] [-3894.31, 113.903, 1688.49]]
		unit_class:t = "ussr_btr_152a"
		objLayer:i = 1
		closed_waypoints:b = false
		isShipSpline:b = false
		shipTurnRadius:r = 100
		weapons:t = ""
		bullets0:t = ""
		bullets1:t = ""
		bullets2:t = ""
		bullets3:t = ""
		bulletsCount0:i = 0
		bulletsCount1:i = 0
		bulletsCount2:i = 0
		bulletsCount3:i = 0
		crewSkillK:r = 0
		applyAllMods:b = false
		props {
			army:i = 1
			count:i = 1
			formation_type:t = "rows"
			formation_div:i = 3
			formation_step:p2 = 2.5, 2
			formation_noise:p2 = 0.1, 0.1
		}
		way {

		}
	}
	objectGroups {
		name:t = "t1_trench_rank_06_07"
		tm:m = [[0.993804, -0.0021909, 0.111129] [0.0047243, 0.999735, -0.022547] [-0.111051, 0.0229325, 0.99355] [-16850.6, 28.5531, 2025.51]]
		unit_class:t = "dynTrench_small_bunker_axis"
		objLayer:i = 2
		props {
			army:i = 1
			active:b = true
		}
	}
	structures {
		name:t = "t1_bunker_07"
		tm:m = [[-0.256012, 0.0230047, 0.966399] [0.0047243, 0.999735, -0.022547] [-0.966663, -0.0012062, -0.256052] [-16840.7, 41.3096, 2035.95]]
		unit_class:t = "ussr_quest_large_art_noground"
		objLayer:i = 1
		closed_waypoints:b = false
		isShipSpline:b = false
		shipTurnRadius:r = 100
		weapons:t = ""
		bullets0:t = ""
		bullets1:t = ""
		bullets2:t = ""
		bullets3:t = ""
		bulletsCount0:i = 0
		bulletsCount1:i = 0
		bulletsCount2:i = 0
		bulletsCount3:i = 0
		crewSkillK:r = 0
		applyAllMods:b = false
		props {
			army:i = 1
			count:i = 1
			formation_type:t = "rows"
			formation_div:i = 3
			formation_step:p2 = 2.5, 2
			formation_noise:p2 = 0.1, 0.1
		}
		way {

		}
	}
	structures {
		name:t = "t1_art_13"
		tm:m = [[-0.256012, 0.0230047, 0.966399] [0.0047243, 0.999735, -0.022547] [-0.966663, -0.0012062, -0.256052] [-16932.7, 37.5956, 2013.29]]
		unit_class:t = "ussr_quest_large_art_noground"
		objLayer:i = 1
		closed_waypoints:b = false
		isShipSpline:b = false
		shipTurnRadius:r = 100
		weapons:t = ""
		bullets0:t = ""
		bullets1:t = ""
		bullets2:t = ""
		bullets3:t = ""
		bulletsCount0:i = 0
		bulletsCount1:i = 0
		bulletsCount2:i = 0
		bulletsCount3:i = 0
		crewSkillK:r = 0
		applyAllMods:b = false
		props {
			army:i = 1
			count:i = 1
			formation_type:t = "rows"
			formation_div:i = 3
			formation_step:p2 = 2.5, 2
			formation_noise:p2 = 0.1, 0.1
		}
		way {

		}
	}
	structures {
		name:t = "t1_art_14"
		tm:m = [[-0.256012, 0.0230047, 0.966399] [0.0047243, 0.999735, -0.022547] [-0.966663, -0.0012062, -0.256052] [-16771.4, 34.5086, 2062.9]]
		unit_class:t = "ussr_quest_large_art_noground"
		objLayer:i = 1
		closed_waypoints:b = false
		isShipSpline:b = false
		shipTurnRadius:r = 100
		weapons:t = ""
		bullets0:t = ""
		bullets1:t = ""
		bullets2:t = ""
		bullets3:t = ""
		bulletsCount0:i = 0
		bulletsCount1:i = 0
		bulletsCount2:i = 0
		bulletsCount3:i = 0
		crewSkillK:r = 0
		applyAllMods:b = false
		props {
			army:i = 1
			count:i = 1
			formation_type:t = "rows"
			formation_div:i = 3
			formation_step:p2 = 2.5, 2
			formation_noise:p2 = 0.1, 0.1
		}
		way {

		}
	}
	tankModels {
		name:t = "t1_aaa_07"
		tm:m = [[-0.256012, 0.0230047, 0.966399] [0.0047243, 0.999735, -0.022547] [-0.966663, -0.0012062, -0.256052] [-16835.1, 31.9749, 1979.09]]
		unit_class:t = "ussr_btr_152a"
		objLayer:i = 1
		closed_waypoints:b = false
		isShipSpline:b = false
		shipTurnRadius:r = 100
		weapons:t = ""
		bullets0:t = ""
		bullets1:t = ""
		bullets2:t = ""
		bullets3:t = ""
		bulletsCount0:i = 0
		bulletsCount1:i = 0
		bulletsCount2:i = 0
		bulletsCount3:i = 0
		crewSkillK:r = 0
		applyAllMods:b = false
		props {
			army:i = 1
			count:i = 1
			formation_type:t = "rows"
			formation_div:i = 3
			formation_step:p2 = 2.5, 2
			formation_noise:p2 = 0.1, 0.1
		}
		way {

		}
	}
	objectGroups {
		name:t = "t1_trench_rank_06_08"
		tm:m = [[0.952959, 0.0163853, -0.302657] [-0.0188659, 0.999808, -0.00527417] [0.302513, 0.0107351, 0.953084] [-9080.88, 23.0267, 1880.89]]
		unit_class:t = "dynTrench_small_bunker_axis"
		objLayer:i = 2
		props {
			army:i = 1
			active:b = true
		}
	}
	structures {
		name:t = "t1_bunker_08"
		tm:m = [[0.159059, 0.00820917, 0.987234] [-0.0188659, 0.999808, -0.00527417] [-0.987089, -0.0177864, 0.159185] [-9067.79, 35.8692, 1886.62]]
		unit_class:t = "ussr_quest_large_art_noground"
		objLayer:i = 1
		closed_waypoints:b = false
		isShipSpline:b = false
		shipTurnRadius:r = 100
		weapons:t = ""
		bullets0:t = ""
		bullets1:t = ""
		bullets2:t = ""
		bullets3:t = ""
		bulletsCount0:i = 0
		bulletsCount1:i = 0
		bulletsCount2:i = 0
		bulletsCount3:i = 0
		crewSkillK:r = 0
		applyAllMods:b = false
		props {
			army:i = 1
			count:i = 1
			formation_type:t = "rows"
			formation_div:i = 3
			formation_step:p2 = 2.5, 2
			formation_noise:p2 = 0.1, 0.1
		}
		way {

		}
	}
	structures {
		name:t = "t1_art_15"
		tm:m = [[0.159059, 0.00820917, 0.987234] [-0.0188659, 0.999808, -0.00527417] [-0.987089, -0.0177864, 0.159185] [-9160.94, 30.5692, 1903.28]]
		unit_class:t = "ussr_quest_large_art_noground"
		objLayer:i = 1
		closed_waypoints:b = false
		isShipSpline:b = false
		shipTurnRadius:r = 100
		weapons:t = ""
		bullets0:t = ""
		bullets1:t = ""
		bullets2:t = ""
		bullets3:t = ""
		bulletsCount0:i = 0
		bulletsCount1:i = 0
		bulletsCount2:i = 0
		bulletsCount3:i = 0
		crewSkillK:r = 0
		applyAllMods:b = false
		props {
			army:i = 1
			count:i = 1
			formation_type:t = "rows"
			formation_div:i = 3
			formation_step:p2 = 2.5, 2
			formation_noise:p2 = 0.1, 0.1
		}
		way {

		}
	}
	structures {
		name:t = "t1_art_16"
		tm:m = [[0.159059, 0.00820917, 0.987234] [-0.0188659, 0.999808, -0.00527417] [-0.987089, -0.0177864, 0.159185] [-8993.36, 30.1782, 1882.89]]
		unit_class:t = "ussr_quest_large_art_noground"
		objLayer:i = 1
		closed_waypoints:b = false
		isShipSpline:b = false
		shipTurnRadius:r = 100
		weapons:t = ""
		bullets0:t = ""
		bullets1:t = ""
		bullets2:t = ""
		bullets3:t = ""
		bulletsCount0:i = 0
		bulletsCount1:i = 0
		bulletsCount2:i = 0
		bulletsCount3:i = 0
		crewSkillK:r = 0
		applyAllMods:b = false
		props {
			army:i = 1
			count:i = 1
			formation_type:t = "rows"
			formation_div:i = 3
			formation_step:p2 = 2.5, 2
			formation_noise:p2 = 0.1, 0.1
		}
		way {

		}
	}
	tankModels {
		name:t = "t1_aaa_08"
		tm:m = [[0.159059, 0.00820917, 0.987234] [-0.0188659, 0.999808, -0.00527417] [-0.987089, -0.0177864, 0.159185] [-9085.59, 27.2197, 1832.13]]
		unit_class:t = "ussr_btr_152a"
		objLayer:i = 1
		closed_waypoints:b = false
		isShipSpline:b = false
		shipTurnRadius:r = 100
		weapons:t = ""
		bullets0:t = ""
		bullets1:t = ""
		bullets2:t = ""
		bullets3:t = ""
		bulletsCount0:i = 0
		bulletsCount1:i = 0
		bulletsCount2:i = 0
		bulletsCount3:i = 0
		crewSkillK:r = 0
		applyAllMods:b = false
		props {
			army:i = 1
			count:i = 1
			formation_type:t = "rows"
			formation_div:i = 3
			formation_step:p2 = 2.5, 2
			formation_noise:p2 = 0.1, 0.1
		}
		way {

		}
	}
	squad {
		name:t = "t1_aaa_squad"
		tm:m = [[1.0, 0.0, 0.0] [0.0, 1.0, 0.0] [0.0, 0.0, 1.0] [10421.9, 649.199, -27457.1]]
		props {
			squad_members:t = "t1_aaa_01"
			squad_members:t = "t1_aaa_02"
			squad_members:t = "t1_aaa_03"
			squad_members:t = "t1_aaa_04"
			squad_members:t = "t1_aaa_05"
			squad_members:t = "t1_aaa_06"
			squad_members:t = "t1_aaa_07"
			squad_members:t = "t1_aaa_08"
		}
	}
	squad {
		name:t = "t1_artillery_squad"
		tm:m = [[1.0, 0.0, 0.0] [0.0, 1.0, 0.0] [0.0, 0.0, 1.0] [9995.27, 652.572, -27509.4]]
		props {
			squad_members:t = "t1_art_01"
			squad_members:t = "t1_art_02"
			squad_members:t = "t1_art_03"
			squad_members:t = "t1_art_04"
			squad_members:t = "t1_art_05"
			squad_members:t = "t1_art_06"
			squad_members:t = "t1_art_07"
			squad_members:t = "t1_art_08"
			squad_members:t = "t1_art_09"
			squad_members:t = "t1_art_10"
			squad_members:t = "t1_art_11"
			squad_members:t = "t1_art_12"
			squad_members:t = "t1_art_13"
			squad_members:t = "t1_art_14"
			squad_members:t = "t1_art_15"
			squad_members:t = "t1_art_16"
		}
	}
	squad {
		name:t = "t1_bunkers_squad"
		tm:m = [[1.0, 0.0, 0.0] [0.0, 1.0, 0.0] [0.0, 0.0, 1.0] [11119.6, 657.643, -28175.7]]
		props {
			squad_members:t = "t1_bunker_01"
			squad_members:t = "t1_bunker_02"
			squad_members:t = "t1_bunker_03"
			squad_members:t = "t1_bunker_04"
			squad_members:t = "t1_bunker_05"
			squad_members:t = "t1_bunker_06"
			squad_members:t = "t1_bunker_07"
			squad_members:t = "t1_bunker_08"
		}
	}
	objectGroups {
		name:t = "t2_trench_rank_06_01"
		tm:m = [[-0.997243, 0.0323629, -0.0667752] [0.0344315, 0.998955, -0.0300664] [0.0657325, -0.0322826, -0.997317] [-7270.05, 31.55, 3326.6]]
		unit_class:t = "dynTrench_small_bunker_axis"
		objLayer:i = 2
		props {
			army:i = 2
			active:b = true
		}
	}
	structures {
		name:t = "t2_bunker_01"
		tm:m = [[0.211691, -0.0366911, -0.976647] [0.0344315, 0.998955, -0.0300664] [0.976731, -0.0272627, 0.212732] [-7279.88, 44.1455, 3315.98]]
		unit_class:t = "uk_bunker_light_fat"
		objLayer:i = 1
		closed_waypoints:b = false
		isShipSpline:b = false
		shipTurnRadius:r = 100
		weapons:t = ""
		bullets0:t = ""
		bullets1:t = ""
		bullets2:t = ""
		bullets3:t = ""
		bulletsCount0:i = 0
		bulletsCount1:i = 0
		bulletsCount2:i = 0
		bulletsCount3:i = 0
		crewSkillK:r = 0
		applyAllMods:b = false
		props {
			army:i = 2
			count:i = 1
			formation_type:t = "rows"
			formation_div:i = 3
			formation_step:p2 = 2.5, 2
			formation_noise:p2 = 0.1, 0.1
		}
		way {

		}
	}
	structures {
		name:t = "t2_art_02"
		tm:m = [[0.211691, -0.0366911, -0.976647] [0.0344315, 0.998955, -0.0300664] [0.976731, -0.0272627, 0.212732] [-7187.19, 37.8794, 3334.69]]
		unit_class:t = "ussr_quest_large_art_noground"
		objLayer:i = 1
		closed_waypoints:b = false
		isShipSpline:b = false
		shipTurnRadius:r = 100
		weapons:t = ""
		bullets0:t = ""
		bullets1:t = ""
		bullets2:t = ""
		bullets3:t = ""
		bulletsCount0:i = 0
		bulletsCount1:i = 0
		bulletsCount2:i = 0
		bulletsCount3:i = 0
		crewSkillK:r = 0
		applyAllMods:b = false
		props {
			army:i = 2
			count:i = 1
			formation_type:t = "rows"
			formation_div:i = 3
			formation_step:p2 = 2.5, 2
			formation_noise:p2 = 0.1, 0.1
		}
		way {

		}
	}
	structures {
		name:t = "t2_art_01"
		tm:m = [[0.211691, -0.0366911, -0.976647] [0.0344315, 0.998955, -0.0300664] [0.976731, -0.0272627, 0.212732] [-7350.61, 38.7919, 3292.5]]
		unit_class:t = "ussr_quest_large_art_noground"
		objLayer:i = 1
		closed_waypoints:b = false
		isShipSpline:b = false
		shipTurnRadius:r = 100
		weapons:t = ""
		bullets0:t = ""
		bullets1:t = ""
		bullets2:t = ""
		bullets3:t = ""
		bulletsCount0:i = 0
		bulletsCount1:i = 0
		bulletsCount2:i = 0
		bulletsCount3:i = 0
		crewSkillK:r = 0
		applyAllMods:b = false
		props {
			army:i = 2
			count:i = 1
			formation_type:t = "rows"
			formation_div:i = 3
			formation_step:p2 = 2.5, 2
			formation_noise:p2 = 0.1, 0.1
		}
		way {

		}
	}
	tankModels {
		name:t = "t2_aaa_01"
		tm:m = [[0.211691, -0.0366911, -0.976647] [0.0344315, 0.998955, -0.0300664] [0.976731, -0.0272627, 0.212732] [-7283.29, 37.9604, 3373.51]]
		unit_class:t = "ussr_btr_152a"
		objLayer:i = 1
		closed_waypoints:b = false
		isShipSpline:b = false
		shipTurnRadius:r = 100
		weapons:t = ""
		bullets0:t = ""
		bullets1:t = ""
		bullets2:t = ""
		bullets3:t = ""
		bulletsCount0:i = 0
		bulletsCount1:i = 0
		bulletsCount2:i = 0
		bulletsCount3:i = 0
		crewSkillK:r = 0
		applyAllMods:b = false
		props {
			army:i = 2
			count:i = 1
			formation_type:t = "rows"
			formation_div:i = 3
			formation_step:p2 = 2.5, 2
			formation_noise:p2 = 0.1, 0.1
		}
		way {

		}
	}
	objectGroups {
		name:t = "t2_trench_rank_06_02"
		tm:m = [[-0.992831, -0.0946488, -0.0729874] [-0.0926614, 0.995241, -0.0301553] [0.0754934, -0.023176, -0.996878] [-3857.15, 127.595, 3470.6]]
		unit_class:t = "dynTrench_small_bunker_axis"
		objLayer:i = 2
		props {
			army:i = 2
			active:b = true
		}
	}
	structures {
		name:t = "t2_bunker_02"
		tm:m = [[0.220698, -0.00900256, -0.975301] [-0.0926614, 0.995241, -0.0301553] [0.970932, 0.0970281, 0.218813] [-3868.53, 138.832, 3459.84]]
		unit_class:t = "uk_bunker_light_fat"
		objLayer:i = 1
		closed_waypoints:b = false
		isShipSpline:b = false
		shipTurnRadius:r = 100
		weapons:t = ""
		bullets0:t = ""
		bullets1:t = ""
		bullets2:t = ""
		bullets3:t = ""
		bulletsCount0:i = 0
		bulletsCount1:i = 0
		bulletsCount2:i = 0
		bulletsCount3:i = 0
		crewSkillK:r = 0
		applyAllMods:b = false
		props {
			army:i = 2
			count:i = 1
			formation_type:t = "rows"
			formation_div:i = 3
			formation_step:p2 = 2.5, 2
			formation_noise:p2 = 0.1, 0.1
		}
		way {

		}
	}
	structures {
		name:t = "t2_art_03"
		tm:m = [[0.220698, -0.00900256, -0.975301] [-0.0926614, 0.995241, -0.0301553] [0.970932, 0.0970281, 0.218813] [-3775.8, 144.402, 3479.18]]
		unit_class:t = "ussr_quest_large_art_noground"
		objLayer:i = 1
		closed_waypoints:b = false
		isShipSpline:b = false
		shipTurnRadius:r = 100
		weapons:t = ""
		bullets0:t = ""
		bullets1:t = ""
		bullets2:t = ""
		bullets3:t = ""
		bulletsCount0:i = 0
		bulletsCount1:i = 0
		bulletsCount2:i = 0
		bulletsCount3:i = 0
		crewSkillK:r = 0
		applyAllMods:b = false
		props {
			army:i = 2
			count:i = 1
			formation_type:t = "rows"
			formation_div:i = 3
			formation_step:p2 = 2.5, 2
			formation_noise:p2 = 0.1, 0.1
		}
		way {

		}
	}
	structures {
		name:t = "t2_art_04"
		tm:m = [[0.220698, -0.00900256, -0.975301] [-0.0926614, 0.995241, -0.0301553] [0.970932, 0.0970281, 0.218813] [-3937.77, 124.551, 3436.01]]
		unit_class:t = "ussr_quest_large_art_noground"
		objLayer:i = 1
		closed_waypoints:b = false
		isShipSpline:b = false
		shipTurnRadius:r = 100
		weapons:t = ""
		bullets0:t = ""
		bullets1:t = ""
		bullets2:t = ""
		bullets3:t = ""
		bulletsCount0:i = 0
		bulletsCount1:i = 0
		bulletsCount2:i = 0
		bulletsCount3:i = 0
		crewSkillK:r = 0
		applyAllMods:b = false
		props {
			army:i = 2
			count:i = 1
			formation_type:t = "rows"
			formation_div:i = 3
			formation_step:p2 = 2.5, 2
			formation_noise:p2 = 0.1, 0.1
		}
		way {

		}
	}
	tankModels {
		name:t = "t2_aaa_02"
		tm:m = [[0.220698, -0.00900256, -0.975301] [-0.0926614, 0.995241, -0.0301553] [0.970932, 0.0970281, 0.218813] [-3871.46, 132.238, 3517.36]]
		unit_class:t = "ussr_btr_152a"
		objLayer:i = 1
		closed_waypoints:b = false
		isShipSpline:b = false
		shipTurnRadius:r = 100
		weapons:t = ""
		bullets0:t = ""
		bullets1:t = ""
		bullets2:t = ""
		bullets3:t = ""
		bulletsCount0:i = 0
		bulletsCount1:i = 0
		bulletsCount2:i = 0
		bulletsCount3:i = 0
		crewSkillK:r = 0
		applyAllMods:b = false
		props {
			army:i = 2
			count:i = 1
			formation_type:t = "rows"
			formation_div:i = 3
			formation_step:p2 = 2.5, 2
			formation_noise:p2 = 0.1, 0.1
		}
		way {

		}
	}
	objectGroups {
		name:t = "t2_trench_rank_06_03"
		tm:m = [[-0.999803, 0.0198148, -0.0005247] [0.0198216, 0.99947, -0.0258259] [1.2964e-5, -0.0258312, -0.999667] [-1966.92, 164.479, 3178.25]]
		unit_class:t = "dynTrench_small_bunker_axis"
		objLayer:i = 2
		props {
			army:i = 2
			active:b = true
		}
	}
	structures {
		name:t = "t2_bunker_03"
		tm:m = [[0.147063, -0.0284646, -0.988717] [0.0198216, 0.99947, -0.0258259] [0.988928, -0.0158, 0.147549] [-1977.61, 177.006, 3168.4]]
		unit_class:t = "uk_bunker_light_fat"
		objLayer:i = 1
		closed_waypoints:b = false
		isShipSpline:b = false
		shipTurnRadius:r = 100
		weapons:t = ""
		bullets0:t = ""
		bullets1:t = ""
		bullets2:t = ""
		bullets3:t = ""
		bulletsCount0:i = 0
		bulletsCount1:i = 0
		bulletsCount2:i = 0
		bulletsCount3:i = 0
		crewSkillK:r = 0
		applyAllMods:b = false
		props {
			army:i = 2
			count:i = 1
			formation_type:t = "rows"
			formation_div:i = 3
			formation_step:p2 = 2.5, 2
			formation_noise:p2 = 0.1, 0.1
		}
		way {

		}
	}
	structures {
		name:t = "t2_art_05"
		tm:m = [[0.147063, -0.0284646, -0.988717] [0.0198216, 0.99947, -0.0258259] [0.988928, -0.0158, 0.147549] [-1883.77, 171.831, 3180.84]]
		unit_class:t = "ussr_quest_large_art_noground"
		objLayer:i = 1
		closed_waypoints:b = false
		isShipSpline:b = false
		shipTurnRadius:r = 100
		weapons:t = ""
		bullets0:t = ""
		bullets1:t = ""
		bullets2:t = ""
		bullets3:t = ""
		bulletsCount0:i = 0
		bulletsCount1:i = 0
		bulletsCount2:i = 0
		bulletsCount3:i = 0
		crewSkillK:r = 0
		applyAllMods:b = false
		props {
			army:i = 2
			count:i = 1
			formation_type:t = "rows"
			formation_div:i = 3
			formation_step:p2 = 2.5, 2
			formation_noise:p2 = 0.1, 0.1
		}
		way {

		}
	}
	structures {
		name:t = "t2_art_06"
		tm:m = [[0.147063, -0.0284646, -0.988717] [0.0198216, 0.99947, -0.0258259] [0.988928, -0.0158, 0.147549] [-2049.6, 170.867, 3149.67]]
		unit_class:t = "ussr_quest_large_art_noground"
		objLayer:i = 1
		closed_waypoints:b = false
		isShipSpline:b = false
		shipTurnRadius:r = 100
		weapons:t = ""
		bullets0:t = ""
		bullets1:t = ""
		bullets2:t = ""
		bullets3:t = ""
		bulletsCount0:i = 0
		bulletsCount1:i = 0
		bulletsCount2:i = 0
		bulletsCount3:i = 0
		crewSkillK:r = 0
		applyAllMods:b = false
		props {
			army:i = 2
			count:i = 1
			formation_type:t = "rows"
			formation_div:i = 3
			formation_step:p2 = 2.5, 2
			formation_noise:p2 = 0.1, 0.1
		}
		way {

		}
	}
	tankModels {
		name:t = "t2_aaa_03"
		tm:m = [[0.147063, -0.0284646, -0.988717] [0.0198216, 0.99947, -0.0258259] [0.988928, -0.0158, 0.147549] [-1977.13, 170.449, 3225.96]]
		unit_class:t = "ussr_btr_152a"
		objLayer:i = 1
		closed_waypoints:b = false
		isShipSpline:b = false
		shipTurnRadius:r = 100
		weapons:t = ""
		bullets0:t = ""
		bullets1:t = ""
		bullets2:t = ""
		bullets3:t = ""
		bulletsCount0:i = 0
		bulletsCount1:i = 0
		bulletsCount2:i = 0
		bulletsCount3:i = 0
		crewSkillK:r = 0
		applyAllMods:b = false
		props {
			army:i = 2
			count:i = 1
			formation_type:t = "rows"
			formation_div:i = 3
			formation_step:p2 = 2.5, 2
			formation_noise:p2 = 0.1, 0.1
		}
		way {

		}
	}
	objectGroups {
		name:t = "t2_trench_rank_06_04"
		tm:m = [[-0.999399, 0.0208886, -0.0276092] [0.0211597, 0.999729, -0.00957283] [0.0274023, -0.0101516, -0.999574] [-11005.7, 8.38989, 3005.7]]
		unit_class:t = "dynTrench_small_bunker_axis"
		objLayer:i = 2
		props {
			army:i = 2
			active:b = true
		}
	}
	structures {
		name:t = "t2_bunker_04"
		tm:m = [[0.174096, -0.0131133, -0.98464] [0.0211597, 0.999729, -0.00957283] [0.984502, -0.0191684, 0.174326] [-11016.0, 21.0802, 2995.71]]
		unit_class:t = "uk_bunker_light_fat"
		objLayer:i = 1
		closed_waypoints:b = false
		isShipSpline:b = false
		shipTurnRadius:r = 100
		weapons:t = ""
		bullets0:t = ""
		bullets1:t = ""
		bullets2:t = ""
		bullets3:t = ""
		bulletsCount0:i = 0
		bulletsCount1:i = 0
		bulletsCount2:i = 0
		bulletsCount3:i = 0
		crewSkillK:r = 0
		applyAllMods:b = false
		props {
			army:i = 2
			count:i = 1
			formation_type:t = "rows"
			formation_div:i = 3
			formation_step:p2 = 2.5, 2
			formation_noise:p2 = 0.1, 0.1
		}
		way {

		}
	}
	structures {
		name:t = "t2_art_07"
		tm:m = [[0.174096, -0.0131133, -0.98464] [0.0211597, 0.999729, -0.00957283] [0.984502, -0.0191684, 0.174326] [-10922.6, 15.6098, 3010.69]]
		unit_class:t = "ussr_quest_large_art_noground"
		objLayer:i = 1
		closed_waypoints:b = false
		isShipSpline:b = false
		shipTurnRadius:r = 100
		weapons:t = ""
		bullets0:t = ""
		bullets1:t = ""
		bullets2:t = ""
		bullets3:t = ""
		bulletsCount0:i = 0
		bulletsCount1:i = 0
		bulletsCount2:i = 0
		bulletsCount3:i = 0
		crewSkillK:r = 0
		applyAllMods:b = false
		props {
			army:i = 2
			count:i = 1
			formation_type:t = "rows"
			formation_div:i = 3
			formation_step:p2 = 2.5, 2
			formation_noise:p2 = 0.1, 0.1
		}
		way {

		}
	}
	structures {
		name:t = "t2_art_08"
		tm:m = [[0.174096, -0.0131133, -0.98464] [0.0211597, 0.999729, -0.00957283] [0.984502, -0.0191684, 0.174326] [-11087.5, 15.313, 2974.9]]
		unit_class:t = "ussr_quest_large_art_noground"
		objLayer:i = 1
		closed_waypoints:b = false
		isShipSpline:b = false
		shipTurnRadius:r = 100
		weapons:t = ""
		bullets0:t = ""
		bullets1:t = ""
		bullets2:t = ""
		bullets3:t = ""
		bulletsCount0:i = 0
		bulletsCount1:i = 0
		bulletsCount2:i = 0
		bulletsCount3:i = 0
		crewSkillK:r = 0
		applyAllMods:b = false
		props {
			army:i = 2
			count:i = 1
			formation_type:t = "rows"
