selected_tag:t = ""
bin_dump_file:t = ""
mission_settings {
	player {
		army:i = 1
		wing:t = "t1_player01"
		wing:t = "t1_player02"
		wing:t = "t1_player03"
		wing:t = "t1_player04"
		wing:t = "t1_player05"
		wing:t = "t1_player06"
		wing:t = "t1_player07"
		wing:t = "t1_player08"
		wing:t = "t1_player09"
		wing:t = "t1_player10"
		wing:t = "t1_player11"
		wing:t = "t1_player12"
		wing:t = "t1_player13"
		wing:t = "t1_player14"
		wing:t = "t1_player15"
		wing:t = "t1_player16"
		wing:t = "t1_player17"
		wing:t = "t1_player18"
		wing:t = "t1_player19"
		wing:t = "t1_player20"
		wing:t = "t1_player21"
		wing:t = "t1_player22"
		wing:t = "t1_player23"
		wing:t = "t1_player24"
		wing:t = "t1_player25"
		wing:t = "t1_player26"
		wing:t = "t1_player27"
		wing:t = "t1_player28"
		wing:t = "t1_player29"
		wing:t = "t1_player30"
		wing:t = "t1_player31"
		wing:t = "t1_player32"
	}
	player_teamB {
		army:i = 2
		wing:t = "t2_player01"
		wing:t = "t2_player02"
		wing:t = "t2_player03"
		wing:t = "t2_player04"
		wing:t = "t2_player05"
		wing:t = "t2_player06"
		wing:t = "t2_player07"
		wing:t = "t2_player08"
		wing:t = "t2_player09"
		wing:t = "t2_player10"
		wing:t = "t2_player11"
		wing:t = "t2_player12"
		wing:t = "t2_player13"
		wing:t = "t2_player14"
		wing:t = "t2_player15"
		wing:t = "t2_player16"
		wing:t = "t2_player17"
		wing:t = "t2_player18"
		wing:t = "t2_player19"
		wing:t = "t2_player20"
		wing:t = "t2_player21"
		wing:t = "t2_player22"
		wing:t = "t2_player23"
		wing:t = "t2_player24"
		wing:t = "t2_player25"
		wing:t = "t2_player26"
		wing:t = "t2_player27"
		wing:t = "t2_player28"
		wing:t = "t2_player29"
		wing:t = "t2_player30"
		wing:t = "t2_player31"
		wing:t = "t2_player32"
		wing:t = "t2_player33"
	}
	mission {
		level:t = "levels/avg_hurtgen.bin"
		type:t = "domination"
		restoreType:t = "attempts"
		optionalTakeOff:b = false
		environment:t = "Day"
		weather:t = "clear"
		locName:t = "missions/_CnvB;hurtgen/name"
		locDesc:t = "hurtgen/desc;missions/_Cnv/desc"
		scoreLimit:i = 10000
		timeLimit:i = 25
		deathPenaltyMul:r = 0
		postfix:t = "_CnvB"
		allowedKillStreaks:b = true
		randomSpawnTeams:b = false
		remapAiTankModels:b = true
		country_axis:t = "germany"
		country_allies:t = "ussr"
		showTacticalMapCellSize:b = true
		allowedUnitTypes {
			isAirplanesAllowed:b = true
			isTanksAllowed:b = true
			isShipsAllowed:b = false
			isHelicoptersAllowed:b = true
		}
	}
	spectator_points {

	}
	briefing {
		place_loc:t = ""
		date_loc:t = ""
		objective_loc:t = ""
		music:t = "action_01"
		part {
			event:t = ""
			minTime:i = 0
			slide {
				map:b = true
				minTime:i = 4
				picture:t = ""
				showAirMap:b = false
				arrow {
					width:i = 1
					side:t = "enemy"
					point:t = "briefing_tanks"
					point:t = "convoy_waypoint01"
					point:t = "convoy_waypoint02"
					point:t = "convoy_waypoint03"
					point:t = "convoy_waypoint04"
					point:t = "convoy_waypoint04"
				}
				icon {
					icontype:t = "bomber"
					side:t = "ally"
					target:t = "briefing_bombers"
					lookAt:t = "briefing_tanks"
				}
				icon {
					icontype:t = "tank"
					side:t = "enemy"
					target:t = "briefing_tanks"
				}
				icon {
					icontype:t = "tank"
					side:t = "ally"
					target:t = "t1_tanks_spawn"
				}
			}
		}
	}
}
imports {
	import_record {
		file:t = "gameData/missions/templates/tank_templates/tank_base_logic_template.blk"
		importAreas:b = true
		importUnits:b = true
		importTriggers:b = true
		importMissionObjectives:b = true
		importWayPoints:b = true
		showAreas:b = true
		showUnits:b = true
		showTriggers:b = true
		showMissionObjectives:b = true
		showWayPoints:b = true
		excludes {

		}
	}
	import_record {
		file:t = "gameData/missions/templates/tank_convoy_template.blk"
		importAreas:b = true
		importUnits:b = true
		importTriggers:b = true
		importMissionObjectives:b = true
		importWayPoints:b = true
		showAreas:b = true
		showUnits:b = true
		showTriggers:b = true
		showMissionObjectives:b = true
		showWayPoints:b = true
		excludes {

		}
	}
	import_record {
		file:t = "gameData/missions/cta/tanks/hurtgen/template_hurtgen_air_spawns.blk"
		importAreas:b = true
		importUnits:b = true
		importTriggers:b = true
		importMissionObjectives:b = true
		importWayPoints:b = true
		showAreas:b = true
		showUnits:b = true
		showTriggers:b = true
		showMissionObjectives:b = true
		showWayPoints:b = true
		excludes {

		}
	}
}
triggers {
	isCategory:b = true
	is_enabled:b = true
	hurtgen_CnvB_init {
		is_enabled:b = true
		comments:t = ""
		props {
			actionsType:t = "PERFORM_ONE_BY_ONE"
			conditionsType:t = "ALL"
			enableAfterComplete:b = false
		}
		events {
			initMission {

			}
		}
		conditions {

		}
		actions {
			missionMarkAsRespawnPoint {
				loc_name:t = "missions/spawn"
				spawnEffect:b = false
				isStrictSpawn:b = false
				isAirfield:b = false
				isUnit:b = false
				useExisting:b = false
				isIndividual:b = true
				removeAreas:b = false
				canSpawnOnNeutral:b = false
				showOnMap:b = true
				radius:r = 50
				onlyOnePlayerPerSpawnPoint:b = false
				resetStrictSpawnIndex:b = false
				forceCreate:b = false
				replaceAreas:b = false
				target:t = "t2_tanks_spawn00"
				team:t = "B"
				offset:p3 = 0, 0, 100
				tags {
					tank:b = true
					type_heavy_tank:b = true
					type_medium_tank:b = true
					type_light_tank:b = true
					type_tank_destroyer:b = true
					type_spaa:b = true
				}
			}
			missionMarkAsRespawnPoint {
				loc_name:t = "missions/spawn"
				spawnEffect:b = false
				isStrictSpawn:b = false
				isAirfield:b = false
				isUnit:b = false
				useExisting:b = false
				isIndividual:b = true
				removeAreas:b = false
				canSpawnOnNeutral:b = false
				showOnMap:b = true
				radius:r = -1
				onlyOnePlayerPerSpawnPoint:b = false
				resetStrictSpawnIndex:b = false
				forceCreate:b = false
				replaceAreas:b = false
				target:t = "t1_tanks_spawn"
				team:t = "A"
				offset:p3 = 0, 0, 0
				tags {
					tank:b = true
					type_heavy_tank:b = true
					type_medium_tank:b = true
					type_light_tank:b = true
					type_tank_destroyer:b = true
					type_spaa:b = true
				}
			}
		}
		else_actions {

		}
	}
}
mission_objectives {
	isCategory:b = true
	is_enabled:b = true
}
variables {
	defenseMissionTeam:t = "teamB"
	waypoints_num:i = 4
}
dialogs {

}
airfields {

}
effects {

}
units {
	tankModels {
		name:t = "t1_player01"
		tm:m = [[1.0, 0.0, 0.0] [0.0, 1.0, 0.0] [0.0, 0.0, 1.0] [2346.43, 48.7277, 2709.35]]
		unit_class:t = "aaa_dummy"
		objLayer:i = 1
		closed_waypoints:b = false
		isShipSpline:b = false
		shipTurnRadius:r = 100
		weapons:t = ""
		bullets0:t = ""
		bullets1:t = ""
		bullets2:t = ""
		bullets3:t = ""
		bulletsCount0:i = 0
		bulletsCount1:i = 0
		bulletsCount2:i = 0
		bulletsCount3:i = 0
		props {
			army:i = 2
			count:i = 1
			formation_type:t = "rows"
			formation_div:i = 3
			formation_step:p2 = 2.5, 2
			formation_noise:p2 = 0.1, 0.1
			uniqueName:t = ""
			attack_type:t = "fire_at_will"
		}
		way {

		}
	}
	area_squad {
		name:t = "t2_tanks_spawn00"
		tm:m = [[0.803337, 0.0, -0.595525] [0.0, 1.0, 0.0] [0.595525, 0.0, 0.803337] [1835.34, 8.17478, 1082.93]]
		props {
			squad_members:t = "t2_tanks_spawn00_01"
			squad_members:t = "t2_tanks_spawn00_02"
			squad_members:t = "t2_tanks_spawn00_03"
			squad_members:t = "t2_tanks_spawn00_04"
			squad_members:t = "t2_tanks_spawn00_05"
			squad_members:t = "t2_tanks_spawn00_06"
			squad_members:t = "t2_tanks_spawn00_07"
			squad_members:t = "t2_tanks_spawn00_08"
			squad_members:t = "t2_tanks_spawn00_09"
			squad_members:t = "t2_tanks_spawn00_10"
			squad_members:t = "t2_tanks_spawn00_11"
			squad_members:t = "t2_tanks_spawn00_12"
			squad_members:t = "t2_tanks_spawn00_13"
			squad_members:t = "t2_tanks_spawn00_14"
			squad_members:t = "t2_tanks_spawn00_15"
			squad_members:t = "t2_tanks_spawn00_16"
			squad_members:t = "t2_tanks_spawn00_17"
			squad_members:t = "t2_tanks_spawn00_18"
			squad_members:t = "t2_tanks_spawn00_19"
			squad_members:t = "t2_tanks_spawn00_20"
		}
	}
	area_squad {
		name:t = "t2_tanks_spawn01"
		tm:m = [[-0.464774, 0.0, -0.885429] [0.0, 1.0, 0.0] [0.885429, 0.0, -0.464774] [1938.99, 22.2853, 1425.96]]
		props {
			squad_members:t = "t2_tanks_spawn01_01"
			squad_members:t = "t2_tanks_spawn01_02"
			squad_members:t = "t2_tanks_spawn01_03"
			squad_members:t = "t2_tanks_spawn01_04"
			squad_members:t = "t2_tanks_spawn01_05"
			squad_members:t = "t2_tanks_spawn01_06"
			squad_members:t = "t2_tanks_spawn01_07"
			squad_members:t = "t2_tanks_spawn01_08"
			squad_members:t = "t2_tanks_spawn01_09"
			squad_members:t = "t2_tanks_spawn01_10"
			squad_members:t = "t2_tanks_spawn01_11"
			squad_members:t = "t2_tanks_spawn01_12"
			squad_members:t = "t2_tanks_spawn01_13"
			squad_members:t = "t2_tanks_spawn01_14"
			squad_members:t = "t2_tanks_spawn01_15"
			squad_members:t = "t2_tanks_spawn01_16"
			squad_members:t = "t2_tanks_spawn01_17"
			squad_members:t = "t2_tanks_spawn01_18"
			squad_members:t = "t2_tanks_spawn01_19"
			squad_members:t = "t2_tanks_spawn01_20"
		}
	}
	area_squad {
		name:t = "t2_tanks_spawn02"
		tm:m = [[-0.873184, 0.0, -0.487391] [0.0, 1.0, 0.0] [0.487391, 0.0, -0.873184] [2698.93, 27.8867, 2029.69]]
		props {
			squad_members:t = "t2_tanks_spawn02_01"
			squad_members:t = "t2_tanks_spawn02_02"
			squad_members:t = "t2_tanks_spawn02_03"
			squad_members:t = "t2_tanks_spawn02_04"
			squad_members:t = "t2_tanks_spawn02_05"
			squad_members:t = "t2_tanks_spawn02_06"
			squad_members:t = "t2_tanks_spawn02_07"
			squad_members:t = "t2_tanks_spawn02_08"
			squad_members:t = "t2_tanks_spawn02_09"
			squad_members:t = "t2_tanks_spawn02_10"
			squad_members:t = "t2_tanks_spawn02_11"
			squad_members:t = "t2_tanks_spawn02_12"
			squad_members:t = "t2_tanks_spawn02_13"
			squad_members:t = "t2_tanks_spawn02_14"
			squad_members:t = "t2_tanks_spawn02_15"
			squad_members:t = "t2_tanks_spawn02_16"
			squad_members:t = "t2_tanks_spawn02_17"
			squad_members:t = "t2_tanks_spawn02_18"
			squad_members:t = "t2_tanks_spawn02_19"
			squad_members:t = "t2_tanks_spawn02_20"
		}
	}
	area_squad {
		name:t = "t2_tanks_spawn03"
		tm:m = [[0.929821, 0.0, 0.368011] [0.0, 1.0, 0.0] [-0.368011, 0.0, 0.929821] [2580.24, 38.3905, 2776.88]]
		props {
			squad_members:t = "t2_tanks_spawn03_01"
			squad_members:t = "t2_tanks_spawn03_02"
			squad_members:t = "t2_tanks_spawn03_03"
			squad_members:t = "t2_tanks_spawn03_04"
			squad_members:t = "t2_tanks_spawn03_05"
			squad_members:t = "t2_tanks_spawn03_06"
			squad_members:t = "t2_tanks_spawn03_07"
			squad_members:t = "t2_tanks_spawn03_08"
			squad_members:t = "t2_tanks_spawn03_09"
			squad_members:t = "t2_tanks_spawn03_10"
			squad_members:t = "t2_tanks_spawn03_11"
			squad_members:t = "t2_tanks_spawn03_12"
			squad_members:t = "t2_tanks_spawn03_13"
			squad_members:t = "t2_tanks_spawn03_14"
			squad_members:t = "t2_tanks_spawn03_15"
			squad_members:t = "t2_tanks_spawn03_16"
			squad_members:t = "t2_tanks_spawn03_17"
			squad_members:t = "t2_tanks_spawn03_18"
			squad_members:t = "t2_tanks_spawn03_19"
			squad_members:t = "t2_tanks_spawn03_20"
		}
	}
	area_squad {
		name:t = "t2_tanks_spawn04"
		tm:m = [[0.519216, 0.0, -0.854643] [0.0, 1.0, 0.0] [0.854643, 0.0, 0.519216] [2223.52, 37.8613, 3577.16]]
		props {
			squad_members:t = "t2_tanks_spawn04_01"
			squad_members:t = "t2_tanks_spawn04_02"
			squad_members:t = "t2_tanks_spawn04_03"
			squad_members:t = "t2_tanks_spawn04_04"
			squad_members:t = "t2_tanks_spawn04_05"
			squad_members:t = "t2_tanks_spawn04_06"
			squad_members:t = "t2_tanks_spawn04_07"
			squad_members:t = "t2_tanks_spawn04_08"
			squad_members:t = "t2_tanks_spawn04_09"
			squad_members:t = "t2_tanks_spawn04_10"
			squad_members:t = "t2_tanks_spawn04_11"
			squad_members:t = "t2_tanks_spawn04_12"
			squad_members:t = "t2_tanks_spawn04_13"
			squad_members:t = "t2_tanks_spawn04_14"
			squad_members:t = "t2_tanks_spawn04_15"
			squad_members:t = "t2_tanks_spawn04_16"
			squad_members:t = "t2_tanks_spawn04_17"
			squad_members:t = "t2_tanks_spawn04_18"
			squad_members:t = "t2_tanks_spawn04_19"
			squad_members:t = "t2_tanks_spawn04_20"
		}
	}
	area_squad {
		name:t = "t1_tanks_spawn"
		tm:m = [[0.167913, 0.0, -0.985802] [0.0, 1.0, 0.0] [0.985802, 0.0, 0.167913] [1724.82, 38.8517, 2384.76]]
		props {
			squad_members:t = "t1_tanks_spawn01"
			squad_members:t = "t1_tanks_spawn02"
			squad_members:t = "t1_tanks_spawn03"
			squad_members:t = "t1_tanks_spawn04"
			squad_members:t = "t1_tanks_spawn05"
			squad_members:t = "t1_tanks_spawn06"
			squad_members:t = "t1_tanks_spawn07"
			squad_members:t = "t1_tanks_spawn08"
			squad_members:t = "t1_tanks_spawn09"
			squad_members:t = "t1_tanks_spawn10"
			squad_members:t = "t1_tanks_spawn11"
			squad_members:t = "t1_tanks_spawn12"
			squad_members:t = "t1_tanks_spawn13"
			squad_members:t = "t1_tanks_spawn14"
			squad_members:t = "t1_tanks_spawn15"
			squad_members:t = "t1_tanks_spawn16"
			squad_members:t = "t1_tanks_spawn17"
			squad_members:t = "t1_tanks_spawn18"
			squad_members:t = "t1_tanks_spawn19"
			squad_members:t = "t1_tanks_spawn20"
		}
	}
	objectGroups {
		name:t = "notree_01"
		tm:m = [[0.895546, 0.0, 0.444968] [0.0, 1.0, 0.0] [-0.444968, 0.0, 0.895546] [1329.65, 7.66606, 892.779]]
		unit_class:t = "noTreeObjectGroup100"
		objLayer:i = 2
		props {
			army:i = 2
			active:b = true
		}
	}
	objectGroups {
		name:t = "notree_05"
		tm:m = [[0.895546, 0.0, 0.444968] [0.0, 1.0, 0.0] [-0.444968, 0.0, 0.895546] [1289.57, 7.66605, 901.448]]
		unit_class:t = "noTreeObjectGroup100"
		objLayer:i = 2
		props {
			army:i = 2
			active:b = true
		}
	}
	objectGroups {
		name:t = "notree_08"
		tm:m = [[0.895546, 0.0, 0.444968] [0.0, 1.0, 0.0] [-0.444968, 0.0, 0.895546] [1373.78, 7.66605, 952.378]]
		unit_class:t = "noTreeObjectGroup100"
		objLayer:i = 2
		props {
			army:i = 2
			active:b = true
		}
	}
	objectGroups {
		name:t = "notree_11"
		tm:m = [[0.895546, 0.0, 0.444968] [0.0, 1.0, 0.0] [-0.444968, 0.0, 0.895546] [1411.09, 7.66605, 933.402]]
		unit_class:t = "noTreeObjectGroup100"
		objLayer:i = 2
		props {
			army:i = 2
			active:b = true
		}
	}
	objectGroups {
		name:t = "notree_14"
		tm:m = [[0.895546, 0.0, 0.444968] [0.0, 1.0, 0.0] [-0.444968, 0.0, 0.895546] [1502.26, 7.66605, 972.539]]
		unit_class:t = "noTreeObjectGroup100"
		objLayer:i = 2
		props {
			army:i = 2
			active:b = true
		}
	}
	objectGroups {
		name:t = "notree_17"
		tm:m = [[0.895546, 0.0, 0.444968] [0.0, 1.0, 0.0] [-0.444968, 0.0, 0.895546] [1429.91, 7.66605, 1018.01]]
		unit_class:t = "noTreeObjectGroup100"
		objLayer:i = 2
		props {
			army:i = 2
			active:b = true
		}
	}
	objectGroups {
		name:t = "notree_20"
		tm:m = [[0.895546, 0.0, 0.444968] [0.0, 1.0, 0.0] [-0.444968, 0.0, 0.895546] [1518.85, 7.66605, 1047.36]]
		unit_class:t = "noTreeObjectGroup100"
		objLayer:i = 2
		props {
			army:i = 2
			active:b = true
		}
	}
	objectGroups {
		name:t = "notree_23"
		tm:m = [[0.895546, 0.0, 0.444968] [0.0, 1.0, 0.0] [-0.444968, 0.0, 0.895546] [1556.86, 7.66605, 1135.54]]
		unit_class:t = "noTreeObjectGroup100"
		objLayer:i = 2
		props {
			army:i = 2
			active:b = true
		}
	}
	objectGroups {
		name:t = "notree_26"
		tm:m = [[0.895546, 0.0, 0.444968] [0.0, 1.0, 0.0] [-0.444968, 0.0, 0.895546] [1576.41, 7.66605, 1034.11]]
		unit_class:t = "noTreeObjectGroup100"
		objLayer:i = 2
		props {
			army:i = 2
			active:b = true
		}
	}
	objectGroups {
		name:t = "notree_29"
		tm:m = [[0.895546, 0.0, 0.444968] [0.0, 1.0, 0.0] [-0.444968, 0.0, 0.895546] [1651.8, 7.66605, 1079.26]]
		unit_class:t = "noTreeObjectGroup100"
		objLayer:i = 2
		props {
			army:i = 2
			active:b = true
		}
	}
	objectGroups {
		name:t = "notree_32"
		tm:m = [[0.895546, 0.0, 0.444968] [0.0, 1.0, 0.0] [-0.444968, 0.0, 0.895546] [1730.44, 7.66605, 1105.58]]
		unit_class:t = "noTreeObjectGroup100"
		objLayer:i = 2
		props {
			army:i = 2
			active:b = true
		}
	}
	objectGroups {
		name:t = "notree_35"
		tm:m = [[0.895546, 0.0, 0.444968] [0.0, 1.0, 0.0] [-0.444968, 0.0, 0.895546] [1809.78, 7.66605, 1124.61]]
		unit_class:t = "noTreeObjectGroup100"
		objLayer:i = 2
		props {
			army:i = 2
			active:b = true
		}
	}
	objectGroups {
		name:t = "notree_38"
		tm:m = [[0.895546, 0.0, 0.444968] [0.0, 1.0, 0.0] [-0.444968, 0.0, 0.895546] [1631.2, 7.66617, 1166.67]]
		unit_class:t = "noTreeObjectGroup100"
		objLayer:i = 2
		props {
			army:i = 2
			active:b = true
		}
	}
	objectGroups {
		name:t = "notree_41"
		tm:m = [[0.895546, 0.0, 0.444968] [0.0, 1.0, 0.0] [-0.444968, 0.0, 0.895546] [1709.97, 7.66617, 1205.74]]
		unit_class:t = "noTreeObjectGroup100"
		objLayer:i = 2
		props {
			army:i = 2
			active:b = true
		}
	}
	objectGroups {
		name:t = "notree_50"
		tm:m = [[0.895546, 0.0, 0.444968] [0.0, 1.0, 0.0] [-0.444968, 0.0, 0.895546] [2581.48, 34.8184, 2794.38]]
		unit_class:t = "noTreeObjectGroup100"
		objLayer:i = 2
		props {
			army:i = 2
			active:b = true
		}
	}
	objectGroups {
		name:t = "notree_53"
		tm:m = [[0.895546, 0.0, 0.444968] [0.0, 1.0, 0.0] [-0.444968, 0.0, 0.895546] [2598.74, 34.8184, 2834.2]]
		unit_class:t = "noTreeObjectGroup100"
		objLayer:i = 2
		props {
			army:i = 2
			active:b = true
		}
	}
	objectGroups {
		name:t = "notree_62"
		tm:m = [[0.895546, 0.0, 0.444968] [0.0, 1.0, 0.0] [-0.444968, 0.0, 0.895546] [2268.25, 34.8184, 3126.41]]
		unit_class:t = "noTreeObjectGroup100"
		objLayer:i = 2
		props {
			army:i = 2
			active:b = true
		}
	}
	objectGroups {
		name:t = "notree_65"
		tm:m = [[0.895546, 0.0, 0.444968] [0.0, 1.0, 0.0] [-0.444968, 0.0, 0.895546] [2248.58, 34.8184, 3225.45]]
		unit_class:t = "noTreeObjectGroup100"
		objLayer:i = 2
		props {
			army:i = 2
			active:b = true
		}
	}
	objectGroups {
		name:t = "notree_68"
		tm:m = [[0.895546, 0.0, 0.444968] [0.0, 1.0, 0.0] [-0.444968, 0.0, 0.895546] [2332.43, 34.8185, 2883.68]]
		unit_class:t = "noTreeObjectGroup100"
		objLayer:i = 2
		props {
			army:i = 2
			active:b = true
		}
	}
	objectGroups {
		name:t = "notree_71"
		tm:m = [[0.895546, 0.0, 0.444968] [0.0, 1.0, 0.0] [-0.444968, 0.0, 0.895546] [2370.55, 34.8, 2801.65]]
		unit_class:t = "noTreeObjectGroup100"
		objLayer:i = 2
		props {
			army:i = 2
			active:b = true
		}
	}
	objectGroups {
		name:t = "notree_74"
		tm:m = [[0.895546, 0.0, 0.444968] [0.0, 1.0, 0.0] [-0.444968, 0.0, 0.895546] [2402.45, 34.8, 2729.15]]
		unit_class:t = "noTreeObjectGroup100"
		objLayer:i = 2
		props {
			army:i = 2
			active:b = true
		}
	}
	objectGroups {
		name:t = "notree_77"
		tm:m = [[0.99299, 0.0, -0.118199] [0.0, 1.0, 0.0] [0.118199, 0.0, 0.99299] [2452.7, 34.8, 2267.4]]
		unit_class:t = "noTreeObjectGroup100"
		objLayer:i = 2
		props {
			army:i = 2
			active:b = true
		}
	}
	objectGroups {
		name:t = "notree_80"
		tm:m = [[0.976119, 0.0, 0.217237] [0.0, 1.0, 0.0] [-0.217237, 0.0, 0.976119] [2454.15, 34.8, 2181.1]]
		unit_class:t = "noTreeObjectGroup100"
		objLayer:i = 2
		props {
			army:i = 2
			active:b = true
		}
	}
	objectGroups {
		name:t = "notree_83"
		tm:m = [[0.886299, 0.0, 0.463114] [0.0, 1.0, 0.0] [-0.463114, 0.0, 0.886299] [1978.49, 1.25002, 1807.33]]
		unit_class:t = "noTreeObjectGroup100"
		objLayer:i = 2
		props {
			army:i = 2
			active:b = true
		}
	}
	objectGroups {
		name:t = "notree_85"
		tm:m = [[0.941168, 0.0, 0.337939] [0.0, 1.0, 0.0] [-0.337939, 0.0, 0.941168] [2516.65, 34.8, 2095.45]]
		unit_class:t = "noTreeObjectGroup100"
		objLayer:i = 2
		props {
			army:i = 2
			active:b = true
		}
	}
	objectGroups {
		name:t = "notree_30"
		tm:m = [[0.895546, 0.0, 0.444968] [0.0, 1.0, 0.0] [-0.444968, 0.0, 0.895546] [1474.39, 7.66605, 1099.64]]
		unit_class:t = "noTreeObjectGroup100"
		objLayer:i = 2
		props {
			army:i = 2
			active:b = true
		}
	}
	objectGroups {
		name:t = "notree_39"
		tm:m = [[0.895546, 0.0, 0.444968] [0.0, 1.0, 0.0] [-0.444968, 0.0, 0.895546] [1339.54, 7.66605, 989.655]]
		unit_class:t = "noTreeObjectGroup100"
		objLayer:i = 2
		props {
			army:i = 2
			active:b = true
		}
	}
	objectGroups {
		name:t = "notree_72"
		tm:m = [[0.895546, 0.0, 0.444968] [0.0, 1.0, 0.0] [-0.444968, 0.0, 0.895546] [1254.26, 7.66605, 953.937]]
		unit_class:t = "noTreeObjectGroup100"
		objLayer:i = 2
		props {
			army:i = 2
			active:b = true
		}
	}
	area_squad {
		name:t = "t2_rearm_zone"
		tm:m = [[1.0, 0.0, 0.0] [0.0, 1.0, 0.0] [0.0, 0.0, 1.0] [-822.154, 23.2117, -95.1837]]
		props {
			squad_members:t = "t2_rearm_zone_01"
			squad_members:t = "t2_rearm_zone_02"
		}
	}
	area_squad {
		name:t = "t1_rearm_zone"
		tm:m = [[1.0, 0.0, 0.0] [0.0, 1.0, 0.0] [0.0, 0.0, 1.0] [562.478, 23.2117, -501.735]]
		props {
			squad_members:t = "t1_rearm_zone_01"
			squad_members:t = "t1_rearm_zone_02"
		}
	}
	objectGroups {
		name:t = "notree_44"
		tm:m = [[0.895546, 0.0, 0.444968] [0.0, 1.0, 0.0] [-0.444968, 0.0, 0.895546] [1568.31, 7.66617, 1374.17]]
		unit_class:t = "noTreeObjectGroup100"
		objLayer:i = 2
		props {
			army:i = 2
			active:b = true
		}
	}
	objectGroups {
		name:t = "notree_88"
		tm:m = [[0.886299, 0.0, 0.463114] [0.0, 1.0, 0.0] [-0.463114, 0.0, 0.886299] [2171.94, 1.25003, 1795.65]]
		unit_class:t = "noTreeObjectGroup25"
		objLayer:i = 2
		props {
			army:i = 2
			active:b = true
		}
	}
	objectGroups {
		name:t = "notree_91"
		tm:m = [[0.886299, 0.0, 0.463114] [0.0, 1.0, 0.0] [-0.463114, 0.0, 0.886299] [2126.1, 1.25, 1774.0]]
		unit_class:t = "noTreeObjectGroup25"
		objLayer:i = 2
		props {
			army:i = 2
			active:b = true
		}
	}
	objectGroups {
		name:t = "notree_93"
		tm:m = [[0.388334, 0.0, 0.921519] [0.0, 1.0, 0.0] [-0.921519, 0.0, 0.388334] [2227.9, 1.25, 1920.4]]
		unit_class:t = "noTreeObjectGroup25"
		objLayer:i = 2
		props {
			army:i = 2
			active:b = true
		}
	}
	objectGroups {
		name:t = "notree_96"
		tm:m = [[0.388334, 0.0, 0.921519] [0.0, 1.0, 0.0] [-0.921519, 0.0, 0.388334] [2235.95, 1.25, 1940.5]]
		unit_class:t = "noTreeObjectGroup25"
		objLayer:i = 2
		props {
			army:i = 2
			active:b = true
		}
	}
	objectGroups {
		name:t = "notree_99"
		tm:m = [[0.388334, 0.0, 0.921519] [0.0, 1.0, 0.0] [-0.921519, 0.0, 0.388334] [2431.5, 1.25, 2011.0]]
		unit_class:t = "noTreeObjectGroup25"
		objLayer:i = 2
		props {
			army:i = 2
			active:b = true
		}
	}
	objectGroups {
		name:t = "notree_102"
		tm:m = [[0.388334, 0.0, 0.921519] [0.0, 1.0, 0.0] [-0.921519, 0.0, 0.388334] [2426.4, 1.25, 1991.7]]
		unit_class:t = "noTreeObjectGroup25"
		objLayer:i = 2
		props {
			army:i = 2
			active:b = true
		}
	}
	objectGroups {
		name:t = "notree_81"
		tm:m = [[0.663034, 0.0, 0.748589] [0.0, 1.0, 0.0] [-0.748589, 0.0, 0.663034] [2419.95, 21.4, 2614.3]]
		unit_class:t = "noTreeObjectGroup25"
		objLayer:i = 2
		props {
			army:i = 2
			active:b = true
		}
	}
	objectGroups {
		name:t = "notree_94"
		tm:m = [[0.663034, 0.0, 0.748589] [0.0, 1.0, 0.0] [-0.748589, 0.0, 0.663034] [2245.0, 18.95, 3405.65]]
		unit_class:t = "noTreeObjectGroup25"
		objLayer:i = 2
		props {
			army:i = 2
			active:b = true
		}
	}
	objectGroups {
		name:t = "notree_103"
		tm:m = [[0.663034, 0.0, 0.748589] [0.0, 1.0, 0.0] [-0.748589, 0.0, 0.663034] [2277.2, 18.95, 3365.6]]
		unit_class:t = "noTreeObjectGroup25"
		objLayer:i = 2
		props {
			army:i = 2
			active:b = true
		}
	}
	objectGroups {
		name:t = "notree_106"
		tm:m = [[0.663034, 0.0, 0.748589] [0.0, 1.0, 0.0] [-0.748589, 0.0, 0.663034] [2228.45, 18.95, 3447.0]]
		unit_class:t = "noTreeObjectGroup25"
		objLayer:i = 2
		props {
			army:i = 2
			active:b = true
		}
	}
	objectGroups {
		name:t = "notree_109"
		tm:m = [[0.663034, 0.0, 0.748589] [0.0, 1.0, 0.0] [-0.748589, 0.0, 0.663034] [2244.5, 18.95, 3478.7]]
		unit_class:t = "noTreeObjectGroup25"
		objLayer:i = 2
		props {
			army:i = 2
			active:b = true
		}
	}
	objectGroups {
		name:t = "notree_112"
		tm:m = [[0.663034, 0.0, 0.748589] [0.0, 1.0, 0.0] [-0.748589, 0.0, 0.663034] [2149.65, 18.95, 3455.45]]
		unit_class:t = "noTreeObjectGroup25"
		objLayer:i = 2
		props {
			army:i = 2
			active:b = true
		}
	}
}
areas {
	briefing_bombers {
		type:t = "Point"
		tm:m = [[-0.785066, 0.0, -0.619412] [0.0, 1.0, 0.0] [0.619412, 0.0, -0.785066] [321.258, 72.0264, 2708.95]]
		objLayer:i = 0
		props {

		}
	}
	convoy_waypoint01 {
		type:t = "Point"
		tm:m = [[-28.0762, 0.0, 95.9777] [0.0, 100.0, 0.0] [-95.9777, 0.0, -28.0762] [2270.7, 8.9, 1933.9]]
		objLayer:i = 0
		props {

		}
	}
	convoy_waypoint02 {
		type:t = "Point"
		tm:m = [[-29.1279, 0.0, 95.6638] [0.0, 100.0, 0.0] [-95.6638, 0.0, -29.1279] [2524.9, 41.85, 2408.25]]
		objLayer:i = 0
		props {

		}
	}
	convoy_waypoint03 {
		type:t = "Point"
		tm:m = [[-93.8904, 0.0, -34.4181] [0.0, 100.0, 0.0] [34.4181, 0.0, -93.8904] [2336.0, 44.35, 2921.0]]
		objLayer:i = 0
		props {

		}
	}
	convoy_waypoint04 {
		type:t = "Point"
		tm:m = [[-89.3214, 0.0, -44.963] [0.0, 100.0, 0.0] [44.963, 0.0, -89.3214] [1780.9, 38.25, 3583.75]]
		objLayer:i = 0
		props {

		}
	}
	convoy_waypoint00 {
		type:t = "Point"
		tm:m = [[-15.4279, 0.0, 98.8027] [0.0, 100.0, 0.0] [-98.8027, 0.0, -15.4279] [1786.26, 13.6, 1242.5]]
		objLayer:i = 0
		props {

		}
	}
	briefing_tanks {
		type:t = "Point"
		tm:m = [[1.0, 0.0, 0.0] [0.0, 1.0, 0.0] [0.0, 0.0, 1.0] [1641.35, 7.89532, 1103.85]]
		objLayer:i = 0
		props {

		}
	}
	convoy_starting_point {
		type:t = "Point"
		tm:m = [[0.891669, 0.0, 0.452686] [0.0, 1.0, 0.0] [-0.452686, 0.0, 0.891669] [1253.4, 9.05, 895.0]]
		objLayer:i = 0
		props {

		}
	}
	t2_tanks_spawn00_01 {
		type:t = "Sphere"
		tm:m = [[-0.00286746, 0.0, 6.0] [0.0, 6.0, 0.0] [-6.0, 0.0, -0.00286746] [1833.68, 8.19034, 1132.43]]
		objLayer:i = 0
		props {

		}
	}
	t2_tanks_spawn00_02 {
		type:t = "Sphere"
		tm:m = [[-0.00286746, 0.0, 6.0] [0.0, 6.0, 0.0] [-6.0, 0.0, -0.00286746] [1833.58, 8.26328, 1113.23]]
		objLayer:i = 0
		props {

		}
	}
	t2_tanks_spawn00_03 {
		type:t = "Sphere"
		tm:m = [[-0.00286746, 0.0, 6.0] [0.0, 6.0, 0.0] [-6.0, 0.0, -0.00286746] [1833.57, 8.21229, 1096.32]]
		objLayer:i = 0
		props {

		}
	}
	t2_tanks_spawn00_04 {
		type:t = "Sphere"
		tm:m = [[-0.00286746, 0.0, 6.0] [0.0, 6.0, 0.0] [-6.0, 0.0, -0.00286746] [1834.44, 8.13605, 1075.13]]
		objLayer:i = 0
		props {

		}
	}
	t2_tanks_spawn00_05 {
		type:t = "Sphere"
		tm:m = [[-0.00286746, 0.0, 6.0] [0.0, 6.0, 0.0] [-6.0, 0.0, -0.00286746] [1834.29, 6.78143, 1057.75]]
		objLayer:i = 0
		props {

		}
	}
	t2_tanks_spawn00_06 {
		type:t = "Sphere"
		tm:m = [[-0.00286746, 0.0, 6.0] [0.0, 6.0, 0.0] [-6.0, 0.0, -0.00286746] [1834.93, 6.14911, 1036.47]]
		objLayer:i = 0
		props {

		}
	}
	t2_tanks_spawn00_07 {
		type:t = "Sphere"
		tm:m = [[-0.00286746, 0.0, 6.0] [0.0, 6.0, 0.0] [-6.0, 0.0, -0.00286746] [1808.34, 8.14694, 1121.87]]
		objLayer:i = 0
		props {

		}
	}
	t2_tanks_spawn00_08 {
		type:t = "Sphere"
		tm:m = [[-0.00286746, 0.0, 6.0] [0.0, 6.0, 0.0] [-6.0, 0.0, -0.00286746] [1813.32, 8.14893, 1104.51]]
		objLayer:i = 0
		props {

		}
	}
	t2_tanks_spawn00_09 {
		type:t = "Sphere"
		tm:m = [[-0.00286746, 0.0, 6.0] [0.0, 6.0, 0.0] [-6.0, 0.0, -0.00286746] [1816.82, 8.11269, 1086.9]]
		objLayer:i = 0
		props {

		}
	}
	t2_tanks_spawn00_10 {
		type:t = "Sphere"
		tm:m = [[-0.00286746, 0.0, 6.0] [0.0, 6.0, 0.0] [-6.0, 0.0, -0.00286746] [1814.92, 8.06244, 1065.59]]
		objLayer:i = 0
		props {

		}
	}
	t2_tanks_spawn00_11 {
		type:t = "Sphere"
		tm:m = [[-0.00286746, 0.0, 6.0] [0.0, 6.0, 0.0] [-6.0, 0.0, -0.00286746] [1810.81, 8.00848, 1048.86]]
		objLayer:i = 0
		props {

		}
	}
	t2_tanks_spawn00_12 {
		type:t = "Sphere"
		tm:m = [[-0.00286746, 0.0, 6.0] [0.0, 6.0, 0.0] [-6.0, 0.0, -0.00286746] [1860.95, 9.26049, 1122.67]]
		objLayer:i = 0
		props {

		}
	}
	t2_tanks_spawn00_13 {
		type:t = "Sphere"
		tm:m = [[-0.00286746, 0.0, 6.0] [0.0, 6.0, 0.0] [-6.0, 0.0, -0.00286746] [1854.03, 9.0113, 1105.56]]
		objLayer:i = 0
		props {

		}
	}
	t2_tanks_spawn00_14 {
		type:t = "Sphere"
		tm:m = [[-0.00286746, 0.0, 6.0] [0.0, 6.0, 0.0] [-6.0, 0.0, -0.00286746] [1852.38, 8.71314, 1087.93]]
		objLayer:i = 0
		props {

		}
	}
	t2_tanks_spawn00_15 {
		type:t = "Sphere"
		tm:m = [[-0.00286746, 0.0, 6.0] [0.0, 6.0, 0.0] [-6.0, 0.0, -0.00286746] [1855.87, 8.81759, 1067.82]]
		objLayer:i = 0
		props {

		}
	}
	t2_tanks_spawn00_16 {
		type:t = "Sphere"
		tm:m = [[-0.00286746, 0.0, 6.0] [0.0, 6.0, 0.0] [-6.0, 0.0, -0.00286746] [1862.1, 9.83547, 1050.33]]
		objLayer:i = 0
		props {

		}
	}
	t2_tanks_spawn00_17 {
		type:t = "Sphere"
		tm:m = [[-0.00286746, 0.0, 6.0] [0.0, 6.0, 0.0] [-6.0, 0.0, -0.00286746] [1792.69, 8.09252, 1102.68]]
		objLayer:i = 0
		props {

		}
	}
	t2_tanks_spawn00_18 {
		type:t = "Sphere"
		tm:m = [[-0.00286746, 0.0, 6.0] [0.0, 6.0, 0.0] [-6.0, 0.0, -0.00286746] [1792.63, 7.99602, 1071.86]]
		objLayer:i = 0
		props {

		}
	}
	t2_tanks_spawn00_19 {
		type:t = "Sphere"
		tm:m = [[-0.00286746, 0.0, 6.0] [0.0, 6.0, 0.0] [-6.0, 0.0, -0.00286746] [1877.72, 11.1701, 1103.44]]
		objLayer:i = 0
		props {

		}
	}
	t2_tanks_spawn00_20 {
		type:t = "Sphere"
		tm:m = [[-0.00286746, 0.0, 6.0] [0.0, 6.0, 0.0] [-6.0, 0.0, -0.00286746] [1878.18, 12.0796, 1071.14]]
		objLayer:i = 0
		props {

		}
	}
	t2_tanks_spawn01_01 {
		type:t = "Sphere"
		tm:m = [[1.16743, 0.0, 5.88533] [0.0, 6.0, 0.0] [-5.88533, 0.0, 1.16743] [1920.7, 26.9752, 1448.51]]
		objLayer:i = 0
		props {

		}
	}
	t2_tanks_spawn01_02 {
		type:t = "Sphere"
		tm:m = [[1.16743, 0.0, 5.88533] [0.0, 6.0, 0.0] [-5.88533, 0.0, 1.16743] [1925.52, 24.037, 1432.71]]
		objLayer:i = 0
		props {

		}
	}
	t2_tanks_spawn01_03 {
		type:t = "Sphere"
		tm:m = [[1.16743, 0.0, 5.88533] [0.0, 6.0, 0.0] [-5.88533, 0.0, 1.16743] [1930.04, 21.8962, 1418.99]]
		objLayer:i = 0
		props {

		}
	}
	t2_tanks_spawn01_04 {
		type:t = "Sphere"
		tm:m = [[1.16743, 0.0, 5.88533] [0.0, 6.0, 0.0] [-5.88533, 0.0, 1.16743] [1935.99, 23.3248, 1399.39]]
		objLayer:i = 0
		props {

		}
	}
	t2_tanks_spawn01_05 {
		type:t = "Sphere"
		tm:m = [[1.16743, 0.0, 5.88533] [0.0, 6.0, 0.0] [-5.88533, 0.0, 1.16743] [1940.65, 24.3577, 1383.57]]
		objLayer:i = 0
		props {

		}
	}
	t2_tanks_spawn01_06 {
		type:t = "Sphere"
		tm:m = [[1.16743, 0.0, 5.88533] [0.0, 6.0, 0.0] [-5.88533, 0.0, 1.16743] [1881.1, 24.1841, 1441.68]]
		objLayer:i = 0
		props {

		}
	}
	t2_tanks_spawn01_07 {
		type:t = "Sphere"
		tm:m = [[1.16743, 0.0, 5.88533] [0.0, 6.0, 0.0] [-5.88533, 0.0, 1.16743] [1908.53, 26.4076, 1437.01]]
		objLayer:i = 0
		props {

		}
	}
	t2_tanks_spawn01_08 {
		type:t = "Sphere"
		tm:m = [[1.16743, 0.0, 5.88533] [0.0, 6.0, 0.0] [-5.88533, 0.0, 1.16743] [1913.86, 24.2453, 1420.89]]
		objLayer:i = 0
		props {

		}
	}
	t2_tanks_spawn01_09 {
		type:t = "Sphere"
		tm:m = [[1.16743, 0.0, 5.88533] [0.0, 6.0, 0.0] [-5.88533, 0.0, 1.16743] [1919.46, 22.1935, 1403.46]]
		objLayer:i = 0
		props {

		}
	}
	t2_tanks_spawn01_10 {
		type:t = "Sphere"
		tm:m = [[1.16743, 0.0, 5.88533] [0.0, 6.0, 0.0] [-5.88533, 0.0, 1.16743] [1924.14, 22.0216, 1386.94]]
		objLayer:i = 0
		props {

		}
	}
	t2_tanks_spawn01_11 {
		type:t = "Sphere"
		tm:m = [[1.16743, 0.0, 5.88533] [0.0, 6.0, 0.0] [-5.88533, 0.0, 1.16743] [1897.69, 25.0587, 1422.5]]
		objLayer:i = 0
		props {

		}
	}
	t2_tanks_spawn01_12 {
		type:t = "Sphere"
		tm:m = [[1.16743, 0.0, 5.88533] [0.0, 6.0, 0.0] [-5.88533, 0.0, 1.16743] [1901.96, 24.1934, 1403.64]]
		objLayer:i = 0
		props {

		}
	}
	t2_tanks_spawn01_13 {
		type:t = "Sphere"
		tm:m = [[1.16743, 0.0, 5.88533] [0.0, 6.0, 0.0] [-5.88533, 0.0, 1.16743] [1878.04, 25.6047, 1423.8]]
		objLayer:i = 0
		props {

		}
	}
	t2_tanks_spawn01_14 {
		type:t = "Sphere"
		tm:m = [[1.16743, 0.0, 5.88533] [0.0, 6.0, 0.0] [-5.88533, 0.0, 1.16743] [1939.17, 24.5612, 1447.75]]
		objLayer:i = 0
		props {

		}
	}
	t2_tanks_spawn01_15 {
		type:t = "Sphere"
		tm:m = [[1.16743, 0.0, 5.88533] [0.0, 6.0, 0.0] [-5.88533, 0.0, 1.16743] [1945.81, 22.8032, 1428.75]]
		objLayer:i = 0
		props {

		}
	}
	t2_tanks_spawn01_16 {
		type:t = "Sphere"
		tm:m = [[1.16743, 0.0, 5.88533] [0.0, 6.0, 0.0] [-5.88533, 0.0, 1.16743] [1951.93, 25.2343, 1409.17]]
		objLayer:i = 0
		props {

		}
	}
	t2_tanks_spawn01_17 {
		type:t = "Sphere"
		tm:m = [[1.16743, 0.0, 5.88533] [0.0, 6.0, 0.0] [-5.88533, 0.0, 1.16743] [1957.76, 26.486, 1390.7]]
		objLayer:i = 0
		props {

		}
	}
	t2_tanks_spawn01_18 {
		type:t = "Sphere"
		tm:m = [[1.16743, 0.0, 5.88533] [0.0, 6.0, 0.0] [-5.88533, 0.0, 1.16743] [1902.31, 25.4536, 1454.98]]
		objLayer:i = 0
		props {

		}
	}
	t2_tanks_spawn01_19 {
		type:t = "Sphere"
		tm:m = [[1.16743, 0.0, 5.88533] [0.0, 6.0, 0.0] [-5.88533, 0.0, 1.16743] [1960.29, 23.6644, 1445.64]]
		objLayer:i = 0
		props {

		}
	}
	t2_tanks_spawn01_20 {
		type:t = "Sphere"
		tm:m = [[1.16743, 0.0, 5.88533] [0.0, 6.0, 0.0] [-5.88533, 0.0, 1.16743] [1963.92, 25.8078, 1424.19]]
		objLayer:i = 0
		props {

		}
	}
	t2_tanks_spawn02_01 {
		type:t = "Sphere"
		tm:m = [[-2.57133, 0.0, 5.42108] [0.0, 6.0, 0.0] [-5.42108, 0.0, -2.57133] [2698.27, 28.8261, 2055.39]]
		objLayer:i = 0
		props {

		}
	}
	t2_tanks_spawn02_02 {
		type:t = "Sphere"
		tm:m = [[-3.18118, 0.0, 5.08725] [0.0, 6.0, 0.0] [-5.08725, 0.0, -3.18118] [2693.55, 28.6923, 2039.62]]
		objLayer:i = 0
		props {

		}
	}
	t2_tanks_spawn02_03 {
		type:t = "Sphere"
		tm:m = [[-3.3913, 0.0, 4.94964] [0.0, 6.0, 0.0] [-4.94964, 0.0, -3.3913] [2688.85, 26.6911, 2023.87]]
		objLayer:i = 0
		props {

		}
	}
	t2_tanks_spawn02_04 {
		type:t = "Sphere"
		tm:m = [[-2.85859, 0.0, 5.27526] [0.0, 6.0, 0.0] [-5.27526, 0.0, -2.85859] [2683.21, 25.735, 2003.26]]
		objLayer:i = 0
		props {

		}
	}
	t2_tanks_spawn02_05 {
		type:t = "Sphere"
		tm:m = [[-2.23189, 0.0, 5.56943] [0.0, 6.0, 0.0] [-5.56943, 0.0, -2.23189] [2678.36, 26.5046, 1987.48]]
		objLayer:i = 0
		props {

		}
	}
	t2_tanks_spawn02_06 {
		type:t = "Sphere"
		tm:m = [[-1.92705, 0.0, 5.68211] [0.0, 6.0, 0.0] [-5.68211, 0.0, -1.92705] [2669.58, 25.1364, 1972.19]]
		objLayer:i = 0
		props {

		}
	}
	t2_tanks_spawn02_07 {
		type:t = "Sphere"
		tm:m = [[-2.85212, 0.0, 5.27877] [0.0, 6.0, 0.0] [-5.27877, 0.0, -2.85212] [2680.09, 26.6975, 2052.88]]
		objLayer:i = 0
		props {

		}
	}
	t2_tanks_spawn02_08 {
		type:t = "Sphere"
		tm:m = [[-3.45847, 0.0, 4.90295] [0.0, 6.0, 0.0] [-4.90295, 0.0, -3.45847] [2676.08, 26.4337, 2035.47]]
		objLayer:i = 0
		props {

		}
	}
	t2_tanks_spawn02_09 {
		type:t = "Sphere"
		tm:m = [[-3.28881, 0.0, 5.01834] [0.0, 6.0, 0.0] [-5.01834, 0.0, -3.28881] [2671.51, 25.4973, 2019.73]]
		objLayer:i = 0
		props {

		}
	}
	t2_tanks_spawn02_10 {
		type:t = "Sphere"
		tm:m = [[-2.738, 0.0, 5.33885] [0.0, 6.0, 0.0] [-5.33885, 0.0, -2.738] [2667.49, 27.4999, 2002.46]]
		objLayer:i = 0
		props {

		}
	}
	t2_tanks_spawn02_11 {
		type:t = "Sphere"
		tm:m = [[-1.96934, 0.0, 5.6676] [0.0, 6.0, 0.0] [-5.6676, 0.0, -1.96934] [2662.69, 27.0469, 1986.71]]
		objLayer:i = 0
		props {

		}
	}
	t2_tanks_spawn02_12 {
		type:t = "Sphere"
		tm:m = [[-3.64622, 0.0, 4.76497] [0.0, 6.0, 0.0] [-4.76497, 0.0, -3.64622] [2711.22, 28.5315, 2041.45]]
		objLayer:i = 0
		props {

		}
	}
	t2_tanks_spawn02_13 {
		type:t = "Sphere"
		tm:m = [[-2.70928, 0.0, 5.35347] [0.0, 6.0, 0.0] [-5.35347, 0.0, -2.70928] [2708.37, 27.6091, 2027.4]]
		objLayer:i = 0
		props {

		}
	}
	t2_tanks_spawn02_14 {
		type:t = "Sphere"
		tm:m = [[-3.25008, 0.0, 5.04349] [0.0, 6.0, 0.0] [-5.04349, 0.0, -3.25008] [2703.9, 26.0604, 2011.07]]
		objLayer:i = 0
		props {

		}
	}
	t2_tanks_spawn02_15 {
		type:t = "Sphere"
		tm:m = [[-2.62743, 0.0, 5.39412] [0.0, 6.0, 0.0] [-5.39412, 0.0, -2.62743] [2699.68, 25.7692, 1996.71]]
		objLayer:i = 0
		props {

		}
	}
	t2_tanks_spawn02_16 {
		type:t = "Sphere"
		tm:m = [[-2.12718, 0.0, 5.61026] [0.0, 6.0, 0.0] [-5.61026, 0.0, -2.12718] [2695.04, 26.3741, 1977.23]]
		objLayer:i = 0
		props {

		}
	}
	t2_tanks_spawn02_17 {
		type:t = "Sphere"
		tm:m = [[-2.94039, 0.0, 5.23011] [0.0, 6.0, 0.0] [-5.23011, 0.0, -2.94039] [2718.8, 29.2527, 2059.25]]
		objLayer:i = 0
		props {

		}
	}
	t2_tanks_spawn02_18 {
		type:t = "Sphere"
		tm:m = [[-3.29707, 0.0, 5.01291] [0.0, 6.0, 0.0] [-5.01291, 0.0, -3.29707] [2729.47, 28.5103, 2044.32]]
		objLayer:i = 0
		props {

		}
	}
	t2_tanks_spawn02_19 {
		type:t = "Sphere"
		tm:m = [[-2.89205, 0.0, 5.257] [0.0, 6.0, 0.0] [-5.257, 0.0, -2.89205] [2739.15, 29.1682, 2062.19]]
		objLayer:i = 0
		props {

		}
	}
	t2_tanks_spawn02_20 {
		type:t = "Sphere"
		tm:m = [[-2.077, 0.0, 5.62903] [0.0, 6.0, 0.0] [-5.62903, 0.0, -2.077] [2748.7, 28.6121, 2049.16]]
		objLayer:i = 0
		props {

		}
	}
	t2_tanks_spawn03_01 {
		type:t = "Sphere"
		tm:m = [[-5.9997, 0.0, 0.0592878] [0.0, 6.0, 0.0] [-0.0592878, 0.0, -5.9997] [2638.48, 35.6455, 2817.83]]
		objLayer:i = 0
		props {

		}
	}
	t2_tanks_spawn03_02 {
		type:t = "Sphere"
		tm:m = [[-5.88276, 0.0, 1.18032] [0.0, 6.0, 0.0] [-1.18032, 0.0, -5.88276] [2578.53, 38.9571, 2770.7]]
		objLayer:i = 0
		props {

		}
	}
	t2_tanks_spawn03_03 {
		type:t = "Sphere"
		tm:m = [[-5.89885, 0.0, 1.0971] [0.0, 6.0, 0.0] [-1.0971, 0.0, -5.89885] [2588.3, 37.639, 2785.99]]
		objLayer:i = 0
		props {

		}
	}
	t2_tanks_spawn03_04 {
		type:t = "Sphere"
		tm:m = [[-5.95186, 0.0, 0.758506] [0.0, 6.0, 0.0] [-0.758506, 0.0, -5.95186] [2598.26, 36.092, 2801.97]]
		objLayer:i = 0
		props {

		}
	}
	t2_tanks_spawn03_05 {
		type:t = "Sphere"
		tm:m = [[-5.93174, 0.0, 0.902456] [0.0, 6.0, 0.0] [-0.902456, 0.0, -5.93174] [2606.93, 35.4297, 2815.4]]
		objLayer:i = 0
		props {

		}
	}
	t2_tanks_spawn03_06 {
		type:t = "Sphere"
		tm:m = [[-5.99323, 0.0, 0.285043] [0.0, 6.0, 0.0] [-0.285043, 0.0, -5.99323] [2620.57, 34.1202, 2829.3]]
		objLayer:i = 0
		props {

		}
	}
	t2_tanks_spawn03_07 {
		type:t = "Sphere"
		tm:m = [[-5.99356, 0.0, 0.277651] [0.0, 6.0, 0.0] [-0.277651, 0.0, -5.99356] [2638.49, 32.739, 2837.31]]
		objLayer:i = 0
		props {

		}
	}
	t2_tanks_spawn03_08 {
		type:t = "Sphere"
		tm:m = [[-5.99787, 0.0, 0.159125] [0.0, 6.0, 0.0] [-0.159125, 0.0, -5.99787] [2642.22, 38.5728, 2793.88]]
		objLayer:i = 0
		props {

		}
	}
	t2_tanks_spawn03_09 {
		type:t = "Sphere"
		tm:m = [[-5.99683, 0.0, 0.195047] [0.0, 6.0, 0.0] [-0.195047, 0.0, -5.99683] [2591.87, 40.0109, 2755.38]]
		objLayer:i = 0
		props {

		}
	}
	t2_tanks_spawn03_10 {
		type:t = "Sphere"
		tm:m = [[-5.9753, 0.0, -0.543777] [0.0, 6.0, 0.0] [0.543777, 0.0, -5.9753] [2601.53, 39.1973, 2773.73]]
		objLayer:i = 0
		props {

		}
	}
	t2_tanks_spawn03_11 {
		type:t = "Sphere"
		tm:m = [[-5.98782, 0.0, -0.382125] [0.0, 6.0, 0.0] [0.382125, 0.0, -5.98782] [2612.85, 37.8003, 2793.81]]
		objLayer:i = 0
		props {

		}
	}
	t2_tanks_spawn03_12 {
		type:t = "Sphere"
		tm:m = [[-5.82952, 0.0, 1.42005] [0.0, 6.0, 0.0] [-1.42005, 0.0, -5.82952] [2561.13, 33.2374, 2825.93]]
		objLayer:i = 0
		props {

		}
	}
	t2_tanks_spawn03_13 {
		type:t = "Sphere"
		tm:m = [[-5.99975, 0.0, 0.0541434] [0.0, 6.0, 0.0] [-0.0541434, 0.0, -5.99975] [2625.18, 36.9737, 2806.23]]
		objLayer:i = 0
		props {

		}
	}
	t2_tanks_spawn03_14 {
		type:t = "Sphere"
		tm:m = [[-5.95981, 0.0, -0.693238] [0.0, 6.0, 0.0] [0.693238, 0.0, -5.95981] [2564.37, 36.7977, 2788.33]]
		objLayer:i = 0
		props {

		}
	}
	t2_tanks_spawn03_15 {
		type:t = "Sphere"
		tm:m = [[-5.77316, 0.0, 1.63417] [0.0, 6.0, 0.0] [-1.63417, 0.0, -5.77316] [2578.08, 34.6407, 2809.73]]
		objLayer:i = 0
		props {

		}
	}
	t2_tanks_spawn03_16 {
		type:t = "Sphere"
		tm:m = [[-5.99354, 0.0, 0.278265] [0.0, 6.0, 0.0] [-0.278265, 0.0, -5.99354] [2625.34, 39.3467, 2778.36]]
		objLayer:i = 0
		props {

		}
	}
	t2_tanks_spawn03_17 {
		type:t = "Sphere"
		tm:m = [[-5.6797, 0.0, 1.9342] [0.0, 6.0, 0.0] [-1.9342, 0.0, -5.6797] [2552.89, 35.021, 2801.02]]
		objLayer:i = 0
		props {

		}
	}
	t2_tanks_spawn03_18 {
		type:t = "Sphere"
		tm:m = [[-5.73633, 0.0, 1.75915] [0.0, 6.0, 0.0] [-1.75915, 0.0, -5.73633] [2578.62, 32.9542, 2831.39]]
		objLayer:i = 0
		props {

		}
	}
	t2_tanks_spawn03_19 {
		type:t = "Sphere"
		tm:m = [[-5.9509, 0.0, 0.766005] [0.0, 6.0, 0.0] [-0.766005, 0.0, -5.9509] [2592.28, 33.7821, 2823.95]]
		objLayer:i = 0
		props {

		}
	}
	t2_tanks_spawn03_20 {
		type:t = "Sphere"
		tm:m = [[-5.62757, 0.0, 2.08099] [0.0, 6.0, 0.0] [-2.08099, 0.0, -5.62757] [2603.23, 32.6149, 2843.78]]
		objLayer:i = 0
		props {

		}
	}
	t2_tanks_spawn04_01 {
