selected_tag:t = ""
bin_dump_file:t = ""
mission_settings {
	player {
		army:i = 1
	}
	player_teamB {
		army:i = 2
	}
	mission {
		level:t = "levels/ruhr.bin"
		type:t = "domination"
		environment:t = "Day"
		weather:t = "clear"
	}
}
imports {

}
triggers {
	isCategory:b = true
	is_enabled:b = true
	airfileds_high_init {
		is_enabled:b = true
		comments:t = ""
		props {
			actionsType:t = "PERFORM_ONE_BY_ONE"
			conditionsType:t = "ALL"
			enableAfterComplete:b = false
		}
		events {
			initMission {

			}
		}
		conditions {

		}
		actions {
			unitSetProperties {
				object:t = "t2_def_aaa_high_squad"
				object:t = "t1_def_aaa_high_squad"
				object_marking:i = 0
				object_var_name:t = ""
				object_var_comp_op:t = "equal"
				object_var_value:i = 0
				accuracy:r = 0.9
				checkVisibilityTarget:b = true
				effShootingRate:r = 1
				airEffShootingRate:r = 1
				useSearchRadar:b = true
				fireRandom:b = true
				targetChangeInterval:r = 5
				targetChangeProb:r = 0.25
			}
		}
		else_actions {

		}
	}
}
mission_objectives {
	isCategory:b = true
	is_enabled:b = true
}
variables {

}
dialogs {

}
airfields {

}
effects {

}
units {
	objectGroups {
		name:t = "t1_airfield_high"
		tm:m = [[0.975365, 0.0, -0.220599] [0.0, 1.0, 0.0] [0.220599, 0.0, 0.975365] [11609.9, 861.406, 22357.1]]
		unit_class:t = "dynaf_pg_1line_3000_green"
		objLayer:i = 2
		props {
			army:i = 1
			active:b = true
		}
	}
	objectGroups {
		name:t = "t2_airfield_high"
		tm:m = [[-0.995629, 0.0, -0.0933922] [0.0, 1.0, 0.0] [0.0933922, 0.0, -0.995629] [-43641.0, 1091.92, 27843.1]]
		unit_class:t = "dynaf_pg_1line_3000_green"
		objLayer:i = 2
		props {
			army:i = 2
			active:b = true
		}
	}
	objectGroups {
		name:t = "t1_airfield_high_reload"
		tm:m = [[0.962185, 0.0, -0.272397] [0.0, 1.0, 0.0] [0.272397, 0.0, 0.962185] [4973.55, 1577.2, 35605.6]]
		unit_class:t = "dynaf_pg_1line_3000_universal"
		objLayer:i = 2
		props {
			army:i = 1
			active:b = true
		}
	}
	objectGroups {
		name:t = "t2_airfield_high_reload"
		tm:m = [[-0.995629, 0.0, -0.0933929] [0.0, 1.0, 0.0] [0.0933929, 0.0, -0.995629] [-36326.3, 618.5, 34389.0]]
		unit_class:t = "dynaf_pg_1line_3000_universal"
		objLayer:i = 2
		props {
			army:i = 2
			active:b = true
		}
	}
	tankModels {
		name:t = "t1_aaa_high_light_01"
		tm:m = [[0.98204, 0.0, -0.188663] [0.0, 1.0, 0.0] [0.188663, 0.0, 0.98204] [12542.5, 873.156, 21210.1]]
		unit_class:t = "sw_veak_40"
		objLayer:i = 1
		closed_waypoints:b = false
		isShipSpline:b = false
		shipTurnRadius:r = 100
		weapons:t = ""
		bullets0:t = "40mm_sw_kan_HE"
		bullets1:t = ""
		bullets2:t = ""
		bullets3:t = ""
		bulletsCount0:i = 0
		bulletsCount1:i = 0
		bulletsCount2:i = 0
		bulletsCount3:i = 0
		crewSkillK:r = 0
		applyAllMods:b = false
		props {
			army:i = 1
			count:i = 1
			formation_type:t = "rows"
			formation_div:i = 3
			formation_step:p2 = 2.5, 2
			formation_noise:p2 = 0.1, 0.1
			uniqueName:t = ""
			attack_type:t = "fire_at_will"
		}
		way {

		}
	}
	tankModels {
		name:t = "t1_aaa_high_heavy_01"
		tm:m = [[0.98204, 0.0, -0.188663] [0.0, 1.0, 0.0] [0.188663, 0.0, 0.98204] [12084.0, 856.988, 22591.5]]
		unit_class:t = "fr_amx_30_roland"
		objLayer:i = 1
		closed_waypoints:b = false
		isShipSpline:b = false
		shipTurnRadius:r = 100
		weapons:t = ""
		bullets0:t = ""
		bullets1:t = ""
		bullets2:t = ""
		bullets3:t = ""
		bulletsCount0:i = 0
		bulletsCount1:i = 0
		bulletsCount2:i = 0
		bulletsCount3:i = 0
		crewSkillK:r = 0
		applyAllMods:b = false
		props {
			army:i = 1
			count:i = 1
			formation_type:t = "rows"
			formation_div:i = 3
			formation_step:p2 = 2.5, 2
			formation_noise:p2 = 0.1, 0.1
			uniqueName:t = ""
			attack_type:t = "fire_at_will"
		}
		way {

		}
	}
	tankModels {
		name:t = "t1_aaa_high_light_02"
		tm:m = [[-0.989336, 0.0, 0.145647] [0.0, 1.0, 0.0] [-0.145647, 0.0, -0.989336] [11936.9, 870.974, 22768.5]]
		unit_class:t = "sw_veak_40"
		objLayer:i = 1
		closed_waypoints:b = false
		isShipSpline:b = false
		shipTurnRadius:r = 100
		weapons:t = ""
		bullets0:t = "40mm_sw_kan_HE"
		bullets1:t = ""
		bullets2:t = ""
		bullets3:t = ""
		bulletsCount0:i = 0
		bulletsCount1:i = 0
		bulletsCount2:i = 0
		bulletsCount3:i = 0
		crewSkillK:r = 0
		applyAllMods:b = false
		props {
			army:i = 1
			count:i = 1
			formation_type:t = "rows"
			formation_div:i = 3
			formation_step:p2 = 2.5, 2
			formation_noise:p2 = 0.1, 0.1
			uniqueName:t = ""
			attack_type:t = "fire_at_will"
		}
		way {

		}
	}
	tankModels {
		name:t = "t1_aaa_high_light_03"
		tm:m = [[0.98204, 0.0, -0.188663] [0.0, 1.0, 0.0] [0.188663, 0.0, 0.98204] [10584.2, 874.816, 21712.6]]
		unit_class:t = "sw_veak_40"
		objLayer:i = 1
		closed_waypoints:b = false
		isShipSpline:b = false
		shipTurnRadius:r = 100
		weapons:t = ""
		bullets0:t = "40mm_sw_kan_HE"
		bullets1:t = ""
		bullets2:t = ""
		bullets3:t = ""
		bulletsCount0:i = 0
		bulletsCount1:i = 0
		bulletsCount2:i = 0
		bulletsCount3:i = 0
		crewSkillK:r = 0
		applyAllMods:b = false
		props {
			army:i = 1
			count:i = 1
			formation_type:t = "rows"
			formation_div:i = 3
			formation_step:p2 = 2.5, 2
			formation_noise:p2 = 0.1, 0.1
			uniqueName:t = ""
			attack_type:t = "fire_at_will"
		}
		way {

		}
	}
	tankModels {
		name:t = "t1_aaa_high_light_04"
		tm:m = [[-0.999596, 0.0, -0.0283625] [0.0, 1.0, 0.0] [0.0283625, 0.0, -0.999596] [11258.7, 874.401, 22944.3]]
		unit_class:t = "sw_veak_40"
		objLayer:i = 1
		closed_waypoints:b = false
		isShipSpline:b = false
		shipTurnRadius:r = 100
		weapons:t = ""
		bullets0:t = "40mm_sw_kan_HE"
		bullets1:t = ""
		bullets2:t = ""
		bullets3:t = ""
		bulletsCount0:i = 0
		bulletsCount1:i = 0
		bulletsCount2:i = 0
		bulletsCount3:i = 0
		crewSkillK:r = 0
		applyAllMods:b = false
		props {
			army:i = 1
			count:i = 1
			formation_type:t = "rows"
			formation_div:i = 3
			formation_step:p2 = 2.5, 2
			formation_noise:p2 = 0.1, 0.1
			uniqueName:t = ""
			attack_type:t = "fire_at_will"
		}
		way {

		}
	}
	tankModels {
		name:t = "t1_aaa_high_heavy_02"
		tm:m = [[-0.989336, 0.0, 0.145647] [0.0, 1.0, 0.0] [-0.145647, 0.0, -0.989336] [11688.0, 875.172, 21565.3]]
		unit_class:t = "fr_amx_30_roland"
		objLayer:i = 1
		closed_waypoints:b = false
		isShipSpline:b = false
		shipTurnRadius:r = 100
		weapons:t = ""
		bullets0:t = ""
		bullets1:t = ""
		bullets2:t = ""
		bullets3:t = ""
		bulletsCount0:i = 0
		bulletsCount1:i = 0
		bulletsCount2:i = 0
		bulletsCount3:i = 0
		crewSkillK:r = 0
		applyAllMods:b = false
		props {
			army:i = 1
			count:i = 1
			formation_type:t = "rows"
			formation_div:i = 3
			formation_step:p2 = 2.5, 2
			formation_noise:p2 = 0.1, 0.1
			uniqueName:t = ""
			attack_type:t = "fire_at_will"
		}
		way {

		}
	}
	squad {
		name:t = "t1_def_aaa_high_squad"
		tm:m = [[-0.903397, 0.0, -0.428806] [0.0, 1.0, 0.0] [0.428806, 0.0, -0.903397] [-17112.4, 231.493, 64184.4]]
		props {
			squad_members:t = "t1_aaa_high_light_01"
			squad_members:t = "t1_aaa_high_light_02"
			squad_members:t = "t1_aaa_high_light_03"
			squad_members:t = "t1_aaa_high_light_04"
			squad_members:t = "t1_aaa_high_heavy_01"
			squad_members:t = "t1_aaa_high_heavy_02"
			object_marking:i = 0
		}
	}
	tankModels {
		name:t = "t2_aaa_high_light_01"
		tm:m = [[0.953272, 0.0, -0.302113] [0.0, 1.0, 0.0] [0.302113, 0.0, 0.953272] [-44337.5, 1125.52, 28193.6]]
		unit_class:t = "sw_veak_40"
		objLayer:i = 1
		closed_waypoints:b = false
		isShipSpline:b = false
		shipTurnRadius:r = 100
		weapons:t = ""
		bullets0:t = "40mm_sw_kan_HE"
		bullets1:t = ""
		bullets2:t = ""
		bullets3:t = ""
		bulletsCount0:i = 0
		bulletsCount1:i = 0
		bulletsCount2:i = 0
		bulletsCount3:i = 0
		crewSkillK:r = 0
		applyAllMods:b = false
		props {
			army:i = 2
			count:i = 1
			formation_type:t = "rows"
			formation_div:i = 3
			formation_step:p2 = 2.5, 2
			formation_noise:p2 = 0.1, 0.1
			uniqueName:t = ""
			attack_type:t = "fire_at_will"
		}
		way {

		}
	}
	tankModels {
		name:t = "t2_aaa_high_heavy_01"
		tm:m = [[0.953272, 0.0, -0.302113] [0.0, 1.0, 0.0] [0.302113, 0.0, 0.953272] [-44516.3, 1126.33, 27415.3]]
		unit_class:t = "fr_amx_30_roland"
		objLayer:i = 1
		closed_waypoints:b = false
		isShipSpline:b = false
		shipTurnRadius:r = 100
		weapons:t = ""
		bullets0:t = ""
		bullets1:t = ""
		bullets2:t = ""
		bullets3:t = ""
		bulletsCount0:i = 0
		bulletsCount1:i = 0
		bulletsCount2:i = 0
		bulletsCount3:i = 0
		crewSkillK:r = 0
		applyAllMods:b = false
		props {
			army:i = 2
			count:i = 1
			formation_type:t = "rows"
			formation_div:i = 3
			formation_step:p2 = 2.5, 2
			formation_noise:p2 = 0.1, 0.1
			uniqueName:t = ""
			attack_type:t = "fire_at_will"
		}
		way {

		}
	}
	tankModels {
		name:t = "t2_aaa_high_light_02"
		tm:m = [[-0.939185, 0.0, 0.343407] [0.0, 1.0, 0.0] [-0.343407, 0.0, -0.939185] [-43559.9, 1126.46, 27460.3]]
		unit_class:t = "sw_veak_40"
		objLayer:i = 1
		closed_waypoints:b = false
		isShipSpline:b = false
		shipTurnRadius:r = 100
		weapons:t = ""
		bullets0:t = "40mm_sw_kan_HE"
		bullets1:t = ""
		bullets2:t = ""
		bullets3:t = ""
		bulletsCount0:i = 0
		bulletsCount1:i = 0
		bulletsCount2:i = 0
		bulletsCount3:i = 0
		crewSkillK:r = 0
		applyAllMods:b = false
		props {
			army:i = 2
			count:i = 1
			formation_type:t = "rows"
			formation_div:i = 3
			formation_step:p2 = 2.5, 2
			formation_noise:p2 = 0.1, 0.1
			uniqueName:t = ""
			attack_type:t = "fire_at_will"
		}
		way {

		}
	}
	tankModels {
		name:t = "t2_aaa_high_light_03"
		tm:m = [[0.953272, 0.0, -0.302113] [0.0, 1.0, 0.0] [0.302113, 0.0, 0.953272] [-42856.6, 1125.66, 28370.0]]
		unit_class:t = "sw_veak_40"
		objLayer:i = 1
		closed_waypoints:b = false
		isShipSpline:b = false
		shipTurnRadius:r = 100
		weapons:t = ""
		bullets0:t = "40mm_sw_kan_HE"
		bullets1:t = ""
		bullets2:t = ""
		bullets3:t = ""
		bulletsCount0:i = 0
		bulletsCount1:i = 0
		bulletsCount2:i = 0
		bulletsCount3:i = 0
		crewSkillK:r = 0
		applyAllMods:b = false
		props {
			army:i = 2
			count:i = 1
			formation_type:t = "rows"
			formation_div:i = 3
			formation_step:p2 = 2.5, 2
			formation_noise:p2 = 0.1, 0.1
			uniqueName:t = ""
			attack_type:t = "fire_at_will"
		}
		way {

		}
	}
	tankModels {
		name:t = "t2_aaa_high_light_04"
		tm:m = [[-0.965544, 0.0, 0.260242] [0.0, 1.0, 0.0] [-0.260242, 0.0, -0.965544] [-42812.7, 1126.9, 27563.4]]
		unit_class:t = "sw_veak_40"
		objLayer:i = 1
		closed_waypoints:b = false
		isShipSpline:b = false
		shipTurnRadius:r = 100
		weapons:t = ""
		bullets0:t = "40mm_sw_kan_HE"
		bullets1:t = ""
		bullets2:t = ""
		bullets3:t = ""
		bulletsCount0:i = 0
		bulletsCount1:i = 0
		bulletsCount2:i = 0
		bulletsCount3:i = 0
		crewSkillK:r = 0
		applyAllMods:b = false
		props {
			army:i = 2
			count:i = 1
			formation_type:t = "rows"
			formation_div:i = 3
			formation_step:p2 = 2.5, 2
			formation_noise:p2 = 0.1, 0.1
			uniqueName:t = ""
			attack_type:t = "fire_at_will"
		}
		way {

		}
	}
	tankModels {
		name:t = "t2_aaa_high_heavy_02"
		tm:m = [[-0.939185, 0.0, 0.343407] [0.0, 1.0, 0.0] [-0.343407, 0.0, -0.939185] [-43491.3, 1124.91, 28288.8]]
		unit_class:t = "fr_amx_30_roland"
		objLayer:i = 1
		closed_waypoints:b = false
		isShipSpline:b = false
		shipTurnRadius:r = 100
		weapons:t = ""
		bullets0:t = ""
		bullets1:t = ""
		bullets2:t = ""
		bullets3:t = ""
		bulletsCount0:i = 0
		bulletsCount1:i = 0
		bulletsCount2:i = 0
		bulletsCount3:i = 0
		crewSkillK:r = 0
		applyAllMods:b = false
		props {
			army:i = 2
			count:i = 1
			formation_type:t = "rows"
			formation_div:i = 3
			formation_step:p2 = 2.5, 2
			formation_noise:p2 = 0.1, 0.1
			uniqueName:t = ""
			attack_type:t = "fire_at_will"
		}
		way {

		}
	}
	squad {
		name:t = "t2_def_aaa_high_squad"
		tm:m = [[0.943122, 0.0, -0.332446] [0.0, 1.0, 0.0] [0.332446, 0.0, 0.943122] [-41671.4, 554.407, 21678.0]]
		props {
			squad_members:t = "t2_aaa_high_light_01"
			squad_members:t = "t2_aaa_high_light_02"
			squad_members:t = "t2_aaa_high_light_03"
			squad_members:t = "t2_aaa_high_light_04"
			squad_members:t = "t2_aaa_high_heavy_01"
			squad_members:t = "t2_aaa_high_heavy_02"
			object_marking:i = 0
		}
	}
}
areas {
	t1_interceptor_area_high {
		type:t = "Sphere"
		tm:m = [[-1709.94, 0.0, -5751.19] [0.0, 6000.0, 0.0] [5751.19, 0.0, -1709.94] [11628.4, 3750.0, 22126.5]]
		props {

		}
	}
	t1_assault_high_spawn {
		type:t = "Sphere"
		tm:m = [[-287.46, 0.0, 85.83] [0.0, 300.0, 0.0] [-85.83, 0.0, -287.46] [3959.19, 2750.0, 24405.6]]
		props {

		}
	}
	t1_aaa_fighter_area_high {
		type:t = "Sphere"
		tm:m = [[-1139.96, 0.0, -3834.14] [0.0, 4000.0, 0.0] [3834.14, 0.0, -1139.96] [11628.4, 4750.0, 22126.6]]
		props {

		}
	}
	t1_assault_area_high {
		type:t = "Sphere"
		tm:m = [[-4559.85, 0.0, -15336.5] [0.0, 16000.0, 0.0] [15336.5, 0.0, -4559.85] [11628.4, 2750.0, 22126.6]]
		props {

		}
	}
	t1_interceptor_high_spawn {
		type:t = "Sphere"
		tm:m = [[-283.556, 0.0, 97.9582] [0.0, 300.0, 0.0] [-97.9582, 0.0, -283.556] [14485.9, 2750.0, 21277.2]]
		props {

		}
	}
	t1_aaa_fighter_high_spawn {
		type:t = "Sphere"
		tm:m = [[-283.556, 0.0, 97.9582] [0.0, 300.0, 0.0] [-97.9582, 0.0, -283.556] [13538.9, 3750.0, 21558.7]]
		props {

		}
	}
	t1_far_bomber_high_spawn {
		type:t = "Sphere"
		tm:m = [[-283.556, 0.0, 97.9582] [0.0, 300.0, 0.0] [-97.9582, 0.0, -283.556] [9712.35, 6250.0, 22696.3]]
		props {

		}
	}
	t1_main_bomber_high_spawn {
		type:t = "Sphere"
		tm:m = [[-283.556, 0.0, 97.9582] [0.0, 300.0, 0.0] [-97.9582, 0.0, -283.556] [9232.48, 5250.0, 22839.0]]
		props {

		}
	}
	t1_far_bomber_area_high {
		type:t = "Sphere"
		tm:m = [[-1139.96, 0.0, -3834.14] [0.0, 4000.0, 0.0] [3834.14, 0.0, -1139.96] [11628.4, 6250.0, 22126.6]]
		props {

		}
	}
	t1_main_bomber_area_high {
		type:t = "Sphere"
		tm:m = [[-1424.95, 0.0, -4792.65] [0.0, 5000.0, 0.0] [4792.65, 0.0, -1424.95] [11628.4, 5250.0, 22126.6]]
		props {

		}
	}
	t2_interceptor_area_high {
		type:t = "Sphere"
		tm:m = [[-131.626, 0.0, 5998.56] [0.0, 6000.0, 0.0] [-5998.56, 0.0, -131.626] [-43528.1, 3750.01, 27949.9]]
		props {

		}
	}
	t2_assault_high_spawn {
		type:t = "Sphere"
		tm:m = [[299.894, 0.0, 7.90819] [0.0, 300.0, 0.0] [-7.90819, 0.0, 299.894] [-35530.7, 2750.0, 28125.4]]
		props {

		}
	}
	t2_aaa_fighter_area_high {
		type:t = "Sphere"
		tm:m = [[-87.7679, 0.0, 3999.06] [0.0, 4000.0, 0.0] [-3999.06, 0.0, -87.7679] [-43528.1, 4750.0, 27949.9]]
		props {

		}
	}
	t2_assault_area_high {
		type:t = "Sphere"
		tm:m = [[-351.021, 0.0, 15996.1] [0.0, 16000.0, 0.0] [-15996.1, 0.0, -351.021] [-43528.1, 2750.0, 27949.9]]
		props {

		}
	}
	t2_interceptor_high_spawn {
		type:t = "Sphere"
		tm:m = [[299.928, 0.0, -6.50689] [0.0, 300.0, 0.0] [6.50689, 0.0, 299.928] [-46508.2, 2750.0, 27884.1]]
		props {

		}
	}
	t2_aaa_fighter_high_spawn {
		type:t = "Sphere"
		tm:m = [[299.928, 0.0, -6.50689] [0.0, 300.0, 0.0] [6.50689, 0.0, 299.928] [-45520.7, 3750.0, 27905.8]]
		props {

		}
	}
	t2_far_bomber_high_spawn {
		type:t = "Sphere"
		tm:m = [[299.928, 0.0, -6.50689] [0.0, 300.0, 0.0] [6.50689, 0.0, 299.928] [-41529.4, 6250.01, 27993.4]]
		props {

		}
	}
	t2_main_bomber_high_spawn {
		type:t = "Sphere"
		tm:m = [[299.928, 0.0, -6.50689] [0.0, 300.0, 0.0] [6.50689, 0.0, 299.928] [-41028.8, 5250.0, 28004.4]]
		props {

		}
	}
	t2_far_bomber_area_high {
		type:t = "Sphere"
		tm:m = [[-87.7679, 0.0, 3999.06] [0.0, 4000.0, 0.0] [-3999.06, 0.0, -87.7679] [-43528.1, 6250.0, 27949.9]]
		props {

		}
	}
	t2_main_bomber_area_high {
		type:t = "Sphere"
		tm:m = [[-109.711, 0.0, 4998.77] [0.0, 5000.0, 0.0] [-4998.77, 0.0, -109.711] [-43528.1, 5250.0, 27949.9]]
		props {

		}
	}
	airfields_area_26km {
		type:t = "Sphere"
		tm:m = [[-272.273, 0.0, 51999.2] [0.0, 52000.0, 0.0] [-51999.2, 0.0, -272.273] [-15627.6, 847.5, 26551.0]]
		objLayer:i = 3
		props {

		}
	}
	t2_common_fighters_high_spawn {
		type:t = "Sphere"
		tm:m = [[299.928, 0.0, -6.50689] [0.0, 300.0, 0.0] [6.50689, 0.0, 299.928] [-46508.2, 2250.01, 27884.1]]
		props {

		}
	}
	t1_common_fighters_high_spawn {
		type:t = "Sphere"
		tm:m = [[-283.556, 0.0, 97.9582] [0.0, 300.0, 0.0] [-97.9582, 0.0, -283.556] [14485.9, 2250.0, 21277.2]]
		props {

		}
	}
	t2_assault_additional_high_spawns_area {
		type:t = "Sphere"
		tm:m = [[15994.4, 0.0, 421.774] [0.0, 16000.0, 0.0] [-421.774, 0.0, 15994.4] [-35530.7, 2750.0, 28125.4]]
		props {

		}
	}
	t2_assault_high_spawn_01 {
		type:t = "Sphere"
		tm:m = [[299.894, 0.0, 7.90819] [0.0, 300.0, 0.0] [-7.90819, 0.0, 299.894] [-35741.6, 2750.0, 36121.9]]
		props {

		}
	}
	t2_assault_high_spawn_02 {
		type:t = "Sphere"
		tm:m = [[299.894, 0.0, 7.90819] [0.0, 300.0, 0.0] [-7.90819, 0.0, 299.894] [-35319.8, 2750.0, 20128.2]]
		props {

		}
	}
	t1_assault_additional_high_spawns_area {
		type:t = "Sphere"
		tm:m = [[-15331.2, 0.0, 4577.62] [0.0, 16000.0, 0.0] [-4577.62, 0.0, -15331.2] [3959.19, 2750.0, 24405.6]]
		props {

		}
	}
	t1_assault_high_spawn_01 {
		type:t = "Sphere"
		tm:m = [[-287.46, 0.0, 85.83] [0.0, 300.0, 0.0] [-85.83, 0.0, -287.46] [1670.91, 2750.0, 16741.8]]
		props {

		}
	}
	t1_assault_high_spawn_02 {
		type:t = "Sphere"
		tm:m = [[-287.46, 0.0, 85.83] [0.0, 300.0, 0.0] [-85.83, 0.0, -287.46] [6248.11, 2750.0, 32071.4]]
		props {

		}
	}
	airfields_area_reload_20km {
		type:t = "Sphere"
		tm:m = [[-209.441, 0.0, 39999.4] [0.0, 40000.0, 0.0] [-39999.4, 0.0, -209.441] [-15627.6, 1163.3, 26551.0]]
		objLayer:i = 3
		props {

		}
	}
}
objLayers {
	layer {
		enabled:b = true
	}
	layer {
		enabled:b = true
	}
	layer {
		enabled:b = true
	}
	layer {
		enabled:b = true
	}
	layer {
		enabled:b = true
	}
}
wayPoints {

}