selected_tag:t = ""
bin_dump_file:t = ""
mission_settings {
	atmosphere {
		pressure:r = 760
		temperature:r = -20
	}
	stars {
		latitude:r = 48
		longitude:r = 44
		year:i = 1941
		month:i = 12
		day:i = 20
		time:r = 12
	}
	player {
		army:i = 1
		wing:t = "player01"
	}
	player_teamB {
		army:i = 2
	}
	mission {
		level:t = "levels/moscow.bin"
		type:t = "singleMission"
		restoreType:t = "attempts"
		optionalTakeOff:b = false
		environment:t = "Night"
		weather:t = "clear"
	}
	spectator_points {

	}
	briefing {
		place_loc:t = ""
		date_loc:t = ""
		objective_loc:t = ""
		music:t = "action_01"
		viewAreaScale:r = 2
		part {
			event:t = ""
			minTime:i = 0
			slide {
				map:b = true
				minTime:i = 4
				picture:t = ""
				showAirMap:b = false
				arrow {
					width:i = 1
					side:t = "player"
					point:t = "player01"
					point:t = "bomb_target"
					point:t = "bomb_target"
				}
				icon {
					icontype:t = "bomber"
					side:t = "player"
					target:t = "player01"
					lookAt:t = "baloon_12"
				}
				icon {
					icontype:t = "building"
					side:t = "enemy"
					target:t = "bomb_zone"
				}
			}
		}
	}
}
imports {
	import_record {
		file:t = "gameData/missions/bridges/moscow_bridges.blk"
		importAreas:b = true
		importUnits:b = true
		importTriggers:b = true
		importMissionObjectives:b = true
		importWayPoints:b = true
		showAreas:b = true
		showUnits:b = true
		showTriggers:b = true
		showMissionObjectives:b = true
		showWayPoints:b = true
		excludes {

		}
	}
}
triggers {
	isCategory:b = true
	is_enabled:b = true
	start_mission {
		is_enabled:b = true
		comments:t = ""
		props {
			actionsType:t = "PERFORM_ONE_BY_ONE"
			conditionsType:t = "ALL"
			enableAfterComplete:b = false
		}
		events {
			periodicEvent {
				time:r = 1
			}
		}
		conditions {

		}
		actions {
			unitSetProperties {
				object_marking:i = 0
				object_var_name:t = ""
				object_var_comp_op:t = "equal"
				object_var_value:i = 0
				object:t = "arty_sq"
				stealthRadius:r = 0
				calmDetection:b = true
				accuracy:r = 0.5
				effShootingRate:r = 0.6
				effShootingRateByPlayer:r = 0.3
			}
			unitSetProperties {
				object_marking:i = 0
				object_var_name:t = ""
				object_var_comp_op:t = "equal"
				object_var_value:i = 0
				object:t = "baloons_sq01"
				object:t = "baloons_sq02"
				stealthRadius:r = 0
				calmDetection:b = true
			}
			unitMoveTo {
				target:t = "area_01"
				follow_target:b = false
				teleportHeightType:t = "absolute"
				useUnitHeightForTele:b = true
				shouldKeepFormation:b = false
				teleportHeightValue:r = 1000
				horizontalDirectionForTeleport:b = true
				object_marking:i = 0
				object_var_name:t = ""
				object_var_comp_op:t = "equal"
				object_var_value:i = 0
				target_marking:i = 0
				waypointReachedDist:r = 10
				recalculatePathDist:r = -1
				object:t = "armada_02"
			}
			unitMoveTo {
				target:t = "area_03"
				follow_target:b = false
				teleportHeightType:t = "absolute"
				useUnitHeightForTele:b = true
				shouldKeepFormation:b = false
				teleportHeightValue:r = 1000
				horizontalDirectionForTeleport:b = true
				object_marking:i = 0
				object_var_name:t = ""
				object_var_comp_op:t = "equal"
				object_var_value:i = 0
				target_marking:i = 0
				waypointReachedDist:r = 10
				recalculatePathDist:r = -1
				object:t = "armada_03"
			}
			unitAttackTarget {
				playerAttracted:b = false
				object:t = "arty_sq"
				target:t = "player01"
				target:t = "armada_02"
				fireRandom:b = true
			}
			wait {
				time:r = 5
			}
			moAddMissionObjective {
				target:t = "atack_bomb_target"
			}
			missionSetBombingArea {
				army:i = 2
				target:t = "bomb_zone"
				hp:r = 3000
			}
			unitPutToSleep {
				target:t = "armada_04"
			}
		}
		else_actions {

		}
	}
	atack_fighter {
		is_enabled:b = true
		comments:t = ""
		props {
			actionsType:t = "PERFORM_ONE_BY_ONE"
			conditionsType:t = "ALL"
			enableAfterComplete:b = false
		}
		events {
			periodicEvent {
				time:r = 1
			}
		}
		conditions {
			unitWhenInArea {
				math:t = "3D"
				object_type:t = "isAlive"
				object_marking:i = 0
				check_objects:t = "any"
				object_var_name:t = ""
				object_var_comp_op:t = "equal"
				object_var_value:i = 0
				object:t = "armada_02"
				object:t = "player01"
				target:t = "area_02"
			}
		}
		actions {
			unitAttackTarget {
				playerAttracted:b = false
				object:t = "armada_03"
				target:t = "player01"
				target:t = "armada_02"
				fireRandom:b = true
				playerAttractedCount:i = 1
			}
			unitAttackTarget {
				playerAttracted:b = false
				object:t = "armada_02"
				target:t = "atack_point_sq"
				fireRandom:b = true
			}
		}
		else_actions {

		}
	}
	bomb_zone_destroyed {
		is_enabled:b = true
		comments:t = ""
		props {
			actionsType:t = "PERFORM_ONE_BY_ONE"
			conditionsType:t = "ALL"
			enableAfterComplete:b = false
		}
		events {
			periodicEvent {
				time:r = 1
			}
		}
		conditions {
			missionIsBombingAreaDestroyed {
				target:t = "bomb_zone"
			}
		}
		actions {
			unitWakeUp {
				target:t = "armada_04"
			}
			unitAttackTarget {
				playerAttracted:b = true
				object:t = "armada_04"
				target:t = "player01"
				target:t = "armada_02"
				playerAttractedCount:i = 3
				playerAttractedEffRate:r = 0.4
			}
			wait {
				time:r = 1
			}
			triggerEnable {
				target:t = "come_first_point"
			}
			triggerDisable {
				target:t = "player_no_bomb_rb"
				target:t = "player_no_bomb_sb"
			}
			missionStartCutscene {
				target:t = "armada_04"
				second_target:t = "player01"
				duration:r = 10
				camera_type:t = "two_obj"
				direction_amp:r = 1
				flat_offs:p3 = 100, 100, 100
				zoom:r = 1
				frequency:r = 1
				linear_at_vel:p3 = 0, 0, 0
				linear_eye_vel:p3 = 0, 0, 0
				linear_at_accel:r = 0
				linear_eye_accel:r = 0
				linear_relative:b = false
				pitch:r = 0.1
				yaw:r = 0
				pitch_amplitude:r = 1
				yaw_amplitude:r = 1
				distance:r = 30
				shake_mult:r = 1
				splineEye:t = ""
				splineAt:t = ""
				splineSpeed:r = 100
				resetCamera:b = true
				shake_accel:r = 0
				fov_accel:r = 0
				mustHaveGui:b = false
			}
			wait {
				time:r = 12
			}
			moSetObjectiveStatus {
				target:t = "atack_bomb_target"
				status:i = 2
				team:t = "A"
			}
			wait {
				time:r = 5
			}
			missionMarkAsWaypoint {
				visible:b = true
				primary:b = true
				oriented:b = false
				ignoreDifficulty:b = false
				scale:r = 3
				target:t = "live_point"
				team:t = "A"
			}
			missionMarkAsWaypoint {
				visible:b = true
				primary:b = false
				oriented:b = false
				ignoreDifficulty:b = false
				scale:r = 3
				target:t = "live_point01"
				team:t = "A"
			}
			moAddMissionObjective {
				target:t = "live_battle_area"
			}
		}
		else_actions {

		}
	}
	come_first_point {
		is_enabled:b = false
		comments:t = ""
		props {
			actionsType:t = "PERFORM_ONE_BY_ONE"
			conditionsType:t = "ALL"
			enableAfterComplete:b = false
		}
		events {
			periodicEvent {
				time:r = 1
			}
		}
		conditions {
			unitDistanceBetween {
				value:r = 2000
				math:t = "2D"
				object_type:t = "isAlive"
				object_marking:i = 0
				target_type:t = "isAlive"
				target_marking:i = 0
				check_objects:t = "any"
				check_targets:t = "any"
				object_var_name:t = ""
				object_var_comp_op:t = "equal"
				object_var_value:i = 0
				object:t = "player01"
				target:t = "live_point"
			}
			misObjStatus {
				target:t = "atack_bomb_target"
				status:t = "completed"
			}
		}
		actions {
			triggerEnable {
				target:t = "live_area_after_bombing"
			}
			missionMarkAsWaypoint {
				visible:b = false
				primary:b = true
				oriented:b = false
				ignoreDifficulty:b = false
				scale:r = 3
				target:t = "live_point"
				team:t = "A"
			}
			missionMarkAsWaypoint {
				visible:b = true
				primary:b = true
				oriented:b = false
				ignoreDifficulty:b = false
				scale:r = 3
				target:t = "live_point01"
				team:t = "A"
			}
		}
		else_actions {

		}
	}
	live_area_after_bombing {
		is_enabled:b = false
		comments:t = ""
		props {
			actionsType:t = "PERFORM_ONE_BY_ONE"
			conditionsType:t = "ALL"
			enableAfterComplete:b = false
		}
		events {
			periodicEvent {
				time:r = 1
			}
		}
		conditions {
			unitDistanceBetween {
				value:r = 1500
				math:t = "2D"
				object_type:t = "isAlive"
				object_marking:i = 0
				target_type:t = "isAlive"
				target_marking:i = 0
				check_objects:t = "any"
				check_targets:t = "any"
				object_var_name:t = ""
				object_var_comp_op:t = "equal"
				object_var_value:i = 0
				object:t = "player01"
				target:t = "live_point01"
			}
			misObjStatus {
				target:t = "atack_bomb_target"
				status:t = "completed"
			}
		}
		actions {
			moSetObjectiveStatus {
				target:t = "live_battle_area"
				status:i = 2
			}
			wait {
				time:r = 5
			}
			missionCompleted {
				team:t = "A"
				timer:b = false
				playCompleteMusic:b = true
			}
		}
		else_actions {

		}
	}
	player_no_bomb_rb {
		is_enabled:b = true
		comments:t = ""
		props {
			actionsType:t = "PERFORM_ONE_BY_ONE"
			conditionsType:t = "ALL"
			enableAfterComplete:b = false
		}
		events {
			periodicEvent {
				time:r = 1
			}
		}
		conditions {
			gameWhenDifficulty {
				difficulty:t = "realistic"
				is:t = "equal"
			}
			unitWhenStatus {
				object_type:t = "noBombs"
				check_objects:t = "any"
				object_marking:i = 0
				target_type:t = "isAlive"
				check_period:r = 1
				object_var_name:t = ""
				object_var_comp_op:t = "equal"
				object_var_value:i = 0
				object:t = "player01"
			}
			unitWhenInArea {
				math:t = "notNear2D"
				object_type:t = "isAlive"
				object_marking:i = 0
				check_objects:t = "any"
				object_var_name:t = ""
				object_var_comp_op:t = "equal"
				object_var_value:i = 0
				object:t = "player01"
				target:t = "zone_for_bombing"
			}
		}
		actions {
			moSetObjectiveStatus {
				target:t = "atack_bomb_target"
				status:i = 3
			}
			wait {
				time:r = 5
			}
			missionFailed {

			}
		}
		else_actions {

		}
	}
	player_no_bomb_sb {
		is_enabled:b = true
		comments:t = ""
		props {
			actionsType:t = "PERFORM_ONE_BY_ONE"
			conditionsType:t = "ALL"
			enableAfterComplete:b = false
		}
		events {
			periodicEvent {
				time:r = 1
			}
		}
		conditions {
			gameWhenDifficulty {
				difficulty:t = "simulator"
				is:t = "equal"
			}
			unitWhenStatus {
				object_type:t = "noBombs"
				check_objects:t = "any"
				object_marking:i = 0
				target_type:t = "isAlive"
				check_period:r = 1
				object_var_name:t = ""
				object_var_comp_op:t = "equal"
				object_var_value:i = 0
				object:t = "player01"
			}
			unitWhenInArea {
				math:t = "notNear2D"
				object_type:t = "isAlive"
				object_marking:i = 0
				check_objects:t = "any"
				object_var_name:t = ""
				object_var_comp_op:t = "equal"
				object_var_value:i = 0
				object:t = "player01"
				target:t = "zone_for_bombing"
			}
		}
		actions {
			moSetObjectiveStatus {
				target:t = "atack_bomb_target"
				status:i = 3
			}
			wait {
				time:r = 5
			}
			missionFailed {

			}
		}
		else_actions {

		}
	}
}
mission_objectives {
	isCategory:b = true
	is_enabled:b = true
	atack_bomb_target {
		is_enabled:b = false
		comments:t = ""
		type:t = "abstractMissionObjective"
		props {
			isPrimary:b = true
			timeLimit:i = 1800
			scoreConst:i = 100
			scoreTime:i = 400
		}
		onSuccess {

		}
		onFailed {

		}
	}
	live_battle_area {
		is_enabled:b = false
		comments:t = ""
		type:t = "abstractMissionObjective"
		props {
			isPrimary:b = true
			timeLimit:i = 1800
			scoreConst:i = 100
			scoreTime:i = 400
		}
		onSuccess {

		}
		onFailed {

		}
	}
}
variables {

}
dialogs {

}
airfields {

}
effects {

}
units {
	structures {
		name:t = "baloon_01"
		tm:m = [[-0.509739, 0.0, 0.860328] [0.0, 1.0, 0.0] [-0.860328, 0.0, -0.509739] [30444.6, 1379.05, 34823.2]]
		unit_class:t = "barrage_balloon_unit"
		objLayer:i = 1
		closed_waypoints:b = false
		isShipSpline:b = false
		shipTurnRadius:r = 100
		weapons:t = ""
		bullets0:t = ""
		bullets1:t = ""
		bullets2:t = ""
		bullets3:t = ""
		bulletsCount0:i = 0
		bulletsCount1:i = 0
		bulletsCount2:i = 0
		bulletsCount3:i = 0
		props {
			army:i = 2
			count:i = 1
			formation_type:t = "rows"
			formation_div:i = 3
			formation_step:p2 = 2.5, 2
			formation_noise:p2 = 0.1, 0.1
			uniqueName:t = ""
			attack_type:t = "fire_at_will"
			calmDetection:b = true
		}
		way {

		}
	}
	structures {
		name:t = "baloon_02"
		tm:m = [[-0.509739, 0.0, 0.860328] [0.0, 1.0, 0.0] [-0.860328, 0.0, -0.509739] [31311.1, 1379.05, 34864.8]]
		unit_class:t = "barrage_balloon_unit"
		objLayer:i = 1
		closed_waypoints:b = false
		isShipSpline:b = false
		shipTurnRadius:r = 100
		weapons:t = ""
		bullets0:t = ""
		bullets1:t = ""
		bullets2:t = ""
		bullets3:t = ""
		bulletsCount0:i = 0
		bulletsCount1:i = 0
		bulletsCount2:i = 0
		bulletsCount3:i = 0
		props {
			army:i = 2
			count:i = 1
			formation_type:t = "rows"
			formation_div:i = 3
			formation_step:p2 = 2.5, 2
			formation_noise:p2 = 0.1, 0.1
			uniqueName:t = ""
			attack_type:t = "fire_at_will"
		}
		way {

		}
	}
	structures {
		name:t = "baloon_03"
		tm:m = [[-0.509739, 0.0, 0.860328] [0.0, 1.0, 0.0] [-0.860328, 0.0, -0.509739] [32729.9, 1379.05, 36010.8]]
		unit_class:t = "barrage_balloon_unit"
		objLayer:i = 1
		closed_waypoints:b = false
		isShipSpline:b = false
		shipTurnRadius:r = 100
		weapons:t = ""
		bullets0:t = ""
		bullets1:t = ""
		bullets2:t = ""
		bullets3:t = ""
		bulletsCount0:i = 0
		bulletsCount1:i = 0
		bulletsCount2:i = 0
		bulletsCount3:i = 0
		props {
			army:i = 2
			count:i = 1
			formation_type:t = "rows"
			formation_div:i = 3
			formation_step:p2 = 2.5, 2
			formation_noise:p2 = 0.1, 0.1
			uniqueName:t = ""
			attack_type:t = "fire_at_will"
		}
		way {

		}
	}
	structures {
		name:t = "baloon_04"
		tm:m = [[-0.509739, 0.0, 0.860328] [0.0, 1.0, 0.0] [-0.860328, 0.0, -0.509739] [31134.5, 1379.05, 35188.9]]
		unit_class:t = "barrage_balloon_unit"
		objLayer:i = 1
		closed_waypoints:b = false
		isShipSpline:b = false
		shipTurnRadius:r = 100
		weapons:t = ""
		bullets0:t = ""
		bullets1:t = ""
		bullets2:t = ""
		bullets3:t = ""
		bulletsCount0:i = 0
		bulletsCount1:i = 0
		bulletsCount2:i = 0
		bulletsCount3:i = 0
		props {
			army:i = 2
			count:i = 1
			formation_type:t = "rows"
			formation_div:i = 3
			formation_step:p2 = 2.5, 2
			formation_noise:p2 = 0.1, 0.1
			uniqueName:t = ""
			attack_type:t = "fire_at_will"
		}
		way {

		}
	}
	structures {
		name:t = "baloon_05"
		tm:m = [[-0.509739, 0.0, 0.860328] [0.0, 1.0, 0.0] [-0.860328, 0.0, -0.509739] [32386.1, 1379.05, 34802.1]]
		unit_class:t = "barrage_balloon_unit"
		objLayer:i = 1
		closed_waypoints:b = false
		isShipSpline:b = false
		shipTurnRadius:r = 100
		weapons:t = ""
		bullets0:t = ""
		bullets1:t = ""
		bullets2:t = ""
		bullets3:t = ""
		bulletsCount0:i = 0
		bulletsCount1:i = 0
		bulletsCount2:i = 0
		bulletsCount3:i = 0
		props {
			army:i = 2
			count:i = 1
			formation_type:t = "rows"
			formation_div:i = 3
			formation_step:p2 = 2.5, 2
			formation_noise:p2 = 0.1, 0.1
			uniqueName:t = ""
			attack_type:t = "fire_at_will"
		}
		way {

		}
	}
	structures {
		name:t = "baloon_06"
		tm:m = [[-0.509739, 0.0, 0.860328] [0.0, 1.0, 0.0] [-0.860328, 0.0, -0.509739] [30933.4, 1379.05, 35006.9]]
		unit_class:t = "barrage_balloon_unit"
		objLayer:i = 1
		closed_waypoints:b = false
		isShipSpline:b = false
		shipTurnRadius:r = 100
		weapons:t = ""
		bullets0:t = ""
		bullets1:t = ""
		bullets2:t = ""
		bullets3:t = ""
		bulletsCount0:i = 0
		bulletsCount1:i = 0
		bulletsCount2:i = 0
		bulletsCount3:i = 0
		props {
			army:i = 2
			count:i = 1
			formation_type:t = "rows"
			formation_div:i = 3
			formation_step:p2 = 2.5, 2
			formation_noise:p2 = 0.1, 0.1
			uniqueName:t = ""
			attack_type:t = "fire_at_will"
		}
		way {

		}
	}
	structures {
		name:t = "baloon_07"
		tm:m = [[-0.509739, 0.0, 0.860328] [0.0, 1.0, 0.0] [-0.860328, 0.0, -0.509739] [31272.5, 1379.05, 34110.6]]
		unit_class:t = "barrage_balloon_unit"
		objLayer:i = 1
		closed_waypoints:b = false
		isShipSpline:b = false
		shipTurnRadius:r = 100
		weapons:t = ""
		bullets0:t = ""
		bullets1:t = ""
		bullets2:t = ""
		bullets3:t = ""
		bulletsCount0:i = 0
		bulletsCount1:i = 0
		bulletsCount2:i = 0
		bulletsCount3:i = 0
		props {
			army:i = 2
			count:i = 1
			formation_type:t = "rows"
			formation_div:i = 3
			formation_step:p2 = 2.5, 2
			formation_noise:p2 = 0.1, 0.1
			uniqueName:t = ""
			attack_type:t = "fire_at_will"
		}
		way {

		}
	}
	structures {
		name:t = "baloon_08"
		tm:m = [[-0.509739, 0.0, 0.860328] [0.0, 1.0, 0.0] [-0.860328, 0.0, -0.509739] [32959.5, 1379.05, 35694.0]]
		unit_class:t = "barrage_balloon_unit"
		objLayer:i = 1
		closed_waypoints:b = false
		isShipSpline:b = false
		shipTurnRadius:r = 100
		weapons:t = ""
		bullets0:t = ""
		bullets1:t = ""
		bullets2:t = ""
		bullets3:t = ""
		bulletsCount0:i = 0
		bulletsCount1:i = 0
		bulletsCount2:i = 0
		bulletsCount3:i = 0
		props {
			army:i = 2
			count:i = 1
			formation_type:t = "rows"
			formation_div:i = 3
			formation_step:p2 = 2.5, 2
			formation_noise:p2 = 0.1, 0.1
			uniqueName:t = ""
			attack_type:t = "fire_at_will"
		}
		way {

		}
	}
	structures {
		name:t = "baloon_09"
		tm:m = [[-0.509739, 0.0, 0.860328] [0.0, 1.0, 0.0] [-0.860328, 0.0, -0.509739] [33747.1, 1379.05, 35175.2]]
		unit_class:t = "barrage_balloon_unit"
		objLayer:i = 1
		closed_waypoints:b = false
		isShipSpline:b = false
		shipTurnRadius:r = 100
		weapons:t = ""
		bullets0:t = ""
		bullets1:t = ""
		bullets2:t = ""
		bullets3:t = ""
		bulletsCount0:i = 0
		bulletsCount1:i = 0
		bulletsCount2:i = 0
		bulletsCount3:i = 0
		props {
			army:i = 2
			count:i = 1
			formation_type:t = "rows"
			formation_div:i = 3
			formation_step:p2 = 2.5, 2
			formation_noise:p2 = 0.1, 0.1
			uniqueName:t = ""
			attack_type:t = "fire_at_will"
		}
		way {

		}
	}
	structures {
		name:t = "baloon_10"
		tm:m = [[-0.509739, 0.0, 0.860328] [0.0, 1.0, 0.0] [-0.860328, 0.0, -0.509739] [32388.9, 1379.05, 34145.5]]
		unit_class:t = "barrage_balloon_unit"
		objLayer:i = 1
		closed_waypoints:b = false
		isShipSpline:b = false
		shipTurnRadius:r = 100
		weapons:t = ""
		bullets0:t = ""
		bullets1:t = ""
		bullets2:t = ""
		bullets3:t = ""
		bulletsCount0:i = 0
		bulletsCount1:i = 0
		bulletsCount2:i = 0
		bulletsCount3:i = 0
		props {
			army:i = 2
			count:i = 1
			formation_type:t = "rows"
			formation_div:i = 3
			formation_step:p2 = 2.5, 2
			formation_noise:p2 = 0.1, 0.1
			uniqueName:t = ""
			attack_type:t = "fire_at_will"
		}
		way {

		}
	}
	structures {
		name:t = "baloon_11"
		tm:m = [[-0.509739, 0.0, 0.860328] [0.0, 1.0, 0.0] [-0.860328, 0.0, -0.509739] [31339.9, 1379.05, 33664.6]]
		unit_class:t = "barrage_balloon_unit"
		objLayer:i = 1
		closed_waypoints:b = false
		isShipSpline:b = false
		shipTurnRadius:r = 100
		weapons:t = ""
		bullets0:t = ""
		bullets1:t = ""
		bullets2:t = ""
		bullets3:t = ""
		bulletsCount0:i = 0
		bulletsCount1:i = 0
		bulletsCount2:i = 0
		bulletsCount3:i = 0
		props {
			army:i = 2
			count:i = 1
			formation_type:t = "rows"
			formation_div:i = 3
			formation_step:p2 = 2.5, 2
			formation_noise:p2 = 0.1, 0.1
			uniqueName:t = ""
			attack_type:t = "fire_at_will"
		}
		way {

		}
	}
	structures {
		name:t = "baloon_12"
		tm:m = [[-0.509739, 0.0, 0.860328] [0.0, 1.0, 0.0] [-0.860328, 0.0, -0.509739] [30402.3, 1379.05, 33883.6]]
		unit_class:t = "barrage_balloon_unit"
		objLayer:i = 1
		closed_waypoints:b = false
		isShipSpline:b = false
		shipTurnRadius:r = 100
		weapons:t = ""
		bullets0:t = ""
		bullets1:t = ""
		bullets2:t = ""
		bullets3:t = ""
		bulletsCount0:i = 0
		bulletsCount1:i = 0
		bulletsCount2:i = 0
		bulletsCount3:i = 0
		props {
			army:i = 2
			count:i = 1
			formation_type:t = "rows"
			formation_div:i = 3
			formation_step:p2 = 2.5, 2
			formation_noise:p2 = 0.1, 0.1
			uniqueName:t = ""
			attack_type:t = "fire_at_will"
			calmDetection:b = true
		}
		way {

		}
	}
	structures {
		name:t = "baloon_25"
		tm:m = [[-0.509739, 0.0, 0.860328] [0.0, 1.0, 0.0] [-0.860328, 0.0, -0.509739] [30892.7, 1702.7, 34398.4]]
		unit_class:t = "barrage_balloon_unit"
		objLayer:i = 1
		closed_waypoints:b = false
		isShipSpline:b = false
		shipTurnRadius:r = 100
		weapons:t = ""
		bullets0:t = ""
		bullets1:t = ""
		bullets2:t = ""
		bullets3:t = ""
		bulletsCount0:i = 0
		bulletsCount1:i = 0
		bulletsCount2:i = 0
		bulletsCount3:i = 0
		props {
			army:i = 2
			count:i = 1
			formation_type:t = "rows"
			formation_div:i = 3
			formation_step:p2 = 2.5, 2
			formation_noise:p2 = 0.1, 0.1
			uniqueName:t = ""
			attack_type:t = "fire_at_will"
		}
		way {

		}
	}
	structures {
		name:t = "baloon_26"
		tm:m = [[-0.509739, 0.0, 0.860328] [0.0, 1.0, 0.0] [-0.860328, 0.0, -0.509739] [31759.1, 1702.7, 34440.0]]
		unit_class:t = "barrage_balloon_unit"
		objLayer:i = 1
		closed_waypoints:b = false
		isShipSpline:b = false
		shipTurnRadius:r = 100
		weapons:t = ""
		bullets0:t = ""
		bullets1:t = ""
		bullets2:t = ""
		bullets3:t = ""
		bulletsCount0:i = 0
		bulletsCount1:i = 0
		bulletsCount2:i = 0
		bulletsCount3:i = 0
		props {
			army:i = 2
			count:i = 1
			formation_type:t = "rows"
			formation_div:i = 3
			formation_step:p2 = 2.5, 2
			formation_noise:p2 = 0.1, 0.1
			uniqueName:t = ""
			attack_type:t = "fire_at_will"
		}
		way {

		}
	}
	structures {
		name:t = "baloon_27"
		tm:m = [[-0.509739, 0.0, 0.860328] [0.0, 1.0, 0.0] [-0.860328, 0.0, -0.509739] [33177.9, 1702.7, 35586.0]]
		unit_class:t = "barrage_balloon_unit"
		objLayer:i = 1
		closed_waypoints:b = false
		isShipSpline:b = false
		shipTurnRadius:r = 100
		weapons:t = ""
		bullets0:t = ""
		bullets1:t = ""
		bullets2:t = ""
		bullets3:t = ""
		bulletsCount0:i = 0
		bulletsCount1:i = 0
		bulletsCount2:i = 0
		bulletsCount3:i = 0
		props {
			army:i = 2
			count:i = 1
			formation_type:t = "rows"
			formation_div:i = 3
			formation_step:p2 = 2.5, 2
			formation_noise:p2 = 0.1, 0.1
			uniqueName:t = ""
			attack_type:t = "fire_at_will"
		}
		way {

		}
	}
	structures {
		name:t = "baloon_28"
		tm:m = [[-0.509739, 0.0, 0.860328] [0.0, 1.0, 0.0] [-0.860328, 0.0, -0.509739] [31582.5, 1702.7, 34764.3]]
		unit_class:t = "barrage_balloon_unit"
		objLayer:i = 1
		closed_waypoints:b = false
		isShipSpline:b = false
		shipTurnRadius:r = 100
		weapons:t = ""
		bullets0:t = ""
		bullets1:t = ""
		bullets2:t = ""
		bullets3:t = ""
		bulletsCount0:i = 0
		bulletsCount1:i = 0
		bulletsCount2:i = 0
		bulletsCount3:i = 0
		props {
			army:i = 2
			count:i = 1
			formation_type:t = "rows"
			formation_div:i = 3
			formation_step:p2 = 2.5, 2
			formation_noise:p2 = 0.1, 0.1
			uniqueName:t = ""
			attack_type:t = "fire_at_will"
		}
		way {

		}
	}
	structures {
		name:t = "baloon_29"
		tm:m = [[-0.509739, 0.0, 0.860328] [0.0, 1.0, 0.0] [-0.860328, 0.0, -0.509739] [32834.1, 1702.7, 34377.4]]
		unit_class:t = "barrage_balloon_unit"
		objLayer:i = 1
		closed_waypoints:b = false
		isShipSpline:b = false
		shipTurnRadius:r = 100
		weapons:t = ""
		bullets0:t = ""
		bullets1:t = ""
		bullets2:t = ""
		bullets3:t = ""
		bulletsCount0:i = 0
		bulletsCount1:i = 0
		bulletsCount2:i = 0
		bulletsCount3:i = 0
		props {
			army:i = 2
			count:i = 1
			formation_type:t = "rows"
			formation_div:i = 3
			formation_step:p2 = 2.5, 2
			formation_noise:p2 = 0.1, 0.1
			uniqueName:t = ""
			attack_type:t = "fire_at_will"
		}
		way {

		}
	}
	structures {
		name:t = "baloon_30"
		tm:m = [[-0.509739, 0.0, 0.860328] [0.0, 1.0, 0.0] [-0.860328, 0.0, -0.509739] [31381.5, 1702.7, 34582.2]]
		unit_class:t = "barrage_balloon_unit"
		objLayer:i = 1
		closed_waypoints:b = false
		isShipSpline:b = false
		shipTurnRadius:r = 100
		weapons:t = ""
		bullets0:t = ""
		bullets1:t = ""
		bullets2:t = ""
		bullets3:t = ""
		bulletsCount0:i = 0
		bulletsCount1:i = 0
		bulletsCount2:i = 0
		bulletsCount3:i = 0
		props {
			army:i = 2
			count:i = 1
			formation_type:t = "rows"
			formation_div:i = 3
			formation_step:p2 = 2.5, 2
			formation_noise:p2 = 0.1, 0.1
			uniqueName:t = ""
			attack_type:t = "fire_at_will"
		}
		way {

		}
	}
	structures {
		name:t = "baloon_31"
		tm:m = [[-0.509739, 0.0, 0.860328] [0.0, 1.0, 0.0] [-0.860328, 0.0, -0.509739] [29854.9, 1702.7, 34957.4]]
		unit_class:t = "barrage_balloon_unit"
		objLayer:i = 1
		closed_waypoints:b = false
		isShipSpline:b = false
		shipTurnRadius:r = 100
		weapons:t = ""
		bullets0:t = ""
		bullets1:t = ""
		bullets2:t = ""
		bullets3:t = ""
		bulletsCount0:i = 0
		bulletsCount1:i = 0
		bulletsCount2:i = 0
		bulletsCount3:i = 0
		props {
			army:i = 2
			count:i = 1
			formation_type:t = "rows"
			formation_div:i = 3
			formation_step:p2 = 2.5, 2
			formation_noise:p2 = 0.1, 0.1
			uniqueName:t = ""
			attack_type:t = "fire_at_will"
			calmDetection:b = true
		}
		way {

		}
	}
	structures {
		name:t = "baloon_32"
		tm:m = [[-0.509739, 0.0, 0.860328] [0.0, 1.0, 0.0] [-0.860328, 0.0, -0.509739] [33407.6, 1702.7, 35269.4]]
		unit_class:t = "barrage_balloon_unit"
		objLayer:i = 1
		closed_waypoints:b = false
		isShipSpline:b = false
		shipTurnRadius:r = 100
		weapons:t = ""
		bullets0:t = ""
		bullets1:t = ""
		bullets2:t = ""
		bullets3:t = ""
		bulletsCount0:i = 0
		bulletsCount1:i = 0
		bulletsCount2:i = 0
		bulletsCount3:i = 0
		props {
			army:i = 2
			count:i = 1
			formation_type:t = "rows"
			formation_div:i = 3
			formation_step:p2 = 2.5, 2
			formation_noise:p2 = 0.1, 0.1
			uniqueName:t = ""
			attack_type:t = "fire_at_will"
		}
		way {

		}
	}
	structures {
		name:t = "baloon_33"
		tm:m = [[-0.509739, 0.0, 0.860328] [0.0, 1.0, 0.0] [-0.860328, 0.0, -0.509739] [34195.2, 1702.7, 34750.5]]
		unit_class:t = "barrage_balloon_unit"
		objLayer:i = 1
		closed_waypoints:b = false
		isShipSpline:b = false
		shipTurnRadius:r = 100
		weapons:t = ""
		bullets0:t = ""
		bullets1:t = ""
		bullets2:t = ""
		bullets3:t = ""
		bulletsCount0:i = 0
		bulletsCount1:i = 0
		bulletsCount2:i = 0
		bulletsCount3:i = 0
		props {
			army:i = 2
			count:i = 1
			formation_type:t = "rows"
			formation_div:i = 3
			formation_step:p2 = 2.5, 2
			formation_noise:p2 = 0.1, 0.1
			uniqueName:t = ""
			attack_type:t = "fire_at_will"
		}
		way {

		}
	}
	structures {
		name:t = "baloon_34"
		tm:m = [[-0.509739, 0.0, 0.860328] [0.0, 1.0, 0.0] [-0.860328, 0.0, -0.509739] [32837.0, 1702.7, 33720.7]]
		unit_class:t = "barrage_balloon_unit"
		objLayer:i = 1
		closed_waypoints:b = false
		isShipSpline:b = false
		shipTurnRadius:r = 100
		weapons:t = ""
		bullets0:t = ""
		bullets1:t = ""
		bullets2:t = ""
		bullets3:t = ""
		bulletsCount0:i = 0
		bulletsCount1:i = 0
		bulletsCount2:i = 0
		bulletsCount3:i = 0
		props {
			army:i = 2
			count:i = 1
			formation_type:t = "rows"
			formation_div:i = 3
			formation_step:p2 = 2.5, 2
			formation_noise:p2 = 0.1, 0.1
			uniqueName:t = ""
			attack_type:t = "fire_at_will"
		}
		way {

		}
	}
	structures {
		name:t = "baloon_35"
		tm:m = [[-0.509739, 0.0, 0.860328] [0.0, 1.0, 0.0] [-0.860328, 0.0, -0.509739] [31787.9, 1702.7, 33239.9]]
		unit_class:t = "barrage_balloon_unit"
		objLayer:i = 1
		closed_waypoints:b = false
		isShipSpline:b = false
		shipTurnRadius:r = 100
		weapons:t = ""
		bullets0:t = ""
		bullets1:t = ""
		bullets2:t = ""
		bullets3:t = ""
		bulletsCount0:i = 0
		bulletsCount1:i = 0
		bulletsCount2:i = 0
		bulletsCount3:i = 0
		props {
			army:i = 2
			count:i = 1
			formation_type:t = "rows"
			formation_div:i = 3
			formation_step:p2 = 2.5, 2
			formation_noise:p2 = 0.1, 0.1
			uniqueName:t = ""
			attack_type:t = "fire_at_will"
		}
		way {

		}
	}
	structures {
		name:t = "baloon_24"
		tm:m = [[-0.509739, 0.0, 0.860328] [0.0, 1.0, 0.0] [-0.860328, 0.0, -0.509739] [30850.3, 1702.7, 33458.8]]
		unit_class:t = "barrage_balloon_unit"
		objLayer:i = 1
		closed_waypoints:b = false
		isShipSpline:b = false
		shipTurnRadius:r = 100
		weapons:t = ""
		bullets0:t = ""
		bullets1:t = ""
		bullets2:t = ""
		bullets3:t = ""
		bulletsCount0:i = 0
		bulletsCount1:i = 0
		bulletsCount2:i = 0
		bulletsCount3:i = 0
		props {
			army:i = 2
			count:i = 1
			formation_type:t = "rows"
			formation_div:i = 3
			formation_step:p2 = 2.5, 2
			formation_noise:p2 = 0.1, 0.1
			uniqueName:t = ""
			attack_type:t = "fire_at_will"
			calmDetection:b = true
		}
		way {

		}
	}
	structures {
		name:t = "baloon_49"
		tm:m = [[-0.509739, 0.0, 0.860328] [0.0, 1.0, 0.0] [-0.860328, 0.0, -0.509739] [35561.0, 1379.05, 36185.6]]
		unit_class:t = "barrage_balloon_unit"
		objLayer:i = 1
		closed_waypoints:b = false
		isShipSpline:b = false
		shipTurnRadius:r = 100
		weapons:t = ""
		bullets0:t = ""
		bullets1:t = ""
		bullets2:t = ""
		bullets3:t = ""
		bulletsCount0:i = 0
		bulletsCount1:i = 0
		bulletsCount2:i = 0
		bulletsCount3:i = 0
		props {
			army:i = 2
			count:i = 1
			formation_type:t = "rows"
			formation_div:i = 3
			formation_step:p2 = 2.5, 2
			formation_noise:p2 = 0.1, 0.1
			uniqueName:t = ""
			attack_type:t = "fire_at_will"
		}
		way {

		}
	}
	structures {
		name:t = "baloon_50"
		tm:m = [[-0.509739, 0.0, 0.860328] [0.0, 1.0, 0.0] [-0.860328, 0.0, -0.509739] [36427.5, 1379.05, 36227.2]]
		unit_class:t = "barrage_balloon_unit"
		objLayer:i = 1
		closed_waypoints:b = false
		isShipSpline:b = false
		shipTurnRadius:r = 100
		weapons:t = ""
		bullets0:t = ""
		bullets1:t = ""
		bullets2:t = ""
		bullets3:t = ""
		bulletsCount0:i = 0
		bulletsCount1:i = 0
		bulletsCount2:i = 0
		bulletsCount3:i = 0
		props {
			army:i = 2
			count:i = 1
			formation_type:t = "rows"
			formation_div:i = 3
			formation_step:p2 = 2.5, 2
			formation_noise:p2 = 0.1, 0.1
			uniqueName:t = ""
			attack_type:t = "fire_at_will"
		}
		way {

		}
	}
	structures {
		name:t = "baloon_52"
		tm:m = [[-0.509739, 0.0, 0.860328] [0.0, 1.0, 0.0] [-0.860328, 0.0, -0.509739] [36250.9, 1379.05, 36551.4]]
		unit_class:t = "barrage_balloon_unit"
		objLayer:i = 1
		closed_waypoints:b = false
		isShipSpline:b = false
		shipTurnRadius:r = 100
		weapons:t = ""
		bullets0:t = ""
		bullets1:t = ""
		bullets2:t = ""
		bullets3:t = ""
		bulletsCount0:i = 0
		bulletsCount1:i = 0
		bulletsCount2:i = 0
		bulletsCount3:i = 0
		props {
			army:i = 2
			count:i = 1
			formation_type:t = "rows"
			formation_div:i = 3
			formation_step:p2 = 2.5, 2
			formation_noise:p2 = 0.1, 0.1
			uniqueName:t = ""
			attack_type:t = "fire_at_will"
		}
		way {

		}
	}
	structures {
		name:t = "baloon_53"
		tm:m = [[-0.509739, 0.0, 0.860328] [0.0, 1.0, 0.0] [-0.860328, 0.0, -0.509739] [35636.9, 1379.05, 37436.1]]
		unit_class:t = "barrage_balloon_unit"
		objLayer:i = 1
		closed_waypoints:b = false
		isShipSpline:b = false
		shipTurnRadius:r = 100
		weapons:t = ""
		bullets0:t = ""
		bullets1:t = ""
		bullets2:t = ""
		bullets3:t = ""
		bulletsCount0:i = 0
		bulletsCount1:i = 0
		bulletsCount2:i = 0
		bulletsCount3:i = 0
		props {
			army:i = 2
			count:i = 1
			formation_type:t = "rows"
			formation_div:i = 3
			formation_step:p2 = 2.5, 2
			formation_noise:p2 = 0.1, 0.1
			uniqueName:t = ""
			attack_type:t = "fire_at_will"
		}
		way {

		}
	}
	structures {
		name:t = "baloon_55"
		tm:m = [[-0.509739, 0.0, 0.860328] [0.0, 1.0, 0.0] [-0.860328, 0.0, -0.509739] [34523.3, 1379.05, 36744.4]]
		unit_class:t = "barrage_balloon_unit"
		objLayer:i = 1
		closed_waypoints:b = false
		isShipSpline:b = false
		shipTurnRadius:r = 100
		weapons:t = ""
		bullets0:t = ""
		bullets1:t = ""
		bullets2:t = ""
		bullets3:t = ""
		bulletsCount0:i = 0
		bulletsCount1:i = 0
		bulletsCount2:i = 0
		bulletsCount3:i = 0
		props {
			army:i = 2
			count:i = 1
			formation_type:t = "rows"
			formation_div:i = 3
			formation_step:p2 = 2.5, 2
			formation_noise:p2 = 0.1, 0.1
			uniqueName:t = ""
			attack_type:t = "fire_at_will"
		}
		way {

		}
	}
	structures {
		name:t = "baloon_60"
		tm:m = [[-0.509739, 0.0, 0.860328] [0.0, 1.0, 0.0] [-0.860328, 0.0, -0.509739] [35518.7, 1379.05, 35246.0]]
		unit_class:t = "barrage_balloon_unit"
		objLayer:i = 1
		closed_waypoints:b = false
		isShipSpline:b = false
		shipTurnRadius:r = 100
		weapons:t = ""
		bullets0:t = ""
		bullets1:t = ""
		bullets2:t = ""
		bullets3:t = ""
		bulletsCount0:i = 0
		bulletsCount1:i = 0
		bulletsCount2:i = 0
		bulletsCount3:i = 0
		props {
			army:i = 2
			count:i = 1
			formation_type:t = "rows"
			formation_div:i = 3
			formation_step:p2 = 2.5, 2
			formation_noise:p2 = 0.1, 0.1
			uniqueName:t = ""
			attack_type:t = "fire_at_will"
		}
		way {

		}
	}
	structures {
		name:t = "baloon_61"
		tm:m = [[-0.509739, 0.0, 0.860328] [0.0, 1.0, 0.0] [-0.860328, 0.0, -0.509739] [36009.0, 1702.7, 35760.8]]
		unit_class:t = "barrage_balloon_unit"
		objLayer:i = 1
		closed_waypoints:b = false
		isShipSpline:b = false
		shipTurnRadius:r = 100
		weapons:t = ""
		bullets0:t = ""
		bullets1:t = ""
		bullets2:t = ""
		bullets3:t = ""
		bulletsCount0:i = 0
		bulletsCount1:i = 0
		bulletsCount2:i = 0
		bulletsCount3:i = 0
		props {
			army:i = 2
			count:i = 1
			formation_type:t = "rows"
			formation_div:i = 3
			formation_step:p2 = 2.5, 2
			formation_noise:p2 = 0.1, 0.1
			uniqueName:t = ""
			attack_type:t = "fire_at_will"
		}
		way {

		}
	}
	structures {
		name:t = "baloon_65"
		tm:m = [[-0.509739, 0.0, 0.860328] [0.0, 1.0, 0.0] [-0.860328, 0.0, -0.509739] [36085.0, 1702.7, 37011.4]]
		unit_class:t = "barrage_balloon_unit"
		objLayer:i = 1
		closed_waypoints:b = false
		isShipSpline:b = false
		shipTurnRadius:r = 100
		weapons:t = ""
		bullets0:t = ""
		bullets1:t = ""
		bullets2:t = ""
		bullets3:t = ""
		bulletsCount0:i = 0
		bulletsCount1:i = 0
		bulletsCount2:i = 0
		bulletsCount3:i = 0
		props {
			army:i = 2
			count:i = 1
			formation_type:t = "rows"
			formation_div:i = 3
			formation_step:p2 = 2.5, 2
			formation_noise:p2 = 0.1, 0.1
			uniqueName:t = ""
			attack_type:t = "fire_at_will"
		}
		way {

		}
	}
	structures {
		name:t = "baloon_66"
		tm:m = [[-0.509739, 0.0, 0.860328] [0.0, 1.0, 0.0] [-0.860328, 0.0, -0.509739] [34632.3, 1702.7, 37216.1]]
		unit_class:t = "barrage_balloon_unit"
		objLayer:i = 1
		closed_waypoints:b = false
		isShipSpline:b = false
		shipTurnRadius:r = 100
		weapons:t = ""
		bullets0:t = ""
		bullets1:t = ""
		bullets2:t = ""
		bullets3:t = ""
		bulletsCount0:i = 0
		bulletsCount1:i = 0
		bulletsCount2:i = 0
		bulletsCount3:i = 0
		props {
			army:i = 2
			count:i = 1
			formation_type:t = "rows"
			formation_div:i = 3
			formation_step:p2 = 2.5, 2
			formation_noise:p2 = 0.1, 0.1
			uniqueName:t = ""
			attack_type:t = "fire_at_will"
		}
		way {

		}
	}
	structures {
		name:t = "baloon_67"
		tm:m = [[-0.509739, 0.0, 0.860328] [0.0, 1.0, 0.0] [-0.860328, 0.0, -0.509739] [34971.4, 1702.7, 36319.8]]
		unit_class:t = "barrage_balloon_unit"
		objLayer:i = 1
		closed_waypoints:b = false
		isShipSpline:b = false
		shipTurnRadius:r = 100
		weapons:t = ""
		bullets0:t = ""
		bullets1:t = ""
		bullets2:t = ""
		bullets3:t = ""
		bulletsCount0:i = 0
		bulletsCount1:i = 0
		bulletsCount2:i = 0
		bulletsCount3:i = 0
		props {
			army:i = 2
			count:i = 1
			formation_type:t = "rows"
			formation_div:i = 3
			formation_step:p2 = 2.5, 2
			formation_noise:p2 = 0.1, 0.1
			uniqueName:t = ""
			attack_type:t = "fire_at_will"
		}
		way {

		}
	}
	structures {
		name:t = "baloon_48"
		tm:m = [[-0.509739, 0.0, 0.860328] [0.0, 1.0, 0.0] [-0.860328, 0.0, -0.509739] [35966.8, 1702.7, 34821.2]]
		unit_class:t = "barrage_balloon_unit"
		objLayer:i = 1
		closed_waypoints:b = false
		isShipSpline:b = false
		shipTurnRadius:r = 100
		weapons:t = ""
		bullets0:t = ""
		bullets1:t = ""
		bullets2:t = ""
		bullets3:t = ""
		bulletsCount0:i = 0
		bulletsCount1:i = 0
		bulletsCount2:i = 0
		bulletsCount3:i = 0
		props {
			army:i = 2
			count:i = 1
			formation_type:t = "rows"
			formation_div:i = 3
			formation_step:p2 = 2.5, 2
			formation_noise:p2 = 0.1, 0.1
			uniqueName:t = ""
			attack_type:t = "fire_at_will"
		}
		way {

		}
	}
	structures {
		name:t = "baloon_96"
		tm:m = [[-0.509739, 0.0, 0.860328] [0.0, 1.0, 0.0] [-0.860328, 0.0, -0.509739] [35084.4, 1379.05, 33706.6]]
		unit_class:t = "barrage_balloon_unit"
		objLayer:i = 1
		closed_waypoints:b = false
		isShipSpline:b = false
		shipTurnRadius:r = 100
		weapons:t = ""
		bullets0:t = ""
		bullets1:t = ""
		bullets2:t = ""
		bullets3:t = ""
		bulletsCount0:i = 0
		bulletsCount1:i = 0
		bulletsCount2:i = 0
		bulletsCount3:i = 0
		props {
			army:i = 2
			count:i = 1
			formation_type:t = "rows"
			formation_div:i = 3
			formation_step:p2 = 2.5, 2
			formation_noise:p2 = 0.1, 0.1
			uniqueName:t = ""
			attack_type:t = "fire_at_will"
		}
		way {

		}
	}
	structures {
		name:t = "baloon_97"
		tm:m = [[-0.509739, 0.0, 0.860328] [0.0, 1.0, 0.0] [-0.860328, 0.0, -0.509739] [35950.9, 1379.05, 33748.3]]
		unit_class:t = "barrage_balloon_unit"
		objLayer:i = 1
		closed_waypoints:b = false
		isShipSpline:b = false
		shipTurnRadius:r = 100
		weapons:t = ""
		bullets0:t = ""
		bullets1:t = ""
		bullets2:t = ""
		bullets3:t = ""
		bulletsCount0:i = 0
		bulletsCount1:i = 0
		bulletsCount2:i = 0
		bulletsCount3:i = 0
		props {
			army:i = 2
			count:i = 1
			formation_type:t = "rows"
			formation_div:i = 3
			formation_step:p2 = 2.5, 2
			formation_noise:p2 = 0.1, 0.1
			uniqueName:t = ""
			attack_type:t = "fire_at_will"
		}
		way {

		}
	}
	structures {
		name:t = "baloon_98"
		tm:m = [[-0.509739, 0.0, 0.860328] [0.0, 1.0, 0.0] [-0.860328, 0.0, -0.509739] [34579.4, 1379.05, 35926.5]]
		unit_class:t = "barrage_balloon_unit"
		objLayer:i = 1
		closed_waypoints:b = false
		isShipSpline:b = false
		shipTurnRadius:r = 100
		weapons:t = ""
		bullets0:t = ""
		bullets1:t = ""
		bullets2:t = ""
		bullets3:t = ""
		bulletsCount0:i = 0
		bulletsCount1:i = 0
		bulletsCount2:i = 0
		bulletsCount3:i = 0
		props {
			army:i = 2
			count:i = 1
			formation_type:t = "rows"
			formation_div:i = 3
			formation_step:p2 = 2.5, 2
			formation_noise:p2 = 0.1, 0.1
			uniqueName:t = ""
			attack_type:t = "fire_at_will"
		}
		way {

		}
	}
	structures {
		name:t = "baloon_99"
		tm:m = [[-0.509739, 0.0, 0.860328] [0.0, 1.0, 0.0] [-0.860328, 0.0, -0.509739] [32983.9, 1379.05, 35104.6]]
		unit_class:t = "barrage_balloon_unit"
		objLayer:i = 1
		closed_waypoints:b = false
		isShipSpline:b = false
		shipTurnRadius:r = 100
		weapons:t = ""
		bullets0:t = ""
		bullets1:t = ""
		bullets2:t = ""
		bullets3:t = ""
		bulletsCount0:i = 0
		bulletsCount1:i = 0
		bulletsCount2:i = 0
		bulletsCount3:i = 0
		props {
			army:i = 2
			count:i = 1
			formation_type:t = "rows"
			formation_div:i = 3
			formation_step:p2 = 2.5, 2
			formation_noise:p2 = 0.1, 0.1
			uniqueName:t = ""
			attack_type:t = "fire_at_will"
		}
		way {

		}
	}
	structures {
		name:t = "baloon_100"
		tm:m = [[-0.509739, 0.0, 0.860328] [0.0, 1.0, 0.0] [-0.860328, 0.0, -0.509739] [32369.9, 1379.05, 35989.3]]
		unit_class:t = "barrage_balloon_unit"
		objLayer:i = 1
		closed_waypoints:b = false
		isShipSpline:b = false
		shipTurnRadius:r = 100
		weapons:t = ""
		bullets0:t = ""
		bullets1:t = ""
		bullets2:t = ""
		bullets3:t = ""
		bulletsCount0:i = 0
		bulletsCount1:i = 0
		bulletsCount2:i = 0
		bulletsCount3:i = 0
		props {
			army:i = 2
			count:i = 1
			formation_type:t = "rows"
			formation_div:i = 3
			formation_step:p2 = 2.5, 2
			formation_noise:p2 = 0.1, 0.1
			uniqueName:t = ""
			attack_type:t = "fire_at_will"
		}
		way {

		}
	}
	structures {
		name:t = "baloon_101"
		tm:m = [[-0.509739, 0.0, 0.860328] [0.0, 1.0, 0.0] [-0.860328, 0.0, -0.509739] [34119.4, 1379.05, 32580.1]]
		unit_class:t = "barrage_balloon_unit"
		objLayer:i = 1
		closed_waypoints:b = false
		isShipSpline:b = false
		shipTurnRadius:r = 100
		weapons:t = ""
		bullets0:t = ""
		bullets1:t = ""
		bullets2:t = ""
		bullets3:t = ""
		bulletsCount0:i = 0
		bulletsCount1:i = 0
		bulletsCount2:i = 0
		bulletsCount3:i = 0
		props {
			army:i = 2
			count:i = 1
			formation_type:t = "rows"
			formation_div:i = 3
			formation_step:p2 = 2.5, 2
			formation_noise:p2 = 0.1, 0.1
			uniqueName:t = ""
			attack_type:t = "fire_at_will"
		}
		way {

		}
	}
	structures {
