selected_tag:t = ""
bin_dump_file:t = ""
mission_settings {
	player {
		army:i = 1
	}
	player_teamB {
		army:i = 2
	}
	mission {
		level:t = "levels/air_smolensk.bin"
		type:t = "domination"
		environment:t = "Day"
		weather:t = "hazy"
		restoreType:t = "attempts"
		optionalTakeOff:b = false
	}
}
imports {
	import_record {
		file:t = "gameData/missions/templates/enduring_confrontation/bdt_bases_destroy_template.blk"
		importAreas:b = true
		importUnits:b = true
		importTriggers:b = true
		importMissionObjectives:b = true
		importWayPoints:b = true
		showAreas:b = true
		showUnits:b = true
		showTriggers:b = true
		showMissionObjectives:b = true
		showWayPoints:b = true
		excludes {

		}
	}
	import_record {
		file:t = "gameData/missions/templates/units_sets/land_sets_aaa_bases/bdt_t1_ussr_rank_01.blk"
		rankRange:ip2 = 0, 4
		importAreas:b = true
		importUnits:b = true
		importTriggers:b = true
		importMissionObjectives:b = true
		importWayPoints:b = true
		showAreas:b = true
		showUnits:b = true
		showTriggers:b = true
		showMissionObjectives:b = true
		showWayPoints:b = true
		excludes {

		}
	}
	import_record {
		file:t = "gameData/missions/templates/units_sets/land_sets_aaa_bases/bdt_t1_ussr_rank_02.blk"
		rankRange:ip2 = 5, 8
		importAreas:b = true
		importUnits:b = true
		importTriggers:b = true
		importMissionObjectives:b = true
		importWayPoints:b = true
		showAreas:b = true
		showUnits:b = true
		showTriggers:b = true
		showMissionObjectives:b = true
		showWayPoints:b = true
		excludes {

		}
	}
	import_record {
		file:t = "gameData/missions/templates/units_sets/land_sets_aaa_bases/bdt_t1_ussr_rank_03.blk"
		rankRange:ip2 = 9, 13
		importAreas:b = true
		importUnits:b = true
		importTriggers:b = true
		importMissionObjectives:b = true
		importWayPoints:b = true
		showAreas:b = true
		showUnits:b = true
		showTriggers:b = true
		showMissionObjectives:b = true
		showWayPoints:b = true
		excludes {

		}
	}
	import_record {
		file:t = "gameData/missions/templates/units_sets/land_sets_aaa_bases/bdt_t1_ussr_rank_04.blk"
		rankRange:ip2 = 14, 19
		importAreas:b = true
		importUnits:b = true
		importTriggers:b = true
		importMissionObjectives:b = true
		importWayPoints:b = true
		showAreas:b = true
		showUnits:b = true
		showTriggers:b = true
		showMissionObjectives:b = true
		showWayPoints:b = true
		excludes {

		}
	}
	import_record {
		file:t = "gameData/missions/templates/units_sets/land_sets_aaa_bases/bdt_t1_ussr_rank_05.blk"
		rankRange:ip2 = 20, 24
		importAreas:b = true
		importUnits:b = true
		importTriggers:b = true
		importMissionObjectives:b = true
		importWayPoints:b = true
		showAreas:b = true
		showUnits:b = true
		showTriggers:b = true
		showMissionObjectives:b = true
		showWayPoints:b = true
		excludes {

		}
	}
	import_record {
		file:t = "gameData/missions/templates/units_sets/land_sets_aaa_bases/bdt_t1_ussr_rank_06.blk"
		rankRange:ip2 = 25, 50
		importAreas:b = true
		importUnits:b = true
		importTriggers:b = true
		importMissionObjectives:b = true
		importWayPoints:b = true
		showAreas:b = true
		showUnits:b = true
		showTriggers:b = true
		showMissionObjectives:b = true
		showWayPoints:b = true
		excludes {

		}
	}
	import_record {
		file:t = "gameData/missions/templates/units_sets/land_sets_aaa_bases/bdt_t2_germ_rank_01.blk"
		rankRange:ip2 = 0, 4
		importAreas:b = true
		importUnits:b = true
		importTriggers:b = true
		importMissionObjectives:b = true
		importWayPoints:b = true
		showAreas:b = true
		showUnits:b = true
		showTriggers:b = true
		showMissionObjectives:b = true
		showWayPoints:b = true
		excludes {

		}
	}
	import_record {
		file:t = "gameData/missions/templates/units_sets/land_sets_aaa_bases/bdt_t2_germ_rank_02.blk"
		rankRange:ip2 = 5, 8
		importAreas:b = true
		importUnits:b = true
		importTriggers:b = true
		importMissionObjectives:b = true
		importWayPoints:b = true
		showAreas:b = true
		showUnits:b = true
		showTriggers:b = true
		showMissionObjectives:b = true
		showWayPoints:b = true
		excludes {

		}
	}
	import_record {
		file:t = "gameData/missions/templates/units_sets/land_sets_aaa_bases/bdt_t2_germ_rank_03.blk"
		rankRange:ip2 = 9, 13
		importAreas:b = true
		importUnits:b = true
		importTriggers:b = true
		importMissionObjectives:b = true
		importWayPoints:b = true
		showAreas:b = true
		showUnits:b = true
		showTriggers:b = true
		showMissionObjectives:b = true
		showWayPoints:b = true
		excludes {

		}
	}
	import_record {
		file:t = "gameData/missions/templates/units_sets/land_sets_aaa_bases/bdt_t2_germ_rank_04.blk"
		rankRange:ip2 = 14, 19
		importAreas:b = true
		importUnits:b = true
		importTriggers:b = true
		importMissionObjectives:b = true
		importWayPoints:b = true
		showAreas:b = true
		showUnits:b = true
		showTriggers:b = true
		showMissionObjectives:b = true
		showWayPoints:b = true
		excludes {

		}
	}
	import_record {
		file:t = "gameData/missions/templates/units_sets/land_sets_aaa_bases/bdt_t2_germ_rank_05.blk"
		rankRange:ip2 = 20, 24
		importAreas:b = true
		importUnits:b = true
		importTriggers:b = true
		importMissionObjectives:b = true
		importWayPoints:b = true
		showAreas:b = true
		showUnits:b = true
		showTriggers:b = true
		showMissionObjectives:b = true
		showWayPoints:b = true
		excludes {

		}
	}
	import_record {
		file:t = "gameData/missions/templates/units_sets/land_sets_aaa_bases/bdt_t2_germ_rank_06.blk"
		rankRange:ip2 = 25, 50
		importAreas:b = true
		importUnits:b = true
		importTriggers:b = true
		importMissionObjectives:b = true
		importWayPoints:b = true
		showAreas:b = true
		showUnits:b = true
		showTriggers:b = true
		showMissionObjectives:b = true
		showWayPoints:b = true
		excludes {

		}
	}
}
triggers {
	isCategory:b = true
	is_enabled:b = true
	bdt_part_init {
		is_enabled:b = true
		comments:t = ""
		props {
			actionsType:t = "PERFORM_ONE_BY_ONE"
			conditionsType:t = "ALL"
			enableAfterComplete:b = false
		}
		events {
			initMission {

			}
		}
		conditions {

		}
		actions {
			comment {
				value:t = "set max bases amount +1"
			}
			varSetInt {
				value:i = 9
				var:t = "bdt_t1_total_bases_max_count"
			}
			varSetInt {
				value:i = 9
				var:t = "bdt_t2_total_bases_max_count"
			}
			comment {
				value:t = "enable self restarting for template"
			}
			varSetBool {
				value:b = true
				var:t = "bdt_self_restart"
			}
			comment {
				value:t = "increase one-moment bases amount"
			}
			varSetInt {
				value:i = 4
				var:t = "bdt_t1_active_bases_max_count"
				var:t = "bdt_t2_active_bases_max_count"
			}
			comment {
				value:t = ""
			}
			varSetInt {
				value:i = 1
				var:t = "bdt_delay_timer"
			}
			comment {
				value:t = ""
			}
			varSetString {
				value:t = "bfd"
				var:t = "bdt_game_mode"
			}
			comment {
				value:t = ""
			}
			varSetBool {
				value:b = true
				var:t = "bMirrorSpawn"
			}
			comment {
				value:t = ""
			}
			varSetReal {
				value:r = 2000
				var:t = "bdt_t1_min_zone_distance"
				var:t = "bdt_t2_min_zone_distance"
			}
		}
		else_actions {

		}
	}
}
mission_objectives {
	isCategory:b = true
	is_enabled:b = true
}
variables {

}
dialogs {

}
airfields {

}
effects {

}
units {
	objectGroups {
		name:t = "bdt_t2_bomb_object_01"
		tm:m = [[0.624864, 0.0, 0.780732] [0.0, 1.0, 0.0] [-0.780732, 0.0, 0.624864] [-1739.12, 91.439, -11331.7]]
		unit_class:t = "dynBase_hq_camp_square"
		objLayer:i = 2
		props {
			army:i = 2
			active:b = false
		}
	}
	objectGroups {
		name:t = "bdt_t2_bomb_object_02"
		tm:m = [[0.965039, 0.0, 0.262114] [0.0, 1.0, 0.0] [-0.262114, 0.0, 0.965039] [7033.25, 232.98, -10374.9]]
		unit_class:t = "dynBase_fuel_storage_square"
		objLayer:i = 2
		props {
			army:i = 2
			active:b = false
		}
	}
	objectGroups {
		name:t = "bdt_t2_bomb_object_03"
		tm:m = [[-0.502954, 0.0, 0.864315] [0.0, 1.0, 0.0] [-0.864315, 0.0, -0.502954] [9440.6, 182.248, -9563.97]]
		unit_class:t = "dynBase_oil_storage_small_square"
		objLayer:i = 2
		props {
			army:i = 2
			active:b = false
		}
	}
	objectGroups {
		name:t = "bdt_t1_bomb_object_01"
		tm:m = [[0.228657, 0.0, 0.973506] [0.0, 1.0, 0.0] [-0.973506, 0.0, 0.228657] [-2814.52, 156.076, 3864.5]]
		unit_class:t = "dynBase_fuel_storage_square"
		objLayer:i = 2
		props {
			army:i = 1
			active:b = false
		}
	}
	objectGroups {
		name:t = "bdt_t1_bomb_object_02"
		tm:m = [[-0.489108, 0.0, 0.872222] [0.0, 1.0, 0.0] [-0.872222, 0.0, -0.489108] [637.837, 95.2333, 4027.1]]
		unit_class:t = "dynBase_small_factory_square"
		objLayer:i = 2
		props {
			army:i = 1
			active:b = false
		}
	}
	objectGroups {
		name:t = "bdt_t1_bomb_object_03"
		tm:m = [[-0.577583, 0.0, 0.816332] [0.0, 1.0, 0.0] [-0.816332, 0.0, -0.577583] [7263.44, 175.965, 750.1]]
		unit_class:t = "dynBase_oil_storage_small_square"
		objLayer:i = 2
		props {
			army:i = 1
			active:b = false
		}
	}
	objectGroups {
		name:t = "bdt_t2_bomb_object_04"
		tm:m = [[0.0640469, 0.0, 0.997946] [0.0, 1.0, 0.0] [-0.997946, 0.0, 0.0640469] [-3746.03, 174.329, -8976.14]]
		unit_class:t = "dynBase_small_factory_square"
		objLayer:i = 2
		props {
			army:i = 2
			active:b = false
		}
	}
	objectGroups {
		name:t = "bdt_t1_bomb_object_04"
		tm:m = [[-0.255332, 0.0, 0.966853] [0.0, 1.0, 0.0] [-0.966853, 0.0, -0.255332] [9478.77, 174.918, -2336.61]]
		unit_class:t = "dynBase_field_camp_square"
		objLayer:i = 2
		props {
			army:i = 1
			active:b = false
		}
	}
	objectGroups {
		name:t = "bdt_t1_bomb_object_05"
		tm:m = [[-0.255332, 0.0, 0.966853] [0.0, 1.0, 0.0] [-0.966853, 0.0, -0.255332] [10896.0, 181.228, -817.6]]
		unit_class:t = "dynBase_military_base_square"
		objLayer:i = 2
		props {
			army:i = 1
			active:b = false
		}
	}
	objectGroups {
		name:t = "bdt_t1_bomb_object_06"
		tm:m = [[-0.255332, 0.0, 0.966853] [0.0, 1.0, 0.0] [-0.966853, 0.0, -0.255332] [9106.2, 124.293, 1377.13]]
		unit_class:t = "dynBase_oil_storage_large_square"
		objLayer:i = 2
		props {
			army:i = 1
			active:b = false
		}
	}
	objectGroups {
		name:t = "bdt_t1_bomb_object_07"
		tm:m = [[-0.255332, 0.0, 0.966853] [0.0, 1.0, 0.0] [-0.966853, 0.0, -0.255332] [7176.6, 191.289, 2811.14]]
		unit_class:t = "dynBase_oil_storage_large_square"
		objLayer:i = 2
		props {
			army:i = 1
			active:b = false
		}
	}
	objectGroups {
		name:t = "bdt_t1_bomb_object_08"
		tm:m = [[0.228657, 0.0, 0.973506] [0.0, 1.0, 0.0] [-0.973506, 0.0, 0.228657] [-3627.62, 167.957, 2361.2]]
		unit_class:t = "dynBase_small_factory_square"
		objLayer:i = 2
		props {
			army:i = 1
			active:b = false
		}
	}
	objectGroups {
		name:t = "bdt_t1_bomb_object_09"
		tm:m = [[0.228657, 0.0, 0.973506] [0.0, 1.0, 0.0] [-0.973506, 0.0, 0.228657] [-1186.75, 132.519, 3572.07]]
		unit_class:t = "dynBase_hq_camp_square"
		objLayer:i = 2
		props {
			army:i = 1
			active:b = false
		}
	}
	objectGroups {
		name:t = "bdt_t1_bomb_object_10"
		tm:m = [[0.228657, 0.0, 0.973506] [0.0, 1.0, 0.0] [-0.973506, 0.0, 0.228657] [466.666, 103.44, 5240.7]]
		unit_class:t = "dynBase_petrol_camp_square"
		objLayer:i = 2
		props {
			army:i = 1
			active:b = false
		}
	}
	objectGroups {
		name:t = "bdt_t2_bomb_object_05"
		tm:m = [[0.0640469, 0.0, 0.997946] [0.0, 1.0, 0.0] [-0.997946, 0.0, 0.0640469] [-6665.47, 149.517, -8743.46]]
		unit_class:t = "dynBase_petrol_camp_square"
		objLayer:i = 2
		props {
			army:i = 2
			active:b = false
		}
	}
	objectGroups {
		name:t = "bdt_t2_bomb_object_06"
		tm:m = [[-0.411761, 0.0, 0.911292] [0.0, 1.0, 0.0] [-0.911292, 0.0, -0.411761] [-4343.67, 134.692, -11661.2]]
		unit_class:t = "dynBase_military_base_square"
		objLayer:i = 2
		props {
			army:i = 2
			active:b = false
		}
	}
	objectGroups {
		name:t = "bdt_t2_bomb_object_07"
		tm:m = [[0.0640469, 0.0, 0.997946] [0.0, 1.0, 0.0] [-0.997946, 0.0, 0.0640469] [-3541.95, 68.0976, -13220.7]]
		unit_class:t = "dynBase_fuel_storage_square"
		objLayer:i = 2
		props {
			army:i = 2
			active:b = false
		}
	}
	objectGroups {
		name:t = "bdt_t2_bomb_object_08"
		tm:m = [[-0.502954, 0.0, 0.864315] [0.0, 1.0, 0.0] [-0.864315, 0.0, -0.502954] [11934.3, 160.375, -9044.53]]
		unit_class:t = "dynBase_ammunition_storage_square"
		objLayer:i = 2
		props {
			army:i = 2
			active:b = false
		}
	}
	objectGroups {
		name:t = "bdt_t2_bomb_object_09"
		tm:m = [[-0.502954, 0.0, 0.864315] [0.0, 1.0, 0.0] [-0.864315, 0.0, -0.502954] [8014.94, 204.234, -11653.3]]
		unit_class:t = "dynBase_field_camp_square"
		objLayer:i = 2
		props {
			army:i = 2
			active:b = false
		}
	}
	objectGroups {
		name:t = "bdt_t2_bomb_object_10"
		tm:m = [[-0.502954, 0.0, 0.864315] [0.0, 1.0, 0.0] [-0.864315, 0.0, -0.502954] [6186.55, 192.001, -12196.7]]
		unit_class:t = "dynBase_oil_storage_small_square"
		objLayer:i = 2
		props {
			army:i = 2
			active:b = false
		}
	}
}
areas {
	bdt_t2_bomb_zone_01 {
		type:t = "Sphere"
		tm:m = [[281.189, 0.0, 351.331] [0.0, 450.0, 0.0] [-351.331, 0.0, 281.189] [-1735.39, 90.6553, -11337.8]]
		objLayer:i = 0
		props {

		}
	}
	bdt_t2_bomb_zone_02 {
		type:t = "Sphere"
		tm:m = [[240.489, 0.0, 380.35] [0.0, 450.0, 0.0] [-380.35, 0.0, 240.489] [7021.87, 238.224, -10356.5]]
		objLayer:i = 0
		props {

		}
	}
	bdt_t2_bomb_zone_03 {
		type:t = "Sphere"
		tm:m = [[-226.328, 0.0, 388.942] [0.0, 450.0, 0.0] [-388.942, 0.0, -226.328] [9436.08, 182.548, -9572.67]]
		objLayer:i = 0
		props {

		}
	}
	bdt_t1_bomb_zone_01 {
		type:t = "Sphere"
		tm:m = [[102.896, 0.0, 438.078] [0.0, 450.0, 0.0] [-438.078, 0.0, 102.896] [-2814.71, 176.764, 3877.2]]
		objLayer:i = 0
		props {

		}
	}
	bdt_t1_bomb_zone_02 {
		type:t = "Sphere"
		tm:m = [[-129.929, 0.0, 430.835] [0.0, 450.0, 0.0] [-430.835, 0.0, -129.929] [634.606, 94.8571, 4030.6]]
		objLayer:i = 0
		props {

		}
	}
	bdt_t1_bomb_zone_03 {
		type:t = "Sphere"
		tm:m = [[-100.573, 0.0, 438.617] [0.0, 450.0, 0.0] [-438.617, 0.0, -100.573] [7261.61, 176.172, 755.5]]
		objLayer:i = 0
		props {

		}
	}
	bdt_t2_bomb_zone_04 {
		type:t = "Sphere"
		tm:m = [[28.8213, 0.0, 449.075] [0.0, 450.0, 0.0] [-449.075, 0.0, 28.8213] [-3743.63, 174.2, -8968.56]]
		objLayer:i = 0
		props {

		}
	}
	bdt_t1_bomb_zone_04 {
		type:t = "Sphere"
		tm:m = [[-100.573, 0.0, 438.617] [0.0, 450.0, 0.0] [-438.617, 0.0, -100.573] [9473.1, 172.953, -2337.64]]
		objLayer:i = 0
		props {

		}
	}
	bdt_t2_bomb_zone_01_aaa_point_01 {
		type:t = "Point"
		tm:m = [[0.0821453, 0.0, 0.996619] [0.0, 1.0, 0.0] [-0.996619, 0.0, 0.0821453] [-1510.08, 61.631, -11329.4]]
		objLayer:i = 0
		props {

		}
	}
	bdt_t2_bomb_zone_01_aaa_point_02 {
		type:t = "Point"
		tm:m = [[0.0821453, 0.0, 0.996619] [0.0, 1.0, 0.0] [-0.996619, 0.0, 0.0821453] [-1789.27, 98.767, -11655.9]]
		objLayer:i = 0
		props {

		}
	}
	bdt_t2_bomb_zone_01_aaa_point_03 {
		type:t = "Point"
		tm:m = [[0.0821453, 0.0, 0.996619] [0.0, 1.0, 0.0] [-0.996619, 0.0, 0.0821453] [-1600.72, 101.519, -10936.3]]
		objLayer:i = 0
		props {

		}
	}
	bdt_t2_bomb_zone_01_aaa_point_04 {
		type:t = "Point"
		tm:m = [[0.0821453, 0.0, 0.996619] [0.0, 1.0, 0.0] [-0.996619, 0.0, 0.0821453] [-1994.13, 108.422, -10948.5]]
		objLayer:i = 0
		props {

		}
	}
	bdt_t2_bomb_zone_02_aaa_point_01 {
		type:t = "Point"
		tm:m = [[-0.0288967, 0.0, 0.999581] [0.0, 1.0, 0.0] [-0.999581, 0.0, -0.0288967] [7176.92, 235.827, -10550.8]]
		objLayer:i = 0
		props {

		}
	}
	bdt_t2_bomb_zone_02_aaa_point_02 {
		type:t = "Point"
		tm:m = [[-0.0288967, 0.0, 0.999581] [0.0, 1.0, 0.0] [-0.999581, 0.0, -0.0288967] [6699.41, 223.747, -10300.6]]
		objLayer:i = 0
		props {

		}
	}
	bdt_t2_bomb_zone_02_aaa_point_03 {
		type:t = "Point"
		tm:m = [[-0.0288967, 0.0, 0.999581] [0.0, 1.0, 0.0] [-0.999581, 0.0, -0.0288967] [6919.85, 235.737, -10616.8]]
		objLayer:i = 0
		props {

		}
	}
	bdt_t2_bomb_zone_02_aaa_point_04 {
		type:t = "Point"
		tm:m = [[-0.0288967, 0.0, 0.999581] [0.0, 1.0, 0.0] [-0.999581, 0.0, -0.0288967] [7054.43, 257.953, -10129.5]]
		objLayer:i = 0
		props {

		}
	}
	bdt_t2_bomb_zone_03_aaa_point_01 {
		type:t = "Point"
		tm:m = [[-0.0288967, 0.0, 0.999581] [0.0, 1.0, 0.0] [-0.999581, 0.0, -0.0288967] [9732.22, 208.058, -9230.07]]
		objLayer:i = 0
		props {

		}
	}
	bdt_t2_bomb_zone_03_aaa_point_02 {
		type:t = "Point"
		tm:m = [[-0.0288967, 0.0, 0.999581] [0.0, 1.0, 0.0] [-0.999581, 0.0, -0.0288967] [9162.03, 263.107, -9470.25]]
		objLayer:i = 0
		props {

		}
	}
	bdt_t2_bomb_zone_03_aaa_point_03 {
		type:t = "Point"
		tm:m = [[-0.0288967, 0.0, 0.999581] [0.0, 1.0, 0.0] [-0.999581, 0.0, -0.0288967] [9188.84, 296.888, -9776.4]]
		objLayer:i = 0
		props {

		}
	}
	bdt_t2_bomb_zone_03_aaa_point_04 {
		type:t = "Point"
		tm:m = [[-0.0288967, 0.0, 0.999581] [0.0, 1.0, 0.0] [-0.999581, 0.0, -0.0288967] [9684.66, 223.703, -9740.63]]
		objLayer:i = 0
		props {

		}
	}
	bdt_t2_bomb_zone_04_aaa_point_01 {
		type:t = "Point"
		tm:m = [[0.0821453, 0.0, 0.996619] [0.0, 1.0, 0.0] [-0.996619, 0.0, 0.0821453] [-3953.84, 162.801, -8711.17]]
		objLayer:i = 0
		props {

		}
	}
	bdt_t2_bomb_zone_04_aaa_point_02 {
		type:t = "Point"
		tm:m = [[0.0821453, 0.0, 0.996619] [0.0, 1.0, 0.0] [-0.996619, 0.0, 0.0821453] [-3970.0, 173.671, -9168.7]]
		objLayer:i = 0
		props {

		}
	}
	bdt_t2_bomb_zone_04_aaa_point_03 {
		type:t = "Point"
		tm:m = [[0.0821453, 0.0, 0.996619] [0.0, 1.0, 0.0] [-0.996619, 0.0, 0.0821453] [-3495.57, 177.778, -8871.06]]
		objLayer:i = 0
		props {

		}
	}
	bdt_t2_bomb_zone_04_aaa_point_04 {
		type:t = "Point"
		tm:m = [[0.0821453, 0.0, 0.996619] [0.0, 1.0, 0.0] [-0.996619, 0.0, 0.0821453] [-3541.95, 182.563, -9110.94]]
		objLayer:i = 0
		props {

		}
	}
	bdt_t1_bomb_zone_01_aaa_point_01 {
		type:t = "Point"
		tm:m = [[-0.354165, 0.0, 0.935183] [0.0, 1.0, 0.0] [-0.935183, 0.0, -0.354165] [-2913.34, 174.789, 4112.1]]
		objLayer:i = 0
		props {

		}
	}
	bdt_t1_bomb_zone_01_aaa_point_02 {
		type:t = "Point"
		tm:m = [[-0.354165, 0.0, 0.935183] [0.0, 1.0, 0.0] [-0.935183, 0.0, -0.354165] [-2784.82, 154.53, 3625.8]]
		objLayer:i = 0
		props {

		}
	}
	bdt_t1_bomb_zone_01_aaa_point_03 {
		type:t = "Point"
		tm:m = [[-0.354165, 0.0, 0.935183] [0.0, 1.0, 0.0] [-0.935183, 0.0, -0.354165] [-2587.94, 170.915, 3931.9]]
		objLayer:i = 0
		props {

		}
	}
	bdt_t1_bomb_zone_01_aaa_point_04 {
		type:t = "Point"
		tm:m = [[-0.354165, 0.0, 0.935183] [0.0, 1.0, 0.0] [-0.935183, 0.0, -0.354165] [-2633.06, 157.583, 3707.9]]
		objLayer:i = 0
		props {

		}
	}
	bdt_t1_bomb_zone_02_aaa_point_01 {
		type:t = "Point"
		tm:m = [[-0.354165, 0.0, 0.935183] [0.0, 1.0, 0.0] [-0.935183, 0.0, -0.354165] [614.207, 64.1918, 4302.17]]
		objLayer:i = 0
		props {

		}
	}
	bdt_t1_bomb_zone_02_aaa_point_02 {
		type:t = "Point"
		tm:m = [[-0.354165, 0.0, 0.935183] [0.0, 1.0, 0.0] [-0.935183, 0.0, -0.354165] [426.545, 74.6448, 3865.2]]
		objLayer:i = 0
		props {

		}
	}
	bdt_t1_bomb_zone_02_aaa_point_03 {
		type:t = "Point"
		tm:m = [[-0.354165, 0.0, 0.935183] [0.0, 1.0, 0.0] [-0.935183, 0.0, -0.354165] [1074.36, 113.124, 4128.5]]
		objLayer:i = 0
		props {

		}
	}
	bdt_t1_bomb_zone_02_aaa_point_04 {
		type:t = "Point"
		tm:m = [[-0.354165, 0.0, 0.935183] [0.0, 1.0, 0.0] [-0.935183, 0.0, -0.354165] [716.516, 95.4361, 3711.8]]
		objLayer:i = 0
		props {

		}
	}
	bdt_t1_bomb_zone_03_aaa_point_01 {
		type:t = "Point"
		tm:m = [[-0.248259, 0.0, 0.968693] [0.0, 1.0, 0.0] [-0.968693, 0.0, -0.248259] [7536.47, 155.2, 617.1]]
		objLayer:i = 0
		props {

		}
	}
	bdt_t1_bomb_zone_03_aaa_point_02 {
		type:t = "Point"
		tm:m = [[-0.248259, 0.0, 0.968693] [0.0, 1.0, 0.0] [-0.968693, 0.0, -0.248259] [7039.09, 188.495, 851.0]]
		objLayer:i = 0
		props {

		}
	}
	bdt_t1_bomb_zone_03_aaa_point_03 {
		type:t = "Point"
		tm:m = [[-0.248259, 0.0, 0.968693] [0.0, 1.0, 0.0] [-0.968693, 0.0, -0.248259] [7061.53, 186.84, 574.5]]
		objLayer:i = 0
		props {

		}
	}
	bdt_t1_bomb_zone_03_aaa_point_04 {
		type:t = "Point"
		tm:m = [[-0.248259, 0.0, 0.968693] [0.0, 1.0, 0.0] [-0.968693, 0.0, -0.248259] [7387.34, 170.945, 984.1]]
		objLayer:i = 0
		props {

		}
	}
	bdt_t1_bomb_zone_04_aaa_point_01 {
		type:t = "Point"
		tm:m = [[-0.248259, 0.0, 0.968693] [0.0, 1.0, 0.0] [-0.968693, 0.0, -0.248259] [9531.68, 311.886, -2026.27]]
		objLayer:i = 0
		props {

		}
	}
	bdt_t1_bomb_zone_04_aaa_point_02 {
		type:t = "Point"
		tm:m = [[-0.248259, 0.0, 0.968693] [0.0, 1.0, 0.0] [-0.968693, 0.0, -0.248259] [9261.36, 181.041, -2199.65]]
		objLayer:i = 0
		props {

		}
	}
	bdt_t1_bomb_zone_04_aaa_point_03 {
		type:t = "Point"
		tm:m = [[-0.248259, 0.0, 0.968693] [0.0, 1.0, 0.0] [-0.968693, 0.0, -0.248259] [9756.32, 281.896, -2271.29]]
		objLayer:i = 0
		props {

		}
	}
	bdt_t1_bomb_zone_04_aaa_point_04 {
		type:t = "Point"
		tm:m = [[-0.248259, 0.0, 0.968693] [0.0, 1.0, 0.0] [-0.968693, 0.0, -0.248259] [9248.22, 34.2765, -2556.62]]
		objLayer:i = 0
		props {

		}
	}
	bdt_t1_bomb_zone_05 {
		type:t = "Sphere"
		tm:m = [[-100.573, 0.0, 438.617] [0.0, 450.0, 0.0] [-438.617, 0.0, -100.573] [10890.3, 181.08, -818.7]]
		objLayer:i = 0
		props {

		}
	}
	bdt_t1_bomb_zone_06 {
		type:t = "Sphere"
		tm:m = [[-100.573, 0.0, 438.617] [0.0, 450.0, 0.0] [-438.617, 0.0, -100.573] [9100.52, 124.037, 1376.13]]
		objLayer:i = 0
		props {

		}
	}
	bdt_t1_bomb_zone_07 {
		type:t = "Sphere"
		tm:m = [[-100.573, 0.0, 438.617] [0.0, 450.0, 0.0] [-438.617, 0.0, -100.573] [7170.83, 190.554, 2810.14]]
		objLayer:i = 0
		props {

		}
	}
	bdt_t1_bomb_zone_08 {
		type:t = "Sphere"
		tm:m = [[102.896, 0.0, 438.078] [0.0, 450.0, 0.0] [-438.078, 0.0, 102.896] [-3627.82, 168.089, 2373.9]]
		objLayer:i = 0
		props {

		}
	}
	bdt_t1_bomb_zone_09 {
		type:t = "Sphere"
		tm:m = [[102.896, 0.0, 438.078] [0.0, 450.0, 0.0] [-438.078, 0.0, 102.896] [-1186.92, 133.072, 3584.57]]
		objLayer:i = 0
		props {

		}
	}
	bdt_t1_bomb_zone_10 {
		type:t = "Sphere"
		tm:m = [[102.896, 0.0, 438.078] [0.0, 450.0, 0.0] [-438.078, 0.0, 102.896] [466.487, 104.396, 5253.4]]
		objLayer:i = 0
		props {

		}
	}
	bdt_t1_bomb_zone_05_aaa_point_01 {
		type:t = "Point"
		tm:m = [[-0.248259, 0.0, 0.968693] [0.0, 1.0, 0.0] [-0.968693, 0.0, -0.248259] [10936.0, 172.564, -1088.9]]
		objLayer:i = 0
		props {

		}
	}
	bdt_t1_bomb_zone_05_aaa_point_02 {
		type:t = "Point"
		tm:m = [[-0.248259, 0.0, 0.968693] [0.0, 1.0, 0.0] [-0.968693, 0.0, -0.248259] [11010.7, 191.393, -917.0]]
		objLayer:i = 0
		props {

		}
	}
	bdt_t1_bomb_zone_05_aaa_point_03 {
		type:t = "Point"
		tm:m = [[-0.248259, 0.0, 0.968693] [0.0, 1.0, 0.0] [-0.968693, 0.0, -0.248259] [10853.1, 177.273, -533.4]]
		objLayer:i = 0
		props {

		}
	}
	bdt_t1_bomb_zone_05_aaa_point_04 {
		type:t = "Point"
		tm:m = [[-0.248259, 0.0, 0.968693] [0.0, 1.0, 0.0] [-0.968693, 0.0, -0.248259] [10659.0, 285.917, -665.3]]
		objLayer:i = 0
		props {

		}
	}
	bdt_t1_bomb_zone_06_aaa_point_01 {
		type:t = "Point"
		tm:m = [[-0.248259, 0.0, 0.968693] [0.0, 1.0, 0.0] [-0.968693, 0.0, -0.248259] [9421.53, 143.553, 1272.53]]
		objLayer:i = 0
		props {

		}
	}
	bdt_t1_bomb_zone_06_aaa_point_02 {
		type:t = "Point"
		tm:m = [[-0.248259, 0.0, 0.968693] [0.0, 1.0, 0.0] [-0.968693, 0.0, -0.248259] [9239.07, 134.166, 1082.53]]
		objLayer:i = 0
		props {

		}
	}
	bdt_t1_bomb_zone_06_aaa_point_03 {
		type:t = "Point"
		tm:m = [[-0.248259, 0.0, 0.968693] [0.0, 1.0, 0.0] [-0.968693, 0.0, -0.248259] [8798.7, 105.086, 1309.23]]
		objLayer:i = 0
		props {

		}
	}
	bdt_t1_bomb_zone_06_aaa_point_04 {
		type:t = "Point"
		tm:m = [[-0.248259, 0.0, 0.968693] [0.0, 1.0, 0.0] [-0.968693, 0.0, -0.248259] [9160.42, 104.853, 1667.73]]
		objLayer:i = 0
		props {

		}
	}
	bdt_t1_bomb_zone_07_aaa_point_01 {
		type:t = "Point"
		tm:m = [[-0.248259, 0.0, 0.968693] [0.0, 1.0, 0.0] [-0.968693, 0.0, -0.248259] [6891.26, 201.498, 3019.93]]
		objLayer:i = 0
		props {

		}
	}
	bdt_t1_bomb_zone_07_aaa_point_02 {
		type:t = "Point"
		tm:m = [[-0.248259, 0.0, 0.968693] [0.0, 1.0, 0.0] [-0.968693, 0.0, -0.248259] [7505.94, 222.718, 2713.24]]
		objLayer:i = 0
		props {

		}
	}
	bdt_t1_bomb_zone_07_aaa_point_03 {
		type:t = "Point"
		tm:m = [[-0.248259, 0.0, 0.968693] [0.0, 1.0, 0.0] [-0.968693, 0.0, -0.248259] [7282.72, 212.567, 3157.6]]
		objLayer:i = 0
		props {

		}
	}
	bdt_t1_bomb_zone_07_aaa_point_04 {
		type:t = "Point"
		tm:m = [[-0.248259, 0.0, 0.968693] [0.0, 1.0, 0.0] [-0.968693, 0.0, -0.248259] [6848.14, 178.572, 2554.25]]
		objLayer:i = 0
		props {

		}
	}
	bdt_t1_bomb_zone_08_aaa_point_01 {
		type:t = "Point"
		tm:m = [[-0.354165, 0.0, 0.935183] [0.0, 1.0, 0.0] [-0.935183, 0.0, -0.354165] [-3881.79, 170.019, 2194.9]]
		objLayer:i = 0
		props {

		}
	}
	bdt_t1_bomb_zone_08_aaa_point_02 {
		type:t = "Point"
		tm:m = [[-0.354165, 0.0, 0.935183] [0.0, 1.0, 0.0] [-0.935183, 0.0, -0.354165] [-3421.28, 165.551, 2148.2]]
		objLayer:i = 0
		props {

		}
	}
	bdt_t1_bomb_zone_08_aaa_point_03 {
		type:t = "Point"
		tm:m = [[-0.354165, 0.0, 0.935183] [0.0, 1.0, 0.0] [-0.935183, 0.0, -0.354165] [-3319.78, 167.158, 2556.0]]
		objLayer:i = 0
		props {

		}
	}
	bdt_t1_bomb_zone_08_aaa_point_04 {
		type:t = "Point"
		tm:m = [[-0.354165, 0.0, 0.935183] [0.0, 1.0, 0.0] [-0.935183, 0.0, -0.354165] [-3729.62, 172.145, 2626.3]]
		objLayer:i = 0
		props {

		}
	}
	bdt_t1_bomb_zone_09_aaa_point_01 {
		type:t = "Point"
		tm:m = [[-0.354165, 0.0, 0.935183] [0.0, 1.0, 0.0] [-0.935183, 0.0, -0.354165] [-1101.29, 99.8012, 3200.18]]
		objLayer:i = 0
		props {

		}
	}
	bdt_t1_bomb_zone_09_aaa_point_02 {
		type:t = "Point"
		tm:m = [[-0.354165, 0.0, 0.935183] [0.0, 1.0, 0.0] [-0.935183, 0.0, -0.354165] [-795.582, 117.006, 3669.52]]
		objLayer:i = 0
		props {

		}
	}
	bdt_t1_bomb_zone_09_aaa_point_03 {
		type:t = "Point"
		tm:m = [[-0.354165, 0.0, 0.935183] [0.0, 1.0, 0.0] [-0.935183, 0.0, -0.354165] [-1711.42, 114.971, 3464.6]]
		objLayer:i = 0
		props {

		}
	}
	bdt_t1_bomb_zone_09_aaa_point_04 {
		type:t = "Point"
		tm:m = [[-0.354165, 0.0, 0.935183] [0.0, 1.0, 0.0] [-0.935183, 0.0, -0.354165] [-895.974, 145.059, 4046.74]]
		objLayer:i = 0
		props {

		}
	}
	bdt_t1_bomb_zone_10_aaa_point_01 {
		type:t = "Point"
		tm:m = [[-0.354165, 0.0, 0.935183] [0.0, 1.0, 0.0] [-0.935183, 0.0, -0.354165] [631.884, 83.9745, 4923.0]]
		objLayer:i = 0
		props {

		}
	}
	bdt_t1_bomb_zone_10_aaa_point_02 {
		type:t = "Point"
		tm:m = [[-0.354165, 0.0, 0.935183] [0.0, 1.0, 0.0] [-0.935183, 0.0, -0.354165] [70.9487, 110.182, 5050.0]]
		objLayer:i = 0
		props {

		}
	}
	bdt_t1_bomb_zone_10_aaa_point_03 {
		type:t = "Point"
		tm:m = [[-0.354165, 0.0, 0.935183] [0.0, 1.0, 0.0] [-0.935183, 0.0, -0.354165] [698.971, 106.816, 5379.0]]
		objLayer:i = 0
		props {

		}
	}
	bdt_t1_bomb_zone_10_aaa_point_04 {
		type:t = "Point"
		tm:m = [[-0.354165, 0.0, 0.935183] [0.0, 1.0, 0.0] [-0.935183, 0.0, -0.354165] [356.837, 137.869, 5554.6]]
		objLayer:i = 0
		props {

		}
	}
	bdt_t2_bomb_zone_05 {
		type:t = "Sphere"
		tm:m = [[28.8213, 0.0, 449.075] [0.0, 450.0, 0.0] [-449.075, 0.0, 28.8213] [-6663.0, 149.539, -8736.06]]
		objLayer:i = 0
		props {

		}
	}
	bdt_t2_bomb_zone_06 {
		type:t = "Sphere"
		tm:m = [[-185.293, 0.0, 410.081] [0.0, 450.0, 0.0] [-410.081, 0.0, -185.293] [-4344.96, 135.345, -11653.3]]
		objLayer:i = 0
		props {

		}
	}
	bdt_t2_bomb_zone_07 {
		type:t = "Sphere"
		tm:m = [[28.8213, 0.0, 449.075] [0.0, 450.0, 0.0] [-449.075, 0.0, 28.8213] [-3539.41, 67.1631, -13213.2]]
		objLayer:i = 0
		props {

		}
	}
	bdt_t2_bomb_zone_08 {
		type:t = "Sphere"
		tm:m = [[153.847, 0.0, 422.885] [0.0, 450.0, 0.0] [-422.885, 0.0, 153.847] [11949.4, 160.199, -9049.56]]
		objLayer:i = 0
		props {

		}
	}
	bdt_t2_bomb_zone_09 {
		type:t = "Sphere"
		tm:m = [[-226.328, 0.0, 388.942] [0.0, 450.0, 0.0] [-388.942, 0.0, -226.328] [8010.54, 207.172, -11662.2]]
		objLayer:i = 0
		props {

		}
	}
	bdt_t2_bomb_zone_10 {
		type:t = "Sphere"
		tm:m = [[-226.328, 0.0, 388.942] [0.0, 450.0, 0.0] [-388.942, 0.0, -226.328] [6182.15, 195.601, -12205.2]]
		objLayer:i = 0
		props {

		}
	}
	bdt_t2_bomb_zone_05_aaa_point_01 {
		type:t = "Point"
		tm:m = [[0.0821453, 0.0, 0.996619] [0.0, 1.0, 0.0] [-0.996619, 0.0, 0.0821453] [-6334.3, 153.996, -8847.42]]
		objLayer:i = 0
		props {

		}
	}
	bdt_t2_bomb_zone_05_aaa_point_02 {
		type:t = "Point"
		tm:m = [[0.0821453, 0.0, 0.996619] [0.0, 1.0, 0.0] [-0.996619, 0.0, 0.0821453] [-6852.06, 144.793, -8411.77]]
		objLayer:i = 0
		props {

		}
	}
	bdt_t2_bomb_zone_05_aaa_point_03 {
		type:t = "Point"
		tm:m = [[0.0821453, 0.0, 0.996619] [0.0, 1.0, 0.0] [-0.996619, 0.0, 0.0821453] [-6971.39, 144.909, -8579.79]]
		objLayer:i = 0
		props {

		}
	}
	bdt_t2_bomb_zone_05_aaa_point_04 {
		type:t = "Point"
		tm:m = [[0.0821453, 0.0, 0.996619] [0.0, 1.0, 0.0] [-0.996619, 0.0, 0.0821453] [-6733.51, 151.207, -9054.76]]
		objLayer:i = 0
		props {

		}
	}
	bdt_t2_bomb_zone_06_aaa_point_01 {
		type:t = "Point"
		tm:m = [[-0.395159, 0.0, 0.918615] [0.0, 1.0, 0.0] [-0.918615, 0.0, -0.395159] [-4141.53, 139.571, -11753.8]]
		objLayer:i = 0
		props {

		}
	}
	bdt_t2_bomb_zone_06_aaa_point_02 {
		type:t = "Point"
		tm:m = [[-0.395159, 0.0, 0.918615] [0.0, 1.0, 0.0] [-0.918615, 0.0, -0.395159] [-4780.85, 145.484, -11626.3]]
		objLayer:i = 0
		props {

		}
	}
	bdt_t2_bomb_zone_06_aaa_point_03 {
		type:t = "Point"
		tm:m = [[-0.395159, 0.0, 0.918615] [0.0, 1.0, 0.0] [-0.918615, 0.0, -0.395159] [-4401.94, 161.99, -11375.2]]
		objLayer:i = 0
		props {

		}
	}
	bdt_t2_bomb_zone_06_aaa_point_04 {
		type:t = "Point"
		tm:m = [[-0.395159, 0.0, 0.918615] [0.0, 1.0, 0.0] [-0.918615, 0.0, -0.395159] [-4159.39, 180.102, -11101.1]]
		objLayer:i = 0
		props {

		}
	}
	bdt_t2_bomb_zone_07_aaa_point_01 {
		type:t = "Point"
		tm:m = [[0.0821453, 0.0, 0.996619] [0.0, 1.0, 0.0] [-0.996619, 0.0, 0.0821453] [-3131.24, 104.01, -13334.6]]
		objLayer:i = 0
		props {

		}
	}
	bdt_t2_bomb_zone_07_aaa_point_02 {
		type:t = "Point"
		tm:m = [[0.0821453, 0.0, 0.996619] [0.0, 1.0, 0.0] [-0.996619, 0.0, 0.0821453] [-3524.42, 43.1984, -12699.0]]
		objLayer:i = 0
		props {

		}
	}
	bdt_t2_bomb_zone_07_aaa_point_03 {
		type:t = "Point"
		tm:m = [[0.0821453, 0.0, 0.996619] [0.0, 1.0, 0.0] [-0.996619, 0.0, 0.0821453] [-3658.14, 82.9346, -13773.8]]
		objLayer:i = 0
		props {

		}
	}
	bdt_t2_bomb_zone_07_aaa_point_04 {
		type:t = "Point"
		tm:m = [[0.0821453, 0.0, 0.996619] [0.0, 1.0, 0.0] [-0.996619, 0.0, 0.0821453] [-3413.26, 77.9778, -13595.8]]
		objLayer:i = 0
		props {

		}
	}
	bdt_t2_bomb_zone_08_aaa_point_01 {
		type:t = "Point"
		tm:m = [[0.749314, 0.0, 0.662213] [0.0, 1.0, 0.0] [-0.662213, 0.0, 0.749314] [12144.8, 156.561, -8939.39]]
		objLayer:i = 0
		props {

		}
	}
	bdt_t2_bomb_zone_08_aaa_point_02 {
		type:t = "Point"
		tm:m = [[0.749314, 0.0, 0.662213] [0.0, 1.0, 0.0] [-0.662213, 0.0, 0.749314] [11804.9, 164.607, -9352.79]]
		objLayer:i = 0
		props {

		}
	}
	bdt_t2_bomb_zone_08_aaa_point_03 {
		type:t = "Point"
		tm:m = [[0.749314, 0.0, 0.662213] [0.0, 1.0, 0.0] [-0.662213, 0.0, 0.749314] [11724.9, 161.919, -8807.59]]
		objLayer:i = 0
		props {

		}
	}
	bdt_t2_bomb_zone_08_aaa_point_04 {
		type:t = "Point"
		tm:m = [[0.749314, 0.0, 0.662213] [0.0, 1.0, 0.0] [-0.662213, 0.0, 0.749314] [11627.3, 165.603, -9154.66]]
		objLayer:i = 0
		props {

		}
	}
	bdt_t2_bomb_zone_09_aaa_point_01 {
		type:t = "Point"
		tm:m = [[-0.0288967, 0.0, 0.999581] [0.0, 1.0, 0.0] [-0.999581, 0.0, -0.0288967] [8329.28, 325.32, -11428.3]]
		objLayer:i = 0
		props {

		}
	}
	bdt_t2_bomb_zone_09_aaa_point_02 {
		type:t = "Point"
		tm:m = [[-0.0288967, 0.0, 0.999581] [0.0, 1.0, 0.0] [-0.999581, 0.0, -0.0288967] [7929.17, 211.118, -11948.1]]
		objLayer:i = 0
		props {

		}
	}
	bdt_t2_bomb_zone_09_aaa_point_03 {
		type:t = "Point"
		tm:m = [[-0.0288967, 0.0, 0.999581] [0.0, 1.0, 0.0] [-0.999581, 0.0, -0.0288967] [8053.81, 80.6979, -11487.2]]
		objLayer:i = 0
		props {

		}
	}
	bdt_t2_bomb_zone_09_aaa_point_04 {
		type:t = "Point"
		tm:m = [[-0.0288967, 0.0, 0.999581] [0.0, 1.0, 0.0] [-0.999581, 0.0, -0.0288967] [8642.41, 580.352, -11928.3]]
		objLayer:i = 0
		props {

		}
	}
	bdt_t2_bomb_zone_10_aaa_point_01 {
		type:t = "Point"
		tm:m = [[-0.0288967, 0.0, 0.999581] [0.0, 1.0, 0.0] [-0.999581, 0.0, -0.0288967] [6407.23, 181.909, -11723.8]]
		objLayer:i = 0
		props {

		}
	}
	bdt_t2_bomb_zone_10_aaa_point_02 {
		type:t = "Point"
		tm:m = [[-0.0288967, 0.0, 0.999581] [0.0, 1.0, 0.0] [-0.999581, 0.0, -0.0288967] [5970.77, 175.598, -11917.1]]
		objLayer:i = 0
		props {

		}
	}
	bdt_t2_bomb_zone_10_aaa_point_03 {
		type:t = "Point"
		tm:m = [[-0.0288967, 0.0, 0.999581] [0.0, 1.0, 0.0] [-0.999581, 0.0, -0.0288967] [6677.22, 184.62, -12234.5]]
		objLayer:i = 0
		props {

		}
	}
	bdt_t2_bomb_zone_10_aaa_point_04 {
		type:t = "Point"
		tm:m = [[-0.0288967, 0.0, 0.999581] [0.0, 1.0, 0.0] [-0.999581, 0.0, -0.0288967] [5899.85, 180.994, -12420.1]]
		objLayer:i = 0
		props {

		}
	}
	bomb_zones_area {
		type:t = "Sphere"
		tm:m = [[12727.8, 0.0, 12727.8] [0.0, 18000.0, 0.0] [-12727.8, 0.0, 12727.8] [2623.0, 369.01, -5494.0]]
		objLayer:i = 3
		props {

		}
	}
}
objLayers {
	layer {
		enabled:b = true
	}
	layer {
		enabled:b = true
	}
	layer {
		enabled:b = true
	}
	layer {
		enabled:b = false
	}
	layer {
		enabled:b = true
	}
}
wayPoints {

}