selected_tag:t = ""
bin_dump_file:t = ""
mission_settings {
	player {
		army:i = 1
	}
	player_teamB {
		army:i = 2
	}
	mission {
		level:t = "levels/avg_greece.bin"
		type:t = "domination"
		environment:t = "Day"
		weather:t = "hazy"
	}
}
imports {
	import_record {
		file:t = "gamedata/missions/templates/units_sets/airfields_decor/air_radar_decor.blk"
		importAreas:b = true
		importUnits:b = true
		importTriggers:b = true
		importMissionObjectives:b = true
		importWayPoints:b = true
		importDialogs:b = true
		showAreas:b = true
		showUnits:b = true
		showTriggers:b = true
		showMissionObjectives:b = true
		showWayPoints:b = true
		showDialogs:b = true
		excludes {

		}
	}
}
triggers {
	isCategory:b = true
	is_enabled:b = true
}
mission_objectives {
	isCategory:b = true
	is_enabled:b = true
}
variables {

}
dialogs {

}
airfields {

}
effects {

}
units {
	objectGroups {
		name:t = "t1_airfield"
		tm:m = [[0.512223, 0.0, -0.858851] [0.0, 1.0, 0.0] [0.858851, 0.0, 0.512223] [11815.3, 118.329, -10817.4]]
		unit_class:t = "dynaf_pg_1line_3000_universal"
		objLayer:i = 2
		props {
			army:i = 1
			active:b = true
		}
	}
	air_defence {
		name:t = "t1_airfield_aaa_big_01"
		tm:m = [[0.619944, 0.0, -0.784647] [0.0, 1.0, 0.0] [0.784647, 0.0, 0.619944] [11306.5, 87.649, -10802.3]]
		unit_class:t = "ussr_85mm_52k_noground"
		objLayer:i = 1
		closed_waypoints:b = false
		isShipSpline:b = false
		shipTurnRadius:r = 100
		weapons:t = ""
		bullets0:t = ""
		bullets1:t = ""
		bullets2:t = ""
		bullets3:t = ""
		bulletsCount0:i = 0
		bulletsCount1:i = 0
		bulletsCount2:i = 0
		bulletsCount3:i = 0
		crewSkillK:r = 0
		applyAllMods:b = false
		props {
			army:i = 1
			count:i = 1
			formation_type:t = "rows"
			formation_div:i = 3
			formation_step:p2 = 2.5, 2
			formation_noise:p2 = 0.1, 0.1
			uniqueName:t = ""
			attack_type:t = "fire_at_will"
		}
		way {

		}
	}
	air_defence {
		name:t = "t1_airfield_aaa_big_02"
		tm:m = [[0.619944, 0.0, -0.784647] [0.0, 1.0, 0.0] [0.784647, 0.0, 0.619944] [11438.8, 163.241, -11346.5]]
		unit_class:t = "ussr_85mm_52k_noground"
		objLayer:i = 1
		closed_waypoints:b = false
		isShipSpline:b = false
		shipTurnRadius:r = 100
		weapons:t = ""
		bullets0:t = ""
		bullets1:t = ""
		bullets2:t = ""
		bullets3:t = ""
		bulletsCount0:i = 0
		bulletsCount1:i = 0
		bulletsCount2:i = 0
		bulletsCount3:i = 0
		crewSkillK:r = 0
		applyAllMods:b = false
		props {
			army:i = 1
			count:i = 1
			formation_type:t = "rows"
			formation_div:i = 3
			formation_step:p2 = 2.5, 2
			formation_noise:p2 = 0.1, 0.1
			uniqueName:t = ""
			attack_type:t = "fire_at_will"
		}
		way {

		}
	}
	air_defence {
		name:t = "t1_airfield_aaa_big_03"
		tm:m = [[0.619944, 0.0, -0.784647] [0.0, 1.0, 0.0] [0.784647, 0.0, 0.619944] [12405.1, 127.838, -11114.8]]
		unit_class:t = "ussr_85mm_52k_noground"
		objLayer:i = 1
		closed_waypoints:b = false
		isShipSpline:b = false
		shipTurnRadius:r = 100
		weapons:t = ""
		bullets0:t = ""
		bullets1:t = ""
		bullets2:t = ""
		bullets3:t = ""
		bulletsCount0:i = 0
		bulletsCount1:i = 0
		bulletsCount2:i = 0
		bulletsCount3:i = 0
		crewSkillK:r = 0
		applyAllMods:b = false
		props {
			army:i = 1
			count:i = 1
			formation_type:t = "rows"
			formation_div:i = 3
			formation_step:p2 = 2.5, 2
			formation_noise:p2 = 0.1, 0.1
			uniqueName:t = ""
			attack_type:t = "fire_at_will"
		}
		way {

		}
	}
	air_defence {
		name:t = "t1_airfield_aaa_big_04"
		tm:m = [[0.619944, 0.0, -0.784647] [0.0, 1.0, 0.0] [0.784647, 0.0, 0.619944] [12156.8, 92.43, -10569.8]]
		unit_class:t = "ussr_85mm_52k_noground"
		objLayer:i = 1
		closed_waypoints:b = false
		isShipSpline:b = false
		shipTurnRadius:r = 100
		weapons:t = ""
		bullets0:t = ""
		bullets1:t = ""
		bullets2:t = ""
		bullets3:t = ""
		bulletsCount0:i = 0
		bulletsCount1:i = 0
		bulletsCount2:i = 0
		bulletsCount3:i = 0
		crewSkillK:r = 0
		applyAllMods:b = false
		props {
			army:i = 1
			count:i = 1
			formation_type:t = "rows"
			formation_div:i = 3
			formation_step:p2 = 2.5, 2
			formation_noise:p2 = 0.1, 0.1
			uniqueName:t = ""
			attack_type:t = "fire_at_will"
		}
		way {

		}
	}
	air_defence {
		name:t = "t1_airfield_aaa_small_01"
		tm:m = [[0.619944, 0.0, -0.784647] [0.0, 1.0, 0.0] [0.784647, 0.0, 0.619944] [11869.8, 83.1918, -10327.1]]
		unit_class:t = "ussr_37mm_61k_airfield"
		objLayer:i = 1
		closed_waypoints:b = false
		isShipSpline:b = false
		shipTurnRadius:r = 100
		weapons:t = ""
		bullets0:t = ""
		bullets1:t = ""
		bullets2:t = ""
		bullets3:t = ""
		bulletsCount0:i = 0
		bulletsCount1:i = 0
		bulletsCount2:i = 0
		bulletsCount3:i = 0
		crewSkillK:r = 0
		applyAllMods:b = false
		props {
			army:i = 1
			count:i = 1
			formation_type:t = "rows"
			formation_div:i = 3
			formation_step:p2 = 2.5, 2
			formation_noise:p2 = 0.1, 0.1
			uniqueName:t = ""
			attack_type:t = "fire_at_will"
		}
		way {

		}
	}
	air_defence {
		name:t = "t1_airfield_aaa_small_02"
		tm:m = [[0.619944, 0.0, -0.784647] [0.0, 1.0, 0.0] [0.784647, 0.0, 0.619944] [12190.0, 161.98, -10873.6]]
		unit_class:t = "ussr_37mm_61k_airfield"
		objLayer:i = 1
		closed_waypoints:b = false
		isShipSpline:b = false
		shipTurnRadius:r = 100
		weapons:t = ""
		bullets0:t = ""
		bullets1:t = ""
		bullets2:t = ""
		bullets3:t = ""
		bulletsCount0:i = 0
		bulletsCount1:i = 0
		bulletsCount2:i = 0
		bulletsCount3:i = 0
		crewSkillK:r = 0
		applyAllMods:b = false
		props {
			army:i = 1
			count:i = 1
			formation_type:t = "rows"
			formation_div:i = 3
			formation_step:p2 = 2.5, 2
			formation_noise:p2 = 0.1, 0.1
			uniqueName:t = ""
			attack_type:t = "fire_at_will"
		}
		way {

		}
	}
	air_defence {
		name:t = "t1_airfield_aaa_small_03"
		tm:m = [[0.619944, 0.0, -0.784647] [0.0, 1.0, 0.0] [0.784647, 0.0, 0.619944] [11639.1, 210.492, -11387.9]]
		unit_class:t = "ussr_37mm_61k_airfield"
		objLayer:i = 1
		closed_waypoints:b = false
		isShipSpline:b = false
		shipTurnRadius:r = 100
		weapons:t = ""
		bullets0:t = ""
		bullets1:t = ""
		bullets2:t = ""
		bullets3:t = ""
		bulletsCount0:i = 0
		bulletsCount1:i = 0
		bulletsCount2:i = 0
		bulletsCount3:i = 0
		crewSkillK:r = 0
		applyAllMods:b = false
		props {
			army:i = 1
			count:i = 1
			formation_type:t = "rows"
			formation_div:i = 3
			formation_step:p2 = 2.5, 2
			formation_noise:p2 = 0.1, 0.1
			uniqueName:t = ""
			attack_type:t = "fire_at_will"
		}
		way {

		}
	}
	air_defence {
		name:t = "t1_airfield_aaa_small_04"
		tm:m = [[0.619944, 0.0, -0.784647] [0.0, 1.0, 0.0] [0.784647, 0.0, 0.619944] [11408.5, 129.328, -10989.0]]
		unit_class:t = "ussr_37mm_61k_airfield"
		objLayer:i = 1
		closed_waypoints:b = false
		isShipSpline:b = false
		shipTurnRadius:r = 100
		weapons:t = ""
		bullets0:t = ""
		bullets1:t = ""
		bullets2:t = ""
		bullets3:t = ""
		bulletsCount0:i = 0
		bulletsCount1:i = 0
		bulletsCount2:i = 0
		bulletsCount3:i = 0
		crewSkillK:r = 0
		applyAllMods:b = false
		props {
			army:i = 1
			count:i = 1
			formation_type:t = "rows"
			formation_div:i = 3
			formation_step:p2 = 2.5, 2
			formation_noise:p2 = 0.1, 0.1
			uniqueName:t = ""
			attack_type:t = "fire_at_will"
		}
		way {

		}
	}
	air_defence {
		name:t = "t1_airfield_aaa_small_05"
		tm:m = [[0.619944, 0.0, -0.784647] [0.0, 1.0, 0.0] [0.784647, 0.0, 0.619944] [11264.5, 65.6535, -10618.7]]
		unit_class:t = "ussr_37mm_61k_airfield"
		objLayer:i = 1
		closed_waypoints:b = false
		isShipSpline:b = false
		shipTurnRadius:r = 100
		weapons:t = ""
		bullets0:t = ""
		bullets1:t = ""
		bullets2:t = ""
		bullets3:t = ""
		bulletsCount0:i = 0
		bulletsCount1:i = 0
		bulletsCount2:i = 0
		bulletsCount3:i = 0
		crewSkillK:r = 0
		applyAllMods:b = false
		props {
			army:i = 1
			count:i = 1
			formation_type:t = "rows"
			formation_div:i = 3
			formation_step:p2 = 2.5, 2
			formation_noise:p2 = 0.1, 0.1
			uniqueName:t = ""
			attack_type:t = "fire_at_will"
		}
		way {

		}
	}
	air_defence {
		name:t = "t1_airfield_aaa_small_06"
		tm:m = [[0.619944, 0.0, -0.784647] [0.0, 1.0, 0.0] [0.784647, 0.0, 0.619944] [11784.6, 143.271, -10040.3]]
		unit_class:t = "ussr_37mm_61k_airfield"
		objLayer:i = 1
		closed_waypoints:b = false
		isShipSpline:b = false
		shipTurnRadius:r = 100
		weapons:t = ""
		bullets0:t = ""
		bullets1:t = ""
		bullets2:t = ""
		bullets3:t = ""
		bulletsCount0:i = 0
		bulletsCount1:i = 0
		bulletsCount2:i = 0
		bulletsCount3:i = 0
		crewSkillK:r = 0
		applyAllMods:b = false
		props {
			army:i = 1
			count:i = 1
			formation_type:t = "rows"
			formation_div:i = 3
			formation_step:p2 = 2.5, 2
			formation_noise:p2 = 0.1, 0.1
			uniqueName:t = ""
			attack_type:t = "fire_at_will"
		}
		way {

		}
	}
	squad {
		name:t = "t1_airfield_aaa_squad"
		tm:m = [[0.619944, 0.0, -0.784647] [0.0, 1.0, 0.0] [0.784647, 0.0, 0.619944] [11377.8, 110.878, -10925.4]]
		props {
			squad_members:t = "t1_airfield_aaa_big_01"
			squad_members:t = "t1_airfield_aaa_big_02"
			squad_members:t = "t1_airfield_aaa_big_03"
			squad_members:t = "t1_airfield_aaa_big_04"
			squad_members:t = "t1_airfield_aaa_small_01"
			squad_members:t = "t1_airfield_aaa_small_02"
			squad_members:t = "t1_airfield_aaa_small_03"
			squad_members:t = "t1_airfield_aaa_small_04"
			squad_members:t = "t1_airfield_aaa_small_05"
			squad_members:t = "t1_airfield_aaa_small_06"
			object_marking:i = 0
		}
	}
	objectGroups {
		name:t = "t2_airfield"
		tm:m = [[0.37894, 0.0, 0.925422] [0.0, 1.0, 0.0] [-0.925422, 0.0, 0.37894] [5623.31, 241.108, 14720.2]]
		unit_class:t = "dynaf_pg_1line_3000_universal"
		objLayer:i = 2
		props {
			army:i = 2
			active:b = true
		}
	}
	air_defence {
		name:t = "t2_airfield_aaa_big_01"
		tm:m = [[-0.6726, 0.0, -0.740007] [0.0, 1.0, 0.0] [0.740007, 0.0, -0.6726] [6161.56, 256.353, 15229.8]]
		unit_class:t = "germ_88mm_flak36_noground"
		objLayer:i = 1
		closed_waypoints:b = false
		isShipSpline:b = false
		shipTurnRadius:r = 100
		weapons:t = ""
		bullets0:t = ""
		bullets1:t = ""
		bullets2:t = ""
		bullets3:t = ""
		bulletsCount0:i = 0
		bulletsCount1:i = 0
		bulletsCount2:i = 0
		bulletsCount3:i = 0
		crewSkillK:r = 0
		applyAllMods:b = false
		props {
			army:i = 2
			count:i = 1
			formation_type:t = "rows"
			formation_div:i = 3
			formation_step:p2 = 2.5, 2
			formation_noise:p2 = 0.1, 0.1
			uniqueName:t = ""
			attack_type:t = "fire_at_will"
		}
		way {

		}
	}
	air_defence {
		name:t = "t2_airfield_aaa_big_02"
		tm:m = [[-0.6726, 0.0, -0.740007] [0.0, 1.0, 0.0] [0.740007, 0.0, -0.6726] [5946.84, 255.251, 14471.6]]
		unit_class:t = "germ_88mm_flak36_noground"
		objLayer:i = 1
		closed_waypoints:b = false
		isShipSpline:b = false
		shipTurnRadius:r = 100
		weapons:t = ""
		bullets0:t = ""
		bullets1:t = ""
		bullets2:t = ""
		bullets3:t = ""
		bulletsCount0:i = 0
		bulletsCount1:i = 0
		bulletsCount2:i = 0
		bulletsCount3:i = 0
		crewSkillK:r = 0
		applyAllMods:b = false
		props {
			army:i = 2
			count:i = 1
			formation_type:t = "rows"
			formation_div:i = 3
			formation_step:p2 = 2.5, 2
			formation_noise:p2 = 0.1, 0.1
			uniqueName:t = ""
			attack_type:t = "fire_at_will"
		}
		way {

		}
	}
	air_defence {
		name:t = "t2_airfield_aaa_big_03"
		tm:m = [[-0.6726, 0.0, -0.740007] [0.0, 1.0, 0.0] [0.740007, 0.0, -0.6726] [5633.78, 248.098, 13927.6]]
		unit_class:t = "germ_88mm_flak36_noground"
		objLayer:i = 1
		closed_waypoints:b = false
		isShipSpline:b = false
		shipTurnRadius:r = 100
		weapons:t = ""
		bullets0:t = ""
		bullets1:t = ""
		bullets2:t = ""
		bullets3:t = ""
		bulletsCount0:i = 0
		bulletsCount1:i = 0
		bulletsCount2:i = 0
		bulletsCount3:i = 0
		crewSkillK:r = 0
		applyAllMods:b = false
		props {
			army:i = 2
			count:i = 1
			formation_type:t = "rows"
			formation_div:i = 3
			formation_step:p2 = 2.5, 2
			formation_noise:p2 = 0.1, 0.1
			uniqueName:t = ""
			attack_type:t = "fire_at_will"
		}
		way {

		}
	}
	air_defence {
		name:t = "t2_airfield_aaa_big_04"
		tm:m = [[-0.6726, 0.0, -0.740007] [0.0, 1.0, 0.0] [0.740007, 0.0, -0.6726] [5247.39, 247.82, 14587.7]]
		unit_class:t = "germ_88mm_flak36_noground"
		objLayer:i = 1
		closed_waypoints:b = false
		isShipSpline:b = false
		shipTurnRadius:r = 100
		weapons:t = ""
		bullets0:t = ""
		bullets1:t = ""
		bullets2:t = ""
		bullets3:t = ""
		bulletsCount0:i = 0
		bulletsCount1:i = 0
		bulletsCount2:i = 0
		bulletsCount3:i = 0
		crewSkillK:r = 0
		applyAllMods:b = false
		props {
			army:i = 2
			count:i = 1
			formation_type:t = "rows"
			formation_div:i = 3
			formation_step:p2 = 2.5, 2
			formation_noise:p2 = 0.1, 0.1
			uniqueName:t = ""
			attack_type:t = "fire_at_will"
		}
		way {

		}
	}
	air_defence {
		name:t = "t2_airfield_aaa_small_01"
		tm:m = [[-0.6726, 0.0, -0.740007] [0.0, 1.0, 0.0] [0.740007, 0.0, -0.6726] [6059.0, 251.34, 14909.5]]
		unit_class:t = "germ_37mm_flak43_airfield"
		objLayer:i = 1
		closed_waypoints:b = false
		isShipSpline:b = false
		shipTurnRadius:r = 100
		weapons:t = ""
		bullets0:t = ""
		bullets1:t = ""
		bullets2:t = ""
		bullets3:t = ""
		bulletsCount0:i = 0
		bulletsCount1:i = 0
		bulletsCount2:i = 0
		bulletsCount3:i = 0
		crewSkillK:r = 0
		applyAllMods:b = false
		props {
			army:i = 2
			count:i = 1
			formation_type:t = "rows"
			formation_div:i = 3
			formation_step:p2 = 2.5, 2
			formation_noise:p2 = 0.1, 0.1
			uniqueName:t = ""
			attack_type:t = "fire_at_will"
		}
		way {

		}
	}
	air_defence {
		name:t = "t2_airfield_aaa_small_02"
		tm:m = [[-0.6726, 0.0, -0.740007] [0.0, 1.0, 0.0] [0.740007, 0.0, -0.6726] [5809.12, 249.648, 14209.4]]
		unit_class:t = "germ_37mm_flak43_airfield"
		objLayer:i = 1
		closed_waypoints:b = false
		isShipSpline:b = false
		shipTurnRadius:r = 100
		weapons:t = ""
		bullets0:t = ""
		bullets1:t = ""
		bullets2:t = ""
		bullets3:t = ""
		bulletsCount0:i = 0
		bulletsCount1:i = 0
		bulletsCount2:i = 0
		bulletsCount3:i = 0
		crewSkillK:r = 0
		applyAllMods:b = false
		props {
			army:i = 2
			count:i = 1
			formation_type:t = "rows"
			formation_div:i = 3
			formation_step:p2 = 2.5, 2
			formation_noise:p2 = 0.1, 0.1
			uniqueName:t = ""
			attack_type:t = "fire_at_will"
		}
		way {

		}
	}
	air_defence {
		name:t = "t2_airfield_aaa_small_03"
		tm:m = [[-0.6726, 0.0, -0.740007] [0.0, 1.0, 0.0] [0.740007, 0.0, -0.6726] [5109.87, 247.798, 14281.7]]
		unit_class:t = "germ_37mm_flak43_airfield"
		objLayer:i = 1
		closed_waypoints:b = false
		isShipSpline:b = false
		shipTurnRadius:r = 100
		weapons:t = ""
		bullets0:t = ""
		bullets1:t = ""
		bullets2:t = ""
		bullets3:t = ""
		bulletsCount0:i = 0
		bulletsCount1:i = 0
		bulletsCount2:i = 0
		bulletsCount3:i = 0
		crewSkillK:r = 0
		applyAllMods:b = false
		props {
			army:i = 2
			count:i = 1
			formation_type:t = "rows"
			formation_div:i = 3
			formation_step:p2 = 2.5, 2
			formation_noise:p2 = 0.1, 0.1
			uniqueName:t = ""
			attack_type:t = "fire_at_will"
		}
		way {

		}
	}
	air_defence {
		name:t = "t2_airfield_aaa_small_04"
		tm:m = [[-0.6726, 0.0, -0.740007] [0.0, 1.0, 0.0] [0.740007, 0.0, -0.6726] [5362.82, 247.82, 14772.2]]
		unit_class:t = "germ_37mm_flak43_airfield"
		objLayer:i = 1
		closed_waypoints:b = false
		isShipSpline:b = false
		shipTurnRadius:r = 100
		weapons:t = ""
		bullets0:t = ""
		bullets1:t = ""
		bullets2:t = ""
		bullets3:t = ""
		bulletsCount0:i = 0
		bulletsCount1:i = 0
		bulletsCount2:i = 0
		bulletsCount3:i = 0
		crewSkillK:r = 0
		applyAllMods:b = false
		props {
			army:i = 2
			count:i = 1
			formation_type:t = "rows"
			formation_div:i = 3
			formation_step:p2 = 2.5, 2
			formation_noise:p2 = 0.1, 0.1
			uniqueName:t = ""
			attack_type:t = "fire_at_will"
		}
		way {

		}
	}
	air_defence {
		name:t = "t2_airfield_aaa_small_05"
		tm:m = [[-0.6726, 0.0, -0.740007] [0.0, 1.0, 0.0] [0.740007, 0.0, -0.6726] [5647.74, 253.058, 15511.6]]
		unit_class:t = "germ_37mm_flak43_airfield"
		objLayer:i = 1
		closed_waypoints:b = false
		isShipSpline:b = false
		shipTurnRadius:r = 100
		weapons:t = ""
		bullets0:t = ""
		bullets1:t = ""
		bullets2:t = ""
		bullets3:t = ""
		bulletsCount0:i = 0
		bulletsCount1:i = 0
		bulletsCount2:i = 0
		bulletsCount3:i = 0
		crewSkillK:r = 0
		applyAllMods:b = false
		props {
			army:i = 2
			count:i = 1
			formation_type:t = "rows"
			formation_div:i = 3
			formation_step:p2 = 2.5, 2
			formation_noise:p2 = 0.1, 0.1
			uniqueName:t = ""
			attack_type:t = "fire_at_will"
		}
		way {

		}
	}
	air_defence {
		name:t = "t2_airfield_aaa_small_06"
		tm:m = [[-0.6726, 0.0, -0.740007] [0.0, 1.0, 0.0] [0.740007, 0.0, -0.6726] [5472.5, 247.84, 15086.0]]
		unit_class:t = "germ_37mm_flak43_airfield"
		objLayer:i = 1
		closed_waypoints:b = false
		isShipSpline:b = false
		shipTurnRadius:r = 100
		weapons:t = ""
		bullets0:t = ""
		bullets1:t = ""
		bullets2:t = ""
		bullets3:t = ""
		bulletsCount0:i = 0
		bulletsCount1:i = 0
		bulletsCount2:i = 0
		bulletsCount3:i = 0
		crewSkillK:r = 0
		applyAllMods:b = false
		props {
			army:i = 2
			count:i = 1
			formation_type:t = "rows"
			formation_div:i = 3
			formation_step:p2 = 2.5, 2
			formation_noise:p2 = 0.1, 0.1
			uniqueName:t = ""
			attack_type:t = "fire_at_will"
		}
		way {

		}
	}
	squad {
		name:t = "t2_airfield_aaa_squad"
		tm:m = [[-0.6726, 0.0, -0.740007] [0.0, 1.0, 0.0] [0.740007, 0.0, -0.6726] [5282.51, 247.82, 14944.6]]
		props {
			squad_members:t = "t2_airfield_aaa_big_01"
			squad_members:t = "t2_airfield_aaa_big_02"
			squad_members:t = "t2_airfield_aaa_big_03"
			squad_members:t = "t2_airfield_aaa_big_04"
			squad_members:t = "t2_airfield_aaa_small_01"
			squad_members:t = "t2_airfield_aaa_small_02"
			squad_members:t = "t2_airfield_aaa_small_03"
			squad_members:t = "t2_airfield_aaa_small_04"
			squad_members:t = "t2_airfield_aaa_small_05"
			squad_members:t = "t2_airfield_aaa_small_06"
			object_marking:i = 0
		}
	}
}
areas {

}
objLayers {
	layer {
		enabled:b = true
	}
	layer {
		enabled:b = true
	}
	layer {
		enabled:b = true
	}
	layer {
		enabled:b = true
	}
	layer {
		enabled:b = true
	}
	layer {
		enabled:b = true
	}
	layer {
		enabled:b = true
	}
}
wayPoints {

}