selected_tag:t = ""
bin_dump_file:t = ""
mission_settings {
	player {
		army:i = 1
	}
	player_teamB {
		army:i = 2
	}
	mission {
		type:t = "singleMission"
		level:t = "levels/water.bin"
		environment:t = "Day"
		weather:t = "good"
	}
}
imports {

}
triggers {
	isCategory:b = true
	is_enabled:b = true
}
mission_objectives {
	isCategory:b = true
	is_enabled:b = true
}
variables {

}
dialogs {

}
airfields {

}
effects {

}
units {
	structures {
		name:t = "bridge_01"
		tm:m = [[1.0, 0.0, 0.0] [0.0, 1.0, 0.0] [0.0, 0.0, 1.0] [-22117.3, 489.704, 22932.9]]
		unit_class:t = "beton_road_br"
		objLayer:i = 1
		closed_waypoints:b = false
		isShipSpline:b = false
		shipTurnRadius:r = 100
		weapons:t = ""
		bullets0:t = ""
		bullets1:t = ""
		bullets2:t = ""
		bullets3:t = ""
		bulletsCount0:i = 0
		bulletsCount1:i = 0
		bulletsCount2:i = 0
		bulletsCount3:i = 0
		crewSkillK:r = 0
		applyAllMods:b = false
		props {
			army:i = 2
			count:i = 1
			formation_type:t = "rows"
			formation_div:i = 3
			formation_step:p2 = 2.5, 2
			formation_noise:p2 = 0.1, 0.1
			stealthRadius:r = 0
			setStealth:b = true
			targetableByAi:b = false
		}
		way {

		}
	}
	structures {
		name:t = "bridge_02"
		tm:m = [[1.0, 0.0, 0.0] [0.0, 1.0, 0.0] [0.0, 0.0, 1.0] [-22117.3, 489.704, 23071.9]]
		unit_class:t = "beton_road_br"
		objLayer:i = 1
		closed_waypoints:b = false
		isShipSpline:b = false
		shipTurnRadius:r = 100
		weapons:t = ""
		bullets0:t = ""
		bullets1:t = ""
		bullets2:t = ""
		bullets3:t = ""
		bulletsCount0:i = 0
		bulletsCount1:i = 0
		bulletsCount2:i = 0
		bulletsCount3:i = 0
		crewSkillK:r = 0
		applyAllMods:b = false
		props {
			army:i = 2
			count:i = 1
			formation_type:t = "rows"
			formation_div:i = 3
			formation_step:p2 = 2.5, 2
			formation_noise:p2 = 0.1, 0.1
			stealthRadius:r = 0
			setStealth:b = true
			targetableByAi:b = false
		}
		way {

		}
	}
	structures {
		name:t = "bridge_03"
		tm:m = [[0.852296, 0.0, -0.523059] [0.0, 1.0, 0.0] [0.523059, 0.0, 0.852296] [-16923.4, 489.704, 23188.2]]
		unit_class:t = "bridge_road_br"
		objLayer:i = 1
		closed_waypoints:b = false
		isShipSpline:b = false
		shipTurnRadius:r = 100
		weapons:t = ""
		bullets0:t = ""
		bullets1:t = ""
		bullets2:t = ""
		bullets3:t = ""
		bulletsCount0:i = 0
		bulletsCount1:i = 0
		bulletsCount2:i = 0
		bulletsCount3:i = 0
		crewSkillK:r = 0
		applyAllMods:b = false
		props {
			army:i = 2
			count:i = 1
			formation_type:t = "rows"
			formation_div:i = 3
			formation_step:p2 = 2.5, 2
			formation_noise:p2 = 0.1, 0.1
			stealthRadius:r = 0
			setStealth:b = true
			targetableByAi:b = false
		}
		way {

		}
	}
	structures {
		name:t = "bridge_04"
		tm:m = [[0.852296, 0.0, -0.523059] [0.0, 1.0, 0.0] [0.523059, 0.0, 0.852296] [-16825.6, 488.258, 23343.6]]
		unit_class:t = "bridge_road_br"
		objLayer:i = 1
		closed_waypoints:b = false
		isShipSpline:b = false
		shipTurnRadius:r = 100
		weapons:t = ""
		bullets0:t = ""
		bullets1:t = ""
		bullets2:t = ""
		bullets3:t = ""
		bulletsCount0:i = 0
		bulletsCount1:i = 0
		bulletsCount2:i = 0
		bulletsCount3:i = 0
		crewSkillK:r = 0
		applyAllMods:b = false
		props {
			army:i = 2
			count:i = 1
			formation_type:t = "rows"
			formation_div:i = 3
			formation_step:p2 = 2.5, 2
			formation_noise:p2 = 0.1, 0.1
			stealthRadius:r = 0
			setStealth:b = true
			targetableByAi:b = false
		}
		way {

		}
	}
	structures {
		name:t = "bridge_10"
		tm:m = [[-0.0704125, 0.0, -0.997518] [0.0, 1.0, 0.0] [0.997518, 0.0, -0.0704125] [-13893.2, 492.238, 23908.3]]
		unit_class:t = "bridge_mound_dynmodel"
		objLayer:i = 1
		closed_waypoints:b = false
		isShipSpline:b = false
		shipTurnRadius:r = 100
		weapons:t = ""
		bullets0:t = ""
		bullets1:t = ""
		bullets2:t = ""
		bullets3:t = ""
		bulletsCount0:i = 0
		bulletsCount1:i = 0
		bulletsCount2:i = 0
		bulletsCount3:i = 0
		crewSkillK:r = 0
		applyAllMods:b = false
		props {
			army:i = 2
			count:i = 1
			formation_type:t = "rows"
			formation_div:i = 3
			formation_step:p2 = 2.5, 2
			formation_noise:p2 = 0.1, 0.1
			stealthRadius:r = 0
			setStealth:b = true
			targetableByAi:b = false
		}
		way {

		}
	}
	structures {
		name:t = "bridge_11"
		tm:m = [[-0.0704125, 0.0, -0.997518] [0.0, 1.0, 0.0] [0.997518, 0.0, -0.0704125] [-13830.4, 497.387, 23904.7]]
		unit_class:t = "rail_simple_br"
		objLayer:i = 1
		closed_waypoints:b = false
		isShipSpline:b = false
		shipTurnRadius:r = 100
		weapons:t = ""
		bullets0:t = ""
		bullets1:t = ""
		bullets2:t = ""
		bullets3:t = ""
		bulletsCount0:i = 0
		bulletsCount1:i = 0
		bulletsCount2:i = 0
		bulletsCount3:i = 0
		crewSkillK:r = 0
		applyAllMods:b = false
		props {
			army:i = 2
			count:i = 1
			formation_type:t = "rows"
			formation_div:i = 3
			formation_step:p2 = 2.5, 2
			formation_noise:p2 = 0.1, 0.1
			stealthRadius:r = 0
			setStealth:b = true
			targetableByAi:b = false
		}
		way {

		}
	}
	structures {
		name:t = "bridge_12"
		tm:m = [[0.0704127, 0.0, 0.997518] [0.0, 1.0, 0.0] [-0.997518, 0.0, 0.0704127] [-13766.6, 492.53, 23900.0]]
		unit_class:t = "bridge_mound_dynmodel"
		objLayer:i = 1
		closed_waypoints:b = false
		isShipSpline:b = false
		shipTurnRadius:r = 100
		weapons:t = ""
		bullets0:t = ""
		bullets1:t = ""
		bullets2:t = ""
		bullets3:t = ""
		bulletsCount0:i = 0
		bulletsCount1:i = 0
		bulletsCount2:i = 0
		bulletsCount3:i = 0
		crewSkillK:r = 0
		applyAllMods:b = false
		props {
			army:i = 2
			count:i = 1
			formation_type:t = "rows"
			formation_div:i = 3
			formation_step:p2 = 2.5, 2
			formation_noise:p2 = 0.1, 0.1
			stealthRadius:r = 0
			setStealth:b = true
			targetableByAi:b = false
		}
		way {

		}
	}
	structures {
		name:t = "bridge_13"
		tm:m = [[-0.0704126, 0.0, -0.997518] [0.0, 1.0, 0.0] [0.997518, 0.0, -0.0704126] [-13732.7, 492.53, 23896.7]]
		unit_class:t = "bridge_mound_dynmodel"
		objLayer:i = 1
		closed_waypoints:b = false
		isShipSpline:b = false
		shipTurnRadius:r = 100
		weapons:t = ""
		bullets0:t = ""
		bullets1:t = ""
		bullets2:t = ""
		bullets3:t = ""
		bulletsCount0:i = 0
		bulletsCount1:i = 0
		bulletsCount2:i = 0
		bulletsCount3:i = 0
		crewSkillK:r = 0
		applyAllMods:b = false
		props {
			army:i = 2
			count:i = 1
			formation_type:t = "rows"
			formation_div:i = 3
			formation_step:p2 = 2.5, 2
			formation_noise:p2 = 0.1, 0.1
			stealthRadius:r = 0
			setStealth:b = true
			targetableByAi:b = false
		}
		way {

		}
	}
	structures {
		name:t = "bridge_14"
		tm:m = [[-0.0704125, 0.0, -0.997518] [0.0, 1.0, 0.0] [0.997518, 0.0, -0.0704125] [-13671.4, 497.387, 23890.1]]
		unit_class:t = "rail_simple_br"
		objLayer:i = 1
		closed_waypoints:b = false
		isShipSpline:b = false
		shipTurnRadius:r = 100
		weapons:t = ""
		bullets0:t = ""
		bullets1:t = ""
		bullets2:t = ""
		bullets3:t = ""
		bulletsCount0:i = 0
		bulletsCount1:i = 0
		bulletsCount2:i = 0
		bulletsCount3:i = 0
		crewSkillK:r = 0
		applyAllMods:b = false
		props {
			army:i = 2
			count:i = 1
			formation_type:t = "rows"
			formation_div:i = 3
			formation_step:p2 = 2.5, 2
			formation_noise:p2 = 0.1, 0.1
			stealthRadius:r = 0
			setStealth:b = true
			targetableByAi:b = false
		}
		way {

		}
	}
	structures {
		name:t = "bridge_15"
		tm:m = [[0.0704127, 0.0, 0.997518] [0.0, 1.0, 0.0] [-0.997518, 0.0, 0.0704127] [-13608.3, 492.238, 23885.7]]
		unit_class:t = "bridge_mound_dynmodel"
		objLayer:i = 1
		closed_waypoints:b = false
		isShipSpline:b = false
		shipTurnRadius:r = 100
		weapons:t = ""
		bullets0:t = ""
		bullets1:t = ""
		bullets2:t = ""
		bullets3:t = ""
		bulletsCount0:i = 0
		bulletsCount1:i = 0
		bulletsCount2:i = 0
		bulletsCount3:i = 0
		crewSkillK:r = 0
		applyAllMods:b = false
		props {
			army:i = 2
			count:i = 1
			formation_type:t = "rows"
			formation_div:i = 3
			formation_step:p2 = 2.5, 2
			formation_noise:p2 = 0.1, 0.1
			stealthRadius:r = 0
			setStealth:b = true
			targetableByAi:b = false
		}
		way {

		}
	}
	structures {
		name:t = "bridge_16"
		tm:m = [[0.357754, 0.0, -0.933816] [0.0, 1.0, 0.0] [0.933816, 0.0, 0.357754] [-12844.8, 505.796, 24087.8]]
		unit_class:t = "berlin_bridge_05"
		objLayer:i = 1
		closed_waypoints:b = false
		isShipSpline:b = false
		shipTurnRadius:r = 100
		weapons:t = ""
		bullets0:t = ""
		bullets1:t = ""
		bullets2:t = ""
		bullets3:t = ""
		bulletsCount0:i = 0
		bulletsCount1:i = 0
		bulletsCount2:i = 0
		bulletsCount3:i = 0
		crewSkillK:r = 0
		applyAllMods:b = false
		props {
			army:i = 2
			count:i = 1
			formation_type:t = "rows"
			formation_div:i = 3
			formation_step:p2 = 2.5, 2
			formation_noise:p2 = 0.1, 0.1
			stealthRadius:r = 0
			setStealth:b = true
			targetableByAi:b = false
		}
		way {

		}
	}
	structures {
		name:t = "bridge_17"
		tm:m = [[0.687877, 0.0, -0.725827] [0.0, 1.0, 0.0] [0.725827, 0.0, 0.687877] [-12387.5, 506.535, 22691.8]]
		unit_class:t = "berlin_bridge_05"
		objLayer:i = 1
		closed_waypoints:b = false
		isShipSpline:b = false
		shipTurnRadius:r = 100
		weapons:t = ""
		bullets0:t = ""
		bullets1:t = ""
		bullets2:t = ""
		bullets3:t = ""
		bulletsCount0:i = 0
		bulletsCount1:i = 0
		bulletsCount2:i = 0
		bulletsCount3:i = 0
		crewSkillK:r = 0
		applyAllMods:b = false
		props {
			army:i = 2
			count:i = 1
			formation_type:t = "rows"
			formation_div:i = 3
			formation_step:p2 = 2.5, 2
			formation_noise:p2 = 0.1, 0.1
			stealthRadius:r = 0
			setStealth:b = true
			targetableByAi:b = false
		}
		way {

		}
	}
	structures {
		name:t = "bridge_18"
		tm:m = [[0.0603921, 0.0, -0.998175] [0.0, 1.0, 0.0] [0.998175, 0.0, 0.0603921] [-14721.0, 505.796, 26932.6]]
		unit_class:t = "berlin_bridge_05"
		objLayer:i = 1
		closed_waypoints:b = false
		isShipSpline:b = false
		shipTurnRadius:r = 100
		weapons:t = ""
		bullets0:t = ""
		bullets1:t = ""
		bullets2:t = ""
		bullets3:t = ""
		bulletsCount0:i = 0
		bulletsCount1:i = 0
		bulletsCount2:i = 0
		bulletsCount3:i = 0
		crewSkillK:r = 0
		applyAllMods:b = false
		props {
			army:i = 2
			count:i = 1
			formation_type:t = "rows"
			formation_div:i = 3
			formation_step:p2 = 2.5, 2
			formation_noise:p2 = 0.1, 0.1
			stealthRadius:r = 0
			setStealth:b = true
			targetableByAi:b = false
		}
		way {

		}
	}
	structures {
		name:t = "bridge_19"
		tm:m = [[-0.157084, 0.0, -0.987585] [0.0, 1.0, 0.0] [0.987585, 0.0, -0.157084] [-16984.7, 502.145, 29409.0]]
		unit_class:t = "berlin_bridge_05"
		objLayer:i = 1
		closed_waypoints:b = false
		isShipSpline:b = false
		shipTurnRadius:r = 100
		weapons:t = ""
		bullets0:t = ""
		bullets1:t = ""
		bullets2:t = ""
		bullets3:t = ""
		bulletsCount0:i = 0
		bulletsCount1:i = 0
		bulletsCount2:i = 0
		bulletsCount3:i = 0
		crewSkillK:r = 0
		applyAllMods:b = false
		props {
			army:i = 2
			count:i = 1
			formation_type:t = "rows"
			formation_div:i = 3
			formation_step:p2 = 2.5, 2
			formation_noise:p2 = 0.1, 0.1
			stealthRadius:r = 0
			setStealth:b = true
			targetableByAi:b = false
		}
		way {

		}
	}
	structures {
		name:t = "bridge_20"
		tm:m = [[0.316681, 0.0, -0.948532] [0.0, 1.0, 0.0] [0.948532, 0.0, 0.316681] [-18486.8, 506.153, 31691.5]]
		unit_class:t = "berlin_bridge_05"
		objLayer:i = 1
		closed_waypoints:b = false
		isShipSpline:b = false
		shipTurnRadius:r = 100
		weapons:t = ""
		bullets0:t = ""
		bullets1:t = ""
		bullets2:t = ""
		bullets3:t = ""
		bulletsCount0:i = 0
		bulletsCount1:i = 0
		bulletsCount2:i = 0
		bulletsCount3:i = 0
		crewSkillK:r = 0
		applyAllMods:b = false
		props {
			army:i = 2
			count:i = 1
			formation_type:t = "rows"
			formation_div:i = 3
			formation_step:p2 = 2.5, 2
			formation_noise:p2 = 0.1, 0.1
			stealthRadius:r = 0
			setStealth:b = true
			targetableByAi:b = false
		}
		way {

		}
	}
	structures {
		name:t = "bridge_21"
		tm:m = [[-0.595351, 0.0, -0.803465] [0.0, 1.0, 0.0] [0.803465, 0.0, -0.595351] [-14000.7, 506.154, 28528.9]]
		unit_class:t = "berlin_bridge_05"
		objLayer:i = 1
		closed_waypoints:b = false
		isShipSpline:b = false
		shipTurnRadius:r = 100
		weapons:t = ""
		bullets0:t = ""
		bullets1:t = ""
		bullets2:t = ""
		bullets3:t = ""
		bulletsCount0:i = 0
		bulletsCount1:i = 0
		bulletsCount2:i = 0
		bulletsCount3:i = 0
		crewSkillK:r = 0
		applyAllMods:b = false
		props {
			army:i = 2
			count:i = 1
			formation_type:t = "rows"
			formation_div:i = 3
			formation_step:p2 = 2.5, 2
			formation_noise:p2 = 0.1, 0.1
			stealthRadius:r = 0
			setStealth:b = true
			targetableByAi:b = false
		}
		way {

		}
	}
	structures {
		name:t = "bridge_22"
		tm:m = [[0.060392, 0.0, -0.998175] [0.0, 1.0, 0.0] [0.998175, 0.0, 0.060392] [-17012.7, 506.154, 35560.5]]
		unit_class:t = "berlin_bridge_05"
		objLayer:i = 1
		closed_waypoints:b = false
		isShipSpline:b = false
		shipTurnRadius:r = 100
		weapons:t = ""
		bullets0:t = ""
		bullets1:t = ""
		bullets2:t = ""
		bullets3:t = ""
		bulletsCount0:i = 0
		bulletsCount1:i = 0
		bulletsCount2:i = 0
		bulletsCount3:i = 0
		crewSkillK:r = 0
		applyAllMods:b = false
		props {
			army:i = 2
			count:i = 1
			formation_type:t = "rows"
			formation_div:i = 3
			formation_step:p2 = 2.5, 2
			formation_noise:p2 = 0.1, 0.1
			stealthRadius:r = 0
			setStealth:b = true
			targetableByAi:b = false
		}
		way {

		}
	}
	structures {
		name:t = "bridge_23"
		tm:m = [[0.476581, 0.0, -0.879131] [0.0, 1.0, 0.0] [0.879131, 0.0, 0.476581] [-18237.0, 506.154, 38429.9]]
		unit_class:t = "berlin_bridge_05"
		objLayer:i = 1
		closed_waypoints:b = false
		isShipSpline:b = false
		shipTurnRadius:r = 100
		weapons:t = ""
		bullets0:t = ""
		bullets1:t = ""
		bullets2:t = ""
		bullets3:t = ""
		bulletsCount0:i = 0
		bulletsCount1:i = 0
		bulletsCount2:i = 0
		bulletsCount3:i = 0
		crewSkillK:r = 0
		applyAllMods:b = false
		props {
			army:i = 2
			count:i = 1
			formation_type:t = "rows"
			formation_div:i = 3
			formation_step:p2 = 2.5, 2
			formation_noise:p2 = 0.1, 0.1
			stealthRadius:r = 0
			setStealth:b = true
			targetableByAi:b = false
		}
		way {

		}
	}
	structures {
		name:t = "bridge_24"
		tm:m = [[-0.157084, 0.0, -0.987585] [0.0, 1.0, 0.0] [0.987585, 0.0, -0.157084] [-18420.7, 506.153, 32825.6]]
		unit_class:t = "berlin_bridge_05"
		objLayer:i = 1
		closed_waypoints:b = false
		isShipSpline:b = false
		shipTurnRadius:r = 100
		weapons:t = ""
		bullets0:t = ""
		bullets1:t = ""
		bullets2:t = ""
		bullets3:t = ""
		bulletsCount0:i = 0
		bulletsCount1:i = 0
		bulletsCount2:i = 0
		bulletsCount3:i = 0
		crewSkillK:r = 0
		applyAllMods:b = false
		props {
			army:i = 2
			count:i = 1
			formation_type:t = "rows"
			formation_div:i = 3
			formation_step:p2 = 2.5, 2
			formation_noise:p2 = 0.1, 0.1
			stealthRadius:r = 0
			setStealth:b = true
			targetableByAi:b = false
		}
		way {

		}
	}
	structures {
		name:t = "bridge_25"
		tm:m = [[-0.663113, 0.0, -0.74852] [0.0, 1.0, 0.0] [0.74852, 0.0, -0.663113] [-18551.4, 506.153, 32345.5]]
		unit_class:t = "berlin_bridge_05"
		objLayer:i = 1
		closed_waypoints:b = false
		isShipSpline:b = false
		shipTurnRadius:r = 100
		weapons:t = ""
		bullets0:t = ""
		bullets1:t = ""
		bullets2:t = ""
		bullets3:t = ""
		bulletsCount0:i = 0
		bulletsCount1:i = 0
		bulletsCount2:i = 0
		bulletsCount3:i = 0
		crewSkillK:r = 0
		applyAllMods:b = false
		props {
			army:i = 2
			count:i = 1
			formation_type:t = "rows"
			formation_div:i = 3
			formation_step:p2 = 2.5, 2
			formation_noise:p2 = 0.1, 0.1
			stealthRadius:r = 0
			setStealth:b = true
			targetableByAi:b = false
		}
		way {

		}
	}
	structures {
		name:t = "bridge_26"
		tm:m = [[-0.284646, 0.0, -0.958633] [0.0, 1.0, 0.0] [0.958633, 0.0, -0.284646] [-11161.1, 506.534, 13717.8]]
		unit_class:t = "berlin_bridge_05"
		objLayer:i = 1
		closed_waypoints:b = false
		isShipSpline:b = false
		shipTurnRadius:r = 100
		weapons:t = ""
		bullets0:t = ""
		bullets1:t = ""
		bullets2:t = ""
		bullets3:t = ""
		bulletsCount0:i = 0
		bulletsCount1:i = 0
		bulletsCount2:i = 0
		bulletsCount3:i = 0
		crewSkillK:r = 0
		applyAllMods:b = false
		props {
			army:i = 2
			count:i = 1
			formation_type:t = "rows"
			formation_div:i = 3
			formation_step:p2 = 2.5, 2
			formation_noise:p2 = 0.1, 0.1
			stealthRadius:r = 0
			setStealth:b = true
			targetableByAi:b = false
		}
		way {

		}
	}
	structures {
		name:t = "bridge_27"
		tm:m = [[-0.446786, 0.0, -0.894641] [0.0, 1.0, 0.0] [0.894641, 0.0, -0.446786] [-11491.1, 506.534, 16917.7]]
		unit_class:t = "berlin_bridge_05"
		objLayer:i = 1
		closed_waypoints:b = false
		isShipSpline:b = false
		shipTurnRadius:r = 100
		weapons:t = ""
		bullets0:t = ""
		bullets1:t = ""
		bullets2:t = ""
		bullets3:t = ""
		bulletsCount0:i = 0
		bulletsCount1:i = 0
		bulletsCount2:i = 0
		bulletsCount3:i = 0
		crewSkillK:r = 0
		applyAllMods:b = false
		props {
			army:i = 2
			count:i = 1
			formation_type:t = "rows"
			formation_div:i = 3
			formation_step:p2 = 2.5, 2
			formation_noise:p2 = 0.1, 0.1
			stealthRadius:r = 0
			setStealth:b = true
			targetableByAi:b = false
		}
		way {

		}
	}
	structures {
		name:t = "bridge_05"
		tm:m = [[0.0167952, 0.0, -0.999859] [0.0, 1.0, 0.0] [0.999859, 0.0, 0.0167952] [-11209.1, 506.534, 19202.0]]
		unit_class:t = "berlin_bridge_05"
		objLayer:i = 1
		closed_waypoints:b = false
		isShipSpline:b = false
		shipTurnRadius:r = 100
		weapons:t = ""
		bullets0:t = ""
		bullets1:t = ""
		bullets2:t = ""
		bullets3:t = ""
		bulletsCount0:i = 0
		bulletsCount1:i = 0
		bulletsCount2:i = 0
		bulletsCount3:i = 0
		crewSkillK:r = 0
		applyAllMods:b = false
		props {
			army:i = 2
			count:i = 1
			formation_type:t = "rows"
			formation_div:i = 3
			formation_step:p2 = 2.5, 2
			formation_noise:p2 = 0.1, 0.1
			stealthRadius:r = 0
			setStealth:b = true
			targetableByAi:b = false
		}
		way {

		}
	}
	structures {
		name:t = "bridge_28"
		tm:m = [[-0.996951, 0.0, -0.0780351] [0.0, 1.0, 0.0] [0.0780351, 0.0, -0.996951] [-9160.46, 506.778, 11251.0]]
		unit_class:t = "berlin_bridge_05"
		objLayer:i = 1
		closed_waypoints:b = false
		isShipSpline:b = false
		shipTurnRadius:r = 100
		weapons:t = ""
		bullets0:t = ""
		bullets1:t = ""
		bullets2:t = ""
		bullets3:t = ""
		bulletsCount0:i = 0
		bulletsCount1:i = 0
		bulletsCount2:i = 0
		bulletsCount3:i = 0
		crewSkillK:r = 0
		applyAllMods:b = false
		props {
			army:i = 2
			count:i = 1
			formation_type:t = "rows"
			formation_div:i = 3
			formation_step:p2 = 2.5, 2
			formation_noise:p2 = 0.1, 0.1
			stealthRadius:r = 0
			setStealth:b = true
			targetableByAi:b = false
		}
		way {

		}
	}
	structures {
		name:t = "bridge_29"
		tm:m = [[-0.603691, 0.0, 0.797219] [0.0, 1.0, 0.0] [-0.797219, 0.0, -0.603691] [-4259.84, 506.778, 6182.47]]
		unit_class:t = "berlin_bridge_05"
		objLayer:i = 1
		closed_waypoints:b = false
		isShipSpline:b = false
		shipTurnRadius:r = 100
		weapons:t = ""
		bullets0:t = ""
		bullets1:t = ""
		bullets2:t = ""
		bullets3:t = ""
		bulletsCount0:i = 0
		bulletsCount1:i = 0
		bulletsCount2:i = 0
		bulletsCount3:i = 0
		crewSkillK:r = 0
		applyAllMods:b = false
		props {
			army:i = 2
			count:i = 1
			formation_type:t = "rows"
			formation_div:i = 3
			formation_step:p2 = 2.5, 2
			formation_noise:p2 = 0.1, 0.1
			stealthRadius:r = 0
			setStealth:b = true
			targetableByAi:b = false
		}
		way {

		}
	}
	structures {
		name:t = "bridge_30"
		tm:m = [[0.84052, 0.0, 0.541781] [0.0, 1.0, 0.0] [-0.541781, 0.0, 0.84052] [-3155.87, 506.778, -4762.93]]
		unit_class:t = "berlin_bridge_05"
		objLayer:i = 1
		closed_waypoints:b = false
		isShipSpline:b = false
		shipTurnRadius:r = 100
		weapons:t = ""
		bullets0:t = ""
		bullets1:t = ""
		bullets2:t = ""
		bullets3:t = ""
		bulletsCount0:i = 0
		bulletsCount1:i = 0
		bulletsCount2:i = 0
		bulletsCount3:i = 0
		crewSkillK:r = 0
		applyAllMods:b = false
		props {
			army:i = 2
			count:i = 1
			formation_type:t = "rows"
			formation_div:i = 3
			formation_step:p2 = 2.5, 2
			formation_noise:p2 = 0.1, 0.1
			stealthRadius:r = 0
			setStealth:b = true
			targetableByAi:b = false
		}
		way {

		}
	}
	structures {
		name:t = "bridge_31"
		tm:m = [[0.477821, 0.0, 0.878458] [0.0, 1.0, 0.0] [-0.878458, 0.0, 0.477821] [-12059.1, 506.778, -15051.3]]
		unit_class:t = "berlin_bridge_05"
		objLayer:i = 1
		closed_waypoints:b = false
		isShipSpline:b = false
		shipTurnRadius:r = 100
		weapons:t = ""
		bullets0:t = ""
		bullets1:t = ""
		bullets2:t = ""
		bullets3:t = ""
		bulletsCount0:i = 0
		bulletsCount1:i = 0
		bulletsCount2:i = 0
		bulletsCount3:i = 0
		crewSkillK:r = 0
		applyAllMods:b = false
		props {
			army:i = 2
			count:i = 1
			formation_type:t = "rows"
			formation_div:i = 3
			formation_step:p2 = 2.5, 2
			formation_noise:p2 = 0.1, 0.1
			stealthRadius:r = 0
			setStealth:b = true
			targetableByAi:b = false
		}
		way {

		}
	}
	structures {
		name:t = "bridge_32"
		tm:m = [[0.958194, 0.0, 0.286119] [0.0, 1.0, 0.0] [-0.286119, 0.0, 0.958194] [-24019.0, 506.778, -3002.41]]
		unit_class:t = "berlin_bridge_05"
		objLayer:i = 1
		closed_waypoints:b = false
		isShipSpline:b = false
		shipTurnRadius:r = 100
		weapons:t = ""
		bullets0:t = ""
		bullets1:t = ""
		bullets2:t = ""
		bullets3:t = ""
		bulletsCount0:i = 0
		bulletsCount1:i = 0
		bulletsCount2:i = 0
		bulletsCount3:i = 0
		crewSkillK:r = 0
		applyAllMods:b = false
		props {
			army:i = 2
			count:i = 1
			formation_type:t = "rows"
			formation_div:i = 3
			formation_step:p2 = 2.5, 2
			formation_noise:p2 = 0.1, 0.1
			stealthRadius:r = 0
			setStealth:b = true
			targetableByAi:b = false
		}
		way {

		}
	}
	structures {
		name:t = "bridge_33"
		tm:m = [[0.854043, 0.0, 0.520203] [0.0, 1.0, 0.0] [-0.520203, 0.0, 0.854043] [-26978.6, 506.778, 6052.44]]
		unit_class:t = "berlin_bridge_05"
		objLayer:i = 1
		closed_waypoints:b = false
		isShipSpline:b = false
		shipTurnRadius:r = 100
		weapons:t = ""
		bullets0:t = ""
		bullets1:t = ""
		bullets2:t = ""
		bullets3:t = ""
		bulletsCount0:i = 0
		bulletsCount1:i = 0
		bulletsCount2:i = 0
		bulletsCount3:i = 0
		crewSkillK:r = 0
		applyAllMods:b = false
		props {
			army:i = 2
			count:i = 1
			formation_type:t = "rows"
			formation_div:i = 3
			formation_step:p2 = 2.5, 2
			formation_noise:p2 = 0.1, 0.1
			stealthRadius:r = 0
			setStealth:b = true
			targetableByAi:b = false
		}
		way {

		}
	}
	structures {
		name:t = "bridge_34"
		tm:m = [[-0.880536, 0.0, -0.473981] [0.0, 1.0, 0.0] [0.473981, 0.0, -0.880536] [-12169.9, 506.777, 2559.42]]
		unit_class:t = "berlin_bridge_05"
		objLayer:i = 1
		closed_waypoints:b = false
		isShipSpline:b = false
		shipTurnRadius:r = 100
		weapons:t = ""
		bullets0:t = ""
		bullets1:t = ""
		bullets2:t = ""
		bullets3:t = ""
		bulletsCount0:i = 0
		bulletsCount1:i = 0
		bulletsCount2:i = 0
		bulletsCount3:i = 0
		crewSkillK:r = 0
		applyAllMods:b = false
		props {
			army:i = 2
			count:i = 1
			formation_type:t = "rows"
			formation_div:i = 3
			formation_step:p2 = 2.5, 2
			formation_noise:p2 = 0.1, 0.1
			stealthRadius:r = 0
			setStealth:b = true
			targetableByAi:b = false
		}
		way {

		}
	}
	structures {
		name:t = "bridge_35"
		tm:m = [[-0.996246, 0.0, -0.0865762] [0.0, 1.0, 0.0] [0.0865762, 0.0, -0.996246] [-17711.7, 506.778, 10342.4]]
		unit_class:t = "berlin_bridge_05"
		objLayer:i = 1
		closed_waypoints:b = false
		isShipSpline:b = false
		shipTurnRadius:r = 100
		weapons:t = ""
		bullets0:t = ""
		bullets1:t = ""
		bullets2:t = ""
		bullets3:t = ""
		bulletsCount0:i = 0
		bulletsCount1:i = 0
		bulletsCount2:i = 0
		bulletsCount3:i = 0
		crewSkillK:r = 0
		applyAllMods:b = false
		props {
			army:i = 2
			count:i = 1
			formation_type:t = "rows"
			formation_div:i = 3
			formation_step:p2 = 2.5, 2
			formation_noise:p2 = 0.1, 0.1
			stealthRadius:r = 0
			setStealth:b = true
			targetableByAi:b = false
		}
		way {

		}
	}
	structures {
		name:t = "bridge_36"
		tm:m = [[-0.988248, 0.0, -0.152864] [0.0, 1.0, 0.0] [0.152864, 0.0, -0.988248] [6479.82, 506.78, 7538.93]]
		unit_class:t = "berlin_bridge_05"
		objLayer:i = 1
		closed_waypoints:b = false
		isShipSpline:b = false
		shipTurnRadius:r = 100
		weapons:t = ""
		bullets0:t = ""
		bullets1:t = ""
		bullets2:t = ""
		bullets3:t = ""
		bulletsCount0:i = 0
		bulletsCount1:i = 0
		bulletsCount2:i = 0
		bulletsCount3:i = 0
		crewSkillK:r = 0
		applyAllMods:b = false
		props {
			army:i = 2
			count:i = 1
			formation_type:t = "rows"
			formation_div:i = 3
			formation_step:p2 = 2.5, 2
			formation_noise:p2 = 0.1, 0.1
			stealthRadius:r = 0
			setStealth:b = true
			targetableByAi:b = false
		}
		way {

		}
	}
	structures {
		name:t = "bridge_37"
		tm:m = [[-0.341375, 0.0, 0.939928] [0.0, 1.0, 0.0] [-0.939928, 0.0, -0.341375] [8787.27, 506.779, 9258.69]]
		unit_class:t = "berlin_bridge_05"
		objLayer:i = 1
		closed_waypoints:b = false
		isShipSpline:b = false
		shipTurnRadius:r = 100
		weapons:t = ""
		bullets0:t = ""
		bullets1:t = ""
		bullets2:t = ""
		bullets3:t = ""
		bulletsCount0:i = 0
		bulletsCount1:i = 0
		bulletsCount2:i = 0
		bulletsCount3:i = 0
		crewSkillK:r = 0
		applyAllMods:b = false
		props {
			army:i = 2
			count:i = 1
			formation_type:t = "rows"
			formation_div:i = 3
			formation_step:p2 = 2.5, 2
			formation_noise:p2 = 0.1, 0.1
			stealthRadius:r = 0
			setStealth:b = true
			targetableByAi:b = false
		}
		way {

		}
	}
	structures {
		name:t = "bridge_38"
		tm:m = [[-0.341375, 0.0, 0.939928] [0.0, 1.0, 0.0] [-0.939928, 0.0, -0.341375] [8334.38, 506.779, 9091.28]]
		unit_class:t = "berlin_bridge_05"
		objLayer:i = 1
		closed_waypoints:b = false
		isShipSpline:b = false
		shipTurnRadius:r = 100
		weapons:t = ""
		bullets0:t = ""
		bullets1:t = ""
		bullets2:t = ""
		bullets3:t = ""
		bulletsCount0:i = 0
		bulletsCount1:i = 0
		bulletsCount2:i = 0
		bulletsCount3:i = 0
		crewSkillK:r = 0
		applyAllMods:b = false
		props {
			army:i = 2
			count:i = 1
			formation_type:t = "rows"
			formation_div:i = 3
			formation_step:p2 = 2.5, 2
			formation_noise:p2 = 0.1, 0.1
			stealthRadius:r = 0
			setStealth:b = true
			targetableByAi:b = false
		}
		way {

		}
	}
	structures {
		name:t = "bridge_39"
		tm:m = [[-0.0978709, 0.0, 0.9952] [0.0, 1.0, 0.0] [-0.9952, 0.0, -0.0978709] [11345.9, 506.778, 6624.95]]
		unit_class:t = "berlin_bridge_05"
		objLayer:i = 1
		closed_waypoints:b = false
		isShipSpline:b = false
		shipTurnRadius:r = 100
		weapons:t = ""
		bullets0:t = ""
		bullets1:t = ""
		bullets2:t = ""
		bullets3:t = ""
		bulletsCount0:i = 0
		bulletsCount1:i = 0
		bulletsCount2:i = 0
		bulletsCount3:i = 0
		crewSkillK:r = 0
		applyAllMods:b = false
		props {
			army:i = 2
			count:i = 1
			formation_type:t = "rows"
			formation_div:i = 3
			formation_step:p2 = 2.5, 2
			formation_noise:p2 = 0.1, 0.1
			stealthRadius:r = 0
			setStealth:b = true
			targetableByAi:b = false
		}
		way {

		}
	}
	structures {
		name:t = "bridge_40"
		tm:m = [[-0.996063, 0.0, -0.0886483] [0.0, 1.0, 0.0] [0.0886483, 0.0, -0.996063] [2174.1, 506.78, 7173.88]]
		unit_class:t = "berlin_bridge_05"
		objLayer:i = 1
		closed_waypoints:b = false
		isShipSpline:b = false
		shipTurnRadius:r = 100
		weapons:t = ""
		bullets0:t = ""
		bullets1:t = ""
		bullets2:t = ""
		bullets3:t = ""
		bulletsCount0:i = 0
		bulletsCount1:i = 0
		bulletsCount2:i = 0
		bulletsCount3:i = 0
		crewSkillK:r = 0
		applyAllMods:b = false
		props {
			army:i = 2
			count:i = 1
			formation_type:t = "rows"
			formation_div:i = 3
			formation_step:p2 = 2.5, 2
			formation_noise:p2 = 0.1, 0.1
			stealthRadius:r = 0
			setStealth:b = true
			targetableByAi:b = false
		}
		way {

		}
	}
}
areas {

}
objLayers {
	layer {
		enabled:b = true
	}
	layer {
		enabled:b = true
	}
	layer {
		enabled:b = true
	}
	layer {
		enabled:b = true
	}
}
wayPoints {

}