selected_tag:t = ""
bin_dump_file:t = ""
mission_settings {
	atmosphere {
		pressure:r = 760
		temperature:r = 0
	}
	player {
		army:i = 1
		wing:t = "armada_01"
	}
	player_teamB {
		army:i = 2
	}
	mission {
		level:t = "levels/dover_strait.bin"
		type:t = "campaign"
		restoreType:t = "attempts"
		optionalTakeOff:b = false
		environment:t = "Day"
		weather:t = "hazy"
		windDirection:p3 = 1, 0, 0
	}
	spectator_points {

	}
}
imports {

}
triggers {
	isCategory:b = true
	is_enabled:b = true
}
mission_objectives {
	isCategory:b = true
	is_enabled:b = true
}
variables {

}
dialogs {

}
airfields {

}
effects {

}
units {
	structures {
		name:t = "bridge_02"
		tm:m = [[0.867995, 0.0, 0.496573] [0.0, 1.0, 0.0] [-0.496573, 0.0, 0.867995] [-38799.3, -4.92154, 20710.8]]
		unit_class:t = "beton_simple_br"
		closed_waypoints:b = false
		weapons:t = ""
		bullets0:t = ""
		bullets1:t = ""
		bullets2:t = ""
		bullets3:t = ""
		bulletsCount0:i = 0
		bulletsCount1:i = 0
		bulletsCount2:i = 0
		bulletsCount3:i = 0
		props {
			army:i = 0
			count:i = 1
			formation_type:t = "rows"
			formation_div:i = 3
			formation_step:p2 = 2.5, 2
			formation_noise:p2 = 0.1, 0.1
			attack_type:t = "fire_at_will"
			uniqueName:t = ""
			stealthRadius:r = 0
			setStealth:b = true
			targetableByAi:b = false
		}
		way {

		}
	}
	structures {
		name:t = "bridge_03"
		tm:m = [[0.935761, 0.0, 0.352635] [0.0, 1.0, 0.0] [-0.352635, 0.0, 0.935761] [-38613.4, -1.65573, 20877.6]]
		unit_class:t = "beton_road_br"
		closed_waypoints:b = false
		weapons:t = ""
		bullets0:t = ""
		bullets1:t = ""
		bullets2:t = ""
		bullets3:t = ""
		bulletsCount0:i = 0
		bulletsCount1:i = 0
		bulletsCount2:i = 0
		bulletsCount3:i = 0
		props {
			army:i = 0
			count:i = 1
			formation_type:t = "rows"
			formation_div:i = 3
			formation_step:p2 = 2.5, 2
			formation_noise:p2 = 0.1, 0.1
			attack_type:t = "fire_at_will"
			uniqueName:t = ""
			stealthRadius:r = 0
			setStealth:b = true
			targetableByAi:b = false
		}
		way {

		}
	}
	structures {
		name:t = "bridge_04"
		tm:m = [[0.672405, 0.0, -0.740183] [0.0, 1.0, 0.0] [0.740183, 0.0, 0.672405] [-20947.5, 3.35248, 21114.6]]
		unit_class:t = "bridge_road_br"
		closed_waypoints:b = false
		weapons:t = ""
		bullets0:t = ""
		bullets1:t = ""
		bullets2:t = ""
		bullets3:t = ""
		bulletsCount0:i = 0
		bulletsCount1:i = 0
		bulletsCount2:i = 0
		bulletsCount3:i = 0
		props {
			army:i = 0
			count:i = 1
			formation_type:t = "rows"
			formation_div:i = 3
			formation_step:p2 = 2.5, 2
			formation_noise:p2 = 0.1, 0.1
			attack_type:t = "fire_at_will"
			uniqueName:t = ""
			stealthRadius:r = 0
			setStealth:b = true
			targetableByAi:b = false
		}
		way {

		}
	}
	structures {
		name:t = "bridge_05"
		tm:m = [[0.345894, 0.0, -0.938274] [0.0, 1.0, 0.0] [0.938274, 0.0, 0.345894] [-35896.2, -2.18995, 22453.9]]
		unit_class:t = "rail_simple_br"
		closed_waypoints:b = false
		weapons:t = ""
		bullets0:t = ""
		bullets1:t = ""
		bullets2:t = ""
		bullets3:t = ""
		bulletsCount0:i = 0
		bulletsCount1:i = 0
		bulletsCount2:i = 0
		bulletsCount3:i = 0
		props {
			army:i = 0
			count:i = 1
			formation_type:t = "rows"
			formation_div:i = 3
			formation_step:p2 = 2.5, 2
			formation_noise:p2 = 0.1, 0.1
			attack_type:t = "fire_at_will"
			uniqueName:t = ""
			stealthRadius:r = 0
			setStealth:b = true
			targetableByAi:b = false
		}
		way {

		}
	}
	structures {
		name:t = "bridge_06"
		tm:m = [[1.0, 0.0, 0.0] [0.0, 1.0, 0.0] [0.0, 0.0, 1.0] [-42120.6, 2.28072, 17976.3]]
		unit_class:t = "bridge_road_br"
		closed_waypoints:b = false
		weapons:t = ""
		bullets0:t = ""
		bullets1:t = ""
		bullets2:t = ""
		bullets3:t = ""
		bulletsCount0:i = 0
		bulletsCount1:i = 0
		bulletsCount2:i = 0
		bulletsCount3:i = 0
		props {
			army:i = 0
			count:i = 1
			formation_type:t = "rows"
			formation_div:i = 3
			formation_step:p2 = 2.5, 2
			formation_noise:p2 = 0.1, 0.1
			attack_type:t = "fire_at_will"
			uniqueName:t = ""
			stealthRadius:r = 0
			setStealth:b = true
			targetableByAi:b = false
		}
		way {

		}
	}
	structures {
		name:t = "bridge_08"
		tm:m = [[0.972061, 0.0, 0.234731] [0.0, 1.0, 0.0] [-0.234731, 0.0, 0.972061] [-40104.9, -1.39528, 19633.6]]
		unit_class:t = "beton_rail_br"
		closed_waypoints:b = false
		weapons:t = ""
		bullets0:t = ""
		bullets1:t = ""
		bullets2:t = ""
		bullets3:t = ""
		bulletsCount0:i = 0
		bulletsCount1:i = 0
		bulletsCount2:i = 0
		bulletsCount3:i = 0
		props {
			army:i = 0
			count:i = 1
			formation_type:t = "rows"
			formation_div:i = 3
			formation_step:p2 = 2.5, 2
			formation_noise:p2 = 0.1, 0.1
			attack_type:t = "fire_at_will"
			uniqueName:t = ""
			stealthRadius:r = 0
			setStealth:b = true
			targetableByAi:b = false
		}
		way {

		}
	}
	structures {
		name:t = "bridge_09"
		tm:m = [[0.986007, 0.0, -0.166704] [0.0, 1.0, 0.0] [0.166704, 0.0, 0.986007] [-39027.3, -6.28919, 20229.3]]
		unit_class:t = "beton_simple_br"
		closed_waypoints:b = false
		weapons:t = ""
		bullets0:t = ""
		bullets1:t = ""
		bullets2:t = ""
		bullets3:t = ""
		bulletsCount0:i = 0
		bulletsCount1:i = 0
		bulletsCount2:i = 0
		bulletsCount3:i = 0
		props {
			army:i = 0
			count:i = 1
			formation_type:t = "rows"
			formation_div:i = 3
			formation_step:p2 = 2.5, 2
			formation_noise:p2 = 0.1, 0.1
			attack_type:t = "fire_at_will"
			uniqueName:t = ""
			stealthRadius:r = 0
			setStealth:b = true
			targetableByAi:b = false
		}
		way {

		}
	}
	structures {
		name:t = "bridge_10"
		tm:m = [[0.932017, 0.0, 0.362414] [0.0, 1.0, 0.0] [-0.362414, 0.0, 0.932017] [-38517.3, -8.68823, 20633.1]]
		unit_class:t = "rail_simple_br"
		closed_waypoints:b = false
		weapons:t = ""
		bullets0:t = ""
		bullets1:t = ""
		bullets2:t = ""
		bullets3:t = ""
		bulletsCount0:i = 0
		bulletsCount1:i = 0
		bulletsCount2:i = 0
		bulletsCount3:i = 0
		props {
			army:i = 0
			count:i = 1
			formation_type:t = "rows"
			formation_div:i = 3
			formation_step:p2 = 2.5, 2
			formation_noise:p2 = 0.1, 0.1
			attack_type:t = "fire_at_will"
			uniqueName:t = ""
			stealthRadius:r = 0
			setStealth:b = true
			targetableByAi:b = false
		}
		way {

		}
	}
	structures {
		name:t = "bridge_01"
		tm:m = [[0.228143, 0.0, -0.973628] [0.0, 1.0, 0.0] [0.973628, 0.0, 0.228143] [-35726.8, -2.79651, 22504.1]]
		unit_class:t = "bridge_road_br"
		closed_waypoints:b = false
		weapons:t = ""
		bullets0:t = ""
		bullets1:t = ""
		bullets2:t = ""
		bullets3:t = ""
		bulletsCount0:i = 0
		bulletsCount1:i = 0
		bulletsCount2:i = 0
		bulletsCount3:i = 0
		props {
			army:i = 0
			count:i = 1
			formation_type:t = "rows"
			formation_div:i = 3
			formation_step:p2 = 2.5, 2
			formation_noise:p2 = 0.1, 0.1
			attack_type:t = "fire_at_will"
			uniqueName:t = ""
			stealthRadius:r = 0
			setStealth:b = true
			targetableByAi:b = false
		}
		way {

		}
	}
}
areas {

}
objLayers {
	layer {
		enabled:b = true
	}
	layer {
		enabled:b = true
	}
	layer {
		enabled:b = true
	}
	layer {
		enabled:b = true
	}
}
wayPoints {

}