selected_tag:t = ""
bin_dump_file:t = ""
mission_settings {
	player {
		army:i = 1
	}
	player_teamB {
		army:i = 2
	}
	mission {
		level:t = "levels/air_ladoga.bin"
		type:t = "domination"
		environment:t = "Day"
		weather:t = "clear"
	}
}
imports {

}
triggers {
	isCategory:b = true
	is_enabled:b = true
}
mission_objectives {
	isCategory:b = true
	is_enabled:b = true
}
variables {

}
dialogs {

}
airfields {

}
effects {

}
units {
	objectGroups {
		name:t = "t1_airfield_mid"
		tm:m = [[-0.0701253, 0.0, -0.997539] [0.0, 1.0, 0.0] [0.997539, 0.0, -0.0701253] [-11613.1, 149.74, -17316.9]]
		unit_class:t = "dynaf_universal_1line_a"
		objLayer:i = 2
		props {
			army:i = 1
			active:b = true
		}
	}
	objectGroups {
		name:t = "t2_airfield_mid"
		tm:m = [[0.706158, 0.0, 0.708055] [0.0, 1.0, 0.0] [-0.708055, 0.0, 0.706158] [7013.81, 176.177, 14510.0]]
		unit_class:t = "dynaf_universal_1line_a"
		objLayer:i = 2
		props {
			army:i = 2
			active:b = true
		}
	}
	air_defence {
		name:t = "t1_aaa_mid_light_01"
		tm:m = [[-0.0375459, 0.0, -0.999294] [0.0, 1.0, 0.0] [0.999294, 0.0, -0.0375459] [-12252.7, 343.528, -17872.6]]
		unit_class:t = "uk_40mm_bofors_airfield"
		objLayer:i = 1
		closed_waypoints:b = false
		isShipSpline:b = false
		shipTurnRadius:r = 100
		weapons:t = ""
		bullets0:t = ""
		bullets1:t = ""
		bullets2:t = ""
		bullets3:t = ""
		bulletsCount0:i = 0
		bulletsCount1:i = 0
		bulletsCount2:i = 0
		bulletsCount3:i = 0
		crewSkillK:r = 0
		applyAllMods:b = false
		props {
			army:i = 1
			count:i = 1
			formation_type:t = "rows"
			formation_div:i = 3
			formation_step:p2 = 2.5, 2
			formation_noise:p2 = 0.1, 0.1
			uniqueName:t = ""
			attack_type:t = "fire_at_will"
		}
		way {

		}
	}
	air_defence {
		name:t = "t1_aaa_mid_heavy_01"
		tm:m = [[-0.0375459, 0.0, -0.999294] [0.0, 1.0, 0.0] [0.999294, 0.0, -0.0375459] [-11165.1, 327.368, -17934.5]]
		unit_class:t = "us_90mm_versus"
		objLayer:i = 1
		closed_waypoints:b = false
		isShipSpline:b = false
		shipTurnRadius:r = 100
		weapons:t = ""
		bullets0:t = ""
		bullets1:t = ""
		bullets2:t = ""
		bullets3:t = ""
		bulletsCount0:i = 0
		bulletsCount1:i = 0
		bulletsCount2:i = 0
		bulletsCount3:i = 0
		crewSkillK:r = 0
		applyAllMods:b = false
		props {
			army:i = 1
			count:i = 1
			formation_type:t = "rows"
			formation_div:i = 3
			formation_step:p2 = 2.5, 2
			formation_noise:p2 = 0.1, 0.1
			uniqueName:t = ""
			attack_type:t = "fire_at_will"
		}
		way {

		}
	}
	air_defence {
		name:t = "t1_aaa_mid_light_02"
		tm:m = [[-0.00607989, 0.0, 0.999982] [0.0, 1.0, 0.0] [-0.999982, 0.0, -0.00607989] [-11012.7, 341.348, -17762.2]]
		unit_class:t = "uk_40mm_bofors_airfield"
		objLayer:i = 1
		closed_waypoints:b = false
		isShipSpline:b = false
		shipTurnRadius:r = 100
		weapons:t = ""
		bullets0:t = ""
		bullets1:t = ""
		bullets2:t = ""
		bullets3:t = ""
		bulletsCount0:i = 0
		bulletsCount1:i = 0
		bulletsCount2:i = 0
		bulletsCount3:i = 0
		crewSkillK:r = 0
		applyAllMods:b = false
		props {
			army:i = 1
			count:i = 1
			formation_type:t = "rows"
			formation_div:i = 3
			formation_step:p2 = 2.5, 2
			formation_noise:p2 = 0.1, 0.1
			uniqueName:t = ""
			attack_type:t = "fire_at_will"
		}
		way {

		}
	}
	air_defence {
		name:t = "t1_aaa_mid_light_03"
		tm:m = [[-0.0375459, 0.0, -0.999294] [0.0, 1.0, 0.0] [0.999294, 0.0, -0.0375459] [-12239.6, 345.188, -17434.8]]
		unit_class:t = "uk_40mm_bofors_airfield"
		objLayer:i = 1
		closed_waypoints:b = false
		isShipSpline:b = false
		shipTurnRadius:r = 100
		weapons:t = ""
		bullets0:t = ""
		bullets1:t = ""
		bullets2:t = ""
		bullets3:t = ""
		bulletsCount0:i = 0
		bulletsCount1:i = 0
		bulletsCount2:i = 0
		bulletsCount3:i = 0
		crewSkillK:r = 0
		applyAllMods:b = false
		props {
			army:i = 1
			count:i = 1
			formation_type:t = "rows"
			formation_div:i = 3
			formation_step:p2 = 2.5, 2
			formation_noise:p2 = 0.1, 0.1
			uniqueName:t = ""
			attack_type:t = "fire_at_will"
		}
		way {

		}
	}
	air_defence {
		name:t = "t1_aaa_mid_light_04"
		tm:m = [[-0.179631, 0.0, 0.983732] [0.0, 1.0, 0.0] [-0.983732, 0.0, -0.179631] [-10941.7, 344.778, -17065.3]]
		unit_class:t = "uk_40mm_bofors_airfield"
		objLayer:i = 1
		closed_waypoints:b = false
		isShipSpline:b = false
		shipTurnRadius:r = 100
		weapons:t = ""
		bullets0:t = ""
		bullets1:t = ""
		bullets2:t = ""
		bullets3:t = ""
		bulletsCount0:i = 0
		bulletsCount1:i = 0
		bulletsCount2:i = 0
		bulletsCount3:i = 0
		crewSkillK:r = 0
		applyAllMods:b = false
		props {
			army:i = 1
			count:i = 1
			formation_type:t = "rows"
			formation_div:i = 3
			formation_step:p2 = 2.5, 2
			formation_noise:p2 = 0.1, 0.1
			uniqueName:t = ""
			attack_type:t = "fire_at_will"
		}
		way {

		}
	}
	air_defence {
		name:t = "t1_aaa_mid_light_05"
		tm:m = [[-0.0375459, 0.0, -0.999294] [0.0, 1.0, 0.0] [0.999294, 0.0, -0.0375459] [-12124.5, 339.548, -16904.2]]
		unit_class:t = "uk_40mm_bofors_airfield"
		objLayer:i = 1
		closed_waypoints:b = false
		isShipSpline:b = false
		shipTurnRadius:r = 100
		weapons:t = ""
		bullets0:t = ""
		bullets1:t = ""
		bullets2:t = ""
		bullets3:t = ""
		bulletsCount0:i = 0
		bulletsCount1:i = 0
		bulletsCount2:i = 0
		bulletsCount3:i = 0
		crewSkillK:r = 0
		applyAllMods:b = false
		props {
			army:i = 1
			count:i = 1
			formation_type:t = "rows"
			formation_div:i = 3
			formation_step:p2 = 2.5, 2
			formation_noise:p2 = 0.1, 0.1
			uniqueName:t = ""
			attack_type:t = "fire_at_will"
		}
		way {

		}
	}
	air_defence {
		name:t = "t1_aaa_mid_heavy_02"
		tm:m = [[-0.00607989, 0.0, 0.999982] [0.0, 1.0, 0.0] [-0.999982, 0.0, -0.00607989] [-12239.6, 345.548, -17698.6]]
		unit_class:t = "us_90mm_versus"
		objLayer:i = 1
		closed_waypoints:b = false
		isShipSpline:b = false
		shipTurnRadius:r = 100
		weapons:t = ""
		bullets0:t = ""
		bullets1:t = ""
		bullets2:t = ""
		bullets3:t = ""
		bulletsCount0:i = 0
		bulletsCount1:i = 0
		bulletsCount2:i = 0
		bulletsCount3:i = 0
		crewSkillK:r = 0
		applyAllMods:b = false
		props {
			army:i = 1
			count:i = 1
			formation_type:t = "rows"
			formation_div:i = 3
			formation_step:p2 = 2.5, 2
			formation_noise:p2 = 0.1, 0.1
			uniqueName:t = ""
			attack_type:t = "fire_at_will"
		}
		way {

		}
	}
	air_defence {
		name:t = "t1_aaa_mid_heavy_03"
		tm:m = [[-0.0375459, 0.0, -0.999294] [0.0, 1.0, 0.0] [0.999294, 0.0, -0.0375459] [-11135.5, 341.548, -17369.2]]
		unit_class:t = "us_90mm_versus"
		objLayer:i = 1
		closed_waypoints:b = false
		isShipSpline:b = false
		shipTurnRadius:r = 100
		weapons:t = ""
		bullets0:t = ""
		bullets1:t = ""
		bullets2:t = ""
		bullets3:t = ""
		bulletsCount0:i = 0
		bulletsCount1:i = 0
		bulletsCount2:i = 0
		bulletsCount3:i = 0
		crewSkillK:r = 0
		applyAllMods:b = false
		props {
			army:i = 1
			count:i = 1
			formation_type:t = "rows"
			formation_div:i = 3
			formation_step:p2 = 2.5, 2
			formation_noise:p2 = 0.1, 0.1
			uniqueName:t = ""
			attack_type:t = "fire_at_will"
		}
		way {

		}
	}
	air_defence {
		name:t = "t1_aaa_mid_heavy_04"
		tm:m = [[-0.179631, 0.0, 0.983732] [0.0, 1.0, 0.0] [-0.983732, 0.0, -0.179631] [-12193.9, 341.658, -17050.2]]
		unit_class:t = "us_90mm_versus"
		objLayer:i = 1
		closed_waypoints:b = false
		isShipSpline:b = false
		shipTurnRadius:r = 100
		weapons:t = ""
		bullets0:t = ""
		bullets1:t = ""
		bullets2:t = ""
		bullets3:t = ""
		bulletsCount0:i = 0
		bulletsCount1:i = 0
		bulletsCount2:i = 0
		bulletsCount3:i = 0
		crewSkillK:r = 0
		applyAllMods:b = false
		props {
			army:i = 1
			count:i = 1
			formation_type:t = "rows"
			formation_div:i = 3
			formation_step:p2 = 2.5, 2
			formation_noise:p2 = 0.1, 0.1
			uniqueName:t = ""
			attack_type:t = "fire_at_will"
		}
		way {

		}
	}
	air_defence {
		name:t = "t1_aaa_mid_heavy_05"
		tm:m = [[-0.0375459, 0.0, -0.999294] [0.0, 1.0, 0.0] [0.999294, 0.0, -0.0375459] [-11189.8, 340.378, -16691.3]]
		unit_class:t = "us_90mm_versus"
		objLayer:i = 1
		closed_waypoints:b = false
		isShipSpline:b = false
		shipTurnRadius:r = 100
		weapons:t = ""
		bullets0:t = ""
		bullets1:t = ""
		bullets2:t = ""
		bullets3:t = ""
		bulletsCount0:i = 0
		bulletsCount1:i = 0
		bulletsCount2:i = 0
		bulletsCount3:i = 0
		crewSkillK:r = 0
		applyAllMods:b = false
		props {
			army:i = 1
			count:i = 1
			formation_type:t = "rows"
			formation_div:i = 3
			formation_step:p2 = 2.5, 2
			formation_noise:p2 = 0.1, 0.1
			uniqueName:t = ""
			attack_type:t = "fire_at_will"
		}
		way {

		}
	}
	squad {
		name:t = "t1_def_aaa_mid_squad"
		tm:m = [[0.0893112, 0.0, -0.996003] [0.0, 1.0, 0.0] [0.996003, 0.0, 0.0893112] [-32797.5, 2386.48, -15361.3]]
		props {
			object_marking:i = 0
			squad_members:t = "t1_aaa_mid_light_01"
			squad_members:t = "t1_aaa_mid_heavy_01"
			squad_members:t = "t1_aaa_mid_light_02"
			squad_members:t = "t1_aaa_mid_light_03"
			squad_members:t = "t1_aaa_mid_light_04"
			squad_members:t = "t1_aaa_mid_light_05"
			squad_members:t = "t1_aaa_mid_heavy_02"
			squad_members:t = "t1_aaa_mid_heavy_03"
			squad_members:t = "t1_aaa_mid_heavy_04"
			squad_members:t = "t1_aaa_mid_heavy_05"
		}
	}
	air_defence {
		name:t = "t2_aaa_mid_light_01"
		tm:m = [[-0.923366, 0.0, -0.383924] [0.0, 1.0, 0.0] [0.383924, 0.0, -0.923366] [7538.02, 178.548, 14562.2]]
		unit_class:t = "germ_37mm_flak43_airfield"
		objLayer:i = 1
		closed_waypoints:b = false
		isShipSpline:b = false
		shipTurnRadius:r = 100
		weapons:t = ""
		bullets0:t = ""
		bullets1:t = ""
		bullets2:t = ""
		bullets3:t = ""
		bulletsCount0:i = 0
		bulletsCount1:i = 0
		bulletsCount2:i = 0
		bulletsCount3:i = 0
		crewSkillK:r = 0
		applyAllMods:b = false
		props {
			army:i = 2
			count:i = 1
			formation_type:t = "rows"
			formation_div:i = 3
			formation_step:p2 = 2.5, 2
			formation_noise:p2 = 0.1, 0.1
			uniqueName:t = ""
			attack_type:t = "fire_at_will"
		}
		way {

		}
	}
	air_defence {
		name:t = "t2_aaa_mid_heavy_01"
		tm:m = [[-0.923366, 0.0, -0.383924] [0.0, 1.0, 0.0] [0.383924, 0.0, -0.923366] [7219.84, 178.908, 14910.2]]
		unit_class:t = "germ_88mm_flak36"
		objLayer:i = 1
		closed_waypoints:b = false
		isShipSpline:b = false
		shipTurnRadius:r = 100
		weapons:t = ""
		bullets0:t = ""
		bullets1:t = ""
		bullets2:t = ""
		bullets3:t = ""
		bulletsCount0:i = 0
		bulletsCount1:i = 0
		bulletsCount2:i = 0
		bulletsCount3:i = 0
		crewSkillK:r = 0
		applyAllMods:b = false
		props {
			army:i = 2
			count:i = 1
			formation_type:t = "rows"
			formation_div:i = 3
			formation_step:p2 = 2.5, 2
			formation_noise:p2 = 0.1, 0.1
			uniqueName:t = ""
			attack_type:t = "fire_at_will"
		}
		way {

		}
	}
	air_defence {
		name:t = "t2_aaa_mid_light_02"
		tm:m = [[0.939231, 0.0, 0.34328] [0.0, 1.0, 0.0] [-0.34328, 0.0, 0.939231] [6991.39, 170.716, 14832.6]]
		unit_class:t = "germ_37mm_flak43_airfield"
		objLayer:i = 1
		closed_waypoints:b = false
		isShipSpline:b = false
		shipTurnRadius:r = 100
		weapons:t = ""
		bullets0:t = ""
		bullets1:t = ""
		bullets2:t = ""
		bullets3:t = ""
		bulletsCount0:i = 0
		bulletsCount1:i = 0
		bulletsCount2:i = 0
		bulletsCount3:i = 0
		crewSkillK:r = 0
		applyAllMods:b = false
		props {
			army:i = 2
			count:i = 1
			formation_type:t = "rows"
			formation_div:i = 3
			formation_step:p2 = 2.5, 2
			formation_noise:p2 = 0.1, 0.1
			uniqueName:t = ""
			attack_type:t = "fire_at_will"
		}
		way {

		}
	}
	air_defence {
		name:t = "t2_aaa_mid_light_03"
		tm:m = [[-0.923366, 0.0, -0.383924] [0.0, 1.0, 0.0] [0.383924, 0.0, -0.923366] [7100.08, 183.799, 14178.7]]
		unit_class:t = "germ_37mm_flak43_airfield"
		objLayer:i = 1
		closed_waypoints:b = false
		isShipSpline:b = false
		shipTurnRadius:r = 100
		weapons:t = ""
		bullets0:t = ""
		bullets1:t = ""
		bullets2:t = ""
		bullets3:t = ""
		bulletsCount0:i = 0
		bulletsCount1:i = 0
		bulletsCount2:i = 0
		bulletsCount3:i = 0
		crewSkillK:r = 0
		applyAllMods:b = false
		props {
			army:i = 2
			count:i = 1
			formation_type:t = "rows"
			formation_div:i = 3
			formation_step:p2 = 2.5, 2
			formation_noise:p2 = 0.1, 0.1
			uniqueName:t = ""
			attack_type:t = "fire_at_will"
		}
		way {

		}
	}
	air_defence {
		name:t = "t2_aaa_mid_light_04"
		tm:m = [[0.90574, 0.0, 0.423835] [0.0, 1.0, 0.0] [-0.423835, 0.0, 0.90574] [6487.04, 154.115, 14272.2]]
		unit_class:t = "germ_37mm_flak43_airfield"
		objLayer:i = 1
		closed_waypoints:b = false
		isShipSpline:b = false
		shipTurnRadius:r = 100
		weapons:t = ""
		bullets0:t = ""
		bullets1:t = ""
		bullets2:t = ""
		bullets3:t = ""
		bulletsCount0:i = 0
		bulletsCount1:i = 0
		bulletsCount2:i = 0
		bulletsCount3:i = 0
		crewSkillK:r = 0
		applyAllMods:b = false
		props {
			army:i = 2
			count:i = 1
			formation_type:t = "rows"
			formation_div:i = 3
			formation_step:p2 = 2.5, 2
			formation_noise:p2 = 0.1, 0.1
			uniqueName:t = ""
			attack_type:t = "fire_at_will"
		}
		way {

		}
	}
	air_defence {
		name:t = "t2_aaa_mid_light_05"
		tm:m = [[-0.923366, 0.0, -0.383924] [0.0, 1.0, 0.0] [0.383924, 0.0, -0.923366] [6575.01, 169.703, 13452.6]]
		unit_class:t = "germ_37mm_flak43_airfield"
		objLayer:i = 1
		closed_waypoints:b = false
		isShipSpline:b = false
		shipTurnRadius:r = 100
		weapons:t = ""
		bullets0:t = ""
		bullets1:t = ""
		bullets2:t = ""
		bullets3:t = ""
		bulletsCount0:i = 0
		bulletsCount1:i = 0
		bulletsCount2:i = 0
		bulletsCount3:i = 0
		crewSkillK:r = 0
		applyAllMods:b = false
		props {
			army:i = 2
			count:i = 1
			formation_type:t = "rows"
			formation_div:i = 3
			formation_step:p2 = 2.5, 2
			formation_noise:p2 = 0.1, 0.1
			uniqueName:t = ""
			attack_type:t = "fire_at_will"
		}
		way {

		}
	}
	air_defence {
		name:t = "t2_aaa_mid_heavy_02"
		tm:m = [[0.939231, 0.0, 0.34328] [0.0, 1.0, 0.0] [-0.34328, 0.0, 0.939231] [7397.33, 174.33, 14258.2]]
		unit_class:t = "germ_88mm_flak36"
		objLayer:i = 1
		closed_waypoints:b = false
		isShipSpline:b = false
		shipTurnRadius:r = 100
		weapons:t = ""
		bullets0:t = ""
		bullets1:t = ""
		bullets2:t = ""
		bullets3:t = ""
		bulletsCount0:i = 0
		bulletsCount1:i = 0
		bulletsCount2:i = 0
		bulletsCount3:i = 0
		crewSkillK:r = 0
		applyAllMods:b = false
		props {
			army:i = 2
			count:i = 1
			formation_type:t = "rows"
			formation_div:i = 3
			formation_step:p2 = 2.5, 2
			formation_noise:p2 = 0.1, 0.1
			uniqueName:t = ""
			attack_type:t = "fire_at_will"
		}
		way {

		}
	}
	air_defence {
		name:t = "t2_aaa_mid_heavy_03"
		tm:m = [[-0.923366, 0.0, -0.383924] [0.0, 1.0, 0.0] [0.383924, 0.0, -0.923366] [6803.72, 167.714, 14546.4]]
		unit_class:t = "germ_88mm_flak36"
		objLayer:i = 1
		closed_waypoints:b = false
		isShipSpline:b = false
		shipTurnRadius:r = 100
		weapons:t = ""
		bullets0:t = ""
		bullets1:t = ""
		bullets2:t = ""
		bullets3:t = ""
		bulletsCount0:i = 0
		bulletsCount1:i = 0
		bulletsCount2:i = 0
		bulletsCount3:i = 0
		crewSkillK:r = 0
		applyAllMods:b = false
		props {
			army:i = 2
			count:i = 1
			formation_type:t = "rows"
			formation_div:i = 3
			formation_step:p2 = 2.5, 2
			formation_noise:p2 = 0.1, 0.1
			uniqueName:t = ""
			attack_type:t = "fire_at_will"
		}
		way {

		}
	}
	air_defence {
		name:t = "t2_aaa_mid_heavy_04"
		tm:m = [[0.90574, 0.0, 0.423835] [0.0, 1.0, 0.0] [-0.423835, 0.0, 0.90574] [6850.7, 165.628, 13755.5]]
		unit_class:t = "germ_88mm_flak36"
		objLayer:i = 1
		closed_waypoints:b = false
		isShipSpline:b = false
		shipTurnRadius:r = 100
		weapons:t = ""
		bullets0:t = ""
		bullets1:t = ""
		bullets2:t = ""
		bullets3:t = ""
		bulletsCount0:i = 0
		bulletsCount1:i = 0
		bulletsCount2:i = 0
		bulletsCount3:i = 0
		crewSkillK:r = 0
		applyAllMods:b = false
		props {
			army:i = 2
			count:i = 1
			formation_type:t = "rows"
			formation_div:i = 3
			formation_step:p2 = 2.5, 2
			formation_noise:p2 = 0.1, 0.1
			uniqueName:t = ""
			attack_type:t = "fire_at_will"
		}
		way {

		}
	}
	air_defence {
		name:t = "t2_aaa_mid_heavy_05"
		tm:m = [[-0.923366, 0.0, -0.383924] [0.0, 1.0, 0.0] [0.383924, 0.0, -0.923366] [6087.1, 163.197, 14029.6]]
		unit_class:t = "germ_88mm_flak36"
		objLayer:i = 1
		closed_waypoints:b = false
		isShipSpline:b = false
		shipTurnRadius:r = 100
		weapons:t = ""
		bullets0:t = ""
		bullets1:t = ""
		bullets2:t = ""
		bullets3:t = ""
		bulletsCount0:i = 0
		bulletsCount1:i = 0
		bulletsCount2:i = 0
		bulletsCount3:i = 0
		crewSkillK:r = 0
		applyAllMods:b = false
		props {
			army:i = 2
			count:i = 1
			formation_type:t = "rows"
			formation_div:i = 3
			formation_step:p2 = 2.5, 2
			formation_noise:p2 = 0.1, 0.1
			uniqueName:t = ""
			attack_type:t = "fire_at_will"
		}
		way {

		}
	}
	squad {
		name:t = "t2_def_aaa_mid_squad"
		tm:m = [[-0.994268, 0.0, -0.106902] [0.0, 1.0, 0.0] [0.106902, 0.0, -0.994268] [7185.64, 175.926, 15412.4]]
		props {
			object_marking:i = 0
			squad_members:t = "t2_aaa_mid_light_01"
			squad_members:t = "t2_aaa_mid_heavy_01"
			squad_members:t = "t2_aaa_mid_light_02"
			squad_members:t = "t2_aaa_mid_light_03"
			squad_members:t = "t2_aaa_mid_light_04"
			squad_members:t = "t2_aaa_mid_light_05"
			squad_members:t = "t2_aaa_mid_heavy_02"
			squad_members:t = "t2_aaa_mid_heavy_03"
			squad_members:t = "t2_aaa_mid_heavy_04"
			squad_members:t = "t2_aaa_mid_heavy_05"
		}
	}
}
areas {
	t1_interceptor_area_mid {
		type:t = "Sphere"
		tm:m = [[-5966.21, 0.0, -635.962] [0.0, 6000.0, 0.0] [635.962, 0.0, -5966.21] [-11596.9, 2500.0, -17341.7]]
		props {

		}
	}
	t1_assault_mid_spawn {
		type:t = "Sphere"
		tm:m = [[-18.7551, 0.0, 299.413] [0.0, 300.0, 0.0] [-299.413, 0.0, -18.7551] [-12127.5, 1500.0, -12370.4]]
		props {

		}
	}
	t1_aaa_fighter_area_mid {
		type:t = "Sphere"
		tm:m = [[-3977.47, 0.0, -423.966] [0.0, 4000.0, 0.0] [423.966, 0.0, -3977.47] [-11596.9, 3500.0, -17341.7]]
		props {

		}
	}
	t1_assault_area_mid {
		type:t = "Sphere"
		tm:m = [[-9943.67, 0.0, -1059.95] [0.0, 10000.0, 0.0] [1059.95, 0.0, -9943.67] [-11596.9, 1500.0, -17341.7]]
		props {

		}
	}
	t1_interceptor_mid_spawn {
		type:t = "Sphere"
		tm:m = [[-18.7551, 0.0, 299.413] [0.0, 300.0, 0.0] [-299.413, 0.0, -18.7551] [-11280.7, 1500.0, -20305.8]]
		props {

		}
	}
	t1_aaa_fighter_mid_spawn {
		type:t = "Sphere"
		tm:m = [[-18.7551, 0.0, 299.413] [0.0, 300.0, 0.0] [-299.413, 0.0, -18.7551] [-11385.4, 2500.0, -19323.7]]
		props {

		}
	}
	t1_far_bomber_mid_spawn {
		type:t = "Sphere"
		tm:m = [[-18.7551, 0.0, 299.413] [0.0, 300.0, 0.0] [-299.413, 0.0, -18.7551] [-11808.6, 5000.0, -15353.8]]
		props {

		}
	}
	t1_main_bomber_mid_spawn {
		type:t = "Sphere"
		tm:m = [[-18.7551, 0.0, 299.413] [0.0, 300.0, 0.0] [-299.413, 0.0, -18.7551] [-11861.8, 4000.0, -14856.0]]
		props {

		}
	}
	t1_far_bomber_area_mid {
		type:t = "Sphere"
		tm:m = [[-3977.47, 0.0, -423.966] [0.0, 4000.0, 0.0] [423.966, 0.0, -3977.47] [-11596.9, 5000.0, -17341.7]]
		props {

		}
	}
	t1_main_bomber_area_mid {
		type:t = "Sphere"
		tm:m = [[-4971.84, 0.0, -529.974] [0.0, 5000.0, 0.0] [529.974, 0.0, -4971.84] [-11596.9, 4000.0, -17341.7]]
		props {

		}
	}
	t2_interceptor_area_mid {
		type:t = "Sphere"
		tm:m = [[2943.46, 0.0, -5228.4] [0.0, 6000.0, 0.0] [5228.4, 0.0, 2943.46] [7080.93, 2500.0, 14533.6]]
		props {

		}
	}
	t2_assault_mid_spawn {
		type:t = "Sphere"
		tm:m = [[-267.59, 0.0, -135.629] [0.0, 300.0, 0.0] [135.629, 0.0, -267.59] [2723.96, 1500.0, 12080.7]]
		props {

		}
	}
	t2_aaa_fighter_area_mid {
		type:t = "Sphere"
		tm:m = [[1962.3, 0.0, -3485.59] [0.0, 4000.0, 0.0] [3485.59, 0.0, 1962.3] [7080.93, 3500.0, 14533.6]]
		props {

		}
	}
	t2_assault_area_mid {
		type:t = "Sphere"
		tm:m = [[4905.77, 0.0, -8713.98] [0.0, 10000.0, 0.0] [8713.98, 0.0, 4905.77] [7081.04, 1500.0, 14533.6]]
		props {

		}
	}
	t2_interceptor_mid_spawn {
		type:t = "Sphere"
		tm:m = [[-267.59, 0.0, -135.629] [0.0, 300.0, 0.0] [135.629, 0.0, -267.59] [9678.52, 1500.0, 15996.3]]
		props {

		}
	}
	t2_aaa_fighter_mid_spawn {
		type:t = "Sphere"
		tm:m = [[-267.59, 0.0, -135.629] [0.0, 300.0, 0.0] [135.629, 0.0, -267.59] [8817.62, 2500.0, 15511.7]]
		props {

		}
	}
	t2_far_bomber_mid_spawn {
		type:t = "Sphere"
		tm:m = [[-267.59, 0.0, -135.629] [0.0, 300.0, 0.0] [135.629, 0.0, -267.59] [5338.85, 5000.0, 13553.2]]
		props {

		}
	}
	t2_main_bomber_mid_spawn {
		type:t = "Sphere"
		tm:m = [[-267.59, 0.0, -135.629] [0.0, 300.0, 0.0] [135.629, 0.0, -267.59] [4902.65, 4000.0, 13307.6]]
		props {

		}
	}
	t2_far_bomber_area_mid {
		type:t = "Sphere"
		tm:m = [[1962.3, 0.0, -3485.59] [0.0, 4000.0, 0.0] [3485.59, 0.0, 1962.3] [7080.93, 5000.0, 14533.6]]
		props {

		}
	}
	t2_main_bomber_area_mid {
		type:t = "Sphere"
		tm:m = [[2452.88, 0.0, -4356.99] [0.0, 5000.0, 0.0] [4356.99, 0.0, 2452.88] [7081.04, 4000.0, 14533.6]]
		props {

		}
	}
	airfields_area20km {
		type:t = "Sphere"
		tm:m = [[32128.3, 0.0, 23827.9] [0.0, 40000.0, 0.0] [-23827.9, 0.0, 32128.3] [-11328.0, 1254.65, 3939.4]]
		objLayer:i = 3
		props {

		}
	}
	t2_common_fighters_mid_spawn {
		type:t = "Sphere"
		tm:m = [[-267.59, 0.0, -135.629] [0.0, 300.0, 0.0] [135.629, 0.0, -267.59] [9678.52, 1000.0, 15996.3]]
		props {

		}
	}
	t1_common_fighters_mid_spawn {
		type:t = "Sphere"
		tm:m = [[-18.7551, 0.0, 299.413] [0.0, 300.0, 0.0] [-299.413, 0.0, -18.7551] [-11280.7, 999.99, -20305.8]]
		props {

		}
	}
}
objLayers {
	layer {
		enabled:b = true
	}
	layer {
		enabled:b = true
	}
	layer {
		enabled:b = true
	}
	layer {
		enabled:b = true
	}
	layer {
		enabled:b = true
	}
}
wayPoints {

}