selected_tag:t = ""
bin_dump_file:t = ""
mission_settings {
	player {
		army:i = 1
	}
	player_teamB {
		army:i = 2
	}
	mission {
		level:t = "levels/ruhr.bin"
		type:t = "domination"
		environment:t = "Day"
		weather:t = "clear"
	}
}
imports {

}
triggers {
	isCategory:b = true
	is_enabled:b = true
	airfileds_top_init {
		is_enabled:b = true
		comments:t = ""
		props {
			actionsType:t = "PERFORM_ONE_BY_ONE"
			conditionsType:t = "ALL"
			enableAfterComplete:b = false
		}
		events {
			initMission {

			}
		}
		conditions {

		}
		actions {
			unitSetProperties {
				object:t = "t2_def_aaa_top_squad"
				object:t = "t1_def_aaa_top_squad"
				object_marking:i = 0
				object_var_name:t = ""
				object_var_comp_op:t = "equal"
				object_var_value:i = 0
				accuracy:r = 0.9
				checkVisibilityTarget:b = true
				effShootingRate:r = 1
				airEffShootingRate:r = 1
				useSearchRadar:b = true
				fireRandom:b = true
				targetChangeInterval:r = 5
				targetChangeProb:r = 0.25
			}
			comment {
				value:t = "air spawns for top ranks"
			}
			varSetBool {
				value:b = true
				var:t = "force_air_spawn"
			}
		}
		else_actions {

		}
	}
}
mission_objectives {
	isCategory:b = true
	is_enabled:b = true
}
variables {

}
dialogs {

}
airfields {

}
effects {

}
units {
	objectGroups {
		name:t = "t1_airfield_top"
		tm:m = [[0.999669, 0.0, 0.0256662] [0.0, 1.0, 0.0] [-0.0256662, 0.0, 0.999669] [47871.0, 1301.5, 15387.7]]
		unit_class:t = "dynaf_pg_1line_3000_universal"
		objLayer:i = 2
		props {
			army:i = 1
			active:b = true
		}
	}
	objectGroups {
		name:t = "t2_airfield_top"
		tm:m = [[-0.992489, 0.0, -0.122332] [0.0, 1.0, 0.0] [0.122332, 0.0, -0.992489] [-48811.1, 1169.66, 10799.8]]
		unit_class:t = "dynaf_pg_1line_3000_universal"
		objLayer:i = 2
		props {
			army:i = 2
			active:b = true
		}
	}
	objectGroups {
		name:t = "t1_airfield_top_reload"
		tm:m = [[0.999837, 0.0, -0.0179631] [0.0, 1.0, 0.0] [0.0179631, 0.0, 0.999837] [29029.8, 2744.24, -15268.7]]
		unit_class:t = "dynaf_pg_1line_3000_universal"
		objLayer:i = 2
		props {
			army:i = 1
			active:b = true
		}
	}
	objectGroups {
		name:t = "t2_airfield_top_reload"
		tm:m = [[-0.999375, 0.0, -0.0353656] [0.0, 1.0, 0.0] [0.0353656, 0.0, -0.999375] [-28798.2, 1660.09, -18133.9]]
		unit_class:t = "dynaf_pg_1line_3000_universal"
		objLayer:i = 2
		props {
			army:i = 2
			active:b = true
		}
	}
	tankModels {
		name:t = "t1_aaa_top_light_01"
		tm:m = [[0.996997, 0.0, -0.0774251] [0.0, 1.0, 0.0] [0.0774251, 0.0, 0.996997] [48954.5, 1121.34, 13988.8]]
		unit_class:t = "ussr_zsu_23_4"
		objLayer:i = 1
		closed_waypoints:b = false
		isShipSpline:b = false
		shipTurnRadius:r = 100
		weapons:t = ""
		bullets0:t = ""
		bullets1:t = ""
		bullets2:t = ""
		bullets3:t = ""
		bulletsCount0:i = 0
		bulletsCount1:i = 0
		bulletsCount2:i = 0
		bulletsCount3:i = 0
		crewSkillK:r = 0
		applyAllMods:b = false
		props {
			army:i = 1
			count:i = 1
			formation_type:t = "rows"
			formation_div:i = 3
			formation_step:p2 = 2.5, 2
			formation_noise:p2 = 0.1, 0.1
			uniqueName:t = ""
			attack_type:t = "fire_at_will"
		}
		way {

		}
	}
	tankModels {
		name:t = "t1_aaa_top_heavy_01"
		tm:m = [[0.996997, 0.0, -0.0774251] [0.0, 1.0, 0.0] [0.0774251, 0.0, 0.996997] [49011.6, 1085.05, 15466.8]]
		unit_class:t = "ussr_9a35_m2"
		objLayer:i = 1
		closed_waypoints:b = false
		isShipSpline:b = false
		shipTurnRadius:r = 100
		weapons:t = ""
		bullets0:t = ""
		bullets1:t = ""
		bullets2:t = ""
		bullets3:t = ""
		bulletsCount0:i = 0
		bulletsCount1:i = 0
		bulletsCount2:i = 0
		bulletsCount3:i = 0
		crewSkillK:r = 0
		applyAllMods:b = false
		props {
			army:i = 1
			count:i = 1
			formation_type:t = "rows"
			formation_div:i = 3
			formation_step:p2 = 2.5, 2
			formation_noise:p2 = 0.1, 0.1
			uniqueName:t = ""
			attack_type:t = "fire_at_will"
		}
		way {

		}
	}
	tankModels {
		name:t = "t1_aaa_top_light_02"
		tm:m = [[-0.999425, 0.0, 0.0338624] [0.0, 1.0, 0.0] [-0.0338624, 0.0, -0.999425] [48178.1, 1091.89, 15469.6]]
		unit_class:t = "ussr_zsu_23_4"
		objLayer:i = 1
		closed_waypoints:b = false
		isShipSpline:b = false
		shipTurnRadius:r = 100
		weapons:t = ""
		bullets0:t = ""
		bullets1:t = ""
		bullets2:t = ""
		bullets3:t = ""
		bulletsCount0:i = 0
		bulletsCount1:i = 0
		bulletsCount2:i = 0
		bulletsCount3:i = 0
		crewSkillK:r = 0
		applyAllMods:b = false
		props {
			army:i = 1
			count:i = 1
			formation_type:t = "rows"
			formation_div:i = 3
			formation_step:p2 = 2.5, 2
			formation_noise:p2 = 0.1, 0.1
			uniqueName:t = ""
			attack_type:t = "fire_at_will"
		}
		way {

		}
	}
	tankModels {
		name:t = "t1_aaa_top_light_03"
		tm:m = [[0.996997, 0.0, -0.0774251] [0.0, 1.0, 0.0] [0.0774251, 0.0, 0.996997] [46952.3, 1053.66, 14268.8]]
		unit_class:t = "ussr_zsu_23_4"
		objLayer:i = 1
		closed_waypoints:b = false
		isShipSpline:b = false
		shipTurnRadius:r = 100
		weapons:t = ""
		bullets0:t = ""
		bullets1:t = ""
		bullets2:t = ""
		bullets3:t = ""
		bulletsCount0:i = 0
		bulletsCount1:i = 0
		bulletsCount2:i = 0
		bulletsCount3:i = 0
		crewSkillK:r = 0
		applyAllMods:b = false
		props {
			army:i = 1
			count:i = 1
			formation_type:t = "rows"
			formation_div:i = 3
			formation_step:p2 = 2.5, 2
			formation_noise:p2 = 0.1, 0.1
			uniqueName:t = ""
			attack_type:t = "fire_at_will"
		}
		way {

		}
	}
	tankModels {
		name:t = "t1_aaa_top_light_04"
		tm:m = [[-0.990122, 0.0, -0.140201] [0.0, 1.0, 0.0] [0.140201, 0.0, -0.990122] [46792.0, 1107.95, 15191.9]]
		unit_class:t = "ussr_zsu_23_4"
		objLayer:i = 1
		closed_waypoints:b = false
		isShipSpline:b = false
		shipTurnRadius:r = 100
		weapons:t = ""
		bullets0:t = ""
		bullets1:t = ""
		bullets2:t = ""
		bullets3:t = ""
		bulletsCount0:i = 0
		bulletsCount1:i = 0
		bulletsCount2:i = 0
		bulletsCount3:i = 0
		crewSkillK:r = 0
		applyAllMods:b = false
		props {
			army:i = 1
			count:i = 1
			formation_type:t = "rows"
			formation_div:i = 3
			formation_step:p2 = 2.5, 2
			formation_noise:p2 = 0.1, 0.1
			uniqueName:t = ""
			attack_type:t = "fire_at_will"
		}
		way {

		}
	}
	tankModels {
		name:t = "t1_aaa_top_heavy_02"
		tm:m = [[-0.999425, 0.0, 0.0338624] [0.0, 1.0, 0.0] [-0.0338624, 0.0, -0.999425] [48065.5, 1073.41, 14246.0]]
		unit_class:t = "ussr_9a35_m2"
		objLayer:i = 1
		closed_waypoints:b = false
		isShipSpline:b = false
		shipTurnRadius:r = 100
		weapons:t = ""
		bullets0:t = ""
		bullets1:t = ""
		bullets2:t = ""
		bullets3:t = ""
		bulletsCount0:i = 0
		bulletsCount1:i = 0
		bulletsCount2:i = 0
		bulletsCount3:i = 0
		crewSkillK:r = 0
		applyAllMods:b = false
		props {
			army:i = 1
			count:i = 1
			formation_type:t = "rows"
			formation_div:i = 3
			formation_step:p2 = 2.5, 2
			formation_noise:p2 = 0.1, 0.1
			uniqueName:t = ""
			attack_type:t = "fire_at_will"
		}
		way {

		}
	}
	squad {
		name:t = "t1_def_aaa_top_squad"
		tm:m = [[-0.798225, 0.0, 0.602359] [0.0, 1.0, 0.0] [-0.602359, 0.0, -0.798225] [37235.4, 2833.68, 36117.7]]
		props {
			squad_members:t = "t1_aaa_top_light_01"
			squad_members:t = "t1_aaa_top_light_02"
			squad_members:t = "t1_aaa_top_light_03"
			squad_members:t = "t1_aaa_top_light_04"
			squad_members:t = "t1_aaa_top_light_05"
			squad_members:t = "t1_aaa_top_light_06"
			squad_members:t = "t1_aaa_top_light_07"
			squad_members:t = "t1_aaa_top_light_08"
			squad_members:t = "t1_aaa_top_heavy_01"
			squad_members:t = "t1_aaa_top_heavy_02"
			squad_members:t = "t1_aaa_top_heavy_03"
			squad_members:t = "t1_aaa_top_heavy_04"
			squad_members:t = "t1_aaa_top_heavy_05"
			object_marking:i = 0
		}
	}
	tankModels {
		name:t = "t2_aaa_top_light_01"
		tm:m = [[0.953819, 0.0, -0.300381] [0.0, 1.0, 0.0] [0.300381, 0.0, 0.953819] [-49690.2, 482.0, 12042.1]]
		unit_class:t = "ussr_zsu_23_4"
		objLayer:i = 1
		closed_waypoints:b = false
		isShipSpline:b = false
		shipTurnRadius:r = 100
		weapons:t = ""
		bullets0:t = ""
		bullets1:t = ""
		bullets2:t = ""
		bullets3:t = ""
		bulletsCount0:i = 0
		bulletsCount1:i = 0
		bulletsCount2:i = 0
		bulletsCount3:i = 0
		crewSkillK:r = 0
		applyAllMods:b = false
		props {
			army:i = 2
			count:i = 1
			formation_type:t = "rows"
			formation_div:i = 3
			formation_step:p2 = 2.5, 2
			formation_noise:p2 = 0.1, 0.1
			uniqueName:t = ""
			attack_type:t = "fire_at_will"
		}
		way {

		}
	}
	tankModels {
		name:t = "t2_aaa_top_heavy_01"
		tm:m = [[0.992426, 0.0, -0.122841] [0.0, 1.0, 0.0] [0.122841, 0.0, 0.992426] [-49537.7, 525.35, 10739.2]]
		unit_class:t = "ussr_9a35_m2"
		objLayer:i = 1
		closed_waypoints:b = false
		isShipSpline:b = false
		shipTurnRadius:r = 100
		weapons:t = ""
		bullets0:t = ""
		bullets1:t = ""
		bullets2:t = ""
		bullets3:t = ""
		bulletsCount0:i = 0
		bulletsCount1:i = 0
		bulletsCount2:i = 0
		bulletsCount3:i = 0
		crewSkillK:r = 0
		applyAllMods:b = false
		props {
			army:i = 2
			count:i = 1
			formation_type:t = "rows"
			formation_div:i = 3
			formation_step:p2 = 2.5, 2
			formation_noise:p2 = 0.1, 0.1
			uniqueName:t = ""
			attack_type:t = "fire_at_will"
		}
		way {

		}
	}
	tankModels {
		name:t = "t2_aaa_top_light_02"
		tm:m = [[-0.986121, 0.0, 0.166015] [0.0, 1.0, 0.0] [-0.166015, 0.0, -0.986121] [-48605.6, 525.47, 10958.3]]
		unit_class:t = "ussr_zsu_23_4"
		objLayer:i = 1
		closed_waypoints:b = false
		isShipSpline:b = false
		shipTurnRadius:r = 100
		weapons:t = ""
		bullets0:t = ""
		bullets1:t = ""
		bullets2:t = ""
		bullets3:t = ""
		bulletsCount0:i = 0
		bulletsCount1:i = 0
		bulletsCount2:i = 0
		bulletsCount3:i = 0
		crewSkillK:r = 0
		applyAllMods:b = false
		props {
			army:i = 2
			count:i = 1
			formation_type:t = "rows"
			formation_div:i = 3
			formation_step:p2 = 2.5, 2
			formation_noise:p2 = 0.1, 0.1
			uniqueName:t = ""
			attack_type:t = "fire_at_will"
		}
		way {

		}
	}
	tankModels {
		name:t = "t2_aaa_top_light_03"
		tm:m = [[0.953819, 0.0, -0.300381] [0.0, 1.0, 0.0] [0.300381, 0.0, 0.953819] [-48209.7, 482.14, 12221.2]]
		unit_class:t = "ussr_zsu_23_4"
		objLayer:i = 1
		closed_waypoints:b = false
		isShipSpline:b = false
		shipTurnRadius:r = 100
		weapons:t = ""
		bullets0:t = ""
		bullets1:t = ""
		bullets2:t = ""
		bullets3:t = ""
		bulletsCount0:i = 0
		bulletsCount1:i = 0
		bulletsCount2:i = 0
		bulletsCount3:i = 0
		crewSkillK:r = 0
		applyAllMods:b = false
		props {
			army:i = 2
			count:i = 1
			formation_type:t = "rows"
			formation_div:i = 3
			formation_step:p2 = 2.5, 2
			formation_noise:p2 = 0.1, 0.1
			uniqueName:t = ""
			attack_type:t = "fire_at_will"
		}
		way {

		}
	}
	tankModels {
		name:t = "t2_aaa_top_light_04"
		tm:m = [[-0.996841, 0.0, 0.0794338] [0.0, 1.0, 0.0] [-0.0794338, 0.0, -0.996841] [-47889.8, 525.92, 11196.2]]
		unit_class:t = "ussr_zsu_23_4"
		objLayer:i = 1
		closed_waypoints:b = false
		isShipSpline:b = false
		shipTurnRadius:r = 100
		weapons:t = ""
		bullets0:t = ""
		bullets1:t = ""
		bullets2:t = ""
		bullets3:t = ""
		bulletsCount0:i = 0
		bulletsCount1:i = 0
		bulletsCount2:i = 0
		bulletsCount3:i = 0
		crewSkillK:r = 0
		applyAllMods:b = false
		props {
			army:i = 2
			count:i = 1
			formation_type:t = "rows"
			formation_div:i = 3
			formation_step:p2 = 2.5, 2
			formation_noise:p2 = 0.1, 0.1
			uniqueName:t = ""
			attack_type:t = "fire_at_will"
		}
		way {

		}
	}
	tankModels {
		name:t = "t2_aaa_top_heavy_02"
		tm:m = [[-0.939806, 0.0, 0.341701] [0.0, 1.0, 0.0] [-0.341701, 0.0, -0.939806] [-48844.2, 481.38, 12138.8]]
		unit_class:t = "ussr_9a35_m2"
		objLayer:i = 1
		closed_waypoints:b = false
		isShipSpline:b = false
		shipTurnRadius:r = 100
		weapons:t = ""
		bullets0:t = ""
		bullets1:t = ""
		bullets2:t = ""
		bullets3:t = ""
		bulletsCount0:i = 0
		bulletsCount1:i = 0
		bulletsCount2:i = 0
		bulletsCount3:i = 0
		crewSkillK:r = 0
		applyAllMods:b = false
		props {
			army:i = 2
			count:i = 1
			formation_type:t = "rows"
			formation_div:i = 3
			formation_step:p2 = 2.5, 2
			formation_noise:p2 = 0.1, 0.1
			uniqueName:t = ""
			attack_type:t = "fire_at_will"
		}
		way {

		}
	}
	squad {
		name:t = "t2_def_aaa_top_squad"
		tm:m = [[0.958718, 0.0, -0.284358] [0.0, 1.0, 0.0] [0.284358, 0.0, 0.958718] [-52148.3, 2644.19, 6162.59]]
		props {
			squad_members:t = "t2_aaa_top_light_01"
			squad_members:t = "t2_aaa_top_light_02"
			squad_members:t = "t2_aaa_top_light_03"
			squad_members:t = "t2_aaa_top_light_04"
			squad_members:t = "t2_aaa_top_light_05"
			squad_members:t = "t2_aaa_top_light_06"
			squad_members:t = "t2_aaa_top_light_07"
			squad_members:t = "t2_aaa_top_light_08"
			squad_members:t = "t2_aaa_top_heavy_01"
			squad_members:t = "t2_aaa_top_heavy_02"
			squad_members:t = "t2_aaa_top_heavy_03"
			squad_members:t = "t2_aaa_top_heavy_04"
			squad_members:t = "t2_aaa_top_heavy_05"
			object_marking:i = 0
		}
	}
	tankModels {
		name:t = "t1_aaa_top_heavy_03"
		tm:m = [[0.855181, 0.0, -0.518326] [0.0, 1.0, 0.0] [0.518326, 0.0, 0.855181] [51175.1, 297.019, 14821.9]]
		unit_class:t = "fr_crotale_ng"
		objLayer:i = 1
		closed_waypoints:b = false
		isShipSpline:b = false
		shipTurnRadius:r = 100
		weapons:t = ""
		bullets0:t = ""
		bullets1:t = ""
		bullets2:t = ""
		bullets3:t = ""
		bulletsCount0:i = 0
		bulletsCount1:i = 0
		bulletsCount2:i = 0
		bulletsCount3:i = 0
		crewSkillK:r = 0
		applyAllMods:b = false
		props {
			army:i = 1
			count:i = 1
			formation_type:t = "rows"
			formation_div:i = 3
			formation_step:p2 = 2.5, 2
			formation_noise:p2 = 0.1, 0.1
			uniqueName:t = ""
			attack_type:t = "fire_at_will"
		}
		way {

		}
	}
	tankModels {
		name:t = "t1_aaa_top_heavy_04"
		tm:m = [[0.855181, 0.0, -0.518326] [0.0, 1.0, 0.0] [0.518326, 0.0, 0.855181] [50753.4, 297.019, 14868.3]]
		unit_class:t = "fr_crotale_ng"
		objLayer:i = 1
		closed_waypoints:b = false
		isShipSpline:b = false
		shipTurnRadius:r = 100
		weapons:t = ""
		bullets0:t = ""
		bullets1:t = ""
		bullets2:t = ""
		bullets3:t = ""
		bulletsCount0:i = 0
		bulletsCount1:i = 0
		bulletsCount2:i = 0
		bulletsCount3:i = 0
		crewSkillK:r = 0
		applyAllMods:b = false
		props {
			army:i = 1
			count:i = 1
			formation_type:t = "rows"
			formation_div:i = 3
			formation_step:p2 = 2.5, 2
			formation_noise:p2 = 0.1, 0.1
			uniqueName:t = ""
			attack_type:t = "fire_at_will"
		}
		way {

		}
	}
	tankModels {
		name:t = "t1_aaa_top_heavy_05"
		tm:m = [[0.855181, 0.0, -0.518326] [0.0, 1.0, 0.0] [0.518326, 0.0, 0.855181] [50337.8, 297.019, 15081.9]]
		unit_class:t = "fr_crotale_ng"
		objLayer:i = 1
		closed_waypoints:b = false
		isShipSpline:b = false
		shipTurnRadius:r = 100
		weapons:t = ""
		bullets0:t = ""
		bullets1:t = ""
		bullets2:t = ""
		bullets3:t = ""
		bulletsCount0:i = 0
		bulletsCount1:i = 0
		bulletsCount2:i = 0
		bulletsCount3:i = 0
		crewSkillK:r = 0
		applyAllMods:b = false
		props {
			army:i = 1
			count:i = 1
			formation_type:t = "rows"
			formation_div:i = 3
			formation_step:p2 = 2.5, 2
			formation_noise:p2 = 0.1, 0.1
			uniqueName:t = ""
			attack_type:t = "fire_at_will"
		}
		way {

		}
	}
	tankModels {
		name:t = "t2_aaa_top_heavy_03"
		tm:m = [[0.938698, 0.0, 0.344737] [0.0, 1.0, 0.0] [-0.344737, 0.0, 0.938698] [-35464.8, -493.535, -20633.5]]
		unit_class:t = "fr_crotale_ng"
		objLayer:i = 1
		closed_waypoints:b = false
		isShipSpline:b = false
		shipTurnRadius:r = 100
		weapons:t = ""
		bullets0:t = ""
		bullets1:t = ""
		bullets2:t = ""
		bullets3:t = ""
		bulletsCount0:i = 0
		bulletsCount1:i = 0
		bulletsCount2:i = 0
		bulletsCount3:i = 0
		crewSkillK:r = 0
		applyAllMods:b = false
		props {
			army:i = 2
			count:i = 1
			formation_type:t = "rows"
			formation_div:i = 3
			formation_step:p2 = 2.5, 2
			formation_noise:p2 = 0.1, 0.1
			uniqueName:t = ""
			attack_type:t = "fire_at_will"
		}
		way {

		}
	}
	tankModels {
		name:t = "t2_aaa_top_heavy_04"
		tm:m = [[0.938698, 0.0, 0.344737] [0.0, 1.0, 0.0] [-0.344737, 0.0, 0.938698] [-37040.1, -493.535, -20479.7]]
		unit_class:t = "fr_crotale_ng"
		objLayer:i = 1
		closed_waypoints:b = false
		isShipSpline:b = false
		shipTurnRadius:r = 100
		weapons:t = ""
		bullets0:t = ""
		bullets1:t = ""
		bullets2:t = ""
		bullets3:t = ""
		bulletsCount0:i = 0
		bulletsCount1:i = 0
		bulletsCount2:i = 0
		bulletsCount3:i = 0
		crewSkillK:r = 0
		applyAllMods:b = false
		props {
			army:i = 2
			count:i = 1
			formation_type:t = "rows"
			formation_div:i = 3
			formation_step:p2 = 2.5, 2
			formation_noise:p2 = 0.1, 0.1
			uniqueName:t = ""
			attack_type:t = "fire_at_will"
		}
		way {

		}
	}
	tankModels {
		name:t = "t2_aaa_top_heavy_05"
		tm:m = [[0.938698, 0.0, 0.344737] [0.0, 1.0, 0.0] [-0.344737, 0.0, 0.938698] [-35557.7, -493.534, -23709.6]]
		unit_class:t = "fr_crotale_ng"
		objLayer:i = 1
		closed_waypoints:b = false
		isShipSpline:b = false
		shipTurnRadius:r = 100
		weapons:t = ""
		bullets0:t = ""
		bullets1:t = ""
		bullets2:t = ""
		bullets3:t = ""
		bulletsCount0:i = 0
		bulletsCount1:i = 0
		bulletsCount2:i = 0
		bulletsCount3:i = 0
		crewSkillK:r = 0
		applyAllMods:b = false
		props {
			army:i = 2
			count:i = 1
			formation_type:t = "rows"
			formation_div:i = 3
			formation_step:p2 = 2.5, 2
			formation_noise:p2 = 0.1, 0.1
			uniqueName:t = ""
			attack_type:t = "fire_at_will"
		}
		way {

		}
	}
	tankModels {
		name:t = "t1_aaa_top_light_05"
		tm:m = [[-0.133798, 0.0, 0.991008] [0.0, 1.0, 0.0] [-0.991008, 0.0, -0.133798] [33253.0, 591.98, 23067.9]]
		unit_class:t = "ussr_zsu_23_4"
		objLayer:i = 1
		closed_waypoints:b = false
		isShipSpline:b = false
		shipTurnRadius:r = 100
		weapons:t = ""
		bullets0:t = ""
		bullets1:t = ""
		bullets2:t = ""
		bullets3:t = ""
		bulletsCount0:i = 0
		bulletsCount1:i = 0
		bulletsCount2:i = 0
		bulletsCount3:i = 0
		crewSkillK:r = 0
		applyAllMods:b = false
		props {
			army:i = 1
			count:i = 1
			formation_type:t = "rows"
			formation_div:i = 3
			formation_step:p2 = 2.5, 2
			formation_noise:p2 = 0.1, 0.1
			uniqueName:t = ""
			attack_type:t = "fire_at_will"
		}
		way {

		}
	}
	tankModels {
		name:t = "t1_aaa_top_light_06"
		tm:m = [[-0.921087, 0.0, 0.389353] [0.0, 1.0, 0.0] [-0.389353, 0.0, -0.921087] [33096.8, 1324.83, 23504.4]]
		unit_class:t = "ussr_zsu_23_4"
		objLayer:i = 1
		closed_waypoints:b = false
		isShipSpline:b = false
		shipTurnRadius:r = 100
		weapons:t = ""
		bullets0:t = ""
		bullets1:t = ""
		bullets2:t = ""
		bullets3:t = ""
		bulletsCount0:i = 0
		bulletsCount1:i = 0
		bulletsCount2:i = 0
		bulletsCount3:i = 0
		crewSkillK:r = 0
		applyAllMods:b = false
		props {
			army:i = 1
			count:i = 1
			formation_type:t = "rows"
			formation_div:i = 3
			formation_step:p2 = 2.5, 2
			formation_noise:p2 = 0.1, 0.1
			uniqueName:t = ""
			attack_type:t = "fire_at_will"
		}
		way {

		}
	}
	tankModels {
		name:t = "t1_aaa_top_light_07"
		tm:m = [[-0.921087, 0.0, 0.389353] [0.0, 1.0, 0.0] [-0.389353, 0.0, -0.921087] [29937.9, 1324.83, 23438.1]]
		unit_class:t = "ussr_zsu_23_4"
		objLayer:i = 1
		closed_waypoints:b = false
		isShipSpline:b = false
		shipTurnRadius:r = 100
		weapons:t = ""
		bullets0:t = ""
		bullets1:t = ""
		bullets2:t = ""
		bullets3:t = ""
		bulletsCount0:i = 0
		bulletsCount1:i = 0
		bulletsCount2:i = 0
		bulletsCount3:i = 0
		crewSkillK:r = 0
		applyAllMods:b = false
		props {
			army:i = 1
			count:i = 1
			formation_type:t = "rows"
			formation_div:i = 3
			formation_step:p2 = 2.5, 2
			formation_noise:p2 = 0.1, 0.1
			uniqueName:t = ""
			attack_type:t = "fire_at_will"
		}
		way {

		}
	}
	tankModels {
		name:t = "t1_aaa_top_light_08"
		tm:m = [[-0.133798, 0.0, 0.991008] [0.0, 1.0, 0.0] [-0.991008, 0.0, -0.133798] [33343.0, 591.98, 21881.7]]
		unit_class:t = "ussr_zsu_23_4"
		objLayer:i = 1
		closed_waypoints:b = false
		isShipSpline:b = false
		shipTurnRadius:r = 100
		weapons:t = ""
		bullets0:t = ""
		bullets1:t = ""
		bullets2:t = ""
		bullets3:t = ""
		bulletsCount0:i = 0
		bulletsCount1:i = 0
		bulletsCount2:i = 0
		bulletsCount3:i = 0
		crewSkillK:r = 0
		applyAllMods:b = false
		props {
			army:i = 1
			count:i = 1
			formation_type:t = "rows"
			formation_div:i = 3
			formation_step:p2 = 2.5, 2
			formation_noise:p2 = 0.1, 0.1
			uniqueName:t = ""
			attack_type:t = "fire_at_will"
		}
		way {

		}
	}
	tankModels {
		name:t = "t2_aaa_top_light_05"
		tm:m = [[-0.127577, 0.0, 0.991828] [0.0, 1.0, 0.0] [-0.991828, 0.0, -0.127577] [-53530.1, 674.93, 1874.41]]
		unit_class:t = "ussr_zsu_23_4"
		objLayer:i = 1
		closed_waypoints:b = false
		isShipSpline:b = false
		shipTurnRadius:r = 100
		weapons:t = ""
		bullets0:t = ""
		bullets1:t = ""
		bullets2:t = ""
		bullets3:t = ""
		bulletsCount0:i = 0
		bulletsCount1:i = 0
		bulletsCount2:i = 0
		bulletsCount3:i = 0
		crewSkillK:r = 0
		applyAllMods:b = false
		props {
			army:i = 2
			count:i = 1
			formation_type:t = "rows"
			formation_div:i = 3
			formation_step:p2 = 2.5, 2
			formation_noise:p2 = 0.1, 0.1
			uniqueName:t = ""
			attack_type:t = "fire_at_will"
		}
		way {

		}
	}
	tankModels {
		name:t = "t2_aaa_top_light_06"
		tm:m = [[-0.127577, 0.0, 0.991828] [0.0, 1.0, 0.0] [-0.991828, 0.0, -0.127577] [-58000.9, 642.634, 2046.89]]
		unit_class:t = "ussr_zsu_23_4"
		objLayer:i = 1
		closed_waypoints:b = false
		isShipSpline:b = false
		shipTurnRadius:r = 100
		weapons:t = ""
		bullets0:t = ""
		bullets1:t = ""
		bullets2:t = ""
		bullets3:t = ""
		bulletsCount0:i = 0
		bulletsCount1:i = 0
		bulletsCount2:i = 0
		bulletsCount3:i = 0
		crewSkillK:r = 0
		applyAllMods:b = false
		props {
			army:i = 2
			count:i = 1
			formation_type:t = "rows"
			formation_div:i = 3
			formation_step:p2 = 2.5, 2
			formation_noise:p2 = 0.1, 0.1
			uniqueName:t = ""
			attack_type:t = "fire_at_will"
		}
		way {

		}
	}
	tankModels {
		name:t = "t2_aaa_top_light_07"
		tm:m = [[-0.127577, 0.0, 0.991828] [0.0, 1.0, 0.0] [-0.991828, 0.0, -0.127577] [-58049.3, 614.307, 901.595]]
		unit_class:t = "ussr_zsu_23_4"
		objLayer:i = 1
		closed_waypoints:b = false
		isShipSpline:b = false
		shipTurnRadius:r = 100
		weapons:t = ""
		bullets0:t = ""
		bullets1:t = ""
		bullets2:t = ""
		bullets3:t = ""
		bulletsCount0:i = 0
		bulletsCount1:i = 0
		bulletsCount2:i = 0
		bulletsCount3:i = 0
		crewSkillK:r = 0
		applyAllMods:b = false
		props {
			army:i = 2
			count:i = 1
			formation_type:t = "rows"
			formation_div:i = 3
			formation_step:p2 = 2.5, 2
			formation_noise:p2 = 0.1, 0.1
			uniqueName:t = ""
			attack_type:t = "fire_at_will"
		}
		way {

		}
	}
	tankModels {
		name:t = "t2_aaa_top_light_08"
		tm:m = [[-0.127577, 0.0, 0.991828] [0.0, 1.0, 0.0] [-0.991828, 0.0, -0.127577] [-55391.6, 592.519, 502.683]]
		unit_class:t = "ussr_zsu_23_4"
		objLayer:i = 1
		closed_waypoints:b = false
		isShipSpline:b = false
		shipTurnRadius:r = 100
		weapons:t = ""
		bullets0:t = ""
		bullets1:t = ""
		bullets2:t = ""
		bullets3:t = ""
		bulletsCount0:i = 0
		bulletsCount1:i = 0
		bulletsCount2:i = 0
		bulletsCount3:i = 0
		crewSkillK:r = 0
		applyAllMods:b = false
		props {
			army:i = 2
			count:i = 1
			formation_type:t = "rows"
			formation_div:i = 3
			formation_step:p2 = 2.5, 2
			formation_noise:p2 = 0.1, 0.1
			uniqueName:t = ""
			attack_type:t = "fire_at_will"
		}
		way {

		}
	}
}
areas {
	t1_bombers_area_top {
		type:t = "Sphere"
		tm:m = [[-33.3961, 0.0, -5999.92] [0.0, 6000.0, 0.0] [5999.92, 0.0, -33.3961] [47692.9, 3000.0, 14995.3]]
		props {

		}
	}
	t1_fighters_area_top {
		type:t = "Sphere"
		tm:m = [[-22.2632, 0.0, -3999.96] [0.0, 4000.0, 0.0] [3999.96, 0.0, -22.2632] [47692.7, 2000.0, 14995.3]]
		props {

		}
	}
	t2bombers_area_top {
		type:t = "Sphere"
		tm:m = [[-434.611, 0.0, 5984.25] [0.0, 6000.0, 0.0] [-5984.25, 0.0, -434.611] [-48745.8, 3000.0, 11207.4]]
		props {

		}
	}
	t2_fighters_area_top {
		type:t = "Sphere"
		tm:m = [[-289.758, 0.0, 3989.52] [0.0, 4000.0, 0.0] [-3989.52, 0.0, -289.758] [-48745.8, 2000.0, 11207.4]]
		props {

		}
	}
	location__top_border {
		type:t = "Box"
		tm:m = [[128000.0, 0.0, -0.000600962] [0.0, 1000.0, 0.0] [0.000600962, 0.0, 128000.0] [1942.35, 0.000488281, 1199.16]]
		objLayer:i = 4
		props {

		}
	}
	airfields_top_46km {
		type:t = "Box"
		tm:m = [[92000.0, 0.0, -0.00488281] [0.0, 92000.0, 0.0] [0.00806725, 0.0, 152000.0] [0.0, 3348.55, 862.752]]
		objLayer:i = 4
		props {

		}
	}
	t2_air_spawn_bomber_top {
		type:t = "Box"
		tm:m = [[99.7379, 0.0, 7.23679] [0.0, 100.0, 0.0] [-2171.04, 0.0, 29921.3] [-51718.8, 3000.0, 10991.1]]
		props {

		}
	}
	t2_air_spawn_top {
		type:t = "Box"
		tm:m = [[99.7379, 0.0, 7.23679] [0.0, 100.0, 0.0] [-2171.04, 0.0, 29921.3] [-50733.6, 2000.0, 11062.6]]
		props {

		}
	}
	t1_air_spawn_bomber_top {
		type:t = "Box"
		tm:m = [[-99.8776, 0.0, 4.94565] [0.0, 100.0, 0.0] [-1483.7, 0.0, -29963.3] [50711.0, 3000.0, 14938.0]]
		props {

		}
	}
	t1_air_spawn_top {
		type:t = "Box"
		tm:m = [[-99.8776, 0.0, 4.94565] [0.0, 100.0, 0.0] [-1483.7, 0.0, -29963.3] [49700.3, 2000.0, 14911.5]]
		props {

		}
	}
	airfields_reload_top_26km {
		type:t = "Box"
		tm:m = [[52000.0, 0.0, -0.00133947] [0.0, 52000.0, 0.0] [0.00285457, 0.0, 152000.0] [0.0, 3348.55, 862.752]]
		objLayer:i = 4
		props {

		}
	}
}
objLayers {
	layer {
		enabled:b = true
	}
	layer {
		enabled:b = true
	}
	layer {
		enabled:b = true
	}
	layer {
		enabled:b = true
	}
	layer {
		enabled:b = false
	}
}
wayPoints {

}