selected_tag:t = ""
bin_dump_file:t = ""
mission_settings {
	player {
		army:i = 1
	}
	player_teamB {
		army:i = 2
	}
	mission {
		level:t = "levels/avg_guadalcanal.bin"
		type:t = "domination"
		environment:t = "Day"
		weather:t = "hazy"
	}
	atmosphere {
		pressure:r = 760
		temperature:r = -10
	}
}
imports {
	import_record {
		file:t = "gameData/missions/cta/tanks/alps/mainareas/template_apls_defence_spawn.blk"
		importAreas:b = true
		importUnits:b = true
		importTriggers:b = true
		importMissionObjectives:b = true
		importWayPoints:b = true
		showAreas:b = true
		showUnits:b = true
		showTriggers:b = true
		showMissionObjectives:b = true
		showWayPoints:b = true
		excludes {

		}
	}
}
triggers {
	isCategory:b = true
	is_enabled:b = true
}
mission_objectives {
	isCategory:b = true
	is_enabled:b = true
}
variables {

}
dialogs {

}
airfields {

}
effects {

}
units {
	tankModels {
		name:t = "ai_target_unit_01"
		tm:m = [[0.966949, 0.0, 0.25497] [0.0, 1.0, 0.0] [-0.25497, 0.0, 0.966949] [606.49, 210.448, 1343.49]]
		unit_class:t = "germ_stug_III_ausf_G"
		objLayer:i = 1
		closed_waypoints:b = false
		isShipSpline:b = false
		shipTurnRadius:r = 100
		weapons:t = ""
		bullets0:t = ""
		bullets1:t = ""
		bullets2:t = ""
		bullets3:t = ""
		bulletsCount0:i = 0
		bulletsCount1:i = 0
		bulletsCount2:i = 0
		bulletsCount3:i = 0
		crewSkillK:r = 0
		applyAllMods:b = false
		props {
			army:i = 2
			count:i = 1
			formation_type:t = "rows"
			formation_div:i = 3
			formation_step:p2 = 2.5, 2
			formation_noise:p2 = 0.1, 0.1
			uniqueName:t = ""
			attack_type:t = "fire_at_will"
			unitReplacementType:t = "groundTarget"
		}
		way {

		}
	}
	tankModels {
		name:t = "ai_target_unit_02"
		tm:m = [[0.966949, 0.0, 0.25497] [0.0, 1.0, 0.0] [-0.25497, 0.0, 0.966949] [581.252, 210.225, 1283.97]]
		unit_class:t = "germ_stug_III_ausf_G"
		objLayer:i = 1
		closed_waypoints:b = false
		isShipSpline:b = false
		shipTurnRadius:r = 100
		weapons:t = ""
		bullets0:t = ""
		bullets1:t = ""
		bullets2:t = ""
		bullets3:t = ""
		bulletsCount0:i = 0
		bulletsCount1:i = 0
		bulletsCount2:i = 0
		bulletsCount3:i = 0
		crewSkillK:r = 0
		applyAllMods:b = false
		props {
			army:i = 2
			count:i = 1
			formation_type:t = "rows"
			formation_div:i = 3
			formation_step:p2 = 2.5, 2
			formation_noise:p2 = 0.1, 0.1
			uniqueName:t = ""
			attack_type:t = "fire_at_will"
			unitReplacementType:t = "groundTarget"
		}
		way {

		}
	}
	tankModels {
		name:t = "ai_target_unit_03"
		tm:m = [[0.964212, 0.0, -0.265132] [0.0, 1.0, 0.0] [0.265132, 0.0, 0.964212] [515.82, 215.925, 1055.91]]
		unit_class:t = "germ_stug_III_ausf_G"
		objLayer:i = 1
		closed_waypoints:b = false
		isShipSpline:b = false
		shipTurnRadius:r = 100
		weapons:t = ""
		bullets0:t = ""
		bullets1:t = ""
		bullets2:t = ""
		bullets3:t = ""
		bulletsCount0:i = 0
		bulletsCount1:i = 0
		bulletsCount2:i = 0
		bulletsCount3:i = 0
		crewSkillK:r = 0
		applyAllMods:b = false
		props {
			army:i = 2
			count:i = 1
			formation_type:t = "rows"
			formation_div:i = 3
			formation_step:p2 = 2.5, 2
			formation_noise:p2 = 0.1, 0.1
			uniqueName:t = ""
			attack_type:t = "fire_at_will"
			unitReplacementType:t = "groundTarget"
		}
		way {

		}
	}
	tankModels {
		name:t = "ai_target_unit_04"
		tm:m = [[0.966949, 0.0, 0.25497] [0.0, 1.0, 0.0] [-0.25497, 0.0, 0.966949] [589.818, 210.496, 1315.73]]
		unit_class:t = "germ_stug_III_ausf_G"
		objLayer:i = 1
		closed_waypoints:b = false
		isShipSpline:b = false
		shipTurnRadius:r = 100
		weapons:t = ""
		bullets0:t = ""
		bullets1:t = ""
		bullets2:t = ""
		bullets3:t = ""
		bulletsCount0:i = 0
		bulletsCount1:i = 0
		bulletsCount2:i = 0
		bulletsCount3:i = 0
		crewSkillK:r = 0
		applyAllMods:b = false
		props {
			army:i = 2
			count:i = 1
			formation_type:t = "rows"
			formation_div:i = 3
			formation_step:p2 = 2.5, 2
			formation_noise:p2 = 0.1, 0.1
			uniqueName:t = ""
			attack_type:t = "fire_at_will"
			unitReplacementType:t = "groundTarget"
		}
		way {

		}
	}
	tankModels {
		name:t = "ai_target_unit_05"
		tm:m = [[0.558259, 0.0, 0.829668] [0.0, 1.0, 0.0] [-0.829668, 0.0, 0.558259] [604.62, 214.156, 1129.85]]
		unit_class:t = "germ_stug_III_ausf_G"
		objLayer:i = 1
		closed_waypoints:b = false
		isShipSpline:b = false
		shipTurnRadius:r = 100
		weapons:t = ""
		bullets0:t = ""
		bullets1:t = ""
		bullets2:t = ""
		bullets3:t = ""
		bulletsCount0:i = 0
		bulletsCount1:i = 0
		bulletsCount2:i = 0
		bulletsCount3:i = 0
		crewSkillK:r = 0
		applyAllMods:b = false
		props {
			army:i = 2
			count:i = 1
			formation_type:t = "rows"
			formation_div:i = 3
			formation_step:p2 = 2.5, 2
			formation_noise:p2 = 0.1, 0.1
			uniqueName:t = ""
			attack_type:t = "fire_at_will"
			unitReplacementType:t = "groundTarget"
		}
		way {

		}
	}
	tankModels {
		name:t = "ai_target_unit_06"
		tm:m = [[0.997988, 0.0, -0.0634128] [0.0, 1.0, 0.0] [0.0634128, 0.0, 0.997988] [604.35, 225.5, 847.95]]
		unit_class:t = "germ_stug_III_ausf_G"
		objLayer:i = 1
		closed_waypoints:b = false
		isShipSpline:b = false
		shipTurnRadius:r = 100
		weapons:t = ""
		bullets0:t = ""
		bullets1:t = ""
		bullets2:t = ""
		bullets3:t = ""
		bulletsCount0:i = 0
		bulletsCount1:i = 0
		bulletsCount2:i = 0
		bulletsCount3:i = 0
		crewSkillK:r = 0
		applyAllMods:b = false
		props {
			army:i = 2
			count:i = 1
			formation_type:t = "rows"
			formation_div:i = 3
			formation_step:p2 = 2.5, 2
			formation_noise:p2 = 0.1, 0.1
			uniqueName:t = ""
			attack_type:t = "fire_at_will"
			unitReplacementType:t = "groundTarget"
		}
		way {

		}
	}
	tankModels {
		name:t = "ai_target_unit_07"
		tm:m = [[0.975041, 0.0, -0.222028] [0.0, 1.0, 0.0] [0.222028, 0.0, 0.975041] [492.75, 214.638, 1023.3]]
		unit_class:t = "germ_stug_III_ausf_G"
		objLayer:i = 1
		closed_waypoints:b = false
		isShipSpline:b = false
		shipTurnRadius:r = 100
		weapons:t = ""
		bullets0:t = ""
		bullets1:t = ""
		bullets2:t = ""
		bullets3:t = ""
		bulletsCount0:i = 0
		bulletsCount1:i = 0
		bulletsCount2:i = 0
		bulletsCount3:i = 0
		crewSkillK:r = 0
		applyAllMods:b = false
		props {
			army:i = 2
			count:i = 1
			formation_type:t = "rows"
			formation_div:i = 3
			formation_step:p2 = 2.5, 2
			formation_noise:p2 = 0.1, 0.1
			uniqueName:t = ""
			attack_type:t = "fire_at_will"
			unitReplacementType:t = "groundTarget"
		}
		way {

		}
	}
	tankModels {
		name:t = "ai_target_unit_08"
		tm:m = [[0.997988, 0.0, -0.0634128] [0.0, 1.0, 0.0] [0.0634128, 0.0, 0.997988] [551.87, 222.665, 922.377]]
		unit_class:t = "germ_stug_III_ausf_G"
		objLayer:i = 1
		closed_waypoints:b = false
		isShipSpline:b = false
		shipTurnRadius:r = 100
		weapons:t = ""
		bullets0:t = ""
		bullets1:t = ""
		bullets2:t = ""
		bullets3:t = ""
		bulletsCount0:i = 0
		bulletsCount1:i = 0
		bulletsCount2:i = 0
		bulletsCount3:i = 0
		crewSkillK:r = 0
		applyAllMods:b = false
		props {
			army:i = 2
			count:i = 1
			formation_type:t = "rows"
			formation_div:i = 3
			formation_step:p2 = 2.5, 2
			formation_noise:p2 = 0.1, 0.1
			uniqueName:t = ""
			attack_type:t = "fire_at_will"
			unitReplacementType:t = "groundTarget"
		}
		way {

		}
	}
	tankModels {
		name:t = "ai_target_unit_09"
		tm:m = [[0.997988, 0.0, -0.0634128] [0.0, 1.0, 0.0] [0.0634128, 0.0, 0.997988] [641.25, 232.297, 777.65]]
		unit_class:t = "germ_stug_III_ausf_G"
		objLayer:i = 1
		closed_waypoints:b = false
		isShipSpline:b = false
		shipTurnRadius:r = 100
		weapons:t = ""
		bullets0:t = ""
		bullets1:t = ""
		bullets2:t = ""
		bullets3:t = ""
		bulletsCount0:i = 0
		bulletsCount1:i = 0
		bulletsCount2:i = 0
		bulletsCount3:i = 0
		crewSkillK:r = 0
		applyAllMods:b = false
		props {
			army:i = 2
			count:i = 1
			formation_type:t = "rows"
			formation_div:i = 3
			formation_step:p2 = 2.5, 2
			formation_noise:p2 = 0.1, 0.1
			uniqueName:t = ""
			attack_type:t = "fire_at_will"
			unitReplacementType:t = "groundTarget"
		}
		way {

		}
	}
	tankModels {
		name:t = "ai_target_unit_10"
		tm:m = [[0.997988, 0.0, -0.0634128] [0.0, 1.0, 0.0] [0.0634128, 0.0, 0.997988] [438.586, 208.08, 917.317]]
		unit_class:t = "germ_stug_III_ausf_G"
		objLayer:i = 1
		closed_waypoints:b = false
		isShipSpline:b = false
		shipTurnRadius:r = 100
		weapons:t = ""
		bullets0:t = ""
		bullets1:t = ""
		bullets2:t = ""
		bullets3:t = ""
		bulletsCount0:i = 0
		bulletsCount1:i = 0
		bulletsCount2:i = 0
		bulletsCount3:i = 0
		crewSkillK:r = 0
		applyAllMods:b = false
		props {
			army:i = 2
			count:i = 1
			formation_type:t = "rows"
			formation_div:i = 3
			formation_step:p2 = 2.5, 2
			formation_noise:p2 = 0.1, 0.1
			uniqueName:t = ""
			attack_type:t = "fire_at_will"
			unitReplacementType:t = "groundTarget"
		}
		way {

		}
	}
	tankModels {
		name:t = "ai_target_unit_11"
		tm:m = [[0.997988, 0.0, -0.0634128] [0.0, 1.0, 0.0] [0.0634128, 0.0, 0.997988] [532.007, 244.151, 711.911]]
		unit_class:t = "germ_stug_III_ausf_G"
		objLayer:i = 1
		closed_waypoints:b = false
		isShipSpline:b = false
		shipTurnRadius:r = 100
		weapons:t = ""
		bullets0:t = ""
		bullets1:t = ""
		bullets2:t = ""
		bullets3:t = ""
		bulletsCount0:i = 0
		bulletsCount1:i = 0
		bulletsCount2:i = 0
		bulletsCount3:i = 0
		crewSkillK:r = 0
		applyAllMods:b = false
		props {
			army:i = 2
			count:i = 1
			formation_type:t = "rows"
			formation_div:i = 3
			formation_step:p2 = 2.5, 2
			formation_noise:p2 = 0.1, 0.1
			uniqueName:t = ""
			attack_type:t = "fire_at_will"
			unitReplacementType:t = "groundTarget"
		}
		way {

		}
	}
	tankModels {
		name:t = "ai_target_unit_12"
		tm:m = [[0.830471, 0.0, 0.557063] [0.0, 1.0, 0.0] [-0.557063, 0.0, 0.830471] [513.08, 233.338, 782.104]]
		unit_class:t = "germ_stug_III_ausf_G"
		objLayer:i = 1
		closed_waypoints:b = false
		isShipSpline:b = false
		shipTurnRadius:r = 100
		weapons:t = ""
		bullets0:t = ""
		bullets1:t = ""
		bullets2:t = ""
		bullets3:t = ""
		bulletsCount0:i = 0
		bulletsCount1:i = 0
		bulletsCount2:i = 0
		bulletsCount3:i = 0
		crewSkillK:r = 0
		applyAllMods:b = false
		props {
			army:i = 2
			count:i = 1
			formation_type:t = "rows"
			formation_div:i = 3
			formation_step:p2 = 2.5, 2
			formation_noise:p2 = 0.1, 0.1
			uniqueName:t = ""
			attack_type:t = "fire_at_will"
			unitReplacementType:t = "groundTarget"
		}
		way {

		}
	}
	tankModels {
		name:t = "ai_target_unit_13"
		tm:m = [[0.997988, 0.0, -0.0634128] [0.0, 1.0, 0.0] [0.0634128, 0.0, 0.997988] [641.434, 208.65, 1516.66]]
		unit_class:t = "germ_stug_III_ausf_G"
		objLayer:i = 1
		closed_waypoints:b = false
		isShipSpline:b = false
		shipTurnRadius:r = 100
		weapons:t = ""
		bullets0:t = ""
		bullets1:t = ""
		bullets2:t = ""
		bullets3:t = ""
		bulletsCount0:i = 0
		bulletsCount1:i = 0
		bulletsCount2:i = 0
		bulletsCount3:i = 0
		crewSkillK:r = 0
		applyAllMods:b = false
		props {
			army:i = 2
			count:i = 1
			formation_type:t = "rows"
			formation_div:i = 3
			formation_step:p2 = 2.5, 2
			formation_noise:p2 = 0.1, 0.1
			uniqueName:t = ""
			attack_type:t = "fire_at_will"
			unitReplacementType:t = "groundTarget"
		}
		way {

		}
	}
	tankModels {
		name:t = "ai_target_unit_14"
		tm:m = [[0.830471, 0.0, 0.557063] [0.0, 1.0, 0.0] [-0.557063, 0.0, 0.830471] [477.9, 219.02, 847.25]]
		unit_class:t = "germ_stug_III_ausf_G"
		objLayer:i = 1
		closed_waypoints:b = false
		isShipSpline:b = false
		shipTurnRadius:r = 100
		weapons:t = ""
		bullets0:t = ""
		bullets1:t = ""
		bullets2:t = ""
		bullets3:t = ""
		bulletsCount0:i = 0
		bulletsCount1:i = 0
		bulletsCount2:i = 0
		bulletsCount3:i = 0
		crewSkillK:r = 0
		applyAllMods:b = false
		props {
			army:i = 2
			count:i = 1
			formation_type:t = "rows"
			formation_div:i = 3
			formation_step:p2 = 2.5, 2
			formation_noise:p2 = 0.1, 0.1
			uniqueName:t = ""
			attack_type:t = "fire_at_will"
			unitReplacementType:t = "groundTarget"
		}
		way {

		}
	}
	tankModels {
		name:t = "ai_target_unit_15"
		tm:m = [[0.616517, 0.0, 0.787342] [0.0, 1.0, 0.0] [-0.787342, 0.0, 0.616517] [562.8, 244.186, 722.4]]
		unit_class:t = "germ_stug_III_ausf_G"
		objLayer:i = 1
		closed_waypoints:b = false
		isShipSpline:b = false
		shipTurnRadius:r = 100
		weapons:t = ""
		bullets0:t = ""
		bullets1:t = ""
		bullets2:t = ""
		bullets3:t = ""
		bulletsCount0:i = 0
		bulletsCount1:i = 0
		bulletsCount2:i = 0
		bulletsCount3:i = 0
		crewSkillK:r = 0
		applyAllMods:b = false
		props {
			army:i = 2
			count:i = 1
			formation_type:t = "rows"
			formation_div:i = 3
			formation_step:p2 = 2.5, 2
			formation_noise:p2 = 0.1, 0.1
			uniqueName:t = ""
			attack_type:t = "fire_at_will"
			unitReplacementType:t = "groundTarget"
		}
		way {

		}
	}
	tankModels {
		name:t = "ai_target_unit_16"
		tm:m = [[-0.00268902, 0.0, 0.999997] [0.0, 1.0, 0.0] [-0.999997, 0.0, -0.00268902] [640.4, 217.517, 1121.25]]
		unit_class:t = "germ_stug_III_ausf_G"
		objLayer:i = 1
		closed_waypoints:b = false
		isShipSpline:b = false
		shipTurnRadius:r = 100
		weapons:t = ""
		bullets0:t = ""
		bullets1:t = ""
		bullets2:t = ""
		bullets3:t = ""
		bulletsCount0:i = 0
		bulletsCount1:i = 0
		bulletsCount2:i = 0
		bulletsCount3:i = 0
		crewSkillK:r = 0
		applyAllMods:b = false
		props {
			army:i = 2
			count:i = 1
			formation_type:t = "rows"
			formation_div:i = 3
			formation_step:p2 = 2.5, 2
			formation_noise:p2 = 0.1, 0.1
			uniqueName:t = ""
			attack_type:t = "fire_at_will"
			unitReplacementType:t = "groundTarget"
		}
		way {

		}
	}
	tankModels {
		name:t = "ai_target_unit_17"
		tm:m = [[0.997988, 0.0, -0.0634128] [0.0, 1.0, 0.0] [0.0634128, 0.0, 0.997988] [489.868, 214.158, 1131.34]]
		unit_class:t = "germ_stug_III_ausf_G"
		objLayer:i = 1
		closed_waypoints:b = false
		isShipSpline:b = false
		shipTurnRadius:r = 100
		weapons:t = ""
		bullets0:t = ""
		bullets1:t = ""
		bullets2:t = ""
		bullets3:t = ""
		bulletsCount0:i = 0
		bulletsCount1:i = 0
		bulletsCount2:i = 0
		bulletsCount3:i = 0
		crewSkillK:r = 0
		applyAllMods:b = false
		props {
			army:i = 2
			count:i = 1
			formation_type:t = "rows"
			formation_div:i = 3
			formation_step:p2 = 2.5, 2
			formation_noise:p2 = 0.1, 0.1
			uniqueName:t = ""
			attack_type:t = "fire_at_will"
			unitReplacementType:t = "groundTarget"
		}
		way {

		}
	}
	tankModels {
		name:t = "ai_target_unit_18"
		tm:m = [[0.997988, 0.0, -0.0634128] [0.0, 1.0, 0.0] [0.0634128, 0.0, 0.997988] [407.56, 198.002, 1432.57]]
		unit_class:t = "germ_stug_III_ausf_G"
		objLayer:i = 1
		closed_waypoints:b = false
		isShipSpline:b = false
		shipTurnRadius:r = 100
		weapons:t = ""
		bullets0:t = ""
		bullets1:t = ""
		bullets2:t = ""
		bullets3:t = ""
		bulletsCount0:i = 0
		bulletsCount1:i = 0
		bulletsCount2:i = 0
		bulletsCount3:i = 0
		crewSkillK:r = 0
		applyAllMods:b = false
		props {
			army:i = 2
			count:i = 1
			formation_type:t = "rows"
			formation_div:i = 3
			formation_step:p2 = 2.5, 2
			formation_noise:p2 = 0.1, 0.1
			uniqueName:t = ""
			attack_type:t = "fire_at_will"
			unitReplacementType:t = "groundTarget"
		}
		way {

		}
	}
	tankModels {
		name:t = "ai_target_unit_19"
		tm:m = [[0.997988, 0.0, -0.0634128] [0.0, 1.0, 0.0] [0.0634128, 0.0, 0.997988] [435.383, 210.305, 1049.19]]
		unit_class:t = "germ_stug_III_ausf_G"
		objLayer:i = 1
		closed_waypoints:b = false
		isShipSpline:b = false
		shipTurnRadius:r = 100
		weapons:t = ""
		bullets0:t = ""
		bullets1:t = ""
		bullets2:t = ""
		bullets3:t = ""
		bulletsCount0:i = 0
		bulletsCount1:i = 0
		bulletsCount2:i = 0
		bulletsCount3:i = 0
		crewSkillK:r = 0
		applyAllMods:b = false
		props {
			army:i = 2
			count:i = 1
			formation_type:t = "rows"
			formation_div:i = 3
			formation_step:p2 = 2.5, 2
			formation_noise:p2 = 0.1, 0.1
			uniqueName:t = ""
			attack_type:t = "fire_at_will"
			unitReplacementType:t = "groundTarget"
		}
		way {

		}
	}
	tankModels {
		name:t = "ai_target_unit_20"
		tm:m = [[0.997988, 0.0, -0.0634128] [0.0, 1.0, 0.0] [0.0634128, 0.0, 0.997988] [581.521, 223.5, 859.582]]
		unit_class:t = "germ_stug_III_ausf_G"
		objLayer:i = 1
		closed_waypoints:b = false
		isShipSpline:b = false
		shipTurnRadius:r = 100
		weapons:t = ""
		bullets0:t = ""
		bullets1:t = ""
		bullets2:t = ""
		bullets3:t = ""
		bulletsCount0:i = 0
		bulletsCount1:i = 0
		bulletsCount2:i = 0
		bulletsCount3:i = 0
		crewSkillK:r = 0
		applyAllMods:b = false
		props {
			army:i = 2
			count:i = 1
			formation_type:t = "rows"
			formation_div:i = 3
			formation_step:p2 = 2.5, 2
			formation_noise:p2 = 0.1, 0.1
			uniqueName:t = ""
			attack_type:t = "fire_at_will"
			unitReplacementType:t = "groundTarget"
		}
		way {

		}
	}
	squad {
		name:t = "ai_target_unit_squad"
		tm:m = [[1.0, 0.0, 0.0] [0.0, 1.0, 0.0] [0.0, 0.0, 1.0] [1867.04, 57.5387, 1507.12]]
		props {
			squad_members:t = "ai_target_unit_01"
			squad_members:t = "ai_target_unit_02"
			squad_members:t = "ai_target_unit_03"
			squad_members:t = "ai_target_unit_04"
			squad_members:t = "ai_target_unit_05"
			squad_members:t = "ai_target_unit_06"
			squad_members:t = "ai_target_unit_07"
			squad_members:t = "ai_target_unit_08"
			squad_members:t = "ai_target_unit_09"
			squad_members:t = "ai_target_unit_10"
			squad_members:t = "ai_target_unit_11"
			squad_members:t = "ai_target_unit_12"
			squad_members:t = "ai_target_unit_13"
			squad_members:t = "ai_target_unit_14"
			squad_members:t = "ai_target_unit_15"
			squad_members:t = "ai_target_unit_16"
			squad_members:t = "ai_target_unit_17"
			squad_members:t = "ai_target_unit_18"
			squad_members:t = "ai_target_unit_19"
			squad_members:t = "ai_target_unit_20"
			object_marking:i = 0
		}
	}
}
areas {

}
objLayers {
	layer {
		enabled:b = true
	}
	layer {
		enabled:b = true
	}
	layer {
		enabled:b = true
	}
	layer {
		enabled:b = true
	}
	layer {
		enabled:b = false
	}
}
wayPoints {

}