selected_tag:t = ""
bin_dump_file:t = ""
mission_settings {
	player {
		army:i = 1
	}
	player_teamB {
		army:i = 2
	}
	mission {
		level:t = "levels/avg_guadalcanal.bin"
		type:t = "domination"
		environment:t = "Day"
		weather:t = "hazy"
	}
}
imports {
	import_record {
		file:t = "gameData/missions/cta/tanks/hurtgen/mainareas/template_hurtgen_defence_spawn.blk"
		importAreas:b = true
		importUnits:b = true
		importTriggers:b = true
		importMissionObjectives:b = true
		importWayPoints:b = true
		showAreas:b = true
		showUnits:b = true
		showTriggers:b = true
		showMissionObjectives:b = true
		showWayPoints:b = true
		excludes {

		}
	}
}
triggers {
	isCategory:b = true
	is_enabled:b = true
}
mission_objectives {
	isCategory:b = true
	is_enabled:b = true
}
variables {

}
dialogs {

}
airfields {

}
effects {

}
units {

}
areas {
	dbttl_t1_capture_area {
		type:t = "Cylinder"
		tm:m = [[32.696, 0.0, -25.0885] [0.0, 75.0, 0.0] [25.0885, 0.0, 32.696] [834.064, 22.5713, 2668.17]]
		objLayer:i = 0
		props {

		}
	}
	dbttl_t2_capture_area {
		type:t = "Cylinder"
		tm:m = [[31.1664, 0.0, 26.9652] [0.0, 75.0, 0.0] [-26.9652, 0.0, 31.1664] [1903.72, 21.1365, 2435.76]]
		objLayer:i = 0
		props {

		}
	}
	area_03 {
		type:t = "Sphere"
		tm:m = [[589.806, 0.0, 928.509] [0.0, 1100.0, 0.0] [-928.509, 0.0, 589.806] [1355.3, 18.6505, 2533.15]]
		objLayer:i = 0
		props {

		}
	}
	area_04 {
		type:t = "Sphere"
		tm:m = [[536.188, 0.0, 844.098] [0.0, 1000.0, 0.0] [-844.098, 0.0, 536.188] [837.122, 20.5605, 2668.02]]
		objLayer:i = 0
		props {

		}
	}
	area_05 {
		type:t = "Sphere"
		tm:m = [[536.188, 0.0, 844.098] [0.0, 1000.0, 0.0] [-844.098, 0.0, 536.188] [1903.71, 21.1355, 2438.3]]
		objLayer:i = 0
		props {

		}
	}
	t2_gun_pit_01 {
		type:t = "Cylinder"
		tm:m = [[-0.999594, 0.0, 0.028453] [0.0, 1.0, 0.0] [-0.028453, 0.0, -0.999594] [1874.07, 17.9537, 2293.04]]
		objLayer:i = 0
		props {

		}
	}
	t2_gun_pit_02 {
		type:t = "Cylinder"
		tm:m = [[-0.991619, 0.0, 0.129187] [0.0, 1.0, 0.0] [-0.129187, 0.0, -0.991619] [1872.3, 16.7353, 2317.75]]
		objLayer:i = 0
		props {

		}
	}
	t2_gun_pit_03 {
		type:t = "Cylinder"
		tm:m = [[-0.996722, 0.0, 0.0808993] [0.0, 1.0, 0.0] [-0.0808993, 0.0, -0.996722] [1870.85, 17.85, 2342.4]]
		objLayer:i = 0
		props {

		}
	}
	t2_gun_pit_04 {
		type:t = "Cylinder"
		tm:m = [[-0.99919, 0.00554646, 0.0398381] [0.00552623, 0.999985, -0.000617836] [-0.0398402, -0.000397191, -0.999205] [1863.45, 19.2392, 2366.1]]
		objLayer:i = 0
		props {

		}
	}
	t2_gun_pit_05 {
		type:t = "Cylinder"
		tm:m = [[-0.992012, 0.0, 0.126129] [0.0, 1.0, 0.0] [-0.126129, 0.0, -0.992012] [1852.45, 20.4192, 2406.1]]
		objLayer:i = 0
		props {

		}
	}
	t2_gun_pit_06 {
		type:t = "Cylinder"
		tm:m = [[-0.992393, 0.0, -0.123111] [0.0, 1.0, 0.0] [0.123111, 0.0, -0.992393] [1855.6, 20.7546, 2420.4]]
		objLayer:i = 0
		props {

		}
	}
	t2_gun_pit_07 {
		type:t = "Cylinder"
		tm:m = [[-0.988258, 0.0, 0.15279] [0.0, 1.0, 0.0] [-0.15279, 0.0, -0.988258] [1846.52, 20.9, 2439.59]]
		objLayer:i = 0
		props {

		}
	}
	t2_gun_pit_08 {
		type:t = "Cylinder"
		tm:m = [[-0.999796, 0.0, 0.0201566] [0.0, 1.0, 0.0] [-0.0201566, 0.0, -0.999796] [1853.95, 20.9, 2529.6]]
		objLayer:i = 0
		props {

		}
	}
	t2_gun_pit_09 {
		type:t = "Cylinder"
		tm:m = [[-0.996175, 0.0, -0.0873818] [0.0, 1.0, 0.0] [0.0873818, 0.0, -0.996175] [1871.65, 20.95, 2471.9]]
		objLayer:i = 0
		props {

		}
	}
	t2_gun_pit_10 {
		type:t = "Cylinder"
		tm:m = [[-0.998172, 0.0, 0.0604238] [0.0, 1.0, 0.0] [-0.0604238, 0.0, -0.998172] [1858.3, 20.9047, 2540.2]]
		objLayer:i = 0
		props {

		}
	}
	t2_gun_pit_11 {
		type:t = "Cylinder"
		tm:m = [[-0.98021, 0.0, 0.197956] [0.0, 1.0, 0.0] [-0.197956, 0.0, -0.98021] [1881.47, 21.0721, 2565.38]]
		objLayer:i = 0
		props {

		}
	}
	t2_gun_pit_12 {
		type:t = "Cylinder"
		tm:m = [[-0.992233, 0.0, 0.124383] [0.0, 1.0, 0.0] [-0.124383, 0.0, -0.992233] [1887.55, 21.0942, 2576.75]]
		objLayer:i = 0
		props {

		}
	}
	t2_gun_pit_13 {
		type:t = "Cylinder"
		tm:m = [[-0.913416, 0.0, 0.407025] [0.0, 1.0, 0.0] [-0.407025, 0.0, -0.913416] [1891.18, 21.0516, 2589.96]]
		objLayer:i = 0
		props {

		}
	}
	t2_gun_pit_14 {
		type:t = "Cylinder"
		tm:m = [[-0.934176, 0.0, 0.356806] [0.0, 1.0, 0.0] [-0.356806, 0.0, -0.934176] [1898.86, 21.0548, 2598.93]]
		objLayer:i = 0
		props {

		}
	}
	t2_gun_pit_15 {
		type:t = "Cylinder"
		tm:m = [[-0.773156, 0.0, 0.634216] [0.0, 1.0, 0.0] [-0.634216, 0.0, -0.773156] [1910.75, 20.932, 2617.0]]
		objLayer:i = 0
		props {

		}
	}
	t2_gun_pit_16 {
		type:t = "Cylinder"
		tm:m = [[-0.882477, 0.0, 0.470353] [0.0, 1.0, 0.0] [-0.470353, 0.0, -0.882477] [1922.95, 20.5, 2626.3]]
		objLayer:i = 0
		props {

		}
	}
	t2_gun_pit_17 {
		type:t = "Cylinder"
		tm:m = [[-0.8168, 0.0, 0.576917] [0.0, 1.0, 0.0] [-0.576917, 0.0, -0.8168] [1907.52, 20.8, 2606.52]]
		objLayer:i = 0
		props {

		}
	}
	t2_gun_pit_18 {
		type:t = "Cylinder"
		tm:m = [[-0.916902, 0.0, 0.399108] [0.0, 1.0, 0.0] [-0.399108, 0.0, -0.916902] [1929.85, 20.126, 2636.5]]
		objLayer:i = 0
		props {

		}
	}
	t2_gun_pit_19 {
		type:t = "Cylinder"
		tm:m = [[-0.996552, 0.0, 0.0829766] [0.0, 1.0, 0.0] [-0.0829766, 0.0, -0.996552] [1851.27, 20.838, 2449.47]]
		objLayer:i = 0
		props {

		}
	}
	t2_gun_pit_20 {
		type:t = "Cylinder"
		tm:m = [[-0.997329, 0.00554646, 0.0728203] [0.00550281, 0.999985, -0.000800029] [-0.072823, -0.000397191, -0.997343] [1854.86, 19.7253, 2385.55]]
		objLayer:i = 0
		props {

		}
	}
	t1_gun_pit_01 {
		type:t = "Cylinder"
		tm:m = [[0.851317, 0.0, -0.524652] [0.0, 1.0, 0.0] [0.524652, 0.0, 0.851317] [1043.55, 17.1324, 2951.7]]
		objLayer:i = 0
		props {

		}
	}
	t1_gun_pit_02 {
		type:t = "Cylinder"
		tm:m = [[0.827606, 0.0, -0.561306] [0.0, 1.0, 0.0] [0.561306, 0.0, 0.827606] [951.0, 21.093, 2833.0]]
		objLayer:i = 0
		props {

		}
	}
	t1_gun_pit_03 {
		type:t = "Cylinder"
		tm:m = [[0.815627, 0.0, -0.578576] [0.0, 1.0, 0.0] [0.578576, 0.0, 0.815627] [923.7, 21.7279, 2783.4]]
		objLayer:i = 0
		props {

		}
	}
	t1_gun_pit_04 {
		type:t = "Cylinder"
		tm:m = [[0.963893, 0.0, -0.266288] [0.0, 1.0, 0.0] [0.266288, 0.0, 0.963893] [908.2, 21.7979, 2724.6]]
		objLayer:i = 0
		props {

		}
	}
	t1_gun_pit_05 {
		type:t = "Cylinder"
		tm:m = [[0.940441, 0.0, -0.339952] [0.0, 1.0, 0.0] [0.339952, 0.0, 0.940441] [900.45, 22.15, 2711.75]]
		objLayer:i = 0
		props {

		}
	}
	t1_gun_pit_06 {
		type:t = "Cylinder"
		tm:m = [[0.79753, 0.0, -0.60328] [0.0, 1.0, 0.0] [0.60328, 0.0, 0.79753] [898.8, 22.15, 2684.25]]
		objLayer:i = 0
		props {

		}
	}
	t1_gun_pit_07 {
		type:t = "Cylinder"
		tm:m = [[0.954394, 0.0, -0.298548] [0.0, 1.0, 0.0] [0.298548, 0.0, 0.954394] [887.95, 22.0441, 2670.9]]
		objLayer:i = 0
		props {

		}
	}
	t1_gun_pit_08 {
		type:t = "Cylinder"
		tm:m = [[0.871068, 0.0, -0.491159] [0.0, 1.0, 0.0] [0.491159, 0.0, 0.871068] [862.15, 21.75, 2629.8]]
		objLayer:i = 0
		props {

		}
	}
	t1_gun_pit_09 {
		type:t = "Cylinder"
		tm:m = [[0.883258, 0.0, -0.468888] [0.0, 1.0, 0.0] [0.468888, 0.0, 0.883258] [850.45, 21.7, 2610.45]]
		objLayer:i = 0
		props {

		}
	}
	t1_gun_pit_10 {
		type:t = "Cylinder"
		tm:m = [[0.84679, 0.0, -0.531928] [0.0, 1.0, 0.0] [0.531928, 0.0, 0.84679] [841.45, 21.7222, 2598.55]]
		objLayer:i = 0
		props {

		}
	}
	t1_gun_pit_11 {
		type:t = "Cylinder"
		tm:m = [[0.898892, 0.0, -0.438167] [0.0, 1.0, 0.0] [0.438167, 0.0, 0.898892] [760.45, 23.0755, 2481.15]]
		objLayer:i = 0
		props {

		}
	}
	t1_gun_pit_12 {
		type:t = "Cylinder"
		tm:m = [[0.906354, 0.0, -0.422516] [0.0, 1.0, 0.0] [0.422516, 0.0, 0.906354] [776.35, 22.692, 2502.55]]
		objLayer:i = 0
		props {

		}
	}
	t1_gun_pit_13 {
		type:t = "Cylinder"
		tm:m = [[0.941811, 0.0, -0.336141] [0.0, 1.0, 0.0] [0.336141, 0.0, 0.941811] [823.25, 21.65, 2573.65]]
		objLayer:i = 0
		props {

		}
	}
	t1_gun_pit_14 {
		type:t = "Cylinder"
		tm:m = [[0.972648, 0.0, -0.232278] [0.0, 1.0, 0.0] [0.232278, 0.0, 0.972648] [832.9, 21.5756, 2560.85]]
		objLayer:i = 0
		props {

		}
	}
	t1_gun_pit_15 {
		type:t = "Cylinder"
		tm:m = [[0.957586, 0.0, -0.288146] [0.0, 1.0, 0.0] [0.288146, 0.0, 0.957586] [812.7, 21.9189, 2551.95]]
		objLayer:i = 0
		props {

		}
	}
	t1_gun_pit_16 {
		type:t = "Cylinder"
		tm:m = [[0.867642, 0.0, -0.497187] [0.0, 1.0, 0.0] [0.497187, 0.0, 0.867642] [805.35, 22.2, 2540.45]]
		objLayer:i = 0
		props {

		}
	}
	t1_gun_pit_17 {
		type:t = "Cylinder"
		tm:m = [[0.827395, 0.0, -0.561618] [0.0, 1.0, 0.0] [0.561618, 0.0, 0.827395] [934.9, 21.4, 2803.7]]
		objLayer:i = 0
		props {

		}
	}
	t1_gun_pit_18 {
		type:t = "Cylinder"
		tm:m = [[0.840565, 0.0, -0.54171] [0.0, 1.0, 0.0] [0.54171, 0.0, 0.840565] [879.462, 21.9735, 2646.47]]
		objLayer:i = 0
		props {

		}
	}
	t1_gun_pit_19 {
		type:t = "Cylinder"
		tm:m = [[0.856461, 0.0, -0.516209] [0.0, 1.0, 0.0] [0.516209, 0.0, 0.856461] [785.05, 22.4, 2521.8]]
		objLayer:i = 0
		props {

		}
	}
	t1_gun_pit_20 {
		type:t = "Cylinder"
		tm:m = [[0.829088, 0.0, -0.55912] [0.0, 1.0, 0.0] [0.55912, 0.0, 0.829088] [922.7, 21.1357, 2738.3]]
		objLayer:i = 0
		props {

		}
	}
}
objLayers {
	layer {
		enabled:b = true
	}
	layer {
		enabled:b = true
	}
	layer {
		enabled:b = true
	}
	layer {
		enabled:b = true
	}
	layer {
		enabled:b = true
	}
}
wayPoints {

}