selected_tag:t = ""
bin_dump_file:t = ""
mission_settings {
	player {
		army:i = 1
	}
	player_teamB {
		army:i = 2
	}
	mission {
		level:t = "levels/water.bin"
		type:t = "domination"
		environment:t = "Day"
		weather:t = "hazy"
	}
}
imports {
	import_record {
		file:t = "gameData/missions/cta/tanks/hurtgen/mainareas/template_hurtgen_defence_spawn.blk"
		importAreas:b = true
		importUnits:b = true
		importTriggers:b = true
		importMissionObjectives:b = true
		importWayPoints:b = true
		showAreas:b = true
		showUnits:b = true
		showTriggers:b = true
		showMissionObjectives:b = true
		showWayPoints:b = true
		excludes {

		}
	}
}
triggers {
	isCategory:b = true
	is_enabled:b = true
}
mission_objectives {
	isCategory:b = true
	is_enabled:b = true
}
variables {

}
dialogs {

}
airfields {

}
effects {

}
units {
	tankModels {
		name:t = "ai_target_unit_01"
		tm:m = [[0.921115, 0.0, -0.389291] [0.0, 1.0, 0.0] [0.389291, 0.0, 0.921115] [1058.61, 16.5182, 3161.75]]
		unit_class:t = "germ_stug_III_ausf_G"
		objLayer:i = 1
		closed_waypoints:b = false
		isShipSpline:b = false
		shipTurnRadius:r = 100
		weapons:t = ""
		bullets0:t = ""
		bullets1:t = ""
		bullets2:t = ""
		bullets3:t = ""
		bulletsCount0:i = 0
		bulletsCount1:i = 0
		bulletsCount2:i = 0
		bulletsCount3:i = 0
		crewSkillK:r = 0
		applyAllMods:b = false
		props {
			army:i = 1
			count:i = 1
			formation_type:t = "rows"
			formation_div:i = 3
			formation_step:p2 = 2.5, 2
			formation_noise:p2 = 0.1, 0.1
			uniqueName:t = ""
			attack_type:t = "fire_at_will"
			unitReplacementType:t = "groundTarget"
		}
		way {

		}
	}
	tankModels {
		name:t = "ai_target_unit_02"
		tm:m = [[0.991946, 0.0, -0.126665] [0.0, 1.0, 0.0] [0.126665, 0.0, 0.991946] [887.35, 33.85, 2367.85]]
		unit_class:t = "germ_stug_III_ausf_G"
		objLayer:i = 1
		closed_waypoints:b = false
		isShipSpline:b = false
		shipTurnRadius:r = 100
		weapons:t = ""
		bullets0:t = ""
		bullets1:t = ""
		bullets2:t = ""
		bullets3:t = ""
		bulletsCount0:i = 0
		bulletsCount1:i = 0
		bulletsCount2:i = 0
		bulletsCount3:i = 0
		crewSkillK:r = 0
		applyAllMods:b = false
		props {
			army:i = 1
			count:i = 1
			formation_type:t = "rows"
			formation_div:i = 3
			formation_step:p2 = 2.5, 2
			formation_noise:p2 = 0.1, 0.1
			uniqueName:t = ""
			attack_type:t = "fire_at_will"
			unitReplacementType:t = "groundTarget"
		}
		way {

		}
	}
	tankModels {
		name:t = "ai_target_unit_03"
		tm:m = [[0.921115, 0.0, -0.389291] [0.0, 1.0, 0.0] [0.389291, 0.0, 0.921115] [1002.03, 16.5182, 3186.95]]
		unit_class:t = "germ_stug_III_ausf_G"
		objLayer:i = 1
		closed_waypoints:b = false
		isShipSpline:b = false
		shipTurnRadius:r = 100
		weapons:t = ""
		bullets0:t = ""
		bullets1:t = ""
		bullets2:t = ""
		bullets3:t = ""
		bulletsCount0:i = 0
		bulletsCount1:i = 0
		bulletsCount2:i = 0
		bulletsCount3:i = 0
		crewSkillK:r = 0
		applyAllMods:b = false
		props {
			army:i = 1
			count:i = 1
			formation_type:t = "rows"
			formation_div:i = 3
			formation_step:p2 = 2.5, 2
			formation_noise:p2 = 0.1, 0.1
			uniqueName:t = ""
			attack_type:t = "fire_at_will"
			unitReplacementType:t = "groundTarget"
		}
		way {

		}
	}
	tankModels {
		name:t = "ai_target_unit_04"
		tm:m = [[0.921115, 0.0, -0.389291] [0.0, 1.0, 0.0] [0.389291, 0.0, 0.921115] [1133.61, 16.5182, 3115.89]]
		unit_class:t = "germ_stug_III_ausf_G"
		objLayer:i = 1
		closed_waypoints:b = false
		isShipSpline:b = false
		shipTurnRadius:r = 100
		weapons:t = ""
		bullets0:t = ""
		bullets1:t = ""
		bullets2:t = ""
		bullets3:t = ""
		bulletsCount0:i = 0
		bulletsCount1:i = 0
		bulletsCount2:i = 0
		bulletsCount3:i = 0
		crewSkillK:r = 0
		applyAllMods:b = false
		props {
			army:i = 1
			count:i = 1
			formation_type:t = "rows"
			formation_div:i = 3
			formation_step:p2 = 2.5, 2
			formation_noise:p2 = 0.1, 0.1
			uniqueName:t = ""
			attack_type:t = "fire_at_will"
			unitReplacementType:t = "groundTarget"
		}
		way {

		}
	}
	tankModels {
		name:t = "ai_target_unit_05"
		tm:m = [[0.996506, 0.0, 0.0835137] [0.0, 1.0, 0.0] [-0.0835137, 0.0, 0.996506] [814.127, 33.8611, 2460.04]]
		unit_class:t = "germ_stug_III_ausf_G"
		objLayer:i = 1
		closed_waypoints:b = false
		isShipSpline:b = false
		shipTurnRadius:r = 100
		weapons:t = ""
		bullets0:t = ""
		bullets1:t = ""
		bullets2:t = ""
		bullets3:t = ""
		bulletsCount0:i = 0
		bulletsCount1:i = 0
		bulletsCount2:i = 0
		bulletsCount3:i = 0
		crewSkillK:r = 0
		applyAllMods:b = false
		props {
			army:i = 1
			count:i = 1
			formation_type:t = "rows"
			formation_div:i = 3
			formation_step:p2 = 2.5, 2
			formation_noise:p2 = 0.1, 0.1
			uniqueName:t = ""
			attack_type:t = "fire_at_will"
			unitReplacementType:t = "groundTarget"
		}
		way {

		}
	}
	tankModels {
		name:t = "ai_target_unit_06"
		tm:m = [[0.873875, 0.338523, 0.348919] [0.0, 0.717718, -0.696334] [-0.48615, 0.608509, 0.627196] [858.0, 37.75, 2603.3]]
		unit_class:t = "germ_stug_III_ausf_G"
		objLayer:i = 1
		closed_waypoints:b = false
		isShipSpline:b = false
		shipTurnRadius:r = 100
		weapons:t = ""
		bullets0:t = ""
		bullets1:t = ""
		bullets2:t = ""
		bullets3:t = ""
		bulletsCount0:i = 0
		bulletsCount1:i = 0
		bulletsCount2:i = 0
		bulletsCount3:i = 0
		crewSkillK:r = 0
		applyAllMods:b = false
		props {
			army:i = 1
			count:i = 1
			formation_type:t = "rows"
			formation_div:i = 3
			formation_step:p2 = 2.5, 2
			formation_noise:p2 = 0.1, 0.1
			uniqueName:t = ""
			attack_type:t = "fire_at_will"
			unitReplacementType:t = "groundTarget"
		}
		way {

		}
	}
	tankModels {
		name:t = "ai_target_unit_07"
		tm:m = [[0.921115, 0.0, -0.389291] [0.0, 1.0, 0.0] [0.389291, 0.0, 0.921115] [1138.82, 16.5182, 3059.46]]
		unit_class:t = "germ_stug_III_ausf_G"
		objLayer:i = 1
		closed_waypoints:b = false
		isShipSpline:b = false
		shipTurnRadius:r = 100
		weapons:t = ""
		bullets0:t = ""
		bullets1:t = ""
		bullets2:t = ""
		bullets3:t = ""
		bulletsCount0:i = 0
		bulletsCount1:i = 0
		bulletsCount2:i = 0
		bulletsCount3:i = 0
		crewSkillK:r = 0
		applyAllMods:b = false
		props {
			army:i = 1
			count:i = 1
			formation_type:t = "rows"
			formation_div:i = 3
			formation_step:p2 = 2.5, 2
			formation_noise:p2 = 0.1, 0.1
			uniqueName:t = ""
			attack_type:t = "fire_at_will"
			unitReplacementType:t = "groundTarget"
		}
		way {

		}
	}
	tankModels {
		name:t = "ai_target_unit_08"
		tm:m = [[0.921115, 0.0, -0.389291] [0.0, 1.0, 0.0] [0.389291, 0.0, 0.921115] [963.508, 16.5182, 3077.31]]
		unit_class:t = "germ_stug_III_ausf_G"
		objLayer:i = 1
		closed_waypoints:b = false
		isShipSpline:b = false
		shipTurnRadius:r = 100
		weapons:t = ""
		bullets0:t = ""
		bullets1:t = ""
		bullets2:t = ""
		bullets3:t = ""
		bulletsCount0:i = 0
		bulletsCount1:i = 0
		bulletsCount2:i = 0
		bulletsCount3:i = 0
		crewSkillK:r = 0
		applyAllMods:b = false
		props {
			army:i = 1
			count:i = 1
			formation_type:t = "rows"
			formation_div:i = 3
			formation_step:p2 = 2.5, 2
			formation_noise:p2 = 0.1, 0.1
			uniqueName:t = ""
			attack_type:t = "fire_at_will"
			unitReplacementType:t = "groundTarget"
		}
		way {

		}
	}
	tankModels {
		name:t = "ai_target_unit_09"
		tm:m = [[0.999856, 0.0, -0.0169673] [0.0, 1.0, 0.0] [0.0169673, 0.0, 0.999856] [900.438, 37.2011, 2629.74]]
		unit_class:t = "germ_stug_III_ausf_G"
		objLayer:i = 1
		closed_waypoints:b = false
		isShipSpline:b = false
		shipTurnRadius:r = 100
		weapons:t = ""
		bullets0:t = ""
		bullets1:t = ""
		bullets2:t = ""
		bullets3:t = ""
		bulletsCount0:i = 0
		bulletsCount1:i = 0
		bulletsCount2:i = 0
		bulletsCount3:i = 0
		crewSkillK:r = 0
		applyAllMods:b = false
		props {
			army:i = 1
			count:i = 1
			formation_type:t = "rows"
			formation_div:i = 3
			formation_step:p2 = 2.5, 2
			formation_noise:p2 = 0.1, 0.1
			uniqueName:t = ""
			attack_type:t = "fire_at_will"
			unitReplacementType:t = "groundTarget"
		}
		way {

		}
	}
	tankModels {
		name:t = "ai_target_unit_10"
		tm:m = [[0.989692, -0.143215, 0.000628293] [0.0, 1.0, 0.0] [-0.00642759, -0.0400345, 0.999178] [858.336, 41.198, 2555.66]]
		unit_class:t = "germ_stug_III_ausf_G"
		objLayer:i = 1
		closed_waypoints:b = false
		isShipSpline:b = false
		shipTurnRadius:r = 100
		weapons:t = ""
		bullets0:t = ""
		bullets1:t = ""
		bullets2:t = ""
		bullets3:t = ""
		bulletsCount0:i = 0
		bulletsCount1:i = 0
		bulletsCount2:i = 0
		bulletsCount3:i = 0
		crewSkillK:r = 0
		applyAllMods:b = false
		props {
			army:i = 1
			count:i = 1
			formation_type:t = "rows"
			formation_div:i = 3
			formation_step:p2 = 2.5, 2
			formation_noise:p2 = 0.1, 0.1
			uniqueName:t = ""
			attack_type:t = "fire_at_will"
			unitReplacementType:t = "groundTarget"
		}
		way {

		}
	}
	tankModels {
		name:t = "ai_target_unit_11"
		tm:m = [[0.921115, 0.0, -0.389291] [0.0, 1.0, 0.0] [0.389291, 0.0, 0.921115] [967.522, 16.5182, 3116.05]]
		unit_class:t = "germ_stug_III_ausf_G"
		objLayer:i = 1
		closed_waypoints:b = false
		isShipSpline:b = false
		shipTurnRadius:r = 100
		weapons:t = ""
		bullets0:t = ""
		bullets1:t = ""
		bullets2:t = ""
		bullets3:t = ""
		bulletsCount0:i = 0
		bulletsCount1:i = 0
		bulletsCount2:i = 0
		bulletsCount3:i = 0
		crewSkillK:r = 0
		applyAllMods:b = false
		props {
			army:i = 1
			count:i = 1
			formation_type:t = "rows"
			formation_div:i = 3
			formation_step:p2 = 2.5, 2
			formation_noise:p2 = 0.1, 0.1
			uniqueName:t = ""
			attack_type:t = "fire_at_will"
			unitReplacementType:t = "groundTarget"
		}
		way {

		}
	}
	tankModels {
		name:t = "ai_target_unit_12"
		tm:m = [[0.921115, 0.0, -0.389291] [0.0, 1.0, 0.0] [0.389291, 0.0, 0.921115] [1182.92, 16.5182, 3041.3]]
		unit_class:t = "germ_stug_III_ausf_G"
		objLayer:i = 1
		closed_waypoints:b = false
		isShipSpline:b = false
		shipTurnRadius:r = 100
		weapons:t = ""
		bullets0:t = ""
		bullets1:t = ""
		bullets2:t = ""
		bullets3:t = ""
		bulletsCount0:i = 0
		bulletsCount1:i = 0
		bulletsCount2:i = 0
		bulletsCount3:i = 0
		crewSkillK:r = 0
		applyAllMods:b = false
		props {
			army:i = 1
			count:i = 1
			formation_type:t = "rows"
			formation_div:i = 3
			formation_step:p2 = 2.5, 2
			formation_noise:p2 = 0.1, 0.1
			uniqueName:t = ""
			attack_type:t = "fire_at_will"
			unitReplacementType:t = "groundTarget"
		}
		way {

		}
	}
	tankModels {
		name:t = "ai_target_unit_13"
		tm:m = [[0.921115, 0.0, -0.389291] [0.0, 1.0, 0.0] [0.389291, 0.0, 0.921115] [1060.96, 16.5182, 3071.89]]
		unit_class:t = "germ_stug_III_ausf_G"
		objLayer:i = 1
		closed_waypoints:b = false
		isShipSpline:b = false
		shipTurnRadius:r = 100
		weapons:t = ""
		bullets0:t = ""
		bullets1:t = ""
		bullets2:t = ""
		bullets3:t = ""
		bulletsCount0:i = 0
		bulletsCount1:i = 0
		bulletsCount2:i = 0
		bulletsCount3:i = 0
		crewSkillK:r = 0
		applyAllMods:b = false
		props {
			army:i = 1
			count:i = 1
			formation_type:t = "rows"
			formation_div:i = 3
			formation_step:p2 = 2.5, 2
			formation_noise:p2 = 0.1, 0.1
			uniqueName:t = ""
			attack_type:t = "fire_at_will"
			unitReplacementType:t = "groundTarget"
		}
		way {

		}
	}
	tankModels {
		name:t = "ai_target_unit_14"
		tm:m = [[0.989002, 0.0, -0.147903] [0.0, 1.0, 0.0] [0.147903, 0.0, 0.989002] [750.15, 41.0, 2470.6]]
		unit_class:t = "germ_stug_III_ausf_G"
		objLayer:i = 1
		closed_waypoints:b = false
		isShipSpline:b = false
		shipTurnRadius:r = 100
		weapons:t = ""
		bullets0:t = ""
		bullets1:t = ""
		bullets2:t = ""
		bullets3:t = ""
		bulletsCount0:i = 0
		bulletsCount1:i = 0
		bulletsCount2:i = 0
		bulletsCount3:i = 0
		crewSkillK:r = 0
		applyAllMods:b = false
		props {
			army:i = 1
			count:i = 1
			formation_type:t = "rows"
			formation_div:i = 3
			formation_step:p2 = 2.5, 2
			formation_noise:p2 = 0.1, 0.1
			uniqueName:t = ""
			attack_type:t = "fire_at_will"
			unitReplacementType:t = "groundTarget"
		}
		way {

		}
	}
	tankModels {
		name:t = "ai_target_unit_15"
		tm:m = [[0.921115, 0.0, -0.389291] [0.0, 1.0, 0.0] [0.389291, 0.0, 0.921115] [1026.38, 16.5182, 3125.93]]
		unit_class:t = "germ_stug_III_ausf_G"
		objLayer:i = 1
		closed_waypoints:b = false
		isShipSpline:b = false
		shipTurnRadius:r = 100
		weapons:t = ""
		bullets0:t = ""
		bullets1:t = ""
		bullets2:t = ""
		bullets3:t = ""
		bulletsCount0:i = 0
		bulletsCount1:i = 0
		bulletsCount2:i = 0
		bulletsCount3:i = 0
		crewSkillK:r = 0
		applyAllMods:b = false
		props {
			army:i = 1
			count:i = 1
			formation_type:t = "rows"
			formation_div:i = 3
			formation_step:p2 = 2.5, 2
			formation_noise:p2 = 0.1, 0.1
			uniqueName:t = ""
			attack_type:t = "fire_at_will"
			unitReplacementType:t = "groundTarget"
		}
		way {

		}
	}
	tankModels {
		name:t = "ai_target_unit_16"
		tm:m = [[0.949573, 0.00873487, -0.313425] [0.0, 1.0, 0.0] [0.31339, 0.00509202, 0.949611] [827.43, 40.1501, 2506.01]]
		unit_class:t = "germ_stug_III_ausf_G"
		objLayer:i = 1
		closed_waypoints:b = false
		isShipSpline:b = false
		shipTurnRadius:r = 100
		weapons:t = ""
		bullets0:t = ""
		bullets1:t = ""
		bullets2:t = ""
		bullets3:t = ""
		bulletsCount0:i = 0
		bulletsCount1:i = 0
		bulletsCount2:i = 0
		bulletsCount3:i = 0
		crewSkillK:r = 0
		applyAllMods:b = false
		props {
			army:i = 1
			count:i = 1
			formation_type:t = "rows"
			formation_div:i = 3
			formation_step:p2 = 2.5, 2
			formation_noise:p2 = 0.1, 0.1
			uniqueName:t = ""
			attack_type:t = "fire_at_will"
			unitReplacementType:t = "groundTarget"
		}
		way {

		}
	}
	tankModels {
		name:t = "ai_target_unit_17"
		tm:m = [[0.999803, 0.0, -0.0198502] [0.0, 1.0, 0.0] [0.0198502, 0.0, 0.999803] [772.935, 41.156, 2541.0]]
		unit_class:t = "germ_stug_III_ausf_G"
		objLayer:i = 1
		closed_waypoints:b = false
		isShipSpline:b = false
		shipTurnRadius:r = 100
		weapons:t = ""
		bullets0:t = ""
		bullets1:t = ""
		bullets2:t = ""
		bullets3:t = ""
		bulletsCount0:i = 0
		bulletsCount1:i = 0
		bulletsCount2:i = 0
		bulletsCount3:i = 0
		crewSkillK:r = 0
		applyAllMods:b = false
		props {
			army:i = 1
			count:i = 1
			formation_type:t = "rows"
			formation_div:i = 3
			formation_step:p2 = 2.5, 2
			formation_noise:p2 = 0.1, 0.1
			uniqueName:t = ""
			attack_type:t = "fire_at_will"
			unitReplacementType:t = "groundTarget"
		}
		way {

		}
	}
	tankModels {
		name:t = "ai_target_unit_18"
		tm:m = [[0.985071, 0.0, -0.172153] [0.0, 1.0, 0.0] [0.172153, 0.0, 0.985071] [721.117, 33.8521, 2471.83]]
		unit_class:t = "germ_stug_III_ausf_G"
		objLayer:i = 1
		closed_waypoints:b = false
		isShipSpline:b = false
		shipTurnRadius:r = 100
		weapons:t = ""
		bullets0:t = ""
		bullets1:t = ""
		bullets2:t = ""
		bullets3:t = ""
		bulletsCount0:i = 0
		bulletsCount1:i = 0
		bulletsCount2:i = 0
		bulletsCount3:i = 0
		crewSkillK:r = 0
		applyAllMods:b = false
		props {
			army:i = 1
			count:i = 1
			formation_type:t = "rows"
			formation_div:i = 3
			formation_step:p2 = 2.5, 2
			formation_noise:p2 = 0.1, 0.1
			uniqueName:t = ""
			attack_type:t = "fire_at_will"
			unitReplacementType:t = "groundTarget"
		}
		way {

		}
	}
	tankModels {
		name:t = "ai_target_unit_19"
		tm:m = [[0.921115, 0.0, -0.389291] [0.0, 1.0, 0.0] [0.389291, 0.0, 0.921115] [1000.25, 16.5182, 3064.64]]
		unit_class:t = "germ_stug_III_ausf_G"
		objLayer:i = 1
		closed_waypoints:b = false
		isShipSpline:b = false
		shipTurnRadius:r = 100
		weapons:t = ""
		bullets0:t = ""
		bullets1:t = ""
		bullets2:t = ""
		bullets3:t = ""
		bulletsCount0:i = 0
		bulletsCount1:i = 0
		bulletsCount2:i = 0
		bulletsCount3:i = 0
		crewSkillK:r = 0
		applyAllMods:b = false
		props {
			army:i = 1
			count:i = 1
			formation_type:t = "rows"
			formation_div:i = 3
			formation_step:p2 = 2.5, 2
			formation_noise:p2 = 0.1, 0.1
			uniqueName:t = ""
			attack_type:t = "fire_at_will"
			unitReplacementType:t = "groundTarget"
		}
		way {

		}
	}
	tankModels {
		name:t = "ai_target_unit_20"
		tm:m = [[0.996506, 0.0, 0.0835137] [0.0, 1.0, 0.0] [-0.0835137, 0.0, 0.996506] [691.1, 33.85, 2503.3]]
		unit_class:t = "germ_stug_III_ausf_G"
		objLayer:i = 1
		closed_waypoints:b = false
		isShipSpline:b = false
		shipTurnRadius:r = 100
		weapons:t = ""
		bullets0:t = ""
		bullets1:t = ""
		bullets2:t = ""
		bullets3:t = ""
		bulletsCount0:i = 0
		bulletsCount1:i = 0
		bulletsCount2:i = 0
		bulletsCount3:i = 0
		crewSkillK:r = 0
		applyAllMods:b = false
		props {
			army:i = 1
			count:i = 1
			formation_type:t = "rows"
			formation_div:i = 3
			formation_step:p2 = 2.5, 2
			formation_noise:p2 = 0.1, 0.1
			uniqueName:t = ""
			attack_type:t = "fire_at_will"
			unitReplacementType:t = "groundTarget"
		}
		way {

		}
	}
	squad {
		name:t = "ai_target_unit_squad"
		tm:m = [[0.992329, 0.0, -0.123622] [0.0, 1.0, 0.0] [0.123622, 0.0, 0.992329] [1116.05, 45.6123, 3120.58]]
		props {
			squad_members:t = "ai_target_unit_01"
			squad_members:t = "ai_target_unit_02"
			squad_members:t = "ai_target_unit_03"
			squad_members:t = "ai_target_unit_04"
			squad_members:t = "ai_target_unit_05"
			squad_members:t = "ai_target_unit_06"
			squad_members:t = "ai_target_unit_07"
			squad_members:t = "ai_target_unit_08"
			squad_members:t = "ai_target_unit_09"
			squad_members:t = "ai_target_unit_10"
			squad_members:t = "ai_target_unit_11"
			squad_members:t = "ai_target_unit_12"
			squad_members:t = "ai_target_unit_13"
			squad_members:t = "ai_target_unit_14"
			squad_members:t = "ai_target_unit_15"
			squad_members:t = "ai_target_unit_16"
			squad_members:t = "ai_target_unit_17"
			squad_members:t = "ai_target_unit_18"
			squad_members:t = "ai_target_unit_19"
			squad_members:t = "ai_target_unit_20"
			object_marking:i = 0
		}
	}
}
areas {

}
objLayers {
	layer {
		enabled:b = true
	}
	layer {
		enabled:b = true
	}
	layer {
		enabled:b = true
	}
	layer {
		enabled:b = true
	}
	layer {
		enabled:b = true
	}
}
wayPoints {

}