selected_tag:t = ""
bin_dump_file:t = ""
mission_settings {
	player {
		army:i = 1
	}
	player_teamB {
		army:i = 2
	}
	mission {
		type:t = "domination"
		level:t = "levels/air_south_eastern_city.bin"
		environment:t = "Day"
		weather:t = "hazy"
	}
}
imports {
	import_record {
		file:t = "gameData/missions/templates/units_sets/land_sets_mu_rb/rank_01_movable_units_template.blk"
		rankRange:ip2 = 0, 4
		importAreas:b = true
		importUnits:b = true
		importTriggers:b = true
		importMissionObjectives:b = true
		importWayPoints:b = true
		showAreas:b = true
		showUnits:b = true
		showTriggers:b = true
		showMissionObjectives:b = true
		showWayPoints:b = true
		excludes {

		}
	}
	import_record {
		file:t = "gameData/missions/templates/units_sets/land_sets_mu_rb/rank_02_movable_units_template.blk"
		rankRange:ip2 = 5, 8
		importAreas:b = true
		importUnits:b = true
		importTriggers:b = true
		importMissionObjectives:b = true
		importWayPoints:b = true
		showAreas:b = true
		showUnits:b = true
		showTriggers:b = true
		showMissionObjectives:b = true
		showWayPoints:b = true
		excludes {

		}
	}
	import_record {
		file:t = "gameData/missions/templates/units_sets/land_sets_mu_rb/rank_03_movable_units_template.blk"
		rankRange:ip2 = 9, 13
		importAreas:b = true
		importUnits:b = true
		importTriggers:b = true
		importMissionObjectives:b = true
		importWayPoints:b = true
		showAreas:b = true
		showUnits:b = true
		showTriggers:b = true
		showMissionObjectives:b = true
		showWayPoints:b = true
		excludes {

		}
	}
	import_record {
		file:t = "gameData/missions/templates/units_sets/land_sets_mu_rb/rank_04_movable_units_template.blk"
		rankRange:ip2 = 14, 19
		importAreas:b = true
		importUnits:b = true
		importTriggers:b = true
		importMissionObjectives:b = true
		importWayPoints:b = true
		showAreas:b = true
		showUnits:b = true
		showTriggers:b = true
		showMissionObjectives:b = true
		showWayPoints:b = true
		excludes {

		}
	}
	import_record {
		file:t = "gameData/missions/templates/units_sets/land_sets_mu_rb/rank_05_movable_units_template.blk"
		rankRange:ip2 = 20, 24
		importAreas:b = true
		importUnits:b = true
		importTriggers:b = true
		importMissionObjectives:b = true
		importWayPoints:b = true
		showAreas:b = true
		showUnits:b = true
		showTriggers:b = true
		showMissionObjectives:b = true
		showWayPoints:b = true
		excludes {

		}
	}
	import_record {
		file:t = "gameData/missions/templates/units_sets/land_sets_mu_rb/rank_06_movable_units_template.blk"
		rankRange:ip2 = 25, 50
		importAreas:b = true
		importUnits:b = true
		importTriggers:b = true
		importMissionObjectives:b = true
		importWayPoints:b = true
		showAreas:b = true
		showUnits:b = true
		showTriggers:b = true
		showMissionObjectives:b = true
		showWayPoints:b = true
		excludes {

		}
	}
	import_record {
		file:t = "gameData/missions/templates/air_templates/mu_movable_units_template.blk"
		importAreas:b = true
		importUnits:b = true
		importTriggers:b = true
		importMissionObjectives:b = true
		importWayPoints:b = true
		showAreas:b = true
		showUnits:b = true
		showTriggers:b = true
		showMissionObjectives:b = true
		showWayPoints:b = true
		excludes {

		}
	}
}
triggers {
	isCategory:b = true
	is_enabled:b = true
	mu_movable_units_init {
		is_enabled:b = true
		comments:t = ""
		props {
			actionsType:t = "PERFORM_ONE_BY_ONE"
			conditionsType:t = "ALL"
			enableAfterComplete:b = false
		}
		events {
			initMission {

			}
		}
		conditions {

		}
		actions {
			unitSetIndication {
				set:b = true
				target:t = "t2_movable_units_squad"
				target:t = "t1_movable_units_squad"
				target_marking:i = 0
				object_var_name:t = ""
				object_var_comp_op:t = "equal"
				object_var_value:i = 0
			}
		}
		else_actions {

		}
	}
}
mission_objectives {
	isCategory:b = true
	is_enabled:b = true
}
variables {

}
dialogs {

}
airfields {

}
effects {

}
units {
	squad {
		name:t = "t2_heavy_units_squad"
		tm:m = [[1.0, 0.0, 0.0] [0.0, 1.0, 0.0] [0.0, 0.0, 1.0] [7872.7, 520.276, -19254.2]]
		props {
			squad_members:t = "t2_tank_01"
			squad_members:t = "t2_acar_01"
			squad_members:t = "t2_tank_02"
			squad_members:t = "t2_acar_02"
			squad_members:t = "t2_tank_03"
			squad_members:t = "t2_acar_03"
			squad_members:t = "t2_tank_04"
			squad_members:t = "t2_acar_04"
		}
	}
	squad {
		name:t = "t1_heavy_units_squad"
		tm:m = [[1.0, 0.0, 0.0] [0.0, 1.0, 0.0] [0.0, 0.0, 1.0] [19310.1, 520.276, -13575.1]]
		props {
			squad_members:t = "t1_tank_01"
			squad_members:t = "t1_acar_01"
			squad_members:t = "t1_tank_02"
			squad_members:t = "t1_acar_02"
			squad_members:t = "t1_tank_03"
			squad_members:t = "t1_acar_03"
			squad_members:t = "t1_tank_04"
			squad_members:t = "t1_acar_04"
		}
	}
	squad {
		name:t = "t2_light_units_squad"
		tm:m = [[1.0, 0.0, 0.0] [0.0, 1.0, 0.0] [0.0, 0.0, 1.0] [7161.89, 518.144, -19531.0]]
		props {
			squad_members:t = "t2_truck_01"
			squad_members:t = "t2_truck_02"
			squad_members:t = "t2_truck_03"
			squad_members:t = "t2_truck_04"
		}
	}
	squad {
		name:t = "t1_light_units_squad"
		tm:m = [[1.0, 0.0, 0.0] [0.0, 1.0, 0.0] [0.0, 0.0, 1.0] [20166.9, 518.142, -14074.8]]
		props {
			squad_members:t = "t1_truck_01"
			squad_members:t = "t1_truck_02"
			squad_members:t = "t1_truck_03"
			squad_members:t = "t1_truck_04"
		}
	}
}
areas {
	mu_battle_zone_4500 {
		type:t = "Box"
		tm:m = [[-0.00986687, 0.0, 12750.0] [0.0, 1500.0, 0.0] [-4500.0, 0.0, -0.00379227] [1570.0, 197.639, -8493.5]]
		objLayer:i = 3
		props {

		}
	}
	t2_road_01_spawn_tank {
		type:t = "Point"
		tm:m = [[0.99877, 0.0, 0.0495806] [0.0, 1.0, 0.0] [-0.0495806, 0.0, 0.99877] [-810.775, 165.243, -3566.82]]
		objLayer:i = 0
		props {

		}
	}
	t2_road_02_spawn_tank {
		type:t = "Point"
		tm:m = [[0.962063, 0.0, 0.272826] [0.0, 1.0, 0.0] [-0.272826, 0.0, 0.962063] [-832.864, 205.142, -8049.85]]
		objLayer:i = 0
		props {

		}
	}
	t2_road_03_spawn_tank {
		type:t = "Point"
		tm:m = [[0.766931, 0.0, 0.64173] [0.0, 1.0, 0.0] [-0.64173, 0.0, 0.766931] [-730.612, 160.83, -9677.9]]
		objLayer:i = 0
		props {

		}
	}
	t1_road_01_spawn_tank {
		type:t = "Point"
		tm:m = [[-0.992578, 0.0, -0.121607] [0.0, 1.0, 0.0] [0.121607, 0.0, -0.992578] [3939.45, 178.786, -12657.6]]
		objLayer:i = 0
		props {

		}
	}
	t1_road_02_spawn_tank {
		type:t = "Point"
		tm:m = [[-0.928701, 0.0, 0.370831] [0.0, 1.0, 0.0] [-0.370831, 0.0, -0.928701] [4078.07, 216.588, -11581.2]]
		objLayer:i = 0
		props {

		}
	}
	t2_road_01_spawn_acar {
		type:t = "Point"
		tm:m = [[0.99877, 0.0, 0.0495806] [0.0, 1.0, 0.0] [-0.0495806, 0.0, 0.99877] [-904.461, 165.816, -3582.94]]
		objLayer:i = 0
		props {

		}
	}
	t2_road_01_spawn_truck {
		type:t = "Point"
		tm:m = [[0.99877, 0.0, 0.0495806] [0.0, 1.0, 0.0] [-0.0495806, 0.0, 0.99877] [-1001.94, 166.413, -3600.59]]
		objLayer:i = 0
		props {

		}
	}
	t2_road_03_spawn_acar {
		type:t = "Point"
		tm:m = [[0.766931, 0.0, 0.64173] [0.0, 1.0, 0.0] [-0.64173, 0.0, 0.766931] [-824.423, 165.992, -9743.13]]
		objLayer:i = 0
		props {

		}
	}
	t2_road_03_spawn_truck {
		type:t = "Point"
		tm:m = [[0.766931, 0.0, 0.64173] [0.0, 1.0, 0.0] [-0.64173, 0.0, 0.766931] [-905.032, 173.043, -9801.75]]
		objLayer:i = 0
		props {

		}
	}
	t2_road_02_spawn_acar {
		type:t = "Point"
		tm:m = [[0.962063, 0.0, 0.272826] [0.0, 1.0, 0.0] [-0.272826, 0.0, 0.962063] [-885.351, 201.356, -8065.61]]
		objLayer:i = 0
		props {

		}
	}
	t2_road_02_spawn_truck {
		type:t = "Point"
		tm:m = [[0.962063, 0.0, 0.272826] [0.0, 1.0, 0.0] [-0.272826, 0.0, 0.962063] [-987.716, 195.004, -8080.56]]
		objLayer:i = 0
		props {

		}
	}
	t1_road_03_spawn_tank {
		type:t = "Point"
		tm:m = [[-0.973842, 0.0, 0.227225] [0.0, 1.0, 0.0] [-0.227225, 0.0, -0.973842] [3941.2, 145.832, -7179.8]]
		objLayer:i = 0
		props {

		}
	}
	t1_road_03_spawn_acar {
		type:t = "Point"
		tm:m = [[-0.973842, 0.0, 0.227225] [0.0, 1.0, 0.0] [-0.227225, 0.0, -0.973842] [4066.3, 126.206, -7198.3]]
		objLayer:i = 0
		props {

		}
	}
	t1_road_03_spawn_truck {
		type:t = "Point"
		tm:m = [[-0.973842, 0.0, 0.227225] [0.0, 1.0, 0.0] [-0.227225, 0.0, -0.973842] [4208.88, 128.069, -7245.93]]
		objLayer:i = 0
		props {

		}
	}
	t1_road_02_spawn_acar {
		type:t = "Point"
		tm:m = [[-0.928701, 0.0, 0.370831] [0.0, 1.0, 0.0] [-0.370831, 0.0, -0.928701] [4182.67, 216.231, -11610.6]]
		objLayer:i = 0
		props {

		}
	}
	t1_road_02_spawn_truck {
		type:t = "Point"
		tm:m = [[-0.928701, 0.0, 0.370831] [0.0, 1.0, 0.0] [-0.370831, 0.0, -0.928701] [4287.94, 215.598, -11646.6]]
		objLayer:i = 0
		props {

		}
	}
	t1_road_01_spawn_acar {
		type:t = "Point"
		tm:m = [[-0.992578, 0.0, -0.121607] [0.0, 1.0, 0.0] [0.121607, 0.0, -0.992578] [3990.26, 180.755, -12657.2]]
		objLayer:i = 0
		props {

		}
	}
	t1_road_01_spawn_truck {
		type:t = "Point"
		tm:m = [[-0.992578, 0.0, -0.121607] [0.0, 1.0, 0.0] [0.121607, 0.0, -0.992578] [4058.88, 183.434, -12655.8]]
		objLayer:i = 0
		props {

		}
	}
	t1_road_04_spawn_tank {
		type:t = "Point"
		tm:m = [[-0.961881, 0.0, -0.273465] [0.0, 1.0, 0.0] [0.273465, 0.0, -0.961881] [3829.1, 121.751, -2646.97]]
		objLayer:i = 0
		props {

		}
	}
	t1_road_04_spawn_acar {
		type:t = "Point"
		tm:m = [[-0.961881, 0.0, -0.273465] [0.0, 1.0, 0.0] [0.273465, 0.0, -0.961881] [3947.48, 121.453, -2602.49]]
		objLayer:i = 0
		props {

		}
	}
	t1_road_04_spawn_truck {
		type:t = "Point"
		tm:m = [[-0.961881, 0.0, -0.273465] [0.0, 1.0, 0.0] [0.273465, 0.0, -0.961881] [4095.27, 121.447, -2575.0]]
		objLayer:i = 0
		props {

		}
	}
	t2_road_04_spawn_tank {
		type:t = "Point"
		tm:m = [[0.997253, 0.0, 0.0740696] [0.0, 1.0, 0.0] [-0.0740696, 0.0, 0.997253] [-1399.32, 111.785, -13351.6]]
		objLayer:i = 0
		props {

		}
	}
	t2_road_04_spawn_acar {
		type:t = "Point"
		tm:m = [[0.997253, 0.0, 0.0740696] [0.0, 1.0, 0.0] [-0.0740696, 0.0, 0.997253] [-1513.57, 110.375, -13349.9]]
		objLayer:i = 0
		props {

		}
	}
	t2_road_04_spawn_truck {
		type:t = "Point"
		tm:m = [[0.997253, 0.0, 0.0740696] [0.0, 1.0, 0.0] [-0.0740696, 0.0, 0.997253] [-1613.24, 101.313, -13350.5]]
		objLayer:i = 0
		props {

		}
	}
}
objLayers {
	layer {
		enabled:b = true
	}
	layer {
		enabled:b = true
	}
	layer {
		enabled:b = true
	}
	layer {
		enabled:b = false
	}
	layer {
		enabled:b = false
	}
}
wayPoints {
	t1_road_01 {
		closed_waypoints:b = false
		isShipSpline:b = false
		shipTurnRadius:r = 100
		way {
			way_points_01_wp_04 {
				type:t = "normal"
				tm:m = [[1.0, 0.0, 0.0] [0.0, 1.0, 0.0] [0.0, 0.0, 1.0] [3814.5, 171.704, -12669.8]]
				props {
					speed:r = 300
					moveType:t = "GATHER_TO"
				}
			}
			t1_road_01_wp_01 {
				type:t = "normal"
				tm:m = [[1.0, 0.0, 0.0] [0.0, 1.0, 0.0] [0.0, 0.0, 1.0] [-1839.88, 80.7202, -13391.8]]
				props {
					speed:r = 300
					moveType:t = "USE_SPLINES"
				}
			}
			t1_road_01_wp_02 {
				type:t = "normal"
				tm:m = [[1.0, 0.0, 0.0] [0.0, 1.0, 0.0] [0.0, 0.0, 1.0] [-1973.28, 68.5396, -13243.3]]
				props {
					speed:r = 300
					moveType:t = "MOVETO_STRAIGHT"
				}
			}
		}
	}
	t1_road_02 {
		closed_waypoints:b = false
		isShipSpline:b = false
		shipTurnRadius:r = 100
		way {
			way_points_01_wp_05 {
				type:t = "normal"
				tm:m = [[1.0, 0.0, 0.0] [0.0, 1.0, 0.0] [0.0, 0.0, 1.0] [3922.58, 213.872, -11522.0]]
				props {
					speed:r = 300
					moveType:t = "MOVETO_STRAIGHT"
				}
			}
			t1_road_02_wp_01 {
				type:t = "normal"
				tm:m = [[1.0, 0.0, 0.0] [0.0, 1.0, 0.0] [0.0, 0.0, 1.0] [896.328, 159.326, -9399.84]]
				props {
					speed:r = 300
					moveType:t = "USE_SPLINES"
				}
			}
			t1_road_02_wp_02 {
				type:t = "normal"
				tm:m = [[1.0, 0.0, 0.0] [0.0, 1.0, 0.0] [0.0, 0.0, 1.0] [-1357.93, 198.95, -9530.03]]
				props {
					speed:r = 300
					moveType:t = "USE_SPLINES"
				}
			}
			t1_road_02_wp_03 {
				type:t = "normal"
				tm:m = [[1.0, 0.0, 0.0] [0.0, 1.0, 0.0] [0.0, 0.0, 1.0] [-1765.81, 167.815, -9464.03]]
				props {
					speed:r = 300
					moveType:t = "MOVETO_STRAIGHT"
				}
			}
		}
	}
	t1_road_03 {
		closed_waypoints:b = false
		isShipSpline:b = false
		shipTurnRadius:r = 100
		way {
			way_points_01_wp_06 {
				type:t = "normal"
				tm:m = [[1.0, 0.0, 0.0] [0.0, 1.0, 0.0] [0.0, 0.0, 1.0] [3757.08, 173.16, -7164.34]]
				props {
					speed:r = 300
					moveType:t = "GATHER_TO"
				}
			}
			t1_road_03_wp_01 {
				type:t = "normal"
				tm:m = [[1.0, 0.0, 0.0] [0.0, 1.0, 0.0] [0.0, 0.0, 1.0] [-908.088, 199.919, -8069.33]]
				props {
					speed:r = 300
					moveType:t = "USE_SPLINES"
				}
			}
			t1_road_03_wp_02 {
				type:t = "normal"
				tm:m = [[1.0, 0.0, 0.0] [0.0, 1.0, 0.0] [0.0, 0.0, 1.0] [-1511.66, 173.079, -8081.32]]
				props {
					speed:r = 300
					moveType:t = "USE_SPLINES"
				}
			}
			t1_road_03_wp_03 {
				type:t = "normal"
				tm:m = [[1.0, 0.0, 0.0] [0.0, 1.0, 0.0] [0.0, 0.0, 1.0] [-1796.99, 155.542, -8242.35]]
				props {
					speed:r = 300
					moveType:t = "MOVETO_STRAIGHT"
				}
			}
		}
	}
	t1_road_04 {
		closed_waypoints:b = false
		isShipSpline:b = false
		shipTurnRadius:r = 100
		way {
			way_points_01_wp_07 {
				type:t = "normal"
				tm:m = [[1.0, 0.0, 0.0] [0.0, 1.0, 0.0] [0.0, 0.0, 1.0] [3713.15, 122.254, -2685.63]]
				props {
					speed:r = 300
					moveType:t = "GATHER_TO"
				}
			}
			t1_road_04_wp_01 {
				type:t = "normal"
				tm:m = [[1.0, 0.0, 0.0] [0.0, 1.0, 0.0] [0.0, 0.0, 1.0] [-1647.71, 154.13, -4441.86]]
				props {
					speed:r = 300
					moveType:t = "USE_SPLINES"
				}
			}
			t1_road_04_wp_02 {
				type:t = "normal"
				tm:m = [[1.0, 0.0, 0.0] [0.0, 1.0, 0.0] [0.0, 0.0, 1.0] [-1927.79, 167.516, -4348.59]]
				props {
					speed:r = 300
					moveType:t = "MOVETO_STRAIGHT"
				}
			}
		}
	}
	t2_road_01 {
		closed_waypoints:b = false
		isShipSpline:b = false
		shipTurnRadius:r = 100
		way {
			way_points_01_wp_01 {
				type:t = "normal"
				tm:m = [[1.0, 0.0, 0.0] [0.0, 1.0, 0.0] [0.0, 0.0, 1.0] [-760.985, 163.344, -3554.25]]
				props {
					speed:r = 300
					moveType:t = "GATHER_TO"
				}
			}
			t2_road_01_wp_01 {
				type:t = "normal"
				tm:m = [[1.0, 0.0, 0.0] [0.0, 1.0, 0.0] [0.0, 0.0, 1.0] [4122.23, 126.071, -2664.64]]
				props {
					speed:r = 300
					moveType:t = "USE_SPLINES"
				}
			}
			t2_road_01_wp_02 {
				type:t = "normal"
				tm:m = [[1.0, 0.0, 0.0] [0.0, 1.0, 0.0] [0.0, 0.0, 1.0] [4226.27, 132.672, -2749.66]]
				props {
					speed:r = 300
					moveType:t = "MOVETO_STRAIGHT"
				}
			}
		}
	}
	t2_road_02 {
		closed_waypoints:b = false
		isShipSpline:b = false
		shipTurnRadius:r = 100
		way {
			way_points_01_wp_02 {
				type:t = "normal"
				tm:m = [[1.0, 0.0, 0.0] [0.0, 1.0, 0.0] [0.0, 0.0, 1.0] [-751.538, 201.402, -8016.17]]
				props {
					speed:r = 300
					moveType:t = "GATHER_TO"
				}
			}
			t2_road_02_wp_01 {
				type:t = "normal"
				tm:m = [[1.0, 0.0, 0.0] [0.0, 1.0, 0.0] [0.0, 0.0, 1.0] [3700.16, 183.318, -7146.65]]
				props {
					speed:r = 300
					moveType:t = "USE_SPLINES"
				}
			}
			t2_road_02_wp_02 {
				type:t = "normal"
				tm:m = [[1.0, 0.0, 0.0] [0.0, 1.0, 0.0] [0.0, 0.0, 1.0] [3878.88, 129.288, -7369.22]]
				props {
					speed:r = 300
					moveType:t = "MOVETO_STRAIGHT"
				}
			}
		}
	}
	t2_road_03 {
		closed_waypoints:b = false
		isShipSpline:b = false
		shipTurnRadius:r = 100
		way {
			way_points_01_wp_03 {
				type:t = "normal"
				tm:m = [[1.0, 0.0, 0.0] [0.0, 1.0, 0.0] [0.0, 0.0, 1.0] [-610.083, 156.353, -9588.44]]
				props {
					speed:r = 300
					moveType:t = "GATHER_TO"
				}
			}
			way_points_01_wp_08 {
				type:t = "normal"
				tm:m = [[1.0, 0.0, 0.0] [0.0, 1.0, 0.0] [0.0, 0.0, 1.0] [844.276, 162.488, -9406.72]]
				props {
					speed:r = 300
					moveType:t = "USE_SPLINES"
				}
			}
			way_points_01_wp_09 {
				type:t = "normal"
				tm:m = [[1.0, 0.0, 0.0] [0.0, 1.0, 0.0] [0.0, 0.0, 1.0] [3859.13, 214.234, -11496.2]]
				props {
					speed:r = 300
					moveType:t = "USE_SPLINES"
				}
			}
			way_points_01_wp_10 {
				type:t = "normal"
				tm:m = [[1.0, 0.0, 0.0] [0.0, 1.0, 0.0] [0.0, 0.0, 1.0] [3972.55, 207.289, -11692.8]]
				props {
					speed:r = 300
					moveType:t = "MOVETO_STRAIGHT"
				}
			}
		}
	}
	t2_road_04 {
		closed_waypoints:b = false
		isShipSpline:b = false
		shipTurnRadius:r = 100
		way {
			way_points_02_wp_01 {
				type:t = "normal"
				tm:m = [[1.0, 0.0, 0.0] [0.0, 1.0, 0.0] [0.0, 0.0, 1.0] [-1273.92, 106.285, -13342.0]]
				props {
					speed:r = 300
					moveType:t = "GATHER_TO"
				}
			}
			t2_road_04_wp_01 {
				type:t = "normal"
				tm:m = [[1.0, 0.0, 0.0] [0.0, 1.0, 0.0] [0.0, 0.0, 1.0] [3734.77, 172.331, -12661.2]]
				props {
					speed:r = 300
					moveType:t = "USE_SPLINES"
				}
			}
			t2_road_04_wp_02 {
				type:t = "normal"
				tm:m = [[1.0, 0.0, 0.0] [0.0, 1.0, 0.0] [0.0, 0.0, 1.0] [4030.47, 180.518, -12839.0]]
				props {
					speed:r = 300
					moveType:t = "MOVETO_STRAIGHT"
				}
			}
		}
	}
}