selected_tag:t = ""
bin_dump_file:t = ""
mission_settings {
	player {
		army:i = 1
	}
	player_teamB {
		army:i = 2
	}
	mission {
		type:t = "domination"
		level:t = "levels/stalingrad.bin"
		environment:t = "Day"
		weather:t = "hazy"
	}
}
imports {

}
triggers {
	isCategory:b = true
	is_enabled:b = true
	high_airfields_init {
		is_enabled:b = true
		comments:t = ""
		props {
			actionsType:t = "PERFORM_ONE_BY_ONE"
			conditionsType:t = "ALL"
			enableAfterComplete:b = false
		}
		events {
			initMission {

			}
		}
		conditions {

		}
		actions {
			varSetString {
				value:t = "high_capture_area_01"
				var:t = "capture_zone_01_name"
			}
			varSetString {
				value:t = "high_capture_area_02"
				var:t = "capture_zone_02_name"
			}
			varSetString {
				value:t = "high_capture_area_03"
				var:t = "capture_zone_03_name"
			}
			varSetString {
				value:t = "high_airfield_01"
				var:t = "airfield_01_name"
			}
			varSetString {
				value:t = "high_airfield_02_01"
				var:t = "airfield_spawn_t1"
			}
			varSetString {
				value:t = "high_airfield_02_02"
				var:t = "airfield_spawn_t2"
			}
			missionMarkAsRespawnPoint {
				loc_name:t = "missions/airfield_spawn"
				spawnEffect:b = false
				isStrictSpawn:b = false
				resetStrictSpawnIndex:b = false
				isAirfield:b = true
				isUnit:b = false
				forceCreate:b = false
				useExisting:b = false
				ignoreTeamsOnReuse:b = false
				isIndividual:b = false
				onlyOnePlayerPerSpawnPoint:b = false
				removeAreas:b = false
				replaceAreas:b = false
				canSpawnOnNeutral:b = false
				showOnMap:b = true
				radius:r = -1
				target:t = "@airfield_spawn_t1"
				team:t = "A"
				tags {
					type_bomber:b = true
					type_fighter:b = true
					type_assault:b = true
				}
			}
			missionMarkAsRespawnPoint {
				loc_name:t = "missions/airfield_spawn"
				spawnEffect:b = false
				isStrictSpawn:b = false
				resetStrictSpawnIndex:b = false
				isAirfield:b = true
				isUnit:b = false
				forceCreate:b = false
				useExisting:b = false
				ignoreTeamsOnReuse:b = false
				isIndividual:b = false
				onlyOnePlayerPerSpawnPoint:b = false
				removeAreas:b = false
				replaceAreas:b = false
				canSpawnOnNeutral:b = false
				showOnMap:b = true
				radius:r = -1
				target:t = "@airfield_spawn_t2"
				team:t = "B"
				tags {
					type_bomber:b = true
					type_fighter:b = true
					type_assault:b = true
				}
			}
			unitSetProperties {
				object:t = "t1_def_aaa_high_squad"
				object:t = "t2_def_aaa_high_squad"
				object_marking:i = 0
				object_var_name:t = ""
				object_var_comp_op:t = "equal"
				object_var_value:i = 0
				accuracy:r = 0.9
				checkVisibilityTarget:b = true
				effShootingRate:r = 1
				airEffShootingRate:r = 1
				useSearchRadar:b = true
				fireRandom:b = true
				targetChangeInterval:r = 5
				targetChangeProb:r = 0.25
				ChainfireTime:r = 2
				DelayAfterShoot:r = 1
			}
			missionMarkAsCaptureZone {
				army:i = 0
				timeMultiplier:r = 0.75
				disableZone:b = false
				name_for_respawn_base:t = ""
				target:t = "@capture_zone_03_name"
				canCaptureOnGround:b = false
				canCaptureInAir:b = true
				canCaptureByGM:b = false
				zoneDefenders {

				}
			}
			missionMarkAsCaptureZone {
				army:i = 0
				timeMultiplier:r = 0.14
				disableZone:b = false
				name_for_respawn_base:t = ""
				target:t = "@capture_zone_01_name"
				canCaptureOnGround:b = true
				canCaptureInAir:b = false
				canCaptureByGM:b = true
				airfield:t = "@airfield_01_name"
				zoneDefenders {

				}
			}
			missionMarkAsCaptureZone {
				army:i = 0
				timeMultiplier:r = 0.75
				disableZone:b = false
				name_for_respawn_base:t = ""
				target:t = "@capture_zone_02_name"
				canCaptureOnGround:b = false
				canCaptureInAir:b = true
				canCaptureByGM:b = false
				zoneDefenders {

				}
			}
		}
		else_actions {

		}
	}
}
mission_objectives {
	isCategory:b = true
	is_enabled:b = true
}
variables {

}
dialogs {

}
airfields {

}
effects {

}
units {
	objectGroups {
		name:t = "high_airfield_01"
		tm:m = [[-7.45058e-8, 0.0, 1.0] [0.0, 1.0, 0.0] [-1.0, 0.0, -7.45058e-8] [-3281.5, 269.031, -5698.17]]
		unit_class:t = "dynaf_universal_1line_3000_a"
		objLayer:i = 4
		props {
			army:i = 0
			active:b = true
		}
	}
	objectGroups {
		name:t = "high_airfield_02_01"
		tm:m = [[0.107425, 0.0, -0.994213] [0.0, 1.0, 0.0] [0.994213, 0.0, 0.107425] [-5377.74, 508.556, -19738.3]]
		unit_class:t = "dynaf_universal_1line_3000_a_big"
		objLayer:i = 4
		props {
			army:i = 1
			active:b = true
		}
	}
	objectGroups {
		name:t = "high_airfield_02_02"
		tm:m = [[0.0655781, 0.0, 0.997849] [0.0, 1.0, 0.0] [-0.997849, 0.0, 0.0655781] [-5688.21, 489.127, 7773.23]]
		unit_class:t = "dynaf_universal_1line_3000_a_big"
		objLayer:i = 4
		props {
			army:i = 2
			active:b = true
		}
	}
	tankModels {
		name:t = "t1_aaa_high_light_01"
		tm:m = [[-0.274146, 0.0, 0.961687] [0.0, 1.0, 0.0] [-0.961687, 0.0, -0.274146] [-5355.41, 537.113, -19139.6]]
		unit_class:t = "sw_veak_40"
		objLayer:i = 1
		closed_waypoints:b = false
		isShipSpline:b = false
		shipTurnRadius:r = 100
		weapons:t = ""
		bullets0:t = "40mm_sw_kan_HE"
		bullets1:t = ""
		bullets2:t = ""
		bullets3:t = ""
		bulletsCount0:i = 0
		bulletsCount1:i = 0
		bulletsCount2:i = 0
		bulletsCount3:i = 0
		crewSkillK:r = 0
		applyAllMods:b = false
		props {
			army:i = 1
			count:i = 1
			formation_type:t = "rows"
			formation_div:i = 3
			formation_step:p2 = 2.5, 2
			formation_noise:p2 = 0.1, 0.1
			uniqueName:t = ""
			attack_type:t = "fire_at_will"
		}
		way {

		}
	}
	tankModels {
		name:t = "t1_aaa_high_heavy_01"
		tm:m = [[-0.530405, 0.0, 0.847742] [0.0, 1.0, 0.0] [-0.847742, 0.0, -0.530405] [-6125.18, 495.863, -19469.0]]
		unit_class:t = "us_m247"
		objLayer:i = 1
		closed_waypoints:b = false
		isShipSpline:b = false
		shipTurnRadius:r = 100
		weapons:t = ""
		bullets0:t = "40mm_SGT_YORK_HE_prox"
		bullets1:t = ""
		bullets2:t = ""
		bullets3:t = ""
		bulletsCount0:i = 0
		bulletsCount1:i = 0
		bulletsCount2:i = 0
		bulletsCount3:i = 0
		crewSkillK:r = 0
		applyAllMods:b = false
		props {
			army:i = 1
			count:i = 1
			formation_type:t = "rows"
			formation_div:i = 3
			formation_step:p2 = 2.5, 2
			formation_noise:p2 = 0.1, 0.1
			uniqueName:t = ""
			attack_type:t = "fire_at_will"
		}
		way {

		}
	}
	tankModels {
		name:t = "t1_aaa_high_light_02"
		tm:m = [[0.566879, 0.0, -0.8238] [0.0, 1.0, 0.0] [0.8238, 0.0, 0.566879] [-6038.48, 509.833, -19990.4]]
		unit_class:t = "sw_veak_40"
		objLayer:i = 1
		closed_waypoints:b = false
		isShipSpline:b = false
		shipTurnRadius:r = 100
		weapons:t = ""
		bullets0:t = "40mm_sw_kan_HE"
		bullets1:t = ""
		bullets2:t = ""
		bullets3:t = ""
		bulletsCount0:i = 0
		bulletsCount1:i = 0
		bulletsCount2:i = 0
		bulletsCount3:i = 0
		crewSkillK:r = 0
		applyAllMods:b = false
		props {
			army:i = 1
			count:i = 1
			formation_type:t = "rows"
			formation_div:i = 3
			formation_step:p2 = 2.5, 2
			formation_noise:p2 = 0.1, 0.1
			uniqueName:t = ""
			attack_type:t = "fire_at_will"
		}
		way {

		}
	}
	tankModels {
		name:t = "t1_aaa_high_light_03"
		tm:m = [[-0.0483948, 0.0, 0.998828] [0.0, 1.0, 0.0] [-0.998828, 0.0, -0.0483948] [-5178.72, 517.013, -21170.8]]
		unit_class:t = "sw_veak_40"
		objLayer:i = 1
		closed_waypoints:b = false
		isShipSpline:b = false
		shipTurnRadius:r = 100
		weapons:t = ""
		bullets0:t = "40mm_sw_kan_HE"
		bullets1:t = ""
		bullets2:t = ""
		bullets3:t = ""
		bulletsCount0:i = 0
		bulletsCount1:i = 0
		bulletsCount2:i = 0
		bulletsCount3:i = 0
		crewSkillK:r = 0
		applyAllMods:b = false
		props {
			army:i = 1
			count:i = 1
			formation_type:t = "rows"
			formation_div:i = 3
			formation_step:p2 = 2.5, 2
			formation_noise:p2 = 0.1, 0.1
			uniqueName:t = ""
			attack_type:t = "fire_at_will"
		}
		way {

		}
	}
	tankModels {
		name:t = "t1_aaa_high_light_04"
		tm:m = [[0.701318, 0.0, -0.712848] [0.0, 1.0, 0.0] [0.712848, 0.0, 0.701318] [-5705.61, 513.263, -20606.9]]
		unit_class:t = "sw_veak_40"
		objLayer:i = 1
		closed_waypoints:b = false
		isShipSpline:b = false
		shipTurnRadius:r = 100
		weapons:t = ""
		bullets0:t = "40mm_sw_kan_HE"
		bullets1:t = ""
		bullets2:t = ""
		bullets3:t = ""
		bulletsCount0:i = 0
		bulletsCount1:i = 0
		bulletsCount2:i = 0
		bulletsCount3:i = 0
		crewSkillK:r = 0
		applyAllMods:b = false
		props {
			army:i = 1
			count:i = 1
			formation_type:t = "rows"
			formation_div:i = 3
			formation_step:p2 = 2.5, 2
			formation_noise:p2 = 0.1, 0.1
			uniqueName:t = ""
			attack_type:t = "fire_at_will"
		}
		way {

		}
	}
	tankModels {
		name:t = "t1_aaa_high_heavy_02"
		tm:m = [[0.315834, 0.0, -0.948813] [0.0, 1.0, 0.0] [0.948813, 0.0, 0.315834] [-5287.51, 485.283, -20062.4]]
		unit_class:t = "us_m247"
		objLayer:i = 1
		closed_waypoints:b = false
		isShipSpline:b = false
		shipTurnRadius:r = 100
		weapons:t = ""
		bullets0:t = "40mm_SGT_YORK_HE_prox"
		bullets1:t = ""
		bullets2:t = ""
		bullets3:t = ""
		bulletsCount0:i = 0
		bulletsCount1:i = 0
		bulletsCount2:i = 0
		bulletsCount3:i = 0
		crewSkillK:r = 0
		applyAllMods:b = false
		props {
			army:i = 1
			count:i = 1
			formation_type:t = "rows"
			formation_div:i = 3
			formation_step:p2 = 2.5, 2
			formation_noise:p2 = 0.1, 0.1
			uniqueName:t = ""
			attack_type:t = "fire_at_will"
		}
		way {

		}
	}
	squad {
		name:t = "t1_def_aaa_high_squad"
		tm:m = [[-0.467449, 0.0, -0.88402] [0.0, 1.0, 0.0] [0.88402, 0.0, -0.467449] [-42606.2, 1357.79, -17591.9]]
		props {
			squad_members:t = "t1_aaa_high_light_01"
			squad_members:t = "t1_aaa_high_light_02"
			squad_members:t = "t1_aaa_high_light_03"
			squad_members:t = "t1_aaa_high_light_04"
			squad_members:t = "t1_aaa_high_heavy_01"
			squad_members:t = "t1_aaa_high_heavy_02"
			object_marking:i = 0
		}
	}
	tankModels {
		name:t = "t2_aaa_high_light_01"
		tm:m = [[0.100595, 0.0, -0.994927] [0.0, 1.0, 0.0] [0.994927, 0.0, 0.100595] [-6041.51, 489.127, 6143.89]]
		unit_class:t = "sw_veak_40"
		objLayer:i = 1
		closed_waypoints:b = false
		isShipSpline:b = false
		shipTurnRadius:r = 100
		weapons:t = ""
		bullets0:t = "40mm_sw_kan_HE"
		bullets1:t = ""
		bullets2:t = ""
		bullets3:t = ""
		bulletsCount0:i = 0
		bulletsCount1:i = 0
		bulletsCount2:i = 0
		bulletsCount3:i = 0
		crewSkillK:r = 0
		applyAllMods:b = false
		props {
			army:i = 2
			count:i = 1
			formation_type:t = "rows"
			formation_div:i = 3
			formation_step:p2 = 2.5, 2
			formation_noise:p2 = 0.1, 0.1
			uniqueName:t = ""
			attack_type:t = "fire_at_will"
		}
		way {

		}
	}
	tankModels {
		name:t = "t2_aaa_high_heavy_01"
		tm:m = [[0.372909, 0.0, -0.927866] [0.0, 1.0, 0.0] [0.927866, 0.0, 0.372909] [-5078.43, 489.127, 6210.58]]
		unit_class:t = "us_m247"
		objLayer:i = 1
		closed_waypoints:b = false
		isShipSpline:b = false
		shipTurnRadius:r = 100
		weapons:t = ""
		bullets0:t = "40mm_SGT_YORK_HE_prox"
		bullets1:t = ""
		bullets2:t = ""
		bullets3:t = ""
		bulletsCount0:i = 0
		bulletsCount1:i = 0
		bulletsCount2:i = 0
		bulletsCount3:i = 0
		crewSkillK:r = 0
		applyAllMods:b = false
		props {
			army:i = 2
			count:i = 1
			formation_type:t = "rows"
			formation_div:i = 3
			formation_step:p2 = 2.5, 2
			formation_noise:p2 = 0.1, 0.1
			uniqueName:t = ""
			attack_type:t = "fire_at_will"
		}
		way {

		}
	}
	tankModels {
		name:t = "t2_aaa_high_light_02"
		tm:m = [[-0.413027, 0.0, 0.910717] [0.0, 1.0, 0.0] [-0.910717, 0.0, -0.413027] [-5088.73, 489.127, 7588.09]]
		unit_class:t = "sw_veak_40"
		objLayer:i = 1
		closed_waypoints:b = false
		isShipSpline:b = false
		shipTurnRadius:r = 100
		weapons:t = ""
		bullets0:t = "40mm_sw_kan_HE"
		bullets1:t = ""
		bullets2:t = ""
		bullets3:t = ""
		bulletsCount0:i = 0
		bulletsCount1:i = 0
		bulletsCount2:i = 0
		bulletsCount3:i = 0
		crewSkillK:r = 0
		applyAllMods:b = false
		props {
			army:i = 2
			count:i = 1
			formation_type:t = "rows"
			formation_div:i = 3
			formation_step:p2 = 2.5, 2
			formation_noise:p2 = 0.1, 0.1
			uniqueName:t = ""
			attack_type:t = "fire_at_will"
		}
		way {

		}
	}
	tankModels {
		name:t = "t2_aaa_high_light_03"
		tm:m = [[0.100595, 0.0, -0.994927] [0.0, 1.0, 0.0] [0.994927, 0.0, 0.100595] [-6277.94, 489.127, 9079.16]]
		unit_class:t = "sw_veak_40"
		objLayer:i = 1
		closed_waypoints:b = false
		isShipSpline:b = false
		shipTurnRadius:r = 100
		weapons:t = ""
		bullets0:t = "40mm_sw_kan_HE"
		bullets1:t = ""
		bullets2:t = ""
		bullets3:t = ""
		bulletsCount0:i = 0
		bulletsCount1:i = 0
		bulletsCount2:i = 0
		bulletsCount3:i = 0
		crewSkillK:r = 0
		applyAllMods:b = false
		props {
			army:i = 2
			count:i = 1
			formation_type:t = "rows"
			formation_div:i = 3
			formation_step:p2 = 2.5, 2
			formation_noise:p2 = 0.1, 0.1
			uniqueName:t = ""
			attack_type:t = "fire_at_will"
		}
		way {

		}
	}
	tankModels {
		name:t = "t2_aaa_high_light_04"
		tm:m = [[-0.564898, 0.0, 0.82516] [0.0, 1.0, 0.0] [-0.82516, 0.0, -0.564898] [-5029.31, 489.127, 9281.76]]
		unit_class:t = "sw_veak_40"
		objLayer:i = 1
		closed_waypoints:b = false
		isShipSpline:b = false
		shipTurnRadius:r = 100
		weapons:t = ""
		bullets0:t = "40mm_sw_kan_HE"
		bullets1:t = ""
		bullets2:t = ""
		bullets3:t = ""
		bulletsCount0:i = 0
		bulletsCount1:i = 0
		bulletsCount2:i = 0
		bulletsCount3:i = 0
		crewSkillK:r = 0
		applyAllMods:b = false
		props {
			army:i = 2
			count:i = 1
			formation_type:t = "rows"
			formation_div:i = 3
			formation_step:p2 = 2.5, 2
			formation_noise:p2 = 0.1, 0.1
			uniqueName:t = ""
			attack_type:t = "fire_at_will"
		}
		way {

		}
	}
	tankModels {
		name:t = "t2_aaa_high_heavy_02"
		tm:m = [[-0.143897, 0.0, 0.989592] [0.0, 1.0, 0.0] [-0.989592, 0.0, -0.143897] [-6122.72, 489.127, 7342.12]]
		unit_class:t = "us_m247"
		objLayer:i = 1
		closed_waypoints:b = false
		isShipSpline:b = false
		shipTurnRadius:r = 100
		weapons:t = ""
		bullets0:t = "40mm_SGT_YORK_HE_prox"
		bullets1:t = ""
		bullets2:t = ""
		bullets3:t = ""
		bulletsCount0:i = 0
		bulletsCount1:i = 0
		bulletsCount2:i = 0
		bulletsCount3:i = 0
		crewSkillK:r = 0
		applyAllMods:b = false
		props {
			army:i = 2
			count:i = 1
			formation_type:t = "rows"
			formation_div:i = 3
			formation_step:p2 = 2.5, 2
			formation_noise:p2 = 0.1, 0.1
			uniqueName:t = ""
			attack_type:t = "fire_at_will"
		}
		way {

		}
	}
	squad {
		name:t = "t2_def_aaa_high_squad"
		tm:m = [[0.123789, 0.0, 0.992308] [0.0, 1.0, 0.0] [-0.992308, 0.0, 0.123789] [-1034.07, 1357.79, 4857.94]]
		props {
			squad_members:t = "t2_aaa_high_light_01"
			squad_members:t = "t2_aaa_high_light_02"
			squad_members:t = "t2_aaa_high_light_03"
			squad_members:t = "t2_aaa_high_light_04"
			squad_members:t = "t2_aaa_high_heavy_01"
			squad_members:t = "t2_aaa_high_heavy_02"
			object_marking:i = 0
		}
	}
}
areas {
	high_capture_area_03 {
		type:t = "Cylinder"
		tm:m = [[2500.0, 0.0, 0.0] [0.0, 1500.0, 0.0] [0.0, 0.0, 2500.0] [-11193.0, 193.425, -5696.4]]
		objLayer:i = 4
		props {

		}
	}
	high_capture_area_02 {
		type:t = "Cylinder"
		tm:m = [[2500.0, 0.0, 0.0] [0.0, 1500.0, 0.0] [0.0, 0.0, 2500.0] [4731.58, 193.425, -5696.4]]
		objLayer:i = 4
		props {

		}
	}
	high_capture_area_01 {
		type:t = "Box"
		tm:m = [[424.354, 0.0, 8.63353e-6] [0.0, 350.0, 0.0] [-7.12078e-5, 0.0, 3500.0] [-3091.4, 500.2, -5700.62]]
		objLayer:i = 3
		props {

		}
	}
}
objLayers {
	layer {
		enabled:b = true
	}
	layer {
		enabled:b = true
	}
	layer {
		enabled:b = true
	}
	layer {
		enabled:b = true
	}
	layer {
		enabled:b = true
	}
}
wayPoints {

}