selected_tag:t = ""
bin_dump_file:t = ""
mission_settings {
	player {
		army:i = 1
	}
	player_teamB {
		army:i = 2
	}
	mission {
		level:t = "levels/air_smolensk.bin"
		type:t = "domination"
		environment:t = "Day"
		weather:t = "hazy"
		restoreType:t = "attempts"
		optionalTakeOff:b = false
	}
}
imports {

}
triggers {
	isCategory:b = true
	is_enabled:b = true
}
mission_objectives {
	isCategory:b = true
	is_enabled:b = true
}
variables {

}
dialogs {

}
airfields {

}
effects {

}
units {
	objectGroups {
		name:t = "bdt_t2_bomb_object_01"
		tm:m = [[0.331576, 0.0, -0.943428] [0.0, 1.0, 0.0] [0.943428, 0.0, 0.331576] [2447.98, 91.8042, 15384.0]]
		unit_class:t = "dynBase_hq_camp_square"
		objLayer:i = 2
		props {
			army:i = 2
			active:b = false
		}
	}
	objectGroups {
		name:t = "bdt_t2_bomb_object_02"
		tm:m = [[0.541182, 0.0, -0.840905] [0.0, 1.0, 0.0] [0.840905, 0.0, 0.541182] [-1568.34, 71.1314, 9557.86]]
		unit_class:t = "dynBase_fuel_storage_square"
		objLayer:i = 2
		props {
			army:i = 2
			active:b = false
		}
	}
	objectGroups {
		name:t = "bdt_t2_bomb_object_03"
		tm:m = [[0.672184, 0.0, 0.740384] [0.0, 1.0, 0.0] [-0.740384, 0.0, 0.672184] [539.287, 81.1731, 3748.94]]
		unit_class:t = "dynBase_oil_storage_small_square"
		objLayer:i = 2
		props {
			army:i = 2
			active:b = false
		}
	}
	objectGroups {
		name:t = "bdt_t1_bomb_object_01"
		tm:m = [[0.8676, 0.0, -0.497263] [0.0, 1.0, 0.0] [0.497263, 0.0, 0.8676] [10573.4, 81.9004, 14056.3]]
		unit_class:t = "dynBase_fuel_storage_square"
		objLayer:i = 2
		props {
			army:i = 1
			active:b = false
		}
	}
	objectGroups {
		name:t = "bdt_t1_bomb_object_02"
		tm:m = [[0.975607, 0.0, 0.219522] [0.0, 1.0, 0.0] [-0.219522, 0.0, 0.975607] [12444.1, 96.792, 10581.8]]
		unit_class:t = "dynBase_small_factory_square"
		objLayer:i = 2
		props {
			army:i = 1
			active:b = false
		}
	}
	objectGroups {
		name:t = "bdt_t1_bomb_object_03"
		tm:m = [[0.962365, 0.0, -0.27176] [0.0, 1.0, 0.0] [0.27176, 0.0, 0.962365] [9024.24, 76.7512, 2749.41]]
		unit_class:t = "dynBase_oil_storage_small_square"
		objLayer:i = 2
		props {
			army:i = 1
			active:b = false
		}
	}
	objectGroups {
		name:t = "bdt_t2_bomb_object_04"
		tm:m = [[0.812739, 0.0, -0.582627] [0.0, 1.0, 0.0] [0.582627, 0.0, 0.812739] [6962.68, 81.7832, 16058.5]]
		unit_class:t = "dynBase_small_factory_square"
		objLayer:i = 2
		props {
			army:i = 2
			active:b = false
		}
	}
	objectGroups {
		name:t = "bdt_t1_bomb_object_04"
		tm:m = [[0.806378, 0.0, -0.5914] [0.0, 1.0, 0.0] [0.5914, 0.0, 0.806378] [4377.52, 59.5299, 1878.07]]
		unit_class:t = "dynBase_field_camp_square"
		objLayer:i = 2
		props {
			army:i = 1
			active:b = false
		}
	}
	objectGroups {
		name:t = "bdt_t1_bomb_object_05"
		tm:m = [[0.806378, 0.0, -0.5914] [0.0, 1.0, 0.0] [0.5914, 0.0, 0.806378] [3828.14, 63.2671, -198.537]]
		unit_class:t = "dynBase_military_base_square"
		objLayer:i = 2
		props {
			army:i = 1
			active:b = false
		}
	}
	objectGroups {
		name:t = "bdt_t1_bomb_object_06"
		tm:m = [[0.806378, 0.0, -0.5914] [0.0, 1.0, 0.0] [0.5914, 0.0, 0.806378] [7775.41, 74.9253, 85.2045]]
		unit_class:t = "dynBase_oil_storage_large_square"
		objLayer:i = 2
		props {
			army:i = 1
			active:b = false
		}
	}
	objectGroups {
		name:t = "bdt_t1_bomb_object_07"
		tm:m = [[0.806378, 0.0, -0.5914] [0.0, 1.0, 0.0] [0.5914, 0.0, 0.806378] [11204.6, 68.0796, 1800.8]]
		unit_class:t = "dynBase_oil_storage_large_square"
		objLayer:i = 2
		props {
			army:i = 1
			active:b = false
		}
	}
	objectGroups {
		name:t = "bdt_t1_bomb_object_08"
		tm:m = [[0.8676, 0.0, -0.497263] [0.0, 1.0, 0.0] [0.497263, 0.0, 0.8676] [11999.8, 84.3635, 15452.5]]
		unit_class:t = "dynBase_small_factory_square"
		objLayer:i = 2
		props {
			army:i = 1
			active:b = false
		}
	}
	objectGroups {
		name:t = "bdt_t1_bomb_object_09"
		tm:m = [[0.8676, 0.0, -0.497263] [0.0, 1.0, 0.0] [0.497263, 0.0, 0.8676] [13711.4, 115.134, 13039.9]]
		unit_class:t = "dynBase_hq_camp_square"
		objLayer:i = 2
		props {
			army:i = 1
			active:b = false
		}
	}
	objectGroups {
		name:t = "bdt_t1_bomb_object_10"
		tm:m = [[0.8676, 0.0, -0.497263] [0.0, 1.0, 0.0] [0.497263, 0.0, 0.8676] [14680.3, 106.73, 8884.23]]
		unit_class:t = "dynBase_petrol_camp_square"
		objLayer:i = 2
		props {
			army:i = 1
			active:b = false
		}
	}
	objectGroups {
		name:t = "bdt_t2_bomb_object_05"
		tm:m = [[0.812739, 0.0, -0.582627] [0.0, 1.0, 0.0] [0.582627, 0.0, 0.812739] [6950.82, 96.6013, 18059.4]]
		unit_class:t = "dynBase_petrol_camp_square"
		objLayer:i = 2
		props {
			army:i = 2
			active:b = false
		}
	}
	objectGroups {
		name:t = "bdt_t2_bomb_object_06"
		tm:m = [[0.812739, 0.0, -0.582627] [0.0, 1.0, 0.0] [0.582627, 0.0, 0.812739] [3770.75, 88.2488, 18007.1]]
		unit_class:t = "dynBase_military_base_square"
		objLayer:i = 2
		props {
			army:i = 2
			active:b = false
		}
	}
	objectGroups {
		name:t = "bdt_t2_bomb_object_07"
		tm:m = [[0.812739, 0.0, -0.582627] [0.0, 1.0, 0.0] [0.582627, 0.0, 0.812739] [309.282, 110.058, 16549.0]]
		unit_class:t = "dynBase_fuel_storage_square"
		objLayer:i = 2
		props {
			army:i = 2
			active:b = false
		}
	}
	objectGroups {
		name:t = "bdt_t2_bomb_object_08"
		tm:m = [[0.672184, 0.0, 0.740384] [0.0, 1.0, 0.0] [-0.740384, 0.0, 0.672184] [-1321.04, 75.2126, 2915.12]]
		unit_class:t = "dynBase_ammunition_storage_square"
		objLayer:i = 2
		props {
			army:i = 2
			active:b = false
		}
	}
	objectGroups {
		name:t = "bdt_t2_bomb_object_09"
		tm:m = [[0.82754, 0.0, 0.561406] [0.0, 1.0, 0.0] [-0.561406, 0.0, 0.82754] [-3216.22, 90.5271, 6401.26]]
		unit_class:t = "dynBase_field_camp_square"
		objLayer:i = 2
		props {
			army:i = 2
			active:b = false
		}
	}
	objectGroups {
		name:t = "bdt_t2_bomb_object_10"
		tm:m = [[0.672184, 0.0, 0.740384] [0.0, 1.0, 0.0] [-0.740384, 0.0, 0.672184] [-4021.05, 99.3403, 9604.84]]
		unit_class:t = "dynBase_oil_storage_small_square"
		objLayer:i = 2
		props {
			army:i = 2
			active:b = false
		}
	}
}
areas {
	bdt_t2_bomb_zone_01 {
		type:t = "Sphere"
		tm:m = [[149.209, 0.0, -424.543] [0.0, 450.0, 0.0] [424.543, 0.0, 149.209] [2427.94, 52.432, 15390.3]]
		objLayer:i = 0
		props {

		}
	}
	bdt_t2_bomb_zone_02 {
		type:t = "Sphere"
		tm:m = [[435.199, 0.0, -114.464] [0.0, 450.0, 0.0] [114.464, 0.0, 435.199] [-1554.28, 71.8177, 9574.16]]
		objLayer:i = 0
		props {

		}
	}
	bdt_t2_bomb_zone_03 {
		type:t = "Sphere"
		tm:m = [[302.483, 0.0, 333.173] [0.0, 450.0, 0.0] [-333.173, 0.0, 302.483] [529.599, 81.1778, 3750.6]]
		objLayer:i = 0
		props {

		}
	}
	bdt_t1_bomb_zone_01 {
		type:t = "Sphere"
		tm:m = [[390.42, 0.0, -223.769] [0.0, 450.0, 0.0] [223.769, 0.0, 390.42] [10585.6, 78.7119, 14052.9]]
		objLayer:i = 0
		props {

		}
	}
	bdt_t1_bomb_zone_02 {
		type:t = "Sphere"
		tm:m = [[449.999, 0.0, 1.42081] [0.0, 450.0, 0.0] [-1.42081, 0.0, 449.999] [12448.5, 46.6312, 10583.9]]
		objLayer:i = 0
		props {

		}
	}
	bdt_t1_bomb_zone_03 {
		type:t = "Sphere"
		tm:m = [[353.949, 0.0, -277.886] [0.0, 450.0, 0.0] [277.886, 0.0, 353.949] [9029.06, 71.5905, 2746.31]]
		objLayer:i = 0
		props {

		}
	}
	bdt_t2_bomb_zone_04 {
		type:t = "Sphere"
		tm:m = [[365.733, 0.0, -262.182] [0.0, 450.0, 0.0] [262.182, 0.0, 365.733] [6967.77, 66.5073, 16052.5]]
		objLayer:i = 0
		props {

		}
	}
	bdt_t1_bomb_zone_04 {
		type:t = "Sphere"
		tm:m = [[353.949, 0.0, -277.886] [0.0, 450.0, 0.0] [277.886, 0.0, 353.949] [4381.32, 51.8553, 1882.47]]
		objLayer:i = 0
		props {

		}
	}
	bdt_t1_bomb_zone_05 {
		type:t = "Sphere"
		tm:m = [[353.949, 0.0, -277.886] [0.0, 450.0, 0.0] [277.886, 0.0, 353.949] [3831.95, 63.3949, -194.037]]
		objLayer:i = 0
		props {

		}
	}
	bdt_t1_bomb_zone_06 {
		type:t = "Sphere"
		tm:m = [[353.949, 0.0, -277.886] [0.0, 450.0, 0.0] [277.886, 0.0, 353.949] [7779.21, 67.203, 89.6065]]
		objLayer:i = 0
		props {

		}
	}
	bdt_t1_bomb_zone_07 {
		type:t = "Sphere"
		tm:m = [[353.949, 0.0, -277.886] [0.0, 450.0, 0.0] [277.886, 0.0, 353.949] [11208.4, 59.1789, 1805.3]]
		objLayer:i = 0
		props {

		}
	}
	bdt_t1_bomb_zone_08 {
		type:t = "Sphere"
		tm:m = [[390.42, 0.0, -223.769] [0.0, 450.0, 0.0] [223.769, 0.0, 390.42] [12012.0, 49.3984, 15449.1]]
		objLayer:i = 0
		props {

		}
	}
	bdt_t1_bomb_zone_09 {
		type:t = "Sphere"
		tm:m = [[390.42, 0.0, -223.769] [0.0, 450.0, 0.0] [223.769, 0.0, 390.42] [13723.7, 106.136, 13036.5]]
		objLayer:i = 0
		props {

		}
	}
	bdt_t1_bomb_zone_10 {
		type:t = "Sphere"
		tm:m = [[390.42, 0.0, -223.769] [0.0, 450.0, 0.0] [223.769, 0.0, 390.42] [14692.5, 70.1142, 8880.73]]
		objLayer:i = 0
		props {

		}
	}
	bdt_t2_bomb_zone_05 {
		type:t = "Sphere"
		tm:m = [[365.733, 0.0, -262.182] [0.0, 450.0, 0.0] [262.182, 0.0, 365.733] [6955.91, 60.0286, 18053.4]]
		objLayer:i = 0
		props {

		}
	}
	bdt_t2_bomb_zone_06 {
		type:t = "Sphere"
		tm:m = [[365.733, 0.0, -262.182] [0.0, 450.0, 0.0] [262.182, 0.0, 365.733] [3775.84, 88.4358, 18001.1]]
		objLayer:i = 0
		props {

		}
	}
	bdt_t2_bomb_zone_07 {
		type:t = "Sphere"
		tm:m = [[365.733, 0.0, -262.182] [0.0, 450.0, 0.0] [262.182, 0.0, 365.733] [314.362, 55.3074, 16543.0]]
		objLayer:i = 0
		props {

		}
	}
	bdt_t2_bomb_zone_08 {
		type:t = "Sphere"
		tm:m = [[302.483, 0.0, 333.173] [0.0, 450.0, 0.0] [-333.173, 0.0, 302.483] [-1330.72, 75.2173, 2916.77]]
		objLayer:i = 0
		props {

		}
	}
	bdt_t2_bomb_zone_09 {
		type:t = "Sphere"
		tm:m = [[372.393, 0.0, 252.633] [0.0, 450.0, 0.0] [-252.633, 0.0, 372.393] [-3225.28, 90.5494, 6405.19]]
		objLayer:i = 0
		props {

		}
	}
	bdt_t2_bomb_zone_10 {
		type:t = "Sphere"
		tm:m = [[302.483, 0.0, 333.173] [0.0, 450.0, 0.0] [-333.173, 0.0, 302.483] [-4030.7, 85.6606, 9606.47]]
		objLayer:i = 0
		props {

		}
	}
	small_bomb_zones_area_900 {
		type:t = "Sphere"
		tm:m = [[-8236.89, 0.0, -16004.8] [0.0, 18000.0, 0.0] [16004.8, 0.0, -8236.89] [5500.0, 221.449, 8950.0]]
		objLayer:i = 3
		props {

		}
	}
	small_bomb_zones_area_7000 {
		type:t = "Sphere"
		tm:m = [[-6406.47, 0.0, -12448.2] [0.0, 14000.0, 0.0] [12448.2, 0.0, -6406.47] [5500.0, 221.448, 8950.0]]
		objLayer:i = 3
		props {

		}
	}
	bdt_t2_bomb_zone_01_aaa_point_01 {
		type:t = "Point"
		tm:m = [[1.0, 0.0, 0.0] [0.0, 1.0, 0.0] [0.0, 0.0, 1.0] [2635.62, 61.187, 15453.8]]
		objLayer:i = 0
		props {

		}
	}
	bdt_t2_bomb_zone_01_aaa_point_02 {
		type:t = "Point"
		tm:m = [[1.0, 0.0, 0.0] [0.0, 1.0, 0.0] [0.0, 0.0, 1.0] [2215.76, 62.3525, 15308.9]]
		objLayer:i = 0
		props {

		}
	}
	bdt_t2_bomb_zone_02_aaa_point_01 {
		type:t = "Point"
		tm:m = [[1.0, 0.0, 0.0] [0.0, 1.0, 0.0] [0.0, 0.0, 1.0] [-1342.95, 65.8112, 9513.0]]
		objLayer:i = 0
		props {

		}
	}
	bdt_t2_bomb_zone_02_aaa_point_02 {
		type:t = "Point"
		tm:m = [[1.0, 0.0, 0.0] [0.0, 1.0, 0.0] [0.0, 0.0, 1.0] [-1770.25, 55.8176, 9625.83]]
		objLayer:i = 0
		props {

		}
	}
	bdt_t2_bomb_zone_03_aaa_point_01 {
		type:t = "Point"
		tm:m = [[1.0, 0.0, 0.0] [0.0, 1.0, 0.0] [0.0, 0.0, 1.0] [384.437, 57.0799, 3585.98]]
		objLayer:i = 0
		props {

		}
	}
	bdt_t2_bomb_zone_03_aaa_point_02 {
		type:t = "Point"
		tm:m = [[1.0, 0.0, 0.0] [0.0, 1.0, 0.0] [0.0, 0.0, 1.0] [680.729, 59.6193, 3912.8]]
		objLayer:i = 0
		props {

		}
	}
	bdt_t2_bomb_zone_04_aaa_point_01 {
		type:t = "Point"
		tm:m = [[1.0, 0.0, 0.0] [0.0, 1.0, 0.0] [0.0, 0.0, 1.0] [7098.6, 69.8662, 16232.3]]
		objLayer:i = 0
		props {

		}
	}
	bdt_t2_bomb_zone_04_aaa_point_02 {
		type:t = "Point"
		tm:m = [[1.0, 0.0, 0.0] [0.0, 1.0, 0.0] [0.0, 0.0, 1.0] [6835.09, 71.2562, 15871.5]]
		objLayer:i = 0
		props {

		}
	}
	bdt_t2_bomb_zone_05_aaa_point_01 {
		type:t = "Point"
		tm:m = [[1.0, 0.0, 0.0] [0.0, 1.0, 0.0] [0.0, 0.0, 1.0] [7087.86, 72.2628, 18233.1]]
		objLayer:i = 0
		props {

		}
	}
	bdt_t2_bomb_zone_05_aaa_point_02 {
		type:t = "Point"
		tm:m = [[1.0, 0.0, 0.0] [0.0, 1.0, 0.0] [0.0, 0.0, 1.0] [6824.2, 72.3234, 17872.7]]
		objLayer:i = 0
		props {

		}
	}
	bdt_t2_bomb_zone_06_aaa_point_01 {
		type:t = "Point"
		tm:m = [[1.0, 0.0, 0.0] [0.0, 1.0, 0.0] [0.0, 0.0, 1.0] [3904.04, 61.4059, 18184.2]]
		objLayer:i = 0
		props {

		}
	}
	bdt_t2_bomb_zone_06_aaa_point_02 {
		type:t = "Point"
		tm:m = [[1.0, 0.0, 0.0] [0.0, 1.0, 0.0] [0.0, 0.0, 1.0] [3650.78, 69.2235, 17815.2]]
		objLayer:i = 0
		props {

		}
	}
	bdt_t2_bomb_zone_07_aaa_point_01 {
		type:t = "Point"
		tm:m = [[1.0, 0.0, 0.0] [0.0, 1.0, 0.0] [0.0, 0.0, 1.0] [444.929, 66.5081, 16722.2]]
		objLayer:i = 0
		props {

		}
	}
	bdt_t2_bomb_zone_07_aaa_point_02 {
		type:t = "Point"
		tm:m = [[1.0, 0.0, 0.0] [0.0, 1.0, 0.0] [0.0, 0.0, 1.0] [185.139, 59.2979, 16359.7]]
		objLayer:i = 0
		props {

		}
	}
	bdt_t2_bomb_zone_08_aaa_point_01 {
		type:t = "Point"
		tm:m = [[1.0, 0.0, 0.0] [0.0, 1.0, 0.0] [0.0, 0.0, 1.0] [-1178.55, 58.1443, 3083.01]]
		objLayer:i = 0
		props {

		}
	}
	bdt_t2_bomb_zone_08_aaa_point_02 {
		type:t = "Point"
		tm:m = [[1.0, 0.0, 0.0] [0.0, 1.0, 0.0] [0.0, 0.0, 1.0] [-1476.86, 61.7958, 2749.78]]
		objLayer:i = 0
		props {

		}
	}
	bdt_t2_bomb_zone_09_aaa_point_01 {
		type:t = "Point"
		tm:m = [[1.0, 0.0, 0.0] [0.0, 1.0, 0.0] [0.0, 0.0, 1.0] [-3042.19, 78.9084, 6530.09]]
		objLayer:i = 0
		props {

		}
	}
	bdt_t2_bomb_zone_09_aaa_point_02 {
		type:t = "Point"
		tm:m = [[1.0, 0.0, 0.0] [0.0, 1.0, 0.0] [0.0, 0.0, 1.0] [-3404.57, 66.2806, 6278.89]]
		objLayer:i = 0
		props {

		}
	}
	bdt_t2_bomb_zone_10_aaa_point_01 {
		type:t = "Point"
		tm:m = [[1.0, 0.0, 0.0] [0.0, 1.0, 0.0] [0.0, 0.0, 1.0] [-4194.79, 60.5295, 9754.63]]
		objLayer:i = 0
		props {

		}
	}
	bdt_t2_bomb_zone_10_aaa_point_02 {
		type:t = "Point"
		tm:m = [[1.0, 0.0, 0.0] [0.0, 1.0, 0.0] [0.0, 0.0, 1.0] [-3851.17, 52.3155, 9450.66]]
		objLayer:i = 0
		props {

		}
	}
	bdt_t1_bomb_zone_01_aaa_point_01 {
		type:t = "Point"
		tm:m = [[1.0, 0.0, 0.0] [0.0, 1.0, 0.0] [0.0, 0.0, 1.0] [10694.2, 71.1879, 14246.0]]
		objLayer:i = 0
		props {

		}
	}
	bdt_t1_bomb_zone_01_aaa_point_02 {
		type:t = "Point"
		tm:m = [[1.0, 0.0, 0.0] [0.0, 1.0, 0.0] [0.0, 0.0, 1.0] [10476.1, 71.5608, 13853.9]]
		objLayer:i = 0
		props {

		}
	}
	bdt_t1_bomb_zone_02_aaa_point_01 {
		type:t = "Point"
		tm:m = [[1.0, 0.0, 0.0] [0.0, 1.0, 0.0] [0.0, 0.0, 1.0] [12671.1, 45.3187, 10583.6]]
		objLayer:i = 0
		props {

		}
	}
	bdt_t1_bomb_zone_02_aaa_point_02 {
		type:t = "Point"
		tm:m = [[1.0, 0.0, 0.0] [0.0, 1.0, 0.0] [0.0, 0.0, 1.0] [12223.7, 44.949, 10585.4]]
		objLayer:i = 0
		props {

		}
	}
	bdt_t1_bomb_zone_03_aaa_point_01 {
		type:t = "Point"
		tm:m = [[1.0, 0.0, 0.0] [0.0, 1.0, 0.0] [0.0, 0.0, 1.0] [9164.53, 44.5031, 2919.66]]
		objLayer:i = 0
		props {

		}
	}
	bdt_t1_bomb_zone_03_aaa_point_02 {
		type:t = "Point"
		tm:m = [[1.0, 0.0, 0.0] [0.0, 1.0, 0.0] [0.0, 0.0, 1.0] [8889.86, 57.4817, 2571.19]]
		objLayer:i = 0
		props {

		}
	}
	bdt_t1_bomb_zone_04_aaa_point_01 {
		type:t = "Point"
		tm:m = [[1.0, 0.0, 0.0] [0.0, 1.0, 0.0] [0.0, 0.0, 1.0] [4516.55, 51.0463, 2056.59]]
		objLayer:i = 0
		props {

		}
	}
	bdt_t1_bomb_zone_04_aaa_point_02 {
		type:t = "Point"
		tm:m = [[1.0, 0.0, 0.0] [0.0, 1.0, 0.0] [0.0, 0.0, 1.0] [4241.99, 59.4804, 1706.2]]
		objLayer:i = 0
		props {

		}
	}
	bdt_t1_bomb_zone_05_aaa_point_01 {
		type:t = "Point"
		tm:m = [[1.0, 0.0, 0.0] [0.0, 1.0, 0.0] [0.0, 0.0, 1.0] [3967.57, 46.669, -18.3331]]
		objLayer:i = 0
		props {

		}
	}
	bdt_t1_bomb_zone_05_aaa_point_02 {
		type:t = "Point"
		tm:m = [[1.0, 0.0, 0.0] [0.0, 1.0, 0.0] [0.0, 0.0, 1.0] [3693.05, 45.8456, -374.163]]
		objLayer:i = 0
		props {

		}
	}
	bdt_t1_bomb_zone_06_aaa_point_01 {
		type:t = "Point"
		tm:m = [[1.0, 0.0, 0.0] [0.0, 1.0, 0.0] [0.0, 0.0, 1.0] [7915.06, 57.997, 266.482]]
		objLayer:i = 0
		props {

		}
	}
	bdt_t1_bomb_zone_06_aaa_point_02 {
		type:t = "Point"
		tm:m = [[1.0, 0.0, 0.0] [0.0, 1.0, 0.0] [0.0, 0.0, 1.0] [7639.51, 56.1667, -88.4048]]
		objLayer:i = 0
		props {

		}
	}
	bdt_t1_bomb_zone_07_aaa_point_01 {
		type:t = "Point"
		tm:m = [[1.0, 0.0, 0.0] [0.0, 1.0, 0.0] [0.0, 0.0, 1.0] [11347.0, 47.8454, 1979.77]]
		objLayer:i = 0
		props {

		}
	}
	bdt_t1_bomb_zone_07_aaa_point_02 {
		type:t = "Point"
		tm:m = [[1.0, 0.0, 0.0] [0.0, 1.0, 0.0] [0.0, 0.0, 1.0] [11067.7, 60.3889, 1628.83]]
		objLayer:i = 0
		props {

		}
	}
	bdt_t1_bomb_zone_08_aaa_point_01 {
		type:t = "Point"
		tm:m = [[1.0, 0.0, 0.0] [0.0, 1.0, 0.0] [0.0, 0.0, 1.0] [12123.0, 50.6692, 15641.4]]
		objLayer:i = 0
		props {

		}
	}
	bdt_t1_bomb_zone_08_aaa_point_02 {
		type:t = "Point"
		tm:m = [[1.0, 0.0, 0.0] [0.0, 1.0, 0.0] [0.0, 0.0, 1.0] [11900.1, 60.9863, 15256.9]]
		objLayer:i = 0
		props {

		}
	}
	bdt_t1_bomb_zone_09_aaa_point_01 {
		type:t = "Point"
		tm:m = [[1.0, 0.0, 0.0] [0.0, 1.0, 0.0] [0.0, 0.0, 1.0] [13834.4, 71.1828, 13230.0]]
		objLayer:i = 0
		props {

		}
	}
	bdt_t1_bomb_zone_09_aaa_point_02 {
		type:t = "Point"
		tm:m = [[1.0, 0.0, 0.0] [0.0, 1.0, 0.0] [0.0, 0.0, 1.0] [13612.7, 72.4686, 12845.0]]
		objLayer:i = 0
		props {

		}
	}
	bdt_t1_bomb_zone_10_aaa_point_01 {
		type:t = "Point"
		tm:m = [[1.0, 0.0, 0.0] [0.0, 1.0, 0.0] [0.0, 0.0, 1.0] [14807.5, 49.7451, 9075.45]]
		objLayer:i = 0
		props {

		}
	}
	bdt_t1_bomb_zone_10_aaa_point_02 {
		type:t = "Point"
		tm:m = [[1.0, 0.0, 0.0] [0.0, 1.0, 0.0] [0.0, 0.0, 1.0] [14581.7, 50.9492, 8682.32]]
		objLayer:i = 0
		props {

		}
	}
}
objLayers {
	layer {
		enabled:b = true
	}
	layer {
		enabled:b = true
	}
	layer {
		enabled:b = true
	}
	layer {
		enabled:b = false
	}
	layer {
		enabled:b = false
	}
}
wayPoints {

}