selected_tag:t = ""
bin_dump_file:t = ""
mission_settings {
	player {
		army:i = 1
	}
	player_teamB {
		army:i = 2
	}
	mission {
		level:t = "levels/air_smolensk.bin"
		type:t = "domination"
		environment:t = "Day"
		weather:t = "hazy"
		restoreType:t = "attempts"
		optionalTakeOff:b = false
	}
}
imports {

}
triggers {
	isCategory:b = true
	is_enabled:b = true
}
mission_objectives {
	isCategory:b = true
	is_enabled:b = true
}
variables {

}
dialogs {

}
airfields {

}
effects {

}
units {
	objectGroups {
		name:t = "bdt_t2_bomb_object_01"
		tm:m = [[0.331576, 0.0, -0.943428] [0.0, 1.0, 0.0] [0.943428, 0.0, 0.331576] [-2877.36, 91.8022, 17020.9]]
		unit_class:t = "dynBase_hq_camp_square"
		objLayer:i = 2
		props {
			army:i = 2
			active:b = false
		}
	}
	objectGroups {
		name:t = "bdt_t2_bomb_object_02"
		tm:m = [[0.541182, 0.0, -0.840905] [0.0, 1.0, 0.0] [0.840905, 0.0, 0.541182] [-5759.19, 71.1323, 10923.5]]
		unit_class:t = "dynBase_fuel_storage_square"
		objLayer:i = 2
		props {
			army:i = 2
			active:b = false
		}
	}
	objectGroups {
		name:t = "bdt_t2_bomb_object_03"
		tm:m = [[0.672184, 0.0, 0.740384] [0.0, 1.0, 0.0] [-0.740384, 0.0, 0.672184] [-3978.15, 68.913, 3215.46]]
		unit_class:t = "dynBase_oil_storage_small_square"
		objLayer:i = 2
		props {
			army:i = 2
			active:b = false
		}
	}
	objectGroups {
		name:t = "bdt_t1_bomb_object_01"
		tm:m = [[0.8676, 0.0, -0.497263] [0.0, 1.0, 0.0] [0.497263, 0.0, 0.8676] [16223.6, 81.8999, 12168.4]]
		unit_class:t = "dynBase_fuel_storage_square"
		objLayer:i = 2
		props {
			army:i = 1
			active:b = false
		}
	}
	objectGroups {
		name:t = "bdt_t1_bomb_object_02"
		tm:m = [[0.975607, 0.0, 0.219522] [0.0, 1.0, 0.0] [-0.219522, 0.0, 0.975607] [16601.4, 110.073, 6805.88]]
		unit_class:t = "dynBase_small_factory_square"
		objLayer:i = 2
		props {
			army:i = 1
			active:b = false
		}
	}
	objectGroups {
		name:t = "bdt_t1_bomb_object_03"
		tm:m = [[0.962365, 0.0, -0.27176] [0.0, 1.0, 0.0] [0.27176, 0.0, 0.962365] [13362.3, 76.751, 1040.78]]
		unit_class:t = "dynBase_oil_storage_small_square"
		objLayer:i = 2
		props {
			army:i = 1
			active:b = false
		}
	}
	objectGroups {
		name:t = "bdt_t2_bomb_object_04"
		tm:m = [[0.812739, 0.0, -0.582627] [0.0, 1.0, 0.0] [0.582627, 0.0, 0.812739] [3025.08, 81.7839, 19838.1]]
		unit_class:t = "dynBase_small_factory_square"
		objLayer:i = 2
		props {
			army:i = 2
			active:b = false
		}
	}
	objectGroups {
		name:t = "bdt_t1_bomb_object_04"
		tm:m = [[0.806378, 0.0, -0.5914] [0.0, 1.0, 0.0] [0.5914, 0.0, 0.806378] [8127.51, 68.3535, -2009.3]]
		unit_class:t = "dynBase_field_camp_square"
		objLayer:i = 2
		props {
			army:i = 1
			active:b = false
		}
	}
	objectGroups {
		name:t = "bdt_t1_bomb_object_05"
		tm:m = [[0.806378, 0.0, -0.5914] [0.0, 1.0, 0.0] [0.5914, 0.0, 0.806378] [3828.14, 63.2671, -198.537]]
		unit_class:t = "dynBase_military_base_square"
		objLayer:i = 2
		props {
			army:i = 1
			active:b = false
		}
	}
	objectGroups {
		name:t = "bdt_t1_bomb_object_06"
		tm:m = [[0.806378, 0.0, -0.5914] [0.0, 1.0, 0.0] [0.5914, 0.0, 0.806378] [7775.41, 74.9253, 85.2045]]
		unit_class:t = "dynBase_oil_storage_large_square"
		objLayer:i = 2
		props {
			army:i = 1
			active:b = false
		}
	}
	objectGroups {
		name:t = "bdt_t1_bomb_object_07"
		tm:m = [[0.806378, 0.0, -0.5914] [0.0, 1.0, 0.0] [0.5914, 0.0, 0.806378] [11204.6, 68.0796, 1800.8]]
		unit_class:t = "dynBase_oil_storage_large_square"
		objLayer:i = 2
		props {
			army:i = 1
			active:b = false
		}
	}
	objectGroups {
		name:t = "bdt_t1_bomb_object_08"
		tm:m = [[0.8676, 0.0, -0.497263] [0.0, 1.0, 0.0] [0.497263, 0.0, 0.8676] [11999.8, 84.3635, 15452.5]]
		unit_class:t = "dynBase_small_factory_square"
		objLayer:i = 2
		props {
			army:i = 1
			active:b = false
		}
	}
	objectGroups {
		name:t = "bdt_t1_bomb_object_09"
		tm:m = [[0.8676, 0.0, -0.497263] [0.0, 1.0, 0.0] [0.497263, 0.0, 0.8676] [13711.4, 115.134, 13039.9]]
		unit_class:t = "dynBase_hq_camp_square"
		objLayer:i = 2
		props {
			army:i = 1
			active:b = false
		}
	}
	objectGroups {
		name:t = "bdt_t1_bomb_object_10"
		tm:m = [[0.8676, 0.0, -0.497263] [0.0, 1.0, 0.0] [0.497263, 0.0, 0.8676] [14680.3, 106.73, 8884.23]]
		unit_class:t = "dynBase_petrol_camp_square"
		objLayer:i = 2
		props {
			army:i = 1
			active:b = false
		}
	}
	objectGroups {
		name:t = "bdt_t2_bomb_object_05"
		tm:m = [[0.812739, 0.0, -0.582627] [0.0, 1.0, 0.0] [0.582627, 0.0, 0.812739] [6950.82, 96.6013, 18059.4]]
		unit_class:t = "dynBase_petrol_camp_square"
		objLayer:i = 2
		props {
			army:i = 2
			active:b = false
		}
	}
	objectGroups {
		name:t = "bdt_t2_bomb_object_06"
		tm:m = [[0.812739, 0.0, -0.582627] [0.0, 1.0, 0.0] [0.582627, 0.0, 0.812739] [3770.75, 88.2488, 18007.1]]
		unit_class:t = "dynBase_military_base_square"
		objLayer:i = 2
		props {
			army:i = 2
			active:b = false
		}
	}
	objectGroups {
		name:t = "bdt_t2_bomb_object_07"
		tm:m = [[0.812739, 0.0, -0.582627] [0.0, 1.0, 0.0] [0.582627, 0.0, 0.812739] [309.282, 110.058, 16549.0]]
		unit_class:t = "dynBase_fuel_storage_square"
		objLayer:i = 2
		props {
			army:i = 2
			active:b = false
		}
	}
	objectGroups {
		name:t = "bdt_t2_bomb_object_08"
		tm:m = [[0.672184, 0.0, 0.740384] [0.0, 1.0, 0.0] [-0.740384, 0.0, 0.672184] [-1321.04, 75.2126, 2915.12]]
		unit_class:t = "dynBase_ammunition_storage_square"
		objLayer:i = 2
		props {
			army:i = 2
			active:b = false
		}
	}
	objectGroups {
		name:t = "bdt_t2_bomb_object_09"
		tm:m = [[0.82754, 0.0, 0.561406] [0.0, 1.0, 0.0] [-0.561406, 0.0, 0.82754] [-3216.22, 90.5271, 6401.26]]
		unit_class:t = "dynBase_field_camp_square"
		objLayer:i = 2
		props {
			army:i = 2
			active:b = false
		}
	}
	objectGroups {
		name:t = "bdt_t2_bomb_object_10"
		tm:m = [[0.672184, 0.0, 0.740384] [0.0, 1.0, 0.0] [-0.740384, 0.0, 0.672184] [-4021.05, 99.3403, 9604.84]]
		unit_class:t = "dynBase_oil_storage_small_square"
		objLayer:i = 2
		props {
			army:i = 2
			active:b = false
		}
	}
}
areas {
	bdt_t2_bomb_zone_01 {
		type:t = "Sphere"
		tm:m = [[149.209, 0.0, -424.543] [0.0, 450.0, 0.0] [424.543, 0.0, 149.209] [-2897.4, 52.43, 17027.2]]
		objLayer:i = 0
		props {

		}
	}
	bdt_t2_bomb_zone_02 {
		type:t = "Sphere"
		tm:m = [[435.199, 0.0, -114.464] [0.0, 450.0, 0.0] [114.464, 0.0, 435.199] [-5745.13, 71.8186, 10939.8]]
		objLayer:i = 0
		props {

		}
	}
	bdt_t2_bomb_zone_03 {
		type:t = "Sphere"
		tm:m = [[302.483, 0.0, 333.173] [0.0, 450.0, 0.0] [-333.173, 0.0, 302.483] [-3987.84, 68.9177, 3217.12]]
		objLayer:i = 0
		props {

		}
	}
	bdt_t1_bomb_zone_01 {
		type:t = "Sphere"
		tm:m = [[390.42, 0.0, -223.769] [0.0, 450.0, 0.0] [223.769, 0.0, 390.42] [16235.8, 78.7114, 12165.0]]
		objLayer:i = 0
		props {

		}
	}
	bdt_t1_bomb_zone_02 {
		type:t = "Sphere"
		tm:m = [[449.999, 0.0, 1.42081] [0.0, 450.0, 0.0] [-1.42081, 0.0, 449.999] [16605.8, 59.912, 6807.98]]
		objLayer:i = 0
		props {

		}
	}
	bdt_t1_bomb_zone_03 {
		type:t = "Sphere"
		tm:m = [[353.949, 0.0, -277.886] [0.0, 450.0, 0.0] [277.886, 0.0, 353.949] [13367.1, 71.5903, 1037.68]]
		objLayer:i = 0
		props {

		}
	}
	bdt_t2_bomb_zone_04 {
		type:t = "Sphere"
		tm:m = [[365.733, 0.0, -262.182] [0.0, 450.0, 0.0] [262.182, 0.0, 365.733] [3030.17, 66.508, 19832.1]]
		objLayer:i = 0
		props {

		}
	}
	bdt_t1_bomb_zone_04 {
		type:t = "Sphere"
		tm:m = [[353.949, 0.0, -277.886] [0.0, 450.0, 0.0] [277.886, 0.0, 353.949] [8131.31, 60.6789, -2004.9]]
		objLayer:i = 0
		props {

		}
	}
	bdt_t1_bomb_zone_05 {
		type:t = "Sphere"
		tm:m = [[353.949, 0.0, -277.886] [0.0, 450.0, 0.0] [277.886, 0.0, 353.949] [3831.95, 63.3949, -194.037]]
		objLayer:i = 0
		props {

		}
	}
	bdt_t1_bomb_zone_06 {
		type:t = "Sphere"
		tm:m = [[353.949, 0.0, -277.886] [0.0, 450.0, 0.0] [277.886, 0.0, 353.949] [7779.21, 67.203, 89.6065]]
		objLayer:i = 0
		props {

		}
	}
	bdt_t1_bomb_zone_07 {
		type:t = "Sphere"
		tm:m = [[353.949, 0.0, -277.886] [0.0, 450.0, 0.0] [277.886, 0.0, 353.949] [11208.4, 59.1789, 1805.3]]
		objLayer:i = 0
		props {

		}
	}
	bdt_t1_bomb_zone_08 {
		type:t = "Sphere"
		tm:m = [[390.42, 0.0, -223.769] [0.0, 450.0, 0.0] [223.769, 0.0, 390.42] [12012.0, 49.3984, 15449.1]]
		objLayer:i = 0
		props {

		}
	}
	bdt_t1_bomb_zone_09 {
		type:t = "Sphere"
		tm:m = [[390.42, 0.0, -223.769] [0.0, 450.0, 0.0] [223.769, 0.0, 390.42] [13723.7, 106.136, 13036.5]]
		objLayer:i = 0
		props {

		}
	}
	bdt_t1_bomb_zone_10 {
		type:t = "Sphere"
		tm:m = [[390.42, 0.0, -223.769] [0.0, 450.0, 0.0] [223.769, 0.0, 390.42] [14692.5, 70.1142, 8880.73]]
		objLayer:i = 0
		props {

		}
	}
	bdt_t2_bomb_zone_05 {
		type:t = "Sphere"
		tm:m = [[365.733, 0.0, -262.182] [0.0, 450.0, 0.0] [262.182, 0.0, 365.733] [6955.91, 60.0286, 18053.4]]
		objLayer:i = 0
		props {

		}
	}
	bdt_t2_bomb_zone_06 {
		type:t = "Sphere"
		tm:m = [[365.733, 0.0, -262.182] [0.0, 450.0, 0.0] [262.182, 0.0, 365.733] [3775.84, 88.4358, 18001.1]]
		objLayer:i = 0
		props {

		}
	}
	bdt_t2_bomb_zone_07 {
		type:t = "Sphere"
		tm:m = [[365.733, 0.0, -262.182] [0.0, 450.0, 0.0] [262.182, 0.0, 365.733] [314.362, 55.3074, 16543.0]]
		objLayer:i = 0
		props {

		}
	}
	bdt_t2_bomb_zone_08 {
		type:t = "Sphere"
		tm:m = [[302.483, 0.0, 333.173] [0.0, 450.0, 0.0] [-333.173, 0.0, 302.483] [-1330.72, 75.2173, 2916.77]]
		objLayer:i = 0
		props {

		}
	}
	bdt_t2_bomb_zone_09 {
		type:t = "Sphere"
		tm:m = [[372.393, 0.0, 252.633] [0.0, 450.0, 0.0] [-252.633, 0.0, 372.393] [-3225.28, 90.5494, 6405.19]]
		objLayer:i = 0
		props {

		}
	}
	bdt_t2_bomb_zone_10 {
		type:t = "Sphere"
		tm:m = [[302.483, 0.0, 333.173] [0.0, 450.0, 0.0] [-333.173, 0.0, 302.483] [-4030.7, 85.6606, 9606.47]]
		objLayer:i = 0
		props {

		}
	}
	mid_bomb_zones_area_9000 {
		type:t = "Sphere"
		tm:m = [[-8236.89, 0.0, -16004.8] [0.0, 18000.0, 0.0] [16004.8, 0.0, -8236.89] [5500.0, 221.449, 8950.0]]
		objLayer:i = 3
		props {

		}
	}
	mid_bomb_zones_area_11000 {
		type:t = "Sphere"
		tm:m = [[-10067.3, 0.0, -19561.4] [0.0, 22000.0, 0.0] [19561.4, 0.0, -10067.3] [5500.0, 221.448, 8950.0]]
		objLayer:i = 3
		props {

		}
	}
	bdt_t2_bomb_zone_01_aaa_point_01 {
		type:t = "Point"
		tm:m = [[1.0, 0.0, 0.0] [0.0, 1.0, 0.0] [0.0, 0.0, 1.0] [-2689.72, 61.185, 17090.7]]
		objLayer:i = 0
		props {

		}
	}
	bdt_t2_bomb_zone_01_aaa_point_02 {
		type:t = "Point"
		tm:m = [[1.0, 0.0, 0.0] [0.0, 1.0, 0.0] [0.0, 0.0, 1.0] [-3109.58, 62.3505, 16945.8]]
		objLayer:i = 0
		props {

		}
	}
	bdt_t2_bomb_zone_02_aaa_point_01 {
		type:t = "Point"
		tm:m = [[1.0, 0.0, 0.0] [0.0, 1.0, 0.0] [0.0, 0.0, 1.0] [-5533.8, 65.8121, 10878.6]]
		objLayer:i = 0
		props {

		}
	}
	bdt_t2_bomb_zone_02_aaa_point_02 {
		type:t = "Point"
		tm:m = [[1.0, 0.0, 0.0] [0.0, 1.0, 0.0] [0.0, 0.0, 1.0] [-5961.1, 55.8185, 10991.4]]
		objLayer:i = 0
		props {

		}
	}
	bdt_t2_bomb_zone_03_aaa_point_01 {
		type:t = "Point"
		tm:m = [[1.0, 0.0, 0.0] [0.0, 1.0, 0.0] [0.0, 0.0, 1.0] [-4133.01, 44.8198, 3052.5]]
		objLayer:i = 0
		props {

		}
	}
	bdt_t2_bomb_zone_03_aaa_point_02 {
		type:t = "Point"
		tm:m = [[1.0, 0.0, 0.0] [0.0, 1.0, 0.0] [0.0, 0.0, 1.0] [-3836.71, 47.3592, 3379.32]]
		objLayer:i = 0
		props {

		}
	}
	bdt_t2_bomb_zone_04_aaa_point_01 {
		type:t = "Point"
		tm:m = [[1.0, 0.0, 0.0] [0.0, 1.0, 0.0] [0.0, 0.0, 1.0] [3161.0, 69.8669, 20011.9]]
		objLayer:i = 0
		props {

		}
	}
	bdt_t2_bomb_zone_04_aaa_point_02 {
		type:t = "Point"
		tm:m = [[1.0, 0.0, 0.0] [0.0, 1.0, 0.0] [0.0, 0.0, 1.0] [2897.49, 71.2569, 19651.1]]
		objLayer:i = 0
		props {

		}
	}
	bdt_t2_bomb_zone_05_aaa_point_01 {
		type:t = "Point"
		tm:m = [[1.0, 0.0, 0.0] [0.0, 1.0, 0.0] [0.0, 0.0, 1.0] [7087.86, 72.2628, 18233.1]]
		objLayer:i = 0
		props {

		}
	}
	bdt_t2_bomb_zone_05_aaa_point_02 {
		type:t = "Point"
		tm:m = [[1.0, 0.0, 0.0] [0.0, 1.0, 0.0] [0.0, 0.0, 1.0] [6824.2, 72.3234, 17872.7]]
		objLayer:i = 0
		props {

		}
	}
	bdt_t2_bomb_zone_06_aaa_point_01 {
		type:t = "Point"
		tm:m = [[1.0, 0.0, 0.0] [0.0, 1.0, 0.0] [0.0, 0.0, 1.0] [3904.04, 61.4059, 18184.2]]
		objLayer:i = 0
		props {

		}
	}
	bdt_t2_bomb_zone_06_aaa_point_02 {
		type:t = "Point"
		tm:m = [[1.0, 0.0, 0.0] [0.0, 1.0, 0.0] [0.0, 0.0, 1.0] [3650.78, 69.2235, 17815.2]]
		objLayer:i = 0
		props {

		}
	}
	bdt_t2_bomb_zone_07_aaa_point_01 {
		type:t = "Point"
		tm:m = [[1.0, 0.0, 0.0] [0.0, 1.0, 0.0] [0.0, 0.0, 1.0] [444.929, 66.5081, 16722.2]]
		objLayer:i = 0
		props {

		}
	}
	bdt_t2_bomb_zone_07_aaa_point_02 {
		type:t = "Point"
		tm:m = [[1.0, 0.0, 0.0] [0.0, 1.0, 0.0] [0.0, 0.0, 1.0] [185.139, 59.2979, 16359.7]]
		objLayer:i = 0
		props {

		}
	}
	bdt_t2_bomb_zone_08_aaa_point_01 {
		type:t = "Point"
		tm:m = [[1.0, 0.0, 0.0] [0.0, 1.0, 0.0] [0.0, 0.0, 1.0] [-1178.55, 58.1443, 3083.01]]
		objLayer:i = 0
		props {

		}
	}
	bdt_t2_bomb_zone_08_aaa_point_02 {
		type:t = "Point"
		tm:m = [[1.0, 0.0, 0.0] [0.0, 1.0, 0.0] [0.0, 0.0, 1.0] [-1476.86, 61.7958, 2749.78]]
		objLayer:i = 0
		props {

		}
	}
	bdt_t2_bomb_zone_09_aaa_point_01 {
		type:t = "Point"
		tm:m = [[1.0, 0.0, 0.0] [0.0, 1.0, 0.0] [0.0, 0.0, 1.0] [-3042.19, 78.9084, 6530.09]]
		objLayer:i = 0
		props {

		}
	}
	bdt_t2_bomb_zone_09_aaa_point_02 {
		type:t = "Point"
		tm:m = [[1.0, 0.0, 0.0] [0.0, 1.0, 0.0] [0.0, 0.0, 1.0] [-3404.57, 66.2806, 6278.89]]
		objLayer:i = 0
		props {

		}
	}
	bdt_t2_bomb_zone_10_aaa_point_01 {
		type:t = "Point"
		tm:m = [[1.0, 0.0, 0.0] [0.0, 1.0, 0.0] [0.0, 0.0, 1.0] [-4194.79, 60.5295, 9754.63]]
		objLayer:i = 0
		props {

		}
	}
	bdt_t2_bomb_zone_10_aaa_point_02 {
		type:t = "Point"
		tm:m = [[1.0, 0.0, 0.0] [0.0, 1.0, 0.0] [0.0, 0.0, 1.0] [-3851.17, 52.3155, 9450.66]]
		objLayer:i = 0
		props {

		}
	}
	bdt_t1_bomb_zone_01_aaa_point_01 {
		type:t = "Point"
		tm:m = [[1.0, 0.0, 0.0] [0.0, 1.0, 0.0] [0.0, 0.0, 1.0] [16344.4, 71.1874, 12358.1]]
		objLayer:i = 0
		props {

		}
	}
	bdt_t1_bomb_zone_01_aaa_point_02 {
		type:t = "Point"
		tm:m = [[1.0, 0.0, 0.0] [0.0, 1.0, 0.0] [0.0, 0.0, 1.0] [16126.3, 71.5603, 11966.0]]
		objLayer:i = 0
		props {

		}
	}
	bdt_t1_bomb_zone_02_aaa_point_01 {
		type:t = "Point"
		tm:m = [[1.0, 0.0, 0.0] [0.0, 1.0, 0.0] [0.0, 0.0, 1.0] [16828.4, 58.5995, 6807.68]]
		objLayer:i = 0
		props {

		}
	}
	bdt_t1_bomb_zone_02_aaa_point_02 {
		type:t = "Point"
		tm:m = [[1.0, 0.0, 0.0] [0.0, 1.0, 0.0] [0.0, 0.0, 1.0] [16381.0, 58.2298, 6809.48]]
		objLayer:i = 0
		props {

		}
	}
	bdt_t1_bomb_zone_03_aaa_point_01 {
		type:t = "Point"
		tm:m = [[1.0, 0.0, 0.0] [0.0, 1.0, 0.0] [0.0, 0.0, 1.0] [13502.6, 44.5029, 1211.03]]
		objLayer:i = 0
		props {

		}
	}
	bdt_t1_bomb_zone_03_aaa_point_02 {
		type:t = "Point"
		tm:m = [[1.0, 0.0, 0.0] [0.0, 1.0, 0.0] [0.0, 0.0, 1.0] [13227.9, 57.4815, 862.556]]
		objLayer:i = 0
		props {

		}
	}
	bdt_t1_bomb_zone_04_aaa_point_01 {
		type:t = "Point"
		tm:m = [[1.0, 0.0, 0.0] [0.0, 1.0, 0.0] [0.0, 0.0, 1.0] [8266.54, 59.8699, -1830.78]]
		objLayer:i = 0
		props {

		}
	}
	bdt_t1_bomb_zone_04_aaa_point_02 {
		type:t = "Point"
		tm:m = [[1.0, 0.0, 0.0] [0.0, 1.0, 0.0] [0.0, 0.0, 1.0] [7991.98, 68.304, -2181.17]]
		objLayer:i = 0
		props {

		}
	}
	bdt_t1_bomb_zone_05_aaa_point_01 {
		type:t = "Point"
		tm:m = [[1.0, 0.0, 0.0] [0.0, 1.0, 0.0] [0.0, 0.0, 1.0] [3967.57, 46.669, -18.3331]]
		objLayer:i = 0
		props {

		}
	}
	bdt_t1_bomb_zone_05_aaa_point_02 {
		type:t = "Point"
		tm:m = [[1.0, 0.0, 0.0] [0.0, 1.0, 0.0] [0.0, 0.0, 1.0] [3693.05, 45.8456, -374.163]]
		objLayer:i = 0
		props {

		}
	}
	bdt_t1_bomb_zone_06_aaa_point_01 {
		type:t = "Point"
		tm:m = [[1.0, 0.0, 0.0] [0.0, 1.0, 0.0] [0.0, 0.0, 1.0] [7915.06, 57.997, 266.482]]
		objLayer:i = 0
		props {

		}
	}
	bdt_t1_bomb_zone_06_aaa_point_02 {
		type:t = "Point"
		tm:m = [[1.0, 0.0, 0.0] [0.0, 1.0, 0.0] [0.0, 0.0, 1.0] [7639.51, 56.1667, -88.4048]]
		objLayer:i = 0
		props {

		}
	}
	bdt_t1_bomb_zone_07_aaa_point_01 {
		type:t = "Point"
		tm:m = [[1.0, 0.0, 0.0] [0.0, 1.0, 0.0] [0.0, 0.0, 1.0] [11347.0, 47.8454, 1979.77]]
		objLayer:i = 0
		props {

		}
	}
	bdt_t1_bomb_zone_07_aaa_point_02 {
		type:t = "Point"
		tm:m = [[1.0, 0.0, 0.0] [0.0, 1.0, 0.0] [0.0, 0.0, 1.0] [11067.7, 60.3889, 1628.83]]
		objLayer:i = 0
		props {

		}
	}
	bdt_t1_bomb_zone_08_aaa_point_01 {
		type:t = "Point"
		tm:m = [[1.0, 0.0, 0.0] [0.0, 1.0, 0.0] [0.0, 0.0, 1.0] [12123.0, 50.6692, 15641.4]]
		objLayer:i = 0
		props {

		}
	}
	bdt_t1_bomb_zone_08_aaa_point_02 {
		type:t = "Point"
		tm:m = [[1.0, 0.0, 0.0] [0.0, 1.0, 0.0] [0.0, 0.0, 1.0] [11900.1, 60.9863, 15256.9]]
		objLayer:i = 0
		props {

		}
	}
	bdt_t1_bomb_zone_09_aaa_point_01 {
		type:t = "Point"
		tm:m = [[1.0, 0.0, 0.0] [0.0, 1.0, 0.0] [0.0, 0.0, 1.0] [13834.4, 71.1828, 13230.0]]
		objLayer:i = 0
		props {

		}
	}
	bdt_t1_bomb_zone_09_aaa_point_02 {
		type:t = "Point"
		tm:m = [[1.0, 0.0, 0.0] [0.0, 1.0, 0.0] [0.0, 0.0, 1.0] [13612.7, 72.4686, 12845.0]]
		objLayer:i = 0
		props {

		}
	}
	bdt_t1_bomb_zone_10_aaa_point_01 {
		type:t = "Point"
		tm:m = [[1.0, 0.0, 0.0] [0.0, 1.0, 0.0] [0.0, 0.0, 1.0] [14807.5, 49.7451, 9075.45]]
		objLayer:i = 0
		props {

		}
	}
	bdt_t1_bomb_zone_10_aaa_point_02 {
		type:t = "Point"
		tm:m = [[1.0, 0.0, 0.0] [0.0, 1.0, 0.0] [0.0, 0.0, 1.0] [14581.7, 50.9492, 8682.32]]
		objLayer:i = 0
		props {

		}
	}
}
objLayers {
	layer {
		enabled:b = true
	}
	layer {
		enabled:b = true
	}
	layer {
		enabled:b = true
	}
	layer {
		enabled:b = false
	}
	layer {
		enabled:b = false
	}
}
wayPoints {

}