selected_tag:t = ""
bin_dump_file:t = ""
mission_settings {
	player {
		army:i = 1
		wing:t = "t1_player01"
		wing:t = "t1_player02"
		wing:t = "t1_player03"
		wing:t = "t1_player04"
		wing:t = "t1_player05"
		wing:t = "t1_player06"
		wing:t = "t1_player07"
		wing:t = "t1_player08"
		wing:t = "t1_player09"
		wing:t = "t1_player10"
		wing:t = "t1_player11"
		wing:t = "t1_player12"
		wing:t = "t1_player13"
		wing:t = "t1_player14"
		wing:t = "t1_player15"
		wing:t = "t1_player16"
	}
	player_teamB {
		army:i = 2
		wing:t = "t2_player01"
		wing:t = "t2_player02"
		wing:t = "t2_player03"
		wing:t = "t2_player04"
		wing:t = "t2_player05"
		wing:t = "t2_player06"
		wing:t = "t2_player07"
		wing:t = "t2_player08"
		wing:t = "t2_player09"
		wing:t = "t2_player10"
		wing:t = "t2_player11"
		wing:t = "t2_player12"
		wing:t = "t2_player13"
		wing:t = "t2_player14"
		wing:t = "t2_player15"
		wing:t = "t2_player16"
		wing:t = "t2_player17"
	}
	mission {
		type:t = "domination"
		level:t = "levels/air_vietnam.bin"
		restoreType:t = "attempts"
		optionalTakeOff:b = false
		environment:t = "Day"
		weather:t = "hazy"
		locName:t = "missions/_HS;air_vietnam/name"
		locDesc:t = "air_vietnam/desc;missions/_HS/desc"
		scoreLimit:i = 2400
		timeLimit:i = 25
		deathPenaltyMul:r = 0
		country_axis:t = "germany"
		country_allies:t = "ussr"
		allowedUnitTypes {
			isAirplanesAllowed:b = false
			isTanksAllowed:b = false
			isShipsAllowed:b = false
			isHelicoptersAllowed:b = true
		}
	}
	spectator_points {

	}
	briefing {
		place_loc:t = ""
		date_loc:t = ""
		objective_loc:t = ""
		music:t = "action_01"
		part {
			event:t = ""
			minTime:i = 0
			slide {
				map:b = true
				minTime:i = 4
				picture:t = ""
				showAirMap:b = false
				icon {
					icontype:t = "fighter"
					side:t = "ally"
					target:t = "t1_helicopter_spawn_01"
					lookAt:t = "t2_helicopter_spawn_01"
				}
				icon {
					icontype:t = "fighter"
					side:t = "ally"
					target:t = "t1_helicopter_spawn_02"
					lookAt:t = "t2_helicopter_spawn_02"
				}
				icon {
					icontype:t = "fighter"
					side:t = "enemy"
					target:t = "t2_helicopter_spawn_01"
					lookAt:t = "t1_helicopter_spawn_01"
				}
				icon {
					icontype:t = "fighter"
					side:t = "enemy"
					target:t = "t2_helicopter_spawn_02"
					lookAt:t = "t1_helicopter_spawn_02"
				}
			}
		}
	}
}
imports {
	import_record {
		file:t = "gameData/missions/templates/air_helicopters_spawn_template.blk"
		importAreas:b = true
		importUnits:b = true
		importTriggers:b = true
		importMissionObjectives:b = true
		importWayPoints:b = true
		showAreas:b = true
		showUnits:b = true
		showTriggers:b = true
		showMissionObjectives:b = true
		showWayPoints:b = true
		excludes {

		}
	}
	import_record {
		file:t = "gameData/missions/templates/base_logic_template.blk"
		importAreas:b = true
		importUnits:b = true
		importTriggers:b = true
		importMissionObjectives:b = true
		importWayPoints:b = true
		showAreas:b = true
		showUnits:b = true
		showTriggers:b = true
		showMissionObjectives:b = true
		showWayPoints:b = true
		excludes {

		}
	}
	import_record {
		file:t = "gameData/missions/templates/land_units_death_template.blk"
		importAreas:b = true
		importUnits:b = true
		importTriggers:b = true
		importMissionObjectives:b = true
		importWayPoints:b = true
		showAreas:b = true
		showUnits:b = true
		showTriggers:b = true
		showMissionObjectives:b = true
		showWayPoints:b = true
		excludes {

		}
	}
	import_record {
		file:t = "gameData/missions/templates/gs_objectives_template.blk"
		importAreas:b = true
		importUnits:b = true
		importTriggers:b = true
		importMissionObjectives:b = true
		importWayPoints:b = true
		showAreas:b = true
		showUnits:b = true
		showTriggers:b = true
		showMissionObjectives:b = true
		showWayPoints:b = true
		excludes {

		}
	}
	import_record {
		file:t = "gameData/missions/templates/land_units_move_template.blk"
		importAreas:b = true
		importUnits:b = true
		importTriggers:b = true
		importMissionObjectives:b = true
		importWayPoints:b = true
		showAreas:b = true
		showUnits:b = true
		showTriggers:b = true
		showMissionObjectives:b = true
		showWayPoints:b = true
		excludes {

		}
	}
}
triggers {
	isCategory:b = true
	is_enabled:b = true
	mission_start {
		is_enabled:b = true
		comments:t = ""
		props {
			actionsType:t = "PERFORM_ONE_BY_ONE"
			conditionsType:t = "ALL"
			enableAfterComplete:b = false
		}
		events {
			initMission {

			}
		}
		conditions {

		}
		actions {
			comment {
				value:t = ""
			}
			unitSetProperties {
				object_marking:i = 0
				object_var_name:t = ""
				object_var_comp_op:t = "equal"
				object_var_value:i = 0
				object:t = "t1_tanks_aaa_squad"
				object:t = "t2_tanks_aaa_squad"
				accuracy:r = 0.1
				effShootingRate:r = 0.1
			}
			comment {
				value:t = ""
			}
			unitSetProperties {
				object_marking:i = 0
				object_var_name:t = ""
				object_var_comp_op:t = "equal"
				object_var_value:i = 0
				object:t = "t1_tanks_squad"
				object:t = "t2_tanks_squad"
				object:t = "t1_art_squad"
				object:t = "t2_art_squad"
				accuracy:r = 0
				effShootingRate:r = 0
			}
			comment {
				value:t = ""
			}
			unitSetIndication {
				target_marking:i = 0
				object_var_name:t = ""
				object_var_comp_op:t = "equal"
				object_var_value:i = 0
				set:b = true
				target:t = "t1_quest_units_squad"
				target:t = "t2_quest_units_squad"
			}
		}
		else_actions {

		}
	}
	update_indicators {
		is_enabled:b = true
		comments:t = ""
		props {
			actionsType:t = "PERFORM_ONE_BY_ONE"
			conditionsType:t = "ALL"
			enableAfterComplete:b = true
		}
		events {
			periodicEvent {
				time:r = 1
			}
		}
		conditions {

		}
		actions {
			missionSetTargetsIndicator {
				target_type:t = "isActive"
				target_marking:i = 0
				object_var_name:t = ""
				object_var_comp_op:t = "equal"
				object_var_value:i = 0
				delta:i = 0
				icon:t = "score"
				"icon army":i = 1
				set:b = true
				target:t = "t1_quest_units_squad"
			}
			missionSetTargetsIndicator {
				target_type:t = "isActive"
				target_marking:i = 0
				object_var_name:t = ""
				object_var_comp_op:t = "equal"
				object_var_value:i = 0
				delta:i = 0
				icon:t = "score"
				"icon army":i = 2
				set:b = true
				target:t = "t2_quest_units_squad"
			}
		}
		else_actions {

		}
	}
}
mission_objectives {
	isCategory:b = true
	is_enabled:b = true
}
variables {

}
dialogs {

}
airfields {

}
effects {

}
units {
	area_squad {
		name:t = "t1_helicopter_spawn_01"
		tm:m = [[0.883394, 0.0, -0.468631] [0.0, 1.0, 0.0] [0.468631, 0.0, 0.883394] [-916.638, 461.573, 26992.9]]
		props {
			squad_members:t = "t1_helicopter_spawn_01_01"
			squad_members:t = "t1_helicopter_spawn_01_02"
			squad_members:t = "t1_helicopter_spawn_01_03"
			squad_members:t = "t1_helicopter_spawn_01_04"
			squad_members:t = "t1_helicopter_spawn_01_05"
			squad_members:t = "t1_helicopter_spawn_01_06"
			squad_members:t = "t1_helicopter_spawn_01_07"
			squad_members:t = "t1_helicopter_spawn_01_08"
			squad_members:t = "t1_helicopter_spawn_01_09"
			squad_members:t = "t1_helicopter_spawn_01_10"
			squad_members:t = "t1_helicopter_spawn_01_11"
			squad_members:t = "t1_helicopter_spawn_01_12"
			squad_members:t = "t1_helicopter_spawn_01_13"
			squad_members:t = "t1_helicopter_spawn_01_14"
			squad_members:t = "t1_helicopter_spawn_01_15"
			squad_members:t = "t1_helicopter_spawn_01_16"
		}
	}
	area_squad {
		name:t = "t1_helicopter_spawn_02"
		tm:m = [[0.883394, 0.0, -0.468631] [0.0, 1.0, 0.0] [0.468631, 0.0, 0.883394] [-6227.59, 432.485, 26739.2]]
		props {
			squad_members:t = "t1_helicopter_spawn_02_01"
			squad_members:t = "t1_helicopter_spawn_02_02"
			squad_members:t = "t1_helicopter_spawn_02_03"
			squad_members:t = "t1_helicopter_spawn_02_04"
			squad_members:t = "t1_helicopter_spawn_02_05"
			squad_members:t = "t1_helicopter_spawn_02_06"
			squad_members:t = "t1_helicopter_spawn_02_07"
			squad_members:t = "t1_helicopter_spawn_02_08"
			squad_members:t = "t1_helicopter_spawn_02_09"
			squad_members:t = "t1_helicopter_spawn_02_10"
			squad_members:t = "t1_helicopter_spawn_02_11"
			squad_members:t = "t1_helicopter_spawn_02_12"
			squad_members:t = "t1_helicopter_spawn_02_13"
			squad_members:t = "t1_helicopter_spawn_02_14"
			squad_members:t = "t1_helicopter_spawn_02_15"
			squad_members:t = "t1_helicopter_spawn_02_16"
		}
	}
	area_squad {
		name:t = "t2_helicopter_spawn_01"
		tm:m = [[0.883394, 0.0, -0.468631] [0.0, 1.0, 0.0] [0.468631, 0.0, 0.883394] [-530.783, 458.709, 20555.8]]
		props {
			squad_members:t = "t2_helicopter_spawn_01_01"
			squad_members:t = "t2_helicopter_spawn_01_02"
			squad_members:t = "t2_helicopter_spawn_01_03"
			squad_members:t = "t2_helicopter_spawn_01_04"
			squad_members:t = "t2_helicopter_spawn_01_05"
			squad_members:t = "t2_helicopter_spawn_01_06"
			squad_members:t = "t2_helicopter_spawn_01_07"
			squad_members:t = "t2_helicopter_spawn_01_08"
			squad_members:t = "t2_helicopter_spawn_01_09"
			squad_members:t = "t2_helicopter_spawn_01_10"
			squad_members:t = "t2_helicopter_spawn_01_11"
			squad_members:t = "t2_helicopter_spawn_01_12"
			squad_members:t = "t2_helicopter_spawn_01_13"
			squad_members:t = "t2_helicopter_spawn_01_14"
			squad_members:t = "t2_helicopter_spawn_01_15"
			squad_members:t = "t2_helicopter_spawn_01_16"
		}
	}
	area_squad {
		name:t = "t2_helicopter_spawn_02"
		tm:m = [[0.883394, 0.0, -0.468631] [0.0, 1.0, 0.0] [0.468631, 0.0, 0.883394] [-5578.35, 449.095, 20111.5]]
		props {
			squad_members:t = "t2_helicopter_spawn_02_01"
			squad_members:t = "t2_helicopter_spawn_02_02"
			squad_members:t = "t2_helicopter_spawn_02_03"
			squad_members:t = "t2_helicopter_spawn_02_04"
			squad_members:t = "t2_helicopter_spawn_02_05"
			squad_members:t = "t2_helicopter_spawn_02_06"
			squad_members:t = "t2_helicopter_spawn_02_07"
			squad_members:t = "t2_helicopter_spawn_02_08"
			squad_members:t = "t2_helicopter_spawn_02_09"
			squad_members:t = "t2_helicopter_spawn_02_10"
			squad_members:t = "t2_helicopter_spawn_02_11"
			squad_members:t = "t2_helicopter_spawn_02_12"
			squad_members:t = "t2_helicopter_spawn_02_13"
			squad_members:t = "t2_helicopter_spawn_02_14"
			squad_members:t = "t2_helicopter_spawn_02_15"
			squad_members:t = "t2_helicopter_spawn_02_16"
		}
	}
	tankModels {
		name:t = "t1_tank_01"
		tm:m = [[0.846256, 0.0, -0.532776] [0.0, 1.0, 0.0] [0.532776, 0.0, 0.846256] [3489.08, 464.72, 29535.3]]
		unit_class:t = "ussr_t_54_1951"
		objLayer:i = 1
		closed_waypoints:b = false
		isShipSpline:b = false
		shipTurnRadius:r = 100
		weapons:t = ""
		bullets0:t = ""
		bullets1:t = ""
		bullets2:t = ""
		bullets3:t = ""
		bulletsCount0:i = 0
		bulletsCount1:i = 0
		bulletsCount2:i = 0
		bulletsCount3:i = 0
		props {
			army:i = 1
			count:i = 7
			formation_type:t = "rows"
			formation_div:i = 3
			formation_step:p2 = 8, 4
			formation_noise:p2 = 0.4, 0.5
			uniqueName:t = ""
			attack_type:t = "fire_at_will"
		}
		way {
			t1_tank_01_wp_01 {
				type:t = "normal"
				tm:m = [[1.0, 0.0, 0.0] [0.0, 1.0, 0.0] [0.0, 0.0, 1.0] [3593.15, 447.198, 29494.1]]
				props {
					speed:r = 30
					tas:b = false
					moveType:t = "GATHER_TO"
					shouldKeepFormation:b = false
					canUsePathFinder:b = false
				}
			}
			t1_tank_01_wp_02 {
				type:t = "normal"
				tm:m = [[1.0, 0.0, 0.0] [0.0, 1.0, 0.0] [0.0, 0.0, 1.0] [3642.25, 392.088, 22973.8]]
				props {
					speed:r = 30
					tas:b = false
					moveType:t = "USE_SPLINES"
					shouldKeepFormation:b = true
					canUsePathFinder:b = false
				}
			}
			t1_tank_01_wp_03 {
				type:t = "normal"
				tm:m = [[1.0, 0.0, 0.0] [0.0, 1.0, 0.0] [0.0, 0.0, 1.0] [3453.23, 360.663, 22907.4]]
				props {
					speed:r = 300
					tas:b = false
					moveType:t = "MOVETO_STRAIGHT"
					shouldKeepFormation:b = false
					canUsePathFinder:b = false
				}
			}
		}
	}
	tankModels {
		name:t = "t2_tank_01"
		tm:m = [[-0.330796, 0.0, 0.943702] [0.0, 1.0, 0.0] [-0.943702, 0.0, -0.330796] [3624.37, 407.092, 22657.9]]
		unit_class:t = "us_m48a1_patton_III"
		objLayer:i = 1
		closed_waypoints:b = false
		isShipSpline:b = false
		shipTurnRadius:r = 100
		weapons:t = ""
		bullets0:t = ""
		bullets1:t = ""
		bullets2:t = ""
		bullets3:t = ""
		bulletsCount0:i = 0
		bulletsCount1:i = 0
		bulletsCount2:i = 0
		bulletsCount3:i = 0
		props {
			army:i = 2
			count:i = 7
			formation_type:t = "rows"
			formation_div:i = 3
			formation_step:p2 = 10, 5
			formation_noise:p2 = 0.4, 0.5
			uniqueName:t = ""
			attack_type:t = "fire_at_will"
		}
		way {
			t2_tank_01_wp_01 {
				type:t = "normal"
				tm:m = [[1.0, 0.0, 0.0] [0.0, 1.0, 0.0] [0.0, 0.0, 1.0] [3581.94, 368.545, 22745.8]]
				props {
					speed:r = 20
					tas:b = false
					moveType:t = "GATHER_TO"
					shouldKeepFormation:b = false
					canUsePathFinder:b = false
				}
			}
			t2_tank_01_wp_02 {
				type:t = "normal"
				tm:m = [[1.0, 0.0, 0.0] [0.0, 1.0, 0.0] [0.0, 0.0, 1.0] [3565.11, 445.568, 29460.5]]
				props {
					speed:r = 30
					tas:b = false
					moveType:t = "USE_SPLINES"
					shouldKeepFormation:b = true
					canUsePathFinder:b = false
				}
			}
			t2_tank_01_wp_03 {
				type:t = "normal"
				tm:m = [[1.0, 0.0, 0.0] [0.0, 1.0, 0.0] [0.0, 0.0, 1.0] [3470.82, 437.535, 29561.4]]
				props {
					speed:r = 30
					tas:b = false
					moveType:t = "MOVETO_STRAIGHT"
					shouldKeepFormation:b = false
					canUsePathFinder:b = false
				}
			}
		}
	}
	tankModels {
		name:t = "t1_tank_02"
		tm:m = [[-0.287953, 0.0, -0.957644] [0.0, 1.0, 0.0] [0.957644, 0.0, -0.287953] [2661.0, 464.72, 29557.0]]
		unit_class:t = "ussr_t_54_1951"
		objLayer:i = 1
		closed_waypoints:b = false
		isShipSpline:b = false
		shipTurnRadius:r = 100
		weapons:t = ""
		bullets0:t = ""
		bullets1:t = ""
		bullets2:t = ""
		bullets3:t = ""
		bulletsCount0:i = 0
		bulletsCount1:i = 0
		bulletsCount2:i = 0
		bulletsCount3:i = 0
		props {
			army:i = 1
			count:i = 5
			formation_type:t = "rows"
			formation_div:i = 3
			formation_step:p2 = 8, 4
			formation_noise:p2 = 0.4, 0.5
			uniqueName:t = ""
			attack_type:t = "fire_at_will"
		}
		way {
			t1_tank_02_wp_01 {
				type:t = "normal"
				tm:m = [[1.0, 0.0, 0.0] [0.0, 1.0, 0.0] [0.0, 0.0, 1.0] [2575.13, 449.567, 29430.1]]
				props {
					speed:r = 30
					tas:b = false
					moveType:t = "GATHER_TO"
					shouldKeepFormation:b = false
					canUsePathFinder:b = false
				}
			}
			t1_tank_02_wp_02 {
				type:t = "normal"
				tm:m = [[1.0, 0.0, 0.0] [0.0, 1.0, 0.0] [0.0, 0.0, 1.0] [1821.43, 430.604, 24528.3]]
				props {
					speed:r = 30
					tas:b = false
					moveType:t = "USE_SPLINES"
					shouldKeepFormation:b = true
					canUsePathFinder:b = false
				}
			}
			t1_tank_02_wp_03 {
				type:t = "normal"
				tm:m = [[1.0, 0.0, 0.0] [0.0, 1.0, 0.0] [0.0, 0.0, 1.0] [1598.96, 360.663, 24343.1]]
				props {
					speed:r = 300
					tas:b = false
					moveType:t = "MOVETO_STRAIGHT"
					shouldKeepFormation:b = false
					canUsePathFinder:b = false
				}
			}
		}
	}
	tankModels {
		name:t = "t2_tank_02"
		tm:m = [[0.602764, 0.0, 0.797919] [0.0, 1.0, 0.0] [-0.797919, 0.0, 0.602764] [1570.64, 457.819, 24491.4]]
		unit_class:t = "us_m48a1_patton_III"
		objLayer:i = 1
		closed_waypoints:b = false
		isShipSpline:b = false
		shipTurnRadius:r = 100
		weapons:t = ""
		bullets0:t = ""
		bullets1:t = ""
		bullets2:t = ""
		bullets3:t = ""
		bulletsCount0:i = 0
		bulletsCount1:i = 0
		bulletsCount2:i = 0
		bulletsCount3:i = 0
		props {
			army:i = 2
			count:i = 5
			formation_type:t = "rows"
			formation_div:i = 3
			formation_step:p2 = 10, 5
			formation_noise:p2 = 0.4, 0.5
			uniqueName:t = ""
			attack_type:t = "fire_at_will"
		}
		way {
			t2_tank_02_wp_01 {
				type:t = "normal"
				tm:m = [[1.0, 0.0, 0.0] [0.0, 1.0, 0.0] [0.0, 0.0, 1.0] [1786.3, 414.247, 24702.8]]
				props {
					speed:r = 20
					tas:b = false
					moveType:t = "GATHER_TO"
					shouldKeepFormation:b = false
					canUsePathFinder:b = false
				}
			}
			t2_tank_02_wp_02 {
				type:t = "normal"
				tm:m = [[1.0, 0.0, 0.0] [0.0, 1.0, 0.0] [0.0, 0.0, 1.0] [2585.58, 454.938, 29445.1]]
				props {
					speed:r = 30
					tas:b = false
					moveType:t = "USE_SPLINES"
					shouldKeepFormation:b = true
					canUsePathFinder:b = false
				}
			}
			t2_tank_02_wp_03 {
				type:t = "normal"
				tm:m = [[1.0, 0.0, 0.0] [0.0, 1.0, 0.0] [0.0, 0.0, 1.0] [2650.0, 471.958, 29705.7]]
				props {
					speed:r = 30
					tas:b = false
					moveType:t = "MOVETO_STRAIGHT"
					shouldKeepFormation:b = false
					canUsePathFinder:b = false
				}
			}
		}
	}
	tankModels {
		name:t = "t1_aaa_01"
		tm:m = [[0.846256, 0.0, -0.532776] [0.0, 1.0, 0.0] [0.532776, 0.0, 0.846256] [3341.0, 464.72, 29686.9]]
		unit_class:t = "ussr_zsu_23_4"
		objLayer:i = 1
		closed_waypoints:b = false
		isShipSpline:b = false
		shipTurnRadius:r = 100
		weapons:t = ""
		bullets0:t = ""
		bullets1:t = ""
		bullets2:t = ""
		bullets3:t = ""
		bulletsCount0:i = 0
		bulletsCount1:i = 0
		bulletsCount2:i = 0
		bulletsCount3:i = 0
		props {
			army:i = 1
			count:i = 5
			formation_type:t = "rows"
			formation_div:i = 3
			formation_step:p2 = 8, 4
			formation_noise:p2 = 0.4, 0.5
			uniqueName:t = ""
			attack_type:t = "fire_at_will"
		}
		way {
			t1_tank_03_wp_01 {
				type:t = "normal"
				tm:m = [[1.0, 0.0, 0.0] [0.0, 1.0, 0.0] [0.0, 0.0, 1.0] [3593.15, 447.198, 29494.1]]
				props {
					speed:r = 30
					tas:b = false
					moveType:t = "GATHER_TO"
					shouldKeepFormation:b = false
					canUsePathFinder:b = false
				}
			}
			t1_tank_03_wp_02 {
				type:t = "normal"
				tm:m = [[1.0, 0.0, 0.0] [0.0, 1.0, 0.0] [0.0, 0.0, 1.0] [3642.25, 392.088, 22973.8]]
				props {
					speed:r = 30
					tas:b = false
					moveType:t = "USE_SPLINES"
					shouldKeepFormation:b = true
					canUsePathFinder:b = false
				}
			}
			t1_tank_03_wp_03 {
				type:t = "normal"
				tm:m = [[1.0, 0.0, 0.0] [0.0, 1.0, 0.0] [0.0, 0.0, 1.0] [3453.23, 360.663, 22907.4]]
				props {
					speed:r = 300
					tas:b = false
					moveType:t = "MOVETO_STRAIGHT"
					shouldKeepFormation:b = false
					canUsePathFinder:b = false
				}
			}
		}
	}
	tankModels {
		name:t = "t1_aaa_02"
		tm:m = [[-0.287953, 0.0, -0.957644] [0.0, 1.0, 0.0] [0.957644, 0.0, -0.287953] [2661.23, 464.72, 29709.3]]
		unit_class:t = "ussr_zsu_23_4"
		objLayer:i = 1
		closed_waypoints:b = false
		isShipSpline:b = false
		shipTurnRadius:r = 100
		weapons:t = ""
		bullets0:t = ""
		bullets1:t = ""
		bullets2:t = ""
		bullets3:t = ""
		bulletsCount0:i = 0
		bulletsCount1:i = 0
		bulletsCount2:i = 0
		bulletsCount3:i = 0
		props {
			army:i = 1
			count:i = 3
			formation_type:t = "rows"
			formation_div:i = 3
			formation_step:p2 = 8, 4
			formation_noise:p2 = 0.4, 0.5
			uniqueName:t = ""
			attack_type:t = "fire_at_will"
		}
		way {
			t1_tank_03_wp_04 {
				type:t = "normal"
				tm:m = [[1.0, 0.0, 0.0] [0.0, 1.0, 0.0] [0.0, 0.0, 1.0] [2575.13, 449.567, 29430.1]]
				props {
					speed:r = 30
					tas:b = false
					moveType:t = "GATHER_TO"
					shouldKeepFormation:b = false
					canUsePathFinder:b = false
				}
			}
			t1_tank_03_wp_05 {
				type:t = "normal"
				tm:m = [[1.0, 0.0, 0.0] [0.0, 1.0, 0.0] [0.0, 0.0, 1.0] [1821.43, 430.604, 24528.3]]
				props {
					speed:r = 30
					tas:b = false
					moveType:t = "USE_SPLINES"
					shouldKeepFormation:b = true
					canUsePathFinder:b = false
				}
			}
			t1_tank_03_wp_06 {
				type:t = "normal"
				tm:m = [[1.0, 0.0, 0.0] [0.0, 1.0, 0.0] [0.0, 0.0, 1.0] [1598.96, 360.663, 24343.1]]
				props {
					speed:r = 300
					tas:b = false
					moveType:t = "MOVETO_STRAIGHT"
					shouldKeepFormation:b = false
					canUsePathFinder:b = false
				}
			}
		}
	}
	tankModels {
		name:t = "t2_aaa_01"
		tm:m = [[-0.330796, 0.0, 0.943702] [0.0, 1.0, 0.0] [-0.943702, 0.0, -0.330796] [3697.51, 437.327, 22480.7]]
		unit_class:t = "us_m163_vulcan"
		objLayer:i = 1
		closed_waypoints:b = false
		isShipSpline:b = false
		shipTurnRadius:r = 100
		weapons:t = ""
		bullets0:t = ""
		bullets1:t = ""
		bullets2:t = ""
		bullets3:t = ""
		bulletsCount0:i = 0
		bulletsCount1:i = 0
		bulletsCount2:i = 0
		bulletsCount3:i = 0
		props {
			army:i = 2
			count:i = 5
			formation_type:t = "rows"
			formation_div:i = 3
			formation_step:p2 = 10, 5
			formation_noise:p2 = 0.4, 0.5
			uniqueName:t = ""
			attack_type:t = "fire_at_will"
		}
		way {
			t2_tank_03_wp_01 {
				type:t = "normal"
				tm:m = [[1.0, 0.0, 0.0] [0.0, 1.0, 0.0] [0.0, 0.0, 1.0] [3554.18, 393.033, 22653.5]]
				props {
					speed:r = 20
					tas:b = false
					moveType:t = "GATHER_TO"
					shouldKeepFormation:b = false
					canUsePathFinder:b = false
				}
			}
			t2_tank_03_wp_02 {
				type:t = "normal"
				tm:m = [[1.0, 0.0, 0.0] [0.0, 1.0, 0.0] [0.0, 0.0, 1.0] [3565.11, 445.568, 29460.5]]
				props {
					speed:r = 30
					tas:b = false
					moveType:t = "USE_SPLINES"
					shouldKeepFormation:b = true
					canUsePathFinder:b = false
				}
			}
			t2_tank_03_wp_03 {
				type:t = "normal"
				tm:m = [[1.0, 0.0, 0.0] [0.0, 1.0, 0.0] [0.0, 0.0, 1.0] [3470.82, 437.535, 29561.4]]
				props {
					speed:r = 30
					tas:b = false
					moveType:t = "MOVETO_STRAIGHT"
					shouldKeepFormation:b = false
					canUsePathFinder:b = false
				}
			}
		}
	}
	tankModels {
		name:t = "t2_aaa_02"
		tm:m = [[0.602764, 0.0, 0.797919] [0.0, 1.0, 0.0] [-0.797919, 0.0, 0.602764] [1723.4, 463.816, 24320.4]]
		unit_class:t = "us_m163_vulcan"
		objLayer:i = 1
		closed_waypoints:b = false
		isShipSpline:b = false
		shipTurnRadius:r = 100
		weapons:t = ""
		bullets0:t = ""
		bullets1:t = ""
		bullets2:t = ""
		bullets3:t = ""
		bulletsCount0:i = 0
		bulletsCount1:i = 0
		bulletsCount2:i = 0
		bulletsCount3:i = 0
		props {
			army:i = 2
			count:i = 3
			formation_type:t = "rows"
			formation_div:i = 3
			formation_step:p2 = 10, 5
			formation_noise:p2 = 0.4, 0.5
			uniqueName:t = ""
			attack_type:t = "fire_at_will"
		}
		way {
			t2_tank_03_wp_04 {
				type:t = "normal"
				tm:m = [[1.0, 0.0, 0.0] [0.0, 1.0, 0.0] [0.0, 0.0, 1.0] [1833.79, 428.827, 24496.7]]
				props {
					speed:r = 30
					tas:b = false
					moveType:t = "GATHER_TO"
					shouldKeepFormation:b = false
					canUsePathFinder:b = false
				}
			}
			t2_tank_03_wp_05 {
				type:t = "normal"
				tm:m = [[1.0, 0.0, 0.0] [0.0, 1.0, 0.0] [0.0, 0.0, 1.0] [2585.57, 454.938, 29445.1]]
				props {
					speed:r = 30
					tas:b = false
					moveType:t = "USE_SPLINES"
					shouldKeepFormation:b = true
					canUsePathFinder:b = false
				}
			}
			t2_tank_03_wp_06 {
				type:t = "normal"
				tm:m = [[1.0, 0.0, 0.0] [0.0, 1.0, 0.0] [0.0, 0.0, 1.0] [2650.0, 471.958, 29705.7]]
				props {
					speed:r = 30
					tas:b = false
					moveType:t = "MOVETO_STRAIGHT"
					shouldKeepFormation:b = false
					canUsePathFinder:b = false
				}
			}
		}
	}
	objectGroups {
		name:t = "objectGroups_01"
		tm:m = [[-0.917164, 0.0210126, 0.397954] [0.0192763, 0.999779, -0.0083639] [-0.398042, 0.0, -0.917367] [4702.01, 450.276, 25820.8]]
		unit_class:t = "det_trench_system_a"
		objLayer:i = 2
		props {
			army:i = 0
			active:b = true
		}
	}
	objectGroups {
		name:t = "objectGroups_02"
		tm:m = [[-0.917231, 0.0172087, 0.397983] [0.0157867, 0.999852, -0.00684977] [-0.398042, 0.0, -0.917367] [4721.24, 449.815, 25803.3]]
		unit_class:t = "det_trench_system_c"
		objLayer:i = 2
		props {
			army:i = 0
			active:b = true
		}
	}
	objectGroups {
		name:t = "objectGroups_03"
		tm:m = [[-0.915046, 0.0710882, 0.397035] [0.0652139, 0.99747, -0.0282961] [-0.398042, 0.0, -0.917367] [4748.12, 447.172, 25798.3]]
		unit_class:t = "det_trench_system_d"
		objLayer:i = 2
		props {
			army:i = 0
			active:b = true
		}
	}
	objectGroups {
		name:t = "objectGroups_04"
		tm:m = [[-0.915046, 0.0710882, 0.397035] [0.0652139, 0.99747, -0.0282961] [-0.398042, 0.0, -0.917367] [4773.66, 446.261, 25796.6]]
		unit_class:t = "det_trench_system_e"
		objLayer:i = 2
		props {
			army:i = 0
			active:b = true
		}
	}
	objectGroups {
		name:t = "objectGroups_05"
		tm:m = [[-0.41903, 0.0729657, 0.905036] [0.0735442, 0.996218, -0.0462661] [-0.904989, 0.0471734, -0.422811] [4793.14, 444.21, 25775.4]]
		unit_class:t = "det_trench_system_d"
		objLayer:i = 2
		props {
			army:i = 0
			active:b = true
		}
	}
	objectGroups {
		name:t = "objectGroups_11"
		tm:m = [[-0.917242, -0.0165157, 0.397987] [-0.0151509, 0.999863, 0.00657396] [-0.398042, 0.0, -0.917367] [4893.22, 442.442, 25790.8]]
		unit_class:t = "det_trench_system_a"
		objLayer:i = 2
		props {
			army:i = 0
			active:b = true
		}
	}
	objectGroups {
		name:t = "objectGroups_12"
		tm:m = [[-0.917338, 0.00796013, 0.398029] [0.0073024, 0.999969, -0.00316848] [-0.398042, 0.0, -0.917367] [4912.45, 442.344, 25773.2]]
		unit_class:t = "det_trench_system_c"
		objLayer:i = 2
		props {
			army:i = 0
			active:b = true
		}
	}
	objectGroups {
		name:t = "objectGroups_13"
		tm:m = [[-0.917143, 0.0220814, 0.397945] [0.0202567, 0.999757, -0.0087893] [-0.398042, 0.0, -0.917367] [4939.34, 441.485, 25768.3]]
		unit_class:t = "det_trench_system_d"
		objLayer:i = 2
		props {
			army:i = 0
			active:b = true
		}
	}
	objectGroups {
		name:t = "objectGroups_14"
		tm:m = [[-0.916816, 0.0346757, 0.397803] [0.0318104, 0.999399, -0.0138024] [-0.398042, 0.0, -0.917367] [4964.57, 441.469, 25766.1]]
		unit_class:t = "det_trench_system_e"
		objLayer:i = 2
		props {
			army:i = 0
			active:b = true
		}
	}
	objectGroups {
		name:t = "objectGroups_10"
		tm:m = [[-0.422393, 0.0189944, 0.906213] [0.0507802, 0.998706, 0.00273594] [-0.904989, 0.0471734, -0.422811] [4984.35, 439.92, 25745.3]]
		unit_class:t = "det_trench_system_d"
		objLayer:i = 2
		props {
			army:i = 0
			active:b = true
		}
	}
	objectGroups {
		name:t = "objectGroups_15"
		tm:m = [[-0.917328, 0.00925948, 0.398025] [0.00849438, 0.999957, -0.00368563] [-0.398042, 0.0, -0.917367] [5008.08, 439.589, 25726.2]]
		unit_class:t = "det_trench_system_a"
		objLayer:i = 2
		props {
			army:i = 0
			active:b = true
		}
	}
	objectGroups {
		name:t = "objectGroups_16"
		tm:m = [[-0.440946, 0.0339479, 0.896892] [0.00625167, 0.999377, -0.0347535] [-0.897512, -0.00971731, -0.440883] [5031.99, 438.404, 25701.0]]
		unit_class:t = "det_trench_system_d"
		objLayer:i = 2
		props {
			army:i = 0
			active:b = true
		}
	}
	objectGroups {
		name:t = "objectGroups_17"
		tm:m = [[-0.239835, 0.0354179, 0.970168] [0.0352621, 0.998993, -0.0277531] [-0.970173, 0.027554, -0.240842] [5048.48, 437.503, 25681.5]]
		unit_class:t = "det_trench_system_e"
		objLayer:i = 2
		props {
			army:i = 0
			active:b = true
		}
	}
	objectGroups {
		name:t = "objectGroups_18"
		tm:m = [[-0.917078, 0.025096, 0.397916] [0.0230223, 0.999685, -0.00998923] [-0.398042, 0.0, -0.917367] [5061.64, 436.311, 25661.9]]
		unit_class:t = "det_trench_system_a"
		objLayer:i = 2
		props {
			army:i = 0
			active:b = true
		}
	}
	objectGroups {
		name:t = "objectGroups_19"
		tm:m = [[-0.917197, -0.0192548, 0.397968] [-0.0176637, 0.999815, 0.00766421] [-0.398042, 0.0, -0.917367] [5080.98, 434.904, 25643.7]]
		unit_class:t = "det_trench_system_c"
		objLayer:i = 2
		props {
			army:i = 0
			active:b = true
		}
	}
	objectGroups {
		name:t = "objectGroups_20"
		tm:m = [[-0.917264, -0.0149974, 0.397997] [-0.0137582, 0.999888, 0.00596961] [-0.398042, 0.0, -0.917367] [5107.84, 434.661, 25638.4]]
		unit_class:t = "det_trench_system_d"
		objLayer:i = 2
		props {
			army:i = 0
			active:b = true
		}
	}
	objectGroups {
		name:t = "objectGroups_21"
		tm:m = [[-0.916816, 0.0346757, 0.397803] [0.0318104, 0.999399, -0.0138024] [-0.398042, 0.0, -0.917367] [5133.79, 434.603, 25637.0]]
		unit_class:t = "det_trench_system_e"
		objLayer:i = 2
		props {
			army:i = 0
			active:b = true
		}
	}
	objectGroups {
		name:t = "objectGroups_22"
		tm:m = [[-0.917093, 0.0244146, 0.397923] [0.0223972, 0.999702, -0.00971799] [-0.398042, 0.0, -0.917367] [5155.98, 433.54, 25621.5]]
		unit_class:t = "det_trench_system_a"
		objLayer:i = 2
		props {
			army:i = 0
			active:b = true
		}
	}
	objectGroups {
		name:t = "objectGroups_23"
		tm:m = [[-0.917197, -0.0192548, 0.397968] [-0.0176637, 0.999815, 0.00766421] [-0.398042, 0.0, -0.917367] [5175.23, 433.104, 25603.7]]
		unit_class:t = "det_trench_system_c"
		objLayer:i = 2
		props {
			army:i = 0
			active:b = true
		}
	}
	objectGroups {
		name:t = "objectGroups_24"
		tm:m = [[-0.913551, -0.0911295, 0.396386] [-0.0835991, 0.995839, 0.0362733] [-0.398042, 0.0, -0.917367] [5195.14, 434.247, 25601.0]]
		unit_class:t = "det_trench_system_e"
		objLayer:i = 2
		props {
			army:i = 0
			active:b = true
		}
	}
	objectGroups {
		name:t = "objectGroups_26"
		tm:m = [[0.820364, 0.00775843, 0.571788] [-0.00636493, 0.99997, -0.00443632] [-0.571806, 0.0, 0.820389] [4808.44, 443.489, 26321.8]]
		unit_class:t = "det_trench_system_a"
		objLayer:i = 2
		props {
			army:i = 0
			active:b = true
		}
	}
	objectGroups {
		name:t = "objectGroups_27"
		tm:m = [[0.820388, -0.00134428, 0.571805] [0.00110283, 0.999999, 0.000768666] [-0.571806, 0.0, 0.820389] [4782.87, 443.5, 26314.9]]
		unit_class:t = "det_trench_system_c"
		objLayer:i = 2
		props {
			army:i = 0
			active:b = true
		}
	}
	objectGroups {
		name:t = "objectGroups_28"
		tm:m = [[0.820385, 0.00313019, 0.571803] [-0.00256798, 0.999995, -0.00178986] [-0.571806, 0.0, 0.820389] [4764.35, 443.684, 26294.7]]
		unit_class:t = "det_trench_system_d"
		objLayer:i = 2
		props {
			army:i = 0
			active:b = true
		}
	}
	objectGroups {
		name:t = "objectGroups_29"
		tm:m = [[0.818822, 0.0558813, 0.571322] [-0.0517234, 0.998384, -0.0235222] [-0.571713, -0.0102902, 0.820389] [4749.38, 443.683, 26273.8]]
		unit_class:t = "det_trench_system_e"
		objLayer:i = 2
		props {
			army:i = 0
			active:b = true
		}
	}
	objectGroups {
		name:t = "objectGroups_25"
		tm:m = [[0.992355, -0.0307492, -0.119526] [0.0267431, 0.99903, -0.0349778] [0.120486, 0.0315138, 0.992215] [4720.83, 443.198, 26268.0]]
		unit_class:t = "det_trench_system_d"
		objLayer:i = 2
		props {
			army:i = 0
			active:b = true
		}
	}
	objectGroups {
		name:t = "objectGroups_35"
		tm:m = [[0.820382, -0.00564517, 0.571788] [0.00997276, 0.99994, -0.00443632] [-0.571729, 0.00934178, 0.820389] [4966.85, 441.973, 26419.2]]
		unit_class:t = "det_trench_system_a"
		objLayer:i = 2
		props {
			army:i = 0
			active:b = true
		}
	}
	objectGroups {
		name:t = "objectGroups_36"
		tm:m = [[0.820257, -0.0147471, 0.571805] [0.01744, 0.999848, 0.000768666] [-0.571729, 0.00934178, 0.820389] [4941.27, 442.402, 26412.4]]
		unit_class:t = "det_trench_system_c"
		objLayer:i = 2
		props {
			army:i = 0
			active:b = true
		}
	}
	objectGroups {
		name:t = "objectGroups_37"
		tm:m = [[0.820327, -0.0102731, 0.571803] [0.0137696, 0.999904, -0.00178986] [-0.571729, 0.00934178, 0.820389] [4922.76, 442.604, 26392.1]]
		unit_class:t = "det_trench_system_d"
		objLayer:i = 2
		props {
			army:i = 0
			active:b = true
		}
	}
	objectGroups {
		name:t = "objectGroups_38"
		tm:m = [[0.819625, 0.0424965, 0.571322] [-0.0354055, 0.999096, -0.0235222] [-0.571805, -0.000948528, 0.820389] [4907.79, 442.726, 26371.2]]
		unit_class:t = "det_trench_system_e"
		objLayer:i = 2
		props {
			army:i = 0
			active:b = true
		}
	}
	objectGroups {
		name:t = "objectGroups_49"
		tm:m = [[0.789027, -0.0364574, 0.613277] [0.028785, 0.999335, 0.0223733] [-0.613684, 0.0, 0.789551] [5354.24, 446.3, 26620.7]]
		unit_class:t = "det_trench_system_a"
		objLayer:i = 2
		props {
			army:i = 0
			active:b = true
		}
	}
	objectGroups {
		name:t = "objectGroups_50"
		tm:m = [[0.789405, -0.0192548, 0.613571] [0.0152026, 0.999815, 0.0118164] [-0.613684, 0.0, 0.789551] [5329.61, 446.786, 26612.3]]
		unit_class:t = "det_trench_system_c"
		objLayer:i = 2
		props {
			army:i = 0
			active:b = true
		}
	}
	objectGroups {
		name:t = "objectGroups_51"
		tm:m = [[0.789463, -0.0149974, 0.613615] [0.0118413, 0.999888, 0.0092037] [-0.613684, 0.0, 0.789551] [5312.36, 447.01, 26591.0]]
		unit_class:t = "det_trench_system_d"
		objLayer:i = 2
		props {
			army:i = 0
			active:b = true
		}
	}
	objectGroups {
		name:t = "objectGroups_52"
		tm:m = [[0.789077, 0.0346757, 0.613315] [-0.0273783, 0.999399, -0.02128] [-0.613684, 0.0, 0.789551] [5298.58, 447.006, 26569.5]]
		unit_class:t = "det_trench_system_e"
		objLayer:i = 2
		props {
			army:i = 0
			active:b = true
		}
	}
	objectGroups {
		name:t = "objectGroups_53"
		tm:m = [[0.99796, -0.00941864, -0.0631415] [0.00641051, 0.998842, -0.0476754] [0.0635176, 0.0471734, 0.996865] [5270.61, 446.533, 26562.6]]
		unit_class:t = "det_trench_system_d"
		objLayer:i = 2
		props {
			army:i = 0
			active:b = true
		}
	}
	objectGroups {
		name:t = "objectGroups_54"
		tm:m = [[0.789406, 0.0192114, 0.613571] [-0.0151684, 0.999815, -0.0117897] [-0.613684, 0.0, 0.789551] [5242.43, 446.495, 26551.0]]
		unit_class:t = "det_trench_system_a"
		objLayer:i = 2
		props {
			army:i = 0
			active:b = true
		}
	}
	objectGroups {
		name:t = "objectGroups_55"
		tm:m = [[0.998895, 0.0167507, -0.0439076] [-0.0163069, 0.999813, 0.0104449] [0.0440743, -0.00971731, 0.998981] [5208.88, 445.915, 26542.1]]
		unit_class:t = "det_trench_system_d"
		objLayer:i = 2
		props {
			army:i = 0
			active:b = true
		}
	}
	objectGroups {
		name:t = "objectGroups_56"
		tm:m = [[0.967082, -0.0035942, -0.25444] [-0.00353633, 0.999614, -0.0275614] [0.254441, 0.027554, 0.966696] [5183.87, 445.811, 26536.9]]
		unit_class:t = "det_trench_system_e"
		objLayer:i = 2
		props {
			army:i = 0
			active:b = true
		}
	}
	objectGroups {
		name:t = "objectGroups_57"
		tm:m = [[0.789433, -0.0173386, 0.613592] [0.0136897, 0.99985, 0.0106404] [-0.613684, 0.0, 0.789551] [5160.34, 446.013, 26534.8]]
		unit_class:t = "det_trench_system_a"
		objLayer:i = 2
		props {
			army:i = 0
			active:b = true
		}
	}
	objectGroups {
		name:t = "objectGroups_58"
		tm:m = [[0.789405, -0.0192548, 0.613571] [0.0152026, 0.999815, 0.0118164] [-0.613684, 0.0, 0.789551] [5135.09, 446.021, 26526.6]]
		unit_class:t = "det_trench_system_c"
		objLayer:i = 2
		props {
			army:i = 0
			active:b = true
		}
	}
	objectGroups {
		name:t = "objectGroups_59"
		tm:m = [[0.789463, -0.0149974, 0.613615] [0.0118413, 0.999888, 0.0092037] [-0.613684, 0.0, 0.789551] [5117.58, 445.131, 26505.6]]
		unit_class:t = "det_trench_system_d"
		objLayer:i = 2
		props {
			army:i = 0
			active:b = true
		}
	}
	objectGroups {
		name:t = "objectGroups_60"
		tm:m = [[0.789077, 0.0346757, 0.613315] [-0.0273783, 0.999399, -0.02128] [-0.613684, 0.0, 0.789551] [5103.88, 444.793, 26483.5]]
		unit_class:t = "det_trench_system_e"
		objLayer:i = 2
		props {
			army:i = 0
			active:b = true
		}
	}
	objectGroups {
		name:t = "objectGroups_61"
		tm:m = [[0.789498, -0.0116801, 0.613643] [0.00922206, 0.999932, 0.00716786] [-0.613684, 0.0, 0.789551] [5079.59, 444.779, 26471.5]]
		unit_class:t = "det_trench_system_a"
		objLayer:i = 2
		props {
			army:i = 0
			active:b = true
		}
	}
	objectGroups {
		name:t = "objectGroups_62"
		tm:m = [[0.789405, -0.0192548, 0.613571] [0.0152026, 0.999815, 0.0118164] [-0.613684, 0.0, 0.789551] [5054.76, 444.745, 26463.1]]
		unit_class:t = "det_trench_system_c"
		objLayer:i = 2
		props {
			army:i = 0
			active:b = true
		}
	}
	objectGroups {
		name:t = "objectGroups_48"
		tm:m = [[0.789077, 0.0346757, 0.613315] [-0.0273783, 0.999399, -0.02128] [-0.613684, 0.0, 0.789551] [5042.73, 444.451, 26446.9]]
		unit_class:t = "det_trench_system_e"
		objLayer:i = 2
		props {
			army:i = 0
			active:b = true
		}
	}
	objectGroups {
		name:t = "objectGroups_31"
		tm:m = [[-0.912241, -0.0975909, 0.397858] [-0.101153, 0.994797, 0.0120835] [-0.396968, -0.0292214, -0.917367] [5281.91, 444.589, 25572.6]]
		unit_class:t = "det_trench_system_a"
		objLayer:i = 2
		props {
			army:i = 0
			active:b = true
		}
	}
	objectGroups {
		name:t = "objectGroups_32"
		tm:m = [[-0.913054, -0.0892894, 0.397945] [-0.0935397, 0.995577, 0.00876429] [-0.396968, -0.0292214, -0.917367] [5301.08, 446.621, 25555.0]]
		unit_class:t = "det_trench_system_c"
		objLayer:i = 2
		props {
			army:i = 0
			active:b = true
		}
	}
	objectGroups {
		name:t = "objectGroups_33"
		tm:m = [[-0.917796, 0.0037201, 0.397035] [-0.00818921, 0.999566, -0.0282961] [-0.396968, -0.0292214, -0.917367] [5328.68, 447.165, 25549.7]]
		unit_class:t = "det_trench_system_d"
		objLayer:i = 2
		props {
			army:i = 0
			active:b = true
		}
	}
	objectGroups {
		name:t = "objectGroups_34"
		tm:m = [[-0.917796, 0.0037201, 0.397035] [-0.00818921, 0.999566, -0.0282961] [-0.396968, -0.0292214, -0.917367] [5353.96, 447.878, 25547.7]]
		unit_class:t = "det_trench_system_e"
		objLayer:i = 2
		props {
			army:i = 0
			active:b = true
		}
	}
	objectGroups {
		name:t = "objectGroups_30"
		tm:m = [[-0.422942, 0.00308231, 0.906152] [-0.0162686, 0.999807, -0.0109943] [-0.906011, -0.0193918, -0.422811] [5373.9, 447.487, 25526.8]]
		unit_class:t = "det_trench_system_d"
		objLayer:i = 2
		props {
			army:i = 0
			active:b = true
		}
	}
	objectGroups {
		name:t = "objectGroups_78"
		tm:m = [[0.984909, -0.0713523, 0.157683] [0.0704551, 0.997451, 0.0112798] [-0.158086, 0.0, 0.987425] [1414.42, 461.574, 26325.7]]
		unit_class:t = "det_trench_system_a"
		objLayer:i = 2
		props {
			army:i = 0
			active:b = true
		}
	}
	objectGroups {
		name:t = "objectGroups_79"
		tm:m = [[0.987242, -0.0192548, 0.158057] [0.0190127, 0.999815, 0.00304392] [-0.158086, 0.0, 0.987425] [1388.77, 462.602, 26330.2]]
		unit_class:t = "det_trench_system_c"
		objLayer:i = 2
		props {
			army:i = 0
			active:b = true
		}
	}
	objectGroups {
		name:t = "objectGroups_80"
		tm:m = [[0.986847, -0.0342307, 0.157994] [0.0338002, 0.999414, 0.00541141] [-0.158086, 0.0, 0.987425] [1363.44, 464.558, 26319.9]]
		unit_class:t = "det_trench_system_d"
		objLayer:i = 2
		props {
			army:i = 0
			active:b = true
		}
	}
	objectGroups {
		name:t = "objectGroups_81"
		tm:m = [[0.986831, 0.0346757, 0.157991] [-0.0342397, 0.999399, -0.00548175] [-0.158086, 0.0, 0.987425] [1340.98, 465.247, 26307.6]]
		unit_class:t = "det_trench_system_e"
		objLayer:i = 2
		props {
			army:i = 0
			active:b = true
		}
	}
	objectGroups {
		name:t = "objectGroups_82"
		tm:m = [[0.844469, -0.00941864, -0.535521] [-0.0173193, 0.998842, -0.0448785] [0.535324, 0.0471734, 0.843329] [1313.15, 465.206, 26315.0]]
		unit_class:t = "det_trench_system_d"
		objLayer:i = 2
		props {
			army:i = 0
			active:b = true
		}
	}
	objectGroups {
		name:t = "objectGroups_83"
		tm:m = [[0.987243, 0.0192114, 0.158057] [-0.0189698, 0.999815, -0.00303706] [-0.158086, 0.0, 0.987425] [1282.85, 465.223, 26318.4]]
		unit_class:t = "det_trench_system_a"
		objLayer:i = 2
		props {
			army:i = 0
			active:b = true
		}
	}
	objectGroups {
		name:t = "objectGroups_84"
		tm:m = [[0.854544, 0.0167507, -0.51911] [-0.00926973, 0.999813, 0.0170024] [0.519297, -0.00971731, 0.854539] [1249.16, 465.182, 26326.7]]
		unit_class:t = "det_trench_system_d"
		objLayer:i = 2
		props {
			army:i = 0
			active:b = true
		}
	}
	objectGroups {
		name:t = "objectGroups_85"
		tm:m = [[0.725357, -0.0035942, -0.688363] [-0.0163613, 0.999614, -0.0224599] [0.688178, 0.027554, 0.725018] [1224.78, 465.133, 26334.3]]
		unit_class:t = "det_trench_system_e"
		objLayer:i = 2
		props {
			army:i = 0
			active:b = true
		}
	}
	objectGroups {
		name:t = "objectGroups_86"
		tm:m = [[0.987277, -0.0173386, 0.158063] [0.0171205, 0.99985, 0.00274099] [-0.158086, 0.0, 0.987425] [1203.12, 465.054, 26343.7]]
		unit_class:t = "det_trench_system_a"
		objLayer:i = 2
		props {
			army:i = 0
			active:b = true
		}
	}
	objectGroups {
		name:t = "objectGroups_87"
		tm:m = [[0.987242, -0.0192548, 0.158057] [0.0190127, 0.999815, 0.00304392] [-0.158086, 0.0, 0.987425] [1177.03, 465.046, 26348.7]]
		unit_class:t = "det_trench_system_c"
		objLayer:i = 2
		props {
			army:i = 0
			active:b = true
		}
	}
	objectGroups {
		name:t = "objectGroups_88"
		tm:m = [[0.987314, -0.0149974, 0.158069] [0.0148089, 0.999888, 0.0023709] [-0.158086, 0.0, 0.987425] [1151.56, 465.285, 26338.7]]
		unit_class:t = "det_trench_system_d"
		objLayer:i = 2
		props {
			army:i = 0
			active:b = true
		}
	}
	objectGroups {
