selected_tag:t = ""
bin_dump_file:t = ""
mission_settings {
	player {
		army:i = 1
		wing:t = "t1_player01"
		wing:t = "t1_player02"
		wing:t = "t1_player03"
		wing:t = "t1_player04"
		wing:t = "t1_player05"
		wing:t = "t1_player06"
		wing:t = "t1_player07"
		wing:t = "t1_player08"
		wing:t = "t1_player09"
		wing:t = "t1_player10"
		wing:t = "t1_player11"
		wing:t = "t1_player12"
		wing:t = "t1_player13"
		wing:t = "t1_player14"
		wing:t = "t1_player15"
		wing:t = "t1_player16"
		wing:t = "t1_player17"
		wing:t = "t1_player18"
		wing:t = "t1_player19"
		wing:t = "t1_player20"
		wing:t = "t1_player21"
		wing:t = "t1_player22"
		wing:t = "t1_player23"
		wing:t = "t1_player24"
		wing:t = "t1_player25"
		wing:t = "t1_player26"
		wing:t = "t1_player27"
		wing:t = "t1_player28"
		wing:t = "t1_player29"
		wing:t = "t1_player30"
		wing:t = "t1_player31"
		wing:t = "t1_player32"
	}
	player_teamB {
		army:i = 2
		wing:t = "t2_player01"
		wing:t = "t2_player02"
		wing:t = "t2_player03"
		wing:t = "t2_player04"
		wing:t = "t2_player05"
		wing:t = "t2_player06"
		wing:t = "t2_player07"
		wing:t = "t2_player08"
		wing:t = "t2_player09"
		wing:t = "t2_player10"
		wing:t = "t2_player11"
		wing:t = "t2_player12"
		wing:t = "t2_player13"
		wing:t = "t2_player14"
		wing:t = "t2_player15"
		wing:t = "t2_player16"
		wing:t = "t2_player17"
		wing:t = "t2_player18"
		wing:t = "t2_player19"
		wing:t = "t2_player20"
		wing:t = "t2_player21"
		wing:t = "t2_player22"
		wing:t = "t2_player23"
		wing:t = "t2_player24"
		wing:t = "t2_player25"
		wing:t = "t2_player26"
		wing:t = "t2_player27"
		wing:t = "t2_player28"
		wing:t = "t2_player29"
		wing:t = "t2_player30"
		wing:t = "t2_player31"
		wing:t = "t2_player32"
		wing:t = "t2_player33"
	}
	mission {
		level:t = "levels/avg_krymsk.bin"
		type:t = "domination"
		environment:t = "Day"
		weather:t = "hazy"
		locName:t = "missions/_Capt;krymsk/name"
		locDesc:t = "krymsk/desc;missions/_Capt/desc"
		scoreLimit:i = 10000
		timeLimit:i = 25
		deathPenaltyMul:r = 1
		ctaCaptureZoneEqualPenaltyMul:r = 0
		allowedKillStreaks:b = true
		country_axis:t = "germany"
		country_allies:t = "ussr"
		restoreType:t = "attempts"
		optionalTakeOff:b = false
		allowedUnitTypes {
			isAirplanesAllowed:b = true
			isTanksAllowed:b = true
			isShipsAllowed:b = false
			isHelicoptersAllowed:b = true
		}
	}
	spectator_points {

	}
	briefing {
		place_loc:t = ""
		date_loc:t = ""
		objective_loc:t = ""
		music:t = "action_01"
		part {
			event:t = ""
			minTime:i = 0
			slide {
				map:b = true
				minTime:i = 4
				picture:t = ""
				showAirMap:b = false
				icon {
					icontype:t = "mark"
					side:t = "neutral"
					target:t = "tcp_t1_capture_area_06"
				}
				icon {
					icontype:t = "tank"
					side:t = "ally"
					target:t = "t1_tank_spawn_01"
				}
				icon {
					icontype:t = "tank"
					side:t = "ally"
					target:t = "t1_tank_spawn_02"
				}
				icon {
					icontype:t = "tank"
					side:t = "enemy"
					target:t = "t2_tank_spawn_01"
				}
				icon {
					icontype:t = "tank"
					side:t = "enemy"
					target:t = "t2_tank_spawn_02"
				}
			}
		}
	}
}
imports {
	import_record {
		file:t = "gameData/missions/templates/tank_base_logic.blk"
		importAreas:b = true
		importUnits:b = true
		importTriggers:b = true
		importMissionObjectives:b = true
		importWayPoints:b = true
		showAreas:b = true
		showUnits:b = true
		showTriggers:b = true
		showMissionObjectives:b = true
		showWayPoints:b = true
		excludes {

		}
	}
	import_record {
		file:t = "gameData/missions/templates/tank_capturizer_template.blk"
		importAreas:b = true
		importUnits:b = true
		importTriggers:b = true
		importMissionObjectives:b = true
		importWayPoints:b = true
		showAreas:b = true
		showUnits:b = true
		showTriggers:b = true
		showMissionObjectives:b = true
		showWayPoints:b = true
		excludes {

		}
	}
	import_record {
		file:t = "gameData/missions/cta/tanks/krymsk/template_krymsk_air_spawns.blk"
		importAreas:b = true
		importUnits:b = true
		importTriggers:b = true
		importMissionObjectives:b = true
		importWayPoints:b = true
		showAreas:b = true
		showUnits:b = true
		showTriggers:b = true
		showMissionObjectives:b = true
		showWayPoints:b = true
		excludes {

		}
	}
	import_record {
		file:t = "gameData/missions/cta/tanks/krymsk/battleareas/template_krymsk_exclude_battleareas.blk"
		importAreas:b = true
		importUnits:b = true
		importTriggers:b = true
		importMissionObjectives:b = true
		importWayPoints:b = true
		showAreas:b = true
		showUnits:b = true
		showTriggers:b = true
		showMissionObjectives:b = true
		showWayPoints:b = true
		excludes {

		}
	}
}
triggers {
	isCategory:b = true
	is_enabled:b = true
	start_mission {
		is_enabled:b = true
		comments:t = ""
		props {
			actionsType:t = "PERFORM_ONE_BY_ONE"
			conditionsType:t = "ALL"
			enableAfterComplete:b = false
		}
		events {
			initMission {

			}
		}
		conditions {

		}
		actions {
			missionMarkAsRespawnPoint {
				loc_name:t = "missions/spawn_random"
				spawnEffect:b = false
				isAirfield:b = false
				isUnit:b = false
				radius:r = -1
				isStrictSpawn:b = false
				useExisting:b = false
				isIndividual:b = false
				removeAreas:b = false
				canSpawnOnNeutral:b = false
				showOnMap:b = true
				resetStrictSpawnIndex:b = false
				forceCreate:b = false
				onlyOnePlayerPerSpawnPoint:b = false
				replaceAreas:b = false
				target:t = "t1_tank_spawn_01"
				target:t = "t1_tank_spawn_02"
				team:t = "A"
				disableAfter:i = -1
				offset:p3 = 0, 0, 0
				tags {
					tank:b = true
				}
			}
			missionMarkAsRespawnPoint {
				loc_name:t = "missions/spawn_random"
				spawnEffect:b = false
				isAirfield:b = false
				isUnit:b = false
				radius:r = -1
				isStrictSpawn:b = false
				useExisting:b = false
				isIndividual:b = false
				removeAreas:b = false
				canSpawnOnNeutral:b = false
				showOnMap:b = true
				resetStrictSpawnIndex:b = false
				forceCreate:b = false
				onlyOnePlayerPerSpawnPoint:b = false
				replaceAreas:b = false
				target:t = "t2_tank_spawn_01"
				target:t = "t2_tank_spawn_02"
				team:t = "B"
				offset:p3 = 0, 0, 0
				tags {
					tank:b = true
				}
			}
			missionMarkAsRespawnPoint {
				loc_name:t = "missions/air_spawn1"
				spawnEffect:b = false
				isAirfield:b = false
				isUnit:b = false
				radius:r = -1
				isStrictSpawn:b = false
				useExisting:b = false
				isIndividual:b = false
				removeAreas:b = false
				canSpawnOnNeutral:b = false
				showOnMap:b = true
				resetStrictSpawnIndex:b = false
				forceCreate:b = false
				onlyOnePlayerPerSpawnPoint:b = false
				replaceAreas:b = false
				target:t = "t1_air_spawn"
				team:t = "A"
				offset:p3 = 0, 0, 0
				tags {
					tank:b = false
					artillery:b = false
				}
			}
			missionMarkAsRespawnPoint {
				loc_name:t = "missions/air_spawn1"
				spawnEffect:b = false
				isAirfield:b = false
				isUnit:b = false
				radius:r = -1
				isStrictSpawn:b = false
				useExisting:b = false
				isIndividual:b = false
				removeAreas:b = false
				canSpawnOnNeutral:b = false
				showOnMap:b = true
				resetStrictSpawnIndex:b = false
				forceCreate:b = false
				onlyOnePlayerPerSpawnPoint:b = false
				replaceAreas:b = false
				target:t = "t2_air_spawn"
				team:t = "B"
				offset:p3 = 0, 0, 0
				tags {
					tank:b = false
					artillery:b = false
				}
			}
			comment {
				value:t = "Vklyuchaem spavn artillerii"
			}
			missionMarkAsRespawnPoint {
				loc_name:t = ""
				spawnEffect:b = false
				isAirfield:b = false
				isUnit:b = false
				radius:r = -1
				isStrictSpawn:b = false
				useExisting:b = false
				isIndividual:b = false
				removeAreas:b = false
				canSpawnOnNeutral:b = false
				showOnMap:b = true
				resetStrictSpawnIndex:b = false
				forceCreate:b = false
				onlyOnePlayerPerSpawnPoint:b = false
				replaceAreas:b = false
				target:t = "t1_art_spawn01"
				target:t = "t1_art_spawn02"
				target:t = "t1_art_spawn03"
				target:t = "t1_art_spawn04"
				target:t = "t1_art_spawn05"
				target:t = "t1_art_spawn06"
				target:t = "t1_art_spawn07"
				target:t = "t1_art_spawn08"
				target:t = "t1_art_spawn09"
				target:t = "t1_art_spawn10"
				target:t = "t1_art_spawn11"
				target:t = "t1_art_spawn12"
				team:t = "A"
				offset:p3 = 0, 0, 0
				tags {
					artillery:b = true
				}
			}
			missionMarkAsRespawnPoint {
				loc_name:t = ""
				spawnEffect:b = false
				isAirfield:b = false
				isUnit:b = false
				radius:r = -1
				isStrictSpawn:b = false
				useExisting:b = false
				isIndividual:b = false
				removeAreas:b = false
				canSpawnOnNeutral:b = false
				showOnMap:b = true
				resetStrictSpawnIndex:b = false
				forceCreate:b = false
				onlyOnePlayerPerSpawnPoint:b = false
				replaceAreas:b = false
				target:t = "t1_art_spawn13"
				target:t = "t1_art_spawn14"
				target:t = "t1_art_spawn15"
				target:t = "t1_art_spawn16"
				team:t = "A"
				offset:p3 = 0, 0, 0
				tags {
					artillery:b = true
				}
			}
			missionMarkAsRespawnPoint {
				loc_name:t = ""
				spawnEffect:b = false
				isAirfield:b = false
				isUnit:b = false
				radius:r = -1
				isStrictSpawn:b = false
				useExisting:b = false
				isIndividual:b = false
				removeAreas:b = false
				canSpawnOnNeutral:b = false
				showOnMap:b = true
				resetStrictSpawnIndex:b = false
				forceCreate:b = false
				onlyOnePlayerPerSpawnPoint:b = false
				replaceAreas:b = false
				target:t = "t2_art_spawn01"
				target:t = "t2_art_spawn02"
				target:t = "t2_art_spawn03"
				target:t = "t2_art_spawn04"
				target:t = "t2_art_spawn05"
				target:t = "t2_art_spawn06"
				target:t = "t2_art_spawn07"
				target:t = "t2_art_spawn08"
				target:t = "t2_art_spawn09"
				target:t = "t2_art_spawn10"
				target:t = "t2_art_spawn11"
				target:t = "t2_art_spawn12"
				team:t = "B"
				offset:p3 = 0, 0, 0
				tags {
					artillery:b = true
				}
			}
			missionMarkAsRespawnPoint {
				loc_name:t = ""
				spawnEffect:b = false
				isAirfield:b = false
				isUnit:b = false
				radius:r = -1
				isStrictSpawn:b = false
				useExisting:b = false
				isIndividual:b = false
				removeAreas:b = false
				canSpawnOnNeutral:b = false
				showOnMap:b = true
				resetStrictSpawnIndex:b = false
				forceCreate:b = false
				onlyOnePlayerPerSpawnPoint:b = false
				replaceAreas:b = false
				target:t = "t2_art_spawn13"
				target:t = "t2_art_spawn14"
				target:t = "t2_art_spawn15"
				target:t = "t2_art_spawn16"
				team:t = "B"
				offset:p3 = 0, 0, 0
				tags {
					artillery:b = true
				}
			}
			unitSetProperties {
				object_marking:i = 0
				object_var_name:t = ""
				object_var_comp_op:t = "equal"
				object_var_value:i = 0
				object:t = "t1_aaa_squad"
				object:t = "t2_aaa_squad"
				accuracy:r = 0.6
				effShootingRate:r = 0.3
			}
			missionMarkAsRespawnPoint {
				loc_name:t = "missions/ground_spawn_east"
				spawnEffect:b = false
				isAirfield:b = false
				isUnit:b = false
				radius:r = -1
				isStrictSpawn:b = false
				useExisting:b = false
				isIndividual:b = false
				removeAreas:b = false
				canSpawnOnNeutral:b = false
				showOnMap:b = true
				resetStrictSpawnIndex:b = false
				forceCreate:b = false
				onlyOnePlayerPerSpawnPoint:b = false
				replaceAreas:b = false
				target:t = "t1_tank_spawn_01"
				team:t = "A"
				disableAfter:i = -1
				offset:p3 = 0, 0, 0
				tags {
					tank:b = true
				}
			}
			missionMarkAsRespawnPoint {
				loc_name:t = "missions/ground_spawn_west"
				spawnEffect:b = false
				isAirfield:b = false
				isUnit:b = false
				radius:r = -1
				isStrictSpawn:b = false
				useExisting:b = false
				isIndividual:b = false
				removeAreas:b = false
				canSpawnOnNeutral:b = false
				showOnMap:b = true
				resetStrictSpawnIndex:b = false
				forceCreate:b = false
				onlyOnePlayerPerSpawnPoint:b = false
				replaceAreas:b = false
				target:t = "t1_tank_spawn_02"
				team:t = "A"
				disableAfter:i = -1
				offset:p3 = 0, 0, 0
				tags {
					tank:b = true
				}
			}
			missionMarkAsRespawnPoint {
				loc_name:t = "missions/ground_spawn_south"
				spawnEffect:b = false
				isAirfield:b = false
				isUnit:b = false
				radius:r = -1
				isStrictSpawn:b = false
				useExisting:b = false
				isIndividual:b = false
				removeAreas:b = false
				canSpawnOnNeutral:b = false
				showOnMap:b = true
				resetStrictSpawnIndex:b = false
				forceCreate:b = false
				onlyOnePlayerPerSpawnPoint:b = false
				replaceAreas:b = false
				target:t = "t2_tank_spawn_01"
				team:t = "B"
				disableAfter:i = -1
				offset:p3 = 0, 0, 0
				tags {
					tank:b = true
				}
			}
			missionMarkAsRespawnPoint {
				loc_name:t = "missions/ground_spawn_north"
				spawnEffect:b = false
				isAirfield:b = false
				isUnit:b = false
				radius:r = -1
				isStrictSpawn:b = false
				useExisting:b = false
				isIndividual:b = false
				removeAreas:b = false
				canSpawnOnNeutral:b = false
				showOnMap:b = true
				resetStrictSpawnIndex:b = false
				forceCreate:b = false
				onlyOnePlayerPerSpawnPoint:b = false
				replaceAreas:b = false
				target:t = "t2_tank_spawn_02"
				team:t = "B"
				disableAfter:i = -1
				offset:p3 = 0, 0, 0
				tags {
					tank:b = true
				}
			}
		}
		else_actions {

		}
	}
}
mission_objectives {
	isCategory:b = true
	is_enabled:b = true
}
variables {

}
dialogs {

}
airfields {

}
effects {

}
units {
	objectGroups {
		name:t = "t1_trench_01"
		tm:m = [[-0.220915, -0.063841, 0.973202] [-0.0141322, 0.99796, 0.0622572] [-0.975191, 0.0, -0.221366] [3470.71, 253.298, 2386.0]]
		unit_class:t = "dynTrench_small_bunker_axis"
		objLayer:i = 2
		props {
			army:i = 0
			active:b = true
		}
	}
	objectGroups {
		name:t = "t1_trench_02"
		tm:m = [[-0.00843297, 0.00616277, 0.999946] [-0.0135863, 0.999888, -0.00627699] [-0.999872, -0.0136385, -0.0083483] [3798.03, 255.577, 1932.3]]
		unit_class:t = "dynTrench_small_bunker_axis"
		objLayer:i = 2
		props {
			army:i = 0
			active:b = true
		}
	}
	objectGroups {
		name:t = "t1_trench_03"
		tm:m = [[-0.976065, 0.0167811, 0.216833] [0.0288819, 0.99819, 0.052759] [-0.215555, 0.0577587, -0.974782] [2765.22, 222.554, 3150.0]]
		unit_class:t = "dynTrench_small_bunker_axis"
		objLayer:i = 2
		props {
			army:i = 0
			active:b = true
		}
	}
	objectGroups {
		name:t = "t1_trench_04"
		tm:m = [[-0.995949, -0.0417544, 0.0796392] [-0.0371734, 0.997615, 0.0581622] [-0.0818778, 0.0549661, -0.995126] [2273.25, 261.123, 3210.47]]
		unit_class:t = "dynTrench_small_bunker_axis"
		objLayer:i = 2
		props {
			army:i = 0
			active:b = true
		}
	}
	objectGroups {
		name:t = "t2_trench_01"
		tm:m = [[0.527748, -0.113745, -0.84175] [0.0599041, 0.99351, -0.0966942] [0.847286, 0.000605881, 0.531137] [877.6, 273.335, 1424.2]]
		unit_class:t = "dynTrench_small_bunker_axis"
		objLayer:i = 2
		props {
			army:i = 0
			active:b = true
		}
	}
	objectGroups {
		name:t = "t2_trench_02"
		tm:m = [[0.515501, 0.00959998, -0.856835] [0.150347, 0.983412, 0.101472] [0.843596, -0.181131, 0.505507] [1070.44, 278.681, 1077.7]]
		unit_class:t = "dynTrench_small_bunker_axis"
		objLayer:i = 2
		props {
			army:i = 0
			active:b = true
		}
	}
	objectGroups {
		name:t = "t2_trench_03"
		tm:m = [[0.990752, 0.108853, 0.0810058] [-0.115539, 0.989828, 0.0830186] [-0.0711449, -0.0916102, 0.99325] [1957.42, 304.062, 408.602]]
		unit_class:t = "dynTrench_small_bunker_axis"
		objLayer:i = 2
		props {
			army:i = 0
			active:b = true
		}
	}
	objectGroups {
		name:t = "t2_trench_04"
		tm:m = [[0.98676, 0.139039, 0.083504] [-0.14575, 0.986041, 0.0805054] [-0.0711449, -0.0916102, 0.99325] [2285.42, 346.079, 269.201]]
		unit_class:t = "dynTrench_small_bunker_axis"
		objLayer:i = 2
		props {
			army:i = 0
			active:b = true
		}
	}
	air_defence {
		name:t = "t1_aaa_01"
		tm:m = [[0.465955, 0.0, -0.884808] [0.0, 1.0, 0.0] [0.884808, 0.0, 0.465955] [2352.33, 240.947, 2518.2]]
		unit_class:t = "germ_20mmx4_flak38_noground"
		objLayer:i = 1
		closed_waypoints:b = false
		isShipSpline:b = false
		shipTurnRadius:r = 100
		weapons:t = ""
		bullets0:t = ""
		bullets1:t = ""
		bullets2:t = ""
		bullets3:t = ""
		bulletsCount0:i = 0
		bulletsCount1:i = 0
		bulletsCount2:i = 0
		bulletsCount3:i = 0
		props {
			army:i = 1
			count:i = 1
			formation_type:t = "rows"
			formation_div:i = 3
			formation_step:p2 = 2.5, 2
			formation_noise:p2 = 0.1, 0.1
			uniqueName:t = ""
			attack_type:t = "fire_at_will"
		}
		way {

		}
	}
	air_defence {
		name:t = "t1_aaa_02"
		tm:m = [[0.465955, 0.0, -0.884808] [0.0, 1.0, 0.0] [0.884808, 0.0, 0.465955] [2510.07, 223.783, 2488.8]]
		unit_class:t = "germ_20mmx4_flak38_noground"
		objLayer:i = 1
		closed_waypoints:b = false
		isShipSpline:b = false
		shipTurnRadius:r = 100
		weapons:t = ""
		bullets0:t = ""
		bullets1:t = ""
		bullets2:t = ""
		bullets3:t = ""
		bulletsCount0:i = 0
		bulletsCount1:i = 0
		bulletsCount2:i = 0
		bulletsCount3:i = 0
		props {
			army:i = 1
			count:i = 1
			formation_type:t = "rows"
			formation_div:i = 3
			formation_step:p2 = 2.5, 2
			formation_noise:p2 = 0.1, 0.1
			uniqueName:t = ""
			attack_type:t = "fire_at_will"
		}
		way {

		}
	}
	air_defence {
		name:t = "t1_aaa_03"
		tm:m = [[0.465955, 0.0, -0.884808] [0.0, 1.0, 0.0] [0.884808, 0.0, 0.465955] [2942.69, 168.611, 2628.3]]
		unit_class:t = "germ_20mmx4_flak38_noground"
		objLayer:i = 1
		closed_waypoints:b = false
		isShipSpline:b = false
		shipTurnRadius:r = 100
		weapons:t = ""
		bullets0:t = ""
		bullets1:t = ""
		bullets2:t = ""
		bullets3:t = ""
		bulletsCount0:i = 0
		bulletsCount1:i = 0
		bulletsCount2:i = 0
		bulletsCount3:i = 0
		props {
			army:i = 1
			count:i = 1
			formation_type:t = "rows"
			formation_div:i = 3
			formation_step:p2 = 2.5, 2
			formation_noise:p2 = 0.1, 0.1
			uniqueName:t = ""
			attack_type:t = "fire_at_will"
		}
		way {

		}
	}
	air_defence {
		name:t = "t1_aaa_04"
		tm:m = [[0.465955, 0.0, -0.884808] [0.0, 1.0, 0.0] [0.884808, 0.0, 0.465955] [3050.9, 176.658, 2535.7]]
		unit_class:t = "germ_20mmx4_flak38_noground"
		objLayer:i = 1
		closed_waypoints:b = false
		isShipSpline:b = false
		shipTurnRadius:r = 100
		weapons:t = ""
		bullets0:t = ""
		bullets1:t = ""
		bullets2:t = ""
		bullets3:t = ""
		bulletsCount0:i = 0
		bulletsCount1:i = 0
		bulletsCount2:i = 0
		bulletsCount3:i = 0
		props {
			army:i = 1
			count:i = 1
			formation_type:t = "rows"
			formation_div:i = 3
			formation_step:p2 = 2.5, 2
			formation_noise:p2 = 0.1, 0.1
			uniqueName:t = ""
			attack_type:t = "fire_at_will"
		}
		way {

		}
	}
	air_defence {
		name:t = "t1_aaa_05"
		tm:m = [[0.465955, 0.0, -0.884808] [0.0, 1.0, 0.0] [0.884808, 0.0, 0.465955] [3083.16, 168.983, 2699.0]]
		unit_class:t = "germ_20mmx4_flak38_noground"
		objLayer:i = 1
		closed_waypoints:b = false
		isShipSpline:b = false
		shipTurnRadius:r = 100
		weapons:t = ""
		bullets0:t = ""
		bullets1:t = ""
		bullets2:t = ""
		bullets3:t = ""
		bulletsCount0:i = 0
		bulletsCount1:i = 0
		bulletsCount2:i = 0
		bulletsCount3:i = 0
		props {
			army:i = 1
			count:i = 1
			formation_type:t = "rows"
			formation_div:i = 3
			formation_step:p2 = 2.5, 2
			formation_noise:p2 = 0.1, 0.1
			uniqueName:t = ""
			attack_type:t = "fire_at_will"
		}
		way {

		}
	}
	air_defence {
		name:t = "t1_aaa_06"
		tm:m = [[1.0, 0.0, 0.0] [0.0, 1.0, 0.0] [0.0, 0.0, 1.0] [3276.03, 280.639, 1078.4]]
		unit_class:t = "germ_20mmx4_flak38_noground"
		objLayer:i = 1
		closed_waypoints:b = false
		isShipSpline:b = false
		shipTurnRadius:r = 100
		weapons:t = ""
		bullets0:t = ""
		bullets1:t = ""
		bullets2:t = ""
		bullets3:t = ""
		bulletsCount0:i = 0
		bulletsCount1:i = 0
		bulletsCount2:i = 0
		bulletsCount3:i = 0
		props {
			army:i = 1
			count:i = 1
			formation_type:t = "rows"
			formation_div:i = 3
			formation_step:p2 = 2.5, 2
			formation_noise:p2 = 0.1, 0.1
			uniqueName:t = ""
			attack_type:t = "fire_at_will"
		}
		way {

		}
	}
	air_defence {
		name:t = "t1_aaa_07"
		tm:m = [[1.0, 0.0, 0.0] [0.0, 1.0, 0.0] [0.0, 0.0, 1.0] [3396.23, 277.659, 1165.3]]
		unit_class:t = "germ_20mmx4_flak38_noground"
		objLayer:i = 1
		closed_waypoints:b = false
		isShipSpline:b = false
		shipTurnRadius:r = 100
		weapons:t = ""
		bullets0:t = ""
		bullets1:t = ""
		bullets2:t = ""
		bullets3:t = ""
		bulletsCount0:i = 0
		bulletsCount1:i = 0
		bulletsCount2:i = 0
		bulletsCount3:i = 0
		props {
			army:i = 1
			count:i = 1
			formation_type:t = "rows"
			formation_div:i = 3
			formation_step:p2 = 2.5, 2
			formation_noise:p2 = 0.1, 0.1
			uniqueName:t = ""
			attack_type:t = "fire_at_will"
		}
		way {

		}
	}
	air_defence {
		name:t = "t1_aaa_08"
		tm:m = [[1.0, 0.0, 0.0] [0.0, 1.0, 0.0] [0.0, 0.0, 1.0] [3395.58, 273.705, 1277.6]]
		unit_class:t = "germ_20mmx4_flak38_noground"
		objLayer:i = 1
		closed_waypoints:b = false
		isShipSpline:b = false
		shipTurnRadius:r = 100
		weapons:t = ""
		bullets0:t = ""
		bullets1:t = ""
		bullets2:t = ""
		bullets3:t = ""
		bulletsCount0:i = 0
		bulletsCount1:i = 0
		bulletsCount2:i = 0
		bulletsCount3:i = 0
		props {
			army:i = 1
			count:i = 1
			formation_type:t = "rows"
			formation_div:i = 3
			formation_step:p2 = 2.5, 2
			formation_noise:p2 = 0.1, 0.1
			uniqueName:t = ""
			attack_type:t = "fire_at_will"
		}
		way {

		}
	}
	air_defence {
		name:t = "t1_aaa_09"
		tm:m = [[1.0, 0.0, 0.0] [0.0, 1.0, 0.0] [0.0, 0.0, 1.0] [3469.8, 297.6, 1465.2]]
		unit_class:t = "germ_20mmx4_flak38_noground"
		objLayer:i = 1
		closed_waypoints:b = false
		isShipSpline:b = false
		shipTurnRadius:r = 100
		weapons:t = ""
		bullets0:t = ""
		bullets1:t = ""
		bullets2:t = ""
		bullets3:t = ""
		bulletsCount0:i = 0
		bulletsCount1:i = 0
		bulletsCount2:i = 0
		bulletsCount3:i = 0
		props {
			army:i = 1
			count:i = 1
			formation_type:t = "rows"
			formation_div:i = 3
			formation_step:p2 = 2.5, 2
			formation_noise:p2 = 0.1, 0.1
			uniqueName:t = ""
			attack_type:t = "fire_at_will"
		}
		way {

		}
	}
	air_defence {
		name:t = "t1_aaa_10"
		tm:m = [[1.0, 0.0, 0.0] [0.0, 1.0, 0.0] [0.0, 0.0, 1.0] [3424.8, 297.6, 1725.4]]
		unit_class:t = "germ_20mmx4_flak38_noground"
		objLayer:i = 1
		closed_waypoints:b = false
		isShipSpline:b = false
		shipTurnRadius:r = 100
		weapons:t = ""
		bullets0:t = ""
		bullets1:t = ""
		bullets2:t = ""
		bullets3:t = ""
		bulletsCount0:i = 0
		bulletsCount1:i = 0
		bulletsCount2:i = 0
		bulletsCount3:i = 0
		props {
			army:i = 1
			count:i = 1
			formation_type:t = "rows"
			formation_div:i = 3
			formation_step:p2 = 2.5, 2
			formation_noise:p2 = 0.1, 0.1
			uniqueName:t = ""
			attack_type:t = "fire_at_will"
		}
		way {

		}
	}
	air_defence {
		name:t = "t1_aaa_11"
		tm:m = [[-0.978886, 0.0, 0.204407] [0.0, 1.0, 0.0] [-0.204407, 0.0, -0.978886] [2665.08, 211.431, 1864.5]]
		unit_class:t = "germ_20mmx4_flak38_noground"
		objLayer:i = 1
		closed_waypoints:b = false
		isShipSpline:b = false
		shipTurnRadius:r = 100
		weapons:t = ""
		bullets0:t = ""
		bullets1:t = ""
		bullets2:t = ""
		bullets3:t = ""
		bulletsCount0:i = 0
		bulletsCount1:i = 0
		bulletsCount2:i = 0
		bulletsCount3:i = 0
		props {
			army:i = 1
			count:i = 1
			formation_type:t = "rows"
			formation_div:i = 3
			formation_step:p2 = 2.5, 2
			formation_noise:p2 = 0.1, 0.1
			uniqueName:t = ""
			attack_type:t = "fire_at_will"
		}
		way {

		}
	}
	air_defence {
		name:t = "t1_aaa_12"
		tm:m = [[-0.609764, 0.0, 0.792583] [0.0, 1.0, 0.0] [-0.792583, 0.0, -0.609764] [2593.35, 206.449, 1770.0]]
		unit_class:t = "germ_20mmx4_flak38_noground"
		objLayer:i = 1
		closed_waypoints:b = false
		isShipSpline:b = false
		shipTurnRadius:r = 100
		weapons:t = ""
		bullets0:t = ""
		bullets1:t = ""
		bullets2:t = ""
		bullets3:t = ""
		bulletsCount0:i = 0
		bulletsCount1:i = 0
		bulletsCount2:i = 0
		bulletsCount3:i = 0
		props {
			army:i = 1
			count:i = 1
			formation_type:t = "rows"
			formation_div:i = 3
			formation_step:p2 = 2.5, 2
			formation_noise:p2 = 0.1, 0.1
			uniqueName:t = ""
			attack_type:t = "fire_at_will"
		}
		way {

		}
	}
	air_defence {
		name:t = "t1_aaa_13"
		tm:m = [[-0.843491, 0.0, 0.537144] [0.0, 1.0, 0.0] [-0.537144, 0.0, -0.843491] [2646.23, 214.423, 1806.9]]
		unit_class:t = "germ_20mmx4_flak38_noground"
		objLayer:i = 1
		closed_waypoints:b = false
		isShipSpline:b = false
		shipTurnRadius:r = 100
		weapons:t = ""
		bullets0:t = ""
		bullets1:t = ""
		bullets2:t = ""
		bullets3:t = ""
		bulletsCount0:i = 0
		bulletsCount1:i = 0
		bulletsCount2:i = 0
		bulletsCount3:i = 0
		props {
			army:i = 1
			count:i = 1
			formation_type:t = "rows"
			formation_div:i = 3
			formation_step:p2 = 2.5, 2
			formation_noise:p2 = 0.1, 0.1
			uniqueName:t = ""
			attack_type:t = "fire_at_will"
		}
		way {

		}
	}
	air_defence {
		name:t = "t1_aaa_14"
		tm:m = [[0.300706, 0.0, -0.953717] [0.0, 1.0, 0.0] [0.953717, 0.0, 0.300706] [2294.63, 263.142, 2604.3]]
		unit_class:t = "germ_20mmx4_flak38_noground"
		objLayer:i = 1
		closed_waypoints:b = false
		isShipSpline:b = false
		shipTurnRadius:r = 100
		weapons:t = ""
		bullets0:t = ""
		bullets1:t = ""
		bullets2:t = ""
		bullets3:t = ""
		bulletsCount0:i = 0
		bulletsCount1:i = 0
		bulletsCount2:i = 0
		bulletsCount3:i = 0
		props {
			army:i = 1
			count:i = 1
			formation_type:t = "rows"
			formation_div:i = 3
			formation_step:p2 = 2.5, 2
			formation_noise:p2 = 0.1, 0.1
			uniqueName:t = ""
			attack_type:t = "fire_at_will"
		}
		way {

		}
	}
	air_defence {
		name:t = "t1_aaa_15"
		tm:m = [[0.382683, 0.0, -0.92388] [0.0, 1.0, 0.0] [0.92388, 0.0, 0.382683] [2213.06, 267.754, 2609.5]]
		unit_class:t = "germ_20mmx4_flak38_noground"
		objLayer:i = 1
		closed_waypoints:b = false
		isShipSpline:b = false
		shipTurnRadius:r = 100
		weapons:t = ""
		bullets0:t = ""
		bullets1:t = ""
		bullets2:t = ""
		bullets3:t = ""
		bulletsCount0:i = 0
		bulletsCount1:i = 0
		bulletsCount2:i = 0
		bulletsCount3:i = 0
		props {
			army:i = 1
			count:i = 1
			formation_type:t = "rows"
			formation_div:i = 3
			formation_step:p2 = 2.5, 2
			formation_noise:p2 = 0.1, 0.1
			uniqueName:t = ""
			attack_type:t = "fire_at_will"
		}
		way {

		}
	}
	air_defence {
		name:t = "t2_aaa_01"
		tm:m = [[-0.551057, 0.0, 0.834467] [0.0, 1.0, 0.0] [-0.834467, 0.0, -0.551057] [2320.21, 354.237, 740.301]]
		unit_class:t = "germ_20mmx4_flak38_noground"
		objLayer:i = 1
		closed_waypoints:b = false
		isShipSpline:b = false
		shipTurnRadius:r = 100
		weapons:t = ""
		bullets0:t = ""
		bullets1:t = ""
		bullets2:t = ""
		bullets3:t = ""
		bulletsCount0:i = 0
		bulletsCount1:i = 0
		bulletsCount2:i = 0
		bulletsCount3:i = 0
		props {
			army:i = 2
			count:i = 1
			formation_type:t = "rows"
			formation_div:i = 3
			formation_step:p2 = 2.5, 2
			formation_noise:p2 = 0.1, 0.1
			uniqueName:t = ""
			attack_type:t = "fire_at_will"
		}
		way {

		}
	}
	air_defence {
		name:t = "t2_aaa_02"
		tm:m = [[-0.551057, 0.0, 0.834467] [0.0, 1.0, 0.0] [-0.834467, 0.0, -0.551057] [2452.0, 369.031, 762.5]]
		unit_class:t = "germ_20mmx4_flak38_noground"
		objLayer:i = 1
		closed_waypoints:b = false
		isShipSpline:b = false
		shipTurnRadius:r = 100
		weapons:t = ""
		bullets0:t = ""
		bullets1:t = ""
		bullets2:t = ""
		bullets3:t = ""
		bulletsCount0:i = 0
		bulletsCount1:i = 0
		bulletsCount2:i = 0
		bulletsCount3:i = 0
		props {
			army:i = 2
			count:i = 1
			formation_type:t = "rows"
			formation_div:i = 3
			formation_step:p2 = 2.5, 2
			formation_noise:p2 = 0.1, 0.1
			uniqueName:t = ""
			attack_type:t = "fire_at_will"
		}
		way {

		}
	}
	air_defence {
		name:t = "t2_aaa_04"
		tm:m = [[-0.551057, 0.0, 0.834467] [0.0, 1.0, 0.0] [-0.834467, 0.0, -0.551057] [1841.77, 277.96, 833.801]]
		unit_class:t = "germ_20mmx4_flak38_noground"
		objLayer:i = 1
		closed_waypoints:b = false
		isShipSpline:b = false
		shipTurnRadius:r = 100
		weapons:t = ""
		bullets0:t = ""
		bullets1:t = ""
		bullets2:t = ""
		bullets3:t = ""
		bulletsCount0:i = 0
		bulletsCount1:i = 0
		bulletsCount2:i = 0
		bulletsCount3:i = 0
		props {
			army:i = 2
			count:i = 1
			formation_type:t = "rows"
			formation_div:i = 3
			formation_step:p2 = 2.5, 2
			formation_noise:p2 = 0.1, 0.1
			uniqueName:t = ""
			attack_type:t = "fire_at_will"
		}
		way {

		}
	}
	air_defence {
		name:t = "t2_aaa_05"
		tm:m = [[-0.551057, 0.0, 0.834467] [0.0, 1.0, 0.0] [-0.834467, 0.0, -0.551057] [1825.79, 309.806, 668.201]]
		unit_class:t = "germ_20mmx4_flak38_noground"
		objLayer:i = 1
		closed_waypoints:b = false
		isShipSpline:b = false
		shipTurnRadius:r = 100
		weapons:t = ""
		bullets0:t = ""
		bullets1:t = ""
		bullets2:t = ""
		bullets3:t = ""
		bulletsCount0:i = 0
		bulletsCount1:i = 0
		bulletsCount2:i = 0
		bulletsCount3:i = 0
		props {
			army:i = 2
			count:i = 1
			formation_type:t = "rows"
			formation_div:i = 3
			formation_step:p2 = 2.5, 2
			formation_noise:p2 = 0.1, 0.1
			uniqueName:t = ""
			attack_type:t = "fire_at_will"
		}
		way {

		}
	}
	air_defence {
		name:t = "t2_aaa_06"
		tm:m = [[-0.995112, 0.0, -0.0987557] [0.0, 1.0, 0.0] [0.0987557, 0.0, -0.995112] [1525.87, 293.131, 1965.2]]
		unit_class:t = "germ_20mmx4_flak38_noground"
		objLayer:i = 1
		closed_waypoints:b = false
		isShipSpline:b = false
		shipTurnRadius:r = 100
		weapons:t = ""
		bullets0:t = ""
		bullets1:t = ""
		bullets2:t = ""
		bullets3:t = ""
		bulletsCount0:i = 0
		bulletsCount1:i = 0
		bulletsCount2:i = 0
		bulletsCount3:i = 0
		props {
			army:i = 2
			count:i = 1
			formation_type:t = "rows"
			formation_div:i = 3
			formation_step:p2 = 2.5, 2
			formation_noise:p2 = 0.1, 0.1
			uniqueName:t = ""
			attack_type:t = "fire_at_will"
		}
		way {

		}
	}
	air_defence {
		name:t = "t2_aaa_07"
		tm:m = [[-0.995112, 0.0, -0.0987557] [0.0, 1.0, 0.0] [0.0987557, 0.0, -0.995112] [1298.93, 300.112, 1871.4]]
		unit_class:t = "germ_20mmx4_flak38_noground"
		objLayer:i = 1
		closed_waypoints:b = false
		isShipSpline:b = false
		shipTurnRadius:r = 100
		weapons:t = ""
		bullets0:t = ""
		bullets1:t = ""
		bullets2:t = ""
		bullets3:t = ""
		bulletsCount0:i = 0
		bulletsCount1:i = 0
		bulletsCount2:i = 0
		bulletsCount3:i = 0
		props {
			army:i = 2
			count:i = 1
			formation_type:t = "rows"
			formation_div:i = 3
			formation_step:p2 = 2.5, 2
			formation_noise:p2 = 0.1, 0.1
			uniqueName:t = ""
			attack_type:t = "fire_at_will"
		}
		way {

		}
	}
	air_defence {
		name:t = "t2_aaa_08"
		tm:m = [[-0.995112, 0.0, -0.0987557] [0.0, 1.0, 0.0] [0.0987557, 0.0, -0.995112] [1361.32, 265.008, 1721.8]]
		unit_class:t = "germ_20mmx4_flak38_noground"
		objLayer:i = 1
		closed_waypoints:b = false
		isShipSpline:b = false
		shipTurnRadius:r = 100
		weapons:t = ""
		bullets0:t = ""
		bullets1:t = ""
		bullets2:t = ""
		bullets3:t = ""
		bulletsCount0:i = 0
		bulletsCount1:i = 0
		bulletsCount2:i = 0
		bulletsCount3:i = 0
		props {
			army:i = 2
			count:i = 1
			formation_type:t = "rows"
			formation_div:i = 3
			formation_step:p2 = 2.5, 2
			formation_noise:p2 = 0.1, 0.1
			uniqueName:t = ""
			attack_type:t = "fire_at_will"
		}
		way {

		}
	}
	air_defence {
		name:t = "t2_aaa_09"
		tm:m = [[-0.995112, 0.0, -0.0987557] [0.0, 1.0, 0.0] [0.0987557, 0.0, -0.995112] [1389.27, 251.175, 1616.6]]
		unit_class:t = "germ_20mmx4_flak38_noground"
		objLayer:i = 1
		closed_waypoints:b = false
		isShipSpline:b = false
		shipTurnRadius:r = 100
		weapons:t = ""
		bullets0:t = ""
		bullets1:t = ""
		bullets2:t = ""
		bullets3:t = ""
		bulletsCount0:i = 0
		bulletsCount1:i = 0
		bulletsCount2:i = 0
		bulletsCount3:i = 0
		props {
			army:i = 2
			count:i = 1
			formation_type:t = "rows"
			formation_div:i = 3
			formation_step:p2 = 2.5, 2
			formation_noise:p2 = 0.1, 0.1
			uniqueName:t = ""
			attack_type:t = "fire_at_will"
		}
		way {

		}
	}
	air_defence {
		name:t = "t2_aaa_10"
		tm:m = [[-0.995112, 0.0, -0.0987557] [0.0, 1.0, 0.0] [0.0987557, 0.0, -0.995112] [1315.58, 245.873, 1325.5]]
		unit_class:t = "germ_20mmx4_flak38_noground"
		objLayer:i = 1
		closed_waypoints:b = false
		isShipSpline:b = false
		shipTurnRadius:r = 100
		weapons:t = ""
		bullets0:t = ""
		bullets1:t = ""
		bullets2:t = ""
		bullets3:t = ""
		bulletsCount0:i = 0
		bulletsCount1:i = 0
		bulletsCount2:i = 0
		bulletsCount3:i = 0
		props {
			army:i = 2
			count:i = 1
			formation_type:t = "rows"
			formation_div:i = 3
			formation_step:p2 = 2.5, 2
			formation_noise:p2 = 0.1, 0.1
			uniqueName:t = ""
			attack_type:t = "fire_at_will"
		}
		way {

		}
	}
	air_defence {
		name:t = "t2_aaa_11"
		tm:m = [[-0.393421, 0.0, 0.919358] [0.0, 1.0, 0.0] [-0.919358, 0.0, -0.393421] [2550.33, 406.725, 570.201]]
		unit_class:t = "germ_20mmx4_flak38_noground"
		objLayer:i = 1
		closed_waypoints:b = false
		isShipSpline:b = false
		shipTurnRadius:r = 100
		weapons:t = ""
		bullets0:t = ""
		bullets1:t = ""
		bullets2:t = ""
		bullets3:t = ""
		bulletsCount0:i = 0
		bulletsCount1:i = 0
		bulletsCount2:i = 0
		bulletsCount3:i = 0
		props {
			army:i = 2
			count:i = 1
			formation_type:t = "rows"
			formation_div:i = 3
			formation_step:p2 = 2.5, 2
			formation_noise:p2 = 0.1, 0.1
			uniqueName:t = ""
			attack_type:t = "fire_at_will"
		}
		way {

		}
	}
	air_defence {
		name:t = "t2_aaa_12"
		tm:m = [[-0.472051, 0.0, 0.881572] [0.0, 1.0, 0.0] [-0.881572, 0.0, -0.472051] [2604.99, 403.318, 577.0]]
		unit_class:t = "germ_20mmx4_flak38_noground"
		objLayer:i = 1
		closed_waypoints:b = false
		isShipSpline:b = false
		shipTurnRadius:r = 100
		weapons:t = ""
		bullets0:t = ""
		bullets1:t = ""
		bullets2:t = ""
		bullets3:t = ""
		bulletsCount0:i = 0
		bulletsCount1:i = 0
		bulletsCount2:i = 0
		bulletsCount3:i = 0
		props {
			army:i = 2
			count:i = 1
			formation_type:t = "rows"
			formation_div:i = 3
			formation_step:p2 = 2.5, 2
			formation_noise:p2 = 0.1, 0.1
			uniqueName:t = ""
			attack_type:t = "fire_at_will"
		}
		way {

		}
	}
	air_defence {
		name:t = "t2_aaa_13"
		tm:m = [[-0.995112, 0.0, -0.0987557] [0.0, 1.0, 0.0] [0.0987557, 0.0, -0.995112] [1546.55, 286.399, 1891.8]]
		unit_class:t = "germ_20mmx4_flak38_noground"
		objLayer:i = 1
		closed_waypoints:b = false
		isShipSpline:b = false
		shipTurnRadius:r = 100
		weapons:t = ""
		bullets0:t = ""
		bullets1:t = ""
		bullets2:t = ""
		bullets3:t = ""
		bulletsCount0:i = 0
		bulletsCount1:i = 0
		bulletsCount2:i = 0
		bulletsCount3:i = 0
		props {
			army:i = 2
			count:i = 1
			formation_type:t = "rows"
			formation_div:i = 3
			formation_step:p2 = 2.5, 2
			formation_noise:p2 = 0.1, 0.1
			uniqueName:t = ""
			attack_type:t = "fire_at_will"
		}
		way {

		}
	}
	air_defence {
		name:t = "t2_aaa_14"
		tm:m = [[-0.995112, 0.0, -0.0987557] [0.0, 1.0, 0.0] [0.0987557, 0.0, -0.995112] [1543.36, 253.38, 1574.3]]
		unit_class:t = "germ_20mmx4_flak38_noground"
		objLayer:i = 1
		closed_waypoints:b = false
		isShipSpline:b = false
		shipTurnRadius:r = 100
		weapons:t = ""
		bullets0:t = ""
		bullets1:t = ""
		bullets2:t = ""
		bullets3:t = ""
		bulletsCount0:i = 0
		bulletsCount1:i = 0
		bulletsCount2:i = 0
		bulletsCount3:i = 0
		props {
			army:i = 2
			count:i = 1
			formation_type:t = "rows"
			formation_div:i = 3
			formation_step:p2 = 2.5, 2
			formation_noise:p2 = 0.1, 0.1
			uniqueName:t = ""
			attack_type:t = "fire_at_will"
		}
		way {

		}
	}
	air_defence {
		name:t = "t2_aaa_15"
		tm:m = [[-0.166356, 0.0, 0.986066] [0.0, 1.0, 0.0] [-0.986066, 0.0, -0.166356] [2106.68, 234.83, 1184.7]]
		unit_class:t = "germ_20mmx4_flak38_noground"
		objLayer:i = 1
		closed_waypoints:b = false
		isShipSpline:b = false
		shipTurnRadius:r = 100
		weapons:t = ""
		bullets0:t = ""
		bullets1:t = ""
		bullets2:t = ""
		bullets3:t = ""
		bulletsCount0:i = 0
		bulletsCount1:i = 0
		bulletsCount2:i = 0
		bulletsCount3:i = 0
		props {
			army:i = 2
			count:i = 1
			formation_type:t = "rows"
			formation_div:i = 3
			formation_step:p2 = 2.5, 2
			formation_noise:p2 = 0.1, 0.1
			uniqueName:t = ""
			attack_type:t = "fire_at_will"
		}
		way {

		}
	}
	air_defence {
		name:t = "t2_aaa_03"
		tm:m = [[-0.551057, 0.0, 0.834467] [0.0, 1.0, 0.0] [-0.834467, 0.0, -0.551057] [2197.01, 237.193, 1200.7]]
		unit_class:t = "germ_20mmx4_flak38_noground"
		objLayer:i = 1
		closed_waypoints:b = false
		isShipSpline:b = false
		shipTurnRadius:r = 100
		weapons:t = ""
		bullets0:t = ""
		bullets1:t = ""
		bullets2:t = ""
		bullets3:t = ""
		bulletsCount0:i = 0
		bulletsCount1:i = 0
		bulletsCount2:i = 0
		bulletsCount3:i = 0
		props {
			army:i = 2
			count:i = 1
			formation_type:t = "rows"
			formation_div:i = 3
			formation_step:p2 = 2.5, 2
			formation_noise:p2 = 0.1, 0.1
			uniqueName:t = ""
			attack_type:t = "fire_at_will"
		}
		way {

		}
	}
	squad {
		name:t = "t1_aaa_squad"
		tm:m = [[1.0, 0.0, 0.0] [0.0, 1.0, 0.0] [0.0, 0.0, 1.0] [4466.22, 201.497, 2866.0]]
		props {
			object_marking:i = 0
			squad_members:t = "t1_aaa_01"
			squad_members:t = "t1_aaa_02"
			squad_members:t = "t1_aaa_03"
			squad_members:t = "t1_aaa_04"
			squad_members:t = "t1_aaa_05"
			squad_members:t = "t1_aaa_06"
			squad_members:t = "t1_aaa_07"
			squad_members:t = "t1_aaa_08"
			squad_members:t = "t1_aaa_09"
			squad_members:t = "t1_aaa_10"
			squad_members:t = "t1_aaa_11"
			squad_members:t = "t1_aaa_12"
			squad_members:t = "t1_aaa_13"
			squad_members:t = "t1_aaa_14"
			squad_members:t = "t1_aaa_15"
		}
	}
	squad {
		name:t = "t2_aaa_squad"
		tm:m = [[1.0, 0.0, 0.0] [0.0, 1.0, 0.0] [0.0, 0.0, 1.0] [1527.35, 310.729, -130.899]]
		props {
			object_marking:i = 0
			squad_members:t = "t2_aaa_01"
			squad_members:t = "t2_aaa_02"
			squad_members:t = "t2_aaa_04"
			squad_members:t = "t2_aaa_05"
			squad_members:t = "t2_aaa_06"
			squad_members:t = "t2_aaa_07"
			squad_members:t = "t2_aaa_08"
			squad_members:t = "t2_aaa_09"
			squad_members:t = "t2_aaa_10"
			squad_members:t = "t2_aaa_11"
			squad_members:t = "t2_aaa_12"
			squad_members:t = "t2_aaa_13"
			squad_members:t = "t2_aaa_14"
			squad_members:t = "t2_aaa_15"
		}
	}
	objectGroups {
		name:t = "t1_airfield"
		tm:m = [[0.514233, 0.0, 0.85765] [0.0, 1.0, 0.0] [-0.85765, 0.0, 0.514233] [8682.31, 34.3794, 5418.7]]
		unit_class:t = "dynAF_krymsk_ally"
		objLayer:i = 2
		props {
			army:i = 1
			active:b = true
		}
	}
	objectGroups {
		name:t = "t2_airfield"
		tm:m = [[-0.953571, 0.0, 0.301168] [0.0, 1.0, 0.0] [-0.301168, 0.0, -0.953571] [-2777.96, 288.69, -3930.4]]
		unit_class:t = "dynAF_krymsk_ally"
		objLayer:i = 2
		props {
			army:i = 2
			active:b = true
		}
	}
	objectGroups {
		name:t = "barbwire_01"
		tm:m = [[0.627533, 0.0, -0.77859] [0.0, 1.0, 0.0] [0.77859, 0.0, 0.627533] [2675.86, 206.578, 1907.5]]
		unit_class:t = "tank_barbwire"
		objLayer:i = 2
		props {
			army:i = 0
			active:b = true
		}
	}
	armada {
		name:t = "t1_player01"
		tm:m = [[1.0, 0.0, 0.0] [0.0, 1.0, 0.0] [0.0, 0.0, 1.0] [3056.59, 382.279, 1767.4]]
		unit_class:t = "a5m4"
		objLayer:i = 1
		closed_waypoints:b = false
		isShipSpline:b = false
		shipTurnRadius:r = 100
		weapons:t = ""
		bullets0:t = ""
		bullets1:t = ""
		bullets2:t = ""
		bullets3:t = ""
		bulletsCount0:i = 0
		bulletsCount1:i = 0
		bulletsCount2:i = 0
		bulletsCount3:i = 0
		props {
			army:i = 2
			count:i = 1
			free_distance:r = 70
			floating_distance:r = 50
			minimum_distance_to_earth:r = 20
			altLimit:r = 6000
			attack_type:t = "fire_at_will"
			skill:i = 4
			player:b = true
			plane {
				wing_formation:t = "Diamond"
				row_distances:r = 3
				col_distances:r = 3
				super_formation:t = "Diamond"
				super_row_distances:r = 1.5
				super_col_distances:r = 1.5
				ai_skill:t = "NORMAL"
				task:t = "FLY_WAYPOINT"
			}
		}
		way {

		}
	}
}
areas {
	t1_tank_spawn_01 {
		type:t = "Sphere"
		tm:m = [[-50.1399, 0.0, -32.9544] [0.0, 60.0, 0.0] [32.9544, 0.0, -50.1399] [2766.09, 190.42, 2172.16]]
		props {

		}
	}
	t2_tank_spawn_01 {
		type:t = "Sphere"
		tm:m = [[57.6398, 0.0, 16.6627] [0.0, 60.0, 0.0] [-16.6627, 0.0, 57.6398] [1697.89, 218.926, 1166.38]]
		props {

		}
	}
	tcp_t1_capture_area_06 {
		type:t = "Cylinder"
		tm:m = [[23.7071, 0.0, 0.0] [0.0, 75.0, 0.0] [0.0, 0.0, 23.7071] [2182.28, 198.03, 1721.6]]
		props {

		}
	}
	t1_tank_spawn_02 {
		type:t = "Sphere"
		tm:m = [[-26.8874, 0.0, -38.0073] [0.0, 46.5563, 0.0] [38.0073, 0.0, -26.8874] [2239.32, 215.065, 2490.09]]
		props {

