selected_tag:t = ""
bin_dump_file:t = ""
mission_settings {
	player {
		army:i = 1
	}
	player_teamB {
		army:i = 2
	}
	mission {
		level:t = "levels/ruhr.bin"
		type:t = "domination"
		environment:t = "Day"
		weather:t = "clear"
	}
}
imports {

}
triggers {
	isCategory:b = true
	is_enabled:b = true
	airfileds_high_init {
		is_enabled:b = true
		comments:t = ""
		props {
			actionsType:t = "PERFORM_ONE_BY_ONE"
			conditionsType:t = "ALL"
			enableAfterComplete:b = false
		}
		events {
			initMission {

			}
		}
		conditions {

		}
		actions {
			unitSetProperties {
				object:t = "t1_def_aaa_high_squad"
				object:t = "t2_def_aaa_high_squad"
				object_marking:i = 0
				object_var_name:t = ""
				object_var_comp_op:t = "equal"
				object_var_value:i = 0
				accuracy:r = 0.9
				checkVisibilityTarget:b = true
				effShootingRate:r = 1
				airEffShootingRate:r = 1
				useSearchRadar:b = true
				fireRandom:b = true
				targetChangeInterval:r = 5
				targetChangeProb:r = 0.25
			}
		}
		else_actions {

		}
	}
}
mission_objectives {
	isCategory:b = true
	is_enabled:b = true
}
variables {

}
dialogs {

}
airfields {

}
effects {

}
units {
	objectGroups {
		name:t = "t2_airfield_high"
		tm:m = [[0.680156, 0.0, -0.733069] [0.0, 1.0, 0.0] [0.733069, 0.0, 0.680156] [5686.96, 1296.44, -21772.8]]
		unit_class:t = "dynaf_pg_1line_3000_green"
		objLayer:i = 2
		props {
			army:i = 2
			active:b = true
		}
	}
	objectGroups {
		name:t = "t1_airfield_high"
		tm:m = [[-0.71884, 0.0, 0.695176] [0.0, 1.0, 0.0] [-0.695176, 0.0, -0.71884] [-43793.0, 592.416, 13309.9]]
		unit_class:t = "dynaf_pg_1line_3000_green"
		objLayer:i = 2
		props {
			army:i = 1
			active:b = true
		}
	}
	tankModels {
		name:t = "t2_aaa_high_light_01"
		tm:m = [[0.703705, 0.0, -0.710489] [0.0, 1.0, 0.0] [0.710489, 0.0, 0.703705] [5808.41, 1296.44, -23246.1]]
		unit_class:t = "sw_veak_40"
		objLayer:i = 1
		closed_waypoints:b = false
		isShipSpline:b = false
		shipTurnRadius:r = 100
		weapons:t = ""
		bullets0:t = "40mm_sw_kan_HE"
		bullets1:t = ""
		bullets2:t = ""
		bullets3:t = ""
		bulletsCount0:i = 0
		bulletsCount1:i = 0
		bulletsCount2:i = 0
		bulletsCount3:i = 0
		crewSkillK:r = 0
		applyAllMods:b = false
		props {
			army:i = 2
			count:i = 1
			formation_type:t = "rows"
			formation_div:i = 3
			formation_step:p2 = 2.5, 2
			formation_noise:p2 = 0.1, 0.1
			uniqueName:t = ""
			attack_type:t = "fire_at_will"
		}
		way {

		}
	}
	tankModels {
		name:t = "t2_aaa_high_heavy_01"
		tm:m = [[0.703705, 0.0, -0.710489] [0.0, 1.0, 0.0] [0.710489, 0.0, 0.703705] [6210.58, 1296.44, -21847.2]]
		unit_class:t = "fr_amx_30_roland"
		objLayer:i = 1
		closed_waypoints:b = false
		isShipSpline:b = false
		shipTurnRadius:r = 100
		weapons:t = ""
		bullets0:t = ""
		bullets1:t = ""
		bullets2:t = ""
		bullets3:t = ""
		bulletsCount0:i = 0
		bulletsCount1:i = 0
		bulletsCount2:i = 0
		bulletsCount3:i = 0
		crewSkillK:r = 0
		applyAllMods:b = false
		props {
			army:i = 2
			count:i = 1
			formation_type:t = "rows"
			formation_div:i = 3
			formation_step:p2 = 2.5, 2
			formation_noise:p2 = 0.1, 0.1
			uniqueName:t = ""
			attack_type:t = "fire_at_will"
		}
		way {

		}
	}
	tankModels {
		name:t = "t2_aaa_high_light_02"
		tm:m = [[-0.734029, 0.0, 0.679117] [0.0, 1.0, 0.0] [-0.679117, 0.0, -0.734029] [6189.18, 1296.44, -21618.1]]
		unit_class:t = "sw_veak_40"
		objLayer:i = 1
		closed_waypoints:b = false
		isShipSpline:b = false
		shipTurnRadius:r = 100
		weapons:t = ""
		bullets0:t = "40mm_sw_kan_HE"
		bullets1:t = ""
		bullets2:t = ""
		bullets3:t = ""
		bulletsCount0:i = 0
		bulletsCount1:i = 0
		bulletsCount2:i = 0
		bulletsCount3:i = 0
		crewSkillK:r = 0
		applyAllMods:b = false
		props {
			army:i = 2
			count:i = 1
			formation_type:t = "rows"
			formation_div:i = 3
			formation_step:p2 = 2.5, 2
			formation_noise:p2 = 0.1, 0.1
			uniqueName:t = ""
			attack_type:t = "fire_at_will"
		}
		way {

		}
	}
	tankModels {
		name:t = "t2_aaa_high_light_03"
		tm:m = [[0.703705, 0.0, -0.710489] [0.0, 1.0, 0.0] [0.710489, 0.0, 0.703705] [4476.53, 1296.44, -21725.1]]
		unit_class:t = "sw_veak_40"
		objLayer:i = 1
		closed_waypoints:b = false
		isShipSpline:b = false
		shipTurnRadius:r = 100
		weapons:t = ""
		bullets0:t = "40mm_sw_kan_HE"
		bullets1:t = ""
		bullets2:t = ""
		bullets3:t = ""
		bulletsCount0:i = 0
		bulletsCount1:i = 0
		bulletsCount2:i = 0
		bulletsCount3:i = 0
		crewSkillK:r = 0
		applyAllMods:b = false
		props {
			army:i = 2
			count:i = 1
			formation_type:t = "rows"
			formation_div:i = 3
			formation_step:p2 = 2.5, 2
			formation_noise:p2 = 0.1, 0.1
			uniqueName:t = ""
			attack_type:t = "fire_at_will"
		}
		way {

		}
	}
	tankModels {
		name:t = "t2_aaa_high_light_04"
		tm:m = [[-0.840804, 0.0, 0.541337] [0.0, 1.0, 0.0] [-0.541337, 0.0, -0.840804] [5728.97, 1296.44, -21089.9]]
		unit_class:t = "sw_veak_40"
		objLayer:i = 1
		closed_waypoints:b = false
		isShipSpline:b = false
		shipTurnRadius:r = 100
		weapons:t = ""
		bullets0:t = "40mm_sw_kan_HE"
		bullets1:t = ""
		bullets2:t = ""
		bullets3:t = ""
		bulletsCount0:i = 0
		bulletsCount1:i = 0
		bulletsCount2:i = 0
		bulletsCount3:i = 0
		crewSkillK:r = 0
		applyAllMods:b = false
		props {
			army:i = 2
			count:i = 1
			formation_type:t = "rows"
			formation_div:i = 3
			formation_step:p2 = 2.5, 2
			formation_noise:p2 = 0.1, 0.1
			uniqueName:t = ""
			attack_type:t = "fire_at_will"
		}
		way {

		}
	}
	tankModels {
		name:t = "t2_aaa_high_heavy_02"
		tm:m = [[-0.734029, 0.0, 0.679117] [0.0, 1.0, 0.0] [-0.679117, 0.0, -0.734029] [5304.13, 1296.44, -22470.3]]
		unit_class:t = "fr_amx_30_roland"
		objLayer:i = 1
		closed_waypoints:b = false
		isShipSpline:b = false
		shipTurnRadius:r = 100
		weapons:t = ""
		bullets0:t = ""
		bullets1:t = ""
		bullets2:t = ""
		bullets3:t = ""
		bulletsCount0:i = 0
		bulletsCount1:i = 0
		bulletsCount2:i = 0
		bulletsCount3:i = 0
		crewSkillK:r = 0
		applyAllMods:b = false
		props {
			army:i = 2
			count:i = 1
			formation_type:t = "rows"
			formation_div:i = 3
			formation_step:p2 = 2.5, 2
			formation_noise:p2 = 0.1, 0.1
			uniqueName:t = ""
			attack_type:t = "fire_at_will"
		}
		way {

		}
	}
	squad {
		name:t = "t2_def_aaa_high_squad"
		tm:m = [[0.777056, 0.0, -0.629431] [0.0, 1.0, 0.0] [0.629431, 0.0, 0.777056] [-50108.3, 231.493, -20137.8]]
		props {
			squad_members:t = "t2_aaa_high_light_01"
			squad_members:t = "t2_aaa_high_light_02"
			squad_members:t = "t2_aaa_high_light_03"
			squad_members:t = "t2_aaa_high_light_04"
			squad_members:t = "t2_aaa_high_heavy_01"
			squad_members:t = "t2_aaa_high_heavy_02"
			object_marking:i = 0
		}
	}
	tankModels {
		name:t = "t1_aaa_high_light_01"
		tm:m = [[0.390979, 0.0, -0.920399] [0.0, 1.0, 0.0] [0.920399, 0.0, 0.390979] [-43980.2, 626.015, 14066.7]]
		unit_class:t = "sw_veak_40"
		objLayer:i = 1
		closed_waypoints:b = false
		isShipSpline:b = false
		shipTurnRadius:r = 100
		weapons:t = ""
		bullets0:t = "40mm_sw_kan_HE"
		bullets1:t = ""
		bullets2:t = ""
		bullets3:t = ""
		bulletsCount0:i = 0
		bulletsCount1:i = 0
		bulletsCount2:i = 0
		bulletsCount3:i = 0
		crewSkillK:r = 0
		applyAllMods:b = false
		props {
			army:i = 1
			count:i = 1
			formation_type:t = "rows"
			formation_div:i = 3
			formation_step:p2 = 2.5, 2
			formation_noise:p2 = 0.1, 0.1
			uniqueName:t = ""
			attack_type:t = "fire_at_will"
		}
		way {

		}
	}
	tankModels {
		name:t = "t1_aaa_high_heavy_01"
		tm:m = [[0.390979, 0.0, -0.920399] [0.0, 1.0, 0.0] [0.920399, 0.0, 0.390979] [-44687.5, 626.827, 13696.0]]
		unit_class:t = "fr_amx_30_roland"
		objLayer:i = 1
		closed_waypoints:b = false
		isShipSpline:b = false
		shipTurnRadius:r = 100
		weapons:t = ""
		bullets0:t = ""
		bullets1:t = ""
		bullets2:t = ""
		bullets3:t = ""
		bulletsCount0:i = 0
		bulletsCount1:i = 0
		bulletsCount2:i = 0
		bulletsCount3:i = 0
		crewSkillK:r = 0
		applyAllMods:b = false
		props {
			army:i = 1
			count:i = 1
			formation_type:t = "rows"
			formation_div:i = 3
			formation_step:p2 = 2.5, 2
			formation_noise:p2 = 0.1, 0.1
			uniqueName:t = ""
			attack_type:t = "fire_at_will"
		}
		way {

		}
	}
	tankModels {
		name:t = "t1_aaa_high_light_02"
		tm:m = [[-0.350458, 0.0, 0.936576] [0.0, 1.0, 0.0] [-0.936576, 0.0, -0.350458] [-44030.9, 626.95, 12999.2]]
		unit_class:t = "sw_veak_40"
		objLayer:i = 1
		closed_waypoints:b = false
		isShipSpline:b = false
		shipTurnRadius:r = 100
		weapons:t = ""
		bullets0:t = "40mm_sw_kan_HE"
		bullets1:t = ""
		bullets2:t = ""
		bullets3:t = ""
		bulletsCount0:i = 0
		bulletsCount1:i = 0
		bulletsCount2:i = 0
		bulletsCount3:i = 0
		crewSkillK:r = 0
		applyAllMods:b = false
		props {
			army:i = 1
			count:i = 1
			formation_type:t = "rows"
			formation_div:i = 3
			formation_step:p2 = 2.5, 2
			formation_noise:p2 = 0.1, 0.1
			uniqueName:t = ""
			attack_type:t = "fire_at_will"
		}
		way {

		}
	}
	tankModels {
		name:t = "t1_aaa_high_light_03"
		tm:m = [[0.390979, 0.0, -0.920399] [0.0, 1.0, 0.0] [0.920399, 0.0, 0.390979] [-42882.5, 626.158, 13057.2]]
		unit_class:t = "sw_veak_40"
		objLayer:i = 1
		closed_waypoints:b = false
		isShipSpline:b = false
		shipTurnRadius:r = 100
		weapons:t = ""
		bullets0:t = "40mm_sw_kan_HE"
		bullets1:t = ""
		bullets2:t = ""
		bullets3:t = ""
		bulletsCount0:i = 0
		bulletsCount1:i = 0
		bulletsCount2:i = 0
		bulletsCount3:i = 0
		crewSkillK:r = 0
		applyAllMods:b = false
		props {
			army:i = 1
			count:i = 1
			formation_type:t = "rows"
			formation_div:i = 3
			formation_step:p2 = 2.5, 2
			formation_noise:p2 = 0.1, 0.1
			uniqueName:t = ""
			attack_type:t = "fire_at_will"
		}
		way {

		}
	}
	tankModels {
		name:t = "t1_aaa_high_light_04"
		tm:m = [[-0.430757, 0.0, 0.902469] [0.0, 1.0, 0.0] [-0.902469, 0.0, -0.430757] [-43466.4, 627.393, 12499.0]]
		unit_class:t = "sw_veak_40"
		objLayer:i = 1
		closed_waypoints:b = false
		isShipSpline:b = false
		shipTurnRadius:r = 100
		weapons:t = ""
		bullets0:t = "40mm_sw_kan_HE"
		bullets1:t = ""
		bullets2:t = ""
		bullets3:t = ""
		bulletsCount0:i = 0
		bulletsCount1:i = 0
		bulletsCount2:i = 0
		bulletsCount3:i = 0
		crewSkillK:r = 0
		applyAllMods:b = false
		props {
			army:i = 1
			count:i = 1
			formation_type:t = "rows"
			formation_div:i = 3
			formation_step:p2 = 2.5, 2
			formation_noise:p2 = 0.1, 0.1
			uniqueName:t = ""
			attack_type:t = "fire_at_will"
		}
		way {

		}
	}
	tankModels {
		name:t = "t1_aaa_high_heavy_02"
		tm:m = [[-0.350458, 0.0, 0.936576] [0.0, 1.0, 0.0] [-0.936576, 0.0, -0.350458] [-43357.3, 625.401, 13486.1]]
		unit_class:t = "fr_amx_30_roland"
		objLayer:i = 1
		closed_waypoints:b = false
		isShipSpline:b = false
		shipTurnRadius:r = 100
		weapons:t = ""
		bullets0:t = ""
		bullets1:t = ""
		bullets2:t = ""
		bullets3:t = ""
		bulletsCount0:i = 0
		bulletsCount1:i = 0
		bulletsCount2:i = 0
		bulletsCount3:i = 0
		crewSkillK:r = 0
		applyAllMods:b = false
		props {
			army:i = 1
			count:i = 1
			formation_type:t = "rows"
			formation_div:i = 3
			formation_step:p2 = 2.5, 2
			formation_noise:p2 = 0.1, 0.1
			uniqueName:t = ""
			attack_type:t = "fire_at_will"
		}
		way {

		}
	}
	squad {
		name:t = "t1_def_aaa_high_squad"
		tm:m = [[0.361343, 0.0, -0.932432] [0.0, 1.0, 0.0] [0.932432, 0.0, 0.361343] [-47083.7, 554.405, 7769.26]]
		props {
			squad_members:t = "t1_aaa_high_light_01"
			squad_members:t = "t1_aaa_high_light_02"
			squad_members:t = "t1_aaa_high_light_03"
			squad_members:t = "t1_aaa_high_light_04"
			squad_members:t = "t1_aaa_high_heavy_01"
			squad_members:t = "t1_aaa_high_heavy_02"
			object_marking:i = 0
		}
	}
	objectGroups {
		name:t = "t2_airfield_high_reload"
		tm:m = [[-0.416983, 0.0, -0.908916] [0.0, 1.0, 0.0] [0.908916, 0.0, -0.416983] [-10991.9, 1762.6, -21540.8]]
		unit_class:t = "dynaf_pg_1line_3000_green"
		objLayer:i = 2
		props {
			army:i = 2
			active:b = true
		}
	}
	objectGroups {
		name:t = "t1_airfield_high_reload"
		tm:m = [[0.783056, 0.0, 0.621952] [0.0, 1.0, 0.0] [-0.621952, 0.0, 0.783056] [-22162.0, 1202.55, 19519.0]]
		unit_class:t = "dynaf_pg_1line_3000_green"
		objLayer:i = 2
		props {
			army:i = 1
			active:b = true
		}
	}
}
areas {
	t2_interceptor_area_high {
		type:t = "Sphere"
		tm:m = [[-4313.01, 0.0, -4171.09] [0.0, 6000.0, 0.0] [4171.09, 0.0, -4313.01] [6074.6, 3500.0, -22329.0]]
		props {

		}
	}
	t2_assault_high_spawn {
		type:t = "Sphere"
		tm:m = [[-208.305, 0.0, 215.892] [0.0, 300.0, 0.0] [-215.892, 0.0, -208.305] [511.854, 2500.0, -16578.5]]
		props {

		}
	}
	t2_aaa_fighter_area_high {
		type:t = "Sphere"
		tm:m = [[-2875.35, 0.0, -2780.75] [0.0, 4000.0, 0.0] [2780.75, 0.0, -2875.35] [6074.59, 4500.0, -22328.9]]
		props {

		}
	}
	t2_assault_area_high {
		type:t = "Sphere"
		tm:m = [[-11501.4, 0.0, -11122.9] [0.0, 16000.0, 0.0] [11122.9, 0.0, -11501.4] [6074.59, 2500.0, -22328.9]]
		props {

		}
	}
	t2_interceptor_high_spawn {
		type:t = "Sphere"
		tm:m = [[-198.95, 0.0, 224.542] [0.0, 300.0, 0.0] [-224.542, 0.0, -198.95] [8147.05, 2500.0, -24471.6]]
		props {

		}
	}
	t2_aaa_fighter_high_spawn {
		type:t = "Sphere"
		tm:m = [[-198.95, 0.0, 224.542] [0.0, 300.0, 0.0] [-224.542, 0.0, -198.95] [7460.26, 3500.0, -23761.5]]
		props {

		}
	}
	t2_far_bomber_high_spawn {
		type:t = "Sphere"
		tm:m = [[-198.95, 0.0, 224.542] [0.0, 300.0, 0.0] [-224.542, 0.0, -198.95] [4684.92, 6000.0, -20891.9]]
		props {

		}
	}
	t2_main_bomber_high_spawn {
		type:t = "Sphere"
		tm:m = [[-198.95, 0.0, 224.542] [0.0, 300.0, 0.0] [-224.542, 0.0, -198.95] [4336.94, 5000.0, -20532.0]]
		props {

		}
	}
	t2_far_bomber_area_high {
		type:t = "Sphere"
		tm:m = [[-2875.35, 0.0, -2780.75] [0.0, 4000.0, 0.0] [2780.75, 0.0, -2875.35] [6074.59, 6000.0, -22328.9]]
		props {

		}
	}
	t2_main_bomber_area_high {
		type:t = "Sphere"
		tm:m = [[-3594.17, 0.0, -3475.91] [0.0, 5000.0, 0.0] [3475.91, 0.0, -3594.17] [6074.59, 5000.0, -22328.9]]
		props {

		}
	}
	t1_interceptor_area_high {
		type:t = "Sphere"
		tm:m = [[4289.99, 0.0, 4194.77] [0.0, 6000.0, 0.0] [-4194.77, 0.0, 4289.99] [-43622.8, 3500.01, 13438.1]]
		props {

		}
	}
	t1_assault_high_spawn {
		type:t = "Sphere"
		tm:m = [[210.684, 0.0, -213.569] [0.0, 300.0, 0.0] [213.569, 0.0, 210.684] [-38030.3, 2500.0, 7718.59]]
		props {

		}
	}
	t1_aaa_fighter_area_high {
		type:t = "Sphere"
		tm:m = [[2859.99, 0.0, 2796.54] [0.0, 4000.0, 0.0] [-2796.54, 0.0, 2859.99] [-43622.8, 4500.0, 13438.1]]
		props {

		}
	}
	t1_assault_area_high {
		type:t = "Sphere"
		tm:m = [[11440.0, 0.0, 11186.0] [0.0, 16000.0, 0.0] [-11186.0, 0.0, 11440.0] [-43622.8, 2500.0, 13438.1]]
		props {

		}
	}
	t1_interceptor_high_spawn {
		type:t = "Sphere"
		tm:m = [[200.181, 0.0, -223.442] [0.0, 300.0, 0.0] [223.442, 0.0, 200.181] [-45707.1, 2500.0, 15569.1]]
		props {

		}
	}
	t1_aaa_fighter_high_spawn {
		type:t = "Sphere"
		tm:m = [[200.181, 0.0, -223.442] [0.0, 300.0, 0.0] [223.442, 0.0, 200.181] [-45016.4, 3500.0, 14862.9]]
		props {

		}
	}
	t1_far_bomber_high_spawn {
		type:t = "Sphere"
		tm:m = [[200.181, 0.0, -223.442] [0.0, 300.0, 0.0] [223.442, 0.0, 200.181] [-42225.3, 6000.01, 12008.4]]
		props {

		}
	}
	t1_main_bomber_high_spawn {
		type:t = "Sphere"
		tm:m = [[200.181, 0.0, -223.442] [0.0, 300.0, 0.0] [223.442, 0.0, 200.181] [-41875.3, 5000.0, 11650.3]]
		props {

		}
	}
	t1_far_bomber_area_high {
		type:t = "Sphere"
		tm:m = [[2859.99, 0.0, 2796.54] [0.0, 4000.0, 0.0] [-2796.54, 0.0, 2859.99] [-43622.8, 6000.0, 13438.1]]
		props {

		}
	}
	t1_main_bomber_area_high {
		type:t = "Sphere"
		tm:m = [[3574.95, 0.0, 3495.64] [0.0, 5000.0, 0.0] [-3495.64, 0.0, 3574.95] [-43622.8, 5000.0, 13438.1]]
		props {

		}
	}
	airfields_area_26km {
		type:t = "Sphere"
		tm:m = [[46777.0, 0.0, 22713.7] [0.0, 52000.0, 0.0] [-22713.7, 0.0, 46777.0] [-16810.8, 1594.93, -253.8]]
		objLayer:i = 4
		props {

		}
	}
	t1_common_fighters_high_spawn {
		type:t = "Sphere"
		tm:m = [[200.181, 0.0, -223.442] [0.0, 300.0, 0.0] [223.442, 0.0, 200.181] [-45707.1, 2000.01, 15569.1]]
		props {

		}
	}
	t2_common_fighters_high_spawn {
		type:t = "Sphere"
		tm:m = [[-198.95, 0.0, 224.542] [0.0, 300.0, 0.0] [-224.542, 0.0, -198.95] [8147.05, 2000.0, -24471.6]]
		props {

		}
	}
	t1_assault_additional_high_spawns_area {
		type:t = "Sphere"
		tm:m = [[11236.5, 0.0, -11390.3] [0.0, 16000.0, 0.0] [11390.3, 0.0, 11236.5] [-38030.3, 2500.0, 7718.59]]
		props {

		}
	}
	t1_assault_high_spawn_01 {
		type:t = "Sphere"
		tm:m = [[210.684, 0.0, -213.569] [0.0, 300.0, 0.0] [213.569, 0.0, 210.684] [-32335.7, 2500.0, 13336.3]]
		props {

		}
	}
	t1_assault_high_spawn_02 {
		type:t = "Sphere"
		tm:m = [[210.684, 0.0, -213.569] [0.0, 300.0, 0.0] [213.569, 0.0, 210.684] [-43725.4, 2500.0, 2100.3]]
		props {

		}
	}
	t2_assault_additional_high_spawns_area {
		type:t = "Sphere"
		tm:m = [[-11109.6, 0.0, 11514.2] [0.0, 16000.0, 0.0] [-11514.2, 0.0, -11109.6] [511.854, 2500.0, -16578.5]]
		props {

		}
	}
	t2_assault_high_spawn_01 {
		type:t = "Sphere"
		tm:m = [[-208.305, 0.0, 215.892] [0.0, 300.0, 0.0] [-215.892, 0.0, -208.305] [-5243.91, 2500.0, -22132.0]]
		props {

		}
	}
	t2_assault_high_spawn_02 {
		type:t = "Sphere"
		tm:m = [[-208.305, 0.0, 215.892] [0.0, 300.0, 0.0] [-215.892, 0.0, -208.305] [6269.17, 2500.0, -11023.7]]
		props {

		}
	}
	airfields_reload_area_20km {
		type:t = "Sphere"
		tm:m = [[35982.3, 0.0, 17472.1] [0.0, 40000.0, 0.0] [-17472.1, 0.0, 35982.3] [-16810.8, 1594.93, -253.8]]
		objLayer:i = 4
		props {

		}
	}
}
objLayers {
	layer {
		enabled:b = true
	}
	layer {
		enabled:b = true
	}
	layer {
		enabled:b = true
	}
	layer {
		enabled:b = true
	}
	layer {
		enabled:b = true
	}
}
wayPoints {

}