selected_tag:t = ""
bin_dump_file:t = ""
mission_settings {
	player {
		army:i = 1
	}
	player_teamB {
		army:i = 2
	}
	mission {
		type:t = "singleMission"
		level:t = "levels/avg_israel.bin"
		environment:t = "Day"
		weather:t = "hazy"
	}
}
imports {

}
triggers {
	isCategory:b = true
	is_enabled:b = true
}
mission_objectives {
	isCategory:b = true
	is_enabled:b = true
}
variables {

}
dialogs {

}
airfields {

}
effects {

}
units {
	objectGroups {
		name:t = "t1_helipad"
		tm:m = [[0.0016295, 0.0, -0.999998] [0.0, 1.0, 0.0] [0.999998, 0.0, 0.0016295] [2070.31, 89.2268, -2513.96]]
		unit_class:t = "dynHelipad_beton_a_ussr"
		objLayer:i = 2
		props {
			army:i = 1
			isDelayed:b = true
			active:b = true
		}
	}
	objectGroups {
		name:t = "t1_helipad_farspawn"
		tm:m = [[-0.272932, 0.0, -0.962032] [0.0, 1.0, 0.0] [0.962032, 0.0, -0.272932] [216.204, 346.122, -5109.01]]
		unit_class:t = "dynHelipad_beton_b_ussr"
		objLayer:i = 2
		props {
			army:i = 1
			isDelayed:b = true
			active:b = true
		}
	}
	objectGroups {
		name:t = "t2_helipad"
		tm:m = [[0.107516, -4.45331e-6, 0.994204] [5.27924e-5, 1.0, -1.2299e-6] [-0.994204, 5.26185e-5, 0.107516] [2725.19, 57.0734, 6080.43]]
		unit_class:t = "dynHelipad_beton_a_usa"
		objLayer:i = 2
		props {
			army:i = 2
			isDelayed:b = true
			active:b = true
		}
	}
	objectGroups {
		name:t = "t2_helipad_farspawn"
		tm:m = [[0.609246, 0.0, 0.792981] [0.0, 1.0, 0.0] [-0.792981, 0.0, 0.609246] [3320.07, 90.2571, 8897.84]]
		unit_class:t = "dynHelipad_beton_b_usa"
		objLayer:i = 2
		props {
			army:i = 2
			isDelayed:b = true
			active:b = true
		}
	}
	air_defence {
		name:t = "t2_helipad_defence_01"
		tm:m = [[-0.305991, 0.0, -0.952034] [0.0, 1.0, 0.0] [0.952034, 0.0, -0.305991] [2924.85, 55.6754, 6251.82]]
		unit_class:t = "germ_20mm_flak38_longrange_helipad"
		objLayer:i = 1
		closed_waypoints:b = false
		isShipSpline:b = false
		shipTurnRadius:r = 100
		weapons:t = ""
		bullets0:t = ""
		bullets1:t = ""
		bullets2:t = ""
		bullets3:t = ""
		bulletsCount0:i = 0
		bulletsCount1:i = 0
		bulletsCount2:i = 0
		bulletsCount3:i = 0
		crewSkillK:r = 0
		applyAllMods:b = false
		props {
			army:i = 2
			count:i = 1
			formation_type:t = "rows"
			formation_div:i = 3
			formation_step:p2 = 2.5, 2
			formation_noise:p2 = 0.1, 0.1
			uniqueName:t = ""
			attack_type:t = "fire_at_will"
		}
		way {

		}
	}
	air_defence {
		name:t = "t2_helipad_defence_02"
		tm:m = [[-0.305991, 0.0, -0.952034] [0.0, 1.0, 0.0] [0.952034, 0.0, -0.305991] [2885.48, 51.0104, 5838.25]]
		unit_class:t = "germ_20mm_flak38_longrange_helipad"
		objLayer:i = 1
		closed_waypoints:b = false
		isShipSpline:b = false
		shipTurnRadius:r = 100
		weapons:t = ""
		bullets0:t = ""
		bullets1:t = ""
		bullets2:t = ""
		bullets3:t = ""
		bulletsCount0:i = 0
		bulletsCount1:i = 0
		bulletsCount2:i = 0
		bulletsCount3:i = 0
		crewSkillK:r = 0
		applyAllMods:b = false
		props {
			army:i = 2
			count:i = 1
			formation_type:t = "rows"
			formation_div:i = 3
			formation_step:p2 = 2.5, 2
			formation_noise:p2 = 0.1, 0.1
			uniqueName:t = ""
			attack_type:t = "fire_at_will"
		}
		way {

		}
	}
	air_defence {
		name:t = "t2_helipad_defence_03"
		tm:m = [[-0.305991, 0.0, -0.952034] [0.0, 1.0, 0.0] [0.952034, 0.0, -0.305991] [2650.97, 38.0384, 6244.22]]
		unit_class:t = "germ_20mm_flak38_helipad"
		objLayer:i = 1
		closed_waypoints:b = false
		isShipSpline:b = false
		shipTurnRadius:r = 100
		weapons:t = ""
		bullets0:t = ""
		bullets1:t = ""
		bullets2:t = ""
		bullets3:t = ""
		bulletsCount0:i = 0
		bulletsCount1:i = 0
		bulletsCount2:i = 0
		bulletsCount3:i = 0
		crewSkillK:r = 0
		applyAllMods:b = false
		props {
			army:i = 2
			count:i = 1
			formation_type:t = "rows"
			formation_div:i = 3
			formation_step:p2 = 2.5, 2
			formation_noise:p2 = 0.1, 0.1
			uniqueName:t = ""
			attack_type:t = "fire_at_will"
		}
		way {

		}
	}
	air_defence {
		name:t = "t2_helipad_defence_04"
		tm:m = [[-0.305991, 0.0, -0.952034] [0.0, 1.0, 0.0] [0.952034, 0.0, -0.305991] [2640.54, 33.6424, 5873.5]]
		unit_class:t = "germ_20mm_flak38_helipad"
		objLayer:i = 1
		closed_waypoints:b = false
		isShipSpline:b = false
		shipTurnRadius:r = 100
		weapons:t = ""
		bullets0:t = ""
		bullets1:t = ""
		bullets2:t = ""
		bullets3:t = ""
		bulletsCount0:i = 0
		bulletsCount1:i = 0
		bulletsCount2:i = 0
		bulletsCount3:i = 0
		crewSkillK:r = 0
		applyAllMods:b = false
		props {
			army:i = 2
			count:i = 1
			formation_type:t = "rows"
			formation_div:i = 3
			formation_step:p2 = 2.5, 2
			formation_noise:p2 = 0.1, 0.1
			uniqueName:t = ""
			attack_type:t = "fire_at_will"
		}
		way {

		}
	}
	squad {
		name:t = "t2_helipad_aaa_squad"
		tm:m = [[-0.305991, 0.0, -0.952034] [0.0, 1.0, 0.0] [0.952034, 0.0, -0.305991] [2775.46, 55.6764, 6051.94]]
		props {
			object_marking:i = 0
			squad_members:t = "t2_helipad_defence_04"
			squad_members:t = "t2_helipad_defence_02"
			squad_members:t = "t2_helipad_defence_01"
			squad_members:t = "t2_helipad_defence_03"
		}
	}
	air_defence {
		name:t = "t1_helipad_defence_01"
		tm:m = [[0.272587, 0.0, 0.962131] [0.0, 1.0, 0.0] [-0.962131, 0.0, 0.272587] [1942.75, 84.5698, -2728.94]]
		unit_class:t = "germ_20mm_flak38_longrange_helipad"
		objLayer:i = 1
		closed_waypoints:b = false
		isShipSpline:b = false
		shipTurnRadius:r = 100
		weapons:t = ""
		bullets0:t = ""
		bullets1:t = ""
		bullets2:t = ""
		bullets3:t = ""
		bulletsCount0:i = 0
		bulletsCount1:i = 0
		bulletsCount2:i = 0
		bulletsCount3:i = 0
		crewSkillK:r = 0
		applyAllMods:b = false
		props {
			army:i = 1
			count:i = 1
			formation_type:t = "rows"
			formation_div:i = 3
			formation_step:p2 = 2.5, 2
			formation_noise:p2 = 0.1, 0.1
			uniqueName:t = ""
			attack_type:t = "fire_at_will"
		}
		way {

		}
	}
	air_defence {
		name:t = "t1_helipad_defence_02"
		tm:m = [[0.272587, 0.0, 0.962131] [0.0, 1.0, 0.0] [-0.962131, 0.0, 0.272587] [2186.56, 96.1168, -2721.08]]
		unit_class:t = "germ_20mm_flak38_longrange_helipad"
		objLayer:i = 1
		closed_waypoints:b = false
		isShipSpline:b = false
		shipTurnRadius:r = 100
		weapons:t = ""
		bullets0:t = ""
		bullets1:t = ""
		bullets2:t = ""
		bullets3:t = ""
		bulletsCount0:i = 0
		bulletsCount1:i = 0
		bulletsCount2:i = 0
		bulletsCount3:i = 0
		crewSkillK:r = 0
		applyAllMods:b = false
		props {
			army:i = 1
			count:i = 1
			formation_type:t = "rows"
			formation_div:i = 3
			formation_step:p2 = 2.5, 2
			formation_noise:p2 = 0.1, 0.1
			uniqueName:t = ""
			attack_type:t = "fire_at_will"
		}
		way {

		}
	}
	air_defence {
		name:t = "t1_helipad_defence_03"
		tm:m = [[0.272587, 0.0, 0.962131] [0.0, 1.0, 0.0] [-0.962131, 0.0, 0.272587] [2213.68, 74.7638, -2340.94]]
		unit_class:t = "germ_20mm_flak38_helipad"
		objLayer:i = 1
		closed_waypoints:b = false
		isShipSpline:b = false
		shipTurnRadius:r = 100
		weapons:t = ""
		bullets0:t = ""
		bullets1:t = ""
		bullets2:t = ""
		bullets3:t = ""
		bulletsCount0:i = 0
		bulletsCount1:i = 0
		bulletsCount2:i = 0
		bulletsCount3:i = 0
		crewSkillK:r = 0
		applyAllMods:b = false
		props {
			army:i = 1
			count:i = 1
			formation_type:t = "rows"
			formation_div:i = 3
			formation_step:p2 = 2.5, 2
			formation_noise:p2 = 0.1, 0.1
			uniqueName:t = ""
			attack_type:t = "fire_at_will"
		}
		way {

		}
	}
	air_defence {
		name:t = "t1_helipad_defence_04"
		tm:m = [[0.272587, 0.0, 0.962131] [0.0, 1.0, 0.0] [-0.962131, 0.0, 0.272587] [2041.38, 87.1588, -2283.52]]
		unit_class:t = "germ_20mm_flak38_helipad"
		objLayer:i = 1
		closed_waypoints:b = false
		isShipSpline:b = false
		shipTurnRadius:r = 100
		weapons:t = ""
		bullets0:t = ""
		bullets1:t = ""
		bullets2:t = ""
		bullets3:t = ""
		bulletsCount0:i = 0
		bulletsCount1:i = 0
		bulletsCount2:i = 0
		bulletsCount3:i = 0
		crewSkillK:r = 0
		applyAllMods:b = false
		props {
			army:i = 1
			count:i = 1
			formation_type:t = "rows"
			formation_div:i = 3
			formation_step:p2 = 2.5, 2
			formation_noise:p2 = 0.1, 0.1
			uniqueName:t = ""
			attack_type:t = "fire_at_will"
		}
		way {

		}
	}
	squad {
		name:t = "t1_helipad_aaa_squad"
		tm:m = [[-0.305991, 0.0, -0.952034] [0.0, 1.0, 0.0] [0.952034, 0.0, -0.305991] [2085.07, 85.6518, -2523.98]]
		props {
			object_marking:i = 0
			squad_members:t = "t1_helipad_defence_04"
			squad_members:t = "t1_helipad_defence_03"
			squad_members:t = "t1_helipad_defence_02"
			squad_members:t = "t1_helipad_defence_01"
		}
	}
}
areas {
	heli_4000 {
		type:t = "Sphere"
		tm:m = [[508.877, 0.0, 7983.79] [0.0, 8000.0, 0.0] [-7983.79, 0.0, 508.877] [2496.49, 213.438, 1825.57]]
		objLayer:i = 4
		props {

		}
	}
	heli_7200 {
		type:t = "Sphere"
		tm:m = [[890.541, 0.0, 13971.7] [0.0, 14000.0, 0.0] [-13971.7, 0.0, 890.541] [2496.49, 309.515, 1825.57]]
		objLayer:i = 4
		props {

		}
	}
}
objLayers {
	layer {
		enabled:b = true
	}
	layer {
		enabled:b = true
	}
	layer {
		enabled:b = true
	}
	layer {
		enabled:b = true
	}
	layer {
		enabled:b = true
	}
}
wayPoints {

}