selected_tag:t = ""
bin_dump_file:t = ""
mission_settings {
	player {
		army:i = 1
	}
	player_teamB {
		army:i = 2
	}
	mission {
		level:t = "levels/ruhr.bin"
		type:t = "domination"
		environment:t = "Day"
		weather:t = "clear"
	}
}
imports {

}
triggers {
	isCategory:b = true
	is_enabled:b = true
	airfileds_high_init {
		is_enabled:b = true
		comments:t = ""
		props {
			actionsType:t = "PERFORM_ONE_BY_ONE"
			conditionsType:t = "ALL"
			enableAfterComplete:b = false
		}
		events {
			periodicEvent {
				time:r = 1
			}
		}
		conditions {

		}
		actions {
			unitSetProperties {
				object:t = "t1_def_aaa_high_squad"
				object:t = "t2_def_aaa_high_squad"
				object_marking:i = 0
				object_var_name:t = ""
				object_var_comp_op:t = "equal"
				object_var_value:i = 0
				accuracy:r = 0.9
				checkVisibilityTarget:b = true
				effShootingRate:r = 1
				airEffShootingRate:r = 1
				useSearchRadar:b = true
				fireRandom:b = true
				targetChangeInterval:r = 5
				targetChangeProb:r = 0.25
			}
		}
		else_actions {

		}
	}
}
mission_objectives {
	isCategory:b = true
	is_enabled:b = true
}
variables {

}
dialogs {

}
airfields {

}
effects {

}
units {
	objectGroups {
		name:t = "t2_airfield_high"
		tm:m = [[0.765684, 0.0, 0.643218] [0.0, 1.0, 0.0] [-0.643218, 0.0, 0.765684] [36127.0, 181.328, -1066.84]]
		unit_class:t = "dynaf_pg_1line_3000_universal"
		objLayer:i = 2
		props {
			army:i = 2
			active:b = true
		}
	}
	objectGroups {
		name:t = "t1_airfield_high"
		tm:m = [[-0.408163, 0.0, -0.912909] [0.0, 1.0, 0.0] [0.912909, 0.0, -0.408163] [5115.3, 85.7744, -46730.0]]
		unit_class:t = "dynaf_pg_1line_3000_universal"
		objLayer:i = 2
		props {
			army:i = 1
			active:b = true
		}
	}
	tankModels {
		name:t = "t2_aaa_high_light_01"
		tm:m = [[0.744292, 0.0, 0.667852] [0.0, 1.0, 0.0] [-0.667852, 0.0, 0.744292] [37604.6, 193.078, -1018.09]]
		unit_class:t = "sw_veak_40"
		objLayer:i = 1
		closed_waypoints:b = false
		isShipSpline:b = false
		shipTurnRadius:r = 100
		weapons:t = ""
		bullets0:t = "40mm_sw_kan_HE"
		bullets1:t = ""
		bullets2:t = ""
		bullets3:t = ""
		bulletsCount0:i = 0
		bulletsCount1:i = 0
		bulletsCount2:i = 0
		bulletsCount3:i = 0
		crewSkillK:r = 0
		applyAllMods:b = false
		props {
			army:i = 2
			count:i = 1
			formation_type:t = "rows"
			formation_div:i = 3
			formation_step:p2 = 2.5, 2
			formation_noise:p2 = 0.1, 0.1
			uniqueName:t = ""
			attack_type:t = "fire_at_will"
		}
		way {

		}
	}
	tankModels {
		name:t = "t2_aaa_high_heavy_01"
		tm:m = [[0.744292, 0.0, 0.667852] [0.0, 1.0, 0.0] [-0.667852, 0.0, 0.744292] [36227.2, 176.91, -547.521]]
		unit_class:t = "fr_amx_30_roland"
		objLayer:i = 1
		closed_waypoints:b = false
		isShipSpline:b = false
		shipTurnRadius:r = 100
		weapons:t = ""
		bullets0:t = ""
		bullets1:t = ""
		bullets2:t = ""
		bullets3:t = ""
		bulletsCount0:i = 0
		bulletsCount1:i = 0
		bulletsCount2:i = 0
		bulletsCount3:i = 0
		crewSkillK:r = 0
		applyAllMods:b = false
		props {
			army:i = 2
			count:i = 1
			formation_type:t = "rows"
			formation_div:i = 3
			formation_step:p2 = 2.5, 2
			formation_noise:p2 = 0.1, 0.1
			uniqueName:t = ""
			attack_type:t = "fire_at_will"
		}
		way {

		}
	}
	tankModels {
		name:t = "t2_aaa_high_light_02"
		tm:m = [[-0.714452, 0.0, -0.699684] [0.0, 1.0, 0.0] [0.699684, 0.0, -0.714452] [35997.3, 190.896, -557.613]]
		unit_class:t = "sw_veak_40"
		objLayer:i = 1
		closed_waypoints:b = false
		isShipSpline:b = false
		shipTurnRadius:r = 100
		weapons:t = ""
		bullets0:t = "40mm_sw_kan_HE"
		bullets1:t = ""
		bullets2:t = ""
		bullets3:t = ""
		bulletsCount0:i = 0
		bulletsCount1:i = 0
		bulletsCount2:i = 0
		bulletsCount3:i = 0
		crewSkillK:r = 0
		applyAllMods:b = false
		props {
			army:i = 2
			count:i = 1
			formation_type:t = "rows"
			formation_div:i = 3
			formation_step:p2 = 2.5, 2
			formation_noise:p2 = 0.1, 0.1
			uniqueName:t = ""
			attack_type:t = "fire_at_will"
		}
		way {

		}
	}
	tankModels {
		name:t = "t2_aaa_high_light_03"
		tm:m = [[0.744292, 0.0, 0.667852] [0.0, 1.0, 0.0] [-0.667852, 0.0, 0.744292] [36019.8, 194.738, -2273.43]]
		unit_class:t = "sw_veak_40"
		objLayer:i = 1
		closed_waypoints:b = false
		isShipSpline:b = false
		shipTurnRadius:r = 100
		weapons:t = ""
		bullets0:t = "40mm_sw_kan_HE"
		bullets1:t = ""
		bullets2:t = ""
		bullets3:t = ""
		bulletsCount0:i = 0
		bulletsCount1:i = 0
		bulletsCount2:i = 0
		bulletsCount3:i = 0
		crewSkillK:r = 0
		applyAllMods:b = false
		props {
			army:i = 2
			count:i = 1
			formation_type:t = "rows"
			formation_div:i = 3
			formation_step:p2 = 2.5, 2
			formation_noise:p2 = 0.1, 0.1
			uniqueName:t = ""
			attack_type:t = "fire_at_will"
		}
		way {

		}
	}
	tankModels {
		name:t = "t2_aaa_high_light_04"
		tm:m = [[-0.582098, 0.0, -0.813116] [0.0, 1.0, 0.0] [0.813116, 0.0, -0.582098] [35447.0, 194.323, -991.247]]
		unit_class:t = "sw_veak_40"
		objLayer:i = 1
		closed_waypoints:b = false
		isShipSpline:b = false
		shipTurnRadius:r = 100
		weapons:t = ""
		bullets0:t = "40mm_sw_kan_HE"
		bullets1:t = ""
		bullets2:t = ""
		bullets3:t = ""
		bulletsCount0:i = 0
		bulletsCount1:i = 0
		bulletsCount2:i = 0
		bulletsCount3:i = 0
		crewSkillK:r = 0
		applyAllMods:b = false
		props {
			army:i = 2
			count:i = 1
			formation_type:t = "rows"
			formation_div:i = 3
			formation_step:p2 = 2.5, 2
			formation_noise:p2 = 0.1, 0.1
			uniqueName:t = ""
			attack_type:t = "fire_at_will"
		}
		way {

		}
	}
	tankModels {
		name:t = "t2_aaa_high_heavy_02"
		tm:m = [[-0.714452, 0.0, -0.699684] [0.0, 1.0, 0.0] [0.699684, 0.0, -0.714452] [36804.8, 195.094, -1483.58]]
		unit_class:t = "fr_amx_30_roland"
		objLayer:i = 1
		closed_waypoints:b = false
		isShipSpline:b = false
		shipTurnRadius:r = 100
		weapons:t = ""
		bullets0:t = ""
		bullets1:t = ""
		bullets2:t = ""
		bullets3:t = ""
		bulletsCount0:i = 0
		bulletsCount1:i = 0
		bulletsCount2:i = 0
		bulletsCount3:i = 0
		crewSkillK:r = 0
		applyAllMods:b = false
		props {
			army:i = 2
			count:i = 1
			formation_type:t = "rows"
			formation_div:i = 3
			formation_step:p2 = 2.5, 2
			formation_noise:p2 = 0.1, 0.1
			uniqueName:t = ""
			attack_type:t = "fire_at_will"
		}
		way {

		}
	}
	squad {
		name:t = "t2_def_aaa_high_squad"
		tm:m = [[-0.0707393, 0.0, -0.997495] [0.0, 1.0, 0.0] [0.997495, 0.0, -0.0707393] [-17518.1, 231.493, -3748.45]]
		props {
			squad_members:t = "t2_aaa_high_light_01"
			squad_members:t = "t2_aaa_high_light_02"
			squad_members:t = "t2_aaa_high_light_03"
			squad_members:t = "t2_aaa_high_light_04"
			squad_members:t = "t2_aaa_high_heavy_01"
			squad_members:t = "t2_aaa_high_heavy_02"
			object_marking:i = 0
		}
	}
	tankModels {
		name:t = "t1_aaa_high_light_01"
		tm:m = [[0.731744, 0.0, 0.681579] [0.0, 1.0, 0.0] [-0.681579, 0.0, 0.731744] [4467.7, 119.373, -47164.2]]
		unit_class:t = "sw_veak_40"
		objLayer:i = 1
		closed_waypoints:b = false
		isShipSpline:b = false
		shipTurnRadius:r = 100
		weapons:t = ""
		bullets0:t = "40mm_sw_kan_HE"
		bullets1:t = ""
		bullets2:t = ""
		bullets3:t = ""
		bulletsCount0:i = 0
		bulletsCount1:i = 0
		bulletsCount2:i = 0
		bulletsCount3:i = 0
		crewSkillK:r = 0
		applyAllMods:b = false
		props {
			army:i = 1
			count:i = 1
			formation_type:t = "rows"
			formation_div:i = 3
			formation_step:p2 = 2.5, 2
			formation_noise:p2 = 0.1, 0.1
			uniqueName:t = ""
			attack_type:t = "fire_at_will"
		}
		way {

		}
	}
	tankModels {
		name:t = "t1_aaa_high_heavy_01"
		tm:m = [[0.731744, 0.0, 0.681579] [0.0, 1.0, 0.0] [-0.681579, 0.0, 0.731744] [5057.5, 120.185, -47702.6]]
		unit_class:t = "fr_amx_30_roland"
		objLayer:i = 1
		closed_waypoints:b = false
		isShipSpline:b = false
		shipTurnRadius:r = 100
		weapons:t = ""
		bullets0:t = ""
		bullets1:t = ""
		bullets2:t = ""
		bullets3:t = ""
		bulletsCount0:i = 0
		bulletsCount1:i = 0
		bulletsCount2:i = 0
		bulletsCount3:i = 0
		crewSkillK:r = 0
		applyAllMods:b = false
		props {
			army:i = 1
			count:i = 1
			formation_type:t = "rows"
			formation_div:i = 3
			formation_step:p2 = 2.5, 2
			formation_noise:p2 = 0.1, 0.1
			uniqueName:t = ""
			attack_type:t = "fire_at_will"
		}
		way {

		}
	}
	tankModels {
		name:t = "t1_aaa_high_light_02"
		tm:m = [[-0.760777, 0.0, -0.64901] [0.0, 1.0, 0.0] [0.64901, 0.0, -0.760777] [5488.5, 120.308, -46847.6]]
		unit_class:t = "sw_veak_40"
		objLayer:i = 1
		closed_waypoints:b = false
		isShipSpline:b = false
		shipTurnRadius:r = 100
		weapons:t = ""
		bullets0:t = "40mm_sw_kan_HE"
		bullets1:t = ""
		bullets2:t = ""
		bullets3:t = ""
		bulletsCount0:i = 0
		bulletsCount1:i = 0
		bulletsCount2:i = 0
		bulletsCount3:i = 0
		crewSkillK:r = 0
		applyAllMods:b = false
		props {
			army:i = 1
			count:i = 1
			formation_type:t = "rows"
			formation_div:i = 3
			formation_step:p2 = 2.5, 2
			formation_noise:p2 = 0.1, 0.1
			uniqueName:t = ""
			attack_type:t = "fire_at_will"
		}
		way {

		}
	}
	tankModels {
		name:t = "t1_aaa_high_light_03"
		tm:m = [[0.731744, 0.0, 0.681579] [0.0, 1.0, 0.0] [-0.681579, 0.0, 0.731744] [5042.1, 119.516, -45788.0]]
		unit_class:t = "sw_veak_40"
		objLayer:i = 1
		closed_waypoints:b = false
		isShipSpline:b = false
		shipTurnRadius:r = 100
		weapons:t = ""
		bullets0:t = "40mm_sw_kan_HE"
		bullets1:t = ""
		bullets2:t = ""
		bullets3:t = ""
		bulletsCount0:i = 0
		bulletsCount1:i = 0
		bulletsCount2:i = 0
		bulletsCount3:i = 0
		crewSkillK:r = 0
		applyAllMods:b = false
		props {
			army:i = 1
			count:i = 1
			formation_type:t = "rows"
			formation_div:i = 3
			formation_step:p2 = 2.5, 2
			formation_noise:p2 = 0.1, 0.1
			uniqueName:t = ""
			attack_type:t = "fire_at_will"
		}
		way {

		}
	}
	tankModels {
		name:t = "t1_aaa_high_light_04"
		tm:m = [[-0.701317, 0.0, -0.712851] [0.0, 1.0, 0.0] [0.712851, 0.0, -0.701317] [5766.1, 120.751, -46146.3]]
		unit_class:t = "sw_veak_40"
		objLayer:i = 1
		closed_waypoints:b = false
		isShipSpline:b = false
		shipTurnRadius:r = 100
		weapons:t = ""
		bullets0:t = "40mm_sw_kan_HE"
		bullets1:t = ""
		bullets2:t = ""
		bullets3:t = ""
		bulletsCount0:i = 0
		bulletsCount1:i = 0
		bulletsCount2:i = 0
		bulletsCount3:i = 0
		crewSkillK:r = 0
		applyAllMods:b = false
		props {
			army:i = 1
			count:i = 1
			formation_type:t = "rows"
			formation_div:i = 3
			formation_step:p2 = 2.5, 2
			formation_noise:p2 = 0.1, 0.1
			uniqueName:t = ""
			attack_type:t = "fire_at_will"
		}
		way {

		}
	}
	tankModels {
		name:t = "t1_aaa_high_heavy_02"
		tm:m = [[-0.760777, 0.0, -0.64901] [0.0, 1.0, 0.0] [0.64901, 0.0, -0.760777] [4800.8, 118.759, -46380.6]]
		unit_class:t = "fr_amx_30_roland"
		objLayer:i = 1
		closed_waypoints:b = false
		isShipSpline:b = false
		shipTurnRadius:r = 100
		weapons:t = ""
		bullets0:t = ""
		bullets1:t = ""
		bullets2:t = ""
		bullets3:t = ""
		bulletsCount0:i = 0
		bulletsCount1:i = 0
		bulletsCount2:i = 0
		bulletsCount3:i = 0
		crewSkillK:r = 0
		applyAllMods:b = false
		props {
			army:i = 1
			count:i = 1
			formation_type:t = "rows"
			formation_div:i = 3
			formation_step:p2 = 2.5, 2
			formation_noise:p2 = 0.1, 0.1
			uniqueName:t = ""
			attack_type:t = "fire_at_will"
		}
		way {

		}
	}
	squad {
		name:t = "t1_def_aaa_high_squad"
		tm:m = [[0.753168, 0.0, 0.657828] [0.0, 1.0, 0.0] [-0.657828, 0.0, 0.753168] [7422.34, 554.407, -46032.2]]
		props {
			squad_members:t = "t1_aaa_high_light_01"
			squad_members:t = "t1_aaa_high_light_02"
			squad_members:t = "t1_aaa_high_light_03"
			squad_members:t = "t1_aaa_high_light_04"
			squad_members:t = "t1_aaa_high_heavy_01"
			squad_members:t = "t1_aaa_high_heavy_02"
			object_marking:i = 0
		}
	}
}
areas {
	t2_interceptor_area_high {
		type:t = "Sphere"
		tm:m = [[4167.46, 0.0, -4316.52] [0.0, 6000.0, 0.0] [4316.52, 0.0, 4167.46] [35783.8, 3000.0, -1145.06]]
		props {

		}
	}
	t2_assault_high_spawn {
		type:t = "Sphere"
		tm:m = [[-224.709, 0.0, -198.761] [0.0, 300.0, 0.0] [198.761, 0.0, -224.709] [32187.4, 2000.0, -4618.06]]
		props {

		}
	}
	t2_aaa_fighter_area_high {
		type:t = "Sphere"
		tm:m = [[2778.32, 0.0, -2877.69] [0.0, 4000.0, 0.0] [2877.69, 0.0, 2778.32] [35783.6, 4000.0, -1145.06]]
		props {

		}
	}
	t2_assault_area_high {
		type:t = "Sphere"
		tm:m = [[6945.77, 0.0, -7194.2] [0.0, 10000.0, 0.0] [7194.2, 0.0, 6945.77] [35783.6, 2000.0, -1145.06]]
		props {

		}
	}
	t2_interceptor_high_spawn {
		type:t = "Sphere"
		tm:m = [[-224.709, 0.0, -198.761] [0.0, 300.0, 0.0] [198.761, 0.0, -224.709] [37928.2, 2000.0, 925.641]]
		props {

		}
	}
	t2_aaa_fighter_high_spawn {
		type:t = "Sphere"
		tm:m = [[-224.709, 0.0, -198.761] [0.0, 300.0, 0.0] [198.761, 0.0, -224.709] [37217.4, 3000.0, 239.441]]
		props {

		}
	}
	t2_far_bomber_high_spawn {
		type:t = "Sphere"
		tm:m = [[-224.709, 0.0, -198.761] [0.0, 300.0, 0.0] [198.761, 0.0, -224.709] [34345.6, 5500.0, -2533.46]]
		props {

		}
	}
	t2_main_bomber_high_spawn {
		type:t = "Sphere"
		tm:m = [[-224.709, 0.0, -198.761] [0.0, 300.0, 0.0] [198.761, 0.0, -224.709] [33985.4, 4500.0, -2881.16]]
		props {

		}
	}
	t2_far_bomber_area_high {
		type:t = "Sphere"
		tm:m = [[2778.32, 0.0, -2877.69] [0.0, 4000.0, 0.0] [2877.69, 0.0, 2778.32] [35783.6, 5500.0, -1145.06]]
		props {

		}
	}
	t2_main_bomber_area_high {
		type:t = "Sphere"
		tm:m = [[3472.88, 0.0, -3597.09] [0.0, 5000.0, 0.0] [3597.09, 0.0, 3472.88] [35783.6, 4500.0, -1145.06]]
		props {

		}
	}
	t1_interceptor_area_high {
		type:t = "Sphere"
		tm:m = [[-5288.26, 0.0, 2834.5] [0.0, 6000.0, 0.0] [-2834.5, 0.0, -5288.26] [5111.77, 3000.01, -46429.1]]
		props {

		}
	}
	t1_assault_high_spawn {
		type:t = "Sphere"
		tm:m = [[153.122, 0.0, 257.978] [0.0, 300.0, 0.0] [-257.978, 0.0, 153.122] [7474.57, 2000.0, -42021.4]]
		props {

		}
	}
	t1_aaa_fighter_area_high {
		type:t = "Sphere"
		tm:m = [[-3525.53, 0.0, 1889.66] [0.0, 4000.0, 0.0] [-1889.66, 0.0, -3525.53] [5111.77, 4000.0, -46429.1]]
		props {

		}
	}
	t1_assault_area_high {
		type:t = "Sphere"
		tm:m = [[-8813.76, 0.0, 4724.14] [0.0, 10000.0, 0.0] [-4724.14, 0.0, -8813.76] [5111.77, 2000.0, -46429.1]]
		props {

		}
	}
	t1_interceptor_high_spawn {
		type:t = "Sphere"
		tm:m = [[153.122, 0.0, 257.978] [0.0, 300.0, 0.0] [-257.978, 0.0, 153.122] [3703.97, 2000.0, -49056.4]]
		props {

		}
	}
	t1_aaa_fighter_high_spawn {
		type:t = "Sphere"
		tm:m = [[153.122, 0.0, 257.978] [0.0, 300.0, 0.0] [-257.978, 0.0, 153.122] [4170.57, 3000.0, -48185.9]]
		props {

		}
	}
	t1_far_bomber_high_spawn {
		type:t = "Sphere"
		tm:m = [[153.122, 0.0, 257.978] [0.0, 300.0, 0.0] [-257.978, 0.0, 153.122] [6056.57, 5500.01, -44667.1]]
		props {

		}
	}
	t1_main_bomber_high_spawn {
		type:t = "Sphere"
		tm:m = [[153.122, 0.0, 257.978] [0.0, 300.0, 0.0] [-257.978, 0.0, 153.122] [6293.07, 4500.0, -44225.9]]
		props {

		}
	}
	t1_far_bomber_area_high {
		type:t = "Sphere"
		tm:m = [[-3525.53, 0.0, 1889.66] [0.0, 4000.0, 0.0] [-1889.66, 0.0, -3525.53] [5111.77, 5500.0, -46429.1]]
		props {

		}
	}
	t1_main_bomber_area_high {
		type:t = "Sphere"
		tm:m = [[-4406.87, 0.0, 2362.05] [0.0, 5000.0, 0.0] [-2362.05, 0.0, -4406.87] [5111.77, 4500.0, -46429.1]]
		props {

		}
	}
	airfields_area_26km {
		type:t = "Sphere"
		tm:m = [[-45414.8, 0.0, 25327.7] [0.0, 52000.0, 0.0] [-25327.7, 0.0, -45414.8] [16000.0, 847.5, -21000.0]]
		objLayer:i = 3
		props {

		}
	}
	t1_common_fighters_high_spawn {
		type:t = "Sphere"
		tm:m = [[153.122, 0.0, 257.978] [0.0, 300.0, 0.0] [-257.978, 0.0, 153.122] [3703.97, 1500.01, -49056.4]]
		props {

		}
	}
	t2_common_fighters_high_spawn {
		type:t = "Sphere"
		tm:m = [[-224.709, 0.0, -198.761] [0.0, 300.0, 0.0] [198.761, 0.0, -224.709] [37928.2, 1500.0, 925.641]]
		props {

		}
	}
}
objLayers {
	layer {
		enabled:b = true
	}
	layer {
		enabled:b = true
	}
	layer {
		enabled:b = true
	}
	layer {
		enabled:b = false
	}
	layer {
		enabled:b = false
	}
}
wayPoints {

}