selected_tag:t = ""
bin_dump_file:t = ""
mission_settings {
	player {
		army:i = 1
	}
	player_teamB {
		army:i = 2
	}
	mission {
		level:t = "levels/kursk.bin"
		type:t = "domination"
		environment:t = "Day"
		weather:t = "clear"
	}
}
imports {

}
triggers {
	isCategory:b = true
	is_enabled:b = true
}
mission_objectives {
	isCategory:b = true
	is_enabled:b = true
}
variables {

}
dialogs {

}
airfields {

}
effects {

}
units {
	objectGroups {
		name:t = "t1_airfield_low"
		tm:m = [[0.682427, 0.0, 0.730954] [0.0, 1.0, 0.0] [-0.730954, 0.0, 0.682427] [12177.7, 235.72, 3393.38]]
		unit_class:t = "dynAF_kh_gol_airfield_gumrak_small"
		objLayer:i = 2
		props {
			army:i = 1
			active:b = true
		}
	}
	objectGroups {
		name:t = "t2_airfield_low"
		tm:m = [[-0.674365, 0.0, -0.7384] [0.0, 1.0, 0.0] [0.7384, 0.0, -0.674365] [-4470.97, 179.851, -16104.7]]
		unit_class:t = "dynAF_kh_gol_airfield_gumrak_small"
		objLayer:i = 2
		props {
			army:i = 2
			active:b = true
		}
	}
	air_defence {
		name:t = "t1_aaa_low_light_01"
		tm:m = [[0.658217, 0.0, 0.752827] [0.0, 1.0, 0.0] [-0.752827, 0.0, 0.658217] [13024.5, 671.7, 3422.49]]
		unit_class:t = "uk_40mm_bofors_airfield"
		objLayer:i = 1
		closed_waypoints:b = false
		isShipSpline:b = false
		shipTurnRadius:r = 100
		weapons:t = ""
		bullets0:t = ""
		bullets1:t = ""
		bullets2:t = ""
		bullets3:t = ""
		bulletsCount0:i = 0
		bulletsCount1:i = 0
		bulletsCount2:i = 0
		bulletsCount3:i = 0
		crewSkillK:r = 0
		applyAllMods:b = false
		props {
			army:i = 1
			count:i = 1
			formation_type:t = "rows"
			formation_div:i = 3
			formation_step:p2 = 2.5, 2
			formation_noise:p2 = 0.1, 0.1
			uniqueName:t = ""
			attack_type:t = "fire_at_will"
		}
		way {

		}
	}
	air_defence {
		name:t = "t1_aaa_low_heavy_01"
		tm:m = [[0.658217, 0.0, 0.752827] [0.0, 1.0, 0.0] [-0.752827, 0.0, 0.658217] [12218.3, 655.532, 4155.21]]
		unit_class:t = "us_90mm_versus"
		objLayer:i = 1
		closed_waypoints:b = false
		isShipSpline:b = false
		shipTurnRadius:r = 100
		weapons:t = ""
		bullets0:t = ""
		bullets1:t = ""
		bullets2:t = ""
		bullets3:t = ""
		bulletsCount0:i = 0
		bulletsCount1:i = 0
		bulletsCount2:i = 0
		bulletsCount3:i = 0
		crewSkillK:r = 0
		applyAllMods:b = false
		props {
			army:i = 1
			count:i = 1
			formation_type:t = "rows"
			formation_div:i = 3
			formation_step:p2 = 2.5, 2
			formation_noise:p2 = 0.1, 0.1
			uniqueName:t = ""
			attack_type:t = "fire_at_will"
		}
		way {

		}
	}
	air_defence {
		name:t = "t1_aaa_low_light_02"
		tm:m = [[-0.624754, 0.0, -0.780822] [0.0, 1.0, 0.0] [0.780822, 0.0, -0.624754] [11991.4, 669.518, 4117.16]]
		unit_class:t = "uk_40mm_bofors_airfield"
		objLayer:i = 1
		closed_waypoints:b = false
		isShipSpline:b = false
		shipTurnRadius:r = 100
		weapons:t = ""
		bullets0:t = ""
		bullets1:t = ""
		bullets2:t = ""
		bullets3:t = ""
		bulletsCount0:i = 0
		bulletsCount1:i = 0
		bulletsCount2:i = 0
		bulletsCount3:i = 0
		crewSkillK:r = 0
		applyAllMods:b = false
		props {
			army:i = 1
			count:i = 1
			formation_type:t = "rows"
			formation_div:i = 3
			formation_step:p2 = 2.5, 2
			formation_noise:p2 = 0.1, 0.1
			uniqueName:t = ""
			attack_type:t = "fire_at_will"
		}
		way {

		}
	}
	air_defence {
		name:t = "t1_aaa_low_light_03"
		tm:m = [[0.658217, 0.0, 0.752827] [0.0, 1.0, 0.0] [-0.752827, 0.0, 0.658217] [12738.8, 673.359, 3090.61]]
		unit_class:t = "uk_40mm_bofors_airfield"
		objLayer:i = 1
		closed_waypoints:b = false
		isShipSpline:b = false
		shipTurnRadius:r = 100
		weapons:t = ""
		bullets0:t = ""
		bullets1:t = ""
		bullets2:t = ""
		bullets3:t = ""
		bulletsCount0:i = 0
		bulletsCount1:i = 0
		bulletsCount2:i = 0
		bulletsCount3:i = 0
		crewSkillK:r = 0
		applyAllMods:b = false
		props {
			army:i = 1
			count:i = 1
			formation_type:t = "rows"
			formation_div:i = 3
			formation_step:p2 = 2.5, 2
			formation_noise:p2 = 0.1, 0.1
			uniqueName:t = ""
			attack_type:t = "fire_at_will"
		}
		way {

		}
	}
	air_defence {
		name:t = "t1_aaa_low_light_04"
		tm:m = [[-0.479673, 0.0, -0.877446] [0.0, 1.0, 0.0] [0.877446, 0.0, -0.479673] [11497.6, 672.945, 3620.31]]
		unit_class:t = "uk_40mm_bofors_airfield"
		objLayer:i = 1
		closed_waypoints:b = false
		isShipSpline:b = false
		shipTurnRadius:r = 100
		weapons:t = ""
		bullets0:t = ""
		bullets1:t = ""
		bullets2:t = ""
		bullets3:t = ""
		bulletsCount0:i = 0
		bulletsCount1:i = 0
		bulletsCount2:i = 0
		bulletsCount3:i = 0
		crewSkillK:r = 0
		applyAllMods:b = false
		props {
			army:i = 1
			count:i = 1
			formation_type:t = "rows"
			formation_div:i = 3
			formation_step:p2 = 2.5, 2
			formation_noise:p2 = 0.1, 0.1
			uniqueName:t = ""
			attack_type:t = "fire_at_will"
		}
		way {

		}
	}
	air_defence {
		name:t = "t1_aaa_low_light_05"
		tm:m = [[0.658217, 0.0, 0.752827] [0.0, 1.0, 0.0] [-0.752827, 0.0, 0.658217] [12315.0, 667.712, 2750.73]]
		unit_class:t = "uk_40mm_bofors_airfield"
		objLayer:i = 1
		closed_waypoints:b = false
		isShipSpline:b = false
		shipTurnRadius:r = 100
		weapons:t = ""
		bullets0:t = ""
		bullets1:t = ""
		bullets2:t = ""
		bullets3:t = ""
		bulletsCount0:i = 0
		bulletsCount1:i = 0
		bulletsCount2:i = 0
		bulletsCount3:i = 0
		crewSkillK:r = 0
		applyAllMods:b = false
		props {
			army:i = 1
			count:i = 1
			formation_type:t = "rows"
			formation_div:i = 3
			formation_step:p2 = 2.5, 2
			formation_noise:p2 = 0.1, 0.1
			uniqueName:t = ""
			attack_type:t = "fire_at_will"
		}
		way {

		}
	}
	air_defence {
		name:t = "t1_aaa_low_heavy_02"
		tm:m = [[-0.624754, 0.0, -0.780822] [0.0, 1.0, 0.0] [0.780822, 0.0, -0.624754] [12904.7, 673.716, 3295.51]]
		unit_class:t = "us_90mm_versus"
		objLayer:i = 1
		closed_waypoints:b = false
		isShipSpline:b = false
		shipTurnRadius:r = 100
		weapons:t = ""
		bullets0:t = ""
		bullets1:t = ""
		bullets2:t = ""
		bullets3:t = ""
		bulletsCount0:i = 0
		bulletsCount1:i = 0
		bulletsCount2:i = 0
		bulletsCount3:i = 0
		crewSkillK:r = 0
		applyAllMods:b = false
		props {
			army:i = 1
			count:i = 1
			formation_type:t = "rows"
			formation_div:i = 3
			formation_step:p2 = 2.5, 2
			formation_noise:p2 = 0.1, 0.1
			uniqueName:t = ""
			attack_type:t = "fire_at_will"
		}
		way {

		}
	}
	air_defence {
		name:t = "t1_aaa_low_heavy_03"
		tm:m = [[0.658217, 0.0, 0.752827] [0.0, 1.0, 0.0] [-0.752827, 0.0, 0.658217] [11839.4, 669.72, 3734.38]]
		unit_class:t = "us_90mm_versus"
		objLayer:i = 1
		closed_waypoints:b = false
		isShipSpline:b = false
		shipTurnRadius:r = 100
		weapons:t = ""
		bullets0:t = ""
		bullets1:t = ""
		bullets2:t = ""
		bullets3:t = ""
		bulletsCount0:i = 0
		bulletsCount1:i = 0
		bulletsCount2:i = 0
		bulletsCount3:i = 0
		crewSkillK:r = 0
		applyAllMods:b = false
		props {
			army:i = 1
			count:i = 1
			formation_type:t = "rows"
			formation_div:i = 3
			formation_step:p2 = 2.5, 2
			formation_noise:p2 = 0.1, 0.1
			uniqueName:t = ""
			attack_type:t = "fire_at_will"
		}
		way {

		}
	}
	air_defence {
		name:t = "t1_aaa_low_heavy_04"
		tm:m = [[-0.479673, 0.0, -0.877446] [0.0, 1.0, 0.0] [0.877446, 0.0, -0.479673] [12461.0, 669.822, 2820.5]]
		unit_class:t = "us_90mm_versus"
		objLayer:i = 1
		closed_waypoints:b = false
		isShipSpline:b = false
		shipTurnRadius:r = 100
		weapons:t = ""
		bullets0:t = ""
		bullets1:t = ""
		bullets2:t = ""
		bullets3:t = ""
		bulletsCount0:i = 0
		bulletsCount1:i = 0
		bulletsCount2:i = 0
		bulletsCount3:i = 0
		crewSkillK:r = 0
		applyAllMods:b = false
		props {
			army:i = 1
			count:i = 1
			formation_type:t = "rows"
			formation_div:i = 3
			formation_step:p2 = 2.5, 2
			formation_noise:p2 = 0.1, 0.1
			uniqueName:t = ""
			attack_type:t = "fire_at_will"
		}
		way {

		}
	}
	air_defence {
		name:t = "t1_aaa_low_heavy_05"
		tm:m = [[0.658217, 0.0, 0.752827] [0.0, 1.0, 0.0] [-0.752827, 0.0, 0.658217] [11455.0, 668.55, 3173.6]]
		unit_class:t = "us_90mm_versus"
		objLayer:i = 1
		closed_waypoints:b = false
		isShipSpline:b = false
		shipTurnRadius:r = 100
		weapons:t = ""
		bullets0:t = ""
		bullets1:t = ""
		bullets2:t = ""
		bullets3:t = ""
		bulletsCount0:i = 0
		bulletsCount1:i = 0
		bulletsCount2:i = 0
		bulletsCount3:i = 0
		crewSkillK:r = 0
		applyAllMods:b = false
		props {
			army:i = 1
			count:i = 1
			formation_type:t = "rows"
			formation_div:i = 3
			formation_step:p2 = 2.5, 2
			formation_noise:p2 = 0.1, 0.1
			uniqueName:t = ""
			attack_type:t = "fire_at_will"
		}
		way {

		}
	}
	squad {
		name:t = "t1_def_aaa_low_squad"
		tm:m = [[0.826326, 0.0, 0.56319] [0.0, 1.0, 0.0] [-0.56319, 0.0, 0.826326] [10984.7, 231.489, -4750.1]]
		props {
			object_marking:i = 0
			squad_members:t = "t1_aaa_low_light_01"
			squad_members:t = "t1_aaa_low_heavy_01"
			squad_members:t = "t1_aaa_low_light_02"
			squad_members:t = "t1_aaa_low_light_03"
			squad_members:t = "t1_aaa_low_light_04"
			squad_members:t = "t1_aaa_low_light_05"
			squad_members:t = "t1_aaa_low_heavy_02"
			squad_members:t = "t1_aaa_low_heavy_03"
			squad_members:t = "t1_aaa_low_heavy_04"
			squad_members:t = "t1_aaa_low_heavy_05"
		}
	}
	air_defence {
		name:t = "t2_aaa_low_light_01"
		tm:m = [[0.905605, 0.0, 0.424125] [0.0, 1.0, 0.0] [-0.424125, 0.0, 0.905605] [-4992.29, 532.904, -16179.9]]
		unit_class:t = "germ_37mm_flak43_airfield"
		objLayer:i = 1
		closed_waypoints:b = false
		isShipSpline:b = false
		shipTurnRadius:r = 100
		weapons:t = ""
		bullets0:t = ""
		bullets1:t = ""
		bullets2:t = ""
		bullets3:t = ""
		bulletsCount0:i = 0
		bulletsCount1:i = 0
		bulletsCount2:i = 0
		bulletsCount3:i = 0
		crewSkillK:r = 0
		applyAllMods:b = false
		props {
			army:i = 2
			count:i = 1
			formation_type:t = "rows"
			formation_div:i = 3
			formation_step:p2 = 2.5, 2
			formation_noise:p2 = 0.1, 0.1
			uniqueName:t = ""
			attack_type:t = "fire_at_will"
		}
		way {

		}
	}
	air_defence {
		name:t = "t2_aaa_low_heavy_01"
		tm:m = [[0.905605, 0.0, 0.424125] [0.0, 1.0, 0.0] [-0.424125, 0.0, 0.905605] [-4658.97, 539.289, -16513.6]]
		unit_class:t = "germ_88mm_flak36"
		objLayer:i = 1
		closed_waypoints:b = false
		isShipSpline:b = false
		shipTurnRadius:r = 100
		weapons:t = ""
		bullets0:t = ""
		bullets1:t = ""
		bullets2:t = ""
		bullets3:t = ""
		bulletsCount0:i = 0
		bulletsCount1:i = 0
		bulletsCount2:i = 0
		bulletsCount3:i = 0
		crewSkillK:r = 0
		applyAllMods:b = false
		props {
			army:i = 2
			count:i = 1
			formation_type:t = "rows"
			formation_div:i = 3
			formation_step:p2 = 2.5, 2
			formation_noise:p2 = 0.1, 0.1
			uniqueName:t = ""
			attack_type:t = "fire_at_will"
		}
		way {

		}
	}
	air_defence {
		name:t = "t2_aaa_low_light_02"
		tm:m = [[-0.923242, 0.0, -0.384219] [0.0, 1.0, 0.0] [0.384219, 0.0, -0.923242] [-4434.43, 573.568, -16426.0]]
		unit_class:t = "germ_37mm_flak43_airfield"
		objLayer:i = 1
		closed_waypoints:b = false
		isShipSpline:b = false
		shipTurnRadius:r = 100
		weapons:t = ""
		bullets0:t = ""
		bullets1:t = ""
		bullets2:t = ""
		bullets3:t = ""
		bulletsCount0:i = 0
		bulletsCount1:i = 0
		bulletsCount2:i = 0
		bulletsCount3:i = 0
		crewSkillK:r = 0
		applyAllMods:b = false
		props {
			army:i = 2
			count:i = 1
			formation_type:t = "rows"
			formation_div:i = 3
			formation_step:p2 = 2.5, 2
			formation_noise:p2 = 0.1, 0.1
			uniqueName:t = ""
			attack_type:t = "fire_at_will"
		}
		way {

		}
	}
	air_defence {
		name:t = "t2_aaa_low_light_03"
		tm:m = [[0.905605, 0.0, 0.424125] [0.0, 1.0, 0.0] [-0.424125, 0.0, 0.905605] [-4571.7, 564.642, -15777.4]]
		unit_class:t = "germ_37mm_flak43_airfield"
		objLayer:i = 1
		closed_waypoints:b = false
		isShipSpline:b = false
		shipTurnRadius:r = 100
		weapons:t = ""
		bullets0:t = ""
		bullets1:t = ""
		bullets2:t = ""
		bullets3:t = ""
		bulletsCount0:i = 0
		bulletsCount1:i = 0
		bulletsCount2:i = 0
		bulletsCount3:i = 0
		crewSkillK:r = 0
		applyAllMods:b = false
		props {
			army:i = 2
			count:i = 1
			formation_type:t = "rows"
			formation_div:i = 3
			formation_step:p2 = 2.5, 2
			formation_noise:p2 = 0.1, 0.1
			uniqueName:t = ""
			attack_type:t = "fire_at_will"
		}
		way {

		}
	}
	air_defence {
		name:t = "t2_aaa_low_light_04"
		tm:m = [[-0.886241, 0.0, -0.463224] [0.0, 1.0, 0.0] [0.463224, 0.0, -0.886241] [-3955.01, 552.852, -15843.8]]
		unit_class:t = "germ_37mm_flak43_airfield"
		objLayer:i = 1
		closed_waypoints:b = false
		isShipSpline:b = false
		shipTurnRadius:r = 100
		weapons:t = ""
		bullets0:t = ""
		bullets1:t = ""
		bullets2:t = ""
		bullets3:t = ""
		bulletsCount0:i = 0
		bulletsCount1:i = 0
		bulletsCount2:i = 0
		bulletsCount3:i = 0
		crewSkillK:r = 0
		applyAllMods:b = false
		props {
			army:i = 2
			count:i = 1
			formation_type:t = "rows"
			formation_div:i = 3
			formation_step:p2 = 2.5, 2
			formation_noise:p2 = 0.1, 0.1
			uniqueName:t = ""
			attack_type:t = "fire_at_will"
		}
		way {

		}
	}
	air_defence {
		name:t = "t2_aaa_low_light_05"
		tm:m = [[0.905605, 0.0, 0.424125] [0.0, 1.0, 0.0] [-0.424125, 0.0, 0.905605] [-4079.04, 510.245, -15029.0]]
		unit_class:t = "germ_37mm_flak43_airfield"
		objLayer:i = 1
		closed_waypoints:b = false
		isShipSpline:b = false
		shipTurnRadius:r = 100
		weapons:t = ""
		bullets0:t = ""
		bullets1:t = ""
		bullets2:t = ""
		bullets3:t = ""
		bulletsCount0:i = 0
		bulletsCount1:i = 0
		bulletsCount2:i = 0
		bulletsCount3:i = 0
		crewSkillK:r = 0
		applyAllMods:b = false
		props {
			army:i = 2
			count:i = 1
			formation_type:t = "rows"
			formation_div:i = 3
			formation_step:p2 = 2.5, 2
			formation_noise:p2 = 0.1, 0.1
			uniqueName:t = ""
			attack_type:t = "fire_at_will"
		}
		way {

		}
	}
	air_defence {
		name:t = "t2_aaa_low_heavy_02"
		tm:m = [[-0.923242, 0.0, -0.384219] [0.0, 1.0, 0.0] [0.384219, 0.0, -0.923242] [-4865.13, 554.747, -15870.1]]
		unit_class:t = "germ_88mm_flak36"
		objLayer:i = 1
		closed_waypoints:b = false
		isShipSpline:b = false
		shipTurnRadius:r = 100
		weapons:t = ""
		bullets0:t = ""
		bullets1:t = ""
		bullets2:t = ""
		bullets3:t = ""
		bulletsCount0:i = 0
		bulletsCount1:i = 0
		bulletsCount2:i = 0
		bulletsCount3:i = 0
		crewSkillK:r = 0
		applyAllMods:b = false
		props {
			army:i = 2
			count:i = 1
			formation_type:t = "rows"
			formation_div:i = 3
			formation_step:p2 = 2.5, 2
			formation_noise:p2 = 0.1, 0.1
			uniqueName:t = ""
			attack_type:t = "fire_at_will"
		}
		way {

		}
	}
	air_defence {
		name:t = "t2_aaa_low_heavy_03"
		tm:m = [[0.905605, 0.0, 0.424125] [0.0, 1.0, 0.0] [-0.424125, 0.0, 0.905605] [-4259.42, 567.479, -16131.8]]
		unit_class:t = "germ_88mm_flak36"
		objLayer:i = 1
		closed_waypoints:b = false
		isShipSpline:b = false
		shipTurnRadius:r = 100
		weapons:t = ""
		bullets0:t = ""
		bullets1:t = ""
		bullets2:t = ""
		bullets3:t = ""
		bulletsCount0:i = 0
		bulletsCount1:i = 0
		bulletsCount2:i = 0
		bulletsCount3:i = 0
		crewSkillK:r = 0
		applyAllMods:b = false
		props {
			army:i = 2
			count:i = 1
			formation_type:t = "rows"
			formation_div:i = 3
			formation_step:p2 = 2.5, 2
			formation_noise:p2 = 0.1, 0.1
			uniqueName:t = ""
			attack_type:t = "fire_at_will"
		}
		way {

		}
	}
	air_defence {
		name:t = "t2_aaa_low_heavy_04"
		tm:m = [[-0.886241, 0.0, -0.463224] [0.0, 1.0, 0.0] [0.463224, 0.0, -0.886241] [-4340.92, 512.835, -15343.7]]
		unit_class:t = "germ_88mm_flak36"
		objLayer:i = 1
		closed_waypoints:b = false
		isShipSpline:b = false
		shipTurnRadius:r = 100
		weapons:t = ""
		bullets0:t = ""
		bullets1:t = ""
		bullets2:t = ""
		bullets3:t = ""
		bulletsCount0:i = 0
		bulletsCount1:i = 0
		bulletsCount2:i = 0
		bulletsCount3:i = 0
		crewSkillK:r = 0
		applyAllMods:b = false
		props {
			army:i = 2
			count:i = 1
			formation_type:t = "rows"
			formation_div:i = 3
			formation_step:p2 = 2.5, 2
			formation_noise:p2 = 0.1, 0.1
			uniqueName:t = ""
			attack_type:t = "fire_at_will"
		}
		way {

		}
	}
	air_defence {
		name:t = "t2_aaa_low_heavy_05"
		tm:m = [[0.905605, 0.0, 0.424125] [0.0, 1.0, 0.0] [-0.424125, 0.0, 0.905605] [-3566.1, 520.06, -15583.9]]
		unit_class:t = "germ_88mm_flak36"
		objLayer:i = 1
		closed_waypoints:b = false
		isShipSpline:b = false
		shipTurnRadius:r = 100
		weapons:t = ""
		bullets0:t = ""
		bullets1:t = ""
		bullets2:t = ""
		bullets3:t = ""
		bulletsCount0:i = 0
		bulletsCount1:i = 0
		bulletsCount2:i = 0
		bulletsCount3:i = 0
		crewSkillK:r = 0
		applyAllMods:b = false
		props {
			army:i = 2
			count:i = 1
			formation_type:t = "rows"
			formation_div:i = 3
			formation_step:p2 = 2.5, 2
			formation_noise:p2 = 0.1, 0.1
			uniqueName:t = ""
			attack_type:t = "fire_at_will"
		}
		way {

		}
	}
	squad {
		name:t = "t2_def_aaa_low_squad"
		tm:m = [[0.852314, 0.0, 0.52303] [0.0, 1.0, 0.0] [-0.52303, 0.0, 0.852314] [-4220.52, 572.538, -16999.3]]
		props {
			object_marking:i = 0
			squad_members:t = "t2_aaa_low_light_01"
			squad_members:t = "t2_aaa_low_heavy_01"
			squad_members:t = "t2_aaa_low_light_02"
			squad_members:t = "t2_aaa_low_light_03"
			squad_members:t = "t2_aaa_low_light_04"
			squad_members:t = "t2_aaa_low_light_05"
			squad_members:t = "t2_aaa_low_heavy_02"
			squad_members:t = "t2_aaa_low_heavy_03"
			squad_members:t = "t2_aaa_low_heavy_04"
			squad_members:t = "t2_aaa_low_heavy_05"
		}
	}
}
areas {
	t1_interceptor_area_low {
		type:t = "Sphere"
		tm:m = [[5029.0, 0.0, -3272.48] [0.0, 6000.0, 0.0] [3272.48, 0.0, 5029.0] [12280.2, 2000.1, 3398.95]]
		props {

		}
	}
	t1_assault_low_spawn {
		type:t = "Sphere"
		tm:m = [[-174.437, 0.0, -244.073] [0.0, 300.0, 0.0] [244.073, 0.0, -174.437] [9553.88, 1000.1, -791.757]]
		props {

		}
	}
	t1_aaa_fighter_area_low {
		type:t = "Sphere"
		tm:m = [[3352.67, 0.0, -2181.67] [0.0, 4000.0, 0.0] [2181.67, 0.0, 3352.67] [12280.2, 3000.1, 3398.95]]
		props {

		}
	}
	t1_assault_area_low {
		type:t = "Sphere"
		tm:m = [[8381.67, 0.0, -5454.13] [0.0, 10000.0, 0.0] [5454.13, 0.0, 8381.67] [12280.2, 1000.1, 3398.95]]
		props {

		}
	}
	t1_interceptor_low_spawn {
		type:t = "Sphere"
		tm:m = [[-174.437, 0.0, -244.073] [0.0, 300.0, 0.0] [244.073, 0.0, -174.437] [13905.9, 1000.1, 5897.63]]
		props {

		}
	}
	t1_aaa_fighter_low_spawn {
		type:t = "Sphere"
		tm:m = [[-174.437, 0.0, -244.073] [0.0, 300.0, 0.0] [244.073, 0.0, -174.437] [13367.1, 2000.1, 5069.72]]
		props {

		}
	}
	t1_far_bomber_low_spawn {
		type:t = "Sphere"
		tm:m = [[-174.437, 0.0, -244.073] [0.0, 300.0, 0.0] [244.073, 0.0, -174.437] [11189.6, 4500.1, 1723.53]]
		props {

		}
	}
	t1_main_bomber_low_spawn {
		type:t = "Sphere"
		tm:m = [[-174.437, 0.0, -244.073] [0.0, 300.0, 0.0] [244.073, 0.0, -174.437] [10916.6, 3500.1, 1303.92]]
		props {

		}
	}
	t1_far_bomber_area_low {
		type:t = "Sphere"
		tm:m = [[3352.67, 0.0, -2181.67] [0.0, 4000.0, 0.0] [2181.67, 0.0, 3352.67] [12280.2, 4500.1, 3398.95]]
		props {

		}
	}
	t1_main_bomber_area_low {
		type:t = "Sphere"
		tm:m = [[4190.84, 0.0, -2727.07] [0.0, 5000.0, 0.0] [2727.07, 0.0, 4190.84] [12280.2, 3500.1, 3398.95]]
		props {

		}
	}
	t2_interceptor_area_low {
		type:t = "Sphere"
		tm:m = [[-3479.83, 0.0, 4887.82] [0.0, 6000.0, 0.0] [-4887.82, 0.0, -3479.83] [-4595.53, 2000.0, -16111.0]]
		props {

		}
	}
	t2_assault_low_spawn {
		type:t = "Sphere"
		tm:m = [[251.748, 0.0, 163.165] [0.0, 300.0, 0.0] [-163.165, 0.0, 251.748] [-521.725, 1000.0, -13210.7]]
		props {

		}
	}
	t2_aaa_fighter_area_low {
		type:t = "Sphere"
		tm:m = [[-2319.88, 0.0, 3258.55] [0.0, 4000.0, 0.0] [-3258.55, 0.0, -2319.88] [-4595.53, 3000.0, -16111.0]]
		props {

		}
	}
	t2_assault_area_low {
		type:t = "Sphere"
		tm:m = [[-5799.71, 0.0, 8146.36] [0.0, 10000.0, 0.0] [-8146.36, 0.0, -5799.71] [-4595.53, 1000.0, -16111.0]]
		props {

		}
	}
	t2_interceptor_low_spawn {
		type:t = "Sphere"
		tm:m = [[251.748, 0.0, 163.165] [0.0, 300.0, 0.0] [-163.165, 0.0, 251.748] [-7023.9, 1000.0, -17840.1]]
		props {

		}
	}
	t2_aaa_fighter_low_spawn {
		type:t = "Sphere"
		tm:m = [[251.748, 0.0, 163.165] [0.0, 300.0, 0.0] [-163.165, 0.0, 251.748] [-6219.05, 2000.0, -17267.2]]
		props {

		}
	}
	t2_far_bomber_low_spawn {
		type:t = "Sphere"
		tm:m = [[251.748, 0.0, 163.165] [0.0, 300.0, 0.0] [-163.165, 0.0, 251.748] [-2966.81, 4500.0, -14951.7]]
		props {

		}
	}
	t2_main_bomber_low_spawn {
		type:t = "Sphere"
		tm:m = [[251.748, 0.0, 163.165] [0.0, 300.0, 0.0] [-163.165, 0.0, 251.748] [-2558.97, 3500.0, -14661.4]]
		props {

		}
	}
	t2_far_bomber_area_low {
		type:t = "Sphere"
		tm:m = [[-2319.88, 0.0, 3258.55] [0.0, 4000.0, 0.0] [-3258.55, 0.0, -2319.88] [-4595.53, 4500.0, -16111.0]]
		props {

		}
	}
	t2_main_bomber_area_low {
		type:t = "Sphere"
		tm:m = [[-2899.85, 0.0, 4073.18] [0.0, 5000.0, 0.0] [-4073.18, 0.0, -2899.85] [-4595.53, 3500.0, -16111.0]]
		props {

		}
	}
	airfields_area_12km {
		type:t = "Sphere"
		tm:m = [[24000.0, 0.0, 0.000488281] [0.0, 24000.0, 0.0] [-0.000488281, 0.0, 24000.0] [2623.0, 637.548, -5494.0]]
		objLayer:i = 3
		props {

		}
	}
	t2_airfield_low_bombing_zone {
		type:t = "Box"
		tm:m = [[-1338.29, 0.0, -1486.27] [0.0, 300.0, 0.0] [557.35, 7.34303e-6, -501.857] [-4646.0, 95.6248, -16090.0]]
		objLayer:i = 0
		props {

		}
	}
	t1_airfield_low_bombing_zone {
		type:t = "Box"
		tm:m = [[-1381.77, 0.0, -1445.93] [0.0, 300.0, 0.0] [542.223, 7.34302e-6, -518.164] [12320.3, 154.904, 3342.14]]
		objLayer:i = 0
		props {

		}
	}
	t2_common_fighters_low_spawn {
		type:t = "Sphere"
		tm:m = [[251.748, 0.0, 163.165] [0.0, 300.0, 0.0] [-163.165, 0.0, 251.748] [-7023.9, 500.003, -17840.1]]
		props {

		}
	}
	t1_common_fighters_low_spawn {
		type:t = "Sphere"
		tm:m = [[-174.437, 0.0, -244.073] [0.0, 300.0, 0.0] [244.073, 0.0, -174.437] [13905.9, 500.1, 5897.63]]
		props {

		}
	}
}
objLayers {
	layer {
		enabled:b = true
	}
	layer {
		enabled:b = true
	}
	layer {
		enabled:b = true
	}
	layer {
		enabled:b = false
	}
	layer {
		enabled:b = true
	}
}
wayPoints {

}