selected_tag:t = ""
bin_dump_file:t = ""
mission_settings {
	player {
		army:i = 1
		wing:t = "armada_01"
	}
	player_teamB {
		army:i = 2
	}
	mission {
		level:t = "levels/water.bin"
		type:t = "singleMission"
		restoreType:t = "attempts"
		optionalTakeOff:b = false
		environment:t = "Day"
		weather:t = "hazy"
	}
	spectator_points {

	}
}
imports {
	import_record {
		file:t = "gameData/missions/templates/enduring_confrontation/lpt_lookup_template.blk"
		importAreas:b = true
		importUnits:b = true
		importTriggers:b = true
		importMissionObjectives:b = true
		importWayPoints:b = true
		showAreas:b = true
		showUnits:b = true
		showTriggers:b = true
		showMissionObjectives:b = true
		showWayPoints:b = true
		excludes {

		}
	}
	import_record {
		file:t = "gameData/missions/templates/units_sets/plane_sets_lookups/lpt_t1_uk_rank_01.blk"
		rankRange:ip2 = 0, 3
		importAreas:b = true
		importUnits:b = true
		importTriggers:b = true
		importMissionObjectives:b = true
		importWayPoints:b = true
		showAreas:b = true
		showUnits:b = true
		showTriggers:b = true
		showMissionObjectives:b = true
		showWayPoints:b = true
		excludes {

		}
	}
	import_record {
		file:t = "gameData/missions/templates/units_sets/plane_sets_lookups/lpt_t1_uk_rank_02.blk"
		rankRange:ip2 = 4, 7
		importAreas:b = true
		importUnits:b = true
		importTriggers:b = true
		importMissionObjectives:b = true
		importWayPoints:b = true
		showAreas:b = true
		showUnits:b = true
		showTriggers:b = true
		showMissionObjectives:b = true
		showWayPoints:b = true
		excludes {

		}
	}
	import_record {
		file:t = "gameData/missions/templates/units_sets/plane_sets_lookups/lpt_t1_uk_rank_03.blk"
		rankRange:ip2 = 8, 11
		importAreas:b = true
		importUnits:b = true
		importTriggers:b = true
		importMissionObjectives:b = true
		importWayPoints:b = true
		showAreas:b = true
		showUnits:b = true
		showTriggers:b = true
		showMissionObjectives:b = true
		showWayPoints:b = true
		excludes {

		}
	}
	import_record {
		file:t = "gameData/missions/templates/units_sets/plane_sets_lookups/lpt_t1_uk_rank_04.blk"
		rankRange:ip2 = 12, 16
		importAreas:b = true
		importUnits:b = true
		importTriggers:b = true
		importMissionObjectives:b = true
		importWayPoints:b = true
		showAreas:b = true
		showUnits:b = true
		showTriggers:b = true
		showMissionObjectives:b = true
		showWayPoints:b = true
		excludes {

		}
	}
	import_record {
		file:t = "gameData/missions/templates/units_sets/plane_sets_lookups/lpt_t1_uk_rank_05.blk"
		rankRange:ip2 = 17, 20
		importAreas:b = true
		importUnits:b = true
		importTriggers:b = true
		importMissionObjectives:b = true
		importWayPoints:b = true
		showAreas:b = true
		showUnits:b = true
		showTriggers:b = true
		showMissionObjectives:b = true
		showWayPoints:b = true
		excludes {

		}
	}
	import_record {
		file:t = "gameData/missions/templates/units_sets/plane_sets_lookups/lpt_t1_uk_rank_06.blk"
		rankRange:ip2 = 21, 25
		importAreas:b = true
		importUnits:b = true
		importTriggers:b = true
		importMissionObjectives:b = true
		importWayPoints:b = true
		showAreas:b = true
		showUnits:b = true
		showTriggers:b = true
		showMissionObjectives:b = true
		showWayPoints:b = true
		excludes {

		}
	}
	import_record {
		file:t = "gameData/missions/templates/units_sets/plane_sets_lookups/lpt_t1_uk_rank_07.blk"
		rankRange:ip2 = 26, 50
		importAreas:b = true
		importUnits:b = true
		importTriggers:b = true
		importMissionObjectives:b = true
		importWayPoints:b = true
		showAreas:b = true
		showUnits:b = true
		showTriggers:b = true
		showMissionObjectives:b = true
		showWayPoints:b = true
		excludes {

		}
	}
	import_record {
		file:t = "gameData/missions/templates/units_sets/plane_sets_lookups/lpt_t2_germ_rank_01.blk"
		rankRange:ip2 = 0, 3
		importAreas:b = true
		importUnits:b = true
		importTriggers:b = true
		importMissionObjectives:b = true
		importWayPoints:b = true
		showAreas:b = true
		showUnits:b = true
		showTriggers:b = true
		showMissionObjectives:b = true
		showWayPoints:b = true
		excludes {

		}
	}
	import_record {
		file:t = "gameData/missions/templates/units_sets/plane_sets_lookups/lpt_t2_germ_rank_02.blk"
		rankRange:ip2 = 4, 7
		importAreas:b = true
		importUnits:b = true
		importTriggers:b = true
		importMissionObjectives:b = true
		importWayPoints:b = true
		showAreas:b = true
		showUnits:b = true
		showTriggers:b = true
		showMissionObjectives:b = true
		showWayPoints:b = true
		excludes {

		}
	}
	import_record {
		file:t = "gameData/missions/templates/units_sets/plane_sets_lookups/lpt_t2_germ_rank_03.blk"
		rankRange:ip2 = 8, 11
		importAreas:b = true
		importUnits:b = true
		importTriggers:b = true
		importMissionObjectives:b = true
		importWayPoints:b = true
		showAreas:b = true
		showUnits:b = true
		showTriggers:b = true
		showMissionObjectives:b = true
		showWayPoints:b = true
		excludes {

		}
	}
	import_record {
		file:t = "gameData/missions/templates/units_sets/plane_sets_lookups/lpt_t2_germ_rank_04.blk"
		rankRange:ip2 = 12, 16
		importAreas:b = true
		importUnits:b = true
		importTriggers:b = true
		importMissionObjectives:b = true
		importWayPoints:b = true
		showAreas:b = true
		showUnits:b = true
		showTriggers:b = true
		showMissionObjectives:b = true
		showWayPoints:b = true
		excludes {

		}
	}
	import_record {
		file:t = "gameData/missions/templates/units_sets/plane_sets_lookups/lpt_t2_germ_rank_05.blk"
		rankRange:ip2 = 17, 20
		importAreas:b = true
		importUnits:b = true
		importTriggers:b = true
		importMissionObjectives:b = true
		importWayPoints:b = true
		showAreas:b = true
		showUnits:b = true
		showTriggers:b = true
		showMissionObjectives:b = true
		showWayPoints:b = true
		excludes {

		}
	}
	import_record {
		file:t = "gameData/missions/templates/units_sets/plane_sets_lookups/lpt_t2_germ_rank_06.blk"
		rankRange:ip2 = 21, 25
		importAreas:b = true
		importUnits:b = true
		importTriggers:b = true
		importMissionObjectives:b = true
		importWayPoints:b = true
		showAreas:b = true
		showUnits:b = true
		showTriggers:b = true
		showMissionObjectives:b = true
		showWayPoints:b = true
		excludes {

		}
	}
	import_record {
		file:t = "gameData/missions/templates/units_sets/plane_sets_lookups/lpt_t2_germ_rank_07.blk"
		rankRange:ip2 = 26, 50
		importAreas:b = true
		importUnits:b = true
		importTriggers:b = true
		importMissionObjectives:b = true
		importWayPoints:b = true
		showAreas:b = true
		showUnits:b = true
		showTriggers:b = true
		showMissionObjectives:b = true
		showWayPoints:b = true
		excludes {

		}
	}
}
triggers {
	isCategory:b = true
	is_enabled:b = true
	lpt_part_init {
		is_enabled:b = true
		comments:t = ""
		props {
			actionsType:t = "PERFORM_ONE_BY_ONE"
			conditionsType:t = "ALL"
			enableAfterComplete:b = false
		}
		events {
			initMission {

			}
		}
		conditions {

		}
		actions {
			comment {
				value:t = "kolichestvo tochek +1"
			}
			varSetInt {
				value:i = 4
				var:t = "lpt_num_points"
			}
		}
		else_actions {

		}
	}
}
mission_objectives {
	isCategory:b = true
	is_enabled:b = true
}
variables {

}
dialogs {

}
airfields {

}
effects {

}
units {

}
areas {
	t1_lookup_spawn_01 {
		type:t = "Point"
		tm:m = [[0.707107, 0.0, -0.707107] [0.0, 1.0, 0.0] [0.707107, 0.0, 0.707107] [-42000.0, 4500.0, 12000.0]]
		objLayer:i = 0
		props {

		}
	}
	t2_lookup_spawn_01 {
		type:t = "Point"
		tm:m = [[-0.843392, 0.0, 0.5373] [0.0, 1.0, 0.0] [-0.5373, 0.0, -0.843392] [27000.0, 4500.0, -42000.0]]
		objLayer:i = 0
		props {

		}
	}
	t1_lookup_retreat_point {
		type:t = "Point"
		tm:m = [[7140.18, 0.0, -5478.85] [0.0, 9000.0, 0.0] [5478.85, 0.0, 7140.18] [-42000.0, 4500.0, 42000.0]]
		objLayer:i = 0
		props {

		}
	}
	t2_lookup_retreat_point {
		type:t = "Point"
		tm:m = [[-7140.18, 0.0, 5478.85] [0.0, 9000.0, 0.0] [-5478.85, 0.0, -7140.18] [42000.0, 4500.0, -42000.0]]
		objLayer:i = 0
		props {

		}
	}
	t1_lookup_point_01 {
		type:t = "Point"
		tm:m = [[-0.999048, 0.0, 0.0436197] [0.0, 1.0, 0.0] [-0.0436197, 0.0, -0.999048] [36055.7, 3500.0, -13646.0]]
		objLayer:i = 0
		props {

		}
	}
	t1_lookup_point_02 {
		type:t = "Point"
		tm:m = [[-0.999048, 0.0, 0.0436197] [0.0, 1.0, 0.0] [-0.0436197, 0.0, -0.999048] [25642.3, 3500.0, -30000.0]]
		objLayer:i = 0
		props {

		}
	}
	t1_lookup_point_03 {
		type:t = "Point"
		tm:m = [[-0.999048, 0.0, 0.0436197] [0.0, 1.0, 0.0] [-0.0436197, 0.0, -0.999048] [1074.25, 3500.0, -35000.0]]
		objLayer:i = 0
		props {

		}
	}
	t2_lookup_point_01 {
		type:t = "Point"
		tm:m = [[-0.999048, 0.0, 0.0436197] [0.0, 1.0, 0.0] [-0.0436197, 0.0, -0.999048] [-19104.2, 3500.0, 22983.8]]
		objLayer:i = 0
		props {

		}
	}
	t2_lookup_point_02 {
		type:t = "Point"
		tm:m = [[-0.999048, 0.0, 0.0436197] [0.0, 1.0, 0.0] [-0.0436197, 0.0, -0.999048] [-30000.0, 3500.0, 14985.9]]
		objLayer:i = 0
		props {

		}
	}
	t2_lookup_point_03 {
		type:t = "Point"
		tm:m = [[-0.999048, 0.0, 0.0436197] [0.0, 1.0, 0.0] [-0.0436197, 0.0, -0.999048] [-35000.0, 3500.0, -2265.65]]
		objLayer:i = 0
		props {

		}
	}
	t2_lookup_spawn_02 {
		type:t = "Point"
		tm:m = [[-0.843392, 0.0, 0.5373] [0.0, 1.0, 0.0] [-0.5373, 0.0, -0.843392] [42000.0, 4500.0, -12000.0]]
		objLayer:i = 0
		props {

		}
	}
	t2_lookup_spawn_03 {
		type:t = "Point"
		tm:m = [[-0.843392, 0.0, 0.5373] [0.0, 1.0, 0.0] [-0.5373, 0.0, -0.843392] [12000.0, 4500.0, -42000.0]]
		objLayer:i = 0
		props {

		}
	}
	t1_lookup_spawn_02 {
		type:t = "Point"
		tm:m = [[0.707107, 0.0, -0.707107] [0.0, 1.0, 0.0] [0.707107, 0.0, 0.707107] [-12000.0, 4500.0, 42000.0]]
		objLayer:i = 0
		props {

		}
	}
	t1_lookup_spawn_03 {
		type:t = "Point"
		tm:m = [[0.707107, 0.0, -0.707107] [0.0, 1.0, 0.0] [0.707107, 0.0, 0.707107] [-42500.0, 4500.0, 27000.0]]
		objLayer:i = 0
		props {

		}
	}
	t2_lookup_spawn_04 {
		type:t = "Point"
		tm:m = [[-0.843392, 0.0, 0.5373] [0.0, 1.0, 0.0] [-0.5373, 0.0, -0.843392] [42000.0, 4500.0, -27000.0]]
		objLayer:i = 0
		props {

		}
	}
	t1_lookup_spawn_04 {
		type:t = "Point"
		tm:m = [[0.707107, 0.0, -0.707107] [0.0, 1.0, 0.0] [0.707107, 0.0, 0.707107] [-27000.0, 4500.0, 42000.0]]
		objLayer:i = 0
		props {

		}
	}
}
objLayers {
	layer {
		enabled:b = true
	}
	layer {
		enabled:b = true
	}
	layer {
		enabled:b = true
	}
	layer {
		enabled:b = true
	}
}
wayPoints {

}