selected_tag:t = ""
bin_dump_file:t = ""
mission_settings {
	player {
		army:i = 1
	}
	player_teamB {
		army:i = 2
	}
	mission {
		level:t = "levels/air_smolensk.bin"
		type:t = "domination"
		environment:t = "Day"
		weather:t = "hazy"
		restoreType:t = "attempts"
		optionalTakeOff:b = false
	}
}
imports {
	import_record {
		file:t = "gameData/missions/templates/enduring_confrontation/bdt_bases_destroy_template.blk"
		importAreas:b = true
		importUnits:b = true
		importTriggers:b = true
		importMissionObjectives:b = true
		importWayPoints:b = true
		showAreas:b = true
		showUnits:b = true
		showTriggers:b = true
		showMissionObjectives:b = true
		showWayPoints:b = true
		excludes {

		}
	}
	import_record {
		file:t = "gameData/missions/templates/units_sets/land_sets_aaa_bases/bdt_t1_usa_rank_01.blk"
		rankRange:ip2 = 0, 4
		importAreas:b = true
		importUnits:b = true
		importTriggers:b = true
		importMissionObjectives:b = true
		importWayPoints:b = true
		showAreas:b = true
		showUnits:b = true
		showTriggers:b = true
		showMissionObjectives:b = true
		showWayPoints:b = true
		excludes {

		}
	}
	import_record {
		file:t = "gameData/missions/templates/units_sets/land_sets_aaa_bases/bdt_t1_usa_rank_02.blk"
		rankRange:ip2 = 5, 8
		importAreas:b = true
		importUnits:b = true
		importTriggers:b = true
		importMissionObjectives:b = true
		importWayPoints:b = true
		showAreas:b = true
		showUnits:b = true
		showTriggers:b = true
		showMissionObjectives:b = true
		showWayPoints:b = true
		excludes {

		}
	}
	import_record {
		file:t = "gameData/missions/templates/units_sets/land_sets_aaa_bases/bdt_t1_usa_rank_03.blk"
		rankRange:ip2 = 9, 13
		importAreas:b = true
		importUnits:b = true
		importTriggers:b = true
		importMissionObjectives:b = true
		importWayPoints:b = true
		showAreas:b = true
		showUnits:b = true
		showTriggers:b = true
		showMissionObjectives:b = true
		showWayPoints:b = true
		excludes {

		}
	}
	import_record {
		file:t = "gameData/missions/templates/units_sets/land_sets_aaa_bases/bdt_t1_usa_rank_04.blk"
		rankRange:ip2 = 14, 19
		importAreas:b = true
		importUnits:b = true
		importTriggers:b = true
		importMissionObjectives:b = true
		importWayPoints:b = true
		showAreas:b = true
		showUnits:b = true
		showTriggers:b = true
		showMissionObjectives:b = true
		showWayPoints:b = true
		excludes {

		}
	}
	import_record {
		file:t = "gameData/missions/templates/units_sets/land_sets_aaa_bases/bdt_t1_usa_rank_05.blk"
		rankRange:ip2 = 20, 24
		importAreas:b = true
		importUnits:b = true
		importTriggers:b = true
		importMissionObjectives:b = true
		importWayPoints:b = true
		showAreas:b = true
		showUnits:b = true
		showTriggers:b = true
		showMissionObjectives:b = true
		showWayPoints:b = true
		excludes {

		}
	}
	import_record {
		file:t = "gameData/missions/templates/units_sets/land_sets_aaa_bases/bdt_t1_usa_rank_06.blk"
		rankRange:ip2 = 25, 50
		importAreas:b = true
		importUnits:b = true
		importTriggers:b = true
		importMissionObjectives:b = true
		importWayPoints:b = true
		showAreas:b = true
		showUnits:b = true
		showTriggers:b = true
		showMissionObjectives:b = true
		showWayPoints:b = true
		excludes {

		}
	}
	import_record {
		file:t = "gameData/missions/templates/units_sets/land_sets_aaa_bases/bdt_t2_germ_rank_01.blk"
		rankRange:ip2 = 0, 4
		importAreas:b = true
		importUnits:b = true
		importTriggers:b = true
		importMissionObjectives:b = true
		importWayPoints:b = true
		showAreas:b = true
		showUnits:b = true
		showTriggers:b = true
		showMissionObjectives:b = true
		showWayPoints:b = true
		excludes {

		}
	}
	import_record {
		file:t = "gameData/missions/templates/units_sets/land_sets_aaa_bases/bdt_t2_germ_rank_02.blk"
		rankRange:ip2 = 5, 8
		importAreas:b = true
		importUnits:b = true
		importTriggers:b = true
		importMissionObjectives:b = true
		importWayPoints:b = true
		showAreas:b = true
		showUnits:b = true
		showTriggers:b = true
		showMissionObjectives:b = true
		showWayPoints:b = true
		excludes {

		}
	}
	import_record {
		file:t = "gameData/missions/templates/units_sets/land_sets_aaa_bases/bdt_t2_germ_rank_03.blk"
		rankRange:ip2 = 9, 13
		importAreas:b = true
		importUnits:b = true
		importTriggers:b = true
		importMissionObjectives:b = true
		importWayPoints:b = true
		showAreas:b = true
		showUnits:b = true
		showTriggers:b = true
		showMissionObjectives:b = true
		showWayPoints:b = true
		excludes {

		}
	}
	import_record {
		file:t = "gameData/missions/templates/units_sets/land_sets_aaa_bases/bdt_t2_germ_rank_04.blk"
		rankRange:ip2 = 14, 19
		importAreas:b = true
		importUnits:b = true
		importTriggers:b = true
		importMissionObjectives:b = true
		importWayPoints:b = true
		showAreas:b = true
		showUnits:b = true
		showTriggers:b = true
		showMissionObjectives:b = true
		showWayPoints:b = true
		excludes {

		}
	}
	import_record {
		file:t = "gameData/missions/templates/units_sets/land_sets_aaa_bases/bdt_t2_germ_rank_05.blk"
		rankRange:ip2 = 20, 24
		importAreas:b = true
		importUnits:b = true
		importTriggers:b = true
		importMissionObjectives:b = true
		importWayPoints:b = true
		showAreas:b = true
		showUnits:b = true
		showTriggers:b = true
		showMissionObjectives:b = true
		showWayPoints:b = true
		excludes {

		}
	}
	import_record {
		file:t = "gameData/missions/templates/units_sets/land_sets_aaa_bases/bdt_t2_germ_rank_06.blk"
		rankRange:ip2 = 25, 50
		importAreas:b = true
		importUnits:b = true
		importTriggers:b = true
		importMissionObjectives:b = true
		importWayPoints:b = true
		showAreas:b = true
		showUnits:b = true
		showTriggers:b = true
		showMissionObjectives:b = true
		showWayPoints:b = true
		excludes {

		}
	}
}
triggers {
	isCategory:b = true
	is_enabled:b = true
	bdt_part_init {
		is_enabled:b = true
		comments:t = ""
		props {
			actionsType:t = "PERFORM_ONE_BY_ONE"
			conditionsType:t = "ALL"
			enableAfterComplete:b = false
		}
		events {
			initMission {

			}
		}
		conditions {

		}
		actions {
			comment {
				value:t = "set max bases amount +1"
			}
			varSetInt {
				value:i = 9
				var:t = "bdt_t1_total_bases_max_count"
			}
			varSetInt {
				value:i = 9
				var:t = "bdt_t2_total_bases_max_count"
			}
			comment {
				value:t = "enable self restarting for template"
			}
			varSetBool {
				value:b = true
				var:t = "bdt_self_restart"
			}
			comment {
				value:t = "increase one-moment bases amount"
			}
			varSetInt {
				value:i = 4
				var:t = "bdt_t1_active_bases_max_count"
				var:t = "bdt_t2_active_bases_max_count"
			}
			comment {
				value:t = ""
			}
			varSetInt {
				value:i = 1
				var:t = "bdt_delay_timer"
			}
			comment {
				value:t = ""
			}
			varSetString {
				value:t = "bfd"
				var:t = "bdt_game_mode"
			}
			comment {
				value:t = ""
			}
			varSetBool {
				value:b = true
				var:t = "bMirrorSpawn"
			}
			comment {
				value:t = ""
			}
			varSetReal {
				value:r = 2000
				var:t = "bdt_t1_min_zone_distance"
				var:t = "bdt_t2_min_zone_distance"
			}
		}
		else_actions {

		}
	}
}
mission_objectives {
	isCategory:b = true
	is_enabled:b = true
}
variables {

}
dialogs {

}
airfields {

}
effects {

}
units {
	objectGroups {
		name:t = "bdt_t2_bomb_object_01"
		tm:m = [[0.993572, 0.0, -0.113194] [0.0, 1.0, 0.0] [0.113194, 0.0, 0.993572] [-6944.91, 104.148, -11981.4]]
		unit_class:t = "dynBase_hq_camp_square"
		objLayer:i = 2
		props {
			army:i = 2
			active:b = false
		}
	}
	objectGroups {
		name:t = "bdt_t2_bomb_object_02"
		tm:m = [[0.656068, 0.0, -0.754705] [0.0, 1.0, 0.0] [0.754705, 0.0, 0.656068] [-4766.27, 152.553, -18522.0]]
		unit_class:t = "dynBase_fuel_storage_square"
		objLayer:i = 2
		props {
			army:i = 2
			active:b = false
		}
	}
	objectGroups {
		name:t = "bdt_t2_bomb_object_03"
		tm:m = [[0.559185, 0.0, 0.829045] [0.0, 1.0, 0.0] [-0.829045, 0.0, 0.559185] [-3260.85, 194.84, -19846.5]]
		unit_class:t = "dynBase_oil_storage_small_square"
		objLayer:i = 2
		props {
			army:i = 2
			active:b = false
		}
	}
	objectGroups {
		name:t = "bdt_t1_bomb_object_01"
		tm:m = [[0.975965, 0.0, 0.217921] [0.0, 1.0, 0.0] [-0.217921, 0.0, 0.975965] [1581.58, 17.6788, -5121.9]]
		unit_class:t = "dynBase_fuel_storage_square"
		objLayer:i = 2
		props {
			army:i = 1
			active:b = false
		}
	}
	objectGroups {
		name:t = "bdt_t1_bomb_object_02"
		tm:m = [[0.572331, 0.0, 0.820021] [0.0, 1.0, 0.0] [-0.820021, 0.0, 0.572331] [5129.58, 54.7319, -6529.54]]
		unit_class:t = "dynBase_small_factory_square"
		objLayer:i = 2
		props {
			army:i = 1
			active:b = false
		}
	}
	objectGroups {
		name:t = "bdt_t1_bomb_object_03"
		tm:m = [[0.383433, 0.0, 0.923568] [0.0, 1.0, 0.0] [-0.923568, 0.0, 0.383433] [8636.86, 144.685, -13677.9]]
		unit_class:t = "dynBase_oil_storage_small_square"
		objLayer:i = 2
		props {
			army:i = 1
			active:b = false
		}
	}
	objectGroups {
		name:t = "bdt_t2_bomb_object_04"
		tm:m = [[0.878811, 0.0, 0.477168] [0.0, 1.0, 0.0] [-0.477168, 0.0, 0.878811] [-5827.12, 86.0524, -9069.84]]
		unit_class:t = "dynBase_small_factory_square"
		objLayer:i = 2
		props {
			army:i = 2
			active:b = false
		}
	}
	objectGroups {
		name:t = "bdt_t1_bomb_object_04"
		tm:m = [[0.682431, 0.0, 0.73095] [0.0, 1.0, 0.0] [-0.73095, 0.0, 0.682431] [7791.47, 126.288, -16422.2]]
		unit_class:t = "dynBase_field_camp_square"
		objLayer:i = 2
		props {
			army:i = 1
			active:b = false
		}
	}
	objectGroups {
		name:t = "bdt_t1_bomb_object_05"
		tm:m = [[0.682431, 0.0, 0.73095] [0.0, 1.0, 0.0] [-0.73095, 0.0, 0.682431] [10060.6, 172.415, -17297.0]]
		unit_class:t = "dynBase_military_base_square"
		objLayer:i = 2
		props {
			army:i = 1
			active:b = false
		}
	}
	objectGroups {
		name:t = "bdt_t1_bomb_object_06"
		tm:m = [[0.682431, 0.0, 0.73095] [0.0, 1.0, 0.0] [-0.73095, 0.0, 0.682431] [10022.5, 158.051, -13637.0]]
		unit_class:t = "dynBase_oil_storage_large_square"
		objLayer:i = 2
		props {
			army:i = 1
			active:b = false
		}
	}
	objectGroups {
		name:t = "bdt_t1_bomb_object_07"
		tm:m = [[0.682431, 0.0, 0.73095] [0.0, 1.0, 0.0] [-0.73095, 0.0, 0.682431] [9725.6, 90.4837, -11777.1]]
		unit_class:t = "dynBase_oil_storage_large_square"
		objLayer:i = 2
		props {
			army:i = 1
			active:b = false
		}
	}
	objectGroups {
		name:t = "bdt_t1_bomb_object_08"
		tm:m = [[0.975965, 0.0, 0.217921] [0.0, 1.0, 0.0] [-0.217921, 0.0, 0.975965] [1858.96, 98.8768, -3618.54]]
		unit_class:t = "dynBase_small_factory_square"
		objLayer:i = 2
		props {
			army:i = 1
			active:b = false
		}
	}
	objectGroups {
		name:t = "bdt_t1_bomb_object_09"
		tm:m = [[0.975965, 0.0, 0.217921] [0.0, 1.0, 0.0] [-0.217921, 0.0, 0.975965] [4014.99, 120.876, -4617.12]]
		unit_class:t = "dynBase_hq_camp_square"
		objLayer:i = 2
		props {
			army:i = 1
			active:b = false
		}
	}
	objectGroups {
		name:t = "bdt_t1_bomb_object_10"
		tm:m = [[0.975965, 0.0, 0.217921] [0.0, 1.0, 0.0] [-0.217921, 0.0, 0.975965] [6129.93, 57.5204, -5466.02]]
		unit_class:t = "dynBase_petrol_camp_square"
		objLayer:i = 2
		props {
			army:i = 1
			active:b = false
		}
	}
	objectGroups {
		name:t = "bdt_t2_bomb_object_05"
		tm:m = [[0.878811, 0.0, 0.477168] [0.0, 1.0, 0.0] [-0.477168, 0.0, 0.878811] [-6544.47, 22.8859, -7780.76]]
		unit_class:t = "dynBase_petrol_camp_square"
		objLayer:i = 2
		props {
			army:i = 2
			active:b = false
		}
	}
	objectGroups {
		name:t = "bdt_t2_bomb_object_06"
		tm:m = [[0.552107, 0.0, 0.833773] [0.0, 1.0, 0.0] [-0.833773, 0.0, 0.552107] [-7477.82, 57.8271, -9747.28]]
		unit_class:t = "dynBase_military_base_square"
		objLayer:i = 2
		props {
			army:i = 2
			active:b = false
		}
	}
	objectGroups {
		name:t = "bdt_t2_bomb_object_07"
		tm:m = [[0.878811, 0.0, 0.477168] [0.0, 1.0, 0.0] [-0.477168, 0.0, 0.878811] [-8502.3, 104.997, -12164.7]]
		unit_class:t = "dynBase_fuel_storage_square"
		objLayer:i = 2
		props {
			army:i = 2
			active:b = false
		}
	}
	objectGroups {
		name:t = "bdt_t2_bomb_object_08"
		tm:m = [[0.559185, 0.0, 0.829045] [0.0, 1.0, 0.0] [-0.829045, 0.0, 0.559185] [-3177.26, 199.853, -21286.5]]
		unit_class:t = "dynBase_ammunition_storage_square"
		objLayer:i = 2
		props {
			army:i = 2
			active:b = false
		}
	}
	objectGroups {
		name:t = "bdt_t2_bomb_object_09"
		tm:m = [[0.559185, 0.0, 0.829045] [0.0, 1.0, 0.0] [-0.829045, 0.0, 0.559185] [-4831.86, 194.356, -20388.9]]
		unit_class:t = "dynBase_field_camp_square"
		objLayer:i = 2
		props {
			army:i = 2
			active:b = false
		}
	}
	objectGroups {
		name:t = "bdt_t2_bomb_object_10"
		tm:m = [[0.559185, 0.0, 0.829045] [0.0, 1.0, 0.0] [-0.829045, 0.0, 0.559185] [-7179.91, 104.197, -18554.8]]
		unit_class:t = "dynBase_oil_storage_small_square"
		objLayer:i = 2
		props {
			army:i = 2
			active:b = false
		}
	}
}
areas {
	bdt_t2_bomb_zone_01 {
		type:t = "Sphere"
		tm:m = [[447.109, 0.0, -50.9371] [0.0, 450.0, 0.0] [50.9371, 0.0, 447.109] [-6948.03, 104.245, -11987.8]]
		objLayer:i = 0
		props {

		}
	}
	bdt_t2_bomb_zone_02 {
		type:t = "Sphere"
		tm:m = [[447.109, 0.0, -50.9371] [0.0, 450.0, 0.0] [50.9371, 0.0, 447.109] [-4754.77, 152.92, -18503.7]]
		objLayer:i = 0
		props {

		}
	}
	bdt_t2_bomb_zone_03 {
		type:t = "Sphere"
		tm:m = [[251.634, 0.0, 373.07] [0.0, 450.0, 0.0] [-373.07, 0.0, 251.634] [-3270.65, 194.698, -19846.2]]
		objLayer:i = 0
		props {

		}
	}
	bdt_t1_bomb_zone_01 {
		type:t = "Sphere"
		tm:m = [[439.185, 0.0, 98.0647] [0.0, 450.0, 0.0] [-98.0647, 0.0, 439.185] [1592.91, 17.8083, -5116.2]]
		objLayer:i = 0
		props {

		}
	}
	bdt_t1_bomb_zone_02 {
		type:t = "Sphere"
		tm:m = [[331.312, 0.0, 304.519] [0.0, 450.0, 0.0] [-304.519, 0.0, 331.312] [5131.41, 54.7199, -6525.01]]
		objLayer:i = 0
		props {

		}
	}
	bdt_t1_bomb_zone_03 {
		type:t = "Sphere"
		tm:m = [[317.714, 0.0, 318.682] [0.0, 450.0, 0.0] [-318.682, 0.0, 317.714] [8640.47, 144.782, -13673.4]]
		objLayer:i = 0
		props {

		}
	}
	bdt_t2_bomb_zone_04 {
		type:t = "Sphere"
		tm:m = [[395.465, 0.0, 214.726] [0.0, 450.0, 0.0] [-214.726, 0.0, 395.465] [-5819.4, 86.6481, -9067.88]]
		objLayer:i = 0
		props {

		}
	}
	bdt_t1_bomb_zone_04 {
		type:t = "Sphere"
		tm:m = [[317.714, 0.0, 318.682] [0.0, 450.0, 0.0] [-318.682, 0.0, 317.714] [7787.57, 126.084, -16417.9]]
		objLayer:i = 0
		props {

		}
	}
	bdt_t2_bomb_zone_01_aaa_point_01 {
		type:t = "Point"
		tm:m = [[0.887325, 0.0, 0.461143] [0.0, 1.0, 0.0] [-0.461143, 0.0, 0.887325] [-6821.01, 80.7985, -12174.1]]
		objLayer:i = 0
		props {

		}
	}
	bdt_t2_bomb_zone_01_aaa_point_02 {
		type:t = "Point"
		tm:m = [[0.887325, 0.0, 0.461143] [0.0, 1.0, 0.0] [-0.461143, 0.0, 0.887325] [-7188.53, 120.397, -11821.8]]
		objLayer:i = 0
		props {

		}
	}
	bdt_t2_bomb_zone_01_aaa_point_03 {
		type:t = "Point"
		tm:m = [[0.887325, 0.0, 0.461143] [0.0, 1.0, 0.0] [-0.461143, 0.0, 0.887325] [-7086.89, 0.0, -11759.9]]
		objLayer:i = 0
		props {

		}
	}
	bdt_t2_bomb_zone_01_aaa_point_04 {
		type:t = "Point"
		tm:m = [[0.887325, 0.0, 0.461143] [0.0, 1.0, 0.0] [-0.461143, 0.0, 0.887325] [-6756.29, 103.5, -11561.5]]
		objLayer:i = 0
		props {

		}
	}
	bdt_t2_bomb_zone_02_aaa_point_01 {
		type:t = "Point"
		tm:m = [[0.887325, 0.0, 0.461143] [0.0, 1.0, 0.0] [-0.461143, 0.0, 0.887325] [-4862.2, 154.704, -18727.9]]
		objLayer:i = 0
		props {

		}
	}
	bdt_t2_bomb_zone_02_aaa_point_02 {
		type:t = "Point"
		tm:m = [[0.887325, 0.0, 0.461143] [0.0, 1.0, 0.0] [-0.461143, 0.0, 0.887325] [-4844.78, 141.217, -18189.1]]
		objLayer:i = 0
		props {

		}
	}
	bdt_t2_bomb_zone_02_aaa_point_03 {
		type:t = "Point"
		tm:m = [[0.887325, 0.0, 0.461143] [0.0, 1.0, 0.0] [-0.461143, 0.0, 0.887325] [-5033.47, 143.579, -18525.2]]
		objLayer:i = 0
		props {

		}
	}
	bdt_t2_bomb_zone_02_aaa_point_04 {
		type:t = "Point"
		tm:m = [[0.887325, 0.0, 0.461143] [0.0, 1.0, 0.0] [-0.461143, 0.0, 0.887325] [-4536.16, 154.294, -18434.2]]
		objLayer:i = 0
		props {

		}
	}
	bdt_t2_bomb_zone_03_aaa_point_01 {
		type:t = "Point"
		tm:m = [[0.887325, 0.0, 0.461143] [0.0, 1.0, 0.0] [-0.461143, 0.0, 0.887325] [-2833.31, 187.458, -19963.7]]
		objLayer:i = 0
		props {

		}
	}
	bdt_t2_bomb_zone_03_aaa_point_02 {
		type:t = "Point"
		tm:m = [[0.887325, 0.0, 0.461143] [0.0, 1.0, 0.0] [-0.461143, 0.0, 0.887325] [-3297.75, 187.87, -19554.9]]
		objLayer:i = 0
		props {

		}
	}
	bdt_t2_bomb_zone_03_aaa_point_03 {
		type:t = "Point"
		tm:m = [[0.887325, 0.0, 0.461143] [0.0, 1.0, 0.0] [-0.461143, 0.0, 0.887325] [-3561.69, 190.705, -19712.3]]
		objLayer:i = 0
		props {

		}
	}
	bdt_t2_bomb_zone_03_aaa_point_04 {
		type:t = "Point"
		tm:m = [[0.887325, 0.0, 0.461143] [0.0, 1.0, 0.0] [-0.461143, 0.0, 0.887325] [-3411.6, 198.349, -20149.1]]
		objLayer:i = 0
		props {

		}
	}
	bdt_t2_bomb_zone_04_aaa_point_01 {
		type:t = "Point"
		tm:m = [[0.887325, 0.0, 0.461143] [0.0, 1.0, 0.0] [-0.461143, 0.0, 0.887325] [-5713.5, 104.725, -8752.89]]
		objLayer:i = 0
		props {

		}
	}
	bdt_t2_bomb_zone_04_aaa_point_02 {
		type:t = "Point"
		tm:m = [[0.887325, 0.0, 0.461143] [0.0, 1.0, 0.0] [-0.461143, 0.0, 0.887325] [-6109.4, 76.1889, -8982.82]]
		objLayer:i = 0
		props {

		}
	}
	bdt_t2_bomb_zone_04_aaa_point_03 {
		type:t = "Point"
		tm:m = [[0.887325, 0.0, 0.461143] [0.0, 1.0, 0.0] [-0.461143, 0.0, 0.887325] [-5604.81, 97.7598, -9225.93]]
		objLayer:i = 0
		props {

		}
	}
	bdt_t2_bomb_zone_04_aaa_point_04 {
		type:t = "Point"
		tm:m = [[0.887325, 0.0, 0.461143] [0.0, 1.0, 0.0] [-0.461143, 0.0, 0.887325] [-5832.62, 86.1962, -9314.34]]
		objLayer:i = 0
		props {

		}
	}
	bdt_t1_bomb_zone_01_aaa_point_01 {
		type:t = "Point"
		tm:m = [[0.687755, 0.0, 0.725942] [0.0, 1.0, 0.0] [-0.725942, 0.0, 0.687755] [1761.45, 10.5481, -4925.14]]
		objLayer:i = 0
		props {

		}
	}
	bdt_t1_bomb_zone_01_aaa_point_02 {
		type:t = "Point"
		tm:m = [[0.687755, 0.0, 0.725942] [0.0, 1.0, 0.0] [-0.725942, 0.0, 0.687755] [1379.64, 21.4594, -5252.57]]
		objLayer:i = 0
		props {

		}
	}
	bdt_t1_bomb_zone_01_aaa_point_03 {
		type:t = "Point"
		tm:m = [[0.687755, 0.0, 0.725942] [0.0, 1.0, 0.0] [-0.725942, 0.0, 0.687755] [1740.84, 25.4489, -5296.56]]
		objLayer:i = 0
		props {

		}
	}
	bdt_t1_bomb_zone_01_aaa_point_04 {
		type:t = "Point"
		tm:m = [[0.687755, 0.0, 0.725942] [0.0, 1.0, 0.0] [-0.725942, 0.0, 0.687755] [1519.55, 24.8878, -5353.42]]
		objLayer:i = 0
		props {

		}
	}
	bdt_t1_bomb_zone_02_aaa_point_01 {
		type:t = "Point"
		tm:m = [[0.687755, 0.0, 0.725942] [0.0, 1.0, 0.0] [-0.725942, 0.0, 0.687755] [5137.31, 43.4056, -6254.73]]
		objLayer:i = 0
		props {

		}
	}
	bdt_t1_bomb_zone_02_aaa_point_02 {
		type:t = "Point"
		tm:m = [[0.687755, 0.0, 0.725942] [0.0, 1.0, 0.0] [-0.725942, 0.0, 0.687755] [4891.8, 44.1819, -6409.78]]
		objLayer:i = 0
		props {

		}
	}
	bdt_t1_bomb_zone_02_aaa_point_03 {
		type:t = "Point"
		tm:m = [[0.687755, 0.0, 0.725942] [0.0, 1.0, 0.0] [-0.725942, 0.0, 0.687755] [5411.02, 78.7866, -6878.36]]
		objLayer:i = 0
		props {

		}
	}
	bdt_t1_bomb_zone_02_aaa_point_04 {
		type:t = "Point"
		tm:m = [[0.687755, 0.0, 0.725942] [0.0, 1.0, 0.0] [-0.725942, 0.0, 0.687755] [4879.99, 34.7195, -6737.62]]
		objLayer:i = 0
		props {

		}
	}
	bdt_t1_bomb_zone_03_aaa_point_01 {
		type:t = "Point"
		tm:m = [[0.687755, 0.0, 0.725942] [0.0, 1.0, 0.0] [-0.725942, 0.0, 0.687755] [8669.65, 144.617, -13979.8]]
		objLayer:i = 0
		props {

		}
	}
	bdt_t1_bomb_zone_03_aaa_point_02 {
		type:t = "Point"
		tm:m = [[0.687755, 0.0, 0.725942] [0.0, 1.0, 0.0] [-0.725942, 0.0, 0.687755] [8602.81, 143.04, -13434.2]]
		objLayer:i = 0
		props {

		}
	}
	bdt_t1_bomb_zone_03_aaa_point_03 {
		type:t = "Point"
		tm:m = [[0.687755, 0.0, 0.725942] [0.0, 1.0, 0.0] [-0.725942, 0.0, 0.687755] [8367.38, 137.564, -13585.7]]
		objLayer:i = 0
		props {

		}
	}
	bdt_t1_bomb_zone_03_aaa_point_04 {
		type:t = "Point"
		tm:m = [[0.687755, 0.0, 0.725942] [0.0, 1.0, 0.0] [-0.725942, 0.0, 0.687755] [8900.94, 149.73, -13658.1]]
		objLayer:i = 0
		props {

		}
	}
	bdt_t1_bomb_zone_04_aaa_point_01 {
		type:t = "Point"
		tm:m = [[0.687755, 0.0, 0.725942] [0.0, 1.0, 0.0] [-0.725942, 0.0, 0.687755] [8082.31, 136.174, -16301.7]]
		objLayer:i = 0
		props {

		}
	}
	bdt_t1_bomb_zone_04_aaa_point_02 {
		type:t = "Point"
		tm:m = [[0.687755, 0.0, 0.725942] [0.0, 1.0, 0.0] [-0.725942, 0.0, 0.687755] [7791.62, 139.361, -16165.2]]
		objLayer:i = 0
		props {

		}
	}
	bdt_t1_bomb_zone_04_aaa_point_03 {
		type:t = "Point"
		tm:m = [[0.687755, 0.0, 0.725942] [0.0, 1.0, 0.0] [-0.725942, 0.0, 0.687755] [7994.55, 150.214, -16622.3]]
		objLayer:i = 0
		props {

		}
	}
	bdt_t1_bomb_zone_04_aaa_point_04 {
		type:t = "Point"
		tm:m = [[0.687755, 0.0, 0.725942] [0.0, 1.0, 0.0] [-0.725942, 0.0, 0.687755] [7482.48, 148.041, -16344.2]]
		objLayer:i = 0
		props {

		}
	}
	bdt_t1_bomb_zone_05 {
		type:t = "Sphere"
		tm:m = [[317.714, 0.0, 318.682] [0.0, 450.0, 0.0] [-318.682, 0.0, 317.714] [10056.6, 172.277, -17292.7]]
		objLayer:i = 0
		props {

		}
	}
	bdt_t1_bomb_zone_06 {
		type:t = "Sphere"
		tm:m = [[317.714, 0.0, 318.682] [0.0, 450.0, 0.0] [-318.682, 0.0, 317.714] [10018.5, 157.806, -13632.8]]
		objLayer:i = 0
		props {

		}
	}
	bdt_t1_bomb_zone_07 {
		type:t = "Sphere"
		tm:m = [[317.714, 0.0, 318.682] [0.0, 450.0, 0.0] [-318.682, 0.0, 317.714] [9721.59, 90.4539, -11772.8]]
		objLayer:i = 0
		props {

		}
	}
	bdt_t1_bomb_zone_08 {
		type:t = "Sphere"
		tm:m = [[439.185, 0.0, 98.0647] [0.0, 450.0, 0.0] [-98.0647, 0.0, 439.185] [1870.31, 100.268, -3612.83]]
		objLayer:i = 0
		props {

		}
	}
	bdt_t1_bomb_zone_09 {
		type:t = "Sphere"
		tm:m = [[439.185, 0.0, 98.0647] [0.0, 450.0, 0.0] [-98.0647, 0.0, 439.185] [4026.32, 120.196, -4611.55]]
		objLayer:i = 0
		props {

		}
	}
	bdt_t1_bomb_zone_10 {
		type:t = "Sphere"
		tm:m = [[439.185, 0.0, 98.0647] [0.0, 450.0, 0.0] [-98.0647, 0.0, 439.185] [6141.28, 58.8532, -5460.3]]
		objLayer:i = 0
		props {

		}
	}
	bdt_t1_bomb_zone_05_aaa_point_01 {
		type:t = "Point"
		tm:m = [[0.687755, 0.0, 0.725942] [0.0, 1.0, 0.0] [-0.725942, 0.0, 0.687755] [9852.25, 167.388, -17475.3]]
		objLayer:i = 0
		props {

		}
	}
	bdt_t1_bomb_zone_05_aaa_point_02 {
		type:t = "Point"
		tm:m = [[0.687755, 0.0, 0.725942] [0.0, 1.0, 0.0] [-0.725942, 0.0, 0.687755] [10239.8, 173.155, -17524.5]]
		objLayer:i = 0
		props {

		}
	}
	bdt_t1_bomb_zone_05_aaa_point_03 {
		type:t = "Point"
		tm:m = [[0.687755, 0.0, 0.725942] [0.0, 1.0, 0.0] [-0.725942, 0.0, 0.687755] [10433.2, 179.654, -17049.0]]
		objLayer:i = 0
		props {

		}
	}
	bdt_t1_bomb_zone_05_aaa_point_04 {
		type:t = "Point"
		tm:m = [[0.687755, 0.0, 0.725942] [0.0, 1.0, 0.0] [-0.725942, 0.0, 0.687755] [10063.3, 166.814, -17015.3]]
		objLayer:i = 0
		props {

		}
	}
	bdt_t1_bomb_zone_06_aaa_point_01 {
		type:t = "Point"
		tm:m = [[0.687755, 0.0, 0.725942] [0.0, 1.0, 0.0] [-0.725942, 0.0, 0.687755] [10101.9, 163.147, -13959.6]]
		objLayer:i = 0
		props {

		}
	}
	bdt_t1_bomb_zone_06_aaa_point_02 {
		type:t = "Point"
		tm:m = [[0.687755, 0.0, 0.725942] [0.0, 1.0, 0.0] [-0.725942, 0.0, 0.687755] [9843.77, 162.188, -13906.4]]
		objLayer:i = 0
		props {

		}
	}
	bdt_t1_bomb_zone_06_aaa_point_03 {
		type:t = "Point"
		tm:m = [[0.687755, 0.0, 0.725942] [0.0, 1.0, 0.0] [-0.725942, 0.0, 0.687755] [9801.23, 148.482, -13412.9]]
		objLayer:i = 0
		props {

		}
	}
	bdt_t1_bomb_zone_06_aaa_point_04 {
		type:t = "Point"
		tm:m = [[0.687755, 0.0, 0.725942] [0.0, 1.0, 0.0] [-0.725942, 0.0, 0.687755] [10297.3, 156.525, -13528.2]]
		objLayer:i = 0
		props {

		}
	}
	bdt_t1_bomb_zone_07_aaa_point_01 {
		type:t = "Point"
		tm:m = [[0.687755, 0.0, 0.725942] [0.0, 1.0, 0.0] [-0.725942, 0.0, 0.687755] [9634.52, 71.4845, -11484.4]]
		objLayer:i = 0
		props {

		}
	}
	bdt_t1_bomb_zone_07_aaa_point_02 {
		type:t = "Point"
		tm:m = [[0.687755, 0.0, 0.725942] [0.0, 1.0, 0.0] [-0.725942, 0.0, 0.687755] [9818.13, 109.419, -12108.0]]
		objLayer:i = 0
		props {

		}
	}
	bdt_t1_bomb_zone_07_aaa_point_03 {
		type:t = "Point"
		tm:m = [[0.687755, 0.0, 0.725942] [0.0, 1.0, 0.0] [-0.725942, 0.0, 0.687755] [10039.6, 97.2877, -11664.1]]
		objLayer:i = 0
		props {

		}
	}
	bdt_t1_bomb_zone_07_aaa_point_04 {
		type:t = "Point"
		tm:m = [[0.687755, 0.0, 0.725942] [0.0, 1.0, 0.0] [-0.725942, 0.0, 0.687755] [9333.39, 85.8827, -11669.8]]
		objLayer:i = 0
		props {

		}
	}
	bdt_t1_bomb_zone_08_aaa_point_01 {
		type:t = "Point"
		tm:m = [[0.687755, 0.0, 0.725942] [0.0, 1.0, 0.0] [-0.725942, 0.0, 0.687755] [1598.53, 83.3154, -3462.12]]
		objLayer:i = 0
		props {

		}
	}
	bdt_t1_bomb_zone_08_aaa_point_02 {
		type:t = "Point"
		tm:m = [[0.687755, 0.0, 0.725942] [0.0, 1.0, 0.0] [-0.725942, 0.0, 0.687755] [1757.01, 81.2198, -3897.03]]
		objLayer:i = 0
		props {

		}
	}
	bdt_t1_bomb_zone_08_aaa_point_03 {
		type:t = "Point"
		tm:m = [[0.687755, 0.0, 0.725942] [0.0, 1.0, 0.0] [-0.725942, 0.0, 0.687755] [2168.27, 116.248, -3810.96]]
		objLayer:i = 0
		props {

		}
	}
	bdt_t1_bomb_zone_08_aaa_point_04 {
		type:t = "Point"
		tm:m = [[0.687755, 0.0, 0.725942] [0.0, 1.0, 0.0] [-0.725942, 0.0, 0.687755] [2053.25, 115.637, -3411.36]]
		objLayer:i = 0
		props {

		}
	}
	bdt_t1_bomb_zone_09_aaa_point_01 {
		type:t = "Point"
		tm:m = [[0.687755, 0.0, 0.725942] [0.0, 1.0, 0.0] [-0.725942, 0.0, 0.687755] [3662.76, 119.238, -4873.55]]
		objLayer:i = 0
		props {

		}
	}
	bdt_t1_bomb_zone_09_aaa_point_02 {
		type:t = "Point"
		tm:m = [[0.687755, 0.0, 0.725942] [0.0, 1.0, 0.0] [-0.725942, 0.0, 0.687755] [4138.75, 86.8234, -5006.08]]
		objLayer:i = 0
		props {

		}
	}
	bdt_t1_bomb_zone_09_aaa_point_03 {
		type:t = "Point"
		tm:m = [[0.687755, 0.0, 0.725942] [0.0, 1.0, 0.0] [-0.725942, 0.0, 0.687755] [3582.86, 134.545, -4278.29]]
		objLayer:i = 0
		props {

		}
	}
	bdt_t1_bomb_zone_09_aaa_point_04 {
		type:t = "Point"
		tm:m = [[0.687755, 0.0, 0.725942] [0.0, 1.0, 0.0] [-0.725942, 0.0, 0.687755] [4427.94, 97.0718, -4654.76]]
		objLayer:i = 0
		props {

		}
	}
	bdt_t1_bomb_zone_10_aaa_point_01 {
		type:t = "Point"
		tm:m = [[0.687755, 0.0, 0.725942] [0.0, 1.0, 0.0] [-0.725942, 0.0, 0.687755] [5915.88, 51.3658, -5753.07]]
		objLayer:i = 0
		props {

		}
	}
	bdt_t1_bomb_zone_10_aaa_point_02 {
		type:t = "Point"
		tm:m = [[0.687755, 0.0, 0.725942] [0.0, 1.0, 0.0] [-0.725942, 0.0, 0.687755] [5786.06, 85.0381, -5192.77]]
		objLayer:i = 0
		props {

		}
	}
	bdt_t1_bomb_zone_10_aaa_point_03 {
		type:t = "Point"
		tm:m = [[0.687755, 0.0, 0.725942] [0.0, 1.0, 0.0] [-0.725942, 0.0, 0.687755] [6355.56, 53.8982, -5614.95]]
		objLayer:i = 0
		props {

		}
	}
	bdt_t1_bomb_zone_10_aaa_point_04 {
		type:t = "Point"
		tm:m = [[0.687755, 0.0, 0.725942] [0.0, 1.0, 0.0] [-0.725942, 0.0, 0.687755] [6364.81, 95.3785, -5230.43]]
		objLayer:i = 0
		props {

		}
	}
	bdt_t2_bomb_zone_05 {
		type:t = "Sphere"
		tm:m = [[395.465, 0.0, 214.726] [0.0, 450.0, 0.0] [-214.726, 0.0, 395.465] [-6536.98, 22.6871, -7778.85]]
		objLayer:i = 0
		props {

		}
	}
	bdt_t2_bomb_zone_06 {
		type:t = "Sphere"
		tm:m = [[248.447, 0.0, 375.199] [0.0, 450.0, 0.0] [-375.199, 0.0, 248.447] [-7471.84, 59.0615, -9741.98]]
		objLayer:i = 0
		props {

		}
	}
	bdt_t2_bomb_zone_07 {
		type:t = "Sphere"
		tm:m = [[395.465, 0.0, 214.726] [0.0, 450.0, 0.0] [-214.726, 0.0, 395.465] [-8494.56, 124.711, -12162.8]]
		objLayer:i = 0
		props {

		}
	}
	bdt_t2_bomb_zone_08 {
		type:t = "Sphere"
		tm:m = [[251.634, 0.0, 373.07] [0.0, 450.0, 0.0] [-373.07, 0.0, 251.634] [-3187.04, 199.48, -21286.2]]
		objLayer:i = 0
		props {

		}
	}
	bdt_t2_bomb_zone_09 {
		type:t = "Sphere"
		tm:m = [[251.634, 0.0, 373.07] [0.0, 450.0, 0.0] [-373.07, 0.0, 251.634] [-4841.74, 193.359, -20388.7]]
		objLayer:i = 0
		props {

		}
	}
	bdt_t2_bomb_zone_10 {
		type:t = "Sphere"
		tm:m = [[251.634, 0.0, 373.07] [0.0, 450.0, 0.0] [-373.07, 0.0, 251.634] [-7189.5, 103.296, -18554.6]]
		objLayer:i = 0
		props {

		}
	}
	bdt_t2_bomb_zone_05_aaa_point_01 {
		type:t = "Point"
		tm:m = [[0.887325, 0.0, 0.461143] [0.0, 1.0, 0.0] [-0.461143, 0.0, 0.887325] [-6456.18, 41.4666, -8116.41]]
		objLayer:i = 0
		props {

		}
	}
	bdt_t2_bomb_zone_05_aaa_point_02 {
		type:t = "Point"
		tm:m = [[0.887325, 0.0, 0.461143] [0.0, 1.0, 0.0] [-0.461143, 0.0, 0.887325] [-6363.1, 18.5579, -7446.19]]
		objLayer:i = 0
		props {

		}
	}
	bdt_t2_bomb_zone_05_aaa_point_03 {
		type:t = "Point"
		tm:m = [[0.887325, 0.0, 0.461143] [0.0, 1.0, 0.0] [-0.461143, 0.0, 0.887325] [-6568.82, 14.5569, -7434.65]]
		objLayer:i = 0
		props {

		}
	}
	bdt_t2_bomb_zone_05_aaa_point_04 {
		type:t = "Point"
		tm:m = [[0.887325, 0.0, 0.461143] [0.0, 1.0, 0.0] [-0.461143, 0.0, 0.887325] [-6844.2, 14.1502, -7888.94]]
		objLayer:i = 0
		props {

		}
	}
	bdt_t2_bomb_zone_06_aaa_point_01 {
		type:t = "Point"
		tm:m = [[0.567146, 0.0, 0.823619] [0.0, 1.0, 0.0] [-0.823619, 0.0, 0.567146] [-7623.77, 63.037, -10050.7]]
		objLayer:i = 0
		props {

		}
	}
	bdt_t2_bomb_zone_06_aaa_point_02 {
		type:t = "Point"
		tm:m = [[0.567146, 0.0, 0.823619] [0.0, 1.0, 0.0] [-0.823619, 0.0, 0.567146] [-7503.5, 62.589, -9295.37]]
		objLayer:i = 0
		props {

		}
	}
	bdt_t2_bomb_zone_06_aaa_point_03 {
		type:t = "Point"
		tm:m = [[0.567146, 0.0, 0.823619] [0.0, 1.0, 0.0] [-0.823619, 0.0, 0.567146] [-7219.79, 74.1041, -9456.49]]
		objLayer:i = 0
		props {

		}
	}
	bdt_t2_bomb_zone_06_aaa_point_04 {
		type:t = "Point"
		tm:m = [[0.567146, 0.0, 0.823619] [0.0, 1.0, 0.0] [-0.823619, 0.0, 0.567146] [-6927.28, 97.2191, -9802.56]]
		objLayer:i = 0
		props {

		}
	}
	bdt_t2_bomb_zone_07_aaa_point_01 {
		type:t = "Point"
		tm:m = [[0.887325, 0.0, 0.461143] [0.0, 1.0, 0.0] [-0.461143, 0.0, 0.887325] [-8379.9, 106.701, -12573.1]]
		objLayer:i = 0
		props {

		}
	}
	bdt_t2_bomb_zone_07_aaa_point_02 {
		type:t = "Point"
		tm:m = [[0.887325, 0.0, 0.461143] [0.0, 1.0, 0.0] [-0.461143, 0.0, 0.887325] [-8327.41, 143.26, -11769.1]]
		objLayer:i = 0
		props {

		}
	}
	bdt_t2_bomb_zone_07_aaa_point_03 {
		type:t = "Point"
		tm:m = [[0.887325, 0.0, 0.461143] [0.0, 1.0, 0.0] [-0.461143, 0.0, 0.887325] [-8804.97, 118.522, -11829.8]]
		objLayer:i = 0
		props {

		}
	}
	bdt_t2_bomb_zone_07_aaa_point_04 {
		type:t = "Point"
		tm:m = [[0.887325, 0.0, 0.461143] [0.0, 1.0, 0.0] [-0.461143, 0.0, 0.887325] [-8751.18, 141.203, -12473.4]]
		objLayer:i = 0
		props {

		}
	}
	bdt_t2_bomb_zone_08_aaa_point_01 {
		type:t = "Point"
		tm:m = [[0.887325, 0.0, 0.461143] [0.0, 1.0, 0.0] [-0.461143, 0.0, 0.887325] [-2874.49, 207.004, -21093.1]]
		objLayer:i = 0
		props {

		}
	}
	bdt_t2_bomb_zone_08_aaa_point_02 {
		type:t = "Point"
		tm:m = [[0.887325, 0.0, 0.461143] [0.0, 1.0, 0.0] [-0.461143, 0.0, 0.887325] [-3364.42, 185.178, -21538.9]]
		objLayer:i = 0
		props {

		}
	}
	bdt_t2_bomb_zone_08_aaa_point_03 {
		type:t = "Point"
		tm:m = [[0.887325, 0.0, 0.461143] [0.0, 1.0, 0.0] [-0.461143, 0.0, 0.887325] [-3346.25, 207.828, -20997.0]]
		objLayer:i = 0
		props {

		}
	}
	bdt_t2_bomb_zone_08_aaa_point_04 {
		type:t = "Point"
		tm:m = [[0.887325, 0.0, 0.461143] [0.0, 1.0, 0.0] [-0.461143, 0.0, 0.887325] [-3597.25, 203.736, -21151.2]]
		objLayer:i = 0
		props {

		}
	}
	bdt_t2_bomb_zone_09_aaa_point_01 {
		type:t = "Point"
		tm:m = [[0.887325, 0.0, 0.461143] [0.0, 1.0, 0.0] [-0.461143, 0.0, 0.887325] [-4492.41, 204.311, -20573.9]]
		objLayer:i = 0
		props {

		}
	}
	bdt_t2_bomb_zone_09_aaa_point_02 {
		type:t = "Point"
		tm:m = [[0.887325, 0.0, 0.461143] [0.0, 1.0, 0.0] [-0.461143, 0.0, 0.887325] [-5134.56, 181.694, -20439.9]]
		objLayer:i = 0
		props {

		}
	}
	bdt_t2_bomb_zone_09_aaa_point_03 {
		type:t = "Point"
		tm:m = [[0.887325, 0.0, 0.461143] [0.0, 1.0, 0.0] [-0.461143, 0.0, 0.887325] [-4659.23, 184.486, -20071.2]]
		objLayer:i = 0
		props {

		}
	}
	bdt_t2_bomb_zone_09_aaa_point_04 {
		type:t = "Point"
		tm:m = [[0.887325, 0.0, 0.461143] [0.0, 1.0, 0.0] [-0.461143, 0.0, 0.887325] [-4800.18, 192.051, -20793.1]]
		objLayer:i = 0
		props {

		}
	}
	bdt_t2_bomb_zone_10_aaa_point_01 {
		type:t = "Point"
		tm:m = [[0.887325, 0.0, 0.461143] [0.0, 1.0, 0.0] [-0.461143, 0.0, 0.887325] [-6051.05, 136.217, -18596.0]]
		objLayer:i = 0
		props {

		}
	}
	bdt_t2_bomb_zone_10_aaa_point_02 {
		type:t = "Point"
		tm:m = [[0.887325, 0.0, 0.461143] [0.0, 1.0, 0.0] [-0.461143, 0.0, 0.887325] [-7022.19, 100.249, -18238.8]]
		objLayer:i = 0
		props {

		}
	}
	bdt_t2_bomb_zone_10_aaa_point_03 {
		type:t = "Point"
		tm:m = [[0.887325, 0.0, 0.461143] [0.0, 1.0, 0.0] [-0.461143, 0.0, 0.887325] [-6804.7, 124.084, -18700.9]]
		objLayer:i = 0
		props {

		}
	}
	bdt_t2_bomb_zone_10_aaa_point_04 {
		type:t = "Point"
		tm:m = [[0.887325, 0.0, 0.461143] [0.0, 1.0, 0.0] [-0.461143, 0.0, 0.887325] [-7505.85, 66.3644, -18394.0]]
		objLayer:i = 0
		props {

		}
	}
	bomb_zones_area {
		type:t = "Sphere"
		tm:m = [[17550.7, 0.0, -3996.18] [0.0, 18000.0, 0.0] [3996.18, 0.0, 17550.7] [1000.0, 305.208, -13000.0]]
		objLayer:i = 3
		props {

		}
	}
}
objLayers {
	layer {
		enabled:b = true
	}
	layer {
		enabled:b = true
	}
	layer {
		enabled:b = true
	}
	layer {
		enabled:b = false
	}
	layer {
		enabled:b = true
	}
}
wayPoints {

}