selected_tag:t = ""
bin_dump_file:t = ""
mission_settings {
	player {
		army:i = 1
	}
	player_teamB {
		army:i = 2
	}
	mission {
		type:t = "domination"
		level:t = "levels/air_southeastern_cliffs.bin"
		environment:t = "Day"
		weather:t = "hazy"
	}
}
imports {

}
triggers {
	isCategory:b = true
	is_enabled:b = true
}
mission_objectives {
	isCategory:b = true
	is_enabled:b = true
}
variables {

}
dialogs {

}
airfields {

}
effects {

}
units {
	objectGroups {
		name:t = "t1_airfield_low"
		tm:m = [[-0.684879, 0.0, 0.728657] [0.0, 1.0, 0.0] [-0.728657, 0.0, -0.684879] [-7125.46, 573.216, 12788.5]]
		unit_class:t = "dynaf_pg_1line_ground"
		objLayer:i = 2
		props {
			army:i = 1
			active:b = true
		}
	}
	objectGroups {
		name:t = "t2_airfield_low"
		tm:m = [[0.926879, 0.0, -0.375361] [0.0, 1.0, 0.0] [0.375361, 0.0, 0.926879] [11671.4, 574.324, -7543.55]]
		unit_class:t = "dynaf_pg_1line_ground"
		objLayer:i = 2
		props {
			army:i = 2
			active:b = true
		}
	}
	air_defence {
		name:t = "t1_aaa_low_light_01"
		tm:m = [[-0.666192, 0.0, -0.74578] [0.0, 1.0, 0.0] [0.74578, 0.0, -0.666192] [-6234.24, 619.401, 12324.8]]
		unit_class:t = "germ_20mm_flak38_airfield"
		objLayer:i = 1
		closed_waypoints:b = false
		isShipSpline:b = false
		shipTurnRadius:r = 100
		weapons:t = ""
		bullets0:t = ""
		bullets1:t = ""
		bullets2:t = ""
		bullets3:t = ""
		bulletsCount0:i = 0
		bulletsCount1:i = 0
		bulletsCount2:i = 0
		bulletsCount3:i = 0
		crewSkillK:r = 0
		applyAllMods:b = false
		props {
			army:i = 1
			count:i = 1
			formation_type:t = "rows"
			formation_div:i = 3
			formation_step:p2 = 2.5, 2
			formation_noise:p2 = 0.1, 0.1
			uniqueName:t = ""
			attack_type:t = "fire_at_will"
		}
		way {

		}
	}
	air_defence {
		name:t = "t1_aaa_low_light_02"
		tm:m = [[-0.666192, 0.0, -0.74578] [0.0, 1.0, 0.0] [0.74578, 0.0, -0.666192] [-6866.71, 618.725, 11921.4]]
		unit_class:t = "germ_20mm_flak38_airfield"
		objLayer:i = 1
		closed_waypoints:b = false
		isShipSpline:b = false
		shipTurnRadius:r = 100
		weapons:t = ""
		bullets0:t = ""
		bullets1:t = ""
		bullets2:t = ""
		bullets3:t = ""
		bulletsCount0:i = 0
		bulletsCount1:i = 0
		bulletsCount2:i = 0
		bulletsCount3:i = 0
		crewSkillK:r = 0
		applyAllMods:b = false
		props {
			army:i = 1
			count:i = 1
			formation_type:t = "rows"
			formation_div:i = 3
			formation_step:p2 = 2.5, 2
			formation_noise:p2 = 0.1, 0.1
			uniqueName:t = ""
			attack_type:t = "fire_at_will"
		}
		way {

		}
	}
	air_defence {
		name:t = "t1_aaa_low_light_03"
		tm:m = [[-0.666192, 0.0, -0.74578] [0.0, 1.0, 0.0] [0.74578, 0.0, -0.666192] [-8184.68, 611.089, 13290.2]]
		unit_class:t = "germ_20mm_flak38_airfield"
		objLayer:i = 1
		closed_waypoints:b = false
		isShipSpline:b = false
		shipTurnRadius:r = 100
		weapons:t = ""
		bullets0:t = ""
		bullets1:t = ""
		bullets2:t = ""
		bullets3:t = ""
		bulletsCount0:i = 0
		bulletsCount1:i = 0
		bulletsCount2:i = 0
		bulletsCount3:i = 0
		crewSkillK:r = 0
		applyAllMods:b = false
		props {
			army:i = 1
			count:i = 1
			formation_type:t = "rows"
			formation_div:i = 3
			formation_step:p2 = 2.5, 2
			formation_noise:p2 = 0.1, 0.1
			uniqueName:t = ""
			attack_type:t = "fire_at_will"
		}
		way {

		}
	}
	air_defence {
		name:t = "t1_aaa_low_light_04"
		tm:m = [[-0.666192, 0.0, -0.74578] [0.0, 1.0, 0.0] [0.74578, 0.0, -0.666192] [-7630.43, 618.419, 13640.6]]
		unit_class:t = "germ_20mm_flak38_airfield"
		objLayer:i = 1
		closed_waypoints:b = false
		isShipSpline:b = false
		shipTurnRadius:r = 100
		weapons:t = ""
		bullets0:t = ""
		bullets1:t = ""
		bullets2:t = ""
		bullets3:t = ""
		bulletsCount0:i = 0
		bulletsCount1:i = 0
		bulletsCount2:i = 0
		bulletsCount3:i = 0
		crewSkillK:r = 0
		applyAllMods:b = false
		props {
			army:i = 1
			count:i = 1
			formation_type:t = "rows"
			formation_div:i = 3
			formation_step:p2 = 2.5, 2
			formation_noise:p2 = 0.1, 0.1
			uniqueName:t = ""
			attack_type:t = "fire_at_will"
		}
		way {

		}
	}
	air_defence {
		name:t = "t1_aaa_low_heavy_01"
		tm:m = [[-0.666192, 0.0, -0.74578] [0.0, 1.0, 0.0] [0.74578, 0.0, -0.666192] [-7494.31, 618.802, 12556.6]]
		unit_class:t = "germ_88mm_flak36"
		objLayer:i = 1
		closed_waypoints:b = false
		isShipSpline:b = false
		shipTurnRadius:r = 100
		weapons:t = ""
		bullets0:t = ""
		bullets1:t = ""
		bullets2:t = ""
		bullets3:t = ""
		bulletsCount0:i = 0
		bulletsCount1:i = 0
		bulletsCount2:i = 0
		bulletsCount3:i = 0
		crewSkillK:r = 0
		applyAllMods:b = false
		props {
			army:i = 1
			count:i = 1
			formation_type:t = "rows"
			formation_div:i = 3
			formation_step:p2 = 2.5, 2
			formation_noise:p2 = 0.1, 0.1
			uniqueName:t = ""
			attack_type:t = "fire_at_will"
		}
		way {

		}
	}
	air_defence {
		name:t = "t1_aaa_low_heavy_02"
		tm:m = [[-0.666192, 0.0, -0.74578] [0.0, 1.0, 0.0] [0.74578, 0.0, -0.666192] [-6950.75, 619.401, 13152.6]]
		unit_class:t = "germ_88mm_flak36"
		objLayer:i = 1
		closed_waypoints:b = false
		isShipSpline:b = false
		shipTurnRadius:r = 100
		weapons:t = ""
		bullets0:t = ""
		bullets1:t = ""
		bullets2:t = ""
		bullets3:t = ""
		bulletsCount0:i = 0
		bulletsCount1:i = 0
		bulletsCount2:i = 0
		bulletsCount3:i = 0
		crewSkillK:r = 0
		applyAllMods:b = false
		props {
			army:i = 1
			count:i = 1
			formation_type:t = "rows"
			formation_div:i = 3
			formation_step:p2 = 2.5, 2
			formation_noise:p2 = 0.1, 0.1
			uniqueName:t = ""
			attack_type:t = "fire_at_will"
		}
		way {

		}
	}
	squad {
		name:t = "t1_def_aaa_low_squad"
		tm:m = [[-0.666192, 0.0, -0.74578] [0.0, 1.0, 0.0] [0.74578, 0.0, -0.666192] [-6894.85, 935.894, 11846.8]]
		props {
			squad_members:t = "t1_aaa_low_light_01"
			squad_members:t = "t1_aaa_low_light_02"
			squad_members:t = "t1_aaa_low_light_03"
			squad_members:t = "t1_aaa_low_light_04"
			squad_members:t = "t1_aaa_low_heavy_01"
			squad_members:t = "t1_aaa_low_heavy_02"
		}
	}
	air_defence {
		name:t = "t2_aaa_low_light_01"
		tm:m = [[-0.567078, 0.0, -0.823664] [0.0, 1.0, 0.0] [0.823664, 0.0, -0.567078] [12535.2, 603.757, -8332.38]]
		unit_class:t = "germ_20mm_flak38_airfield"
		objLayer:i = 1
		closed_waypoints:b = false
		isShipSpline:b = false
		shipTurnRadius:r = 100
		weapons:t = ""
		bullets0:t = ""
		bullets1:t = ""
		bullets2:t = ""
		bullets3:t = ""
		bulletsCount0:i = 0
		bulletsCount1:i = 0
		bulletsCount2:i = 0
		bulletsCount3:i = 0
		crewSkillK:r = 0
		applyAllMods:b = false
		props {
			army:i = 2
			count:i = 1
			formation_type:t = "rows"
			formation_div:i = 3
			formation_step:p2 = 2.5, 2
			formation_noise:p2 = 0.1, 0.1
			uniqueName:t = ""
			attack_type:t = "fire_at_will"
		}
		way {

		}
	}
	air_defence {
		name:t = "t2_aaa_low_light_02"
		tm:m = [[-0.567078, 0.0, -0.823664] [0.0, 1.0, 0.0] [0.823664, 0.0, -0.567078] [12902.6, 603.756, -7626.17]]
		unit_class:t = "germ_20mm_flak38_airfield"
		objLayer:i = 1
		closed_waypoints:b = false
		isShipSpline:b = false
		shipTurnRadius:r = 100
		weapons:t = ""
		bullets0:t = ""
		bullets1:t = ""
		bullets2:t = ""
		bullets3:t = ""
		bulletsCount0:i = 0
		bulletsCount1:i = 0
		bulletsCount2:i = 0
		bulletsCount3:i = 0
		crewSkillK:r = 0
		applyAllMods:b = false
		props {
			army:i = 2
			count:i = 1
			formation_type:t = "rows"
			formation_div:i = 3
			formation_step:p2 = 2.5, 2
			formation_noise:p2 = 0.1, 0.1
			uniqueName:t = ""
			attack_type:t = "fire_at_will"
		}
		way {

		}
	}
	air_defence {
		name:t = "t2_aaa_low_light_03"
		tm:m = [[-0.567078, 0.0, -0.823664] [0.0, 1.0, 0.0] [0.823664, 0.0, -0.567078] [11852.3, 603.756, -7163.37]]
		unit_class:t = "germ_20mm_flak38_airfield"
		objLayer:i = 1
		closed_waypoints:b = false
		isShipSpline:b = false
		shipTurnRadius:r = 100
		weapons:t = ""
		bullets0:t = ""
		bullets1:t = ""
		bullets2:t = ""
		bullets3:t = ""
		bulletsCount0:i = 0
		bulletsCount1:i = 0
		bulletsCount2:i = 0
		bulletsCount3:i = 0
		crewSkillK:r = 0
		applyAllMods:b = false
		props {
			army:i = 2
			count:i = 1
			formation_type:t = "rows"
			formation_div:i = 3
			formation_step:p2 = 2.5, 2
			formation_noise:p2 = 0.1, 0.1
			uniqueName:t = ""
			attack_type:t = "fire_at_will"
		}
		way {

		}
	}
	air_defence {
		name:t = "t2_aaa_low_light_04"
		tm:m = [[-0.567078, 0.0, -0.823664] [0.0, 1.0, 0.0] [0.823664, 0.0, -0.567078] [11395.8, 603.756, -7880.31]]
		unit_class:t = "germ_20mm_flak38_airfield"
		objLayer:i = 1
		closed_waypoints:b = false
		isShipSpline:b = false
		shipTurnRadius:r = 100
		weapons:t = ""
		bullets0:t = ""
		bullets1:t = ""
		bullets2:t = ""
		bullets3:t = ""
		bulletsCount0:i = 0
		bulletsCount1:i = 0
		bulletsCount2:i = 0
		bulletsCount3:i = 0
		crewSkillK:r = 0
		applyAllMods:b = false
		props {
			army:i = 2
			count:i = 1
			formation_type:t = "rows"
			formation_div:i = 3
			formation_step:p2 = 2.5, 2
			formation_noise:p2 = 0.1, 0.1
			uniqueName:t = ""
			attack_type:t = "fire_at_will"
		}
		way {

		}
	}
	air_defence {
		name:t = "t2_aaa_low_heavy_01"
		tm:m = [[-0.567078, 0.0, -0.823664] [0.0, 1.0, 0.0] [0.823664, 0.0, -0.567078] [10793.8, 597.653, -6753.68]]
		unit_class:t = "germ_88mm_flak36"
		objLayer:i = 1
		closed_waypoints:b = false
		isShipSpline:b = false
		shipTurnRadius:r = 100
		weapons:t = ""
		bullets0:t = ""
		bullets1:t = ""
		bullets2:t = ""
		bullets3:t = ""
		bulletsCount0:i = 0
		bulletsCount1:i = 0
		bulletsCount2:i = 0
		bulletsCount3:i = 0
		crewSkillK:r = 0
		applyAllMods:b = false
		props {
			army:i = 2
			count:i = 1
			formation_type:t = "rows"
			formation_div:i = 3
			formation_step:p2 = 2.5, 2
			formation_noise:p2 = 0.1, 0.1
			uniqueName:t = ""
			attack_type:t = "fire_at_will"
		}
		way {

		}
	}
	air_defence {
		name:t = "t2_aaa_low_heavy_02"
		tm:m = [[-0.567078, 0.0, -0.823664] [0.0, 1.0, 0.0] [0.823664, 0.0, -0.567078] [10499.6, 603.75, -7505.72]]
		unit_class:t = "germ_88mm_flak36"
		objLayer:i = 1
		closed_waypoints:b = false
		isShipSpline:b = false
		shipTurnRadius:r = 100
		weapons:t = ""
		bullets0:t = ""
		bullets1:t = ""
		bullets2:t = ""
		bullets3:t = ""
		bulletsCount0:i = 0
		bulletsCount1:i = 0
		bulletsCount2:i = 0
		bulletsCount3:i = 0
		crewSkillK:r = 0
		applyAllMods:b = false
		props {
			army:i = 2
			count:i = 1
			formation_type:t = "rows"
			formation_div:i = 3
			formation_step:p2 = 2.5, 2
			formation_noise:p2 = 0.1, 0.1
			uniqueName:t = ""
			attack_type:t = "fire_at_will"
		}
		way {

		}
	}
	squad {
		name:t = "t2_def_aaa_low_squad"
		tm:m = [[-0.0707393, 0.0, -0.997495] [0.0, 1.0, 0.0] [0.997495, 0.0, -0.0707393] [9009.32, 1072.05, -11342.5]]
		props {
			squad_members:t = "t2_aaa_low_light_01"
			squad_members:t = "t2_aaa_low_light_02"
			squad_members:t = "t2_aaa_low_light_03"
			squad_members:t = "t2_aaa_low_light_04"
			squad_members:t = "t2_aaa_low_heavy_01"
			squad_members:t = "t2_aaa_low_heavy_02"
			object_marking:i = 0
		}
	}
}
areas {
	airfields_area_12_km {
		type:t = "Sphere"
		tm:m = [[-16446.6, 0.0, -17478.8] [0.0, 24000.0, 0.0] [17478.8, 0.0, -16446.6] [3534.5, 1165.72, 3751.2]]
		objLayer:i = 3
		props {

		}
	}
	t2_interceptor_area_low {
		type:t = "Sphere"
		tm:m = [[-4316.2, 0.0, -4167.8] [0.0, 6000.0, 0.0] [4167.8, 0.0, -4316.2] [11625.1, 3500.0, -7378.97]]
		props {

		}
	}
	t2_assault_low_spawn {
		type:t = "Sphere"
		tm:m = [[-198.779, 0.0, 224.694] [0.0, 300.0, 0.0] [-224.694, 0.0, -198.779] [8151.84, 2500.0, -3782.82]]
		props {

		}
	}
	t2_aaa_fighter_area_low {
		type:t = "Sphere"
		tm:m = [[-2877.47, 0.0, -2778.54] [0.0, 4000.0, 0.0] [2778.54, 0.0, -2877.47] [11625.1, 4500.0, -7378.87]]
		props {

		}
	}
	t2_assault_area_low {
		type:t = "Sphere"
		tm:m = [[-7193.66, 0.0, -6946.33] [0.0, 10000.0, 0.0] [6946.33, 0.0, -7193.66] [11625.1, 2500.0, -7378.87]]
		props {

		}
	}
	t2_interceptor_low_spawn {
		type:t = "Sphere"
		tm:m = [[-198.779, 0.0, 224.694] [0.0, 300.0, 0.0] [-224.694, 0.0, -198.779] [13696.0, 2500.0, -9523.22]]
		props {

		}
	}
	t2_aaa_fighter_low_spawn {
		type:t = "Sphere"
		tm:m = [[-198.779, 0.0, 224.694] [0.0, 300.0, 0.0] [-224.694, 0.0, -198.779] [13009.6, 3500.0, -8812.57]]
		props {

		}
	}
	t2_far_bomber_low_spawn {
		type:t = "Sphere"
		tm:m = [[-198.779, 0.0, 224.694] [0.0, 300.0, 0.0] [-224.694, 0.0, -198.779] [10236.6, 6000.0, -5940.92]]
		props {

		}
	}
	t2_main_bomber_low_spawn {
		type:t = "Sphere"
		tm:m = [[-198.779, 0.0, 224.694] [0.0, 300.0, 0.0] [-224.694, 0.0, -198.779] [9888.85, 5000.0, -5580.77]]
		props {

		}
	}
	t2_far_bomber_area_low {
		type:t = "Sphere"
		tm:m = [[-2877.47, 0.0, -2778.54] [0.0, 4000.0, 0.0] [2778.54, 0.0, -2877.47] [11625.1, 6000.0, -7378.87]]
		props {

		}
	}
	t2_main_bomber_area_low {
		type:t = "Sphere"
		tm:m = [[-3596.82, 0.0, -3473.16] [0.0, 5000.0, 0.0] [3473.16, 0.0, -3596.82] [11625.1, 5000.0, -7378.87]]
		props {

		}
	}
	t1_interceptor_area_low {
		type:t = "Sphere"
		tm:m = [[4210.3, 0.0, 4274.75] [0.0, 6000.0, 0.0] [-4274.75, 0.0, 4210.3] [-6995.49, 3500.01, 12471.4]]
		props {

		}
	}
	t1_assault_low_spawn {
		type:t = "Sphere"
		tm:m = [[204.351, 0.0, -219.635] [0.0, 300.0, 0.0] [219.635, 0.0, 204.351] [-3432.67, 2500.0, 8961.86]]
		props {

		}
	}
	t1_aaa_fighter_area_low {
		type:t = "Sphere"
		tm:m = [[2806.86, 0.0, 2849.86] [0.0, 4000.0, 0.0] [-2849.86, 0.0, 2806.86] [-6995.49, 4500.0, 12471.4]]
		props {

		}
	}
	t1_assault_area_low {
		type:t = "Sphere"
		tm:m = [[7017.14, 0.0, 7124.58] [0.0, 10000.0, 0.0] [-7124.58, 0.0, 7017.14] [-6995.39, 2500.0, 12471.4]]
		props {

		}
	}
	t1_interceptor_low_spawn {
		type:t = "Sphere"
		tm:m = [[204.351, 0.0, -219.635] [0.0, 300.0, 0.0] [219.635, 0.0, 204.351] [-9119.46, 2500.0, 14562.7]]
		props {

		}
	}
	t1_aaa_fighter_low_spawn {
		type:t = "Sphere"
		tm:m = [[204.351, 0.0, -219.635] [0.0, 300.0, 0.0] [219.635, 0.0, 204.351] [-8415.7, 3500.0, 13869.7]]
		props {

		}
	}
	t1_far_bomber_low_spawn {
		type:t = "Sphere"
		tm:m = [[210.836, 0.0, -213.419] [0.0, 300.0, 0.0] [213.419, 0.0, 210.836] [-5570.68, 6000.0, 11067.2]]
		props {

		}
	}
	t1_main_bomber_low_spawn {
		type:t = "Sphere"
		tm:m = [[204.351, 0.0, -219.635] [0.0, 300.0, 0.0] [219.635, 0.0, 204.351] [-5214.62, 5000.0, 10716.9]]
		props {

		}
	}
	t1_far_bomber_area_low {
		type:t = "Sphere"
		tm:m = [[2806.86, 0.0, 2849.86] [0.0, 4000.0, 0.0] [-2849.86, 0.0, 2806.86] [-6995.49, 6000.0, 12471.4]]
		props {

		}
	}
	t1_main_bomber_area_low {
		type:t = "Sphere"
		tm:m = [[3508.54, 0.0, 3562.29] [0.0, 5000.0, 0.0] [-3562.29, 0.0, 3508.54] [-6995.59, 5000.0, 12471.4]]
		props {

		}
	}
	t1_common_fighters_low_spawn {
		type:t = "Sphere"
		tm:m = [[204.351, 0.0, -219.635] [0.0, 300.0, 0.0] [219.635, 0.0, 204.351] [-9119.46, 2000.01, 14562.7]]
		props {

		}
	}
	t2_common_fighters_low_spawn {
		type:t = "Sphere"
		tm:m = [[-198.779, 0.0, 224.694] [0.0, 300.0, 0.0] [-224.694, 0.0, -198.779] [13696.0, 2000.0, -9523.22]]
		props {

		}
	}
	t1_assault_additional_low_spawns_area {
		type:t = "Sphere"
		tm:m = [[6811.74, 0.0, -7321.21] [0.0, 10000.0, 0.0] [7321.21, 0.0, 6811.74] [-3432.67, 2500.0, 8961.86]]
		props {

		}
	}
	t1_assault_low_spawn_01 {
		type:t = "Sphere"
		tm:m = [[204.351, 0.0, -219.635] [0.0, 300.0, 0.0] [219.635, 0.0, 204.351] [-7103.62, 2500.0, 5546.55]]
		props {

		}
	}
	t1_assault_low_spawn_02 {
		type:t = "Sphere"
		tm:m = [[204.351, 0.0, -219.635] [0.0, 300.0, 0.0] [219.635, 0.0, 204.351] [227.381, 2500.0, 12367.1]]
		props {

		}
	}
	t2_assault_additional_low_spawns_area {
		type:t = "Sphere"
		tm:m = [[-6625.95, 0.0, 7489.78] [0.0, 10000.0, 0.0] [-7489.78, 0.0, -6625.95] [8151.82, 2500.0, -3782.82]]
		props {

		}
	}
	t2_assault_low_spawn_01 {
		type:t = "Sphere"
		tm:m = [[-198.779, 0.0, 224.694] [0.0, 300.0, 0.0] [-224.694, 0.0, -198.779] [11894.2, 2500.0, -472.2]]
		props {

		}
	}
	t2_assault_low_spawn_02 {
		type:t = "Sphere"
		tm:m = [[-198.779, 0.0, 224.694] [0.0, 300.0, 0.0] [-224.694, 0.0, -198.779] [4373.0, 2500.0, -7126.35]]
		props {

		}
	}
}
objLayers {
	layer {
		enabled:b = true
	}
	layer {
		enabled:b = true
	}
	layer {
		enabled:b = true
	}
	layer {
		enabled:b = false
	}
}
wayPoints {

}