selected_tag:t = ""
bin_dump_file:t = ""
mission_settings {
	player {
		army:i = 1
	}
	player_teamB {
		army:i = 2
	}
	mission {
		type:t = "domination"
		level:t = "levels/air_southeastern_cliffs.bin"
		environment:t = "Day"
		weather:t = "hazy"
	}
}
imports {

}
triggers {
	isCategory:b = true
	is_enabled:b = true
}
mission_objectives {
	isCategory:b = true
	is_enabled:b = true
}
variables {

}
dialogs {

}
airfields {

}
effects {

}
units {
	objectGroups {
		name:t = "t1_airfield_mid"
		tm:m = [[-0.747095, 0.0, 0.664718] [0.0, 1.0, 0.0] [-0.664718, 0.0, -0.747094] [-16815.5, 640.576, 12918.3]]
		unit_class:t = "dynaf_pg_1line_ground"
		objLayer:i = 2
		props {
			army:i = 1
			active:b = true
		}
	}
	objectGroups {
		name:t = "t2_airfield_mid"
		tm:m = [[0.778732, 0.0, -0.627357] [0.0, 1.0, 0.0] [0.627357, 0.0, 0.778731] [12713.6, 624.673, -17405.2]]
		unit_class:t = "dynaf_pg_1line_ground"
		objLayer:i = 2
		props {
			army:i = 2
			active:b = true
		}
	}
	objectGroups {
		name:t = "t1_airfield_mid_reload"
		tm:m = [[-0.684879, 0.0, 0.728657] [0.0, 1.0, 0.0] [-0.728657, 0.0, -0.684879] [-7125.46, 573.216, 12788.5]]
		unit_class:t = "dynaf_pg_1line_ground"
		objLayer:i = 2
		props {
			army:i = 1
			active:b = true
		}
	}
	objectGroups {
		name:t = "t2_airfield_mid_reload"
		tm:m = [[0.926879, 0.0, -0.375361] [0.0, 1.0, 0.0] [0.375361, 0.0, 0.926879] [11671.4, 574.324, -7543.55]]
		unit_class:t = "dynaf_pg_1line_ground"
		objLayer:i = 2
		props {
			army:i = 2
			active:b = true
		}
	}
	air_defence {
		name:t = "t1_aaa_mid_light_01"
		tm:m = [[-0.597075, 0.0, -0.802185] [0.0, 1.0, 0.0] [0.802185, 0.0, -0.597075] [-16260.3, 741.233, 12820.6]]
		unit_class:t = "germ_37mm_flak43_airfield"
		objLayer:i = 1
		closed_waypoints:b = false
		isShipSpline:b = false
		shipTurnRadius:r = 100
		weapons:t = ""
		bullets0:t = ""
		bullets1:t = ""
		bullets2:t = ""
		bullets3:t = ""
		bulletsCount0:i = 0
		bulletsCount1:i = 0
		bulletsCount2:i = 0
		bulletsCount3:i = 0
		crewSkillK:r = 0
		applyAllMods:b = false
		props {
			army:i = 1
			count:i = 1
			formation_type:t = "rows"
			formation_div:i = 3
			formation_step:p2 = 2.5, 2
			formation_noise:p2 = 0.1, 0.1
			uniqueName:t = ""
			attack_type:t = "fire_at_will"
		}
		way {

		}
	}
	air_defence {
		name:t = "t1_aaa_mid_light_02"
		tm:m = [[-0.597075, 0.0, -0.802185] [0.0, 1.0, 0.0] [0.802185, 0.0, -0.597075] [-16623.8, 737.964, 12198.3]]
		unit_class:t = "germ_37mm_flak43_airfield"
		objLayer:i = 1
		closed_waypoints:b = false
		isShipSpline:b = false
		shipTurnRadius:r = 100
		weapons:t = ""
		bullets0:t = ""
		bullets1:t = ""
		bullets2:t = ""
		bullets3:t = ""
		bulletsCount0:i = 0
		bulletsCount1:i = 0
		bulletsCount2:i = 0
		bulletsCount3:i = 0
		crewSkillK:r = 0
		applyAllMods:b = false
		props {
			army:i = 1
			count:i = 1
			formation_type:t = "rows"
			formation_div:i = 3
			formation_step:p2 = 2.5, 2
			formation_noise:p2 = 0.1, 0.1
			uniqueName:t = ""
			attack_type:t = "fire_at_will"
		}
		way {

		}
	}
	air_defence {
		name:t = "t1_aaa_mid_light_03"
		tm:m = [[-0.597075, 0.0, -0.802185] [0.0, 1.0, 0.0] [0.802185, 0.0, -0.597075] [-17877.0, 737.956, 13251.2]]
		unit_class:t = "germ_37mm_flak43_airfield"
		objLayer:i = 1
		closed_waypoints:b = false
		isShipSpline:b = false
		shipTurnRadius:r = 100
		weapons:t = ""
		bullets0:t = ""
		bullets1:t = ""
		bullets2:t = ""
		bullets3:t = ""
		bulletsCount0:i = 0
		bulletsCount1:i = 0
		bulletsCount2:i = 0
		bulletsCount3:i = 0
		crewSkillK:r = 0
		applyAllMods:b = false
		props {
			army:i = 1
			count:i = 1
			formation_type:t = "rows"
			formation_div:i = 3
			formation_step:p2 = 2.5, 2
			formation_noise:p2 = 0.1, 0.1
			uniqueName:t = ""
			attack_type:t = "fire_at_will"
		}
		way {

		}
	}
	air_defence {
		name:t = "t1_aaa_mid_light_04"
		tm:m = [[-0.597075, 0.0, -0.802185] [0.0, 1.0, 0.0] [0.802185, 0.0, -0.597075] [-17394.3, 737.956, 13722.1]]
		unit_class:t = "germ_37mm_flak43_airfield"
		objLayer:i = 1
		closed_waypoints:b = false
		isShipSpline:b = false
		shipTurnRadius:r = 100
		weapons:t = ""
		bullets0:t = ""
		bullets1:t = ""
		bullets2:t = ""
		bullets3:t = ""
		bulletsCount0:i = 0
		bulletsCount1:i = 0
		bulletsCount2:i = 0
		bulletsCount3:i = 0
		crewSkillK:r = 0
		applyAllMods:b = false
		props {
			army:i = 1
			count:i = 1
			formation_type:t = "rows"
			formation_div:i = 3
			formation_step:p2 = 2.5, 2
			formation_noise:p2 = 0.1, 0.1
			uniqueName:t = ""
			attack_type:t = "fire_at_will"
		}
		way {

		}
	}
	air_defence {
		name:t = "t1_aaa_mid_heavy_01"
		tm:m = [[-0.597075, 0.0, -0.802185] [0.0, 1.0, 0.0] [0.802185, 0.0, -0.597075] [-17202.4, 736.531, 12595.8]]
		unit_class:t = "germ_88mm_flak36"
		objLayer:i = 1
		closed_waypoints:b = false
		isShipSpline:b = false
		shipTurnRadius:r = 100
		weapons:t = ""
		bullets0:t = ""
		bullets1:t = ""
		bullets2:t = ""
		bullets3:t = ""
		bulletsCount0:i = 0
		bulletsCount1:i = 0
		bulletsCount2:i = 0
		bulletsCount3:i = 0
		crewSkillK:r = 0
		applyAllMods:b = false
		props {
			army:i = 1
			count:i = 1
			formation_type:t = "rows"
			formation_div:i = 3
			formation_step:p2 = 2.5, 2
			formation_noise:p2 = 0.1, 0.1
			uniqueName:t = ""
			attack_type:t = "fire_at_will"
		}
		way {

		}
	}
	air_defence {
		name:t = "t1_aaa_mid_heavy_02"
		tm:m = [[-0.597075, 0.0, -0.802185] [0.0, 1.0, 0.0] [0.802185, 0.0, -0.597075] [-16667.9, 734.173, 13316.1]]
		unit_class:t = "germ_88mm_flak36"
		objLayer:i = 1
		closed_waypoints:b = false
		isShipSpline:b = false
		shipTurnRadius:r = 100
		weapons:t = ""
		bullets0:t = ""
		bullets1:t = ""
		bullets2:t = ""
		bullets3:t = ""
		bulletsCount0:i = 0
		bulletsCount1:i = 0
		bulletsCount2:i = 0
		bulletsCount3:i = 0
		crewSkillK:r = 0
		applyAllMods:b = false
		props {
			army:i = 1
			count:i = 1
			formation_type:t = "rows"
			formation_div:i = 3
			formation_step:p2 = 2.5, 2
			formation_noise:p2 = 0.1, 0.1
			uniqueName:t = ""
			attack_type:t = "fire_at_will"
		}
		way {

		}
	}
	squad {
		name:t = "t1_def_aaa_mid_squad"
		tm:m = [[-0.597075, 0.0, -0.802185] [0.0, 1.0, 0.0] [0.802185, 0.0, -0.597075] [-16501.8, 1016.2, 12001.0]]
		props {
			squad_members:t = "t1_aaa_mid_light_01"
			squad_members:t = "t1_aaa_mid_light_02"
			squad_members:t = "t1_aaa_mid_light_03"
			squad_members:t = "t1_aaa_mid_light_04"
			squad_members:t = "t1_aaa_mid_heavy_01"
			squad_members:t = "t1_aaa_mid_heavy_02"
		}
	}
	air_defence {
		name:t = "t2_aaa_mid_light_01"
		tm:m = [[-0.781036, 0.0, -0.624485] [0.0, 1.0, 0.0] [0.624485, 0.0, -0.781036] [13315.3, 705.25, -18378.2]]
		unit_class:t = "germ_37mm_flak43_airfield"
		objLayer:i = 1
		closed_waypoints:b = false
		isShipSpline:b = false
		shipTurnRadius:r = 100
		weapons:t = ""
		bullets0:t = ""
		bullets1:t = ""
		bullets2:t = ""
		bullets3:t = ""
		bulletsCount0:i = 0
		bulletsCount1:i = 0
		bulletsCount2:i = 0
		bulletsCount3:i = 0
		crewSkillK:r = 0
		applyAllMods:b = false
		props {
			army:i = 2
			count:i = 1
			formation_type:t = "rows"
			formation_div:i = 3
			formation_step:p2 = 2.5, 2
			formation_noise:p2 = 0.1, 0.1
			uniqueName:t = ""
			attack_type:t = "fire_at_will"
		}
		way {

		}
	}
	air_defence {
		name:t = "t2_aaa_mid_light_02"
		tm:m = [[-0.781036, 0.0, -0.624485] [0.0, 1.0, 0.0] [0.624485, 0.0, -0.781036] [12678.1, 705.25, -16856.6]]
		unit_class:t = "germ_37mm_flak43_airfield"
		objLayer:i = 1
		closed_waypoints:b = false
		isShipSpline:b = false
		shipTurnRadius:r = 100
		weapons:t = ""
		bullets0:t = ""
		bullets1:t = ""
		bullets2:t = ""
		bullets3:t = ""
		bulletsCount0:i = 0
		bulletsCount1:i = 0
		bulletsCount2:i = 0
		bulletsCount3:i = 0
		crewSkillK:r = 0
		applyAllMods:b = false
		props {
			army:i = 2
			count:i = 1
			formation_type:t = "rows"
			formation_div:i = 3
			formation_step:p2 = 2.5, 2
			formation_noise:p2 = 0.1, 0.1
			uniqueName:t = ""
			attack_type:t = "fire_at_will"
		}
		way {

		}
	}
	air_defence {
		name:t = "t2_aaa_mid_light_03"
		tm:m = [[-0.781036, 0.0, -0.624485] [0.0, 1.0, 0.0] [0.624485, 0.0, -0.781036] [13656.8, 705.25, -17729.4]]
		unit_class:t = "germ_37mm_flak43_airfield"
		objLayer:i = 1
		closed_waypoints:b = false
		isShipSpline:b = false
		shipTurnRadius:r = 100
		weapons:t = ""
		bullets0:t = ""
		bullets1:t = ""
		bullets2:t = ""
		bullets3:t = ""
		bulletsCount0:i = 0
		bulletsCount1:i = 0
		bulletsCount2:i = 0
		bulletsCount3:i = 0
		crewSkillK:r = 0
		applyAllMods:b = false
		props {
			army:i = 2
			count:i = 1
			formation_type:t = "rows"
			formation_div:i = 3
			formation_step:p2 = 2.5, 2
			formation_noise:p2 = 0.1, 0.1
			uniqueName:t = ""
			attack_type:t = "fire_at_will"
		}
		way {

		}
	}
	air_defence {
		name:t = "t2_aaa_mid_light_04"
		tm:m = [[-0.781036, 0.0, -0.624485] [0.0, 1.0, 0.0] [0.624485, 0.0, -0.781036] [12439.6, 705.25, -17755.0]]
		unit_class:t = "germ_37mm_flak43_airfield"
		objLayer:i = 1
		closed_waypoints:b = false
		isShipSpline:b = false
		shipTurnRadius:r = 100
		weapons:t = ""
		bullets0:t = ""
		bullets1:t = ""
		bullets2:t = ""
		bullets3:t = ""
		bulletsCount0:i = 0
		bulletsCount1:i = 0
		bulletsCount2:i = 0
		bulletsCount3:i = 0
		crewSkillK:r = 0
		applyAllMods:b = false
		props {
			army:i = 2
			count:i = 1
			formation_type:t = "rows"
			formation_div:i = 3
			formation_step:p2 = 2.5, 2
			formation_noise:p2 = 0.1, 0.1
			uniqueName:t = ""
			attack_type:t = "fire_at_will"
		}
		way {

		}
	}
	air_defence {
		name:t = "t2_aaa_mid_heavy_01"
		tm:m = [[-0.781036, 0.0, -0.624485] [0.0, 1.0, 0.0] [0.624485, 0.0, -0.781036] [12065.7, 705.248, -16373.7]]
		unit_class:t = "germ_88mm_flak36"
		objLayer:i = 1
		closed_waypoints:b = false
		isShipSpline:b = false
		shipTurnRadius:r = 100
		weapons:t = ""
		bullets0:t = ""
		bullets1:t = ""
		bullets2:t = ""
		bullets3:t = ""
		bulletsCount0:i = 0
		bulletsCount1:i = 0
		bulletsCount2:i = 0
		bulletsCount3:i = 0
		crewSkillK:r = 0
		applyAllMods:b = false
		props {
			army:i = 2
			count:i = 1
			formation_type:t = "rows"
			formation_div:i = 3
			formation_step:p2 = 2.5, 2
			formation_noise:p2 = 0.1, 0.1
			uniqueName:t = ""
			attack_type:t = "fire_at_will"
		}
		way {

		}
	}
	air_defence {
		name:t = "t2_aaa_mid_heavy_02"
		tm:m = [[-0.781036, 0.0, -0.624485] [0.0, 1.0, 0.0] [0.624485, 0.0, -0.781036] [11644.4, 705.25, -17164.5]]
		unit_class:t = "germ_88mm_flak36"
		objLayer:i = 1
		closed_waypoints:b = false
		isShipSpline:b = false
		shipTurnRadius:r = 100
		weapons:t = ""
		bullets0:t = ""
		bullets1:t = ""
		bullets2:t = ""
		bullets3:t = ""
		bulletsCount0:i = 0
		bulletsCount1:i = 0
		bulletsCount2:i = 0
		bulletsCount3:i = 0
		crewSkillK:r = 0
		applyAllMods:b = false
		props {
			army:i = 2
			count:i = 1
			formation_type:t = "rows"
			formation_div:i = 3
			formation_step:p2 = 2.5, 2
			formation_noise:p2 = 0.1, 0.1
			uniqueName:t = ""
			attack_type:t = "fire_at_will"
		}
		way {

		}
	}
	squad {
		name:t = "t2_def_aaa_mid_squad"
		tm:m = [[-0.227727, 0.0, -0.973725] [0.0, 1.0, 0.0] [0.973725, 0.0, -0.227727] [10816.3, 1072.05, -19964.2]]
		props {
			squad_members:t = "t2_aaa_mid_light_01"
			squad_members:t = "t2_aaa_mid_light_02"
			squad_members:t = "t2_aaa_mid_light_03"
			squad_members:t = "t2_aaa_mid_light_04"
			squad_members:t = "t2_aaa_mid_heavy_01"
			squad_members:t = "t2_aaa_mid_heavy_02"
			object_marking:i = 0
		}
	}
}
areas {
	airfields_area_20_km {
		type:t = "Sphere"
		tm:m = [[-27411.0, 0.0, -29131.4] [0.0, 40000.0, 0.0] [29131.4, 0.0, -27411.0] [3534.5, 1165.72, 3751.2]]
		objLayer:i = 3
		props {

		}
	}
	t2_interceptor_area_mid {
		type:t = "Sphere"
		tm:m = [[-4790.23, 0.0, -3612.99] [0.0, 6000.0, 0.0] [3612.99, 0.0, -4790.23] [12807.8, 3500.0, -17337.8]]
		props {

		}
	}
	t2_assault_mid_spawn {
		type:t = "Sphere"
		tm:m = [[-170.031, 0.0, 247.163] [0.0, 300.0, 0.0] [-247.163, 0.0, -170.031] [9796.75, 2500.0, -13346.6]]
		props {

		}
	}
	t2_aaa_fighter_area_mid {
		type:t = "Sphere"
		tm:m = [[-3193.5, 0.0, -2408.67] [0.0, 4000.0, 0.0] [2408.67, 0.0, -3193.5] [12807.8, 4500.0, -17337.7]]
		props {

		}
	}
	t2_assault_area_mid {
		type:t = "Sphere"
		tm:m = [[-7983.72, 0.0, -6021.66] [0.0, 10000.0, 0.0] [6021.66, 0.0, -7983.72] [12807.8, 2500.0, -17337.7]]
		props {

		}
	}
	t2_interceptor_mid_spawn {
		type:t = "Sphere"
		tm:m = [[-170.031, 0.0, 247.163] [0.0, 300.0, 0.0] [-247.163, 0.0, -170.031] [14603.0, 2500.0, -19717.6]]
		props {

		}
	}
	t2_aaa_fighter_mid_spawn {
		type:t = "Sphere"
		tm:m = [[-170.031, 0.0, 247.163] [0.0, 300.0, 0.0] [-247.163, 0.0, -170.031] [14008.0, 3500.0, -18928.9]]
		props {

		}
	}
	t2_far_bomber_mid_spawn {
		type:t = "Sphere"
		tm:m = [[-170.031, 0.0, 247.163] [0.0, 300.0, 0.0] [-247.163, 0.0, -170.031] [11604.1, 6000.0, -15741.8]]
		props {

		}
	}
	t2_main_bomber_mid_spawn {
		type:t = "Sphere"
		tm:m = [[-170.031, 0.0, 247.163] [0.0, 300.0, 0.0] [-247.163, 0.0, -170.031] [11302.7, 5000.0, -15342.1]]
		props {

		}
	}
	t2_far_bomber_area_mid {
		type:t = "Sphere"
		tm:m = [[-3193.5, 0.0, -2408.67] [0.0, 4000.0, 0.0] [2408.67, 0.0, -3193.5] [12807.8, 6000.0, -17337.7]]
		props {

		}
	}
	t2_main_bomber_area_mid {
		type:t = "Sphere"
		tm:m = [[-3991.85, 0.0, -3010.82] [0.0, 5000.0, 0.0] [3010.82, 0.0, -3991.85] [12807.8, 5000.0, -17337.7]]
		props {

		}
	}
	t1_interceptor_area_mid {
		type:t = "Sphere"
		tm:m = [[3807.45, 0.0, 4637.18] [0.0, 6000.0, 0.0] [-4637.18, 0.0, 3807.45] [-16720.2, 3500.01, 12884.3]]
		props {

		}
	}
	t1_assault_mid_spawn {
		type:t = "Sphere"
		tm:m = [[223.333, 0.0, -200.303] [0.0, 300.0, 0.0] [200.303, 0.0, 223.333] [-12855.2, 2500.0, 9710.62]]
		props {

		}
	}
	t1_aaa_fighter_area_mid {
		type:t = "Sphere"
		tm:m = [[2538.3, 0.0, 3091.48] [0.0, 4000.0, 0.0] [-3091.48, 0.0, 2538.3] [-16720.2, 4500.0, 12884.3]]
		props {

		}
	}
	t1_assault_area_mid {
		type:t = "Sphere"
		tm:m = [[6345.72, 0.0, 7728.63] [0.0, 10000.0, 0.0] [-7728.63, 0.0, 6345.72] [-16720.1, 2500.0, 12884.3]]
		props {

		}
	}
	t1_interceptor_mid_spawn {
		type:t = "Sphere"
		tm:m = [[223.333, 0.0, -200.303] [0.0, 300.0, 0.0] [200.303, 0.0, 223.333] [-19024.1, 2500.0, 14775.5]]
		props {

		}
	}
	t1_aaa_fighter_mid_spawn {
		type:t = "Sphere"
		tm:m = [[223.333, 0.0, -200.303] [0.0, 300.0, 0.0] [200.303, 0.0, 223.333] [-18260.7, 3500.0, 14148.8]]
		props {

		}
	}
	t1_far_bomber_mid_spawn {
		type:t = "Sphere"
		tm:m = [[223.333, 0.0, -200.303] [0.0, 300.0, 0.0] [200.303, 0.0, 223.333] [-15175.3, 6000.0, 11615.3]]
		props {

		}
	}
	t1_main_bomber_mid_spawn {
		type:t = "Sphere"
		tm:m = [[223.333, 0.0, -200.303] [0.0, 300.0, 0.0] [200.303, 0.0, 223.333] [-14788.2, 5000.0, 11297.6]]
		props {

		}
	}
	t1_far_bomber_area_mid {
		type:t = "Sphere"
		tm:m = [[2538.3, 0.0, 3091.48] [0.0, 4000.0, 0.0] [-3091.48, 0.0, 2538.3] [-16720.2, 6000.0, 12884.3]]
		props {

		}
	}
	t1_main_bomber_area_mid {
		type:t = "Sphere"
		tm:m = [[3172.84, 0.0, 3864.31] [0.0, 5000.0, 0.0] [-3864.31, 0.0, 3172.84] [-16720.2, 5000.0, 12884.3]]
		props {

		}
	}
	t1_common_fighters_mid_spawn {
		type:t = "Sphere"
		tm:m = [[223.333, 0.0, -200.303] [0.0, 300.0, 0.0] [200.303, 0.0, 223.333] [-19024.1, 2000.01, 14775.5]]
		props {

		}
	}
	t2_common_fighters_mid_spawn {
		type:t = "Sphere"
		tm:m = [[-170.031, 0.0, 247.163] [0.0, 300.0, 0.0] [-247.163, 0.0, -170.031] [14603.0, 2000.0, -19717.6]]
		props {

		}
	}
	t1_assault_additional_mid_spawns_area {
		type:t = "Sphere"
		tm:m = [[9677.82, 0.0, -8679.85] [0.0, 13000.0, 0.0] [8679.85, 0.0, 9677.82] [-12855.2, 2500.0, 9710.62]]
		props {

		}
	}
	t1_assault_mid_spawn_01 {
		type:t = "Sphere"
		tm:m = [[223.333, 0.0, -200.303] [0.0, 300.0, 0.0] [200.303, 0.0, 223.333] [-8516.22, 2500.0, 14548.4]]
		props {

		}
	}
	t1_assault_mid_spawn_02 {
		type:t = "Sphere"
		tm:m = [[223.333, 0.0, -200.303] [0.0, 300.0, 0.0] [200.303, 0.0, 223.333] [-17190.8, 2500.0, 4876.85]]
		props {

		}
	}
	t2_assault_additional_mid_spawns_area {
		type:t = "Sphere"
		tm:m = [[-7368.01, 0.0, 10710.4] [0.0, 13000.0, 0.0] [-10710.4, 0.0, -7368.01] [9796.75, 2500.0, -13346.6]]
		props {

		}
	}
	t2_assault_mid_spawn_01 {
		type:t = "Sphere"
		tm:m = [[-170.031, 0.0, 247.163] [0.0, 300.0, 0.0] [-247.163, 0.0, -170.031] [4439.56, 2500.0, -17032.1]]
		props {

		}
	}
	t2_assault_mid_spawn_02 {
		type:t = "Sphere"
		tm:m = [[-170.031, 0.0, 247.163] [0.0, 300.0, 0.0] [-247.163, 0.0, -170.031] [15150.0, 2500.0, -9663.75]]
		props {

		}
	}
}
objLayers {
	layer {
		enabled:b = true
	}
	layer {
		enabled:b = true
	}
	layer {
		enabled:b = true
	}
	layer {
		enabled:b = false
	}
}
wayPoints {

}