selected_tag:t = ""
bin_dump_file:t = ""
mission_settings {
	player {
		army:i = 1
		wing:t = ""
	}
	player_teamB {
		army:i = 2
		wing:t = ""
	}
	mission {
		level:t = "levels/berlin.bin"
		type:t = "domination"
		environment:t = "Day"
		weather:t = "hazy"
		deathPenaltyMulRounds:r = 0
		stars {
			latitude:r = 52.5
			longitude:r = 13
			year:i = 1945
			month:i = 4
			day:i = 2
		}
	}
	spectator_points {

	}
}
imports {
	import_record {
		file:t = "gameData/missions/templates/air_templates/gs/assaults_gs_template.blk"
		importAreas:b = true
		importUnits:b = true
		importTriggers:b = true
		importMissionObjectives:b = true
		importWayPoints:b = true
		showAreas:b = true
		showUnits:b = true
		showTriggers:b = true
		showMissionObjectives:b = true
		showWayPoints:b = true
		excludes {

		}
	}
}
triggers {
	isCategory:b = true
	is_enabled:b = true
}
mission_objectives {
	isCategory:b = true
	is_enabled:b = true
}
variables {
	ai_assaults_saved:i = 0
	ft_helicopters_pad_exclusive:b = false
}
dialogs {

}
airfields {

}
effects {

}
units {

}
areas {
	at_area {
		type:t = "Sphere"
		tm:m = [[-15998.9, 0.0, 195.472] [0.0, 16000.0, 0.0] [-195.472, 0.0, -15998.9] [0.0, 3000.0, 0.0]]
		objLayer:i = 0
		props {

		}
	}
	at_t2_spawn_01_01 {
		type:t = "Point"
		tm:m = [[-0.0476142, 0.0, -0.998867] [0.0, 1.0, 0.0] [0.998867, 0.0, -0.0476142] [-1887.3, 3000.0, 7770.76]]
		objLayer:i = 0
		props {

		}
	}
	at_t1_spawn_01_01 {
		type:t = "Point"
		tm:m = [[0.0476142, 0.0, 0.998867] [0.0, 1.0, 0.0] [-0.998867, 0.0, 0.0476142] [-2276.34, 2999.99, -7679.83]]
		objLayer:i = 0
		props {

		}
	}
	at_t2_spawn_01_02 {
		type:t = "Point"
		tm:m = [[-0.0476142, 0.0, -0.998867] [0.0, 1.0, 0.0] [0.998867, 0.0, -0.0476142] [2259.06, 3000.0, 7673.66]]
		objLayer:i = 0
		props {

		}
	}
	at_t1_spawn_01_02 {
		type:t = "Point"
		tm:m = [[0.0476142, 0.0, 0.998867] [0.0, 1.0, 0.0] [-0.998867, 0.0, 0.0476142] [1877.19, 2999.99, -7776.59]]
		objLayer:i = 0
		props {

		}
	}
	at_t1_spawn_02_01 {
		type:t = "Point"
		tm:m = [[0.0476142, 0.0, 0.998867] [0.0, 1.0, 0.0] [-0.998867, 0.0, 0.0476142] [3769.67, 2999.99, -7052.82]]
		objLayer:i = 0
		props {

		}
	}
	at_t1_spawn_02_02 {
		type:t = "Point"
		tm:m = [[0.0476142, 0.0, 0.998867] [0.0, 1.0, 0.0] [-0.998867, 0.0, 0.0476142] [-4082.36, 2999.99, -6878.85]]
		objLayer:i = 0
		props {

		}
	}
	at_t2_spawn_02_01 {
		type:t = "Point"
		tm:m = [[-0.0476142, 0.0, -0.998867] [0.0, 1.0, 0.0] [0.998867, 0.0, -0.0476142] [4401.98, 3000.01, 6867.66]]
		objLayer:i = 0
		props {

		}
	}
	at_t2_spawn_02_02 {
		type:t = "Point"
		tm:m = [[-0.0476142, 0.0, -0.998867] [0.0, 1.0, 0.0] [0.998867, 0.0, -0.0476142] [-3782.9, 3000.0, 7027.99]]
		objLayer:i = 0
		props {

		}
	}
}
objLayers {

}
wayPoints {

}