selected_tag:t = ""
bin_dump_file:t = ""
mission_settings {
	player {
		army:i = 1
	}
	player_teamB {
		army:i = 2
	}
	mission {
		level:t = "levels/air_smolensk.bin"
		type:t = "domination"
		environment:t = "Day"
		weather:t = "hazy"
		restoreType:t = "attempts"
		optionalTakeOff:b = false
	}
}
imports {
	import_record {
		file:t = "gameData/missions/templates/enduring_confrontation/bdt_bases_destroy_template.blk"
		importAreas:b = true
		importUnits:b = true
		importTriggers:b = true
		importMissionObjectives:b = true
		importWayPoints:b = true
		showAreas:b = true
		showUnits:b = true
		showTriggers:b = true
		showMissionObjectives:b = true
		showWayPoints:b = true
		excludes {

		}
	}
	import_record {
		file:t = "gameData/missions/templates/units_sets/land_sets_aaa_bases/bdt_t1_ussr_rank_01.blk"
		rankRange:ip2 = 0, 4
		importAreas:b = true
		importUnits:b = true
		importTriggers:b = true
		importMissionObjectives:b = true
		importWayPoints:b = true
		showAreas:b = true
		showUnits:b = true
		showTriggers:b = true
		showMissionObjectives:b = true
		showWayPoints:b = true
		excludes {

		}
	}
	import_record {
		file:t = "gameData/missions/templates/units_sets/land_sets_aaa_bases/bdt_t1_ussr_rank_02.blk"
		rankRange:ip2 = 5, 8
		importAreas:b = true
		importUnits:b = true
		importTriggers:b = true
		importMissionObjectives:b = true
		importWayPoints:b = true
		showAreas:b = true
		showUnits:b = true
		showTriggers:b = true
		showMissionObjectives:b = true
		showWayPoints:b = true
		excludes {

		}
	}
	import_record {
		file:t = "gameData/missions/templates/units_sets/land_sets_aaa_bases/bdt_t1_ussr_rank_03.blk"
		rankRange:ip2 = 9, 13
		importAreas:b = true
		importUnits:b = true
		importTriggers:b = true
		importMissionObjectives:b = true
		importWayPoints:b = true
		showAreas:b = true
		showUnits:b = true
		showTriggers:b = true
		showMissionObjectives:b = true
		showWayPoints:b = true
		excludes {

		}
	}
	import_record {
		file:t = "gameData/missions/templates/units_sets/land_sets_aaa_bases/bdt_t1_ussr_rank_04.blk"
		rankRange:ip2 = 14, 19
		importAreas:b = true
		importUnits:b = true
		importTriggers:b = true
		importMissionObjectives:b = true
		importWayPoints:b = true
		showAreas:b = true
		showUnits:b = true
		showTriggers:b = true
		showMissionObjectives:b = true
		showWayPoints:b = true
		excludes {

		}
	}
	import_record {
		file:t = "gameData/missions/templates/units_sets/land_sets_aaa_bases/bdt_t1_ussr_rank_05.blk"
		rankRange:ip2 = 20, 24
		importAreas:b = true
		importUnits:b = true
		importTriggers:b = true
		importMissionObjectives:b = true
		importWayPoints:b = true
		showAreas:b = true
		showUnits:b = true
		showTriggers:b = true
		showMissionObjectives:b = true
		showWayPoints:b = true
		excludes {

		}
	}
	import_record {
		file:t = "gameData/missions/templates/units_sets/land_sets_aaa_bases/bdt_t1_ussr_rank_06.blk"
		rankRange:ip2 = 25, 50
		importAreas:b = true
		importUnits:b = true
		importTriggers:b = true
		importMissionObjectives:b = true
		importWayPoints:b = true
		showAreas:b = true
		showUnits:b = true
		showTriggers:b = true
		showMissionObjectives:b = true
		showWayPoints:b = true
		excludes {

		}
	}
	import_record {
		file:t = "gameData/missions/templates/units_sets/land_sets_aaa_bases/bdt_t2_germ_rank_01.blk"
		rankRange:ip2 = 0, 4
		importAreas:b = true
		importUnits:b = true
		importTriggers:b = true
		importMissionObjectives:b = true
		importWayPoints:b = true
		showAreas:b = true
		showUnits:b = true
		showTriggers:b = true
		showMissionObjectives:b = true
		showWayPoints:b = true
		excludes {

		}
	}
	import_record {
		file:t = "gameData/missions/templates/units_sets/land_sets_aaa_bases/bdt_t2_germ_rank_02.blk"
		rankRange:ip2 = 5, 8
		importAreas:b = true
		importUnits:b = true
		importTriggers:b = true
		importMissionObjectives:b = true
		importWayPoints:b = true
		showAreas:b = true
		showUnits:b = true
		showTriggers:b = true
		showMissionObjectives:b = true
		showWayPoints:b = true
		excludes {

		}
	}
	import_record {
		file:t = "gameData/missions/templates/units_sets/land_sets_aaa_bases/bdt_t2_germ_rank_03.blk"
		rankRange:ip2 = 9, 13
		importAreas:b = true
		importUnits:b = true
		importTriggers:b = true
		importMissionObjectives:b = true
		importWayPoints:b = true
		showAreas:b = true
		showUnits:b = true
		showTriggers:b = true
		showMissionObjectives:b = true
		showWayPoints:b = true
		excludes {

		}
	}
	import_record {
		file:t = "gameData/missions/templates/units_sets/land_sets_aaa_bases/bdt_t2_germ_rank_04.blk"
		rankRange:ip2 = 14, 19
		importAreas:b = true
		importUnits:b = true
		importTriggers:b = true
		importMissionObjectives:b = true
		importWayPoints:b = true
		showAreas:b = true
		showUnits:b = true
		showTriggers:b = true
		showMissionObjectives:b = true
		showWayPoints:b = true
		excludes {

		}
	}
	import_record {
		file:t = "gameData/missions/templates/units_sets/land_sets_aaa_bases/bdt_t2_germ_rank_05.blk"
		rankRange:ip2 = 20, 24
		importAreas:b = true
		importUnits:b = true
		importTriggers:b = true
		importMissionObjectives:b = true
		importWayPoints:b = true
		showAreas:b = true
		showUnits:b = true
		showTriggers:b = true
		showMissionObjectives:b = true
		showWayPoints:b = true
		excludes {

		}
	}
	import_record {
		file:t = "gameData/missions/templates/units_sets/land_sets_aaa_bases/bdt_t2_germ_rank_06.blk"
		rankRange:ip2 = 25, 50
		importAreas:b = true
		importUnits:b = true
		importTriggers:b = true
		importMissionObjectives:b = true
		importWayPoints:b = true
		showAreas:b = true
		showUnits:b = true
		showTriggers:b = true
		showMissionObjectives:b = true
		showWayPoints:b = true
		excludes {

		}
	}
}
triggers {
	isCategory:b = true
	is_enabled:b = true
	bdt_part_init {
		is_enabled:b = true
		comments:t = ""
		props {
			actionsType:t = "PERFORM_ONE_BY_ONE"
			conditionsType:t = "ALL"
			enableAfterComplete:b = false
		}
		events {
			initMission {

			}
		}
		conditions {

		}
		actions {
			comment {
				value:t = "set max bases amount +1"
			}
			varSetInt {
				value:i = 9
				var:t = "bdt_t1_total_bases_max_count"
			}
			varSetInt {
				value:i = 9
				var:t = "bdt_t2_total_bases_max_count"
			}
			comment {
				value:t = "enable self restarting for template"
			}
			varSetBool {
				value:b = true
				var:t = "bdt_self_restart"
			}
			comment {
				value:t = "increase one-moment bases amount"
			}
			varSetInt {
				value:i = 4
				var:t = "bdt_t1_active_bases_max_count"
				var:t = "bdt_t2_active_bases_max_count"
			}
			comment {
				value:t = ""
			}
			varSetInt {
				value:i = 1
				var:t = "bdt_delay_timer"
			}
			comment {
				value:t = ""
			}
			varSetString {
				value:t = "bfd"
				var:t = "bdt_game_mode"
			}
			comment {
				value:t = ""
			}
			varSetBool {
				value:b = true
				var:t = "bMirrorSpawn"
			}
			comment {
				value:t = ""
			}
			varSetReal {
				value:r = 2000
				var:t = "bdt_t1_min_zone_distance"
				var:t = "bdt_t2_min_zone_distance"
			}
		}
		else_actions {

		}
	}
}
mission_objectives {
	isCategory:b = true
	is_enabled:b = true
}
variables {

}
dialogs {

}
airfields {

}
effects {

}
units {
	objectGroups {
		name:t = "bdt_t2_bomb_object_01"
		tm:m = [[-0.638389, 0.0, -0.769711] [0.0, 1.0, 0.0] [0.769711, 0.0, -0.638389] [5751.72, 530.641, 8374.64]]
		unit_class:t = "dynBase_hq_camp_square"
		objLayer:i = 2
		props {
			army:i = 2
			active:b = false
		}
	}
	objectGroups {
		name:t = "bdt_t2_bomb_object_02"
		tm:m = [[-0.969465, 0.0, -0.245238] [0.0, 1.0, 0.0] [0.245238, 0.0, -0.969465] [-5649.01, 1669.1, 8169.45]]
		unit_class:t = "dynBase_fuel_storage_square"
		objLayer:i = 2
		props {
			army:i = 2
			active:b = false
		}
	}
	objectGroups {
		name:t = "bdt_t2_bomb_object_03"
		tm:m = [[0.487799, 0.0, -0.872959] [0.0, 1.0, 0.0] [0.872959, 0.0, 0.487799] [-10530.4, 224.959, 10543.1]]
		unit_class:t = "dynBase_oil_storage_small_square"
		objLayer:i = 2
		props {
			army:i = 2
			active:b = false
		}
	}
	objectGroups {
		name:t = "bdt_t1_bomb_object_01"
		tm:m = [[0.0584183, 0.0, -0.998292] [0.0, 1.0, 0.0] [0.998292, 0.0, 0.0584183] [8503.92, 275.155, -11976.2]]
		unit_class:t = "dynBase_fuel_storage_square"
		objLayer:i = 2
		props {
			army:i = 1
			active:b = false
		}
	}
	objectGroups {
		name:t = "bdt_t1_bomb_object_02"
		tm:m = [[0.717507, 0.0, -0.696551] [0.0, 1.0, 0.0] [0.696551, 0.0, 0.717507] [6404.62, 401.386, -9178.37]]
		unit_class:t = "dynBase_small_factory_square"
		objLayer:i = 2
		props {
			army:i = 1
			active:b = false
		}
	}
	objectGroups {
		name:t = "bdt_t1_bomb_object_03"
		tm:m = [[0.563254, 0.0, -0.826284] [0.0, 1.0, 0.0] [0.826284, 0.0, 0.563254] [-7495.83, 2006.83, -7274.42]]
		unit_class:t = "dynBase_oil_storage_small_square"
		objLayer:i = 2
		props {
			army:i = 1
			active:b = false
		}
	}
	objectGroups {
		name:t = "bdt_t2_bomb_object_04"
		tm:m = [[-0.0814466, 0.0, -0.996677] [0.0, 1.0, 0.0] [0.996677, 0.0, -0.0814466] [9162.02, 670.782, 8853.83]]
		unit_class:t = "dynBase_small_factory_square"
		objLayer:i = 2
		props {
			army:i = 2
			active:b = false
		}
	}
	objectGroups {
		name:t = "bdt_t1_bomb_object_04"
		tm:m = [[0.238425, 0.0, -0.971161] [0.0, 1.0, 0.0] [0.971161, 0.0, 0.238425] [-9232.97, 944.032, -6191.66]]
		unit_class:t = "dynBase_field_camp_square"
		objLayer:i = 2
		props {
			army:i = 1
			active:b = false
		}
	}
	objectGroups {
		name:t = "bdt_t1_bomb_object_05"
		tm:m = [[0.238425, 0.0, -0.971161] [0.0, 1.0, 0.0] [0.971161, 0.0, 0.238425] [-11919.7, 950.232, -6888.54]]
		unit_class:t = "dynBase_military_base_square"
		objLayer:i = 2
		props {
			army:i = 1
			active:b = false
		}
	}
	objectGroups {
		name:t = "bdt_t1_bomb_object_06"
		tm:m = [[0.238425, 0.0, -0.971161] [0.0, 1.0, 0.0] [0.971161, 0.0, 0.238425] [-10272.0, 1361.12, -9603.33]]
		unit_class:t = "dynBase_oil_storage_large_square"
		objLayer:i = 2
		props {
			army:i = 1
			active:b = false
		}
	}
	objectGroups {
		name:t = "bdt_t1_bomb_object_07"
		tm:m = [[0.238425, 0.0, -0.971161] [0.0, 1.0, 0.0] [0.971161, 0.0, 0.238425] [-6318.79, 1997.0, -8954.34]]
		unit_class:t = "dynBase_oil_storage_large_square"
		objLayer:i = 2
		props {
			army:i = 1
			active:b = false
		}
	}
	objectGroups {
		name:t = "bdt_t1_bomb_object_08"
		tm:m = [[0.0584183, 0.0, -0.998292] [0.0, 1.0, 0.0] [0.998292, 0.0, 0.0584183] [10189.7, 538.217, -8737.4]]
		unit_class:t = "dynBase_small_factory_square"
		objLayer:i = 2
		props {
			army:i = 1
			active:b = false
		}
	}
	objectGroups {
		name:t = "bdt_t1_bomb_object_09"
		tm:m = [[0.0584183, 0.0, -0.998292] [0.0, 1.0, 0.0] [0.998292, 0.0, 0.0584183] [6796.07, 548.125, -6930.25]]
		unit_class:t = "dynBase_petrol_camp_square"
		objLayer:i = 2
		props {
			army:i = 1
			active:b = false
		}
	}
	objectGroups {
		name:t = "bdt_t1_bomb_object_10"
		tm:m = [[0.0584183, 0.0, -0.998292] [0.0, 1.0, 0.0] [0.998292, 0.0, 0.0584183] [4354.4, 545.614, -10301.2]]
		unit_class:t = "dynBase_petrol_camp_square"
		objLayer:i = 2
		props {
			army:i = 1
			active:b = false
		}
	}
	objectGroups {
		name:t = "bdt_t2_bomb_object_05"
		tm:m = [[-0.0814466, 0.0, -0.996677] [0.0, 1.0, 0.0] [0.996677, 0.0, -0.0814466] [8350.33, 236.993, 11559.8]]
		unit_class:t = "dynBase_petrol_camp_square"
		objLayer:i = 2
		props {
			army:i = 2
			active:b = false
		}
	}
	objectGroups {
		name:t = "bdt_t2_bomb_object_06"
		tm:m = [[0.3958, 0.0, -0.918337] [0.0, 1.0, 0.0] [0.918337, 0.0, 0.3958] [2961.6, 475.856, 10334.2]]
		unit_class:t = "dynBase_military_base_square"
		objLayer:i = 2
		props {
			army:i = 2
			active:b = false
		}
	}
	objectGroups {
		name:t = "bdt_t2_bomb_object_07"
		tm:m = [[-0.0814466, 0.0, -0.996677] [0.0, 1.0, 0.0] [0.996677, 0.0, -0.0814466] [5460.23, 501.736, 10730.6]]
		unit_class:t = "dynBase_fuel_storage_square"
		objLayer:i = 2
		props {
			army:i = 2
			active:b = false
		}
	}
	objectGroups {
		name:t = "bdt_t2_bomb_object_08"
		tm:m = [[0.487799, 0.0, -0.872959] [0.0, 1.0, 0.0] [0.872959, 0.0, 0.487799] [-10424.3, 268.38, 7724.93]]
		unit_class:t = "dynBase_ammunition_storage_square"
		objLayer:i = 2
		props {
			army:i = 2
			active:b = false
		}
	}
	objectGroups {
		name:t = "bdt_t2_bomb_object_09"
		tm:m = [[0.487799, 0.0, -0.872959] [0.0, 1.0, 0.0] [0.872959, 0.0, 0.487799] [-8342.15, 286.213, 10990.8]]
		unit_class:t = "dynBase_field_camp_square"
		objLayer:i = 2
		props {
			army:i = 2
			active:b = false
		}
	}
	objectGroups {
		name:t = "bdt_t2_bomb_object_10"
		tm:m = [[0.487799, 0.0, -0.872959] [0.0, 1.0, 0.0] [0.872959, 0.0, 0.487799] [-5117.73, 821.857, 11763.4]]
		unit_class:t = "dynBase_oil_storage_small_square"
		objLayer:i = 2
		props {
			army:i = 2
			active:b = false
		}
	}
}
areas {
	bdt_t2_bomb_zone_01 {
		type:t = "Sphere"
		tm:m = [[-287.276, 0.0, -346.372] [0.0, 450.0, 0.0] [346.372, 0.0, -287.276] [5748.1, 530.712, 8380.71]]
		objLayer:i = 0
		props {

		}
	}
	bdt_t2_bomb_zone_02 {
		type:t = "Sphere"
		tm:m = [[-247.088, 0.0, -376.097] [0.0, 450.0, 0.0] [376.097, 0.0, -247.088] [-5637.95, 1669.42, 8150.79]]
		objLayer:i = 0
		props {

		}
	}
	bdt_t2_bomb_zone_03 {
		type:t = "Sphere"
		tm:m = [[219.507, 0.0, -392.831] [0.0, 450.0, 0.0] [392.831, 0.0, 219.507] [-10525.8, 224.908, 10551.7]]
		objLayer:i = 0
		props {

		}
	}
	bdt_t1_bomb_zone_01 {
		type:t = "Sphere"
		tm:m = [[26.2869, 0.0, -449.231] [0.0, 450.0, 0.0] [449.231, 0.0, 26.2869] [8507.77, 275.197, -11988.3]]
		objLayer:i = 0
		props {

		}
	}
	bdt_t1_bomb_zone_02 {
		type:t = "Sphere"
		tm:m = [[247.382, 0.0, -375.902] [0.0, 450.0, 0.0] [375.902, 0.0, 247.382] [6408.71, 399.903, -9180.81]]
		objLayer:i = 0
		props {

		}
	}
	bdt_t1_bomb_zone_03 {
		type:t = "Sphere"
		tm:m = [[92.905, 0.0, -440.304] [0.0, 450.0, 0.0] [440.304, 0.0, 92.905] [-7494.08, 2006.7, -7279.83]]
		objLayer:i = 0
		props {

		}
	}
	bdt_t2_bomb_zone_04 {
		type:t = "Sphere"
		tm:m = [[-36.6509, 0.0, -448.503] [0.0, 450.0, 0.0] [448.503, 0.0, -36.6509] [9159.63, 670.716, 8846.29]]
		objLayer:i = 0
		props {

		}
	}
	bdt_t1_bomb_zone_04 {
		type:t = "Sphere"
		tm:m = [[92.905, 0.0, -440.304] [0.0, 450.0, 0.0] [440.304, 0.0, 92.905] [-9227.28, 943.998, -6190.73]]
		objLayer:i = 0
		props {

		}
	}
	bdt_t1_bomb_zone_05 {
		type:t = "Sphere"
		tm:m = [[92.905, 0.0, -440.304] [0.0, 450.0, 0.0] [440.304, 0.0, 92.905] [-11913.9, 950.254, -6887.54]]
		objLayer:i = 0
		props {

		}
	}
	bdt_t1_bomb_zone_06 {
		type:t = "Sphere"
		tm:m = [[92.905, 0.0, -440.304] [0.0, 450.0, 0.0] [440.304, 0.0, 92.905] [-10266.3, 1361.18, -9602.42]]
		objLayer:i = 0
		props {

		}
	}
	bdt_t1_bomb_zone_07 {
		type:t = "Sphere"
		tm:m = [[92.905, 0.0, -440.304] [0.0, 450.0, 0.0] [440.304, 0.0, 92.905] [-6313.0, 1997.12, -8953.44]]
		objLayer:i = 0
		props {

		}
	}
	bdt_t1_bomb_zone_08 {
		type:t = "Sphere"
		tm:m = [[26.2869, 0.0, -449.231] [0.0, 450.0, 0.0] [449.231, 0.0, 26.2869] [10193.4, 538.636, -8749.55]]
		objLayer:i = 0
		props {

		}
	}
	bdt_t1_bomb_zone_09 {
		type:t = "Sphere"
		tm:m = [[26.2869, 0.0, -449.231] [0.0, 450.0, 0.0] [449.231, 0.0, 26.2869] [6799.8, 548.417, -6942.18]]
		objLayer:i = 0
		props {

		}
	}
	bdt_t1_bomb_zone_10 {
		type:t = "Sphere"
		tm:m = [[26.2869, 0.0, -449.231] [0.0, 450.0, 0.0] [449.231, 0.0, 26.2869] [4358.19, 547.782, -10313.4]]
		objLayer:i = 0
		props {

		}
	}
	bdt_t2_bomb_zone_05 {
		type:t = "Sphere"
		tm:m = [[-36.6509, 0.0, -448.503] [0.0, 450.0, 0.0] [448.503, 0.0, -36.6509] [8347.8, 237.06, 11552.6]]
		objLayer:i = 0
		props {

		}
	}
	bdt_t2_bomb_zone_06 {
		type:t = "Sphere"
		tm:m = [[178.111, 0.0, -413.252] [0.0, 450.0, 0.0] [413.252, 0.0, 178.111] [2962.64, 475.776, 10326.4]]
		objLayer:i = 0
		props {

		}
	}
	bdt_t2_bomb_zone_07 {
		type:t = "Sphere"
		tm:m = [[-36.6509, 0.0, -448.503] [0.0, 450.0, 0.0] [448.503, 0.0, -36.6509] [5457.55, 501.714, 10723.1]]
		objLayer:i = 0
		props {

		}
	}
	bdt_t2_bomb_zone_08 {
		type:t = "Sphere"
		tm:m = [[219.507, 0.0, -392.831] [0.0, 450.0, 0.0] [392.831, 0.0, 219.507] [-10419.5, 268.244, 7733.49]]
		objLayer:i = 0
		props {

		}
	}
	bdt_t2_bomb_zone_09 {
		type:t = "Sphere"
		tm:m = [[219.507, 0.0, -392.831] [0.0, 450.0, 0.0] [392.831, 0.0, 219.507] [-8337.52, 304.898, 10999.5]]
		objLayer:i = 0
		props {

		}
	}
	bdt_t2_bomb_zone_10 {
		type:t = "Sphere"
		tm:m = [[219.507, 0.0, -392.831] [0.0, 450.0, 0.0] [392.831, 0.0, 219.507] [-5113.2, 826.634, 11772.0]]
		objLayer:i = 0
		props {

		}
	}
	bomb_zones_area {
		type:t = "Sphere"
		tm:m = [[-17998.5, 0.0, 219.905] [0.0, 18000.0, 0.0] [-219.905, 0.0, -17998.5] [0.0, 846.658, 0.0]]
		objLayer:i = 3
		props {

		}
	}
}
objLayers {
	layer {
		enabled:b = true
	}
	layer {
		enabled:b = true
	}
	layer {
		enabled:b = true
	}
	layer {
		enabled:b = false
	}
	layer {
		enabled:b = false
	}
}
wayPoints {

}