selected_tag:t = ""
bin_dump_file:t = ""
mission_settings {
	player {
		army:i = 1
	}
	player_teamB {
		army:i = 2
	}
	mission {
		level:t = "levels/ruhr.bin"
		type:t = "domination"
		environment:t = "Day"
		weather:t = "clear"
	}
}
imports {

}
triggers {
	isCategory:b = true
	is_enabled:b = true
	airfileds_top_init {
		is_enabled:b = true
		comments:t = ""
		props {
			actionsType:t = "PERFORM_ONE_BY_ONE"
			conditionsType:t = "ALL"
			enableAfterComplete:b = false
		}
		events {
			initMission {

			}
		}
		conditions {

		}
		actions {
			unitSetProperties {
				object:t = "t1_def_aaa_top_squad"
				object:t = "t2_def_aaa_top_squad"
				object_marking:i = 0
				object_var_name:t = ""
				object_var_comp_op:t = "equal"
				object_var_value:i = 0
				accuracy:r = 0.9
				checkVisibilityTarget:b = true
				effShootingRate:r = 1
				airEffShootingRate:r = 1
				useSearchRadar:b = true
				fireRandom:b = true
				targetChangeInterval:r = 5
				targetChangeProb:r = 0.25
			}
			comment {
				value:t = "air spawns for top ranks"
			}
			varSetBool {
				value:b = true
				var:t = "force_air_spawn"
			}
		}
		else_actions {

		}
	}
}
mission_objectives {
	isCategory:b = true
	is_enabled:b = true
}
variables {

}
dialogs {

}
airfields {

}
effects {

}
units {
	objectGroups {
		name:t = "t1_airfield_top"
		tm:m = [[-0.992358, 0.0, 0.123391] [0.0, 1.0, 0.0] [-0.123391, 0.0, -0.992358] [-3760.79, 2207.53, -43696.0]]
		unit_class:t = "dynaf_pg_1line_3000_green"
		objLayer:i = 2
		props {
			army:i = 1
			active:b = true
		}
	}
	objectGroups {
		name:t = "t2_airfield_top"
		tm:m = [[0.345383, 0.0, 0.938462] [0.0, 1.0, 0.0] [-0.938462, 0.0, 0.345383] [56617.6, 1848.71, 33414.9]]
		unit_class:t = "dynaf_pg_1line_3000_green"
		objLayer:i = 2
		props {
			army:i = 2
			active:b = true
		}
	}
	objectGroups {
		name:t = "t1_airfield_top_reload"
		tm:m = [[-0.970771, 0.0, -0.240009] [0.0, 1.0, 0.0] [0.240009, 0.0, -0.970771] [4943.31, 2551.34, -23498.0]]
		unit_class:t = "dynaf_pg_1line_3000_green"
		objLayer:i = 2
		props {
			army:i = 1
			active:b = true
		}
	}
	objectGroups {
		name:t = "t2_airfield_top_reload"
		tm:m = [[0.345383, 0.0, 0.938462] [0.0, 1.0, 0.0] [-0.938462, 0.0, 0.345383] [47209.6, 2710.49, 14064.8]]
		unit_class:t = "dynaf_pg_1line_3000_green"
		objLayer:i = 2
		props {
			army:i = 2
			active:b = true
		}
	}
	tankModels {
		name:t = "t2_aaa_top_light_01"
		tm:m = [[0.314585, 0.0, 0.949227] [0.0, 1.0, 0.0] [-0.949227, 0.0, 0.314585] [57925.1, 1761.82, 33948.8]]
		unit_class:t = "ussr_zsu_23_4"
		objLayer:i = 1
		closed_waypoints:b = false
		isShipSpline:b = false
		shipTurnRadius:r = 100
		weapons:t = ""
		bullets0:t = ""
		bullets1:t = ""
		bullets2:t = ""
		bullets3:t = ""
		bulletsCount0:i = 0
		bulletsCount1:i = 0
		bulletsCount2:i = 0
		bulletsCount3:i = 0
		crewSkillK:r = 0
		applyAllMods:b = false
		props {
			army:i = 2
			count:i = 1
			formation_type:t = "rows"
			formation_div:i = 3
			formation_step:p2 = 2.5, 2
			formation_noise:p2 = 0.1, 0.1
			uniqueName:t = ""
			attack_type:t = "fire_at_will"
		}
		way {

		}
	}
	tankModels {
		name:t = "t2_aaa_top_heavy_01"
		tm:m = [[0.314585, 0.0, 0.949227] [0.0, 1.0, 0.0] [-0.949227, 0.0, 0.314585] [56495.8, 1811.23, 33673.5]]
		unit_class:t = "ussr_9a35_m2"
		objLayer:i = 1
		closed_waypoints:b = false
		isShipSpline:b = false
		shipTurnRadius:r = 100
		weapons:t = ""
		bullets0:t = ""
		bullets1:t = ""
		bullets2:t = ""
		bullets3:t = ""
		bulletsCount0:i = 0
		bulletsCount1:i = 0
		bulletsCount2:i = 0
		bulletsCount3:i = 0
		crewSkillK:r = 0
		applyAllMods:b = false
		props {
			army:i = 2
			count:i = 1
			formation_type:t = "rows"
			formation_div:i = 3
			formation_step:p2 = 2.5, 2
			formation_noise:p2 = 0.1, 0.1
			uniqueName:t = ""
			attack_type:t = "fire_at_will"
		}
		way {

		}
	}
	tankModels {
		name:t = "t2_aaa_top_light_02"
		tm:m = [[-0.27288, 0.0, -0.962047] [0.0, 1.0, 0.0] [0.962047, 0.0, -0.27288] [56301.2, 1783.09, 33550.7]]
		unit_class:t = "ussr_zsu_23_4"
		objLayer:i = 1
		closed_waypoints:b = false
		isShipSpline:b = false
		shipTurnRadius:r = 100
		weapons:t = ""
		bullets0:t = ""
		bullets1:t = ""
		bullets2:t = ""
		bullets3:t = ""
		bulletsCount0:i = 0
		bulletsCount1:i = 0
		bulletsCount2:i = 0
		bulletsCount3:i = 0
		crewSkillK:r = 0
		applyAllMods:b = false
		props {
			army:i = 2
			count:i = 1
			formation_type:t = "rows"
			formation_div:i = 3
			formation_step:p2 = 2.5, 2
			formation_noise:p2 = 0.1, 0.1
			uniqueName:t = ""
			attack_type:t = "fire_at_will"
		}
		way {

		}
	}
	tankModels {
		name:t = "t2_aaa_top_light_03"
		tm:m = [[0.314585, 0.0, 0.949227] [0.0, 1.0, 0.0] [-0.949227, 0.0, 0.314585] [57172.5, 1620.16, 32072.4]]
		unit_class:t = "ussr_zsu_23_4"
		objLayer:i = 1
		closed_waypoints:b = false
		isShipSpline:b = false
		shipTurnRadius:r = 100
		weapons:t = ""
		bullets0:t = ""
		bullets1:t = ""
		bullets2:t = ""
		bullets3:t = ""
		bulletsCount0:i = 0
		bulletsCount1:i = 0
		bulletsCount2:i = 0
		bulletsCount3:i = 0
		crewSkillK:r = 0
		applyAllMods:b = false
		props {
			army:i = 2
			count:i = 1
			formation_type:t = "rows"
			formation_div:i = 3
			formation_step:p2 = 2.5, 2
			formation_noise:p2 = 0.1, 0.1
			uniqueName:t = ""
			attack_type:t = "fire_at_will"
		}
		way {

		}
	}
	tankModels {
		name:t = "t2_aaa_top_light_04"
		tm:m = [[-0.101676, 0.0, -0.994816] [0.0, 1.0, 0.0] [0.994816, 0.0, -0.101676] [56038.8, 1730.07, 32901.1]]
		unit_class:t = "ussr_zsu_23_4"
		objLayer:i = 1
		closed_waypoints:b = false
		isShipSpline:b = false
		shipTurnRadius:r = 100
		weapons:t = ""
		bullets0:t = ""
		bullets1:t = ""
		bullets2:t = ""
		bullets3:t = ""
		bulletsCount0:i = 0
		bulletsCount1:i = 0
		bulletsCount2:i = 0
		bulletsCount3:i = 0
		crewSkillK:r = 0
		applyAllMods:b = false
		props {
			army:i = 2
			count:i = 1
			formation_type:t = "rows"
			formation_div:i = 3
			formation_step:p2 = 2.5, 2
			formation_noise:p2 = 0.1, 0.1
			uniqueName:t = ""
			attack_type:t = "fire_at_will"
		}
		way {

		}
	}
	tankModels {
		name:t = "t2_aaa_top_heavy_02"
		tm:m = [[-0.27288, 0.0, -0.962047] [0.0, 1.0, 0.0] [0.962047, 0.0, -0.27288] [57461.9, 1721.62, 33147.8]]
		unit_class:t = "ussr_9a35_m2"
		objLayer:i = 1
		closed_waypoints:b = false
		isShipSpline:b = false
		shipTurnRadius:r = 100
		weapons:t = ""
		bullets0:t = ""
		bullets1:t = ""
		bullets2:t = ""
		bullets3:t = ""
		bulletsCount0:i = 0
		bulletsCount1:i = 0
		bulletsCount2:i = 0
		bulletsCount3:i = 0
		crewSkillK:r = 0
		applyAllMods:b = false
		props {
			army:i = 2
			count:i = 1
			formation_type:t = "rows"
			formation_div:i = 3
			formation_step:p2 = 2.5, 2
			formation_noise:p2 = 0.1, 0.1
			uniqueName:t = ""
			attack_type:t = "fire_at_will"
		}
		way {

		}
	}
	squad {
		name:t = "t2_def_aaa_top_squad"
		tm:m = [[0.295107, 0.0, -0.955464] [0.0, 1.0, 0.0] [0.955464, 0.0, 0.295107] [-5448.09, 2554.67, -4390.67]]
		props {
			squad_members:t = "t2_aaa_top_light_01"
			squad_members:t = "t2_aaa_top_light_02"
			squad_members:t = "t2_aaa_top_light_03"
			squad_members:t = "t2_aaa_top_light_04"
			squad_members:t = "t2_aaa_top_light_05"
			squad_members:t = "t2_aaa_top_light_06"
			squad_members:t = "t2_aaa_top_light_07"
			squad_members:t = "t2_aaa_top_light_08"
			squad_members:t = "t2_aaa_top_heavy_01"
			squad_members:t = "t2_aaa_top_heavy_02"
			squad_members:t = "t2_aaa_top_heavy_03"
			squad_members:t = "t2_aaa_top_heavy_04"
			squad_members:t = "t2_aaa_top_heavy_05"
			object_marking:i = 0
		}
	}
	tankModels {
		name:t = "t1_aaa_top_light_01"
		tm:m = [[0.865753, 0.0, -0.500471] [0.0, 1.0, 0.0] [0.500471, 0.0, 0.865753] [-4365.33, 2289.28, -43203.6]]
		unit_class:t = "ussr_zsu_23_4"
		objLayer:i = 1
		closed_waypoints:b = false
		isShipSpline:b = false
		shipTurnRadius:r = 100
		weapons:t = ""
		bullets0:t = ""
		bullets1:t = ""
		bullets2:t = ""
		bullets3:t = ""
		bulletsCount0:i = 0
		bulletsCount1:i = 0
		bulletsCount2:i = 0
		bulletsCount3:i = 0
		crewSkillK:r = 0
		applyAllMods:b = false
		props {
			army:i = 1
			count:i = 1
			formation_type:t = "rows"
			formation_div:i = 3
			formation_step:p2 = 2.5, 2
			formation_noise:p2 = 0.1, 0.1
			uniqueName:t = ""
			attack_type:t = "fire_at_will"
		}
		way {

		}
	}
	tankModels {
		name:t = "t1_aaa_top_heavy_01"
		tm:m = [[0.865753, 0.0, -0.500471] [0.0, 1.0, 0.0] [0.500471, 0.0, 0.865753] [-4707.7, 2290.09, -43925.1]]
		unit_class:t = "ussr_9a35_m2"
		objLayer:i = 1
		closed_waypoints:b = false
		isShipSpline:b = false
		shipTurnRadius:r = 100
		weapons:t = ""
		bullets0:t = ""
		bullets1:t = ""
		bullets2:t = ""
		bullets3:t = ""
		bulletsCount0:i = 0
		bulletsCount1:i = 0
		bulletsCount2:i = 0
		bulletsCount3:i = 0
		crewSkillK:r = 0
		applyAllMods:b = false
		props {
			army:i = 1
			count:i = 1
			formation_type:t = "rows"
			formation_div:i = 3
			formation_step:p2 = 2.5, 2
			formation_noise:p2 = 0.1, 0.1
			uniqueName:t = ""
			attack_type:t = "fire_at_will"
		}
		way {

		}
	}
	tankModels {
		name:t = "t1_aaa_top_light_02"
		tm:m = [[-0.843096, 0.0, 0.537759] [0.0, 1.0, 0.0] [-0.537759, 0.0, -0.843096] [-3764.12, 2290.22, -44087.2]]
		unit_class:t = "ussr_zsu_23_4"
		objLayer:i = 1
		closed_waypoints:b = false
		isShipSpline:b = false
		shipTurnRadius:r = 100
		weapons:t = ""
		bullets0:t = ""
		bullets1:t = ""
		bullets2:t = ""
		bullets3:t = ""
		bulletsCount0:i = 0
		bulletsCount1:i = 0
		bulletsCount2:i = 0
		bulletsCount3:i = 0
		crewSkillK:r = 0
		applyAllMods:b = false
		props {
			army:i = 1
			count:i = 1
			formation_type:t = "rows"
			formation_div:i = 3
			formation_step:p2 = 2.5, 2
			formation_noise:p2 = 0.1, 0.1
			uniqueName:t = ""
			attack_type:t = "fire_at_will"
		}
		way {

		}
	}
	tankModels {
		name:t = "t1_aaa_top_light_03"
		tm:m = [[0.865753, 0.0, -0.500471] [0.0, 1.0, 0.0] [0.500471, 0.0, 0.865753] [-2881.29, 2289.42, -43350.4]]
		unit_class:t = "ussr_zsu_23_4"
		objLayer:i = 1
		closed_waypoints:b = false
		isShipSpline:b = false
		shipTurnRadius:r = 100
		weapons:t = ""
		bullets0:t = ""
		bullets1:t = ""
		bullets2:t = ""
		bullets3:t = ""
		bulletsCount0:i = 0
		bulletsCount1:i = 0
		bulletsCount2:i = 0
		bulletsCount3:i = 0
		crewSkillK:r = 0
		applyAllMods:b = false
		props {
			army:i = 1
			count:i = 1
			formation_type:t = "rows"
			formation_div:i = 3
			formation_step:p2 = 2.5, 2
			formation_noise:p2 = 0.1, 0.1
			uniqueName:t = ""
			attack_type:t = "fire_at_will"
		}
		way {

		}
	}
	tankModels {
		name:t = "t1_aaa_top_light_04"
		tm:m = [[-0.886761, 0.0, 0.46223] [0.0, 1.0, 0.0] [-0.46223, 0.0, -0.886761] [-3012.32, 2290.66, -44147.7]]
		unit_class:t = "ussr_zsu_23_4"
		objLayer:i = 1
		closed_waypoints:b = false
		isShipSpline:b = false
		shipTurnRadius:r = 100
		weapons:t = ""
		bullets0:t = ""
		bullets1:t = ""
		bullets2:t = ""
		bullets3:t = ""
		bulletsCount0:i = 0
		bulletsCount1:i = 0
		bulletsCount2:i = 0
		bulletsCount3:i = 0
		crewSkillK:r = 0
		applyAllMods:b = false
		props {
			army:i = 1
			count:i = 1
			formation_type:t = "rows"
			formation_div:i = 3
			formation_step:p2 = 2.5, 2
			formation_noise:p2 = 0.1, 0.1
			uniqueName:t = ""
			attack_type:t = "fire_at_will"
		}
		way {

		}
	}
	tankModels {
		name:t = "t1_aaa_top_heavy_02"
		tm:m = [[-0.843096, 0.0, 0.537759] [0.0, 1.0, 0.0] [-0.537759, 0.0, -0.843096] [-3518.62, 2288.67, -43293.0]]
		unit_class:t = "ussr_9a35_m2"
		objLayer:i = 1
		closed_waypoints:b = false
		isShipSpline:b = false
		shipTurnRadius:r = 100
		weapons:t = ""
		bullets0:t = ""
		bullets1:t = ""
		bullets2:t = ""
		bullets3:t = ""
		bulletsCount0:i = 0
		bulletsCount1:i = 0
		bulletsCount2:i = 0
		bulletsCount3:i = 0
		crewSkillK:r = 0
		applyAllMods:b = false
		props {
			army:i = 1
			count:i = 1
			formation_type:t = "rows"
			formation_div:i = 3
			formation_step:p2 = 2.5, 2
			formation_noise:p2 = 0.1, 0.1
			uniqueName:t = ""
			attack_type:t = "fire_at_will"
		}
		way {

		}
	}
	squad {
		name:t = "t1_def_aaa_top_squad"
		tm:m = [[0.910511, 0.0, -0.413486] [0.0, 1.0, 0.0] [0.413486, 0.0, 0.910511] [-832.953, 2646.35, -44294.8]]
		props {
			squad_members:t = "t1_aaa_top_light_01"
			squad_members:t = "t1_aaa_top_light_02"
			squad_members:t = "t1_aaa_top_light_03"
			squad_members:t = "t1_aaa_top_light_04"
			squad_members:t = "t1_aaa_top_light_05"
			squad_members:t = "t1_aaa_top_light_06"
			squad_members:t = "t1_aaa_top_light_07"
			squad_members:t = "t1_aaa_top_light_08"
			squad_members:t = "t1_aaa_top_heavy_01"
			squad_members:t = "t1_aaa_top_heavy_02"
			squad_members:t = "t1_aaa_top_heavy_03"
			squad_members:t = "t1_aaa_top_heavy_04"
			squad_members:t = "t1_aaa_top_heavy_05"
			object_marking:i = 0
		}
	}
	tankModels {
		name:t = "t1_aaa_top_heavy_03"
		tm:m = [[0.855181, 0.0, -0.518326] [0.0, 1.0, 0.0] [0.518326, 0.0, 0.855181] [51175.1, 297.019, 14821.9]]
		unit_class:t = "fr_crotale_ng"
		objLayer:i = 1
		closed_waypoints:b = false
		isShipSpline:b = false
		shipTurnRadius:r = 100
		weapons:t = ""
		bullets0:t = ""
		bullets1:t = ""
		bullets2:t = ""
		bullets3:t = ""
		bulletsCount0:i = 0
		bulletsCount1:i = 0
		bulletsCount2:i = 0
		bulletsCount3:i = 0
		crewSkillK:r = 0
		applyAllMods:b = false
		props {
			army:i = 1
			count:i = 1
			formation_type:t = "rows"
			formation_div:i = 3
			formation_step:p2 = 2.5, 2
			formation_noise:p2 = 0.1, 0.1
			uniqueName:t = ""
			attack_type:t = "fire_at_will"
		}
		way {

		}
	}
	tankModels {
		name:t = "t1_aaa_top_heavy_04"
		tm:m = [[0.855181, 0.0, -0.518326] [0.0, 1.0, 0.0] [0.518326, 0.0, 0.855181] [50753.4, 297.019, 14868.3]]
		unit_class:t = "fr_crotale_ng"
		objLayer:i = 1
		closed_waypoints:b = false
		isShipSpline:b = false
		shipTurnRadius:r = 100
		weapons:t = ""
		bullets0:t = ""
		bullets1:t = ""
		bullets2:t = ""
		bullets3:t = ""
		bulletsCount0:i = 0
		bulletsCount1:i = 0
		bulletsCount2:i = 0
		bulletsCount3:i = 0
		crewSkillK:r = 0
		applyAllMods:b = false
		props {
			army:i = 1
			count:i = 1
			formation_type:t = "rows"
			formation_div:i = 3
			formation_step:p2 = 2.5, 2
			formation_noise:p2 = 0.1, 0.1
			uniqueName:t = ""
			attack_type:t = "fire_at_will"
		}
		way {

		}
	}
	tankModels {
		name:t = "t1_aaa_top_heavy_05"
		tm:m = [[0.855181, 0.0, -0.518326] [0.0, 1.0, 0.0] [0.518326, 0.0, 0.855181] [50337.8, 297.019, 15081.9]]
		unit_class:t = "fr_crotale_ng"
		objLayer:i = 1
		closed_waypoints:b = false
		isShipSpline:b = false
		shipTurnRadius:r = 100
		weapons:t = ""
		bullets0:t = ""
		bullets1:t = ""
		bullets2:t = ""
		bullets3:t = ""
		bulletsCount0:i = 0
		bulletsCount1:i = 0
		bulletsCount2:i = 0
		bulletsCount3:i = 0
		crewSkillK:r = 0
		applyAllMods:b = false
		props {
			army:i = 1
			count:i = 1
			formation_type:t = "rows"
			formation_div:i = 3
			formation_step:p2 = 2.5, 2
			formation_noise:p2 = 0.1, 0.1
			uniqueName:t = ""
			attack_type:t = "fire_at_will"
		}
		way {

		}
	}
	tankModels {
		name:t = "t2_aaa_top_heavy_03"
		tm:m = [[0.938698, 0.0, 0.344737] [0.0, 1.0, 0.0] [-0.344737, 0.0, 0.938698] [-35464.8, -493.535, -20633.5]]
		unit_class:t = "fr_crotale_ng"
		objLayer:i = 1
		closed_waypoints:b = false
		isShipSpline:b = false
		shipTurnRadius:r = 100
		weapons:t = ""
		bullets0:t = ""
		bullets1:t = ""
		bullets2:t = ""
		bullets3:t = ""
		bulletsCount0:i = 0
		bulletsCount1:i = 0
		bulletsCount2:i = 0
		bulletsCount3:i = 0
		crewSkillK:r = 0
		applyAllMods:b = false
		props {
			army:i = 2
			count:i = 1
			formation_type:t = "rows"
			formation_div:i = 3
			formation_step:p2 = 2.5, 2
			formation_noise:p2 = 0.1, 0.1
			uniqueName:t = ""
			attack_type:t = "fire_at_will"
		}
		way {

		}
	}
	tankModels {
		name:t = "t2_aaa_top_heavy_04"
		tm:m = [[0.938698, 0.0, 0.344737] [0.0, 1.0, 0.0] [-0.344737, 0.0, 0.938698] [-37040.1, -493.535, -20479.7]]
		unit_class:t = "fr_crotale_ng"
		objLayer:i = 1
		closed_waypoints:b = false
		isShipSpline:b = false
		shipTurnRadius:r = 100
		weapons:t = ""
		bullets0:t = ""
		bullets1:t = ""
		bullets2:t = ""
		bullets3:t = ""
		bulletsCount0:i = 0
		bulletsCount1:i = 0
		bulletsCount2:i = 0
		bulletsCount3:i = 0
		crewSkillK:r = 0
		applyAllMods:b = false
		props {
			army:i = 2
			count:i = 1
			formation_type:t = "rows"
			formation_div:i = 3
			formation_step:p2 = 2.5, 2
			formation_noise:p2 = 0.1, 0.1
			uniqueName:t = ""
			attack_type:t = "fire_at_will"
		}
		way {

		}
	}
	tankModels {
		name:t = "t2_aaa_top_heavy_05"
		tm:m = [[0.938698, 0.0, 0.344737] [0.0, 1.0, 0.0] [-0.344737, 0.0, 0.938698] [-35557.7, -493.534, -23709.6]]
		unit_class:t = "fr_crotale_ng"
		objLayer:i = 1
		closed_waypoints:b = false
		isShipSpline:b = false
		shipTurnRadius:r = 100
		weapons:t = ""
		bullets0:t = ""
		bullets1:t = ""
		bullets2:t = ""
		bullets3:t = ""
		bulletsCount0:i = 0
		bulletsCount1:i = 0
		bulletsCount2:i = 0
		bulletsCount3:i = 0
		crewSkillK:r = 0
		applyAllMods:b = false
		props {
			army:i = 2
			count:i = 1
			formation_type:t = "rows"
			formation_div:i = 3
			formation_step:p2 = 2.5, 2
			formation_noise:p2 = 0.1, 0.1
			uniqueName:t = ""
			attack_type:t = "fire_at_will"
		}
		way {

		}
	}
	tankModels {
		name:t = "t1_aaa_top_light_05"
		tm:m = [[-0.133798, 0.0, 0.991008] [0.0, 1.0, 0.0] [-0.991008, 0.0, -0.133798] [33253.0, 591.98, 23067.9]]
		unit_class:t = "ussr_zsu_23_4"
		objLayer:i = 1
		closed_waypoints:b = false
		isShipSpline:b = false
		shipTurnRadius:r = 100
		weapons:t = ""
		bullets0:t = ""
		bullets1:t = ""
		bullets2:t = ""
		bullets3:t = ""
		bulletsCount0:i = 0
		bulletsCount1:i = 0
		bulletsCount2:i = 0
		bulletsCount3:i = 0
		crewSkillK:r = 0
		applyAllMods:b = false
		props {
			army:i = 1
			count:i = 1
			formation_type:t = "rows"
			formation_div:i = 3
			formation_step:p2 = 2.5, 2
			formation_noise:p2 = 0.1, 0.1
			uniqueName:t = ""
			attack_type:t = "fire_at_will"
		}
		way {

		}
	}
	tankModels {
		name:t = "t1_aaa_top_light_06"
		tm:m = [[-0.921087, 0.0, 0.389353] [0.0, 1.0, 0.0] [-0.389353, 0.0, -0.921087] [33096.8, 1324.83, 23504.4]]
		unit_class:t = "ussr_zsu_23_4"
		objLayer:i = 1
		closed_waypoints:b = false
		isShipSpline:b = false
		shipTurnRadius:r = 100
		weapons:t = ""
		bullets0:t = ""
		bullets1:t = ""
		bullets2:t = ""
		bullets3:t = ""
		bulletsCount0:i = 0
		bulletsCount1:i = 0
		bulletsCount2:i = 0
		bulletsCount3:i = 0
		crewSkillK:r = 0
		applyAllMods:b = false
		props {
			army:i = 1
			count:i = 1
			formation_type:t = "rows"
			formation_div:i = 3
			formation_step:p2 = 2.5, 2
			formation_noise:p2 = 0.1, 0.1
			uniqueName:t = ""
			attack_type:t = "fire_at_will"
		}
		way {

		}
	}
	tankModels {
		name:t = "t1_aaa_top_light_07"
		tm:m = [[-0.921087, 0.0, 0.389353] [0.0, 1.0, 0.0] [-0.389353, 0.0, -0.921087] [29937.9, 1324.83, 23438.1]]
		unit_class:t = "ussr_zsu_23_4"
		objLayer:i = 1
		closed_waypoints:b = false
		isShipSpline:b = false
		shipTurnRadius:r = 100
		weapons:t = ""
		bullets0:t = ""
		bullets1:t = ""
		bullets2:t = ""
		bullets3:t = ""
		bulletsCount0:i = 0
		bulletsCount1:i = 0
		bulletsCount2:i = 0
		bulletsCount3:i = 0
		crewSkillK:r = 0
		applyAllMods:b = false
		props {
			army:i = 1
			count:i = 1
			formation_type:t = "rows"
			formation_div:i = 3
			formation_step:p2 = 2.5, 2
			formation_noise:p2 = 0.1, 0.1
			uniqueName:t = ""
			attack_type:t = "fire_at_will"
		}
		way {

		}
	}
	tankModels {
		name:t = "t1_aaa_top_light_08"
		tm:m = [[-0.133798, 0.0, 0.991008] [0.0, 1.0, 0.0] [-0.991008, 0.0, -0.133798] [33343.0, 591.98, 21881.7]]
		unit_class:t = "ussr_zsu_23_4"
		objLayer:i = 1
		closed_waypoints:b = false
		isShipSpline:b = false
		shipTurnRadius:r = 100
		weapons:t = ""
		bullets0:t = ""
		bullets1:t = ""
		bullets2:t = ""
		bullets3:t = ""
		bulletsCount0:i = 0
		bulletsCount1:i = 0
		bulletsCount2:i = 0
		bulletsCount3:i = 0
		crewSkillK:r = 0
		applyAllMods:b = false
		props {
			army:i = 1
			count:i = 1
			formation_type:t = "rows"
			formation_div:i = 3
			formation_step:p2 = 2.5, 2
			formation_noise:p2 = 0.1, 0.1
			uniqueName:t = ""
			attack_type:t = "fire_at_will"
		}
		way {

		}
	}
	tankModels {
		name:t = "t2_aaa_top_light_05"
		tm:m = [[-0.127577, 0.0, 0.991828] [0.0, 1.0, 0.0] [-0.991828, 0.0, -0.127577] [-53530.1, 674.93, 1874.41]]
		unit_class:t = "ussr_zsu_23_4"
		objLayer:i = 1
		closed_waypoints:b = false
		isShipSpline:b = false
		shipTurnRadius:r = 100
		weapons:t = ""
		bullets0:t = ""
		bullets1:t = ""
		bullets2:t = ""
		bullets3:t = ""
		bulletsCount0:i = 0
		bulletsCount1:i = 0
		bulletsCount2:i = 0
		bulletsCount3:i = 0
		crewSkillK:r = 0
		applyAllMods:b = false
		props {
			army:i = 2
			count:i = 1
			formation_type:t = "rows"
			formation_div:i = 3
			formation_step:p2 = 2.5, 2
			formation_noise:p2 = 0.1, 0.1
			uniqueName:t = ""
			attack_type:t = "fire_at_will"
		}
		way {

		}
	}
	tankModels {
		name:t = "t2_aaa_top_light_06"
		tm:m = [[-0.127577, 0.0, 0.991828] [0.0, 1.0, 0.0] [-0.991828, 0.0, -0.127577] [-58000.9, 642.634, 2046.89]]
		unit_class:t = "ussr_zsu_23_4"
		objLayer:i = 1
		closed_waypoints:b = false
		isShipSpline:b = false
		shipTurnRadius:r = 100
		weapons:t = ""
		bullets0:t = ""
		bullets1:t = ""
		bullets2:t = ""
		bullets3:t = ""
		bulletsCount0:i = 0
		bulletsCount1:i = 0
		bulletsCount2:i = 0
		bulletsCount3:i = 0
		crewSkillK:r = 0
		applyAllMods:b = false
		props {
			army:i = 2
			count:i = 1
			formation_type:t = "rows"
			formation_div:i = 3
			formation_step:p2 = 2.5, 2
			formation_noise:p2 = 0.1, 0.1
			uniqueName:t = ""
			attack_type:t = "fire_at_will"
		}
		way {

		}
	}
	tankModels {
		name:t = "t2_aaa_top_light_07"
		tm:m = [[-0.127577, 0.0, 0.991828] [0.0, 1.0, 0.0] [-0.991828, 0.0, -0.127577] [-58049.3, 614.307, 901.595]]
		unit_class:t = "ussr_zsu_23_4"
		objLayer:i = 1
		closed_waypoints:b = false
		isShipSpline:b = false
		shipTurnRadius:r = 100
		weapons:t = ""
		bullets0:t = ""
		bullets1:t = ""
		bullets2:t = ""
		bullets3:t = ""
		bulletsCount0:i = 0
		bulletsCount1:i = 0
		bulletsCount2:i = 0
		bulletsCount3:i = 0
		crewSkillK:r = 0
		applyAllMods:b = false
		props {
			army:i = 2
			count:i = 1
			formation_type:t = "rows"
			formation_div:i = 3
			formation_step:p2 = 2.5, 2
			formation_noise:p2 = 0.1, 0.1
			uniqueName:t = ""
			attack_type:t = "fire_at_will"
		}
		way {

		}
	}
	tankModels {
		name:t = "t2_aaa_top_light_08"
		tm:m = [[-0.127577, 0.0, 0.991828] [0.0, 1.0, 0.0] [-0.991828, 0.0, -0.127577] [-55391.6, 592.519, 502.683]]
		unit_class:t = "ussr_zsu_23_4"
		objLayer:i = 1
		closed_waypoints:b = false
		isShipSpline:b = false
		shipTurnRadius:r = 100
		weapons:t = ""
		bullets0:t = ""
		bullets1:t = ""
		bullets2:t = ""
		bullets3:t = ""
		bulletsCount0:i = 0
		bulletsCount1:i = 0
		bulletsCount2:i = 0
		bulletsCount3:i = 0
		crewSkillK:r = 0
		applyAllMods:b = false
		props {
			army:i = 2
			count:i = 1
			formation_type:t = "rows"
			formation_div:i = 3
			formation_step:p2 = 2.5, 2
			formation_noise:p2 = 0.1, 0.1
			uniqueName:t = ""
			attack_type:t = "fire_at_will"
		}
		way {

		}
	}
}
areas {
	t2_bombers_area_top {
		type:t = "Sphere"
		tm:m = [[4787.8, 0.0, -3616.21] [0.0, 6000.0, 0.0] [3616.21, 0.0, 4787.8] [55547.9, 5000.0, 33739.4]]
		props {

		}
	}
	t2_fighters_area_top {
		type:t = "Sphere"
		tm:m = [[3191.88, 0.0, -2410.82] [0.0, 4000.0, 0.0] [2410.82, 0.0, 3191.88] [55547.8, 4000.0, 33739.4]]
		props {

		}
	}
	t1_bombers_area_top {
		type:t = "Sphere"
		tm:m = [[-4020.52, 0.0, 4453.72] [0.0, 6000.0, 0.0] [-4453.72, 0.0, -4020.52] [-3676.82, 5000.0, -43276.7]]
		props {

		}
	}
	t1_fighters_area_top {
		type:t = "Sphere"
		tm:m = [[-2680.38, 0.0, 2969.14] [0.0, 4000.0, 0.0] [-2969.14, 0.0, -2680.38] [-3676.81, 4000.0, -43276.7]]
		props {

		}
	}
	airfields_area_46km {
		type:t = "Sphere"
		tm:m = [[-63271.8, 0.0, 66788.3] [0.0, 92000.0, 0.0] [-66788.3, 0.0, -63271.8] [30558.7, 3170.67, -9592.4]]
		objLayer:i = 3
		props {

		}
	}
	mission_top_border {
		type:t = "Box"
		tm:m = [[128000.0, 0.0, -0.000600963] [0.0, 1000.0, 0.0] [0.000600963, 0.0, 128000.0] [0.0, 1400.34, -3000.0]]
		objLayer:i = 4
		props {

		}
	}
	t2_air_spawn_bomber_top {
		type:t = "Box"
		tm:m = [[-121.198, 0.0, -159.095] [0.0, 200.0, 0.0] [23864.2, 0.0, -18179.6] [50644.5, 5000.0, 41245.9]]
		props {

		}
	}
	t2_air_spawn_top {
		type:t = "Box"
		tm:m = [[-121.198, 0.0, -159.095] [0.0, 200.0, 0.0] [23864.2, 0.0, -18179.6] [50040.5, 4000.0, 40446.2]]
		props {

		}
	}
	t1_air_spawn_bomber_top {
		type:t = "Box"
		tm:m = [[73.8456, 0.0, 67.4303] [0.0, 100.0, 0.0] [-20229.1, 0.0, 22153.7] [-5889.1, 5000.0, -45274.3]]
		props {

		}
	}
	t1_air_spawn_top {
		type:t = "Box"
		tm:m = [[73.8456, 0.0, 67.4303] [0.0, 100.0, 0.0] [-20229.1, 0.0, 22153.7] [-5156.0, 4000.0, -44612.4]]
		props {

		}
	}
}
objLayers {
	layer {
		enabled:b = true
	}
	layer {
		enabled:b = true
	}
	layer {
		enabled:b = true
	}
	layer {
		enabled:b = false
	}
	layer {
		enabled:b = false
	}
}
wayPoints {

}