selected_tag:t = ""
bin_dump_file:t = ""
mission_settings {
	player {
		army:i = 1
	}
	player_teamB {
		army:i = 2
	}
	mission {
		level:t = "levels/ruhr.bin"
		type:t = "domination"
		environment:t = "Day"
		weather:t = "clear"
	}
}
imports {

}
triggers {
	isCategory:b = true
	is_enabled:b = true
	airfileds_high_init {
		is_enabled:b = true
		comments:t = ""
		props {
			actionsType:t = "PERFORM_ONE_BY_ONE"
			conditionsType:t = "ALL"
			enableAfterComplete:b = false
		}
		events {
			initMission {

			}
		}
		conditions {

		}
		actions {
			unitSetProperties {
				object:t = "t1_def_aaa_high_squad"
				object:t = "t2_def_aaa_high_squad"
				object_marking:i = 0
				object_var_name:t = ""
				object_var_comp_op:t = "equal"
				object_var_value:i = 0
				accuracy:r = 0.9
				checkVisibilityTarget:b = true
				effShootingRate:r = 1
				airEffShootingRate:r = 1
				useSearchRadar:b = true
				fireRandom:b = true
				targetChangeInterval:r = 5
				targetChangeProb:r = 0.25
			}
		}
		else_actions {

		}
	}
}
mission_objectives {
	isCategory:b = true
	is_enabled:b = true
}
variables {

}
dialogs {

}
airfields {

}
effects {

}
units {
	objectGroups {
		name:t = "t1_airfield_high"
		tm:m = [[-0.970771, 0.0, -0.240009] [0.0, 1.0, 0.0] [0.240009, 0.0, -0.970771] [4943.31, 2551.34, -23498.0]]
		unit_class:t = "dynaf_pg_1line_3000_green"
		objLayer:i = 2
		props {
			army:i = 1
			active:b = true
		}
	}
	objectGroups {
		name:t = "t2_airfield_high"
		tm:m = [[0.345383, 0.0, 0.938462] [0.0, 1.0, 0.0] [-0.938462, 0.0, 0.345383] [47209.6, 2710.49, 14064.8]]
		unit_class:t = "dynaf_pg_1line_3000_green"
		objLayer:i = 2
		props {
			army:i = 2
			active:b = true
		}
	}
	objectGroups {
		name:t = "t1_airfield_high_reload"
		tm:m = [[-0.994183, 0.0, 0.107702] [0.0, 1.0, 0.0] [-0.107702, 0.0, -0.994183] [9372.51, 1961.7, -17089.8]]
		unit_class:t = "dynaf_pg_1line_3000_green"
		objLayer:i = 2
		props {
			army:i = 1
			active:b = true
		}
	}
	objectGroups {
		name:t = "t2_airfield_high_reload"
		tm:m = [[0.345383, 0.0, 0.938462] [0.0, 1.0, 0.0] [-0.938462, 0.0, 0.345383] [45732.5, 2710.86, 6362.68]]
		unit_class:t = "dynaf_pg_1line_3000_green"
		objLayer:i = 2
		props {
			army:i = 2
			active:b = true
		}
	}
	tankModels {
		name:t = "t2_aaa_high_light_01"
		tm:m = [[0.314585, 0.0, 0.949227] [0.0, 1.0, 0.0] [-0.949227, 0.0, 0.314585] [48468.0, 2751.81, 14840.6]]
		unit_class:t = "sw_veak_40"
		objLayer:i = 1
		closed_waypoints:b = false
		isShipSpline:b = false
		shipTurnRadius:r = 100
		weapons:t = ""
		bullets0:t = "40mm_sw_kan_HE"
		bullets1:t = ""
		bullets2:t = ""
		bullets3:t = ""
		bulletsCount0:i = 0
		bulletsCount1:i = 0
		bulletsCount2:i = 0
		bulletsCount3:i = 0
		crewSkillK:r = 0
		applyAllMods:b = false
		props {
			army:i = 2
			count:i = 1
			formation_type:t = "rows"
			formation_div:i = 3
			formation_step:p2 = 2.5, 2
			formation_noise:p2 = 0.1, 0.1
			uniqueName:t = ""
			attack_type:t = "fire_at_will"
		}
		way {

		}
	}
	tankModels {
		name:t = "t2_aaa_high_heavy_01"
		tm:m = [[0.314585, 0.0, 0.949227] [0.0, 1.0, 0.0] [-0.949227, 0.0, 0.314585] [47038.8, 2801.22, 14565.2]]
		unit_class:t = "fr_amx_30_roland"
		objLayer:i = 1
		closed_waypoints:b = false
		isShipSpline:b = false
		shipTurnRadius:r = 100
		weapons:t = ""
		bullets0:t = ""
		bullets1:t = ""
		bullets2:t = ""
		bullets3:t = ""
		bulletsCount0:i = 0
		bulletsCount1:i = 0
		bulletsCount2:i = 0
		bulletsCount3:i = 0
		crewSkillK:r = 0
		applyAllMods:b = false
		props {
			army:i = 2
			count:i = 1
			formation_type:t = "rows"
			formation_div:i = 3
			formation_step:p2 = 2.5, 2
			formation_noise:p2 = 0.1, 0.1
			uniqueName:t = ""
			attack_type:t = "fire_at_will"
		}
		way {

		}
	}
	tankModels {
		name:t = "t2_aaa_high_light_02"
		tm:m = [[-0.27288, 0.0, -0.962047] [0.0, 1.0, 0.0] [0.962047, 0.0, -0.27288] [46844.2, 2773.08, 14442.5]]
		unit_class:t = "sw_veak_40"
		objLayer:i = 1
		closed_waypoints:b = false
		isShipSpline:b = false
		shipTurnRadius:r = 100
		weapons:t = ""
		bullets0:t = "40mm_sw_kan_HE"
		bullets1:t = ""
		bullets2:t = ""
		bullets3:t = ""
		bulletsCount0:i = 0
		bulletsCount1:i = 0
		bulletsCount2:i = 0
		bulletsCount3:i = 0
		crewSkillK:r = 0
		applyAllMods:b = false
		props {
			army:i = 2
			count:i = 1
			formation_type:t = "rows"
			formation_div:i = 3
			formation_step:p2 = 2.5, 2
			formation_noise:p2 = 0.1, 0.1
			uniqueName:t = ""
			attack_type:t = "fire_at_will"
		}
		way {

		}
	}
	tankModels {
		name:t = "t2_aaa_high_light_03"
		tm:m = [[0.314585, 0.0, 0.949227] [0.0, 1.0, 0.0] [-0.949227, 0.0, 0.314585] [47715.4, 2610.15, 12964.1]]
		unit_class:t = "sw_veak_40"
		objLayer:i = 1
		closed_waypoints:b = false
		isShipSpline:b = false
		shipTurnRadius:r = 100
		weapons:t = ""
		bullets0:t = "40mm_sw_kan_HE"
		bullets1:t = ""
		bullets2:t = ""
		bullets3:t = ""
		bulletsCount0:i = 0
		bulletsCount1:i = 0
		bulletsCount2:i = 0
		bulletsCount3:i = 0
		crewSkillK:r = 0
		applyAllMods:b = false
		props {
			army:i = 2
			count:i = 1
			formation_type:t = "rows"
			formation_div:i = 3
			formation_step:p2 = 2.5, 2
			formation_noise:p2 = 0.1, 0.1
			uniqueName:t = ""
			attack_type:t = "fire_at_will"
		}
		way {

		}
	}
	tankModels {
		name:t = "t2_aaa_high_light_04"
		tm:m = [[-0.101676, 0.0, -0.994816] [0.0, 1.0, 0.0] [0.994816, 0.0, -0.101676] [46581.8, 2720.06, 13792.9]]
		unit_class:t = "sw_veak_40"
		objLayer:i = 1
		closed_waypoints:b = false
		isShipSpline:b = false
		shipTurnRadius:r = 100
		weapons:t = ""
		bullets0:t = "40mm_sw_kan_HE"
		bullets1:t = ""
		bullets2:t = ""
		bullets3:t = ""
		bulletsCount0:i = 0
		bulletsCount1:i = 0
		bulletsCount2:i = 0
		bulletsCount3:i = 0
		crewSkillK:r = 0
		applyAllMods:b = false
		props {
			army:i = 2
			count:i = 1
			formation_type:t = "rows"
			formation_div:i = 3
			formation_step:p2 = 2.5, 2
			formation_noise:p2 = 0.1, 0.1
			uniqueName:t = ""
			attack_type:t = "fire_at_will"
		}
		way {

		}
	}
	tankModels {
		name:t = "t2_aaa_high_heavy_02"
		tm:m = [[-0.27288, 0.0, -0.962047] [0.0, 1.0, 0.0] [0.962047, 0.0, -0.27288] [48004.8, 2711.61, 14039.5]]
		unit_class:t = "fr_amx_30_roland"
		objLayer:i = 1
		closed_waypoints:b = false
		isShipSpline:b = false
		shipTurnRadius:r = 100
		weapons:t = ""
		bullets0:t = ""
		bullets1:t = ""
		bullets2:t = ""
		bullets3:t = ""
		bulletsCount0:i = 0
		bulletsCount1:i = 0
		bulletsCount2:i = 0
		bulletsCount3:i = 0
		crewSkillK:r = 0
		applyAllMods:b = false
		props {
			army:i = 2
			count:i = 1
			formation_type:t = "rows"
			formation_div:i = 3
			formation_step:p2 = 2.5, 2
			formation_noise:p2 = 0.1, 0.1
			uniqueName:t = ""
			attack_type:t = "fire_at_will"
		}
		way {

		}
	}
	squad {
		name:t = "t2_def_aaa_high_squad"
		tm:m = [[0.295107, 0.0, -0.955464] [0.0, 1.0, 0.0] [0.955464, 0.0, 0.295107] [-5448.09, 2554.67, -4390.67]]
		props {
			squad_members:t = "t2_aaa_high_light_01"
			squad_members:t = "t2_aaa_high_light_02"
			squad_members:t = "t2_aaa_high_light_03"
			squad_members:t = "t2_aaa_high_light_04"
			squad_members:t = "t2_aaa_high_heavy_01"
			squad_members:t = "t2_aaa_high_heavy_02"
			object_marking:i = 0
		}
	}
	tankModels {
		name:t = "t1_aaa_high_light_01"
		tm:m = [[0.987534, 0.0, -0.157404] [0.0, 1.0, 0.0] [0.157404, 0.0, 0.987534] [4202.58, 2632.17, -23254.6]]
		unit_class:t = "sw_veak_40"
		objLayer:i = 1
		closed_waypoints:b = false
		isShipSpline:b = false
		shipTurnRadius:r = 100
		weapons:t = ""
		bullets0:t = "40mm_sw_kan_HE"
		bullets1:t = ""
		bullets2:t = ""
		bullets3:t = ""
		bulletsCount0:i = 0
		bulletsCount1:i = 0
		bulletsCount2:i = 0
		bulletsCount3:i = 0
		crewSkillK:r = 0
		applyAllMods:b = false
		props {
			army:i = 1
			count:i = 1
			formation_type:t = "rows"
			formation_div:i = 3
			formation_step:p2 = 2.5, 2
			formation_noise:p2 = 0.1, 0.1
			uniqueName:t = ""
			attack_type:t = "fire_at_will"
		}
		way {

		}
	}
	tankModels {
		name:t = "t1_aaa_high_heavy_01"
		tm:m = [[0.987534, 0.0, -0.157404] [0.0, 1.0, 0.0] [0.157404, 0.0, 0.987534] [4141.16, 2632.98, -24050.9]]
		unit_class:t = "fr_amx_30_roland"
		objLayer:i = 1
		closed_waypoints:b = false
		isShipSpline:b = false
		shipTurnRadius:r = 100
		weapons:t = ""
		bullets0:t = ""
		bullets1:t = ""
		bullets2:t = ""
		bullets3:t = ""
		bulletsCount0:i = 0
		bulletsCount1:i = 0
		bulletsCount2:i = 0
		bulletsCount3:i = 0
		crewSkillK:r = 0
		applyAllMods:b = false
		props {
			army:i = 1
			count:i = 1
			formation_type:t = "rows"
			formation_div:i = 3
			formation_step:p2 = 2.5, 2
			formation_noise:p2 = 0.1, 0.1
			uniqueName:t = ""
			attack_type:t = "fire_at_will"
		}
		way {

		}
	}
	tankModels {
		name:t = "t1_aaa_high_light_02"
		tm:m = [[-0.979726, 0.0, 0.200331] [0.0, 1.0, 0.0] [-0.200331, 0.0, -0.979726] [5080.24, 2633.1, -23864.5]]
		unit_class:t = "sw_veak_40"
		objLayer:i = 1
		closed_waypoints:b = false
		isShipSpline:b = false
		shipTurnRadius:r = 100
		weapons:t = ""
		bullets0:t = "40mm_sw_kan_HE"
		bullets1:t = ""
		bullets2:t = ""
		bullets3:t = ""
		bulletsCount0:i = 0
		bulletsCount1:i = 0
		bulletsCount2:i = 0
		bulletsCount3:i = 0
		crewSkillK:r = 0
		applyAllMods:b = false
		props {
			army:i = 1
			count:i = 1
			formation_type:t = "rows"
			formation_div:i = 3
			formation_step:p2 = 2.5, 2
			formation_noise:p2 = 0.1, 0.1
			uniqueName:t = ""
			attack_type:t = "fire_at_will"
		}
		way {

		}
	}
	tankModels {
		name:t = "t1_aaa_high_light_03"
		tm:m = [[0.987534, 0.0, -0.157404] [0.0, 1.0, 0.0] [0.157404, 0.0, 0.987534] [5640.85, 2632.31, -22860.5]]
		unit_class:t = "sw_veak_40"
		objLayer:i = 1
		closed_waypoints:b = false
		isShipSpline:b = false
		shipTurnRadius:r = 100
		weapons:t = ""
		bullets0:t = "40mm_sw_kan_HE"
		bullets1:t = ""
		bullets2:t = ""
		bullets3:t = ""
		bulletsCount0:i = 0
		bulletsCount1:i = 0
		bulletsCount2:i = 0
		bulletsCount3:i = 0
		crewSkillK:r = 0
		applyAllMods:b = false
		props {
			army:i = 1
			count:i = 1
			formation_type:t = "rows"
			formation_div:i = 3
			formation_step:p2 = 2.5, 2
			formation_noise:p2 = 0.1, 0.1
			uniqueName:t = ""
			attack_type:t = "fire_at_will"
		}
		way {

		}
	}
	tankModels {
		name:t = "t1_aaa_high_light_04"
		tm:m = [[-0.993461, 0.0, 0.114177] [0.0, 1.0, 0.0] [-0.114177, 0.0, -0.993461] [5803.88, 2633.54, -23651.8]]
		unit_class:t = "sw_veak_40"
		objLayer:i = 1
		closed_waypoints:b = false
		isShipSpline:b = false
		shipTurnRadius:r = 100
		weapons:t = ""
		bullets0:t = "40mm_sw_kan_HE"
		bullets1:t = ""
		bullets2:t = ""
		bullets3:t = ""
		bulletsCount0:i = 0
		bulletsCount1:i = 0
		bulletsCount2:i = 0
		bulletsCount3:i = 0
		crewSkillK:r = 0
		applyAllMods:b = false
		props {
			army:i = 1
			count:i = 1
			formation_type:t = "rows"
			formation_div:i = 3
			formation_step:p2 = 2.5, 2
			formation_noise:p2 = 0.1, 0.1
			uniqueName:t = ""
			attack_type:t = "fire_at_will"
		}
		way {

		}
	}
	tankModels {
		name:t = "t1_aaa_high_heavy_02"
		tm:m = [[-0.979726, 0.0, 0.200331] [0.0, 1.0, 0.0] [-0.200331, 0.0, -0.979726] [5025.19, 2631.55, -23035.0]]
		unit_class:t = "fr_amx_30_roland"
		objLayer:i = 1
		closed_waypoints:b = false
		isShipSpline:b = false
		shipTurnRadius:r = 100
		weapons:t = ""
		bullets0:t = ""
		bullets1:t = ""
		bullets2:t = ""
		bullets3:t = ""
		bulletsCount0:i = 0
		bulletsCount1:i = 0
		bulletsCount2:i = 0
		bulletsCount3:i = 0
		crewSkillK:r = 0
		applyAllMods:b = false
		props {
			army:i = 1
			count:i = 1
			formation_type:t = "rows"
			formation_div:i = 3
			formation_step:p2 = 2.5, 2
			formation_noise:p2 = 0.1, 0.1
			uniqueName:t = ""
			attack_type:t = "fire_at_will"
		}
		way {

		}
	}
	squad {
		name:t = "t1_def_aaa_high_squad"
		tm:m = [[0.998189, 0.0, -0.0601613] [0.0, 1.0, 0.0] [0.0601613, 0.0, 0.998189] [7891.48, 2877.59, -23009.0]]
		props {
			squad_members:t = "t1_aaa_high_light_01"
			squad_members:t = "t1_aaa_high_light_02"
			squad_members:t = "t1_aaa_high_light_03"
			squad_members:t = "t1_aaa_high_light_04"
			squad_members:t = "t1_aaa_high_heavy_01"
			squad_members:t = "t1_aaa_high_heavy_02"
			object_marking:i = 0
		}
	}
}
areas {
	t2_interceptor_area_high {
		type:t = "Sphere"
		tm:m = [[4787.8, 0.0, -3616.21] [0.0, 6000.0, 0.0] [3616.21, 0.0, 4787.8] [46924.7, 5329.56, 14232.4]]
		props {

		}
	}
	t2_assault_high_spawn {
		type:t = "Sphere"
		tm:m = [[-191.08, 0.0, -231.276] [0.0, 300.0, 0.0] [231.276, 0.0, -191.08] [43911.9, 4329.56, 10242.6]]
		props {

		}
	}
	t2_aaa_fighter_area_high {
		type:t = "Sphere"
		tm:m = [[3191.88, 0.0, -2410.82] [0.0, 4000.0, 0.0] [2410.82, 0.0, 3191.88] [46924.6, 6329.56, 14232.4]]
		props {

		}
	}
	t2_assault_area_high {
		type:t = "Sphere"
		tm:m = [[7979.68, 0.0, -6027.02] [0.0, 10000.0, 0.0] [6027.02, 0.0, 7979.68] [46924.6, 4329.56, 14232.4]]
		props {

		}
	}
	t2_interceptor_high_spawn {
		type:t = "Sphere"
		tm:m = [[-191.08, 0.0, -231.276] [0.0, 300.0, 0.0] [231.276, 0.0, -191.08] [48721.2, 4329.56, 16611.3]]
		props {

		}
	}
	t2_aaa_fighter_high_spawn {
		type:t = "Sphere"
		tm:m = [[-191.08, 0.0, -231.276] [0.0, 300.0, 0.0] [231.276, 0.0, -191.08] [48125.8, 5329.56, 15822.9]]
		props {

		}
	}
	t2_far_bomber_high_spawn {
		type:t = "Sphere"
		tm:m = [[-191.08, 0.0, -231.276] [0.0, 300.0, 0.0] [231.276, 0.0, -191.08] [45719.8, 7829.56, 12637.3]]
		props {

		}
	}
	t2_main_bomber_high_spawn {
		type:t = "Sphere"
		tm:m = [[-191.08, 0.0, -231.276] [0.0, 300.0, 0.0] [231.276, 0.0, -191.08] [45418.0, 6829.56, 12237.9]]
		props {

		}
	}
	t2_far_bomber_area_high {
		type:t = "Sphere"
		tm:m = [[3191.88, 0.0, -2410.82] [0.0, 4000.0, 0.0] [2410.82, 0.0, 3191.88] [46924.6, 7829.56, 14232.4]]
		props {

		}
	}
	t2_main_bomber_area_high {
		type:t = "Sphere"
		tm:m = [[3989.83, 0.0, -3013.5] [0.0, 5000.0, 0.0] [3013.5, 0.0, 3989.83] [46924.6, 6829.56, 14232.4]]
		props {

		}
	}
	t1_interceptor_area_high {
		type:t = "Sphere"
		tm:m = [[-2877.19, 0.0, 5265.15] [0.0, 6000.0, 0.0] [-5265.15, 0.0, -2877.19] [5044.84, 5323.19, -23466.6]]
		props {

		}
	}
	t1_assault_high_spawn {
		type:t = "Sphere"
		tm:m = [[269.28, 0.0, 132.24] [0.0, 300.0, 0.0] [-132.24, 0.0, 269.28] [9433.48, 4323.18, -21068.7]]
		props {

		}
	}
	t1_aaa_fighter_area_high {
		type:t = "Sphere"
		tm:m = [[-1918.16, 0.0, 3510.11] [0.0, 4000.0, 0.0] [-3510.11, 0.0, -1918.16] [5044.85, 6323.18, -23466.6]]
		props {

		}
	}
	t1_assault_area_high {
		type:t = "Sphere"
		tm:m = [[-4795.34, 0.0, 8775.23] [0.0, 10000.0, 0.0] [-8775.23, 0.0, -4795.34] [5044.88, 4323.18, -23466.5]]
		props {

		}
	}
	t1_interceptor_high_spawn {
		type:t = "Sphere"
		tm:m = [[269.28, 0.0, 132.24] [0.0, 300.0, 0.0] [-132.24, 0.0, 269.28] [2429.35, 4323.18, -24896.3]]
		props {

		}
	}
	t1_aaa_fighter_high_spawn {
		type:t = "Sphere"
		tm:m = [[269.28, 0.0, 132.24] [0.0, 300.0, 0.0] [-132.24, 0.0, 269.28] [3296.1, 5323.18, -24422.7]]
		props {

		}
	}
	t1_far_bomber_high_spawn {
		type:t = "Sphere"
		tm:m = [[269.28, 0.0, 132.24] [0.0, 300.0, 0.0] [-132.24, 0.0, 269.28] [6799.36, 7823.19, -22508.2]]
		props {

		}
	}
	t1_main_bomber_high_spawn {
		type:t = "Sphere"
		tm:m = [[269.28, 0.0, 132.24] [0.0, 300.0, 0.0] [-132.24, 0.0, 269.28] [7238.76, 6823.18, -22268.1]]
		props {

		}
	}
	t1_far_bomber_area_high {
		type:t = "Sphere"
		tm:m = [[-1918.16, 0.0, 3510.11] [0.0, 4000.0, 0.0] [-3510.11, 0.0, -1918.16] [5044.85, 7823.18, -23466.6]]
		props {

		}
	}
	t1_main_bomber_area_high {
		type:t = "Sphere"
		tm:m = [[-2397.67, 0.0, 4387.59] [0.0, 5000.0, 0.0] [-4387.59, 0.0, -2397.67] [5044.84, 6823.18, -23466.6]]
		props {

		}
	}
	airfields_area_26km {
		type:t = "Sphere"
		tm:m = [[-35762.3, 0.0, 37749.9] [0.0, 52000.0, 0.0] [-37749.9, 0.0, -35762.3] [30558.7, 3170.67, -9592.4]]
		objLayer:i = 3
		props {

		}
	}
	t1_common_fighters_high_spawn {
		type:t = "Sphere"
		tm:m = [[269.28, 0.0, 132.24] [0.0, 300.0, 0.0] [-132.24, 0.0, 269.28] [2429.35, 3823.19, -24896.3]]
		props {

		}
	}
	t2_common_fighters_high_spawn {
		type:t = "Sphere"
		tm:m = [[-191.08, 0.0, -231.276] [0.0, 300.0, 0.0] [231.276, 0.0, -191.08] [48721.2, 3829.56, 16611.3]]
		props {

		}
	}
	mission_high_border {
		type:t = "Box"
		tm:m = [[128000.0, 0.0, -0.000600963] [0.0, 1000.0, 0.0] [0.000600963, 0.0, 128000.0] [0.0, 1400.34, -3000.0]]
		objLayer:i = 4
		props {

		}
	}
	t2_assault_additional_high_spawns_area {
		type:t = "Sphere"
		tm:m = [[-10190.9, 0.0, -12334.7] [0.0, 16000.0, 0.0] [12334.7, 0.0, -10190.9] [43911.9, 4329.56, 10242.6]]
		props {

		}
	}
	t2_assault_high_spawn_01 {
		type:t = "Sphere"
		tm:m = [[-191.08, 0.0, -231.276] [0.0, 300.0, 0.0] [231.276, 0.0, -191.08] [37755.6, 4329.56, 15328.6]]
		props {

		}
	}
	t2_assault_high_spawn_02 {
		type:t = "Sphere"
		tm:m = [[-191.08, 0.0, -231.276] [0.0, 300.0, 0.0] [231.276, 0.0, -191.08] [50060.0, 4329.56, 5162.65]]
		props {

		}
	}
	t1_assault_additional_high_spawns_area {
		type:t = "Sphere"
		tm:m = [[14361.7, 0.0, 7052.82] [0.0, 16000.0, 0.0] [-7052.82, 0.0, 14361.7] [9433.5, 4323.18, -21068.7]]
		props {

		}
	}
	t1_assault_high_spawn_01 {
		type:t = "Sphere"
		tm:m = [[269.28, 0.0, 132.24] [0.0, 300.0, 0.0] [-132.24, 0.0, 269.28] [5914.56, 4323.18, -13903.0]]
		props {

		}
	}
	t1_assault_high_spawn_02 {
		type:t = "Sphere"
		tm:m = [[269.28, 0.0, 132.24] [0.0, 300.0, 0.0] [-132.24, 0.0, 269.28] [12947.1, 4323.18, -28223.5]]
		props {

		}
	}
}
objLayers {
	layer {
		enabled:b = true
	}
	layer {
		enabled:b = true
	}
	layer {
		enabled:b = true
	}
	layer {
		enabled:b = false
	}
	layer {
		enabled:b = false
	}
}
wayPoints {

}