selected_tag:t = ""
bin_dump_file:t = ""
mission_settings {
	player {
		army:i = 1
		wing:t = "t1_player01"
		wing:t = "t1_player02"
		wing:t = "t1_player03"
		wing:t = "t1_player04"
		wing:t = "t1_player05"
		wing:t = "t1_player06"
		wing:t = "t1_player07"
		wing:t = "t1_player08"
		wing:t = "t1_player09"
		wing:t = "t1_player10"
		wing:t = "t1_player11"
		wing:t = "t1_player12"
		wing:t = "t1_player13"
		wing:t = "t1_player14"
		wing:t = "t1_player15"
		wing:t = "t1_player16"
		wing:t = "t1_player17"
		wing:t = "t1_player18"
		wing:t = "t1_player19"
		wing:t = "t1_player20"
		wing:t = "t1_player21"
		wing:t = "t1_player22"
		wing:t = "t1_player23"
		wing:t = "t1_player24"
		wing:t = "t1_player25"
		wing:t = "t1_player26"
		wing:t = "t1_player27"
		wing:t = "t1_player28"
		wing:t = "t1_player29"
		wing:t = "t1_player30"
		wing:t = "t1_player31"
		wing:t = "t1_player32"
	}
	player_teamB {
		army:i = 2
		wing:t = "t2_player01"
		wing:t = "t2_player02"
		wing:t = "t2_player03"
		wing:t = "t2_player04"
		wing:t = "t2_player05"
		wing:t = "t2_player06"
		wing:t = "t2_player07"
		wing:t = "t2_player08"
		wing:t = "t2_player09"
		wing:t = "t2_player10"
		wing:t = "t2_player11"
		wing:t = "t2_player12"
		wing:t = "t2_player13"
		wing:t = "t2_player14"
		wing:t = "t2_player15"
		wing:t = "t2_player16"
		wing:t = "t2_player17"
		wing:t = "t2_player18"
		wing:t = "t2_player19"
		wing:t = "t2_player20"
		wing:t = "t2_player21"
		wing:t = "t2_player22"
		wing:t = "t2_player23"
		wing:t = "t2_player24"
		wing:t = "t2_player25"
		wing:t = "t2_player26"
		wing:t = "t2_player27"
		wing:t = "t2_player28"
		wing:t = "t2_player29"
		wing:t = "t2_player30"
		wing:t = "t2_player31"
		wing:t = "t2_player32"
		wing:t = "t2_player33"
	}
	mission {
		level:t = "levels/avg_poland_snow.bin"
		type:t = "domination"
		environment:t = "Day"
		weather:t = "clear"
		locName:t = "missions/_CnvA;poland/name;missions/winter"
		locDesc:t = "missions/_Cnv/desc"
		scoreLimit:i = 10000
		timeLimit:i = 25
		deathPenaltyMul:r = 0
		postfix:t = "_CnvA"
		allowedKillStreaks:b = true
		randomSpawnTeams:b = false
		remapAiTankModels:b = true
		country_axis:t = "germany"
		country_allies:t = "ussr"
		restoreType:t = "attempts"
		optionalTakeOff:b = false
		showTacticalMapCellSize:b = true
		allowedUnitTypes {
			isAirplanesAllowed:b = true
			isTanksAllowed:b = true
			isShipsAllowed:b = false
			isHelicoptersAllowed:b = true
		}
	}
	spectator_points {

	}
	briefing {
		place_loc:t = ""
		date_loc:t = ""
		objective_loc:t = ""
		music:t = "action_01"
		part {
			event:t = ""
			minTime:i = 0
			slide {
				map:b = true
				minTime:i = 4
				picture:t = ""
				showAirMap:b = false
				arrow {
					width:i = 1
					side:t = "ally"
					point:t = "briefing_tanks"
					point:t = "convoy_waypoint01"
					point:t = "convoy_waypoint02"
					point:t = "convoy_waypoint03"
					point:t = "convoy_waypoint04"
					point:t = "convoy_waypoint04"
				}
				icon {
					icontype:t = "bomber"
					side:t = "enemy"
					target:t = "briefing_bombers"
					lookAt:t = "briefing_tanks"
				}
				icon {
					icontype:t = "tank"
					side:t = "ally"
					target:t = "briefing_tanks"
				}
				icon {
					icontype:t = "tank"
					side:t = "enemy"
					target:t = "t2_tanks_spawn"
				}
			}
		}
	}
}
imports {
	import_record {
		file:t = "gameData/missions/templates/tank_templates/tank_base_logic_template.blk"
		importAreas:b = true
		importUnits:b = true
		importTriggers:b = true
		importMissionObjectives:b = true
		importWayPoints:b = true
		showAreas:b = true
		showUnits:b = true
		showTriggers:b = true
		showMissionObjectives:b = true
		showWayPoints:b = true
		excludes {

		}
	}
	import_record {
		file:t = "gameData/missions/templates/tank_convoy_template.blk"
		importAreas:b = true
		importUnits:b = true
		importTriggers:b = true
		importMissionObjectives:b = true
		importWayPoints:b = true
		showAreas:b = true
		showUnits:b = true
		showTriggers:b = true
		showMissionObjectives:b = true
		showWayPoints:b = true
		excludes {

		}
	}
	import_record {
		file:t = "gameData/missions/cta/tanks/poland_snow/template_poland_snow_air_spawns.blk"
		importAreas:b = true
		importUnits:b = true
		importTriggers:b = true
		importMissionObjectives:b = true
		importWayPoints:b = true
		showAreas:b = true
		showUnits:b = true
		showTriggers:b = true
		showMissionObjectives:b = true
		showWayPoints:b = true
		excludes {

		}
	}
}
triggers {
	isCategory:b = true
	is_enabled:b = true
	poland_CnvA_init {
		is_enabled:b = true
		comments:t = ""
		props {
			actionsType:t = "PERFORM_ONE_BY_ONE"
			conditionsType:t = "ALL"
			enableAfterComplete:b = false
		}
		events {
			initMission {

			}
		}
		conditions {

		}
		actions {
			missionMarkAsRespawnPoint {
				loc_name:t = "missions/spawn"
				spawnEffect:b = false
				isStrictSpawn:b = false
				isAirfield:b = false
				isUnit:b = false
				useExisting:b = false
				isIndividual:b = true
				removeAreas:b = false
				canSpawnOnNeutral:b = false
				showOnMap:b = true
				radius:r = 50
				onlyOnePlayerPerSpawnPoint:b = false
				resetStrictSpawnIndex:b = false
				forceCreate:b = false
				replaceAreas:b = false
				target:t = "t1_tanks_spawn00"
				team:t = "A"
				tags {
					tank:b = true
					type_heavy_tank:b = true
					type_medium_tank:b = true
					type_light_tank:b = true
					type_tank_destroyer:b = true
					type_spaa:b = true
				}
			}
			missionMarkAsRespawnPoint {
				loc_name:t = "missions/spawn"
				spawnEffect:b = false
				isStrictSpawn:b = false
				isAirfield:b = false
				isUnit:b = false
				useExisting:b = false
				isIndividual:b = true
				removeAreas:b = false
				canSpawnOnNeutral:b = false
				showOnMap:b = true
				radius:r = -1
				onlyOnePlayerPerSpawnPoint:b = false
				resetStrictSpawnIndex:b = false
				forceCreate:b = false
				replaceAreas:b = false
				target:t = "t2_tanks_spawn"
				team:t = "B"
				offset:p3 = 0, 0, 0
				tags {
					tank:b = true
					type_heavy_tank:b = true
					type_medium_tank:b = true
					type_light_tank:b = true
					type_tank_destroyer:b = true
					type_spaa:b = true
				}
			}
		}
		else_actions {

		}
	}
}
mission_objectives {
	isCategory:b = true
	is_enabled:b = true
}
variables {
	defenseMissionTeam:t = "teamA"
	waypoints_num:i = 4
}
dialogs {

}
airfields {

}
effects {

}
units {
	tankModels {
		name:t = "t1_player01"
		tm:m = [[1.0, 0.0, 0.0] [0.0, 1.0, 0.0] [0.0, 0.0, 1.0] [2346.43, 48.7277, 2709.35]]
		unit_class:t = "aaa_dummy"
		objLayer:i = 1
		closed_waypoints:b = false
		isShipSpline:b = false
		shipTurnRadius:r = 100
		weapons:t = ""
		bullets0:t = ""
		bullets1:t = ""
		bullets2:t = ""
		bullets3:t = ""
		bulletsCount0:i = 0
		bulletsCount1:i = 0
		bulletsCount2:i = 0
		bulletsCount3:i = 0
		props {
			army:i = 2
			count:i = 1
			formation_type:t = "rows"
			formation_div:i = 3
			formation_step:p2 = 2.5, 2
			formation_noise:p2 = 0.1, 0.1
			uniqueName:t = ""
			attack_type:t = "fire_at_will"
		}
		way {

		}
	}
	objectGroups {
		name:t = "notree02"
		tm:m = [[0.985012, 0.0, -0.172487] [0.0, 1.0, 0.0] [0.172487, 0.0, 0.985012] [2305.7, 0.0, 2307.45]]
		unit_class:t = "noTreeObjectGroup100"
		objLayer:i = 2
		props {
			army:i = 2
			active:b = true
		}
	}
	objectGroups {
		name:t = "notree04"
		tm:m = [[0.999459, 0.0, 0.032903] [0.0, 1.0, 0.0] [-0.032903, 0.0, 0.999459] [2179.75, 0.0, 2326.4]]
		unit_class:t = "noTreeObjectGroup100"
		objLayer:i = 2
		props {
			army:i = 2
			active:b = true
		}
	}
	objectGroups {
		name:t = "notree07"
		tm:m = [[0.850839, 0.0, 0.525426] [0.0, 1.0, 0.0] [-0.525426, 0.0, 0.850839] [1706.75, 0.0, 2560.05]]
		unit_class:t = "noTreeObjectGroup100"
		objLayer:i = 2
		props {
			army:i = 2
			active:b = true
		}
	}
	objectGroups {
		name:t = "notree10"
		tm:m = [[0.850839, 0.0, 0.525426] [0.0, 1.0, 0.0] [-0.525426, 0.0, 0.850839] [1425.3, 0.0, 3152.85]]
		unit_class:t = "noTreeObjectGroup100"
		objLayer:i = 2
		props {
			army:i = 2
			active:b = true
		}
	}
	objectGroups {
		name:t = "notree13"
		tm:m = [[0.7002, 0.0, 0.713947] [0.0, 1.0, 0.0] [-0.713947, 0.0, 0.7002] [1486.2, 0.0, 3107.7]]
		unit_class:t = "noTreeObjectGroup100"
		objLayer:i = 2
		props {
			army:i = 2
			active:b = true
		}
	}
	objectGroups {
		name:t = "notree16"
		tm:m = [[0.156736, 0.0, 0.987641] [0.0, 1.0, 0.0] [-0.987641, 0.0, 0.156736] [1041.05, 0.0, 3300.45]]
		unit_class:t = "noTreeObjectGroup100"
		objLayer:i = 2
		props {
			army:i = 2
			active:b = true
		}
	}
	objectGroups {
		name:t = "notree19"
		tm:m = [[0.156736, 0.0, 0.987641] [0.0, 1.0, 0.0] [-0.987641, 0.0, 0.156736] [946.6, 0.0, 3315.1]]
		unit_class:t = "noTreeObjectGroup100"
		objLayer:i = 2
		props {
			army:i = 2
			active:b = true
		}
	}
	objectGroups {
		name:t = "notree22"
		tm:m = [[0.156736, 0.0, 0.987641] [0.0, 1.0, 0.0] [-0.987641, 0.0, 0.156736] [849.65, 0.0, 3330.35]]
		unit_class:t = "noTreeObjectGroup100"
		objLayer:i = 2
		props {
			army:i = 2
			active:b = true
		}
	}
	objectGroups {
		name:t = "notree25"
		tm:m = [[0.156736, 0.0, 0.987641] [0.0, 1.0, 0.0] [-0.987641, 0.0, 0.156736] [755.8, 0.0, 3345.9]]
		unit_class:t = "noTreeObjectGroup100"
		objLayer:i = 2
		props {
			army:i = 2
			active:b = true
		}
	}
	objectGroups {
		name:t = "notree28"
		tm:m = [[0.156736, 0.0, 0.987641] [0.0, 1.0, 0.0] [-0.987641, 0.0, 0.156736] [764.3, 0.0, 3441.6]]
		unit_class:t = "noTreeObjectGroup100"
		objLayer:i = 2
		props {
			army:i = 2
			active:b = true
		}
	}
	objectGroups {
		name:t = "notree31"
		tm:m = [[0.156736, 0.0, 0.987641] [0.0, 1.0, 0.0] [-0.987641, 0.0, 0.156736] [778.85, 0.0, 3540.65]]
		unit_class:t = "noTreeObjectGroup100"
		objLayer:i = 2
		props {
			army:i = 2
			active:b = true
		}
	}
	objectGroups {
		name:t = "notree34"
		tm:m = [[0.156736, 0.0, 0.987641] [0.0, 1.0, 0.0] [-0.987641, 0.0, 0.156736] [778.25, 0.0, 3638.85]]
		unit_class:t = "noTreeObjectGroup100"
		objLayer:i = 2
		props {
			army:i = 2
			active:b = true
		}
	}
	objectGroups {
		name:t = "notree37"
		tm:m = [[0.156736, 0.0, 0.987641] [0.0, 1.0, 0.0] [-0.987641, 0.0, 0.156736] [787.35, 0.0, 3726.25]]
		unit_class:t = "noTreeObjectGroup100"
		objLayer:i = 2
		props {
			army:i = 2
			active:b = true
		}
	}
	objectGroups {
		name:t = "notree40"
		tm:m = [[0.156736, 0.0, 0.987641] [0.0, 1.0, 0.0] [-0.987641, 0.0, 0.156736] [782.65, 0.0, 3819.4]]
		unit_class:t = "noTreeObjectGroup100"
		objLayer:i = 2
		props {
			army:i = 2
			active:b = true
		}
	}
	objectGroups {
		name:t = "notree43"
		tm:m = [[0.156736, 0.0, 0.987641] [0.0, 1.0, 0.0] [-0.987641, 0.0, 0.156736] [781.45, 0.0, 3914.65]]
		unit_class:t = "noTreeObjectGroup100"
		objLayer:i = 2
		props {
			army:i = 2
			active:b = true
		}
	}
	objectGroups {
		name:t = "notree46"
		tm:m = [[0.156736, 0.0, 0.987641] [0.0, 1.0, 0.0] [-0.987641, 0.0, 0.156736] [781.85, 0.0, 4014.1]]
		unit_class:t = "noTreeObjectGroup100"
		objLayer:i = 2
		props {
			army:i = 2
			active:b = true
		}
	}
	objectGroups {
		name:t = "notree49"
		tm:m = [[0.156736, 0.0, 0.987641] [0.0, 1.0, 0.0] [-0.987641, 0.0, 0.156736] [791.1, 0.0, 4107.85]]
		unit_class:t = "noTreeObjectGroup100"
		objLayer:i = 2
		props {
			army:i = 2
			active:b = true
		}
	}
	area_squad {
		name:t = "t1_tanks_spawn00"
		tm:m = [[0.766708, 0.0, 0.641996] [0.0, 1.0, 0.0] [-0.641996, 0.0, 0.766708] [3407.89, 19.5023, 1680.08]]
		props {
			squad_members:t = "t1_tanks_spawn00_01"
			squad_members:t = "t1_tanks_spawn00_02"
			squad_members:t = "t1_tanks_spawn00_03"
			squad_members:t = "t1_tanks_spawn00_04"
			squad_members:t = "t1_tanks_spawn00_05"
			squad_members:t = "t1_tanks_spawn00_06"
			squad_members:t = "t1_tanks_spawn00_07"
			squad_members:t = "t1_tanks_spawn00_08"
			squad_members:t = "t1_tanks_spawn00_09"
			squad_members:t = "t1_tanks_spawn00_10"
			squad_members:t = "t1_tanks_spawn00_11"
			squad_members:t = "t1_tanks_spawn00_12"
			squad_members:t = "t1_tanks_spawn00_13"
			squad_members:t = "t1_tanks_spawn00_14"
			squad_members:t = "t1_tanks_spawn00_15"
			squad_members:t = "t1_tanks_spawn00_16"
			squad_members:t = "t1_tanks_spawn00_17"
			squad_members:t = "t1_tanks_spawn00_18"
			squad_members:t = "t1_tanks_spawn00_19"
			squad_members:t = "t1_tanks_spawn00_20"
		}
	}
	area_squad {
		name:t = "t1_tanks_spawn01"
		tm:m = [[0.184973, 0.0, -0.982743] [0.0, 1.0, 0.0] [0.982743, 0.0, 0.184973] [2593.08, 5.06236, 1959.42]]
		props {
			squad_members:t = "t1_tanks_spawn01_01"
			squad_members:t = "t1_tanks_spawn01_02"
			squad_members:t = "t1_tanks_spawn01_03"
			squad_members:t = "t1_tanks_spawn01_04"
			squad_members:t = "t1_tanks_spawn01_05"
			squad_members:t = "t1_tanks_spawn01_06"
			squad_members:t = "t1_tanks_spawn01_07"
			squad_members:t = "t1_tanks_spawn01_08"
			squad_members:t = "t1_tanks_spawn01_09"
			squad_members:t = "t1_tanks_spawn01_10"
			squad_members:t = "t1_tanks_spawn01_11"
			squad_members:t = "t1_tanks_spawn01_12"
			squad_members:t = "t1_tanks_spawn01_13"
			squad_members:t = "t1_tanks_spawn01_14"
			squad_members:t = "t1_tanks_spawn01_15"
			squad_members:t = "t1_tanks_spawn01_16"
			squad_members:t = "t1_tanks_spawn01_17"
			squad_members:t = "t1_tanks_spawn01_18"
			squad_members:t = "t1_tanks_spawn01_19"
			squad_members:t = "t1_tanks_spawn01_20"
		}
	}
	area_squad {
		name:t = "t1_tanks_spawn02"
		tm:m = [[-0.99621, 0.0, -0.0869831] [0.0, 1.0, 0.0] [0.0869831, 0.0, -0.99621] [1752.82, 6.61547, 2346.79]]
		props {
			squad_members:t = "t1_tanks_spawn02_01"
			squad_members:t = "t1_tanks_spawn02_02"
			squad_members:t = "t1_tanks_spawn02_03"
			squad_members:t = "t1_tanks_spawn02_04"
			squad_members:t = "t1_tanks_spawn02_05"
			squad_members:t = "t1_tanks_spawn02_06"
			squad_members:t = "t1_tanks_spawn02_07"
			squad_members:t = "t1_tanks_spawn02_08"
			squad_members:t = "t1_tanks_spawn02_09"
			squad_members:t = "t1_tanks_spawn02_10"
			squad_members:t = "t1_tanks_spawn02_11"
			squad_members:t = "t1_tanks_spawn02_12"
			squad_members:t = "t1_tanks_spawn02_13"
			squad_members:t = "t1_tanks_spawn02_14"
			squad_members:t = "t1_tanks_spawn02_15"
			squad_members:t = "t1_tanks_spawn02_16"
			squad_members:t = "t1_tanks_spawn02_17"
			squad_members:t = "t1_tanks_spawn02_18"
			squad_members:t = "t1_tanks_spawn02_19"
			squad_members:t = "t1_tanks_spawn02_20"
		}
	}
	area_squad {
		name:t = "t1_tanks_spawn03"
		tm:m = [[-0.811774, 0.0, -0.583972] [0.0, 1.0, 0.0] [0.583972, 0.0, -0.811774] [1423.01, 17.0821, 2868.3]]
		props {
			squad_members:t = "t1_tanks_spawn03_01"
			squad_members:t = "t1_tanks_spawn03_02"
			squad_members:t = "t1_tanks_spawn03_03"
			squad_members:t = "t1_tanks_spawn03_04"
			squad_members:t = "t1_tanks_spawn03_05"
			squad_members:t = "t1_tanks_spawn03_06"
			squad_members:t = "t1_tanks_spawn03_07"
			squad_members:t = "t1_tanks_spawn03_08"
			squad_members:t = "t1_tanks_spawn03_09"
			squad_members:t = "t1_tanks_spawn03_10"
			squad_members:t = "t1_tanks_spawn03_11"
			squad_members:t = "t1_tanks_spawn03_12"
			squad_members:t = "t1_tanks_spawn03_13"
			squad_members:t = "t1_tanks_spawn03_14"
			squad_members:t = "t1_tanks_spawn03_15"
			squad_members:t = "t1_tanks_spawn03_16"
			squad_members:t = "t1_tanks_spawn03_17"
			squad_members:t = "t1_tanks_spawn03_18"
			squad_members:t = "t1_tanks_spawn03_19"
			squad_members:t = "t1_tanks_spawn03_20"
		}
	}
	area_squad {
		name:t = "t1_tanks_spawn04"
		tm:m = [[0.228261, 0.0, 0.9736] [0.0, 1.0, 0.0] [-0.9736, 0.0, 0.228261] [674.069, 12.472, 3446.48]]
		props {
			squad_members:t = "t1_tanks_spawn04_01"
			squad_members:t = "t1_tanks_spawn04_02"
			squad_members:t = "t1_tanks_spawn04_03"
			squad_members:t = "t1_tanks_spawn04_04"
			squad_members:t = "t1_tanks_spawn04_05"
			squad_members:t = "t1_tanks_spawn04_06"
			squad_members:t = "t1_tanks_spawn04_07"
			squad_members:t = "t1_tanks_spawn04_08"
			squad_members:t = "t1_tanks_spawn04_09"
			squad_members:t = "t1_tanks_spawn04_10"
			squad_members:t = "t1_tanks_spawn04_11"
			squad_members:t = "t1_tanks_spawn04_12"
			squad_members:t = "t1_tanks_spawn04_13"
			squad_members:t = "t1_tanks_spawn04_14"
			squad_members:t = "t1_tanks_spawn04_15"
			squad_members:t = "t1_tanks_spawn04_16"
			squad_members:t = "t1_tanks_spawn04_17"
			squad_members:t = "t1_tanks_spawn04_18"
			squad_members:t = "t1_tanks_spawn04_19"
			squad_members:t = "t1_tanks_spawn04_20"
		}
	}
	area_squad {
		name:t = "t2_tanks_spawn"
		tm:m = [[-0.80718, 0.0, 0.590306] [0.0, 1.0, 0.0] [-0.590306, 0.0, -0.80718] [2898.67, 4.53232, 3198.13]]
		props {
			squad_members:t = "t2_tanks_spawn01"
			squad_members:t = "t2_tanks_spawn02"
			squad_members:t = "t2_tanks_spawn03"
			squad_members:t = "t2_tanks_spawn04"
			squad_members:t = "t2_tanks_spawn05"
			squad_members:t = "t2_tanks_spawn06"
			squad_members:t = "t2_tanks_spawn07"
			squad_members:t = "t2_tanks_spawn08"
			squad_members:t = "t2_tanks_spawn09"
			squad_members:t = "t2_tanks_spawn10"
			squad_members:t = "t2_tanks_spawn11"
			squad_members:t = "t2_tanks_spawn12"
			squad_members:t = "t2_tanks_spawn13"
			squad_members:t = "t2_tanks_spawn14"
			squad_members:t = "t2_tanks_spawn15"
			squad_members:t = "t2_tanks_spawn16"
			squad_members:t = "t2_tanks_spawn17"
			squad_members:t = "t2_tanks_spawn18"
			squad_members:t = "t2_tanks_spawn19"
			squad_members:t = "t2_tanks_spawn20"
		}
	}
	objectGroups {
		name:t = "notree15"
		tm:m = [[0.850839, 0.0, 0.525426] [0.0, 1.0, 0.0] [-0.525426, 0.0, 0.850839] [1706.91, 0.0, 2619.45]]
		unit_class:t = "noTreeObjectGroup100"
		objLayer:i = 2
		props {
			army:i = 2
			active:b = true
		}
	}
	objectGroups {
		name:t = "notree39"
		tm:m = [[0.156736, 0.0, 0.987641] [0.0, 1.0, 0.0] [-0.987641, 0.0, 0.156736] [703.894, 0.0, 3360.96]]
		unit_class:t = "noTreeObjectGroup100"
		objLayer:i = 2
		props {
			army:i = 2
			active:b = true
		}
	}
	objectGroups {
		name:t = "notree09"
		tm:m = [[0.985012, 0.0, -0.172487] [0.0, 1.0, 0.0] [0.172487, 0.0, 0.985012] [3546.51, 16.5172, 1532.71]]
		unit_class:t = "noTreeObjectGroup100"
		objLayer:i = 2
		props {
			army:i = 2
			active:b = true
		}
	}
	objectGroups {
		name:t = "notree42"
		tm:m = [[0.985012, 0.0, -0.172487] [0.0, 1.0, 0.0] [0.172487, 0.0, 0.985012] [3455.81, 16.5172, 1549.09]]
		unit_class:t = "noTreeObjectGroup100"
		objLayer:i = 2
		props {
			army:i = 2
			active:b = true
		}
	}
	objectGroups {
		name:t = "notree51"
		tm:m = [[0.985012, 0.0, -0.172487] [0.0, 1.0, 0.0] [0.172487, 0.0, 0.985012] [3367.66, 16.5171, 1583.71]]
		unit_class:t = "noTreeObjectGroup100"
		objLayer:i = 2
		props {
			army:i = 2
			active:b = true
		}
	}
	objectGroups {
		name:t = "notree54"
		tm:m = [[0.985012, 0.0, -0.172487] [0.0, 1.0, 0.0] [0.172487, 0.0, 0.985012] [3280.43, 16.5171, 1604.95]]
		unit_class:t = "noTreeObjectGroup100"
		objLayer:i = 2
		props {
			army:i = 2
			active:b = true
		}
	}
	objectGroups {
		name:t = "notree57"
		tm:m = [[0.985012, 0.0, -0.172487] [0.0, 1.0, 0.0] [0.172487, 0.0, 0.985012] [3193.6, 16.5171, 1628.13]]
		unit_class:t = "noTreeObjectGroup100"
		objLayer:i = 2
		props {
			army:i = 2
			active:b = true
		}
	}
	objectGroups {
		name:t = "notree60"
		tm:m = [[0.985012, 0.0, -0.172487] [0.0, 1.0, 0.0] [0.172487, 0.0, 0.985012] [3101.7, 16.5171, 1649.89]]
		unit_class:t = "noTreeObjectGroup100"
		objLayer:i = 2
		props {
			army:i = 2
			active:b = true
		}
	}
	objectGroups {
		name:t = "notree63"
		tm:m = [[0.985012, 0.0, -0.172487] [0.0, 1.0, 0.0] [0.172487, 0.0, 0.985012] [3035.56, 16.5171, 1684.82]]
		unit_class:t = "noTreeObjectGroup100"
		objLayer:i = 2
		props {
			army:i = 2
			active:b = true
		}
	}
	objectGroups {
		name:t = "notree66"
		tm:m = [[0.9942, 0.0, 0.10755] [0.0, 1.0, 0.0] [-0.10755, 0.0, 0.9942] [2957.06, 10.514, 1688.32]]
		unit_class:t = "noTreeObjectGroup100"
		objLayer:i = 2
		props {
			army:i = 2
			active:b = true
		}
	}
	objectGroups {
		name:t = "notree69"
		tm:m = [[0.9942, 0.0, 0.10755] [0.0, 1.0, 0.0] [-0.10755, 0.0, 0.9942] [2883.08, 8.32328, 1663.84]]
		unit_class:t = "noTreeObjectGroup100"
		objLayer:i = 2
		props {
			army:i = 2
			active:b = true
		}
	}
	objectGroups {
		name:t = "notree72"
		tm:m = [[0.9942, 0.0, 0.10755] [0.0, 1.0, 0.0] [-0.10755, 0.0, 0.9942] [2828.28, 8.32327, 1688.73]]
		unit_class:t = "noTreeObjectGroup100"
		objLayer:i = 2
		props {
			army:i = 2
			active:b = true
		}
	}
	objectGroups {
		name:t = "notree75"
		tm:m = [[0.964849, 0.0, 0.262805] [0.0, 1.0, 0.0] [-0.262805, 0.0, 0.964849] [2808.1, 8.32327, 1767.99]]
		unit_class:t = "noTreeObjectGroup100"
		objLayer:i = 2
		props {
			army:i = 2
			active:b = true
		}
	}
	objectGroups {
		name:t = "notree78"
		tm:m = [[0.964849, 0.0, 0.262805] [0.0, 1.0, 0.0] [-0.262805, 0.0, 0.964849] [2784.85, 8.32327, 1853.65]]
		unit_class:t = "noTreeObjectGroup100"
		objLayer:i = 2
		props {
			army:i = 2
			active:b = true
		}
	}
	objectGroups {
		name:t = "notree81"
		tm:m = [[0.831915, 0.0, 0.554904] [0.0, 1.0, 0.0] [-0.554904, 0.0, 0.831915] [2750.52, 8.32327, 1926.89]]
		unit_class:t = "noTreeObjectGroup100"
		objLayer:i = 2
		props {
			army:i = 2
			active:b = true
		}
	}
	objectGroups {
		name:t = "notree84"
		tm:m = [[0.67568, 0.0, 0.737196] [0.0, 1.0, 0.0] [-0.737196, 0.0, 0.67568] [2695.56, 8.32327, 1990.83]]
		unit_class:t = "noTreeObjectGroup100"
		objLayer:i = 2
		props {
			army:i = 2
			active:b = true
		}
	}
	objectGroups {
		name:t = "notree87"
		tm:m = [[0.67568, 0.0, 0.737196] [0.0, 1.0, 0.0] [-0.737196, 0.0, 0.67568] [2623.24, 8.32327, 2049.43]]
		unit_class:t = "noTreeObjectGroup100"
		objLayer:i = 2
		props {
			army:i = 2
			active:b = true
		}
	}
	objectGroups {
		name:t = "notree90"
		tm:m = [[0.67568, 0.0, 0.737196] [0.0, 1.0, 0.0] [-0.737196, 0.0, 0.67568] [2545.74, 8.32327, 2082.48]]
		unit_class:t = "noTreeObjectGroup100"
		objLayer:i = 2
		props {
			army:i = 2
			active:b = true
		}
	}
	objectGroups {
		name:t = "notree93"
		tm:m = [[0.67568, 0.0, 0.737196] [0.0, 1.0, 0.0] [-0.737196, 0.0, 0.67568] [2454.77, 8.32327, 2116.65]]
		unit_class:t = "noTreeObjectGroup100"
		objLayer:i = 2
		props {
			army:i = 2
			active:b = true
		}
	}
	area_squad {
		name:t = "t1_rearm_zone"
		tm:m = [[1.0, 0.0, 0.0] [0.0, 1.0, 0.0] [0.0, 0.0, 1.0] [-822.154, 23.2117, -95.1837]]
		props {
			squad_members:t = "t1_rearm_zone_01"
			squad_members:t = "t1_rearm_zone_02"
		}
	}
	area_squad {
		name:t = "t2_rearm_zone"
		tm:m = [[1.0, 0.0, 0.0] [0.0, 1.0, 0.0] [0.0, 0.0, 1.0] [562.478, 23.2117, -501.735]]
		props {
			squad_members:t = "t2_rearm_zone_01"
			squad_members:t = "t2_rearm_zone_02"
		}
	}
}
areas {
	briefing_bombers {
		type:t = "Point"
		tm:m = [[1.0, 0.0, 0.0] [0.0, 1.0, 0.0] [0.0, 0.0, 1.0] [528.304, 41.1797, 508.002]]
		objLayer:i = 0
		props {

		}
	}
	briefing_tanks {
		type:t = "Point"
		tm:m = [[1.0, 0.0, 0.0] [0.0, 1.0, 0.0] [0.0, 0.0, 1.0] [3556.22, 41.1796, 1539.88]]
		objLayer:i = 0
		props {

		}
	}
	convoy_waypoint01 {
		type:t = "Point"
		tm:m = [[-61.6334, 0.0, 78.7483] [0.0, 100.0, 0.0] [-78.7483, 0.0, -61.6334] [2533.7, 9.70001, 1997.04]]
		objLayer:i = 0
		props {

		}
	}
	convoy_waypoint02 {
		type:t = "Point"
		tm:m = [[-10.0505, 0.0, 99.4937] [0.0, 100.0, 0.0] [-99.4937, 0.0, -10.0505] [1943.33, 8.73993, 2474.2]]
		objLayer:i = 0
		props {

		}
	}
	convoy_waypoint03 {
		type:t = "Point"
		tm:m = [[85.1512, 0.0, 52.4334] [0.0, 100.0, 0.0] [-52.4334, 0.0, 85.1512] [1478.27, 17.5495, 2875.01]]
		objLayer:i = 0
		props {

		}
	}
	convoy_waypoint04 {
		type:t = "Point"
		tm:m = [[88.4421, 0.0, -46.6687] [0.0, 100.0, 0.0] [46.6687, 0.0, 88.4421] [791.19, 19.6094, 3666.8]]
		objLayer:i = 0
		props {

		}
	}
	convoy_waypoint00 {
		type:t = "Point"
		tm:m = [[-97.3788, 0.0, 22.7459] [0.0, 100.0, 0.0] [-22.7459, 0.0, -97.3788] [3426.22, 19.563, 1564.51]]
		objLayer:i = 0
		props {

		}
	}
	convoy_starting_point {
		type:t = "Point"
		tm:m = [[-0.947834, 0.0, 0.318763] [0.0, 1.0, 0.0] [-0.318763, 0.0, -0.947834] [3604.03, 16.5436, 1513.37]]
		objLayer:i = 0
		props {

		}
	}
	cnv_battle_area {
		type:t = "Box"
		tm:m = [[4096.0, 0.0, 0.0] [0.0, 931.89, 0.0] [0.0, 0.0, 4096.0] [2048.0, 12.1382, 2048.0]]
		objLayer:i = 0
		props {

		}
	}
	area_03 {
		type:t = "Sphere"
		tm:m = [[2200.0, 0.0, 0.0] [0.0, 2200.0, 0.0] [0.0, 0.0, 2200.0] [2849.57, 18.4395, 3160.91]]
		objLayer:i = 0
		props {

		}
	}
	area_04 {
		type:t = "Sphere"
		tm:m = [[1400.0, 0.0, 0.0] [0.0, 1400.0, 0.0] [0.0, 0.0, 1400.0] [763.85, 17.45, 3102.85]]
		objLayer:i = 0
		props {

		}
	}
	notree01 {
		type:t = "Box"
		tm:m = [[98.5012, 0.0, -17.2487] [0.0, 50.0, 0.0] [17.2487, 0.0, 98.5012] [2305.7, 0.0, 2307.45]]
		objLayer:i = 0
		props {

		}
	}
	notree05 {
		type:t = "Box"
		tm:m = [[99.9459, 0.0, 3.2903] [0.0, 50.0, 0.0] [-3.2903, 0.0, 99.9459] [2179.75, 0.0, 2326.4]]
		objLayer:i = 0
		props {

		}
	}
	notree08 {
		type:t = "Box"
		tm:m = [[85.0839, 0.0, 52.5426] [0.0, 50.0, 0.0] [-52.5426, 0.0, 85.0839] [1706.75, 0.0, 2560.05]]
		objLayer:i = 0
		props {

		}
	}
	notree11 {
		type:t = "Box"
		tm:m = [[85.0839, 0.0, 52.5426] [0.0, 50.0, 0.0] [-52.5426, 0.0, 85.0839] [1425.3, 0.0, 3152.85]]
		objLayer:i = 0
		props {

		}
	}
	notree14 {
		type:t = "Box"
		tm:m = [[70.02, 0.0, 71.3947] [0.0, 50.0, 0.0] [-71.3947, 0.0, 70.02] [1486.2, 0.0, 3107.7]]
		objLayer:i = 0
		props {

		}
	}
	notree17 {
		type:t = "Box"
		tm:m = [[15.6736, 0.0, 98.7641] [0.0, 50.0, 0.0] [-98.7641, 0.0, 15.6736] [1041.05, 0.0, 3300.45]]
		objLayer:i = 0
		props {

		}
	}
	notree20 {
		type:t = "Box"
		tm:m = [[15.6736, 0.0, 98.7641] [0.0, 50.0, 0.0] [-98.7641, 0.0, 15.6736] [946.6, 0.0, 3315.1]]
		objLayer:i = 0
		props {

		}
	}
	notree23 {
		type:t = "Box"
		tm:m = [[15.6736, 0.0, 98.7641] [0.0, 50.0, 0.0] [-98.7641, 0.0, 15.6736] [849.65, 0.0, 3330.35]]
		objLayer:i = 0
		props {

		}
	}
	notree26 {
		type:t = "Box"
		tm:m = [[15.6736, 0.0, 98.7641] [0.0, 50.0, 0.0] [-98.7641, 0.0, 15.6736] [755.8, 0.0, 3345.9]]
		objLayer:i = 0
		props {

		}
	}
	notree29 {
		type:t = "Box"
		tm:m = [[15.6736, 0.0, 98.7641] [0.0, 50.0, 0.0] [-98.7641, 0.0, 15.6736] [764.3, 0.0, 3441.6]]
		objLayer:i = 0
		props {

		}
	}
	notree32 {
		type:t = "Box"
		tm:m = [[15.6736, 0.0, 98.7641] [0.0, 50.0, 0.0] [-98.7641, 0.0, 15.6736] [778.85, 0.0, 3540.65]]
		objLayer:i = 0
		props {

		}
	}
	notree35 {
		type:t = "Box"
		tm:m = [[15.6736, 0.0, 98.7641] [0.0, 50.0, 0.0] [-98.7641, 0.0, 15.6736] [778.25, 0.0, 3638.85]]
		objLayer:i = 0
		props {

		}
	}
	notree38 {
		type:t = "Box"
		tm:m = [[15.6736, 0.0, 98.7641] [0.0, 50.0, 0.0] [-98.7641, 0.0, 15.6736] [787.35, 0.0, 3726.25]]
		objLayer:i = 0
		props {

		}
	}
	notree41 {
		type:t = "Box"
		tm:m = [[15.6736, 0.0, 98.7641] [0.0, 50.0, 0.0] [-98.7641, 0.0, 15.6736] [782.65, 0.0, 3819.4]]
		objLayer:i = 0
		props {

		}
	}
	notree44 {
		type:t = "Box"
		tm:m = [[15.6736, 0.0, 98.7641] [0.0, 50.0, 0.0] [-98.7641, 0.0, 15.6736] [781.45, 0.0, 3914.65]]
		objLayer:i = 0
		props {

		}
	}
	notree47 {
		type:t = "Box"
		tm:m = [[15.6736, 0.0, 98.7641] [0.0, 50.0, 0.0] [-98.7641, 0.0, 15.6736] [781.85, 0.0, 4014.1]]
		objLayer:i = 0
		props {

		}
	}
	notree50 {
		type:t = "Box"
		tm:m = [[15.6736, 0.0, 98.7641] [0.0, 50.0, 0.0] [-98.7641, 0.0, 15.6736] [791.1, 0.0, 4107.85]]
		objLayer:i = 0
		props {

		}
	}
	notree12 {
		type:t = "Box"
		tm:m = [[85.0839, 0.0, 52.5426] [0.0, 50.0, 0.0] [-52.5426, 0.0, 85.0839] [1706.91, 0.0, 2619.45]]
		objLayer:i = 0
		props {

		}
	}
	t1_tanks_spawn00_01 {
		type:t = "Sphere"
		tm:m = [[-5.83467, 0.0, 1.39881] [0.0, 6.0, 0.0] [-1.39881, 0.0, -5.83467] [3359.37, 19.5677, 1690.03]]
		objLayer:i = 0
		props {

		}
	}
	t1_tanks_spawn00_02 {
		type:t = "Sphere"
		tm:m = [[-5.83467, 0.0, 1.39881] [0.0, 6.0, 0.0] [-1.39881, 0.0, -5.83467] [3378.01, 19.5377, 1685.45]]
		objLayer:i = 0
		props {

		}
	}
	t1_tanks_spawn00_03 {
		type:t = "Sphere"
		tm:m = [[-5.83467, 0.0, 1.39881] [0.0, 6.0, 0.0] [-1.39881, 0.0, -5.83467] [3394.46, 19.5006, 1681.49]]
		objLayer:i = 0
		props {

		}
	}
	t1_tanks_spawn00_04 {
		type:t = "Sphere"
		tm:m = [[-5.83467, 0.0, 1.39881] [0.0, 6.0, 0.0] [-1.39881, 0.0, -5.83467] [3415.26, 19.4591, 1677.39]]
		objLayer:i = 0
		props {

		}
	}
	t1_tanks_spawn00_05 {
		type:t = "Sphere"
		tm:m = [[-5.83467, 0.0, 1.39881] [0.0, 6.0, 0.0] [-1.39881, 0.0, -5.83467] [3432.12, 19.3861, 1673.18]]
		objLayer:i = 0
		props {

		}
	}
	t1_tanks_spawn00_06 {
		type:t = "Sphere"
		tm:m = [[-5.83467, 0.0, 1.39881] [0.0, 6.0, 0.0] [-1.39881, 0.0, -5.83467] [3452.96, 19.28, 1668.83]]
		objLayer:i = 0
		props {

		}
	}
	t1_tanks_spawn00_07 {
		type:t = "Sphere"
		tm:m = [[-5.83467, 0.0, 1.39881] [0.0, 6.0, 0.0] [-1.39881, 0.0, -5.83467] [3363.72, 19.0189, 1662.92]]
		objLayer:i = 0
		props {

		}
	}
	t1_tanks_spawn00_08 {
		type:t = "Sphere"
		tm:m = [[-5.83467, 0.0, 1.39881] [0.0, 6.0, 0.0] [-1.39881, 0.0, -5.83467] [3381.76, 19.0887, 1663.71]]
		objLayer:i = 0
		props {

		}
	}
	t1_tanks_spawn00_09 {
		type:t = "Sphere"
		tm:m = [[-5.83467, 0.0, 1.39881] [0.0, 6.0, 0.0] [-1.39881, 0.0, -5.83467] [3399.7, 19.1184, 1663.0]]
		objLayer:i = 0
		props {

		}
	}
	t1_tanks_spawn00_10 {
		type:t = "Sphere"
		tm:m = [[-5.83467, 0.0, 1.39881] [0.0, 6.0, 0.0] [-1.39881, 0.0, -5.83467] [3419.98, 19.0046, 1656.18]]
		objLayer:i = 0
		props {

		}
	}
	t1_tanks_spawn00_11 {
		type:t = "Sphere"
		tm:m = [[-5.83467, 0.0, 1.39881] [0.0, 6.0, 0.0] [-1.39881, 0.0, -5.83467] [3435.28, 18.8398, 1648.27]]
		objLayer:i = 0
		props {

		}
	}
	t1_tanks_spawn00_12 {
		type:t = "Sphere"
		tm:m = [[-5.83467, 0.0, 1.39881] [0.0, 6.0, 0.0] [-1.39881, 0.0, -5.83467] [3375.23, 20.1439, 1714.26]]
		objLayer:i = 0
		props {

		}
	}
	t1_tanks_spawn00_13 {
		type:t = "Sphere"
		tm:m = [[-5.83467, 0.0, 1.39881] [0.0, 6.0, 0.0] [-1.39881, 0.0, -5.83467] [3390.25, 19.9639, 1703.54]]
		objLayer:i = 0
		props {

		}
	}
	t1_tanks_spawn00_14 {
		type:t = "Sphere"
		tm:m = [[-5.83467, 0.0, 1.39881] [0.0, 6.0, 0.0] [-1.39881, 0.0, -5.83467] [3407.0, 19.8842, 1697.82]]
		objLayer:i = 0
		props {

		}
	}
	t1_tanks_spawn00_15 {
		type:t = "Sphere"
		tm:m = [[-5.83467, 0.0, 1.39881] [0.0, 6.0, 0.0] [-1.39881, 0.0, -5.83467] [3427.37, 19.8932, 1696.52]]
		objLayer:i = 0
		props {

		}
	}
	t1_tanks_spawn00_16 {
		type:t = "Sphere"
		tm:m = [[-5.83467, 0.0, 1.39881] [0.0, 6.0, 0.0] [-1.39881, 0.0, -5.83467] [3445.84, 19.9441, 1698.48]]
		objLayer:i = 0
		props {

		}
	}
	t1_tanks_spawn00_17 {
		type:t = "Sphere"
		tm:m = [[-5.83467, 0.0, 1.39881] [0.0, 6.0, 0.0] [-1.39881, 0.0, -5.83467] [3378.72, 18.6269, 1643.23]]
		objLayer:i = 0
		props {

		}
	}
	t1_tanks_spawn00_18 {
		type:t = "Sphere"
		tm:m = [[-5.83467, 0.0, 1.39881] [0.0, 6.0, 0.0] [-1.39881, 0.0, -5.83467] [3408.68, 18.5317, 1635.96]]
		objLayer:i = 0
		props {

		}
	}
	t1_tanks_spawn00_19 {
		type:t = "Sphere"
		tm:m = [[-5.83467, 0.0, 1.39881] [0.0, 6.0, 0.0] [-1.39881, 0.0, -5.83467] [3397.85, 20.4751, 1726.08]]
		objLayer:i = 0
		props {

		}
	}
	t1_tanks_spawn00_20 {
		type:t = "Sphere"
		tm:m = [[-5.83467, 0.0, 1.39881] [0.0, 6.0, 0.0] [-1.39881, 0.0, -5.83467] [3429.36, 20.4057, 1718.98]]
		objLayer:i = 0
		props {

		}
	}
	t1_tanks_spawn01_01 {
		type:t = "Sphere"
		tm:m = [[-2.73658, 0.0, 5.33958] [0.0, 6.0, 0.0] [-5.33958, 0.0, -2.73658] [2564.75, 6.08385, 1965.75]]
		objLayer:i = 0
		props {

		}
	}
	t1_tanks_spawn01_02 {
		type:t = "Sphere"
		tm:m = [[-2.73658, 0.0, 5.33958] [0.0, 6.0, 0.0] [-5.33958, 0.0, -2.73658] [2578.33, 5.57391, 1956.36]]
		objLayer:i = 0
		props {

		}
	}
	t1_tanks_spawn01_03 {
		type:t = "Sphere"
		tm:m = [[-2.73658, 0.0, 5.33958] [0.0, 6.0, 0.0] [-5.33958, 0.0, -2.73658] [2590.39, 5.15789, 1948.4]]
		objLayer:i = 0
		props {

		}
	}
	t1_tanks_spawn01_04 {
		type:t = "Sphere"
		tm:m = [[-2.73658, 0.0, 5.33958] [0.0, 6.0, 0.0] [-5.33958, 0.0, -2.73658] [2607.22, 3.98866, 1936.72]]
		objLayer:i = 0
		props {

		}
	}
	t1_tanks_spawn01_05 {
		type:t = "Sphere"
		tm:m = [[-2.73658, 0.0, 5.33958] [0.0, 6.0, 0.0] [-5.33958, 0.0, -2.73658] [2620.69, 3.5566, 1927.21]]
		objLayer:i = 0
		props {

		}
	}
	t1_tanks_spawn01_06 {
		type:t = "Sphere"
		tm:m = [[-2.73658, 0.0, 5.33958] [0.0, 6.0, 0.0] [-5.33958, 0.0, -2.73658] [2635.23, 3.69757, 1916.57]]
		objLayer:i = 0
		props {

		}
	}
	t1_tanks_spawn01_07 {
		type:t = "Sphere"
		tm:m = [[-2.73658, 0.0, 5.33958] [0.0, 6.0, 0.0] [-5.33958, 0.0, -2.73658] [2562.34, 6.24726, 1949.18]]
		objLayer:i = 0
		props {

		}
	}
	t1_tanks_spawn01_08 {
		type:t = "Sphere"
		tm:m = [[-2.73658, 0.0, 5.33958] [0.0, 6.0, 0.0] [-5.33958, 0.0, -2.73658] [2576.52, 5.63676, 1939.85]]
		objLayer:i = 0
		props {

		}
	}
	t1_tanks_spawn01_09 {
		type:t = "Sphere"
		tm:m = [[-2.73658, 0.0, 5.33958] [0.0, 6.0, 0.0] [-5.33958, 0.0, -2.73658] [2591.73, 5.0752, 1929.66]]
		objLayer:i = 0
		props {

		}
	}
	t1_tanks_spawn01_10 {
		type:t = "Sphere"
		tm:m = [[-2.73658, 0.0, 5.33958] [0.0, 6.0, 0.0] [-5.33958, 0.0, -2.73658] [2605.65, 4.07816, 1919.61]]
		objLayer:i = 0
		props {

		}
	}
	t1_tanks_spawn01_11 {
		type:t = "Sphere"
		tm:m = [[-2.73658, 0.0, 5.33958] [0.0, 6.0, 0.0] [-5.33958, 0.0, -2.73658] [2562.84, 6.33192, 1931.08]]
		objLayer:i = 0
		props {

		}
	}
	t1_tanks_spawn01_12 {
		type:t = "Sphere"
		tm:m = [[-2.73658, 0.0, 5.33958] [0.0, 6.0, 0.0] [-5.33958, 0.0, -2.73658] [2577.9, 5.71289, 1918.94]]
		objLayer:i = 0
		props {

		}
	}
	t1_tanks_spawn01_13 {
		type:t = "Sphere"
		tm:m = [[-2.73658, 0.0, 5.33958] [0.0, 6.0, 0.0] [-5.33958, 0.0, -2.73658] [2546.63, 6.3682, 1919.9]]
		objLayer:i = 0
		props {

		}
	}
	t1_tanks_spawn01_14 {
		type:t = "Sphere"
		tm:m = [[-2.73658, 0.0, 5.33958] [0.0, 6.0, 0.0] [-5.33958, 0.0, -2.73658] [2579.7, 5.67852, 1976.62]]
		objLayer:i = 0
		props {

		}
	}
	t1_tanks_spawn01_15 {
		type:t = "Sphere"
		tm:m = [[-2.73658, 0.0, 5.33958] [0.0, 6.0, 0.0] [-5.33958, 0.0, -2.73658] [2596.7, 4.91961, 1965.84]]
		objLayer:i = 0
		props {

		}
	}
	t1_tanks_spawn01_16 {
		type:t = "Sphere"
		tm:m = [[-2.73658, 0.0, 5.33958] [0.0, 6.0, 0.0] [-5.33958, 0.0, -2.73658] [2613.65, 3.69399, 1954.28]]
		objLayer:i = 0
		props {

		}
	}
	t1_tanks_spawn01_17 {
		type:t = "Sphere"
		tm:m = [[-2.73658, 0.0, 5.33958] [0.0, 6.0, 0.0] [-5.33958, 0.0, -2.73658] [2629.68, 3.13608, 1943.42]]
		objLayer:i = 0
		props {

		}
	}
	t1_tanks_spawn01_18 {
		type:t = "Sphere"
		tm:m = [[-2.73658, 0.0, 5.33958] [0.0, 6.0, 0.0] [-5.33958, 0.0, -2.73658] [2546.31, 6.97379, 1959.42]]
		objLayer:i = 0
		props {

		}
	}
	t1_tanks_spawn01_19 {
		type:t = "Sphere"
		tm:m = [[-2.73658, 0.0, 5.33958] [0.0, 6.0, 0.0] [-5.33958, 0.0, -2.73658] [2597.57, 5.4214, 1988.07]]
		objLayer:i = 0
		props {

		}
	}
	t1_tanks_spawn01_20 {
		type:t = "Sphere"
		tm:m = [[-2.73658, 0.0, 5.33958] [0.0, 6.0, 0.0] [-5.33958, 0.0, -2.73658] [2613.73, 3.75976, 1973.5]]
		objLayer:i = 0
		props {

		}
	}
	t1_tanks_spawn02_01 {
		type:t = "Sphere"
		tm:m = [[-0.125314, 0.0, 5.99868] [0.0, 6.0, 0.0] [-5.99868, 0.0, -0.125314] [1762.74, 5.5599, 2370.49]]
		objLayer:i = 0
		props {

		}
	}
	t1_tanks_spawn02_02 {
		type:t = "Sphere"
		tm:m = [[-0.818398, 0.0, 5.94392] [0.0, 6.0, 0.0] [-5.94392, 0.0, -0.818398] [1751.98, 6.53728, 2358.05]]
		objLayer:i = 0
		props {

		}
	}
	t1_tanks_spawn02_03 {
		type:t = "Sphere"
		tm:m = [[-1.06645, 0.0, 5.90445] [0.0, 6.0, 0.0] [-5.90445, 0.0, -1.06645] [1741.24, 7.66649, 2345.6]]
		objLayer:i = 0
		props {

		}
	}
	t1_tanks_spawn02_04 {
		type:t = "Sphere"
		tm:m = [[-0.447103, 0.0, 5.98331] [0.0, 6.0, 0.0] [-5.98331, 0.0, -0.447103] [1727.65, 8.78063, 2329.11]]
		objLayer:i = 0
		props {

		}
	}
	t1_tanks_spawn02_05 {
		type:t = "Sphere"
		tm:m = [[0.245102, 0.0, 5.99498] [0.0, 6.0, 0.0] [-5.99498, 0.0, 0.245102] [1716.77, 9.26056, 2316.7]]
		objLayer:i = 0
		props {

		}
	}
	t1_tanks_spawn02_06 {
		type:t = "Sphere"
		tm:m = [[0.569356, 0.0, 5.97292] [0.0, 6.0, 0.0] [-5.97292, 0.0, 0.569356] [1702.49, 9.63639, 2306.34]]
		objLayer:i = 0
		props {

		}
	}
	t1_tanks_spawn02_07 {
		type:t = "Sphere"
		tm:m = [[-0.439756, 0.0, 5.98386] [0.0, 6.0, 0.0] [-5.98386, 0.0, -0.439756] [1745.13, 7.00191, 2375.66]]
		objLayer:i = 0
		props {

		}
	}
	t1_tanks_spawn02_08 {
		type:t = "Sphere"
		tm:m = [[-1.14685, 0.0, 5.88937] [0.0, 6.0, 0.0] [-5.88937, 0.0, -1.14685] [1734.34, 8.07748, 2361.41]]
		objLayer:i = 0
		props {

		}
	}
	t1_tanks_spawn02_09 {
		type:t = "Sphere"
		tm:m = [[-0.944806, 0.0, 5.92514] [0.0, 6.0, 0.0] [-5.92514, 0.0, -0.944806] [1723.73, 8.90097, 2348.93]]
		objLayer:i = 0
		props {

		}
	}
	t1_tanks_spawn02_10 {
		type:t = "Sphere"
		tm:m = [[-0.311039, 0.0, 5.99193] [0.0, 6.0, 0.0] [-5.99193, 0.0, -0.311039] [1712.98, 9.46548, 2334.82]]
		objLayer:i = 0
		props {

		}
	}
	t1_tanks_spawn02_11 {
		type:t = "Sphere"
		tm:m = [[0.524842, 0.0, 5.977] [0.0, 6.0, 0.0] [-5.977, 0.0, 0.524842] [1702.15, 9.86065, 2322.42]]
		objLayer:i = 0
		props {

		}
	}
	t1_tanks_spawn02_12 {
		type:t = "Sphere"
		tm:m = [[-1.37465, 0.0, 5.8404] [0.0, 6.0, 0.0] [-5.8404, 0.0, -1.37465] [1768.85, 5.37112, 2352.48]]
		objLayer:i = 0
		props {

		}
	}
	t1_tanks_spawn02_13 {
		type:t = "Sphere"
		tm:m = [[-0.27886, 0.0, 5.99351] [0.0, 6.0, 0.0] [-5.99351, 0.0, -0.27886] [1760.49, 6.07507, 2340.83]]
		objLayer:i = 0
		props {

		}
	}
	t1_tanks_spawn02_14 {
		type:t = "Sphere"
		tm:m = [[-0.899174, 0.0, 5.93223] [0.0, 6.0, 0.0] [-5.93223, 0.0, -0.899174] [1749.73, 7.09199, 2327.76]]
		objLayer:i = 0
		props {

		}
	}
	t1_tanks_spawn02_15 {
		type:t = "Sphere"
		tm:m = [[-0.187542, 0.0, 5.99706] [0.0, 6.0, 0.0] [-5.99706, 0.0, -0.187542] [1739.99, 7.92709, 2316.39]]
		objLayer:i = 0
		props {

		}
	}
	t1_tanks_spawn02_16 {
		type:t = "Sphere"
		tm:m = [[0.357363, 0.0, 5.98934] [0.0, 6.0, 0.0] [-5.98934, 0.0, 0.357363] [1727.79, 8.42438, 2300.52]]
		objLayer:i = 0
		props {

		}
	}
	t1_tanks_spawn02_17 {
		type:t = "Sphere"
		tm:m = [[-0.540217, 0.0, 5.97563] [0.0, 6.0, 0.0] [-5.97563, 0.0, -0.540217] [1783.05, 4.72767, 2365.61]]
		objLayer:i = 0
		props {

		}
	}
	t1_tanks_spawn02_18 {
		type:t = "Sphere"
		tm:m = [[-0.954566, 0.0, 5.92358] [0.0, 6.0, 0.0] [-5.92358, 0.0, -0.954566] [1786.67, 4.74192, 2347.62]]
		objLayer:i = 0
		props {

		}
	}
	t1_tanks_spawn02_19 {
		type:t = "Sphere"
		tm:m = [[-0.485107, 0.0, 5.98035] [0.0, 6.0, 0.0] [-5.98035, 0.0, -0.485107] [1802.82, 4.50565, 2359.97]]
		objLayer:i = 0
		props {

		}
	}
	t1_tanks_spawn02_20 {
		type:t = "Sphere"
		tm:m = [[0.410821, 0.0, 5.98591] [0.0, 6.0, 0.0] [-5.98591, 0.0, 0.410821] [1806.2, 4.5094, 2344.16]]
		objLayer:i = 0
		props {

		}
	}
	t1_tanks_spawn03_01 {
		type:t = "Sphere"
		tm:m = [[4.82941, 0.0, 3.56044] [0.0, 6.0, 0.0] [-3.56044, 0.0, 4.82941] [1371.53, 18.7577, 2784.28]]
		objLayer:i = 0
		props {

		}
	}
	t1_tanks_spawn03_02 {
		type:t = "Sphere"
		tm:m = [[4.24063, 0.0, 4.24465] [0.0, 6.0, 0.0] [-4.24465, 0.0, 4.24063] [1423.16, 17.0512, 2874.71]]
		objLayer:i = 0
		props {

		}
	}
	t1_tanks_spawn03_03 {
		type:t = "Sphere"
		tm:m = [[3.67692, 0.0, 4.74133] [0.0, 6.0, 0.0] [-4.74133, 0.0, 3.67692] [1417.42, 17.2512, 2857.5]]
		objLayer:i = 0
		props {

		}
	}
	t1_tanks_spawn03_04 {
		type:t = "Sphere"
		tm:m = [[3.67692, 0.0, 4.74133] [0.0, 6.0, 0.0] [-4.74133, 0.0, 3.67692] [1411.66, 17.5299, 2839.57]]
		objLayer:i = 0
		props {

		}
	}
	t1_tanks_spawn03_05 {
		type:t = "Sphere"
		tm:m = [[3.67692, 0.0, 4.74133] [0.0, 6.0, 0.0] [-4.74133, 0.0, 3.67692] [1406.53, 17.8105, 2824.43]]
		objLayer:i = 0
		props {

		}
	}
	t1_tanks_spawn03_06 {
		type:t = "Sphere"
		tm:m = [[3.67692, 0.0, 4.74133] [0.0, 6.0, 0.0] [-4.74133, 0.0, 3.67692] [1405.05, 17.9561, 2804.05]]
		objLayer:i = 0
		props {

		}
	}
	t1_tanks_spawn03_07 {
		type:t = "Sphere"
		tm:m = [[4.92179, 0.0, 3.4316] [0.0, 6.0, 0.0] [-3.4316, 0.0, 4.92179] [1397.65, 18.2213, 2790.42]]
		objLayer:i = 0
		props {

		}
	}
	t1_tanks_spawn03_08 {
		type:t = "Sphere"
		tm:m = [[5.27016, 0.0, 2.86797] [0.0, 6.0, 0.0] [-2.86797, 0.0, 5.27016] [1387.02, 18.3695, 2775.37]]
		objLayer:i = 0
		props {

		}
	}
	t1_tanks_spawn03_09 {
		type:t = "Sphere"
