selected_tag:t = ""
bin_dump_file:t = ""
mission_settings {
	player {
		army:i = 1
	}
	player_teamB {
		army:i = 2
	}
	mission {
		type:t = "singleMission"
		level:t = "levels/water.bin"
		environment:t = "Day"
		weather:t = "hazy"
		restoreType:t = "attempts"
		optionalTakeOff:b = false
	}
}
imports {
	import_record {
		file:t = "gameData/missions/templates/enduring_confrontation/tl_takeoff_landing_template.blk"
		importAreas:b = true
		importUnits:b = true
		importTriggers:b = true
		importMissionObjectives:b = true
		importWayPoints:b = true
		showAreas:b = true
		showUnits:b = true
		showTriggers:b = true
		showMissionObjectives:b = true
		showWayPoints:b = true
		excludes {

		}
	}
}
triggers {
	isCategory:b = true
	is_enabled:b = true
}
mission_objectives {
	isCategory:b = true
	is_enabled:b = true
}
variables {

}
dialogs {

}
airfields {

}
effects {

}
units {
	squad {
		name:t = "tl_all_fields_squad"
		tm:m = [[-1.0, 0.0, -5.96046e-8] [0.0, 1.0, 0.0] [5.96046e-8, 0.0, -1.0] [17615.5, 3.84961, -14569.4]]
		props {
			squad_members:t = "tl_base_01"
			squad_members:t = "tl_base_02"
			squad_members:t = "tl_base_03"
			squad_members:t = "tl_base_04"
			squad_members:t = "tl_base_05"
			squad_members:t = "tl_base_06"
			squad_members:t = "tl_base_07"
			squad_members:t = "tl_base_08"
			squad_members:t = "tl_base_09"
			squad_members:t = "tl_base_10"
			squad_members:t = "tl_base_11"
			squad_members:t = "tl_base_12"
			object_marking:i = 0
		}
	}
	objectGroups {
		name:t = "tl_base_08"
		tm:m = [[0.966212, 0.0, 0.257747] [0.0, 1.0, 0.0] [-0.257747, 0.0, 0.966212] [8010.9, 376.248, -11249.6]]
		unit_class:t = "dynHelipad_platform_circle_a"
		objLayer:i = 1
		props {
			army:i = 1
			active:b = false
		}
	}
	objectGroups {
		name:t = "tl_base_09"
		tm:m = [[0.922685, 0.0, 0.385554] [0.0, 1.0, 0.0] [-0.385554, 0.0, 0.922685] [9395.1, 2224.61, -1829.5]]
		unit_class:t = "dynHelipad_platform_square_a"
		objLayer:i = 1
		props {
			army:i = 1
			active:b = false
		}
	}
	objectGroups {
		name:t = "tl_base_07"
		tm:m = [[-0.642509, 0.0, -0.766278] [0.0, 1.0, 0.0] [0.766278, 0.0, -0.642509] [9070.7, 1970.93, -16314.1]]
		unit_class:t = "dynHelipad_platform_square_rounded_a"
		objLayer:i = 1
		props {
			army:i = 1
			active:b = false
		}
	}
	objectGroups {
		name:t = "tl_base_06"
		tm:m = [[-0.996733, 0.0, -0.0807617] [0.0, 1.0, 0.0] [0.0807617, 0.0, -0.996733] [3884.76, 1821.66, -17730.0]]
		unit_class:t = "dynHelipad_platform_square_a"
		objLayer:i = 1
		props {
			army:i = 2
			active:b = false
		}
	}
	objectGroups {
		name:t = "tl_base_04"
		tm:m = [[0.693032, 0.0, 0.720905] [0.0, 1.0, 0.0] [-0.720905, 0.0, 0.693032] [3901.05, 2329.07, 2196.52]]
		unit_class:t = "dynHelipad_platform_circle_a"
		objLayer:i = 1
		props {
			army:i = 2
			active:b = false
		}
	}
	objectGroups {
		name:t = "tl_base_05"
		tm:m = [[0.995221, 0.0, 0.0976439] [0.0, 1.0, 0.0] [-0.0976439, 0.0, 0.995221] [3655.05, 305.668, -9564.87]]
		unit_class:t = "dynHelipad_platform_octagon_a"
		objLayer:i = 1
		props {
			army:i = 2
			active:b = false
		}
	}
	objectGroups {
		name:t = "tl_base_10"
		tm:m = [[0.997902, 0.0, -0.0647317] [0.0, 1.0, 0.0] [0.0647317, 0.0, 0.997902] [-6389.61, 2408.27, 6827.2]]
		unit_class:t = "dynHelipad_platform_square_rounded_a"
		objLayer:i = 1
		props {
			army:i = 2
			active:b = false
		}
	}
	objectGroups {
		name:t = "tl_base_11"
		tm:m = [[0.968077, 0.0, -0.250652] [0.0, 1.0, 0.0] [0.250652, 0.0, 0.968077] [-6285.34, 2277.08, 2567.22]]
		unit_class:t = "dynHelipad_platform_circle_a"
		objLayer:i = 1
		props {
			army:i = 2
			active:b = false
		}
	}
	objectGroups {
		name:t = "tl_base_12"
		tm:m = [[0.945247, 0.0, -0.326356] [0.0, 1.0, 0.0] [0.326356, 0.0, 0.945247] [-7062.84, 298.569, -8056.55]]
		unit_class:t = "dynHelipad_platform_square_a"
		objLayer:i = 1
		props {
			army:i = 2
			active:b = false
		}
	}
	objectGroups {
		name:t = "tl_base_01"
		tm:m = [[0.844401, 0.0, 0.53571] [0.0, 1.0, 0.0] [-0.53571, 0.0, 0.844401] [-366.605, 332.465, -11410.6]]
		unit_class:t = "dynHelipad_platform_circle_a"
		objLayer:i = 1
		props {
			army:i = 2
			active:b = false
		}
	}
	objectGroups {
		name:t = "tl_base_02"
		tm:m = [[0.97939, 0.0, -0.201976] [0.0, 1.0, 0.0] [0.201976, 0.0, 0.97939] [-1205.52, 300.586, -6583.35]]
		unit_class:t = "dynHelipad_platform_octagon_a"
		objLayer:i = 1
		props {
			army:i = 2
			active:b = false
		}
	}
	objectGroups {
		name:t = "tl_base_03"
		tm:m = [[0.79782, 0.0, 0.602894] [0.0, 1.0, 0.0] [-0.602894, 0.0, 0.79782] [-761.102, 2271.91, -1228.13]]
		unit_class:t = "dynHelipad_platform_square_a"
		objLayer:i = 1
		props {
			army:i = 2
			active:b = false
		}
	}
	squad {
		name:t = "tl_t1_squad"
		tm:m = [[-1.0, 0.0, -5.96046e-8] [0.0, 1.0, 0.0] [5.96046e-8, 0.0, -1.0] [18221.2, 3.85034, -12866.4]]
		props {
			squad_members:t = "tl_base_01"
			squad_members:t = "tl_base_02"
			squad_members:t = "tl_base_03"
			squad_members:t = "tl_base_04"
			squad_members:t = "tl_base_05"
			squad_members:t = "tl_base_06"
			squad_members:t = "tl_base_07"
			squad_members:t = "tl_base_08"
			squad_members:t = "tl_base_09"
			squad_members:t = "tl_base_10"
			squad_members:t = "tl_base_11"
			squad_members:t = "tl_base_12"
			object_type:t = "isTeamA"
			object_marking:i = 0
		}
	}
	squad {
		name:t = "tl_t2_squad"
		tm:m = [[-1.0, 0.0, -5.96046e-8] [0.0, 1.0, 0.0] [5.96046e-8, 0.0, -1.0] [17428.8, 3.85034, -16506.2]]
		props {
			squad_members:t = "tl_base_01"
			squad_members:t = "tl_base_02"
			squad_members:t = "tl_base_03"
			squad_members:t = "tl_base_04"
			squad_members:t = "tl_base_05"
			squad_members:t = "tl_base_06"
			squad_members:t = "tl_base_07"
			squad_members:t = "tl_base_08"
			squad_members:t = "tl_base_09"
			squad_members:t = "tl_base_10"
			squad_members:t = "tl_base_11"
			squad_members:t = "tl_base_12"
			object_type:t = "isTeamB"
			object_marking:i = 0
		}
	}
}
areas {
	tl_battle_area {
		type:t = "Box"
		tm:m = [[28672.0, 0.0, 0.0] [0.0, 1200.0, 0.0] [0.0, 0.0, 28672.0] [-4096.0, 2555.05, -4096.0]]
		objLayer:i = 3
		props {

		}
	}
	tl_zone_01 {
		type:t = "Cylinder"
		tm:m = [[-12.8206, 0.0, -7.78667] [0.0, 100.0, 0.0] [7.78666, 0.0, -12.8206] [-367.215, 332.52, -11410.6]]
		objLayer:i = 0
		props {

		}
	}
	tl_zone_02 {
		type:t = "Cylinder"
		tm:m = [[14.6883, 0.0, -3.0418] [0.0, 100.0, 0.0] [3.04183, 0.0, 14.6883] [-1206.41, 300.58, -6583.02]]
		objLayer:i = 0
		props {

		}
	}
	tl_zone_03 {
		type:t = "Cylinder"
		tm:m = [[11.8663, 0.0, 9.17557] [0.0, 100.0, 0.0] [-9.17555, 0.0, 11.8663] [-762.293, 2271.88, -1227.93]]
		objLayer:i = 0
		props {

		}
	}
	tl_zone_04 {
		type:t = "Cylinder"
		tm:m = [[10.5324, 0.0, 10.6803] [0.0, 100.0, 0.0] [-10.6803, 0.0, 10.5324] [3901.08, 2329.07, 2196.82]]
		objLayer:i = 0
		props {

		}
	}
	tl_zone_05 {
		type:t = "Cylinder"
		tm:m = [[14.9354, 0.0, 1.39109] [0.0, 100.0, 0.0] [-1.39107, 0.0, 14.9354] [3653.18, 305.767, -9564.76]]
		objLayer:i = 0
		props {

		}
	}
	tl_zone_06 {
		type:t = "Cylinder"
		tm:m = [[14.9354, 0.0, 1.39109] [0.0, 100.0, 0.0] [-1.39107, 0.0, 14.9354] [3883.92, 1821.64, -17729.8]]
		objLayer:i = 0
		props {

		}
	}
	tl_zone_07 {
		type:t = "Cylinder"
		tm:m = [[11.4811, 0.0, -9.6532] [0.0, 100.0, 0.0] [9.65321, 0.0, 11.4811] [9070.2, 1970.93, -16313.8]]
		objLayer:i = 0
		props {

		}
	}
	tl_zone_08 {
		type:t = "Cylinder"
		tm:m = [[3.8733, 0.0, -14.4913] [0.0, 100.0, 0.0] [14.4913, 0.0, 3.87327] [8011.71, 376.334, -11249.4]]
		objLayer:i = 0
		props {

		}
	}
	tl_zone_09 {
		type:t = "Cylinder"
		tm:m = [[5.81695, 0.0, -13.8262] [0.0, 100.0, 0.0] [13.8262, 0.0, 5.81693] [9394.4, 2224.75, -1829.1]]
		objLayer:i = 0
		props {

		}
	}
	tl_zone_10 {
		type:t = "Cylinder"
		tm:m = [[-4.67912, 0.0, -14.2515] [0.0, 100.0, 0.0] [14.2515, 0.0, -4.67915] [-6389.87, 2408.24, 6826.9]]
		objLayer:i = 0
		props {

		}
	}
	tl_zone_11 {
		type:t = "Cylinder"
		tm:m = [[-4.67912, 0.0, -14.2515] [0.0, 100.0, 0.0] [14.2515, 0.0, -4.67915] [-6285.74, 2277.08, 2567.32]]
		objLayer:i = 0
		props {

		}
	}
	tl_zone_12 {
		type:t = "Cylinder"
		tm:m = [[-4.67912, 0.0, -14.2515] [0.0, 100.0, 0.0] [14.2515, 0.0, -4.67915] [-7062.78, 298.571, -8056.54]]
		objLayer:i = 0
		props {

		}
	}
}
objLayers {
	layer {
		enabled:b = true
	}
	layer {
		enabled:b = true
	}
	layer {
		enabled:b = true
	}
	layer {
		enabled:b = false
	}
}
wayPoints {

}