selected_tag:t = ""
bin_dump_file:t = ""
mission_settings {
	player {
		army:i = 1
		wing:t = "t1_player01"
		wing:t = "t1_player02"
		wing:t = "t1_player03"
		wing:t = "t1_player04"
		wing:t = "t1_player05"
		wing:t = "t1_player06"
		wing:t = "t1_player07"
		wing:t = "t1_player08"
		wing:t = "t1_player09"
		wing:t = "t1_player10"
		wing:t = "t1_player11"
		wing:t = "t1_player12"
		wing:t = "t1_player13"
		wing:t = "t1_player14"
		wing:t = "t1_player15"
		wing:t = "t1_player16"
	}
	player_teamB {
		army:i = 2
		wing:t = "t2_player01"
		wing:t = "t2_player02"
		wing:t = "t2_player03"
		wing:t = "t2_player04"
		wing:t = "t2_player05"
		wing:t = "t2_player06"
		wing:t = "t2_player07"
		wing:t = "t2_player08"
		wing:t = "t2_player09"
		wing:t = "t2_player10"
		wing:t = "t2_player11"
		wing:t = "t2_player12"
		wing:t = "t2_player13"
		wing:t = "t2_player14"
		wing:t = "t2_player15"
		wing:t = "t2_player16"
		wing:t = "t2_player17"
	}
	mission {
		level:t = "levels/avn_volcanic_island.bin"
		type:t = "domination"
		environment:t = "Day"
		weather:t = "hazy"
		locName:t = "missions/_NDom;volcanic_islands/name"
		locDesc:t = "volcanic_islands/desc;missions/_NDom/desc"
		scoreLimit:i = 10000
		timeLimit:i = 30
		deathPenaltyMul:r = 0.5
		ctaCaptureZoneEqualPenaltyMul:r = 0
		showTacticalMapCellSize:b = true
		country_axis:t = "germany"
		country_allies:t = "ussr"
		restoreType:t = "attempts"
		optionalTakeOff:b = true
		allowedUnitTypes {
			isAirplanesAllowed:b = true
			isTanksAllowed:b = false
			isShipsAllowed:b = true
			isHelicoptersAllowed:b = false
		}
	}
	spectator_points {

	}
	briefing {
		place_loc:t = ""
		date_loc:t = ""
		objective_loc:t = ""
		music:t = "action_01"
		part {
			event:t = ""
			minTime:i = 0
			slide {
				map:b = true
				minTime:i = 4
				picture:t = ""
				showAirMap:b = false
				icon {
					icontype:t = "ship"
					side:t = "ally"
					target:t = "briefing_t1_boatspawn01"
				}
				icon {
					icontype:t = "ship"
					side:t = "ally"
					target:t = "briefing_t1_boatspawn02"
				}
				icon {
					icontype:t = "destroyer"
					side:t = "ally"
					target:t = "briefing_t1_shipspawn01"
				}
				icon {
					icontype:t = "destroyer"
					side:t = "ally"
					target:t = "briefing_t1_shipspawn02"
				}
				icon {
					icontype:t = "destroyer"
					side:t = "ally"
					target:t = "briefing_t1_shipspawn03"
				}
				icon {
					icontype:t = "ship"
					side:t = "enemy"
					target:t = "briefing_t2_boatspawn01"
				}
				icon {
					icontype:t = "ship"
					side:t = "enemy"
					target:t = "briefing_t2_boatspawn02"
				}
				icon {
					icontype:t = "destroyer"
					side:t = "enemy"
					target:t = "briefing_t2_shipspawn01"
				}
				icon {
					icontype:t = "destroyer"
					side:t = "enemy"
					target:t = "briefing_t2_shipspawn02"
				}
				icon {
					icontype:t = "destroyer"
					side:t = "enemy"
					target:t = "briefing_t2_shipspawn03"
				}
				icon {
					icontype:t = "basezone_A"
					side:t = "neutral"
					target:t = "briefing_capture01"
				}
				icon {
					icontype:t = "basezone_B"
					side:t = "neutral"
					target:t = "briefing_capture02"
				}
				icon {
					icontype:t = "basezone_C"
					side:t = "neutral"
					target:t = "briefing_capture03"
				}
				battleArea {
					target:t = "briefing_battlearea"
				}
			}
		}
	}
}
imports {
	import_record {
		file:t = "gameData/missions/templates/navy_templates/ship_base_logic.blk"
		importAreas:b = true
		importUnits:b = true
		importTriggers:b = true
		importMissionObjectives:b = true
		importWayPoints:b = true
		showAreas:b = true
		showUnits:b = true
		showTriggers:b = true
		showMissionObjectives:b = true
		showWayPoints:b = true
		excludes {

		}
	}
	import_record {
		file:t = "gameData/missions/templates/navy_templates/ndom_template.blk"
		importAreas:b = true
		importUnits:b = true
		importTriggers:b = true
		importMissionObjectives:b = true
		importWayPoints:b = true
		showAreas:b = true
		showUnits:b = true
		showTriggers:b = true
		showMissionObjectives:b = true
		showWayPoints:b = true
		excludes {

		}
	}
	import_record {
		file:t = "gameData/missions/cta/ships/volcanic_island/template_volcanic_islands_air_spawn.blk"
		importAreas:b = true
		importUnits:b = true
		importTriggers:b = true
		importMissionObjectives:b = true
		importWayPoints:b = true
		showAreas:b = true
		showUnits:b = true
		showTriggers:b = true
		showMissionObjectives:b = true
		showWayPoints:b = true
		excludes {

		}
	}
	import_record {
		file:t = "gameData/missions/cta/ships/volcanic_island/spotareas/volcanic_islands_NDom_spotareas_template.blk"
		importAreas:b = true
		importUnits:b = true
		importTriggers:b = true
		importMissionObjectives:b = true
		importWayPoints:b = true
		showAreas:b = true
		showUnits:b = true
		showTriggers:b = true
		showMissionObjectives:b = true
		showWayPoints:b = true
		excludes {

		}
	}
}
triggers {
	isCategory:b = true
	is_enabled:b = true
}
mission_objectives {
	isCategory:b = true
	is_enabled:b = true
}
variables {

}
dialogs {

}
airfields {

}
effects {

}
units {
	armada {
		name:t = "t1_player01"
		tm:m = [[1.0, 0.0, 0.0] [0.0, 1.0, 0.0] [0.0, 0.0, 1.0] [-4764.84, 400.0, -3307.37]]
		unit_class:t = "a-20g"
		objLayer:i = 1
		closed_waypoints:b = false
		isShipSpline:b = false
		shipTurnRadius:r = 100
		weapons:t = ""
		bullets0:t = ""
		bullets1:t = ""
		bullets2:t = ""
		bullets3:t = ""
		bulletsCount0:i = 0
		bulletsCount1:i = 0
		bulletsCount2:i = 0
		bulletsCount3:i = 0
		crewSkillK:r = 0
		applyAllMods:b = false
		props {
			army:i = 2
			count:i = 1
			free_distance:r = 70
			floating_distance:r = 50
			minimum_distance_to_earth:r = 20
			altLimit:r = 6000
			attack_type:t = "fire_at_will"
			skill:i = 4
			plane {
				wing_formation:t = "Diamond"
				row_distances:r = 3
				col_distances:r = 3
				super_formation:t = "Diamond"
				super_row_distances:r = 1.5
				super_col_distances:r = 1.5
				ai_skill:t = "NORMAL"
				task:t = "FLY_WAYPOINT"
			}
		}
		way {

		}
	}
}
areas {
	briefing_capture02 {
		type:t = "Point"
		tm:m = [[-0.0436193, 0.0, 0.999048] [0.0, 1.0, 0.0] [-0.999048, 0.0, -0.0436193] [-0.439941, 0.000488281, 1.55005]]
		objLayer:i = 0
		props {

		}
	}
	briefing_capture01 {
		type:t = "Point"
		tm:m = [[-0.0436193, 0.0, 0.999048] [0.0, 1.0, 0.0] [-0.999048, 0.0, -0.0436193] [-2053.53, 0.0, 1839.02]]
		objLayer:i = 0
		props {

		}
	}
	briefing_capture03 {
		type:t = "Point"
		tm:m = [[-0.0436193, 0.0, 0.999048] [0.0, 1.0, 0.0] [-0.999048, 0.0, -0.0436193] [2083.18, 0.0, -1868.87]]
		objLayer:i = 0
		props {

		}
	}
	briefing_battlearea {
		type:t = "Box"
		tm:m = [[12288.0, 0.0, 0.0] [0.0, 700.0, 0.0] [0.0, 0.0, 12288.0] [0.0, 0.0, 0.0]]
		objLayer:i = 3
		props {

		}
	}
	briefing_t1_boatspawn01 {
		type:t = "Point"
		tm:m = [[0.99612, 0.0, 0.0880083] [0.0, 1.0, 0.0] [-0.0880083, 0.0, 0.99612] [-514.393, 265.522, -1528.32]]
		objLayer:i = 0
		props {

		}
	}
	briefing_t1_boatspawn02 {
		type:t = "Point"
		tm:m = [[0.918182, 0.0, -0.39616] [0.0, 1.0, 0.0] [0.39616, 0.0, 0.918182] [-1565.95, 210.222, -698.864]]
		objLayer:i = 0
		props {

		}
	}
	briefing_t2_boatspawn01 {
		type:t = "Point"
		tm:m = [[-0.644407, 0.0, 0.764683] [0.0, 1.0, 0.0] [-0.764683, 0.0, -0.644407] [1653.67, 133.985, 478.909]]
		objLayer:i = 0
		props {

		}
	}
	briefing_t2_boatspawn02 {
		type:t = "Point"
		tm:m = [[-0.767372, 0.0, -0.641202] [0.0, 1.0, 0.0] [0.641202, 0.0, -0.767372] [337.408, 110.982, 1627.13]]
		objLayer:i = 0
		props {

		}
	}
	briefing_t2_shipspawn01 {
		type:t = "Point"
		tm:m = [[-0.644407, 0.0, 0.764683] [0.0, 1.0, 0.0] [-0.764683, 0.0, -0.644407] [599.632, 110.982, 4975.33]]
		objLayer:i = 0
		props {

		}
	}
	briefing_t2_shipspawn02 {
		type:t = "Point"
		tm:m = [[-0.644407, 0.0, 0.764683] [0.0, 1.0, 0.0] [-0.764683, 0.0, -0.644407] [4438.61, 110.981, 759.527]]
		objLayer:i = 0
		props {

		}
	}
	briefing_t1_shipspawn01 {
		type:t = "Point"
		tm:m = [[-0.644407, 0.0, 0.764683] [0.0, 1.0, 0.0] [-0.764683, 0.0, -0.644407] [-139.049, 110.982, -4476.31]]
		objLayer:i = 0
		props {

		}
	}
	briefing_t1_shipspawn02 {
		type:t = "Point"
		tm:m = [[-0.644407, 0.0, 0.764683] [0.0, 1.0, 0.0] [-0.764683, 0.0, -0.644407] [-4973.22, 110.98, -644.043]]
		objLayer:i = 0
		props {

		}
	}
	briefing_t1_shipspawn03 {
		type:t = "Point"
		tm:m = [[-0.644407, 0.0, 0.764683] [0.0, 1.0, 0.0] [-0.764683, 0.0, -0.644407] [-2360.42, 110.983, -3024.11]]
		objLayer:i = 0
		props {

		}
	}
	briefing_t2_shipspawn03 {
		type:t = "Point"
		tm:m = [[-0.644407, 0.0, 0.764683] [0.0, 1.0, 0.0] [-0.764683, 0.0, -0.644407] [3250.46, 110.982, 2762.69]]
		objLayer:i = 0
		props {

		}
	}
}
objLayers {
	layer {
		enabled:b = true
	}
	layer {
		enabled:b = true
	}
	layer {
		enabled:b = true
	}
	layer {
		enabled:b = true
	}
}
wayPoints {

}