selected_tag:t = ""
bin_dump_file:t = ""
mission_settings {
	player {
		army:i = 1
		wing:t = ""
	}
	player_teamB {
		army:i = 2
		wing:t = ""
	}
	mission {
		level:t = "levels/berlin.bin"
		type:t = "domination"
		environment:t = "Day"
		weather:t = "hazy"
		deathPenaltyMulRounds:r = 0
		stars {
			latitude:r = 52.5
			longitude:r = 13
			year:i = 1945
			month:i = 4
			day:i = 2
		}
	}
	spectator_points {

	}
}
imports {
	import_record {
		file:t = "gameData/missions/templates/air_templates/gs/assaults_gs_template.blk"
		importAreas:b = true
		importUnits:b = true
		importTriggers:b = true
		importMissionObjectives:b = true
		importWayPoints:b = true
		showAreas:b = true
		showUnits:b = true
		showTriggers:b = true
		showMissionObjectives:b = true
		showWayPoints:b = true
		excludes {

		}
	}
}
triggers {
	isCategory:b = true
	is_enabled:b = true
}
mission_objectives {
	isCategory:b = true
	is_enabled:b = true
}
variables {
	ai_assaults_saved:i = 0
	ft_helicopters_pad_exclusive:b = false
}
dialogs {

}
airfields {

}
effects {

}
units {

}
areas {
	at_area {
		type:t = "Sphere"
		tm:m = [[-2778.38, 0.0, -15757.0] [0.0, 16000.0, 0.0] [15757.0, 0.0, -2778.38] [4000.0, 600.0, 12000.0]]
		objLayer:i = 0
		props {

		}
	}
	at_t2_spawn_01_01 {
		type:t = "Point"
		tm:m = [[0.980614, 0.0, -0.195953] [0.0, 1.0, 0.0] [0.195953, 0.0, 0.980614] [-3965.3, 600.0, 11291.9]]
		objLayer:i = 0
		props {

		}
	}
	at_t1_spawn_01_01 {
		type:t = "Point"
		tm:m = [[-0.980614, 0.0, 0.195953] [0.0, 1.0, 0.0] [-0.195953, 0.0, -0.980614] [11254.8, 599.99, 8604.49]]
		objLayer:i = 0
		props {

		}
	}
	at_t2_spawn_01_02 {
		type:t = "Point"
		tm:m = [[0.980614, 0.0, -0.195953] [0.0, 1.0, 0.0] [0.195953, 0.0, 0.980614] [-3251.23, 600.0, 15377.4]]
		objLayer:i = 0
		props {

		}
	}
	at_t1_spawn_01_02 {
		type:t = "Point"
		tm:m = [[-0.980614, 0.0, 0.195953] [0.0, 1.0, 0.0] [-0.195953, 0.0, -0.980614] [11969.6, 599.991, 12697.2]]
		objLayer:i = 0
		props {

		}
	}
	at_t2_spawn_02_01 {
		type:t = "Point"
		tm:m = [[0.980614, 0.0, -0.195953] [0.0, 1.0, 0.0] [0.195953, 0.0, 0.980614] [-3509.59, 600.0, 9263.82]]
		objLayer:i = 0
		props {

		}
	}
	at_t2_spawn_02_02 {
		type:t = "Point"
		tm:m = [[0.980614, 0.0, -0.195953] [0.0, 1.0, 0.0] [0.195953, 0.0, 0.980614] [-2116.47, 600.003, 17232.1]]
		objLayer:i = 0
		props {

		}
	}
	at_t1_spawn_02_01 {
		type:t = "Point"
		tm:m = [[-0.980614, 0.0, 0.195953] [0.0, 1.0, 0.0] [-0.195953, 0.0, -0.980614] [10256.1, 599.99, 6923.5]]
		objLayer:i = 0
		props {

		}
	}
	at_t1_spawn_02_02 {
		type:t = "Point"
		tm:m = [[-0.980614, 0.0, 0.195953] [0.0, 1.0, 0.0] [-0.195953, 0.0, -0.980614] [11517.3, 599.987, 15046.6]]
		objLayer:i = 0
		props {

		}
	}
}
objLayers {

}
wayPoints {

}