selected_tag:t = ""
bin_dump_file:t = ""
mission_settings {
	player {
		army:i = 1
	}
	player_teamB {
		army:i = 2
	}
	mission {
		level:t = "levels/spain.bin"
		type:t = "domination"
		environment:t = "Day"
		weather:t = "clear"
	}
}
imports {

}
triggers {
	isCategory:b = true
	is_enabled:b = true
	airfileds_mid_init {
		is_enabled:b = true
		comments:t = ""
		props {
			actionsType:t = "PERFORM_ONE_BY_ONE"
			conditionsType:t = "ALL"
			enableAfterComplete:b = false
		}
		events {
			initMission {

			}
		}
		conditions {

		}
		actions {
			unitSetProperties {
				object:t = "t2_def_aaa_mid_squad"
				object:t = "t1_def_aaa_mid_squad"
				object_marking:i = 0
				object_var_name:t = ""
				object_var_comp_op:t = "equal"
				object_var_value:i = 0
				accuracy:r = 0.9
				checkVisibilityTarget:b = true
				effShootingRate:r = 1
				airEffShootingRate:r = 1
				useSearchRadar:b = true
				fireRandom:b = true
				targetChangeInterval:r = 5
				targetChangeProb:r = 0.25
			}
		}
		else_actions {

		}
	}
}
mission_objectives {
	isCategory:b = true
	is_enabled:b = true
}
variables {

}
dialogs {

}
airfields {

}
effects {

}
units {
	objectGroups {
		name:t = "t1_airfield_mid"
		tm:m = [[0.833159, 0.0, 0.553033] [0.0, 1.0, 0.0] [-0.553033, 0.0, 0.833159] [6775.61, 719.18, 18069.3]]
		unit_class:t = "dynaf_pg_1line_ground"
		objLayer:i = 2
		props {
			army:i = 1
			active:b = true
		}
	}
	objectGroups {
		name:t = "t2_airfield_mid"
		tm:m = [[-0.49429, 0.0, -0.869297] [0.0, 1.0, 0.0] [0.869297, 0.0, -0.49429] [-19035.9, 743.714, -14025.9]]
		unit_class:t = "dynaf_pg_1line_ground"
		objLayer:i = 2
		props {
			army:i = 2
			active:b = true
		}
	}
	air_defence {
		name:t = "t1_aaa_mid_light_01"
		tm:m = [[0.755703, 0.0, 0.654912] [0.0, 1.0, 0.0] [-0.654912, 0.0, 0.755703] [7886.83, 778.03, 18188.3]]
		unit_class:t = "uk_40mm_bofors_airfield"
		objLayer:i = 1
		closed_waypoints:b = false
		isShipSpline:b = false
		shipTurnRadius:r = 100
		weapons:t = ""
		bullets0:t = ""
		bullets1:t = ""
		bullets2:t = ""
		bullets3:t = ""
		bulletsCount0:i = 0
		bulletsCount1:i = 0
		bulletsCount2:i = 0
		bulletsCount3:i = 0
		crewSkillK:r = 0
		applyAllMods:b = false
		props {
			army:i = 1
			count:i = 1
			formation_type:t = "rows"
			formation_div:i = 3
			formation_step:p2 = 2.5, 2
			formation_noise:p2 = 0.1, 0.1
			uniqueName:t = ""
			attack_type:t = "fire_at_will"
		}
		way {

		}
	}
	air_defence {
		name:t = "t1_aaa_mid_heavy_01"
		tm:m = [[0.755703, 0.0, 0.654912] [0.0, 1.0, 0.0] [-0.654912, 0.0, 0.755703] [6517.72, 761.87, 18682.6]]
		unit_class:t = "us_90mm_m1"
		objLayer:i = 1
		closed_waypoints:b = false
		isShipSpline:b = false
		shipTurnRadius:r = 100
		weapons:t = ""
		bullets0:t = ""
		bullets1:t = ""
		bullets2:t = ""
		bullets3:t = ""
		bulletsCount0:i = 0
		bulletsCount1:i = 0
		bulletsCount2:i = 0
		bulletsCount3:i = 0
		crewSkillK:r = 0
		applyAllMods:b = false
		props {
			army:i = 1
			count:i = 1
			formation_type:t = "rows"
			formation_div:i = 3
			formation_step:p2 = 2.5, 2
			formation_noise:p2 = 0.1, 0.1
			uniqueName:t = ""
			attack_type:t = "fire_at_will"
		}
		way {

		}
	}
	air_defence {
		name:t = "t1_aaa_mid_light_02"
		tm:m = [[-0.726416, 0.0, -0.687254] [0.0, 1.0, 0.0] [0.687254, 0.0, -0.726416] [6287.76, 775.85, 18676.5]]
		unit_class:t = "uk_40mm_bofors_airfield"
		objLayer:i = 1
		closed_waypoints:b = false
		isShipSpline:b = false
		shipTurnRadius:r = 100
		weapons:t = ""
		bullets0:t = ""
		bullets1:t = ""
		bullets2:t = ""
		bullets3:t = ""
		bulletsCount0:i = 0
		bulletsCount1:i = 0
		bulletsCount2:i = 0
		bulletsCount3:i = 0
		crewSkillK:r = 0
		applyAllMods:b = false
		props {
			army:i = 1
			count:i = 1
			formation_type:t = "rows"
			formation_div:i = 3
			formation_step:p2 = 2.5, 2
			formation_noise:p2 = 0.1, 0.1
			uniqueName:t = ""
			attack_type:t = "fire_at_will"
		}
		way {

		}
	}
	air_defence {
		name:t = "t1_aaa_mid_light_03"
		tm:m = [[0.755703, 0.0, 0.654912] [0.0, 1.0, 0.0] [-0.654912, 0.0, 0.755703] [6280.58, 779.69, 16960.7]]
		unit_class:t = "uk_40mm_bofors_airfield"
		objLayer:i = 1
		closed_waypoints:b = false
		isShipSpline:b = false
		shipTurnRadius:r = 100
		weapons:t = ""
		bullets0:t = ""
		bullets1:t = ""
		bullets2:t = ""
		bullets3:t = ""
		bulletsCount0:i = 0
		bulletsCount1:i = 0
		bulletsCount2:i = 0
		bulletsCount3:i = 0
		crewSkillK:r = 0
		applyAllMods:b = false
		props {
			army:i = 1
			count:i = 1
			formation_type:t = "rows"
			formation_div:i = 3
			formation_step:p2 = 2.5, 2
			formation_noise:p2 = 0.1, 0.1
			uniqueName:t = ""
			attack_type:t = "fire_at_will"
		}
		way {

		}
	}
	air_defence {
		name:t = "t1_aaa_mid_light_04"
		tm:m = [[-0.596039, 0.0, -0.802954] [0.0, 1.0, 0.0] [0.802954, 0.0, -0.596039] [5730.09, 779.28, 18252.4]]
		unit_class:t = "uk_40mm_bofors_airfield"
		objLayer:i = 1
		closed_waypoints:b = false
		isShipSpline:b = false
		shipTurnRadius:r = 100
		weapons:t = ""
		bullets0:t = ""
		bullets1:t = ""
		bullets2:t = ""
		bullets3:t = ""
		bulletsCount0:i = 0
		bulletsCount1:i = 0
		bulletsCount2:i = 0
		bulletsCount3:i = 0
		crewSkillK:r = 0
		applyAllMods:b = false
		props {
			army:i = 1
			count:i = 1
			formation_type:t = "rows"
			formation_div:i = 3
			formation_step:p2 = 2.5, 2
			formation_noise:p2 = 0.1, 0.1
			uniqueName:t = ""
			attack_type:t = "fire_at_will"
		}
		way {

		}
	}
	air_defence {
		name:t = "t1_aaa_mid_heavy_02"
		tm:m = [[-0.726416, 0.0, -0.687254] [0.0, 1.0, 0.0] [0.687254, 0.0, -0.726416] [7079.17, 780.05, 17736.7]]
		unit_class:t = "us_90mm_m1"
		objLayer:i = 1
		closed_waypoints:b = false
		isShipSpline:b = false
		shipTurnRadius:r = 100
		weapons:t = ""
		bullets0:t = ""
		bullets1:t = ""
		bullets2:t = ""
		bullets3:t = ""
		bulletsCount0:i = 0
		bulletsCount1:i = 0
		bulletsCount2:i = 0
		bulletsCount3:i = 0
		crewSkillK:r = 0
		applyAllMods:b = false
		props {
			army:i = 1
			count:i = 1
			formation_type:t = "rows"
			formation_div:i = 3
			formation_step:p2 = 2.5, 2
			formation_noise:p2 = 0.1, 0.1
			uniqueName:t = ""
			attack_type:t = "fire_at_will"
		}
		way {

		}
	}
	squad {
		name:t = "t1_def_aaa_mid_squad"
		tm:m = [[-0.467449, 0.0, -0.88402] [0.0, 1.0, 0.0] [0.88402, 0.0, -0.467449] [-40738.5, 2833.68, 32003.8]]
		props {
			squad_members:t = "t1_aaa_mid_light_01"
			squad_members:t = "t1_aaa_mid_light_02"
			squad_members:t = "t1_aaa_mid_light_03"
			squad_members:t = "t1_aaa_mid_light_04"
			squad_members:t = "t1_aaa_mid_heavy_01"
			squad_members:t = "t1_aaa_mid_heavy_02"
			object_marking:i = 0
		}
	}
	air_defence {
		name:t = "t2_aaa_mid_light_01"
		tm:m = [[0.790767, 0.0, 0.612115] [0.0, 1.0, 0.0] [-0.612115, 0.0, 0.790767] [-19740.9, 787.564, -14442.6]]
		unit_class:t = "uk_40mm_bofors_airfield"
		objLayer:i = 1
		closed_waypoints:b = false
		isShipSpline:b = false
		shipTurnRadius:r = 100
		weapons:t = ""
		bullets0:t = ""
		bullets1:t = ""
		bullets2:t = ""
		bullets3:t = ""
		bulletsCount0:i = 0
		bulletsCount1:i = 0
		bulletsCount2:i = 0
		bulletsCount3:i = 0
		crewSkillK:r = 0
		applyAllMods:b = false
		props {
			army:i = 2
			count:i = 1
			formation_type:t = "rows"
			formation_div:i = 3
			formation_step:p2 = 2.5, 2
			formation_noise:p2 = 0.1, 0.1
			uniqueName:t = ""
			attack_type:t = "fire_at_will"
		}
		way {

		}
	}
	air_defence {
		name:t = "t2_aaa_mid_heavy_01"
		tm:m = [[0.790767, 0.0, 0.612115] [0.0, 1.0, 0.0] [-0.612115, 0.0, 0.790767] [-19202.7, 788.374, -15032.5]]
		unit_class:t = "us_90mm_m1"
		objLayer:i = 1
		closed_waypoints:b = false
		isShipSpline:b = false
		shipTurnRadius:r = 100
		weapons:t = ""
		bullets0:t = ""
		bullets1:t = ""
		bullets2:t = ""
		bullets3:t = ""
		bulletsCount0:i = 0
		bulletsCount1:i = 0
		bulletsCount2:i = 0
		bulletsCount3:i = 0
		crewSkillK:r = 0
		applyAllMods:b = false
		props {
			army:i = 2
			count:i = 1
			formation_type:t = "rows"
			formation_div:i = 3
			formation_step:p2 = 2.5, 2
			formation_noise:p2 = 0.1, 0.1
			uniqueName:t = ""
			attack_type:t = "fire_at_will"
		}
		way {

		}
	}
	air_defence {
		name:t = "t2_aaa_mid_light_02"
		tm:m = [[-0.816715, 0.0, -0.577038] [0.0, 1.0, 0.0] [0.577038, 0.0, -0.816715] [-18695.7, 788.494, -14220.4]]
		unit_class:t = "uk_40mm_bofors_airfield"
		objLayer:i = 1
		closed_waypoints:b = false
		isShipSpline:b = false
		shipTurnRadius:r = 100
		weapons:t = ""
		bullets0:t = ""
		bullets1:t = ""
		bullets2:t = ""
		bullets3:t = ""
		bulletsCount0:i = 0
		bulletsCount1:i = 0
		bulletsCount2:i = 0
		bulletsCount3:i = 0
		crewSkillK:r = 0
		applyAllMods:b = false
		props {
			army:i = 2
			count:i = 1
			formation_type:t = "rows"
			formation_div:i = 3
			formation_step:p2 = 2.5, 2
			formation_noise:p2 = 0.1, 0.1
			uniqueName:t = ""
			attack_type:t = "fire_at_will"
		}
		way {

		}
	}
	air_defence {
		name:t = "t2_aaa_mid_light_03"
		tm:m = [[0.790767, 0.0, 0.612115] [0.0, 1.0, 0.0] [-0.612115, 0.0, 0.790767] [-19043.7, 787.704, -13124.4]]
		unit_class:t = "uk_40mm_bofors_airfield"
		objLayer:i = 1
		closed_waypoints:b = false
		isShipSpline:b = false
		shipTurnRadius:r = 100
		weapons:t = ""
		bullets0:t = ""
		bullets1:t = ""
		bullets2:t = ""
		bullets3:t = ""
		bulletsCount0:i = 0
		bulletsCount1:i = 0
		bulletsCount2:i = 0
		bulletsCount3:i = 0
		crewSkillK:r = 0
		applyAllMods:b = false
		props {
			army:i = 2
			count:i = 1
			formation_type:t = "rows"
			formation_div:i = 3
			formation_step:p2 = 2.5, 2
			formation_noise:p2 = 0.1, 0.1
			uniqueName:t = ""
			attack_type:t = "fire_at_will"
		}
		way {

		}
	}
	air_defence {
		name:t = "t2_aaa_mid_light_04"
		tm:m = [[-0.763316, 0.0, -0.646027] [0.0, 1.0, 0.0] [0.646027, 0.0, -0.763316] [-18355.4, 788.944, -13547.2]]
		unit_class:t = "uk_40mm_bofors_airfield"
		objLayer:i = 1
		closed_waypoints:b = false
		isShipSpline:b = false
		shipTurnRadius:r = 100
		weapons:t = ""
		bullets0:t = ""
		bullets1:t = ""
		bullets2:t = ""
		bullets3:t = ""
		bulletsCount0:i = 0
		bulletsCount1:i = 0
		bulletsCount2:i = 0
		bulletsCount3:i = 0
		crewSkillK:r = 0
		applyAllMods:b = false
		props {
			army:i = 2
			count:i = 1
			formation_type:t = "rows"
			formation_div:i = 3
			formation_step:p2 = 2.5, 2
			formation_noise:p2 = 0.1, 0.1
			uniqueName:t = ""
			attack_type:t = "fire_at_will"
		}
		way {

		}
	}
	air_defence {
		name:t = "t2_aaa_mid_heavy_02"
		tm:m = [[-0.816715, 0.0, -0.577038] [0.0, 1.0, 0.0] [0.577038, 0.0, -0.816715] [-19337.9, 786.944, -13692.6]]
		unit_class:t = "us_90mm_m1"
		objLayer:i = 1
		closed_waypoints:b = false
		isShipSpline:b = false
		shipTurnRadius:r = 100
		weapons:t = ""
		bullets0:t = ""
		bullets1:t = ""
		bullets2:t = ""
		bullets3:t = ""
		bulletsCount0:i = 0
		bulletsCount1:i = 0
		bulletsCount2:i = 0
		bulletsCount3:i = 0
		crewSkillK:r = 0
		applyAllMods:b = false
		props {
			army:i = 2
			count:i = 1
			formation_type:t = "rows"
			formation_div:i = 3
			formation_step:p2 = 2.5, 2
			formation_noise:p2 = 0.1, 0.1
			uniqueName:t = ""
			attack_type:t = "fire_at_will"
		}
		way {

		}
	}
	squad {
		name:t = "t2_def_aaa_mid_squad"
		tm:m = [[0.886658, 0.0, 0.462427] [0.0, 1.0, 0.0] [-0.462427, 0.0, 0.886658] [-17085.3, 877.91, -36732.1]]
		props {
			squad_members:t = "t2_aaa_mid_light_01"
			squad_members:t = "t2_aaa_mid_light_02"
			squad_members:t = "t2_aaa_mid_light_03"
			squad_members:t = "t2_aaa_mid_light_04"
			squad_members:t = "t2_aaa_mid_heavy_01"
			squad_members:t = "t2_aaa_mid_heavy_02"
			object_marking:i = 0
		}
	}
	objectGroups {
		name:t = "t1_airfield_mid_reload"
		tm:m = [[0.833159, 0.0, 0.553033] [0.0, 1.0, 0.0] [-0.553033, 0.0, 0.833159] [-8422.95, 458.312, 28346.9]]
		unit_class:t = "dynaf_pg_1line_ground"
		objLayer:i = 2
		props {
			army:i = 1
			active:b = true
		}
	}
	objectGroups {
		name:t = "t2_airfield_mid_reload"
		tm:m = [[-0.49429, 0.0, -0.869297] [0.0, 1.0, 0.0] [0.869297, 0.0, -0.49429] [-30968.2, 550.47, 12289.9]]
		unit_class:t = "dynaf_pg_1line_ground"
		objLayer:i = 2
		props {
			army:i = 2
			active:b = true
		}
	}
}
areas {
	t1_interceptor_area_mid {
		type:t = "Sphere"
		tm:m = [[5439.39, 0.0, -2532.41] [0.0, 6000.0, 0.0] [2532.41, 0.0, 5439.39] [6567.98, 1500.0, 18674.4]]
		props {

		}
	}
	t1_assault_mid_spawn {
		type:t = "Sphere"
		tm:m = [[-138.362, 0.0, -266.187] [0.0, 300.0, 0.0] [266.187, 0.0, -138.362] [4458.38, 1500.0, 14141.7]]
		props {

		}
	}
	t1_aaa_fighter_area_mid {
		type:t = "Sphere"
		tm:m = [[3626.27, 0.0, -1688.28] [0.0, 4000.0, 0.0] [1688.28, 0.0, 3626.27] [6567.78, 2500.0, 18674.3]]
		props {

		}
	}
	t1_assault_area_mid {
		type:t = "Sphere"
		tm:m = [[9065.65, 0.0, -4220.69] [0.0, 10000.0, 0.0] [4220.69, 0.0, 9065.65] [6567.78, 1500.0, 18674.3]]
		props {

		}
	}
	t1_interceptor_mid_spawn {
		type:t = "Sphere"
		tm:m = [[-138.362, 0.0, -266.187] [0.0, 300.0, 0.0] [266.187, 0.0, -138.362] [7825.89, 1500.0, 21376.9]]
		props {

		}
	}
	t1_aaa_fighter_mid_spawn {
		type:t = "Sphere"
		tm:m = [[-138.362, 0.0, -266.187] [0.0, 300.0, 0.0] [266.187, 0.0, -138.362] [7408.98, 2500.0, 20481.4]]
		props {

		}
	}
	t1_far_bomber_mid_spawn {
		type:t = "Sphere"
		tm:m = [[-138.362, 0.0, -266.187] [0.0, 300.0, 0.0] [266.187, 0.0, -138.362] [16276.2, 5000.0, 30958.3]]
		props {

		}
	}
	t1_main_bomber_mid_spawn {
		type:t = "Sphere"
		tm:m = [[-138.362, 0.0, -266.187] [0.0, 300.0, 0.0] [266.187, 0.0, -138.362] [5512.78, 4000.0, 16408.3]]
		props {

		}
	}
	t1_far_bomber_area_mid {
		type:t = "Sphere"
		tm:m = [[3626.27, 0.0, -1688.28] [0.0, 4000.0, 0.0] [1688.28, 0.0, 3626.27] [6567.78, 5000.0, 18674.3]]
		props {

		}
	}
	t1_main_bomber_area_mid {
		type:t = "Sphere"
		tm:m = [[4532.82, 0.0, -2110.34] [0.0, 5000.0, 0.0] [2110.34, 0.0, 4532.82] [6567.78, 4000.0, 18674.3]]
		props {

		}
	}
	t2_interceptor_area_mid {
		type:t = "Sphere"
		tm:m = [[-4474.12, 0.0, 3997.78] [0.0, 6000.0, 0.0] [-3997.78, 0.0, -4474.12] [-18815.1, 1500.0, -14094.2]]
		props {

		}
	}
	t2_assault_mid_spawn {
		type:t = "Sphere"
		tm:m = [[209.455, 0.0, 214.774] [0.0, 300.0, 0.0] [-214.774, 0.0, 209.455] [-15482.8, 1500.0, -10365.2]]
		props {

		}
	}
	t2_aaa_fighter_area_mid {
		type:t = "Sphere"
		tm:m = [[-2982.78, 0.0, 2665.19] [0.0, 4000.0, 0.0] [-2665.19, 0.0, -2982.78] [-18815.1, 2500.0, -14094.2]]
		props {

		}
	}
	t2_assault_area_mid {
		type:t = "Sphere"
		tm:m = [[-7456.88, 0.0, 6662.94] [0.0, 10000.0, 0.0] [-6662.94, 0.0, -7456.88] [-18815.1, 1500.0, -14094.2]]
		props {

		}
	}
	t2_interceptor_mid_spawn {
		type:t = "Sphere"
		tm:m = [[209.455, 0.0, 214.774] [0.0, 300.0, 0.0] [-214.774, 0.0, 209.455] [-20800.9, 1500.0, -16317.1]]
		props {

		}
	}
	t2_aaa_fighter_mid_spawn {
		type:t = "Sphere"
		tm:m = [[209.455, 0.0, 214.774] [0.0, 300.0, 0.0] [-214.774, 0.0, 209.455] [-20142.7, 2500.0, -15580.6]]
		props {

		}
	}
	t2_far_bomber_mid_spawn {
		type:t = "Sphere"
		tm:m = [[209.455, 0.0, 214.774] [0.0, 300.0, 0.0] [-214.774, 0.0, 209.455] [-17482.8, 5000.0, -12603.8]]
		props {

		}
	}
	t2_main_bomber_mid_spawn {
		type:t = "Sphere"
		tm:m = [[209.455, 0.0, 214.774] [0.0, 300.0, 0.0] [-214.774, 0.0, 209.455] [-17149.1, 4000.0, -12230.3]]
		props {

		}
	}
	t2_far_bomber_area_mid {
		type:t = "Sphere"
		tm:m = [[-2982.78, 0.0, 2665.19] [0.0, 4000.0, 0.0] [-2665.19, 0.0, -2982.78] [-18815.1, 5000.0, -14094.2]]
		props {

		}
	}
	t2_main_bomber_area_mid {
		type:t = "Sphere"
		tm:m = [[-3728.43, 0.0, 3331.46] [0.0, 5000.0, 0.0] [-3331.46, 0.0, -3728.43] [-18815.1, 4000.0, -14094.2]]
		props {

		}
	}
	t2_common_fighters_mid_spawn {
		type:t = "Sphere"
		tm:m = [[209.455, 0.0, 214.774] [0.0, 300.0, 0.0] [-214.774, 0.0, 209.455] [-20800.9, 1000.0, -16317.1]]
		props {

		}
	}
	t1_common_fighters_mid_spawn {
		type:t = "Sphere"
		tm:m = [[-138.362, 0.0, -266.187] [0.0, 300.0, 0.0] [266.187, 0.0, -138.362] [7825.89, 1000.0, 21376.9]]
		props {

		}
	}
	airfield_mid_area_20km {
		type:t = "Box"
		tm:m = [[107480.0, 0.0, -107480.0] [0.0, 4812.81, 0.0] [28284.3, 0.0, 28284.3] [-5510.98, 530.633, 6481.16]]
		objLayer:i = 3
		props {

		}
	}
	airfield_mid_reload_area_12km {
		type:t = "Box"
		tm:m = [[107480.0, 0.0, -107480.0] [0.0, 4812.81, 0.0] [16970.6, 0.0, 16970.6] [-5510.98, 530.633, 6481.16]]
		objLayer:i = 3
		props {

		}
	}
}
objLayers {
	layer {
		enabled:b = true
	}
	layer {
		enabled:b = true
	}
	layer {
		enabled:b = true
	}
	layer {
		enabled:b = false
	}
	layer {
		enabled:b = false
	}
}
wayPoints {

}