selected_tag:t = ""
bin_dump_file:t = ""
mission_settings {
	player {
		army:i = 1
		wing:t = ""
	}
	player_teamB {
		army:i = 2
		wing:t = ""
	}
	mission {
		level:t = "levels/berlin.bin"
		type:t = "domination"
		environment:t = "Day"
		weather:t = "hazy"
		deathPenaltyMulRounds:r = 0
		stars {
			latitude:r = 52.5
			longitude:r = 13
			year:i = 1945
			month:i = 4
			day:i = 2
		}
	}
	spectator_points {

	}
}
imports {
	import_record {
		file:t = "gameData/missions/templates/air_templates/gs/assaults_gs_template.blk"
		importAreas:b = true
		importUnits:b = true
		importTriggers:b = true
		importMissionObjectives:b = true
		importWayPoints:b = true
		showAreas:b = true
		showUnits:b = true
		showTriggers:b = true
		showMissionObjectives:b = true
		showWayPoints:b = true
		excludes {

		}
	}
}
triggers {
	isCategory:b = true
	is_enabled:b = true
}
mission_objectives {
	isCategory:b = true
	is_enabled:b = true
}
variables {
	ai_assaults_saved:i = 0
	ft_helicopters_pad_exclusive:b = false
}
dialogs {

}
airfields {

}
effects {

}
units {

}
areas {
	at_area {
		type:t = "Sphere"
		tm:m = [[13340.5, 0.0, -8833.55] [0.0, 16000.0, 0.0] [8833.55, 0.0, 13340.5] [-13000.0, 500.006, -500.0]]
		objLayer:i = 0
		props {

		}
	}
	at_t2_spawn_01_01 {
		type:t = "Point"
		tm:m = [[0.570876, 0.0, 0.821038] [0.0, 1.0, 0.0] [-0.821038, 0.0, 0.570876] [-15528.2, 500.006, -8086.53]]
		objLayer:i = 0
		props {

		}
	}
	at_t1_spawn_01_01 {
		type:t = "Point"
		tm:m = [[-0.570876, 0.0, -0.821038] [0.0, 1.0, 0.0] [0.821038, 0.0, -0.570876] [-6992.27, 499.996, 4797.98]]
		objLayer:i = 0
		props {

		}
	}
	at_t2_spawn_01_02 {
		type:t = "Point"
		tm:m = [[0.570876, 0.0, 0.821038] [0.0, 1.0, 0.0] [-0.821038, 0.0, 0.570876] [-18989.8, 500.006, -5801.93]]
		objLayer:i = 0
		props {

		}
	}
	at_t1_spawn_01_02 {
		type:t = "Point"
		tm:m = [[-0.570876, 0.0, -0.821038] [0.0, 1.0, 0.0] [0.821038, 0.0, -0.570876] [-10460.1, 499.997, 7086.06]]
		objLayer:i = 0
		props {

		}
	}
	at_t1_spawn_02_01 {
		type:t = "Point"
		tm:m = [[-0.570876, 0.0, -0.821038] [0.0, 1.0, 0.0] [0.821038, 0.0, -0.570876] [-12448.0, 499.997, 7477.96]]
		objLayer:i = 0
		props {

		}
	}
	at_t1_spawn_02_02 {
		type:t = "Point"
		tm:m = [[-0.570876, 0.0, -0.821038] [0.0, 1.0, 0.0] [0.821038, 0.0, -0.570876] [-5887.46, 500.0, 3160.08]]
		objLayer:i = 0
		props {

		}
	}
	at_t2_spawn_02_01 {
		type:t = "Point"
		tm:m = [[0.570876, 0.0, 0.821038] [0.0, 1.0, 0.0] [-0.821038, 0.0, 0.570876] [-20377.4, 500.012, -3980.8]]
		objLayer:i = 0
		props {

		}
	}
	at_t2_spawn_02_02 {
		type:t = "Point"
		tm:m = [[0.570876, 0.0, 0.821038] [0.0, 1.0, 0.0] [-0.821038, 0.0, 0.570876] [-13527.6, 500.008, -8463.88]]
		objLayer:i = 0
		props {

		}
	}
}
objLayers {

}
wayPoints {

}