selected_tag:t = ""
bin_dump_file:t = ""
mission_settings {
	player {
		army:i = 1
	}
	player_teamB {
		army:i = 2
	}
	mission {
		level:t = "levels/air_smolensk.bin"
		type:t = "domination"
		environment:t = "Day"
		weather:t = "hazy"
		restoreType:t = "attempts"
		optionalTakeOff:b = false
	}
}
imports {
	import_record {
		file:t = "gameData/missions/templates/enduring_confrontation/bdt_bases_destroy_template.blk"
		importAreas:b = true
		importUnits:b = true
		importTriggers:b = true
		importMissionObjectives:b = true
		importWayPoints:b = true
		showAreas:b = true
		showUnits:b = true
		showTriggers:b = true
		showMissionObjectives:b = true
		showWayPoints:b = true
		excludes {

		}
	}
	import_record {
		file:t = "gameData/missions/templates/units_sets/land_sets_aaa_bases/bdt_t1_uk_rank_01.blk"
		rankRange:ip2 = 0, 4
		importAreas:b = true
		importUnits:b = true
		importTriggers:b = true
		importMissionObjectives:b = true
		importWayPoints:b = true
		showAreas:b = true
		showUnits:b = true
		showTriggers:b = true
		showMissionObjectives:b = true
		showWayPoints:b = true
		excludes {

		}
	}
	import_record {
		file:t = "gameData/missions/templates/units_sets/land_sets_aaa_bases/bdt_t1_uk_rank_02.blk"
		rankRange:ip2 = 5, 8
		importAreas:b = true
		importUnits:b = true
		importTriggers:b = true
		importMissionObjectives:b = true
		importWayPoints:b = true
		showAreas:b = true
		showUnits:b = true
		showTriggers:b = true
		showMissionObjectives:b = true
		showWayPoints:b = true
		excludes {

		}
	}
	import_record {
		file:t = "gameData/missions/templates/units_sets/land_sets_aaa_bases/bdt_t1_uk_rank_03.blk"
		rankRange:ip2 = 9, 13
		importAreas:b = true
		importUnits:b = true
		importTriggers:b = true
		importMissionObjectives:b = true
		importWayPoints:b = true
		showAreas:b = true
		showUnits:b = true
		showTriggers:b = true
		showMissionObjectives:b = true
		showWayPoints:b = true
		excludes {

		}
	}
	import_record {
		file:t = "gameData/missions/templates/units_sets/land_sets_aaa_bases/bdt_t1_uk_rank_04.blk"
		rankRange:ip2 = 14, 19
		importAreas:b = true
		importUnits:b = true
		importTriggers:b = true
		importMissionObjectives:b = true
		importWayPoints:b = true
		showAreas:b = true
		showUnits:b = true
		showTriggers:b = true
		showMissionObjectives:b = true
		showWayPoints:b = true
		excludes {

		}
	}
	import_record {
		file:t = "gameData/missions/templates/units_sets/land_sets_aaa_bases/bdt_t1_uk_rank_05.blk"
		rankRange:ip2 = 20, 24
		importAreas:b = true
		importUnits:b = true
		importTriggers:b = true
		importMissionObjectives:b = true
		importWayPoints:b = true
		showAreas:b = true
		showUnits:b = true
		showTriggers:b = true
		showMissionObjectives:b = true
		showWayPoints:b = true
		excludes {

		}
	}
	import_record {
		file:t = "gameData/missions/templates/units_sets/land_sets_aaa_bases/bdt_t1_uk_rank_06.blk"
		rankRange:ip2 = 25, 50
		importAreas:b = true
		importUnits:b = true
		importTriggers:b = true
		importMissionObjectives:b = true
		importWayPoints:b = true
		showAreas:b = true
		showUnits:b = true
		showTriggers:b = true
		showMissionObjectives:b = true
		showWayPoints:b = true
		excludes {

		}
	}
	import_record {
		file:t = "gameData/missions/templates/units_sets/land_sets_aaa_bases/bdt_t2_germ_rank_01.blk"
		rankRange:ip2 = 0, 4
		importAreas:b = true
		importUnits:b = true
		importTriggers:b = true
		importMissionObjectives:b = true
		importWayPoints:b = true
		showAreas:b = true
		showUnits:b = true
		showTriggers:b = true
		showMissionObjectives:b = true
		showWayPoints:b = true
		excludes {

		}
	}
	import_record {
		file:t = "gameData/missions/templates/units_sets/land_sets_aaa_bases/bdt_t2_germ_rank_02.blk"
		rankRange:ip2 = 5, 8
		importAreas:b = true
		importUnits:b = true
		importTriggers:b = true
		importMissionObjectives:b = true
		importWayPoints:b = true
		showAreas:b = true
		showUnits:b = true
		showTriggers:b = true
		showMissionObjectives:b = true
		showWayPoints:b = true
		excludes {

		}
	}
	import_record {
		file:t = "gameData/missions/templates/units_sets/land_sets_aaa_bases/bdt_t2_germ_rank_03.blk"
		rankRange:ip2 = 9, 13
		importAreas:b = true
		importUnits:b = true
		importTriggers:b = true
		importMissionObjectives:b = true
		importWayPoints:b = true
		showAreas:b = true
		showUnits:b = true
		showTriggers:b = true
		showMissionObjectives:b = true
		showWayPoints:b = true
		excludes {

		}
	}
	import_record {
		file:t = "gameData/missions/templates/units_sets/land_sets_aaa_bases/bdt_t2_germ_rank_04.blk"
		rankRange:ip2 = 14, 19
		importAreas:b = true
		importUnits:b = true
		importTriggers:b = true
		importMissionObjectives:b = true
		importWayPoints:b = true
		showAreas:b = true
		showUnits:b = true
		showTriggers:b = true
		showMissionObjectives:b = true
		showWayPoints:b = true
		excludes {

		}
	}
	import_record {
		file:t = "gameData/missions/templates/units_sets/land_sets_aaa_bases/bdt_t2_germ_rank_05.blk"
		rankRange:ip2 = 20, 24
		importAreas:b = true
		importUnits:b = true
		importTriggers:b = true
		importMissionObjectives:b = true
		importWayPoints:b = true
		showAreas:b = true
		showUnits:b = true
		showTriggers:b = true
		showMissionObjectives:b = true
		showWayPoints:b = true
		excludes {

		}
	}
	import_record {
		file:t = "gameData/missions/templates/units_sets/land_sets_aaa_bases/bdt_t2_germ_rank_06.blk"
		rankRange:ip2 = 25, 50
		importAreas:b = true
		importUnits:b = true
		importTriggers:b = true
		importMissionObjectives:b = true
		importWayPoints:b = true
		showAreas:b = true
		showUnits:b = true
		showTriggers:b = true
		showMissionObjectives:b = true
		showWayPoints:b = true
		excludes {

		}
	}
}
triggers {
	isCategory:b = true
	is_enabled:b = true
	bdt_part_init {
		is_enabled:b = true
		comments:t = ""
		props {
			actionsType:t = "PERFORM_ONE_BY_ONE"
			conditionsType:t = "ALL"
			enableAfterComplete:b = false
		}
		events {
			initMission {

			}
		}
		conditions {

		}
		actions {
			comment {
				value:t = "set max bases amount +1"
			}
			varSetInt {
				value:i = 9
				var:t = "bdt_t1_total_bases_max_count"
			}
			varSetInt {
				value:i = 9
				var:t = "bdt_t2_total_bases_max_count"
			}
			comment {
				value:t = "enable self restarting for template"
			}
			varSetBool {
				value:b = true
				var:t = "bdt_self_restart"
			}
			comment {
				value:t = "increase one-moment bases amount"
			}
			varSetInt {
				value:i = 4
				var:t = "bdt_t1_active_bases_max_count"
				var:t = "bdt_t2_active_bases_max_count"
			}
			comment {
				value:t = ""
			}
			varSetInt {
				value:i = 1
				var:t = "bdt_delay_timer"
			}
			comment {
				value:t = ""
			}
			varSetString {
				value:t = "bfd"
				var:t = "bdt_game_mode"
			}
			comment {
				value:t = ""
			}
			varSetBool {
				value:b = true
				var:t = "bMirrorSpawn"
			}
			comment {
				value:t = ""
			}
			varSetReal {
				value:r = 2000
				var:t = "bdt_t1_min_zone_distance"
				var:t = "bdt_t2_min_zone_distance"
			}
		}
		else_actions {

		}
	}
}
mission_objectives {
	isCategory:b = true
	is_enabled:b = true
}
variables {

}
dialogs {

}
airfields {

}
effects {

}
units {
	objectGroups {
		name:t = "bdt_t2_bomb_object_01"
		tm:m = [[0.318758, 0.0, -0.947835] [0.0, 1.0, 0.0] [0.947835, 0.0, 0.318758] [-501.004, 138.157, 8053.32]]
		unit_class:t = "dynBase_hq_camp_square"
		objLayer:i = 2
		props {
			army:i = 2
			active:b = false
		}
	}
	objectGroups {
		name:t = "bdt_t2_bomb_object_02"
		tm:m = [[-0.745284, 0.0, -0.666749] [0.0, 1.0, 0.0] [0.666749, 0.0, -0.745284] [-3045.11, 141.234, 7071.57]]
		unit_class:t = "dynBase_fuel_storage_square"
		objLayer:i = 2
		props {
			army:i = 2
			active:b = false
		}
	}
	objectGroups {
		name:t = "bdt_t2_bomb_object_03"
		tm:m = [[0.836925, 0.0, -0.547322] [0.0, 1.0, 0.0] [0.547322, 0.0, 0.836925] [-4690.31, 149.629, 5238.92]]
		unit_class:t = "dynBase_oil_storage_small_square"
		objLayer:i = 2
		props {
			army:i = 2
			active:b = false
		}
	}
	objectGroups {
		name:t = "bdt_t1_bomb_object_01"
		tm:m = [[-0.847793, 0.0, -0.530327] [0.0, 1.0, 0.0] [0.530327, 0.0, -0.847793] [4289.83, 35.9219, -6546.51]]
		unit_class:t = "dynBase_fuel_storage_square"
		objLayer:i = 2
		props {
			army:i = 1
			active:b = false
		}
	}
	objectGroups {
		name:t = "bdt_t1_bomb_object_02"
		tm:m = [[-0.266774, 0.0, -0.963757] [0.0, 1.0, 0.0] [0.963757, 0.0, -0.266774] [1700.77, 97.668, -6838.99]]
		unit_class:t = "dynBase_small_factory_square"
		objLayer:i = 2
		props {
			army:i = 1
			active:b = false
		}
	}
	objectGroups {
		name:t = "bdt_t1_bomb_object_03"
		tm:m = [[0.658176, 0.0, -0.752864] [0.0, 1.0, 0.0] [0.752864, 0.0, 0.658176] [-1774.32, 252.361, -5470.52]]
		unit_class:t = "dynBase_oil_storage_small_square"
		objLayer:i = 2
		props {
			army:i = 1
			active:b = false
		}
	}
	objectGroups {
		name:t = "bdt_t2_bomb_object_04"
		tm:m = [[0.804769, 0.0, -0.593587] [0.0, 1.0, 0.0] [0.593587, 0.0, 0.804769] [2464.4, 28.149, 8340.34]]
		unit_class:t = "dynBase_small_factory_square"
		objLayer:i = 2
		props {
			army:i = 2
			active:b = false
		}
	}
	objectGroups {
		name:t = "bdt_t1_bomb_object_04"
		tm:m = [[0.353043, 0.0, -0.935607] [0.0, 1.0, 0.0] [0.935607, 0.0, 0.353043] [-3900.03, 383.385, -3307.64]]
		unit_class:t = "dynBase_field_camp_square"
		objLayer:i = 2
		props {
			army:i = 1
			active:b = false
		}
	}
	objectGroups {
		name:t = "bdt_t1_bomb_object_05"
		tm:m = [[0.353043, 0.0, -0.935607] [0.0, 1.0, 0.0] [0.935607, 0.0, 0.353043] [-5319.09, 271.808, -5167.89]]
		unit_class:t = "dynBase_military_base_square"
		objLayer:i = 2
		props {
			army:i = 1
			active:b = false
		}
	}
	objectGroups {
		name:t = "bdt_t1_bomb_object_06"
		tm:m = [[0.353043, 0.0, -0.935607] [0.0, 1.0, 0.0] [0.935607, 0.0, 0.353043] [-2954.47, 312.463, -6213.4]]
		unit_class:t = "dynBase_oil_storage_large_square"
		objLayer:i = 2
		props {
			army:i = 1
			active:b = false
		}
	}
	objectGroups {
		name:t = "bdt_t1_bomb_object_07"
		tm:m = [[0.353043, 0.0, -0.935607] [0.0, 1.0, 0.0] [0.935607, 0.0, 0.353043] [-1220.24, 214.58, -7438.6]]
		unit_class:t = "dynBase_oil_storage_large_square"
		objLayer:i = 2
		props {
			army:i = 1
			active:b = false
		}
	}
	objectGroups {
		name:t = "bdt_t1_bomb_object_08"
		tm:m = [[-0.847793, 0.0, -0.530327] [0.0, 1.0, 0.0] [0.530327, 0.0, -0.847793] [4528.61, 5.01923, -8056.47]]
		unit_class:t = "dynBase_small_factory_square"
		objLayer:i = 2
		props {
			army:i = 1
			active:b = false
		}
	}
	objectGroups {
		name:t = "bdt_t1_bomb_object_09"
		tm:m = [[-0.847793, 0.0, -0.530327] [0.0, 1.0, 0.0] [0.530327, 0.0, -0.847793] [2163.14, 25.48, -7832.4]]
		unit_class:t = "dynBase_hq_camp_square"
		objLayer:i = 2
		props {
			army:i = 1
			active:b = false
		}
	}
	objectGroups {
		name:t = "bdt_t1_bomb_object_10"
		tm:m = [[-0.847793, 0.0, -0.530327] [0.0, 1.0, 0.0] [0.530327, 0.0, -0.847793] [436.796, 170.072, -8149.57]]
		unit_class:t = "dynBase_petrol_camp_square"
		objLayer:i = 2
		props {
			army:i = 1
			active:b = false
		}
	}
	objectGroups {
		name:t = "bdt_t2_bomb_object_05"
		tm:m = [[0.804769, 0.0, -0.593587] [0.0, 1.0, 0.0] [0.593587, 0.0, 0.804769] [3638.57, 7.37531, 10326.3]]
		unit_class:t = "dynBase_petrol_camp_square"
		objLayer:i = 2
		props {
			army:i = 2
			active:b = false
		}
	}
	objectGroups {
		name:t = "bdt_t2_bomb_object_06"
		tm:m = [[0.98921, 0.0, -0.146504] [0.0, 1.0, 0.0] [0.146504, 0.0, 0.98921] [1566.73, 23.9493, 10606.0]]
		unit_class:t = "dynBase_military_base_square"
		objLayer:i = 2
		props {
			army:i = 2
			active:b = false
		}
	}
	objectGroups {
		name:t = "bdt_t2_bomb_object_07"
		tm:m = [[0.804769, 0.0, -0.593587] [0.0, 1.0, 0.0] [0.593587, 0.0, 0.804769] [-1330.92, 69.1679, 9800.42]]
		unit_class:t = "dynBase_fuel_storage_square"
		objLayer:i = 2
		props {
			army:i = 2
			active:b = false
		}
	}
	objectGroups {
		name:t = "bdt_t2_bomb_object_08"
		tm:m = [[0.836925, 0.0, -0.547322] [0.0, 1.0, 0.0] [0.547322, 0.0, 0.836925] [-6128.95, 115.661, 5134.8]]
		unit_class:t = "dynBase_ammunition_storage_square"
		objLayer:i = 2
		props {
			army:i = 2
			active:b = false
		}
	}
	objectGroups {
		name:t = "bdt_t2_bomb_object_09"
		tm:m = [[0.836925, 0.0, -0.547322] [0.0, 1.0, 0.0] [0.547322, 0.0, 0.836925] [-5287.56, 138.502, 6572.58]]
		unit_class:t = "dynBase_field_camp_square"
		objLayer:i = 2
		props {
			army:i = 2
			active:b = false
		}
	}
	objectGroups {
		name:t = "bdt_t2_bomb_object_10"
		tm:m = [[0.836925, 0.0, -0.547322] [0.0, 1.0, 0.0] [0.547322, 0.0, 0.836925] [-4279.44, 142.548, 8468.43]]
		unit_class:t = "dynBase_oil_storage_small_square"
		objLayer:i = 2
		props {
			army:i = 2
			active:b = false
		}
	}
}
areas {
	bdt_t2_bomb_zone_01 {
		type:t = "Sphere"
		tm:m = [[143.442, 0.0, -426.527] [0.0, 450.0, 0.0] [426.527, 0.0, 143.442] [-508.15, 137.993, 8053.4]]
		objLayer:i = 0
		props {

		}
	}
	bdt_t2_bomb_zone_02 {
		type:t = "Sphere"
		tm:m = [[-44.5645, 0.0, -447.789] [0.0, 450.0, 0.0] [447.789, 0.0, -44.5645] [-3026.76, 141.331, 7060.32]]
		objLayer:i = 0
		props {

		}
	}
	bdt_t2_bomb_zone_03 {
		type:t = "Sphere"
		tm:m = [[376.616, 0.0, -246.296] [0.0, 450.0, 0.0] [246.296, 0.0, 376.616] [-4690.12, 149.568, 5248.68]]
		objLayer:i = 0
		props {

		}
	}
	bdt_t1_bomb_zone_01 {
		type:t = "Sphere"
		tm:m = [[-381.507, 0.0, -238.648] [0.0, 450.0, 0.0] [238.648, 0.0, -381.507] [4281.02, 28.6449, -6555.63]]
		objLayer:i = 0
		props {

		}
	}
	bdt_t1_bomb_zone_02 {
		type:t = "Sphere"
		tm:m = [[-211.07, 0.0, -397.429] [0.0, 450.0, 0.0] [397.429, 0.0, -211.07] [1700.57, 97.6638, -6843.79]]
		objLayer:i = 0
		props {

		}
	}
	bdt_t1_bomb_zone_03 {
		type:t = "Sphere"
		tm:m = [[144.98, 0.0, -426.007] [0.0, 450.0, 0.0] [426.007, 0.0, 144.98] [-1771.94, 245.792, -5475.72]]
		objLayer:i = 0
		props {

		}
	}
	bdt_t2_bomb_zone_04 {
		type:t = "Sphere"
		tm:m = [[362.145, 0.0, -267.115] [0.0, 450.0, 0.0] [267.115, 0.0, 362.145] [2469.47, 28.1376, 8334.21]]
		objLayer:i = 0
		props {

		}
	}
	bdt_t1_bomb_zone_04 {
		type:t = "Sphere"
		tm:m = [[144.98, 0.0, -426.007] [0.0, 450.0, 0.0] [426.007, 0.0, 144.98] [-3894.49, 383.31, -3306.04]]
		objLayer:i = 0
		props {

		}
	}
	bdt_t2_bomb_zone_01_aaa_point_01 {
		type:t = "Point"
		tm:m = [[0.793865, 0.0, -0.608092] [0.0, 1.0, 0.0] [0.608092, 0.0, 0.793865] [-622.892, 120.573, 7859.42]]
		objLayer:i = 0
		props {

		}
	}
	bdt_t2_bomb_zone_01_aaa_point_02 {
		type:t = "Point"
		tm:m = [[0.793865, 0.0, -0.608092] [0.0, 1.0, 0.0] [0.608092, 0.0, 0.793865] [-459.675, 137.386, 8341.65]]
		objLayer:i = 0
		props {

		}
	}
	bdt_t2_bomb_zone_01_aaa_point_03 {
		type:t = "Point"
		tm:m = [[0.793865, 0.0, -0.608092] [0.0, 1.0, 0.0] [0.608092, 0.0, 0.793865] [-360.564, 137.282, 8275.81]]
		objLayer:i = 0
		props {

		}
	}
	bdt_t2_bomb_zone_01_aaa_point_04 {
		type:t = "Point"
		tm:m = [[0.793865, 0.0, -0.608092] [0.0, 1.0, 0.0] [0.608092, 0.0, 0.793865] [-40.73, 104.667, 8060.53]]
		objLayer:i = 0
		props {

		}
	}
	bdt_t2_bomb_zone_02_aaa_point_01 {
		type:t = "Point"
		tm:m = [[0.473733, 0.0, -0.880667] [0.0, 1.0, 0.0] [0.880667, 0.0, 0.473733] [-3252.38, 140.26, 7164.5]]
		objLayer:i = 0
		props {

		}
	}
	bdt_t2_bomb_zone_02_aaa_point_02 {
		type:t = "Point"
		tm:m = [[0.473733, 0.0, -0.880667] [0.0, 1.0, 0.0] [0.880667, 0.0, 0.473733] [-2713.38, 145.992, 7154.78]]
		objLayer:i = 0
		props {

		}
	}
	bdt_t2_bomb_zone_02_aaa_point_03 {
		type:t = "Point"
		tm:m = [[0.473733, 0.0, -0.880667] [0.0, 1.0, 0.0] [0.880667, 0.0, 0.473733] [-3052.15, 141.21, 7338.69]]
		objLayer:i = 0
		props {

		}
	}
	bdt_t2_bomb_zone_02_aaa_point_04 {
		type:t = "Point"
		tm:m = [[0.473733, 0.0, -0.880667] [0.0, 1.0, 0.0] [0.880667, 0.0, 0.473733] [-2954.09, 145.635, 6842.72]]
		objLayer:i = 0
		props {

		}
	}
	bdt_t2_bomb_zone_03_aaa_point_01 {
		type:t = "Point"
		tm:m = [[0.473733, 0.0, -0.880667] [0.0, 1.0, 0.0] [0.880667, 0.0, 0.473733] [-4801.38, 151.858, 4809.73]]
		objLayer:i = 0
		props {

		}
	}
	bdt_t2_bomb_zone_03_aaa_point_02 {
		type:t = "Point"
		tm:m = [[0.473733, 0.0, -0.880667] [0.0, 1.0, 0.0] [0.880667, 0.0, 0.473733] [-4399.27, 150.933, 5279.96]]
		objLayer:i = 0
		props {

		}
	}
	bdt_t2_bomb_zone_03_aaa_point_03 {
		type:t = "Point"
		tm:m = [[0.473733, 0.0, -0.880667] [0.0, 1.0, 0.0] [0.880667, 0.0, 0.473733] [-4560.39, 147.752, 5541.6]]
		objLayer:i = 0
		props {

		}
	}
	bdt_t2_bomb_zone_03_aaa_point_04 {
		type:t = "Point"
		tm:m = [[0.473733, 0.0, -0.880667] [0.0, 1.0, 0.0] [0.880667, 0.0, 0.473733] [-4994.96, 148.007, 5385.34]]
		objLayer:i = 0
		props {

		}
	}
	bdt_t2_bomb_zone_04_aaa_point_01 {
		type:t = "Point"
		tm:m = [[0.793865, 0.0, -0.608092] [0.0, 1.0, 0.0] [0.608092, 0.0, 0.793865] [2799.66, 982.079, 8371.87]]
		objLayer:i = 0
		props {

		}
	}
	bdt_t2_bomb_zone_04_aaa_point_02 {
		type:t = "Point"
		tm:m = [[0.793865, 0.0, -0.608092] [0.0, 1.0, 0.0] [0.608092, 0.0, 0.793865] [2423.59, 30.8778, 8633.01]]
		objLayer:i = 0
		props {

		}
	}
	bdt_t2_bomb_zone_04_aaa_point_03 {
		type:t = "Point"
		tm:m = [[0.793865, 0.0, -0.608092] [0.0, 1.0, 0.0] [0.608092, 0.0, 0.793865] [2417.34, 981.653, 8072.93]]
		objLayer:i = 0
		props {

		}
	}
	bdt_t2_bomb_zone_04_aaa_point_04 {
		type:t = "Point"
		tm:m = [[0.793865, 0.0, -0.608092] [0.0, 1.0, 0.0] [0.608092, 0.0, 0.793865] [2240.64, 34.5689, 8241.67]]
		objLayer:i = 0
		props {

		}
	}
	bdt_t1_bomb_zone_01_aaa_point_01 {
		type:t = "Point"
		tm:m = [[-0.406929, 0.0, -0.91346] [0.0, 1.0, 0.0] [0.91346, 0.0, -0.406929] [4185.65, 114.874, -6791.88]]
		objLayer:i = 0
		props {

		}
	}
	bdt_t1_bomb_zone_01_aaa_point_02 {
		type:t = "Point"
		tm:m = [[-0.406929, 0.0, -0.91346] [0.0, 1.0, 0.0] [0.91346, 0.0, -0.406929] [4436.76, 135.647, -6356.07]]
		objLayer:i = 0
		props {

		}
	}
	bdt_t1_bomb_zone_01_aaa_point_03 {
		type:t = "Point"
		tm:m = [[-0.406929, 0.0, -0.91346] [0.0, 1.0, 0.0] [0.91346, 0.0, -0.406929] [4081.51, 135.659, -6434.81]]
		objLayer:i = 0
		props {

		}
	}
	bdt_t1_bomb_zone_01_aaa_point_04 {
		type:t = "Point"
		tm:m = [[-0.406929, 0.0, -0.91346] [0.0, 1.0, 0.0] [0.91346, 0.0, -0.406929] [4271.25, 135.651, -6307.51]]
		objLayer:i = 0
		props {

		}
	}
	bdt_t1_bomb_zone_02_aaa_point_01 {
		type:t = "Point"
		tm:m = [[-0.406929, 0.0, -0.91346] [0.0, 1.0, 0.0] [0.91346, 0.0, -0.406929] [1785.0, 97.4448, -7100.66]]
		objLayer:i = 0
		props {

		}
	}
	bdt_t1_bomb_zone_02_aaa_point_02 {
		type:t = "Point"
		tm:m = [[-0.406929, 0.0, -0.91346] [0.0, 1.0, 0.0] [0.91346, 0.0, -0.406929] [1964.81, 97.5518, -6872.77]]
		objLayer:i = 0
		props {

		}
	}
	bdt_t1_bomb_zone_02_aaa_point_03 {
		type:t = "Point"
		tm:m = [[-0.406929, 0.0, -0.91346] [0.0, 1.0, 0.0] [0.91346, 0.0, -0.406929] [1319.34, 97.9897, -6603.7]]
		objLayer:i = 0
		props {

		}
	}
	bdt_t1_bomb_zone_02_aaa_point_04 {
		type:t = "Point"
		tm:m = [[-0.406929, 0.0, -0.91346] [0.0, 1.0, 0.0] [0.91346, 0.0, -0.406929] [1866.88, 97.8018, -6559.7]]
		objLayer:i = 0
		props {

		}
	}
	bdt_t1_bomb_zone_03_aaa_point_01 {
		type:t = "Point"
		tm:m = [[0.346195, 0.0, -0.938162] [0.0, 1.0, 0.0] [0.938162, 0.0, 0.346195] [-2059.54, 260.225, -5366.16]]
		objLayer:i = 0
		props {

		}
	}
	bdt_t1_bomb_zone_03_aaa_point_02 {
		type:t = "Point"
		tm:m = [[0.346195, 0.0, -0.938162] [0.0, 1.0, 0.0] [0.938162, 0.0, 0.346195] [-1540.81, 250.447, -5547.91]]
		objLayer:i = 0
		props {

		}
	}
	bdt_t1_bomb_zone_03_aaa_point_03 {
		type:t = "Point"
		tm:m = [[0.346195, 0.0, -0.938162] [0.0, 1.0, 0.0] [0.938162, 0.0, 0.346195] [-1572.35, 262.921, -5269.74]]
		objLayer:i = 0
		props {

		}
	}
	bdt_t1_bomb_zone_03_aaa_point_04 {
		type:t = "Point"
		tm:m = [[0.346195, 0.0, -0.938162] [0.0, 1.0, 0.0] [0.938162, 0.0, 0.346195] [-1873.59, 250.668, -5716.02]]
		objLayer:i = 0
		props {

		}
	}
	bdt_t1_bomb_zone_04_aaa_point_01 {
		type:t = "Point"
		tm:m = [[0.346195, 0.0, -0.938162] [0.0, 1.0, 0.0] [0.938162, 0.0, 0.346195] [-3920.86, 388.788, -3621.75]]
		objLayer:i = 0
		props {

		}
	}
	bdt_t1_bomb_zone_04_aaa_point_02 {
		type:t = "Point"
		tm:m = [[0.346195, 0.0, -0.938162] [0.0, 1.0, 0.0] [0.938162, 0.0, 0.346195] [-3669.72, 383.156, -3421.59]]
		objLayer:i = 0
		props {

		}
	}
	bdt_t1_bomb_zone_04_aaa_point_03 {
		type:t = "Point"
		tm:m = [[0.346195, 0.0, -0.938162] [0.0, 1.0, 0.0] [0.938162, 0.0, 0.346195] [-4169.42, 387.213, -3401.06]]
		objLayer:i = 0
		props {

		}
	}
	bdt_t1_bomb_zone_04_aaa_point_04 {
		type:t = "Point"
		tm:m = [[0.346195, 0.0, -0.938162] [0.0, 1.0, 0.0] [0.938162, 0.0, 0.346195] [-3693.23, 390.825, -3065.17]]
		objLayer:i = 0
		props {

		}
	}
	bdt_t1_bomb_zone_05 {
		type:t = "Sphere"
		tm:m = [[144.98, 0.0, -426.007] [0.0, 450.0, 0.0] [426.007, 0.0, 144.98] [-5313.51, 271.911, -5166.26]]
		objLayer:i = 0
		props {

		}
	}
	bdt_t1_bomb_zone_06 {
		type:t = "Sphere"
		tm:m = [[144.98, 0.0, -426.007] [0.0, 450.0, 0.0] [426.007, 0.0, 144.98] [-2948.94, 312.432, -6211.79]]
		objLayer:i = 0
		props {

		}
	}
	bdt_t1_bomb_zone_07 {
		type:t = "Sphere"
		tm:m = [[144.98, 0.0, -426.007] [0.0, 450.0, 0.0] [426.007, 0.0, 144.98] [-1214.61, 192.855, -7436.92]]
		objLayer:i = 0
		props {

		}
	}
	bdt_t1_bomb_zone_08 {
		type:t = "Sphere"
		tm:m = [[-381.507, 0.0, -238.648] [0.0, 450.0, 0.0] [238.648, 0.0, -381.507] [4519.8, 6.37799, -8065.6]]
		objLayer:i = 0
		props {

		}
	}
	bdt_t1_bomb_zone_09 {
		type:t = "Sphere"
		tm:m = [[-381.507, 0.0, -238.648] [0.0, 450.0, 0.0] [238.648, 0.0, -381.507] [2154.41, 16.707, -7841.44]]
		objLayer:i = 0
		props {

		}
	}
	bdt_t1_bomb_zone_10 {
		type:t = "Sphere"
		tm:m = [[-381.507, 0.0, -238.648] [0.0, 450.0, 0.0] [238.648, 0.0, -381.507] [427.987, 170.045, -8158.72]]
		objLayer:i = 0
		props {

		}
	}
	bdt_t1_bomb_zone_05_aaa_point_01 {
		type:t = "Point"
		tm:m = [[0.346195, 0.0, -0.938162] [0.0, 1.0, 0.0] [0.938162, 0.0, 0.346195] [-5386.68, 272.642, -4902.14]]
		objLayer:i = 0
		props {

		}
	}
	bdt_t1_bomb_zone_05_aaa_point_02 {
		type:t = "Point"
		tm:m = [[0.346195, 0.0, -0.938162] [0.0, 1.0, 0.0] [0.938162, 0.0, 0.346195] [-5602.5, 267.707, -5227.81]]
		objLayer:i = 0
		props {

		}
	}
	bdt_t1_bomb_zone_05_aaa_point_03 {
		type:t = "Point"
		tm:m = [[0.346195, 0.0, -0.938162] [0.0, 1.0, 0.0] [0.938162, 0.0, 0.346195] [-5261.88, 269.532, -5611.85]]
		objLayer:i = 0
		props {

		}
	}
	bdt_t1_bomb_zone_05_aaa_point_04 {
		type:t = "Point"
		tm:m = [[0.346195, 0.0, -0.938162] [0.0, 1.0, 0.0] [0.938162, 0.0, 0.346195] [-5067.75, 274.976, -5295.13]]
		objLayer:i = 0
		props {

		}
	}
	bdt_t1_bomb_zone_06_aaa_point_01 {
		type:t = "Point"
		tm:m = [[0.346195, 0.0, -0.938162] [0.0, 1.0, 0.0] [0.938162, 0.0, 0.346195] [-3278.86, 312.376, -6141.64]]
		objLayer:i = 0
		props {

		}
	}
	bdt_t1_bomb_zone_06_aaa_point_02 {
		type:t = "Point"
		tm:m = [[0.346195, 0.0, -0.938162] [0.0, 1.0, 0.0] [0.938162, 0.0, 0.346195] [-3116.83, 304.974, -5933.9]]
		objLayer:i = 0
		props {

		}
	}
	bdt_t1_bomb_zone_06_aaa_point_03 {
		type:t = "Point"
		tm:m = [[0.346195, 0.0, -0.938162] [0.0, 1.0, 0.0] [0.938162, 0.0, 0.346195] [-2655.55, 308.813, -6114.33]]
		objLayer:i = 0
		props {

		}
	}
	bdt_t1_bomb_zone_06_aaa_point_04 {
		type:t = "Point"
		tm:m = [[0.346195, 0.0, -0.938162] [0.0, 1.0, 0.0] [0.938162, 0.0, 0.346195] [-2978.64, 308.464, -6508.0]]
		objLayer:i = 0
		props {

		}
	}
	bdt_t1_bomb_zone_07_aaa_point_01 {
		type:t = "Point"
		tm:m = [[0.346195, 0.0, -0.938162] [0.0, 1.0, 0.0] [0.938162, 0.0, 0.346195] [-917.44, 218.958, -7486.59]]
		objLayer:i = 0
		props {

		}
	}
	bdt_t1_bomb_zone_07_aaa_point_02 {
		type:t = "Point"
		tm:m = [[0.346195, 0.0, -0.938162] [0.0, 1.0, 0.0] [0.938162, 0.0, 0.346195] [-1557.88, 209.26, -7374.96]]
		objLayer:i = 0
		props {

		}
	}
	bdt_t1_bomb_zone_07_aaa_point_03 {
		type:t = "Point"
		tm:m = [[0.346195, 0.0, -0.938162] [0.0, 1.0, 0.0] [0.938162, 0.0, 0.346195] [-1258.01, 209.54, -7770.22]]
		objLayer:i = 0
		props {

		}
	}
	bdt_t1_bomb_zone_07_aaa_point_04 {
		type:t = "Point"
		tm:m = [[0.346195, 0.0, -0.938162] [0.0, 1.0, 0.0] [0.938162, 0.0, 0.346195] [-950.309, 222.25, -7134.45]]
		objLayer:i = 0
		props {

		}
	}
	bdt_t1_bomb_zone_08_aaa_point_01 {
		type:t = "Point"
		tm:m = [[-0.406929, 0.0, -0.91346] [0.0, 1.0, 0.0] [0.91346, 0.0, -0.406929] [4826.23, 97.6599, -8117.29]]
		objLayer:i = 0
		props {

		}
	}
	bdt_t1_bomb_zone_08_aaa_point_02 {
		type:t = "Point"
		tm:m = [[-0.406929, 0.0, -0.91346] [0.0, 1.0, 0.0] [0.91346, 0.0, -0.406929] [4532.02, 97.6638, -7759.92]]
		objLayer:i = 0
		props {

		}
	}
	bdt_t1_bomb_zone_08_aaa_point_03 {
		type:t = "Point"
		tm:m = [[-0.406929, 0.0, -0.91346] [0.0, 1.0, 0.0] [0.91346, 0.0, -0.406929] [4172.92, 97.6768, -7978.02]]
		objLayer:i = 0
		props {

		}
	}
	bdt_t1_bomb_zone_08_aaa_point_04 {
		type:t = "Point"
		tm:m = [[-0.406929, 0.0, -0.91346] [0.0, 1.0, 0.0] [0.91346, 0.0, -0.406929] [4414.42, 97.6748, -8316.56]]
		objLayer:i = 0
		props {

		}
	}
	bdt_t1_bomb_zone_09_aaa_point_01 {
		type:t = "Point"
		tm:m = [[-0.406929, 0.0, -0.91346] [0.0, 1.0, 0.0] [0.91346, 0.0, -0.406929] [2409.92, 6.61401, -7473.39]]
		objLayer:i = 0
		props {

		}
	}
	bdt_t1_bomb_zone_09_aaa_point_02 {
		type:t = "Point"
		tm:m = [[-0.406929, 0.0, -0.91346] [0.0, 1.0, 0.0] [0.91346, 0.0, -0.406929] [1917.02, 5.69232, -7506.78]]
		objLayer:i = 0
		props {

		}
	}
	bdt_t1_bomb_zone_09_aaa_point_03 {
		type:t = "Point"
		tm:m = [[-0.406929, 0.0, -0.91346] [0.0, 1.0, 0.0] [0.91346, 0.0, -0.406929] [2683.44, 7.17163, -8008.14]]
		objLayer:i = 0
		props {

		}
	}
	bdt_t1_bomb_zone_09_aaa_point_04 {
		type:t = "Point"
		tm:m = [[-0.406929, 0.0, -0.91346] [0.0, 1.0, 0.0] [0.91346, 0.0, -0.406929] [1761.3, 4.9765, -7934.35]]
		objLayer:i = 0
		props {

		}
	}
	bdt_t1_bomb_zone_10_aaa_point_01 {
		type:t = "Point"
		tm:m = [[-0.406929, 0.0, -0.91346] [0.0, 1.0, 0.0] [0.91346, 0.0, -0.406929] [543.138, 169.839, -7807.66]]
		objLayer:i = 0
		props {

		}
	}
	bdt_t1_bomb_zone_10_aaa_point_02 {
		type:t = "Point"
		tm:m = [[-0.406929, 0.0, -0.91346] [0.0, 1.0, 0.0] [0.91346, 0.0, -0.406929] [852.052, 156.281, -8292.79]]
		objLayer:i = 0
		props {

		}
	}
	bdt_t1_bomb_zone_10_aaa_point_03 {
		type:t = "Point"
		tm:m = [[-0.406929, 0.0, -0.91346] [0.0, 1.0, 0.0] [0.91346, 0.0, -0.406929] [174.438, 168.877, -8084.27]]
		objLayer:i = 0
		props {

		}
	}
	bdt_t1_bomb_zone_10_aaa_point_04 {
		type:t = "Point"
		tm:m = [[-0.406929, 0.0, -0.91346] [0.0, 1.0, 0.0] [0.91346, 0.0, -0.406929] [293.737, 167.375, -8449.86]]
		objLayer:i = 0
		props {

		}
	}
	bdt_t2_bomb_zone_05 {
		type:t = "Sphere"
		tm:m = [[362.145, 0.0, -267.115] [0.0, 450.0, 0.0] [267.115, 0.0, 362.145] [3643.44, 7.3822, 10320.2]]
		objLayer:i = 0
		props {

		}
	}
	bdt_t2_bomb_zone_06 {
		type:t = "Sphere"
		tm:m = [[445.145, 0.0, -65.9257] [0.0, 450.0, 0.0] [65.9257, 0.0, 445.145] [1574.1, 24.5767, 10602.9]]
		objLayer:i = 0
		props {

		}
	}
	bdt_t2_bomb_zone_07 {
		type:t = "Sphere"
		tm:m = [[362.145, 0.0, -267.115] [0.0, 450.0, 0.0] [267.115, 0.0, 362.145] [-1325.94, 70.5792, 9794.21]]
		objLayer:i = 0
		props {

		}
	}
	bdt_t2_bomb_zone_08 {
		type:t = "Sphere"
		tm:m = [[376.616, 0.0, -246.296] [0.0, 450.0, 0.0] [246.296, 0.0, 376.616] [-6128.76, 115.661, 5144.57]]
		objLayer:i = 0
		props {

		}
	}
	bdt_t2_bomb_zone_09 {
		type:t = "Sphere"
		tm:m = [[376.616, 0.0, -246.296] [0.0, 450.0, 0.0] [246.296, 0.0, 376.616] [-5287.54, 138.51, 6582.46]]
		objLayer:i = 0
		props {

		}
	}
	bdt_t2_bomb_zone_10 {
		type:t = "Sphere"
		tm:m = [[376.616, 0.0, -246.296] [0.0, 450.0, 0.0] [246.296, 0.0, 376.616] [-4279.33, 142.387, 8477.97]]
		objLayer:i = 0
		props {

		}
	}
	bdt_t2_bomb_zone_05_aaa_point_01 {
		type:t = "Point"
		tm:m = [[0.793865, 0.0, -0.608092] [0.0, 1.0, 0.0] [0.608092, 0.0, 0.793865] [3372.01, 8.70819, 10104.0]]
		objLayer:i = 0
		props {

		}
	}
	bdt_t2_bomb_zone_05_aaa_point_02 {
		type:t = "Point"
		tm:m = [[0.793865, 0.0, -0.608092] [0.0, 1.0, 0.0] [0.608092, 0.0, 0.793865] [4018.45, 6.12372, 10303.8]]
		objLayer:i = 0
		props {

		}
	}
	bdt_t2_bomb_zone_05_aaa_point_03 {
		type:t = "Point"
		tm:m = [[0.793865, 0.0, -0.608092] [0.0, 1.0, 0.0] [0.608092, 0.0, 0.793865] [3941.68, 6.85522, 10495.0]]
		objLayer:i = 0
		props {

		}
	}
	bdt_t2_bomb_zone_05_aaa_point_04 {
		type:t = "Point"
		tm:m = [[0.793865, 0.0, -0.608092] [0.0, 1.0, 0.0] [0.608092, 0.0, 0.793865] [3413.51, 9.23285, 10551.8]]
		objLayer:i = 0
		props {

		}
	}
	bdt_t2_bomb_zone_06_aaa_point_01 {
		type:t = "Point"
		tm:m = [[0.98639, 0.0, -0.164429] [0.0, 1.0, 0.0] [0.164429, 0.0, 0.98639] [1230.05, 23.1807, 10609.5]]
		objLayer:i = 0
		props {

		}
	}
	bdt_t2_bomb_zone_06_aaa_point_02 {
		type:t = "Point"
		tm:m = [[0.98639, 0.0, -0.164429] [0.0, 1.0, 0.0] [0.164429, 0.0, 0.98639] [1965.12, 14.4425, 10820.9]]
		objLayer:i = 0
		props {

		}
	}
	bdt_t2_bomb_zone_06_aaa_point_03 {
		type:t = "Point"
		tm:m = [[0.98639, 0.0, -0.164429] [0.0, 1.0, 0.0] [0.164429, 0.0, 0.98639] [1939.5, 18.8502, 10495.6]]
		objLayer:i = 0
		props {

		}
	}
	bdt_t2_bomb_zone_06_aaa_point_04 {
		type:t = "Point"
		tm:m = [[0.98639, 0.0, -0.164429] [0.0, 1.0, 0.0] [0.164429, 0.0, 0.98639] [1750.11, 29.5534, 10084.0]]
		objLayer:i = 0
		props {

		}
	}
	bdt_t2_bomb_zone_07_aaa_point_01 {
		type:t = "Point"
		tm:m = [[0.793865, 0.0, -0.608092] [0.0, 1.0, 0.0] [0.608092, 0.0, 0.793865] [-1648.91, 107.308, 9516.49]]
		objLayer:i = 0
		props {

		}
	}
	bdt_t2_bomb_zone_07_aaa_point_02 {
		type:t = "Point"
		tm:m = [[0.793865, 0.0, -0.608092] [0.0, 1.0, 0.0] [0.608092, 0.0, 0.793865] [-1074.07, 83.4734, 9569.34]]
		objLayer:i = 0
		props {

		}
	}
	bdt_t2_bomb_zone_07_aaa_point_03 {
		type:t = "Point"
		tm:m = [[0.793865, 0.0, -0.608092] [0.0, 1.0, 0.0] [0.608092, 0.0, 0.793865] [-1156.0, 44.8345, 10216.6]]
		objLayer:i = 0
		props {

		}
	}
	bdt_t2_bomb_zone_07_aaa_point_04 {
		type:t = "Point"
		tm:m = [[0.793865, 0.0, -0.608092] [0.0, 1.0, 0.0] [0.608092, 0.0, 0.793865] [-1716.04, 69.2979, 9894.99]]
		objLayer:i = 0
		props {

		}
	}
	bdt_t2_bomb_zone_08_aaa_point_01 {
		type:t = "Point"
		tm:m = [[0.473733, 0.0, -0.880667] [0.0, 1.0, 0.0] [0.880667, 0.0, 0.473733] [-5931.26, 118.941, 4834.8]]
		objLayer:i = 0
		props {

		}
	}
	bdt_t2_bomb_zone_08_aaa_point_02 {
		type:t = "Point"
		tm:m = [[0.473733, 0.0, -0.880667] [0.0, 1.0, 0.0] [0.880667, 0.0, 0.473733] [-6383.96, 114.163, 5318.34]]
		objLayer:i = 0
		props {

		}
	}
	bdt_t2_bomb_zone_08_aaa_point_03 {
		type:t = "Point"
		tm:m = [[0.473733, 0.0, -0.880667] [0.0, 1.0, 0.0] [0.880667, 0.0, 0.473733] [-5841.9, 120.994, 5307.96]]
		objLayer:i = 0
		props {

		}
	}
	bdt_t2_bomb_zone_08_aaa_point_04 {
		type:t = "Point"
		tm:m = [[0.473733, 0.0, -0.880667] [0.0, 1.0, 0.0] [0.880667, 0.0, 0.473733] [-5999.67, 116.657, 5556.73]]
		objLayer:i = 0
		props {

		}
	}
	bdt_t2_bomb_zone_09_aaa_point_01 {
		type:t = "Point"
		tm:m = [[0.473733, 0.0, -0.880667] [0.0, 1.0, 0.0] [0.880667, 0.0, 0.473733] [-5467.7, 117.987, 6230.55]]
		objLayer:i = 0
		props {

		}
	}
	bdt_t2_bomb_zone_09_aaa_point_02 {
		type:t = "Point"
		tm:m = [[0.473733, 0.0, -0.880667] [0.0, 1.0, 0.0] [0.880667, 0.0, 0.473733] [-5342.98, 138.799, 6874.59]]
		objLayer:i = 0
		props {

		}
	}
	bdt_t2_bomb_zone_09_aaa_point_03 {
		type:t = "Point"
		tm:m = [[0.473733, 0.0, -0.880667] [0.0, 1.0, 0.0] [0.880667, 0.0, 0.473733] [-4967.48, 133.734, 6404.56]]
		objLayer:i = 0
		props {

		}
	}
	bdt_t2_bomb_zone_09_aaa_point_04 {
		type:t = "Point"
		tm:m = [[0.473733, 0.0, -0.880667] [0.0, 1.0, 0.0] [0.880667, 0.0, 0.473733] [-5691.35, 113.296, 6535.19]]
		objLayer:i = 0
		props {

		}
	}
	bdt_t2_bomb_zone_10_aaa_point_01 {
		type:t = "Point"
		tm:m = [[0.473733, 0.0, -0.880667] [0.0, 1.0, 0.0] [0.880667, 0.0, 0.473733] [-3925.25, 141.3, 8512.92]]
		objLayer:i = 0
		props {

		}
	}
	bdt_t2_bomb_zone_10_aaa_point_02 {
		type:t = "Point"
		tm:m = [[0.473733, 0.0, -0.880667] [0.0, 1.0, 0.0] [0.880667, 0.0, 0.473733] [-3961.22, 141.046, 8315.18]]
		objLayer:i = 0
		props {

		}
	}
	bdt_t2_bomb_zone_10_aaa_point_03 {
		type:t = "Point"
		tm:m = [[0.473733, 0.0, -0.880667] [0.0, 1.0, 0.0] [0.880667, 0.0, 0.473733] [-4420.17, 140.492, 8091.11]]
		objLayer:i = 0
		props {

		}
	}
	bdt_t2_bomb_zone_10_aaa_point_04 {
		type:t = "Point"
		tm:m = [[0.473733, 0.0, -0.880667] [0.0, 1.0, 0.0] [0.880667, 0.0, 0.473733] [-4123.21, 141.633, 8796.58]]
		objLayer:i = 0
		props {

		}
	}
	bomb_zones_area {
		type:t = "Sphere"
		tm:m = [[17998.4, 0.0, 227.845] [0.0, 18000.0, 0.0] [-227.845, 0.0, 17998.4] [2216.2, 7.95125, 1076.0]]
		objLayer:i = 3
		props {

		}
	}
}
objLayers {
	layer {
		enabled:b = true
	}
	layer {
		enabled:b = true
	}
	layer {
		enabled:b = true
	}
	layer {
		enabled:b = true
	}
	layer {
		enabled:b = true
	}
}
wayPoints {

}