selected_tag:t = ""
bin_dump_file:t = ""
mission_settings {
	player {
		army:i = 1
		wing:t = "t1_player01"
	}
	player_teamB {
		army:i = 2
	}
	mission {
		level:t = "levels/avg_fulda.bin"
		type:t = "testFlight"
		environment:t = "Day"
		weather:t = "hazy"
		locName:t = "missions/testDrive"
		openDiffLevels:b = true
		restoreType:t = "manual"
		difficulty:t = ""
		optionalTakeOff:b = false
	}
	spectator_points {

	}
}
imports {
	import_record {
		file:t = "gameData/missions/training/testFlight/tank/testFlight_template.blk"
		importAreas:b = true
		importUnits:b = true
		importTriggers:b = true
		importMissionObjectives:b = true
		importWayPoints:b = true
		importDialogs:b = true
		showAreas:b = true
		showUnits:b = true
		showTriggers:b = true
		showMissionObjectives:b = true
		showWayPoints:b = true
		showDialogs:b = true
		excludes {

		}
	}
}
triggers {
	isCategory:b = true
	is_enabled:b = true
}
mission_objectives {
	isCategory:b = true
	is_enabled:b = true
}
variables {

}
dialogs {

}
airfields {

}
effects {

}
units {
	tankModels {
		name:t = "t1_player01"
		tm:m = [[-0.5, 0.0, -0.866025] [0.0, 1.0, 0.0] [0.866025, 0.0, -0.5] [2956.05, 141.163, 1441.25]]
		unit_class:t = "ussr_zprk_2s6"
		closed_waypoints:b = false
		isShipSpline:b = false
		shipTurnRadius:r = 100
		weapons:t = ""
		bullets0:t = ""
		bullets1:t = ""
		bullets2:t = ""
		bullets3:t = ""
		bulletsCount0:i = 10
		bulletsCount1:i = 0
		bulletsCount2:i = 0
		bulletsCount3:i = 0
		crewSkillK:r = 0
		applyAllMods:b = false
		props {
			army:i = 1
			count:i = 1
			formation_type:t = "rows"
			formation_div:i = 3
			formation_step:p2 = 2.5, 2
			formation_noise:p2 = 0.1, 0.1
			uniqueName:t = ""
			attack_type:t = "fire_at_will"
		}
		way {

		}
	}
	tankModels {
		name:t = "target_tank01"
		tm:m = [[-0.906308, 0.0, 0.422618] [0.0, 1.0, 0.0] [-0.422618, 0.0, -0.906308] [2046.37, 216.918, 2337.7]]
		unit_class:t = "germ_leopard_I_a1"
		objLayer:i = 1
		closed_waypoints:b = false
		isShipSpline:b = false
		shipTurnRadius:r = 100
		weapons:t = ""
		bullets0:t = ""
		bullets1:t = ""
		bullets2:t = ""
		bullets3:t = ""
		bulletsCount0:i = 100
		bulletsCount1:i = 0
		bulletsCount2:i = 0
		bulletsCount3:i = 0
		crewSkillK:r = 0
		applyAllMods:b = false
		props {
			army:i = 2
			count:i = 1
			formation_type:t = "rows"
			formation_div:i = 3
			formation_step:p2 = 2.5, 2
			formation_noise:p2 = 0.1, 0.1
			uniqueName:t = ""
			attack_type:t = "fire_at_will"
		}
		way {

		}
	}
	tankModels {
		name:t = "target_tank02"
		tm:m = [[-0.906308, 0.0, 0.422618] [0.0, 1.0, 0.0] [-0.422618, 0.0, -0.906308] [2095.99, 216.918, 2341.14]]
		unit_class:t = "uk_centurion_mk_10"
		objLayer:i = 1
		closed_waypoints:b = false
		isShipSpline:b = false
		shipTurnRadius:r = 100
		weapons:t = ""
		bullets0:t = ""
		bullets1:t = ""
		bullets2:t = ""
		bullets3:t = ""
		bulletsCount0:i = 100
		bulletsCount1:i = 0
		bulletsCount2:i = 0
		bulletsCount3:i = 0
		crewSkillK:r = 0
		applyAllMods:b = false
		props {
			army:i = 2
			count:i = 1
			formation_type:t = "rows"
			formation_div:i = 3
			formation_step:p2 = 2.5, 2
			formation_noise:p2 = 0.1, 0.1
			uniqueName:t = ""
			attack_type:t = "fire_at_will"
		}
		way {

		}
	}
	tankModels {
		name:t = "target_tank03"
		tm:m = [[-0.906308, 0.0, 0.422618] [0.0, 1.0, 0.0] [-0.422618, 0.0, -0.906308] [2145.95, 216.918, 2351.48]]
		unit_class:t = "us_m60a1_rise_passive_era"
		objLayer:i = 1
		closed_waypoints:b = false
		isShipSpline:b = false
		shipTurnRadius:r = 100
		weapons:t = ""
		bullets0:t = ""
		bullets1:t = ""
		bullets2:t = ""
		bullets3:t = ""
		bulletsCount0:i = 100
		bulletsCount1:i = 0
		bulletsCount2:i = 0
		bulletsCount3:i = 0
		crewSkillK:r = 0
		applyAllMods:b = false
		props {
			army:i = 2
			count:i = 1
			formation_type:t = "rows"
			formation_div:i = 3
			formation_step:p2 = 2.5, 2
			formation_noise:p2 = 0.1, 0.1
			uniqueName:t = ""
			attack_type:t = "fire_at_will"
		}
		way {

		}
	}
	tankModels {
		name:t = "target_tank05"
		tm:m = [[-0.906308, 0.0, 0.422618] [0.0, 1.0, 0.0] [-0.422618, 0.0, -0.906308] [2221.47, 247.209, 2368.38]]
		unit_class:t = "us_mbt_70"
		objLayer:i = 1
		closed_waypoints:b = false
		isShipSpline:b = false
		shipTurnRadius:r = 100
		weapons:t = ""
		bullets0:t = ""
		bullets1:t = ""
		bullets2:t = ""
		bullets3:t = ""
		bulletsCount0:i = 100
		bulletsCount1:i = 0
		bulletsCount2:i = 0
		bulletsCount3:i = 0
		crewSkillK:r = 0
		applyAllMods:b = false
		props {
			army:i = 2
			count:i = 1
			formation_type:t = "rows"
			formation_div:i = 3
			formation_step:p2 = 2.5, 2
			formation_noise:p2 = 0.1, 0.1
			uniqueName:t = ""
			attack_type:t = "fire_at_will"
		}
		way {

		}
	}
	tankModels {
		name:t = "target_tank06"
		tm:m = [[0.0871558, 0.0, 0.996195] [0.0, 1.0, 0.0] [-0.996195, 0.0, 0.0871558] [2320.9, 215.417, 2137.43]]
		unit_class:t = "jp_type_87"
		objLayer:i = 1
		closed_waypoints:b = true
		isShipSpline:b = false
		shipTurnRadius:r = 100
		weapons:t = ""
		bullets0:t = ""
		bullets1:t = ""
		bullets2:t = ""
		bullets3:t = ""
		bulletsCount0:i = 100
		bulletsCount1:i = 0
		bulletsCount2:i = 0
		bulletsCount3:i = 0
		crewSkillK:r = 0
		applyAllMods:b = false
		props {
			army:i = 2
			count:i = 1
			formation_type:t = "rows"
			formation_div:i = 3
			formation_step:p2 = 2.5, 2
			formation_noise:p2 = 0.1, 0.1
			uniqueName:t = ""
			attack_type:t = "fire_at_will"
		}
		way {

		}
	}
	squad {
		name:t = "target_tanks_squad"
		tm:m = [[0.793354, 0.0, -0.608761] [0.0, 1.0, 0.0] [0.608761, 0.0, 0.793354] [2253.57, 279.331, 85.9651]]
		props {
			squad_members:t = "target_tank01"
			squad_members:t = "target_tank02"
			squad_members:t = "target_tank03"
			squad_members:t = "target_tank04"
			squad_members:t = "target_tank05"
			squad_members:t = "target_tank06"
			squad_members:t = "target_tank07"
		}
	}
	tankModels {
		name:t = "target_tank04"
		tm:m = [[-0.906308, 0.0, 0.422618] [0.0, 1.0, 0.0] [-0.422618, 0.0, -0.906308] [2207.38, 216.918, 2350.88]]
		unit_class:t = "uk_chieftain_mk_10"
		objLayer:i = 1
		closed_waypoints:b = false
		isShipSpline:b = false
		shipTurnRadius:r = 100
		weapons:t = ""
		bullets0:t = ""
		bullets1:t = ""
		bullets2:t = ""
		bullets3:t = ""
		bulletsCount0:i = 100
		bulletsCount1:i = 0
		bulletsCount2:i = 0
		bulletsCount3:i = 0
		crewSkillK:r = 0
		applyAllMods:b = false
		props {
			army:i = 2
			count:i = 1
			formation_type:t = "rows"
			formation_div:i = 3
			formation_step:p2 = 2.5, 2
			formation_noise:p2 = 0.1, 0.1
			uniqueName:t = ""
			attack_type:t = "fire_at_will"
		}
		way {

		}
	}
	tankModels {
		name:t = "target_tank07"
		tm:m = [[-0.731747, 0.0, 0.681577] [0.0, 1.0, 0.0] [-0.681577, 0.0, -0.731747] [2257.93, 276.294, 2371.94]]
		unit_class:t = "us_m1_abrams"
		objLayer:i = 1
		closed_waypoints:b = false
		isShipSpline:b = false
		shipTurnRadius:r = 100
		weapons:t = ""
		bullets0:t = ""
		bullets1:t = ""
		bullets2:t = ""
		bullets3:t = ""
		bulletsCount0:i = 100
		bulletsCount1:i = 0
		bulletsCount2:i = 0
		bulletsCount3:i = 0
		crewSkillK:r = 0
		applyAllMods:b = false
		props {
			army:i = 2
			count:i = 1
			formation_type:t = "rows"
			formation_div:i = 3
			formation_step:p2 = 2.5, 2
			formation_noise:p2 = 0.1, 0.1
			uniqueName:t = ""
			attack_type:t = "fire_at_will"
		}
		way {

		}
	}
	armada {
		name:t = "flight_target01"
		tm:m = [[0.999966, 0.0, 0.00837272] [0.0, 1.0, 0.0] [-0.00837272, 0.0, 0.999966] [2002.66, 400.0, 733.509]]
		unit_class:t = "f-86f-2"
		objLayer:i = 1
		closed_waypoints:b = false
		isShipSpline:b = false
		shipTurnRadius:r = 100
		weapons:t = ""
		bullets0:t = ""
		bullets1:t = ""
		bullets2:t = ""
		bullets3:t = ""
		bulletsCount0:i = 100
		bulletsCount1:i = 0
		bulletsCount2:i = 0
		bulletsCount3:i = 0
		crewSkillK:r = 0
		applyAllMods:b = false
		props {
			army:i = 2
			count:i = 1
			free_distance:r = 70
			floating_distance:r = 50
			minimum_distance_to_earth:r = 20
			altLimit:r = 6000
			attack_type:t = "fire_at_will"
			skill:i = 4
			isDelayed:b = true
			speed:r = 600
			plane {
				wing_formation:t = "Diamond"
				row_distances:r = 3
				col_distances:r = 3
				super_formation:t = "Diamond"
				super_row_distances:r = 1.5
				super_col_distances:r = 1.5
				ai_skill:t = "NORMAL"
				task:t = "FLY_WAYPOINT"
			}
		}
		way {

		}
	}
}
areas {
	flight_point {
		type:t = "Point"
		tm:m = [[-0.998637, 0.0, 0.0521998] [0.0, 1.0, 0.0] [-0.0521998, 0.0, -0.998637] [3076.57, 400.0, 924.011]]
		objLayer:i = 0
		props {

		}
	}
	spawn_area {
		type:t = "Sphere"
		tm:m = [[60.8624, 0.0, 2.13812] [0.0, 60.9, 0.0] [-2.13812, 0.0, 60.8624] [2002.63, 400.0, 733.543]]
		objLayer:i = 0
		props {

		}
	}
	spawn01 {
		type:t = "Point"
		tm:m = [[0.108, 0.0, -0.994149] [0.0, 1.0, 0.0] [0.994149, 0.0, 0.108] [2956.05, 141.163, 1441.2]]
		objLayer:i = 0
		props {

		}
	}
	tank_spawn_area01 {
		type:t = "Sphere"
		tm:m = [[0.608761, 0.0, 0.793354] [0.0, 1.0, 0.0] [-0.793354, 0.0, 0.608761] [2835.42, 141.74, 1143.63]]
		objLayer:i = 0
		props {

		}
	}
	tank_spawn_area02 {
		type:t = "Sphere"
		tm:m = [[0.766045, 0.0, 0.642787] [0.0, 1.0, 0.0] [-0.642787, 0.0, 0.766045] [2692.33, 141.722, 949.781]]
		objLayer:i = 0
		props {

		}
	}
	tank_spawn_area03 {
		type:t = "Sphere"
		tm:m = [[0.461749, 0.0, 0.887011] [0.0, 1.0, 0.0] [-0.887011, 0.0, 0.461749] [2551.65, 141.722, 726.203]]
		objLayer:i = 0
		props {

		}
	}
	tank_spawn_area05 {
		type:t = "Sphere"
		tm:m = [[0.332161, 0.0, 0.943223] [0.0, 1.0, 0.0] [-0.943223, 0.0, 0.332161] [2498.03, 145.177, 158.14]]
		objLayer:i = 0
		props {

		}
	}
	tank_spawn_area06 {
		type:t = "Sphere"
		tm:m = [[-0.67559, 0.0, -0.737278] [0.0, 1.0, 0.0] [0.737278, 0.0, -0.67559] [2291.55, 145.4, 107.3]]
		objLayer:i = 0
		props {

		}
	}
	tank_spawn_area04 {
		type:t = "Sphere"
		tm:m = [[0.290702, 0.0, 0.956814] [0.0, 1.0, 0.0] [-0.956814, 0.0, 0.290702] [2623.45, 127.35, 394.3]]
		objLayer:i = 0
		props {

		}
	}
	tank_spawn_area07 {
		type:t = "Sphere"
		tm:m = [[0.537299, 0.0, 0.843392] [0.0, 1.0, 0.0] [-0.843392, 0.0, 0.537299] [2211.55, 141.79, -173.15]]
		objLayer:i = 0
		props {

		}
	}
	battlearea {
		type:t = "Box"
		tm:m = [[-1600.0, 0.0, 0.0] [0.0, 207.05, 0.0] [0.0, 0.0, -1600.0] [2243.45, 176.85, 786.7]]
		objLayer:i = 0
		props {

		}
	}
}
objLayers {
	layer {
		enabled:b = true
	}
	layer {
		enabled:b = true
	}
	layer {
		enabled:b = true
	}
	layer {
		enabled:b = true
	}
}
wayPoints {
	way_target_tank05 {
		closed_waypoints:b = true
		isShipSpline:b = false
		shipTurnRadius:r = 100
		way {
			target_tank05_wp_01 {
				type:t = "normal"
				tm:m = [[1.0, 0.0, 0.0] [0.0, 1.0, 0.0] [0.0, 0.0, 1.0] [2132.0, 149.25, -32.2]]
				props {
					speed:r = 30
					moveType:t = "MOVETO_STRAIGHT"
					tas:b = false
					canUsePathFinder:b = false
				}
			}
			target_tank05_wp_02 {
				type:t = "normal"
				tm:m = [[1.0, 0.0, 0.0] [0.0, 1.0, 0.0] [0.0, 0.0, 1.0] [2149.76, 152.003, 59.4784]]
				props {
					speed:r = 30
					moveType:t = "MOVETO_STRAIGHT"
					tas:b = false
					canUsePathFinder:b = false
				}
			}
			target_tank05_wp_03 {
				type:t = "normal"
				tm:m = [[1.0, 0.0, 0.0] [0.0, 1.0, 0.0] [0.0, 0.0, 1.0] [2380.35, 148.8, 117.65]]
				props {
					speed:r = 30
					moveType:t = "MOVETO_STRAIGHT"
					tas:b = false
					canUsePathFinder:b = false
				}
			}
			target_tank05_wp_04 {
				type:t = "normal"
				tm:m = [[1.0, 0.0, 0.0] [0.0, 1.0, 0.0] [0.0, 0.0, 1.0] [2492.8, 133.85, 253.65]]
				props {
					speed:r = 30
					moveType:t = "MOVETO_STRAIGHT"
					tas:b = false
					canUsePathFinder:b = false
				}
			}
			target_tank05_wp_05 {
				type:t = "normal"
				tm:m = [[1.0, 0.0, 0.0] [0.0, 1.0, 0.0] [0.0, 0.0, 1.0] [2532.65, 132.5, 330.75]]
				props {
					speed:r = 30
					moveType:t = "MOVETO_STRAIGHT"
					tas:b = false
					canUsePathFinder:b = false
				}
			}
			target_tank05_wp_06 {
				type:t = "normal"
				tm:m = [[1.0, 0.0, 0.0] [0.0, 1.0, 0.0] [0.0, 0.0, 1.0] [2585.03, 132.192, 321.429]]
				props {
					speed:r = 30
					moveType:t = "MOVETO_STRAIGHT"
					tas:b = false
					canUsePathFinder:b = false
				}
			}
			target_tank05_wp_07 {
				type:t = "normal"
				tm:m = [[1.0, 0.0, 0.0] [0.0, 1.0, 0.0] [0.0, 0.0, 1.0] [2275.78, 141.097, -25.4081]]
				props {
					speed:r = 30
					moveType:t = "MOVETO_STRAIGHT"
					tas:b = false
					canUsePathFinder:b = false
				}
			}
			target_tank05_wp_09 {
				type:t = "normal"
				tm:m = [[1.0, 0.0, 0.0] [0.0, 1.0, 0.0] [0.0, 0.0, 1.0] [2188.07, 144.744, -61.5823]]
				props {
					speed:r = 30
					moveType:t = "MOVETO_STRAIGHT"
					tas:b = false
					canUsePathFinder:b = false
				}
			}
		}
	}
}
__viewPoints {
	viewpt_01 {
		pos:p3 = 2956, -14855.8, 1441.4
		ht:r = 1.5
	}
}