selected_tag:t = ""
bin_dump_file:t = ""
mission_settings {
	player {
		army:i = 1
		wing:t = "t1_player01"
	}
	player_teamB {
		army:i = 2
	}
	mission {
		level:t = "levels/firing_range.bin"
		type:t = "testFlight"
		environment:t = "12"
		weather:t = "clear"
		locName:t = "missions/testDrive"
		openDiffLevels:b = true
		restoreType:t = "manual"
		difficulty:t = "arcade"
		optionalTakeOff:b = false
	}
	atmosphere {
		pressure:r = 760
		temperature:r = 15
	}
	spectator_points {

	}
}
imports {
	import_record {
		file:t = "gameData/missions/training/testFlight/tank/testFlight_template.blk"
		importAreas:b = true
		importUnits:b = true
		importTriggers:b = true
		importMissionObjectives:b = true
		importWayPoints:b = true
		importDialogs:b = true
		showAreas:b = true
		showUnits:b = true
		showTriggers:b = true
		showMissionObjectives:b = true
		showWayPoints:b = true
		showDialogs:b = true
		excludes {

		}
	}
}
triggers {
	isCategory:b = true
	is_enabled:b = true
}
mission_objectives {
	isCategory:b = true
	is_enabled:b = true
}
variables {

}
dialogs {

}
airfields {

}
effects {

}
units {
	tankModels {
		name:t = "t1_player01"
		tm:m = [[0.939692, 0.0, 0.34202] [0.0, 1.0, 0.0] [-0.34202, 0.0, 0.939692] [1724.72, 217.534, 1788.19]]
		unit_class:t = "ussr_t_80bvm"
		closed_waypoints:b = false
		isShipSpline:b = false
		shipTurnRadius:r = 100
		weapons:t = ""
		bullets0:t = ""
		bullets1:t = ""
		bullets2:t = ""
		bullets3:t = ""
		bulletsCount0:i = 10
		bulletsCount1:i = 0
		bulletsCount2:i = 0
		bulletsCount3:i = 0
		crewSkillK:r = 0
		applyAllMods:b = false
		props {
			army:i = 1
			count:i = 1
			formation_type:t = "rows"
			formation_div:i = 3
			formation_step:p2 = 2.5, 2
			formation_noise:p2 = 0.1, 0.1
			uniqueName:t = ""
			attack_type:t = "fire_at_will"
		}
		way {

		}
	}
	tankModels {
		name:t = "target_tank01"
		tm:m = [[-0.906308, 0.0, 0.422618] [0.0, 1.0, 0.0] [-0.422618, 0.0, -0.906308] [2046.37, 216.918, 2337.7]]
		unit_class:t = "jp_type_95_ha_go"
		objLayer:i = 1
		closed_waypoints:b = false
		isShipSpline:b = false
		shipTurnRadius:r = 100
		weapons:t = ""
		bullets0:t = ""
		bullets1:t = ""
		bullets2:t = ""
		bullets3:t = ""
		bulletsCount0:i = 100
		bulletsCount1:i = 0
		bulletsCount2:i = 0
		bulletsCount3:i = 0
		crewSkillK:r = 0
		applyAllMods:b = false
		props {
			army:i = 2
			count:i = 1
			formation_type:t = "rows"
			formation_div:i = 3
			formation_step:p2 = 2.5, 2
			formation_noise:p2 = 0.1, 0.1
			uniqueName:t = ""
			attack_type:t = "fire_at_will"
		}
		way {

		}
	}
	tankModels {
		name:t = "target_tank02"
		tm:m = [[-0.906308, 0.0, 0.422618] [0.0, 1.0, 0.0] [-0.422618, 0.0, -0.906308] [2095.99, 216.918, 2341.14]]
		unit_class:t = "jp_type_2_ho_i"
		objLayer:i = 1
		closed_waypoints:b = false
		isShipSpline:b = false
		shipTurnRadius:r = 100
		weapons:t = ""
		bullets0:t = ""
		bullets1:t = ""
		bullets2:t = ""
		bullets3:t = ""
		bulletsCount0:i = 100
		bulletsCount1:i = 0
		bulletsCount2:i = 0
		bulletsCount3:i = 0
		crewSkillK:r = 0
		applyAllMods:b = false
		props {
			army:i = 2
			count:i = 1
			formation_type:t = "rows"
			formation_div:i = 3
			formation_step:p2 = 2.5, 2
			formation_noise:p2 = 0.1, 0.1
			uniqueName:t = ""
			attack_type:t = "fire_at_will"
		}
		way {

		}
	}
	tankModels {
		name:t = "target_tank03"
		tm:m = [[-0.906308, 0.0, 0.422618] [0.0, 1.0, 0.0] [-0.422618, 0.0, -0.906308] [2145.95, 216.918, 2351.48]]
		unit_class:t = "jp_type_4_chi_to"
		objLayer:i = 1
		closed_waypoints:b = false
		isShipSpline:b = false
		shipTurnRadius:r = 100
		weapons:t = ""
		bullets0:t = ""
		bullets1:t = ""
		bullets2:t = ""
		bullets3:t = ""
		bulletsCount0:i = 100
		bulletsCount1:i = 0
		bulletsCount2:i = 0
		bulletsCount3:i = 0
		crewSkillK:r = 0
		applyAllMods:b = false
		props {
			army:i = 2
			count:i = 1
			formation_type:t = "rows"
			formation_div:i = 3
			formation_step:p2 = 2.5, 2
			formation_noise:p2 = 0.1, 0.1
			uniqueName:t = ""
			attack_type:t = "fire_at_will"
		}
		way {

		}
	}
	tankModels {
		name:t = "target_tank05"
		tm:m = [[-0.906308, 0.0, 0.422618] [0.0, 1.0, 0.0] [-0.422618, 0.0, -0.906308] [2221.47, 247.209, 2368.38]]
		unit_class:t = "jp_type_5_ho_ri_prototype"
		objLayer:i = 1
		closed_waypoints:b = false
		isShipSpline:b = false
		shipTurnRadius:r = 100
		weapons:t = ""
		bullets0:t = ""
		bullets1:t = ""
		bullets2:t = ""
		bullets3:t = ""
		bulletsCount0:i = 100
		bulletsCount1:i = 0
		bulletsCount2:i = 0
		bulletsCount3:i = 0
		crewSkillK:r = 0
		applyAllMods:b = false
		props {
			army:i = 2
			count:i = 1
			formation_type:t = "rows"
			formation_div:i = 3
			formation_step:p2 = 2.5, 2
			formation_noise:p2 = 0.1, 0.1
			uniqueName:t = ""
			attack_type:t = "fire_at_will"
		}
		way {

		}
	}
	tankModels {
		name:t = "target_tank06"
		tm:m = [[0.0871558, 0.0, 0.996195] [0.0, 1.0, 0.0] [-0.996195, 0.0, 0.0871558] [2352.56, 215.417, 2429.19]]
		unit_class:t = "jp_type_95_so_ki"
		objLayer:i = 1
		closed_waypoints:b = true
		isShipSpline:b = false
		shipTurnRadius:r = 100
		weapons:t = ""
		bullets0:t = ""
		bullets1:t = ""
		bullets2:t = ""
		bullets3:t = ""
		bulletsCount0:i = 100
		bulletsCount1:i = 0
		bulletsCount2:i = 0
		bulletsCount3:i = 0
		crewSkillK:r = 0
		applyAllMods:b = false
		props {
			army:i = 2
			count:i = 1
			formation_type:t = "rows"
			formation_div:i = 3
			formation_step:p2 = 2.5, 2
			formation_noise:p2 = 0.1, 0.1
			uniqueName:t = ""
			attack_type:t = "fire_at_will"
		}
		way {

		}
	}
	squad {
		name:t = "target_tanks_squad"
		tm:m = [[0.766044, 0.0, 0.642788] [0.0, 1.0, 0.0] [-0.642788, 0.0, 0.766044] [2182.11, 251.17, 1045.65]]
		props {
			squad_members:t = "target_tank01"
			squad_members:t = "target_tank02"
			squad_members:t = "target_tank03"
			squad_members:t = "target_tank04"
			squad_members:t = "target_tank05"
			squad_members:t = "target_tank06"
			squad_members:t = "target_tank07"
			squad_members:t = "target_tank08"
			object_marking:i = 0
		}
	}
	tankModels {
		name:t = "target_tank04"
		tm:m = [[-0.906308, 0.0, 0.422618] [0.0, 1.0, 0.0] [-0.422618, 0.0, -0.906308] [2207.38, 216.918, 2350.88]]
		unit_class:t = "jp_type_5_chi_ri"
		objLayer:i = 1
		closed_waypoints:b = false
		isShipSpline:b = false
		shipTurnRadius:r = 100
		weapons:t = ""
		bullets0:t = ""
		bullets1:t = ""
		bullets2:t = ""
		bullets3:t = ""
		bulletsCount0:i = 100
		bulletsCount1:i = 0
		bulletsCount2:i = 0
		bulletsCount3:i = 0
		crewSkillK:r = 0
		applyAllMods:b = false
		props {
			army:i = 2
			count:i = 1
			formation_type:t = "rows"
			formation_div:i = 3
			formation_step:p2 = 2.5, 2
			formation_noise:p2 = 0.1, 0.1
			uniqueName:t = ""
			attack_type:t = "fire_at_will"
		}
		way {

		}
	}
	tankModels {
		name:t = "target_tank07"
		tm:m = [[-0.731747, 0.0, 0.681577] [0.0, 1.0, 0.0] [-0.681577, 0.0, -0.731747] [2354.39, 276.294, 2372.95]]
		unit_class:t = "jp_type_5_ho_ri_production"
		objLayer:i = 1
		closed_waypoints:b = false
		isShipSpline:b = false
		shipTurnRadius:r = 100
		weapons:t = ""
		bullets0:t = ""
		bullets1:t = ""
		bullets2:t = ""
		bullets3:t = ""
		bulletsCount0:i = 100
		bulletsCount1:i = 0
		bulletsCount2:i = 0
		bulletsCount3:i = 0
		crewSkillK:r = 0
		applyAllMods:b = false
		props {
			army:i = 2
			count:i = 1
			formation_type:t = "rows"
			formation_div:i = 3
			formation_step:p2 = 2.5, 2
			formation_noise:p2 = 0.1, 0.1
			uniqueName:t = ""
			attack_type:t = "fire_at_will"
		}
		way {

		}
	}
	armada {
		name:t = "flight_target01"
		tm:m = [[-0.94474, 0.23104, 0.232569] [0.255445, 0.963463, 0.0805416] [-0.205463, 0.1355, -0.96924] [3066.3, 400.0, 1602.61]]
		unit_class:t = "j1n1_mod11_early"
		objLayer:i = 1
		closed_waypoints:b = true
		isShipSpline:b = false
		shipTurnRadius:r = 100
		dontOverrideHeight:b = true
		weapons:t = "j1n1_2x60kg_bombs"
		bullets0:t = ""
		bullets1:t = ""
		bullets2:t = ""
		bullets3:t = ""
		bulletsCount0:i = 100
		bulletsCount1:i = 0
		bulletsCount2:i = 0
		bulletsCount3:i = 0
		crewSkillK:r = 0
		applyAllMods:b = false
		props {
			army:i = 2
			count:i = 1
			free_distance:r = 70
			floating_distance:r = 50
			minimum_distance_to_earth:r = 20
			altLimit:r = 6000
			attack_type:t = "fire_at_will"
			skill:i = 4
			isDelayed:b = true
			aiEnabled:b = true
			plane {
				wing_formation:t = "Diamond"
				row_distances:r = 3
				col_distances:r = 3
				super_formation:t = "Diamond"
				super_row_distances:r = 1.5
				super_col_distances:r = 1.5
				ai_skill:t = "NORMAL"
				task:t = "FLY_WAYPOINT"
			}
		}
		way {
			flight_target01_wp_01 {
				type:t = "normal"
				tm:m = [[1.0, 0.0, 0.0] [0.0, 1.0, 0.0] [0.0, 0.0, 1.0] [2309.75, 800.5, -1353.84]]
				props {
					speed:r = 300
					moveType:t = "MOVETO_STRAIGHT"
				}
			}
			flight_target01_wp_02 {
				type:t = "normal"
				tm:m = [[1.0, 0.0, 0.0] [0.0, 1.0, 0.0] [0.0, 0.0, 1.0] [873.99, 805.05, 4682.28]]
				props {
					speed:r = 300
					moveType:t = "MOVETO_STRAIGHT"
				}
			}
			flight_target01_wp_03 {
				type:t = "normal"
				tm:m = [[1.0, 0.0, 0.0] [0.0, 1.0, 0.0] [0.0, 0.0, 1.0] [2959.9, 431.75, 1531.1]]
				props {
					speed:r = 300
					moveType:t = "MOVETO_STRAIGHT"
				}
			}
		}
	}
	tankModels {
		name:t = "target_tank08"
		tm:m = [[-0.731747, 0.0, 0.681577] [0.0, 1.0, 0.0] [-0.681577, 0.0, -0.731747] [2377.79, 276.294, 2086.43]]
		unit_class:t = "jp_type_94"
		objLayer:i = 1
		closed_waypoints:b = false
		isShipSpline:b = false
		shipTurnRadius:r = 100
		weapons:t = ""
		bullets0:t = ""
		bullets1:t = ""
		bullets2:t = ""
		bullets3:t = ""
		bulletsCount0:i = 100
		bulletsCount1:i = 0
		bulletsCount2:i = 0
		bulletsCount3:i = 0
		crewSkillK:r = 0
		applyAllMods:b = false
		props {
			army:i = 2
			count:i = 1
			formation_type:t = "rows"
			formation_div:i = 3
			formation_step:p2 = 2.5, 2
			formation_noise:p2 = 0.1, 0.1
			uniqueName:t = ""
			attack_type:t = "fire_at_will"
		}
		way {

		}
	}
	objectGroups {
		name:t = "noobj01"
		tm:m = [[0.734088, 0.0, 0.679054] [0.0, 1.0, 0.0] [-0.679054, 0.0, 0.734088] [1822.33, 217.241, 1805.72]]
		unit_class:t = "noTreeObjectGroup10"
		objLayer:i = 1
		props {
			army:i = 2
			active:b = true
		}
	}
	objectGroups {
		name:t = "noobj02"
		tm:m = [[0.734088, 0.0, 0.679054] [0.0, 1.0, 0.0] [-0.679054, 0.0, 0.734088] [1957.6, 217.241, 1789.72]]
		unit_class:t = "noTreeObjectGroup10"
		objLayer:i = 1
		props {
			army:i = 2
			active:b = true
		}
	}
	objectGroups {
		name:t = "noobj03"
		tm:m = [[0.734088, 0.0, 0.679054] [0.0, 1.0, 0.0] [-0.679054, 0.0, 0.734088] [2118.47, 218.172, 1807.8]]
		unit_class:t = "noTreeObjectGroup10"
		objLayer:i = 1
		props {
			army:i = 2
			active:b = true
		}
	}
	objectGroups {
		name:t = "noobj04"
		tm:m = [[1.0, 0.0, 0.0] [0.0, 1.0, 0.0] [0.0, 0.0, 1.0] [2316.43, 218.097, 1836.29]]
		unit_class:t = "noTreeObjectGroup10"
		objLayer:i = 1
		props {
			army:i = 2
			active:b = true
		}
	}
	objectGroups {
		name:t = "noobj05"
		tm:m = [[0.734088, 0.0, 0.679054] [0.0, 1.0, 0.0] [-0.679054, 0.0, 0.734088] [2513.51, 218.565, 1871.0]]
		unit_class:t = "noTreeObjectGroup10"
		objLayer:i = 1
		props {
			army:i = 2
			active:b = true
		}
	}
	objectGroups {
		name:t = "noobj06"
		tm:m = [[0.734088, 0.0, 0.679054] [0.0, 1.0, 0.0] [-0.679054, 0.0, 0.734088] [2913.94, 237.325, 1930.75]]
		unit_class:t = "noTreeObjectGroup10"
		objLayer:i = 1
		props {
			army:i = 2
			active:b = true
		}
	}
	objectGroups {
		name:t = "noobj07"
		tm:m = [[0.734088, 0.0, 0.679054] [0.0, 1.0, 0.0] [-0.679054, 0.0, 0.734088] [2034.03, 238.156, 1065.21]]
		unit_class:t = "noTreeObjectGroup10"
		objLayer:i = 1
		props {
			army:i = 2
			active:b = true
		}
	}
	objectGroups {
		name:t = "noobj08"
		tm:m = [[0.734088, 0.0, 0.679054] [0.0, 1.0, 0.0] [-0.679054, 0.0, 0.734088] [1942.39, 229.465, 1356.75]]
		unit_class:t = "noTreeObjectGroup10"
		objLayer:i = 1
		props {
			army:i = 2
			active:b = true
		}
	}
	objectGroups {
		name:t = "noobj09"
		tm:m = [[0.734088, 0.0, 0.679054] [0.0, 1.0, 0.0] [-0.679054, 0.0, 0.734088] [1996.47, 217.241, 1272.41]]
		unit_class:t = "noTreeObjectGroup10"
		objLayer:i = 1
		props {
			army:i = 2
			active:b = true
		}
	}
	objectGroups {
		name:t = "noobj10"
		tm:m = [[0.734088, 0.0, 0.679054] [0.0, 1.0, 0.0] [-0.679054, 0.0, 0.734088] [2077.07, 217.241, 1239.13]]
		unit_class:t = "noTreeObjectGroup10"
		objLayer:i = 1
		props {
			army:i = 2
			active:b = true
		}
	}
	objectGroups {
		name:t = "noobj11"
		tm:m = [[0.734088, 0.0, 0.679054] [0.0, 1.0, 0.0] [-0.679054, 0.0, 0.734088] [2143.87, 217.241, 1211.51]]
		unit_class:t = "noTreeObjectGroup10"
		objLayer:i = 1
		props {
			army:i = 2
			active:b = true
		}
	}
	objectGroups {
		name:t = "noobj12"
		tm:m = [[0.734088, 0.0, 0.679054] [0.0, 1.0, 0.0] [-0.679054, 0.0, 0.734088] [2222.79, 217.241, 1185.82]]
		unit_class:t = "noTreeObjectGroup10"
		objLayer:i = 1
		props {
			army:i = 2
			active:b = true
		}
	}
	armada {
		name:t = "flight_target02"
		tm:m = [[-0.73239, 0.23104, -0.64049] [0.0805416, 0.963463, 0.255445] [0.676106, 0.1355, -0.724239] [3362.63, 735.0, 3869.03]]
		unit_class:t = "bf-110c-4"
		objLayer:i = 1
		closed_waypoints:b = true
		isShipSpline:b = false
		shipTurnRadius:r = 100
		weapons:t = ""
		bullets0:t = ""
		bullets1:t = ""
		bullets2:t = ""
		bullets3:t = ""
		bulletsCount0:i = 100
		bulletsCount1:i = 0
		bulletsCount2:i = 0
		bulletsCount3:i = 0
		crewSkillK:r = 0
		applyAllMods:b = false
		props {
			army:i = 2
			count:i = 1
			free_distance:r = 70
			floating_distance:r = 50
			minimum_distance_to_earth:r = 20
			altLimit:r = 6000
			attack_type:t = "fire_at_will"
			skill:i = 4
			isDelayed:b = true
			aiEnabled:b = true
			plane {
				wing_formation:t = "Diamond"
				row_distances:r = 3
				col_distances:r = 3
				super_formation:t = "Diamond"
				super_row_distances:r = 1.5
				super_col_distances:r = 1.5
				ai_skill:t = "NORMAL"
				task:t = "FLY_WAYPOINT"
			}
		}
		way {
			flight_target02_wp_01 {
				type:t = "normal"
				tm:m = [[1.0, 0.0, 0.0] [0.0, 1.0, 0.0] [0.0, 0.0, 1.0] [275.622, 736.55, 3341.03]]
				props {
					speed:r = 300
					moveType:t = "MOVETO_STRAIGHT"
				}
			}
			flight_target02_wp_02 {
				type:t = "normal"
				tm:m = [[1.0, 0.0, 0.0] [0.0, 1.0, 0.0] [0.0, 0.0, 1.0] [3526.6, 831.1, -1168.2]]
				props {
					speed:r = 300
					moveType:t = "MOVETO_STRAIGHT"
				}
			}
			flight_target02_wp_03 {
				type:t = "normal"
				tm:m = [[1.0, 0.0, 0.0] [0.0, 1.0, 0.0] [0.0, 0.0, 1.0] [3317.18, 750.0, 3781.25]]
				props {
					speed:r = 300
					moveType:t = "MOVETO_STRAIGHT"
				}
			}
		}
	}
	objectGroups {
		name:t = "rearm_circle"
		tm:m = [[1.0, 0.0, 0.0] [0.0, 1.0, 0.0] [0.0, 0.0, 1.0] [1790.3, 218.0, 1819.55]]
		unit_class:t = "capture_zone_circle"
		objLayer:i = 2
		props {
			army:i = 0
			active:b = true
		}
	}
}
areas {
	flight_point {
		type:t = "Point"
		tm:m = [[-0.267107, 0.0, -0.963667] [0.0, 1.0, 0.0] [0.963667, 0.0, -0.267107] [277.406, 738.656, 3346.78]]
		objLayer:i = 0
		props {

		}
	}
	spawn_area {
		type:t = "Sphere"
		tm:m = [[-58.2959, 0.0, 17.618] [0.0, 60.9, 0.0] [-17.618, 0.0, -58.2959] [3059.71, 400.0, 1585.05]]
		objLayer:i = 0
		props {

		}
	}
	spawn01 {
		type:t = "Point"
		tm:m = [[0.999988, 0.0, 0.00471234] [0.0, 1.0, 0.0] [-0.00471234, 0.0, 0.999988] [1724.71, 218.068, 1788.19]]
		objLayer:i = 0
		props {

		}
	}
	tank_spawn_area01 {
		type:t = "Sphere"
		tm:m = [[-0.993852, 0.0, 0.110723] [0.0, 1.0, 0.0] [-0.110723, 0.0, -0.993852] [1949.84, 217.241, 1784.36]]
		objLayer:i = 0
		props {

		}
	}
	tank_spawn_area02 {
		type:t = "Sphere"
		tm:m = [[-0.993852, 0.0, 0.110723] [0.0, 1.0, 0.0] [-0.110723, 0.0, -0.993852] [2122.54, 218.172, 1804.45]]
		objLayer:i = 0
		props {

		}
	}
	tank_spawn_area03 {
		type:t = "Sphere"
		tm:m = [[-0.993852, 0.0, 0.110723] [0.0, 1.0, 0.0] [-0.110723, 0.0, -0.993852] [2318.7, 218.097, 1833.45]]
		objLayer:i = 0
		props {

		}
	}
	tank_spawn_area05 {
		type:t = "Sphere"
		tm:m = [[-0.993852, 0.0, 0.110723] [0.0, 1.0, 0.0] [-0.110723, 0.0, -0.993852] [2905.36, 235.407, 1934.55]]
		objLayer:i = 0
		props {

		}
	}
	tank_spawn_area06 {
		type:t = "Sphere"
		tm:m = [[-0.0635388, 0.0, 0.99798] [0.0, 1.0, 0.0] [-0.99798, 0.0, -0.0635388] [2039.58, 219.45, 1341.87]]
		objLayer:i = 0
		props {

		}
	}
	tank_spawn_area04 {
		type:t = "Sphere"
		tm:m = [[-0.993852, 0.0, 0.110723] [0.0, 1.0, 0.0] [-0.110723, 0.0, -0.993852] [2514.1, 218.565, 1868.75]]
		objLayer:i = 0
		props {

		}
	}
	tank_spawn_area07 {
		type:t = "Sphere"
		tm:m = [[0.0672673, 0.0, 0.997736] [0.0, 1.0, 0.0] [-0.997736, 0.0, 0.0672673] [2021.45, 229.623, 1053.23]]
		objLayer:i = 0
		props {

		}
	}
	tank_spawn_area08 {
		type:t = "Sphere"
		tm:m = [[-0.0635388, 0.0, 0.99798] [0.0, 1.0, 0.0] [-0.99798, 0.0, -0.0635388] [1822.19, 217.241, 1806.82]]
		objLayer:i = 0
		props {

		}
	}
	flight_point02 {
		type:t = "Point"
		tm:m = [[1.0, 0.0, 0.0] [0.0, 1.0, 0.0] [0.0, 0.0, 1.0] [2295.33, 831.1, -1331.09]]
		objLayer:i = 0
		props {

		}
	}
	spawn_area02 {
		type:t = "Sphere"
		tm:m = [[-47.8689, 0.0, -37.6479] [0.0, 60.9, 0.0] [37.6479, 0.0, -47.8689] [3374.75, 735.0, 3867.38]]
		objLayer:i = 0
		props {

		}
	}
	game_area {
		type:t = "Box"
		tm:m = [[-1600.0, 0.0, 0.0] [0.0, 400.0, 0.0] [0.0, 0.0, -1600.0] [2319.45, 0.0, 1697.25]]
		objLayer:i = 0
		props {

		}
	}
	rearm_area {
		type:t = "Cylinder"
		tm:m = [[25.0, 0.0, 0.0] [0.0, 20.0, 0.0] [0.0, 0.0, 25.0] [1790.28, 217.081, 1819.55]]
		objLayer:i = 0
		props {

		}
	}
}
objLayers {
	layer {
		enabled:b = true
	}
	layer {
		enabled:b = true
	}
	layer {
		enabled:b = true
	}
	layer {
		enabled:b = true
	}
}
wayPoints {
	way_target_tank05 {
		closed_waypoints:b = true
		isShipSpline:b = false
		shipTurnRadius:r = 100
		way {
			target_tank05_wp_01 {
				type:t = "normal"
				tm:m = [[1.0, 0.0, 0.0] [0.0, 1.0, 0.0] [0.0, 0.0, 1.0] [1818.56, 221.699, 1496.19]]
				props {
					speed:r = 30
					moveType:t = "MOVETO_STRAIGHT"
					tas:b = false
					canUsePathFinder:b = false
				}
			}
			target_tank05_wp_02 {
				type:t = "normal"
				tm:m = [[1.0, 0.0, 0.0] [0.0, 1.0, 0.0] [0.0, 0.0, 1.0] [1933.33, 221.699, 1410.21]]
				props {
					speed:r = 30
					moveType:t = "MOVETO_STRAIGHT"
					tas:b = false
					canUsePathFinder:b = false
				}
			}
			target_tank05_wp_03 {
				type:t = "normal"
				tm:m = [[1.0, 0.0, 0.0] [0.0, 1.0, 0.0] [0.0, 0.0, 1.0] [2045.0, 221.699, 1345.71]]
				props {
					speed:r = 30
					moveType:t = "MOVETO_STRAIGHT"
					tas:b = false
					canUsePathFinder:b = false
				}
			}
			target_tank05_wp_04 {
				type:t = "normal"
				tm:m = [[1.0, 0.0, 0.0] [0.0, 1.0, 0.0] [0.0, 0.0, 1.0] [2132.17, 221.699, 1308.27]]
				props {
					speed:r = 30
					moveType:t = "MOVETO_STRAIGHT"
					tas:b = false
					canUsePathFinder:b = false
				}
			}
			target_tank05_wp_05 {
				type:t = "normal"
				tm:m = [[1.0, 0.0, 0.0] [0.0, 1.0, 0.0] [0.0, 0.0, 1.0] [2208.17, 221.699, 1255.38]]
				props {
					speed:r = 30
					moveType:t = "MOVETO_STRAIGHT"
					tas:b = false
					canUsePathFinder:b = false
				}
			}
			target_tank05_wp_06 {
				type:t = "normal"
				tm:m = [[1.0, 0.0, 0.0] [0.0, 1.0, 0.0] [0.0, 0.0, 1.0] [2156.67, 221.699, 1197.32]]
				props {
					speed:r = 30
					moveType:t = "MOVETO_STRAIGHT"
					tas:b = false
					canUsePathFinder:b = false
				}
			}
			target_tank05_wp_07 {
				type:t = "normal"
				tm:m = [[1.0, 0.0, 0.0] [0.0, 1.0, 0.0] [0.0, 0.0, 1.0] [1989.65, 221.699, 1295.98]]
				props {
					speed:r = 30
					moveType:t = "MOVETO_STRAIGHT"
					tas:b = false
					canUsePathFinder:b = false
				}
			}
			target_tank05_wp_09 {
				type:t = "normal"
				tm:m = [[1.0, 0.0, 0.0] [0.0, 1.0, 0.0] [0.0, 0.0, 1.0] [1936.93, 221.699, 1383.62]]
				props {
					speed:r = 30
					moveType:t = "MOVETO_STRAIGHT"
					tas:b = false
					canUsePathFinder:b = false
				}
			}
		}
	}
}