selected_tag:t = ""
bin_dump_file:t = ""
mission_settings {
	player {
		army:i = 1
	}
	player_teamB {
		army:i = 2
	}
	mission {
		level:t = "levels/guadalcanal.bin"
		type:t = "domination"
		environment:t = "Day"
		weather:t = "hazy"
		locName:t = "missions/guadalcanal_BfD_norespawn"
		locDesc:t = "missions/_BfD_norespawn/desc"
		scoreLimit:i = 7600
		timeLimit:i = 25
		deathPenaltyMul:r = 0.4
		country_axis:t = "japan"
		country_allies:t = "usa"
		restoreType:t = "attempts"
		optionalTakeOff:b = false
		allowedUnitTypes {
			isAirplanesAllowed:b = true
			isTanksAllowed:b = false
			isShipsAllowed:b = false
			isHelicoptersAllowed:b = false
		}
	}
}
imports {

}
triggers {
	isCategory:b = true
	is_enabled:b = true
}
mission_objectives {
	isCategory:b = true
	is_enabled:b = true
}
variables {

}
dialogs {

}
airfields {

}
effects {

}
units {
	squad {
		name:t = "t2_carriers_squad"
		tm:m = [[0.223723, 0.0, 0.974653] [0.0, 1.0, 0.0] [-0.974653, 0.0, 0.223723] [49322.9, -2.97986, -29111.2]]
		props {
			squad_members:t = "t2_carrier_01"
			object_marking:i = 0
		}
	}
	squad {
		name:t = "t1_carriers_squad"
		tm:m = [[-0.977885, 0.0, -0.209144] [0.0, 1.0, 0.0] [0.209144, 0.0, -0.977885] [50490.8, 1.01367, -56181.4]]
		props {
			squad_members:t = "t1_carrier_02"
			object_marking:i = 0
		}
	}
	ships {
		name:t = "t1_carrier_02"
		tm:m = [[-0.939692, 0.0, 0.34202] [0.0, 1.0, 0.0] [-0.34202, 0.0, -0.939692] [23854.0, 54.9902, -23101.5]]
		unit_class:t = "us_aircraftcarrier_forrestal"
		closed_waypoints:b = true
		isShipSpline:b = true
		shipTurnRadius:r = 100
		weapons:t = ""
		bullets0:t = ""
		bullets1:t = ""
		bullets2:t = ""
		bullets3:t = ""
		bulletsCount0:i = 0
		bulletsCount1:i = 0
		bulletsCount2:i = 0
		bulletsCount3:i = 0
		crewSkillK:r = 0
		applyAllMods:b = false
		props {
			army:i = 1
			count:i = 1
			formation_type:t = "rows"
			formation_div:i = 3
			formation_step:p2 = 2.5, 2
			formation_noise:p2 = 0.1, 0.1
			uniqueName:t = ""
			attack_type:t = "fire_at_will"
		}
		way {
			t1_carrier_02_wp_01 {
				type:t = "normal"
				tm:m = [[1.0, 0.0, 0.0] [0.0, 1.0, 0.0] [0.0, 0.0, 1.0] [22384.6, 0.990234, -22566.8]]
				props {
					speed:r = 30
					moveType:t = "MOVETO_STRAIGHT"
				}
			}
			t1_carrier_02_wp_02 {
				type:t = "normal"
				tm:m = [[1.0, 0.0, 0.0] [0.0, 1.0, 0.0] [0.0, 0.0, 1.0] [15194.9, 0.990234, -19949.9]]
				props {
					speed:r = 30
					moveType:t = "MOVETO_STRAIGHT"
				}
			}
			t1_carrier_02_wp_03 {
				type:t = "normal"
				tm:m = [[1.0, 0.0, 0.0] [0.0, 1.0, 0.0] [0.0, 0.0, 1.0] [14375.2, 0.992184, -21220.0]]
				props {
					speed:r = 30
					moveType:t = "MOVETO_STRAIGHT"
				}
			}
		}
	}
	ships {
		name:t = "t2_carrier_01"
		tm:m = [[-0.996194, 0.0, 0.0871564] [0.0, 1.0, 0.0] [-0.0871564, 0.0, -0.996194] [25358.0, 54.9991, 22736.7]]
		unit_class:t = "us_aircraftcarrier_forrestal"
		closed_waypoints:b = true
		isShipSpline:b = true
		shipTurnRadius:r = 100
		weapons:t = ""
		bullets0:t = ""
		bullets1:t = ""
		bullets2:t = ""
		bullets3:t = ""
		bulletsCount0:i = 0
		bulletsCount1:i = 0
		bulletsCount2:i = 0
		bulletsCount3:i = 0
		crewSkillK:r = 0
		applyAllMods:b = false
		props {
			army:i = 2
			count:i = 1
			formation_type:t = "rows"
			formation_div:i = 3
			formation_step:p2 = 2.5, 2
			formation_noise:p2 = 0.1, 0.1
			uniqueName:t = ""
			attack_type:t = "fire_at_will"
		}
		way {
			t1_carrier_05_wp_01 {
				type:t = "normal"
				tm:m = [[1.0, 0.0, 0.0] [0.0, 1.0, 0.0] [0.0, 0.0, 1.0] [22430.0, 1.0, 22992.7]]
				props {
					speed:r = 30
					moveType:t = "MOVETO_STRAIGHT"
				}
			}
			t1_carrier_05_wp_02 {
				type:t = "normal"
				tm:m = [[1.0, 0.0, 0.0] [0.0, 1.0, 0.0] [0.0, 0.0, 1.0] [14807.8, 1.0141, 23659.6]]
				props {
					speed:r = 30
					moveType:t = "MOVETO_STRAIGHT"
				}
			}
			t1_carrier_05_wp_03 {
				type:t = "normal"
				tm:m = [[1.0, 0.0, 0.0] [0.0, 1.0, 0.0] [0.0, 0.0, 1.0] [14382.0, 0.99707, 22192.4]]
				props {
					speed:r = 30
					moveType:t = "MOVETO_STRAIGHT"
				}
			}
		}
	}
	ships {
		name:t = "t1_carrier_destroyer_01"
		tm:m = [[-0.939692, 0.0, 0.34202] [0.0, 1.0, 0.0] [-0.34202, 0.0, -0.939692] [24374.0, 54.9902, -23205.8]]
		unit_class:t = "us_destroyer_mitscher"
		closed_waypoints:b = true
		isShipSpline:b = true
		shipTurnRadius:r = 100
		weapons:t = ""
		bullets0:t = ""
		bullets1:t = ""
		bullets2:t = ""
		bullets3:t = ""
		bulletsCount0:i = 0
		bulletsCount1:i = 0
		bulletsCount2:i = 0
		bulletsCount3:i = 0
		crewSkillK:r = 0
		applyAllMods:b = false
		props {
			army:i = 1
			count:i = 1
			formation_type:t = "rows"
			formation_div:i = 3
			formation_step:p2 = 2.5, 2
			formation_noise:p2 = 0.1, 0.1
			uniqueName:t = ""
			attack_type:t = "fire_at_will"
		}
		way {
			t1_carrier_04_wp_07 {
				type:t = "normal"
				tm:m = [[1.0, 0.0, 0.0] [0.0, 1.0, 0.0] [0.0, 0.0, 1.0] [23039.9, -23.4248, -22662.7]]
				props {
					speed:r = 30
					moveType:t = "MOVETO_STRAIGHT"
				}
			}
			t1_carrier_04_wp_08 {
				type:t = "normal"
				tm:m = [[1.0, 0.0, 0.0] [0.0, 1.0, 0.0] [0.0, 0.0, 1.0] [14965.9, 0.990234, -19483.8]]
				props {
					speed:r = 30
					moveType:t = "MOVETO_STRAIGHT"
				}
			}
			t1_carrier_04_wp_09 {
				type:t = "normal"
				tm:m = [[1.0, 0.0, 0.0] [0.0, 1.0, 0.0] [0.0, 0.0, 1.0] [13509.6, 0.992184, -21645.3]]
				props {
					speed:r = 33
					moveType:t = "MOVETO_STRAIGHT"
				}
			}
		}
	}
	ships {
		name:t = "t2_carrier_destroyer_03"
		tm:m = [[-0.996194, 0.0, 0.0871564] [0.0, 1.0, 0.0] [-0.0871564, 0.0, -0.996194] [26018.3, 54.9991, 22354.1]]
		unit_class:t = "us_destroyer_mitscher"
		closed_waypoints:b = true
		isShipSpline:b = true
		shipTurnRadius:r = 100
		weapons:t = ""
		bullets0:t = ""
		bullets1:t = ""
		bullets2:t = ""
		bullets3:t = ""
		bulletsCount0:i = 0
		bulletsCount1:i = 0
		bulletsCount2:i = 0
		bulletsCount3:i = 0
		crewSkillK:r = 0
		applyAllMods:b = false
		props {
			army:i = 2
			count:i = 1
			formation_type:t = "rows"
			formation_div:i = 3
			formation_step:p2 = 2.5, 2
			formation_noise:p2 = 0.1, 0.1
			uniqueName:t = ""
			attack_type:t = "fire_at_will"
		}
		way {
			t2_carrier_04_wp_07 {
				type:t = "normal"
				tm:m = [[1.0, 0.0, 0.0] [0.0, 1.0, 0.0] [0.0, 0.0, 1.0] [22055.7, 0.99951, 22970.8]]
				props {
					speed:r = 28
					moveType:t = "MOVETO_STRAIGHT"
				}
			}
			t2_carrier_04_wp_08 {
				type:t = "normal"
				tm:m = [[1.0, 0.0, 0.0] [0.0, 1.0, 0.0] [0.0, 0.0, 1.0] [15256.9, 1.01513, 23274.9]]
				props {
					speed:r = 29
					moveType:t = "MOVETO_STRAIGHT"
				}
			}
			t2_carrier_04_wp_09 {
				type:t = "normal"
				tm:m = [[1.0, 0.0, 0.0] [0.0, 1.0, 0.0] [0.0, 0.0, 1.0] [14497.0, 0.99951, 22442.4]]
				props {
					speed:r = 31
					moveType:t = "MOVETO_STRAIGHT"
				}
			}
		}
	}
	squad {
		name:t = "t1_carrier_destroyers_squad"
		tm:m = [[0.422618, 0.0, -0.906308] [0.0, 1.0, 0.0] [0.906308, 0.0, 0.422618] [48500.7, 92.6445, -58556.8]]
		props {
			squad_members:t = "t1_carrier_destroyer_01"
			squad_members:t = "t1_carrier_destroyer_02"
		}
	}
	squad {
		name:t = "t2_carrier_destroyers_squad"
		tm:m = [[0.21644, 0.0, 0.976295] [0.0, 1.0, 0.0] [-0.976295, 0.0, 0.21644] [14987.5, 54.9976, 16800.2]]
		props {
			squad_members:t = "t2_carrier_destroyer_03"
			squad_members:t = "t2_carrier_destroyer_04"
		}
	}
	ships {
		name:t = "t1_carrier_destroyer_02"
		tm:m = [[-0.939692, 0.0, 0.34202] [0.0, 1.0, 0.0] [-0.34202, 0.0, -0.939692] [24269.4, 54.9902, -23493.0]]
		unit_class:t = "us_destroyer_mitscher"
		closed_waypoints:b = true
		isShipSpline:b = true
		shipTurnRadius:r = 100
		weapons:t = ""
		bullets0:t = ""
		bullets1:t = ""
		bullets2:t = ""
		bullets3:t = ""
		bulletsCount0:i = 0
		bulletsCount1:i = 0
		bulletsCount2:i = 0
		bulletsCount3:i = 0
		crewSkillK:r = 0
		applyAllMods:b = false
		props {
			army:i = 1
			count:i = 1
			formation_type:t = "rows"
			formation_div:i = 3
			formation_step:p2 = 2.5, 2
			formation_noise:p2 = 0.1, 0.1
			uniqueName:t = ""
			attack_type:t = "fire_at_will"
		}
		way {
			t1_carrier_destroyer_02_wp_01 {
				type:t = "normal"
				tm:m = [[1.0, 0.0, 0.0] [0.0, 1.0, 0.0] [0.0, 0.0, 1.0] [21659.4, -23.4258, -22357.7]]
				props {
					speed:r = 30
					moveType:t = "MOVETO_STRAIGHT"
				}
			}
			t1_carrier_destroyer_02_wp_02 {
				type:t = "normal"
				tm:m = [[1.0, 0.0, 0.0] [0.0, 1.0, 0.0] [0.0, 0.0, 1.0] [15706.6, 0.98999, -20318.6]]
				props {
					speed:r = 29
					moveType:t = "MOVETO_STRAIGHT"
				}
			}
			t1_carrier_destroyer_02_wp_03 {
				type:t = "normal"
				tm:m = [[1.0, 0.0, 0.0] [0.0, 1.0, 0.0] [0.0, 0.0, 1.0] [14957.6, 0.992674, -21045.5]]
				props {
					speed:r = 31
					moveType:t = "MOVETO_STRAIGHT"
				}
			}
		}
	}
	ships {
		name:t = "t2_carrier_destroyer_04"
		tm:m = [[-0.996194, 0.0, 0.0871564] [0.0, 1.0, 0.0] [-0.0871564, 0.0, -0.996194] [26106.4, 54.9991, 23212.0]]
		unit_class:t = "us_destroyer_mitscher"
		closed_waypoints:b = true
		isShipSpline:b = true
		shipTurnRadius:r = 100
		weapons:t = ""
		bullets0:t = ""
		bullets1:t = ""
		bullets2:t = ""
		bullets3:t = ""
		bulletsCount0:i = 0
		bulletsCount1:i = 0
		bulletsCount2:i = 0
		bulletsCount3:i = 0
		crewSkillK:r = 0
		applyAllMods:b = false
		props {
			army:i = 2
			count:i = 1
			formation_type:t = "rows"
			formation_div:i = 3
			formation_step:p2 = 2.5, 2
			formation_noise:p2 = 0.1, 0.1
			uniqueName:t = ""
			attack_type:t = "fire_at_will"
		}
		way {
			t2_carrier_destroyer_04_wp_01 {
				type:t = "normal"
				tm:m = [[1.0, 0.0, 0.0] [0.0, 1.0, 0.0] [0.0, 0.0, 1.0] [23487.1, 0.99951, 22989.9]]
				props {
					speed:r = 28
					moveType:t = "MOVETO_STRAIGHT"
				}
			}
			t2_carrier_destroyer_04_wp_02 {
				type:t = "normal"
				tm:m = [[1.0, 0.0, 0.0] [0.0, 1.0, 0.0] [0.0, 0.0, 1.0] [14718.1, 1.01513, 23941.1]]
				props {
					speed:r = 31
					moveType:t = "MOVETO_STRAIGHT"
				}
			}
			t2_carrier_destroyer_04_wp_03 {
				type:t = "normal"
				tm:m = [[1.0, 0.0, 0.0] [0.0, 1.0, 0.0] [0.0, 0.0, 1.0] [13901.7, 0.99951, 21911.5]]
				props {
					speed:r = 32
					moveType:t = "MOVETO_STRAIGHT"
				}
			}
		}
	}
}
areas {
	carriers_area_high {
		type:t = "Sphere"
		tm:m = [[47593.8, 0.0, 6232.04] [0.0, 48000.1, 0.0] [-6232.04, 0.0, 47593.8] [2200.0, 35.4678, 1050.0]]
		objLayer:i = 3
		props {

		}
	}
}
objLayers {
	layer {
		enabled:b = true
	}
	layer {
		enabled:b = true
	}
	layer {
		enabled:b = true
	}
	layer {
		enabled:b = true
	}
}
wayPoints {

}