selected_tag:t = ""
bin_dump_file:t = ""
mission_settings {
	player {
		army:i = 1
		wing:t = ""
	}
	player_teamB {
		army:i = 2
		wing:t = ""
	}
	mission {
		level:t = "levels/berlin.bin"
		type:t = "domination"
		environment:t = "Day"
		weather:t = "hazy"
		deathPenaltyMulRounds:r = 0
		stars {
			latitude:r = 52.5
			longitude:r = 13
			year:i = 1945
			month:i = 4
			day:i = 2
		}
	}
	spectator_points {

	}
}
imports {
	import_record {
		file:t = "gameData/missions/templates/air_templates/gs/assaults_gs_template.blk"
		importAreas:b = true
		importUnits:b = true
		importTriggers:b = true
		importMissionObjectives:b = true
		importWayPoints:b = true
		showAreas:b = true
		showUnits:b = true
		showTriggers:b = true
		showMissionObjectives:b = true
		showWayPoints:b = true
		excludes {

		}
	}
}
triggers {
	isCategory:b = true
	is_enabled:b = true
}
mission_objectives {
	isCategory:b = true
	is_enabled:b = true
}
variables {
	ai_assaults_saved:i = 0
	ft_helicopters_pad_exclusive:b = false
}
dialogs {

}
airfields {

}
effects {

}
units {

}
areas {
	at_area {
		type:t = "Sphere"
		tm:m = [[-6139.54, 0.0, -14775.2] [0.0, 16000.0, 0.0] [14775.2, 0.0, -6139.54] [1751.94, 500.02, 14.312]]
		objLayer:i = 0
		props {

		}
	}
	at_t2_spawn_01_01 {
		type:t = "Point"
		tm:m = [[0.914505, 0.0, -0.404576] [0.0, 1.0, 0.0] [0.404576, 0.0, 0.914505] [-6176.7, 500.02, 1055.89]]
		objLayer:i = 0
		props {

		}
	}
	at_t1_spawn_01_01 {
		type:t = "Point"
		tm:m = [[-0.914505, 0.0, 0.404576] [0.0, 1.0, 0.0] [-0.404576, 0.0, -0.914505] [8094.39, 500.01, -4878.05]]
		objLayer:i = 0
		props {

		}
	}
	at_t2_spawn_01_02 {
		type:t = "Point"
		tm:m = [[0.914505, 0.0, -0.404576] [0.0, 1.0, 0.0] [0.404576, 0.0, 0.914505] [-4590.94, 500.02, 4888.24]]
		objLayer:i = 0
		props {

		}
	}
	at_t1_spawn_01_02 {
		type:t = "Point"
		tm:m = [[-0.914505, 0.0, 0.404576] [0.0, 1.0, 0.0] [-0.404576, 0.0, -0.914505] [9682.33, 500.01, -1038.85]]
		objLayer:i = 0
		props {

		}
	}
	at_t1_spawn_02_01 {
		type:t = "Point"
		tm:m = [[-0.914505, 0.0, 0.404576] [0.0, 1.0, 0.0] [-0.404576, 0.0, -0.914505] [6683.61, 500.008, -6304.73]]
		objLayer:i = 0
		props {

		}
	}
	at_t1_spawn_02_02 {
		type:t = "Point"
		tm:m = [[-0.914505, 0.0, 0.404576] [0.0, 1.0, 0.0] [-0.404576, 0.0, -0.914505] [9717.51, 500.012, 993.742]]
		objLayer:i = 0
		props {

		}
	}
	at_t2_spawn_02_01 {
		type:t = "Point"
		tm:m = [[0.914505, 0.0, -0.404576] [0.0, 1.0, 0.0] [0.404576, 0.0, 0.914505] [-3111.3, 500.018, 6382.17]]
		objLayer:i = 0
		props {

		}
	}
	at_t2_spawn_02_02 {
		type:t = "Point"
		tm:m = [[0.914505, 0.0, -0.404576] [0.0, 1.0, 0.0] [0.404576, 0.0, 0.914505] [-6219.01, 500.022, -961.976]]
		objLayer:i = 0
		props {

		}
	}
}
objLayers {

}
wayPoints {

}