selected_tag:t = ""
bin_dump_file:t = ""
mission_settings {
	player {
		army:i = 1
	}
	player_teamB {
		army:i = 2
	}
	mission {
		level:t = "levels/air_smolensk.bin"
		type:t = "domination"
		environment:t = "Day"
		weather:t = "hazy"
		restoreType:t = "attempts"
		optionalTakeOff:b = false
	}
}
imports {
	import_record {
		file:t = "gameData/missions/templates/enduring_confrontation/bdt_bases_destroy_template.blk"
		importAreas:b = true
		importUnits:b = true
		importTriggers:b = true
		importMissionObjectives:b = true
		importWayPoints:b = true
		showAreas:b = true
		showUnits:b = true
		showTriggers:b = true
		showMissionObjectives:b = true
		showWayPoints:b = true
		excludes {

		}
	}
	import_record {
		file:t = "gameData/missions/templates/units_sets/land_sets_aaa_bases/bdt_t1_ussr_rank_01.blk"
		rankRange:ip2 = 0, 4
		importAreas:b = true
		importUnits:b = true
		importTriggers:b = true
		importMissionObjectives:b = true
		importWayPoints:b = true
		showAreas:b = true
		showUnits:b = true
		showTriggers:b = true
		showMissionObjectives:b = true
		showWayPoints:b = true
		excludes {

		}
	}
	import_record {
		file:t = "gameData/missions/templates/units_sets/land_sets_aaa_bases/bdt_t1_ussr_rank_02.blk"
		rankRange:ip2 = 5, 8
		importAreas:b = true
		importUnits:b = true
		importTriggers:b = true
		importMissionObjectives:b = true
		importWayPoints:b = true
		showAreas:b = true
		showUnits:b = true
		showTriggers:b = true
		showMissionObjectives:b = true
		showWayPoints:b = true
		excludes {

		}
	}
	import_record {
		file:t = "gameData/missions/templates/units_sets/land_sets_aaa_bases/bdt_t1_ussr_rank_03.blk"
		rankRange:ip2 = 9, 13
		importAreas:b = true
		importUnits:b = true
		importTriggers:b = true
		importMissionObjectives:b = true
		importWayPoints:b = true
		showAreas:b = true
		showUnits:b = true
		showTriggers:b = true
		showMissionObjectives:b = true
		showWayPoints:b = true
		excludes {

		}
	}
	import_record {
		file:t = "gameData/missions/templates/units_sets/land_sets_aaa_bases/bdt_t1_ussr_rank_04.blk"
		rankRange:ip2 = 14, 19
		importAreas:b = true
		importUnits:b = true
		importTriggers:b = true
		importMissionObjectives:b = true
		importWayPoints:b = true
		showAreas:b = true
		showUnits:b = true
		showTriggers:b = true
		showMissionObjectives:b = true
		showWayPoints:b = true
		excludes {

		}
	}
	import_record {
		file:t = "gameData/missions/templates/units_sets/land_sets_aaa_bases/bdt_t1_ussr_rank_05.blk"
		rankRange:ip2 = 20, 24
		importAreas:b = true
		importUnits:b = true
		importTriggers:b = true
		importMissionObjectives:b = true
		importWayPoints:b = true
		showAreas:b = true
		showUnits:b = true
		showTriggers:b = true
		showMissionObjectives:b = true
		showWayPoints:b = true
		excludes {

		}
	}
	import_record {
		file:t = "gameData/missions/templates/units_sets/land_sets_aaa_bases/bdt_t1_ussr_rank_06.blk"
		rankRange:ip2 = 25, 50
		importAreas:b = true
		importUnits:b = true
		importTriggers:b = true
		importMissionObjectives:b = true
		importWayPoints:b = true
		showAreas:b = true
		showUnits:b = true
		showTriggers:b = true
		showMissionObjectives:b = true
		showWayPoints:b = true
		excludes {

		}
	}
	import_record {
		file:t = "gameData/missions/templates/units_sets/land_sets_aaa_bases/bdt_t2_usa_rank_01.blk"
		rankRange:ip2 = 0, 4
		importAreas:b = true
		importUnits:b = true
		importTriggers:b = true
		importMissionObjectives:b = true
		importWayPoints:b = true
		showAreas:b = true
		showUnits:b = true
		showTriggers:b = true
		showMissionObjectives:b = true
		showWayPoints:b = true
		excludes {

		}
	}
	import_record {
		file:t = "gameData/missions/templates/units_sets/land_sets_aaa_bases/bdt_t2_usa_rank_02.blk"
		rankRange:ip2 = 5, 8
		importAreas:b = true
		importUnits:b = true
		importTriggers:b = true
		importMissionObjectives:b = true
		importWayPoints:b = true
		showAreas:b = true
		showUnits:b = true
		showTriggers:b = true
		showMissionObjectives:b = true
		showWayPoints:b = true
		excludes {

		}
	}
	import_record {
		file:t = "gameData/missions/templates/units_sets/land_sets_aaa_bases/bdt_t2_usa_rank_03.blk"
		rankRange:ip2 = 9, 13
		importAreas:b = true
		importUnits:b = true
		importTriggers:b = true
		importMissionObjectives:b = true
		importWayPoints:b = true
		showAreas:b = true
		showUnits:b = true
		showTriggers:b = true
		showMissionObjectives:b = true
		showWayPoints:b = true
		excludes {

		}
	}
	import_record {
		file:t = "gameData/missions/templates/units_sets/land_sets_aaa_bases/bdt_t2_usa_rank_04.blk"
		rankRange:ip2 = 14, 19
		importAreas:b = true
		importUnits:b = true
		importTriggers:b = true
		importMissionObjectives:b = true
		importWayPoints:b = true
		showAreas:b = true
		showUnits:b = true
		showTriggers:b = true
		showMissionObjectives:b = true
		showWayPoints:b = true
		excludes {

		}
	}
	import_record {
		file:t = "gameData/missions/templates/units_sets/land_sets_aaa_bases/bdt_t2_usa_rank_05.blk"
		rankRange:ip2 = 20, 24
		importAreas:b = true
		importUnits:b = true
		importTriggers:b = true
		importMissionObjectives:b = true
		importWayPoints:b = true
		showAreas:b = true
		showUnits:b = true
		showTriggers:b = true
		showMissionObjectives:b = true
		showWayPoints:b = true
		excludes {

		}
	}
	import_record {
		file:t = "gameData/missions/templates/units_sets/land_sets_aaa_bases/bdt_t2_usa_rank_06.blk"
		rankRange:ip2 = 25, 50
		importAreas:b = true
		importUnits:b = true
		importTriggers:b = true
		importMissionObjectives:b = true
		importWayPoints:b = true
		showAreas:b = true
		showUnits:b = true
		showTriggers:b = true
		showMissionObjectives:b = true
		showWayPoints:b = true
		excludes {

		}
	}
}
triggers {
	isCategory:b = true
	is_enabled:b = true
	bdt_part_init {
		is_enabled:b = true
		comments:t = ""
		props {
			actionsType:t = "PERFORM_ONE_BY_ONE"
			conditionsType:t = "ALL"
			enableAfterComplete:b = false
		}
		events {
			initMission {

			}
		}
		conditions {

		}
		actions {
			comment {
				value:t = "set max bases amount +1"
			}
			varSetInt {
				value:i = 9
				var:t = "bdt_t1_total_bases_max_count"
			}
			varSetInt {
				value:i = 9
				var:t = "bdt_t2_total_bases_max_count"
			}
			comment {
				value:t = "enable self restarting for template"
			}
			varSetBool {
				value:b = true
				var:t = "bdt_self_restart"
			}
			comment {
				value:t = "increase one-moment bases amount"
			}
			varSetInt {
				value:i = 4
				var:t = "bdt_t1_active_bases_max_count"
				var:t = "bdt_t2_active_bases_max_count"
			}
			comment {
				value:t = ""
			}
			varSetInt {
				value:i = 1
				var:t = "bdt_delay_timer"
			}
			comment {
				value:t = ""
			}
			varSetString {
				value:t = "bfd"
				var:t = "bdt_game_mode"
			}
			comment {
				value:t = ""
			}
			varSetBool {
				value:b = true
				var:t = "bMirrorSpawn"
			}
			comment {
				value:t = ""
			}
			varSetReal {
				value:r = 2000
				var:t = "bdt_t1_min_zone_distance"
				var:t = "bdt_t2_min_zone_distance"
			}
		}
		else_actions {

		}
	}
}
mission_objectives {
	isCategory:b = true
	is_enabled:b = true
}
variables {

}
dialogs {

}
airfields {

}
effects {

}
units {
	objectGroups {
		name:t = "bdt_t2_bomb_object_01"
		tm:m = [[0.69701, 0.0, 0.717059] [0.0, 1.0, 0.0] [-0.717059, 0.0, 0.69701] [-10501.4, 1555.63, 3699.21]]
		unit_class:t = "dynBase_hq_camp_square"
		objLayer:i = 2
		props {
			army:i = 2
			active:b = false
		}
	}
	objectGroups {
		name:t = "bdt_t2_bomb_object_02"
		tm:m = [[0.985764, 0.0, 0.168146] [0.0, 1.0, 0.0] [-0.168146, 0.0, 0.985764] [-138.946, 1668.26, 3082.64]]
		unit_class:t = "dynBase_fuel_storage_square"
		objLayer:i = 2
		props {
			army:i = 2
			active:b = false
		}
	}
	objectGroups {
		name:t = "bdt_t2_bomb_object_03"
		tm:m = [[-0.417553, 0.0, 0.908655] [0.0, 1.0, 0.0] [-0.908655, 0.0, -0.417553] [2068.28, 1668.74, 4456.94]]
		unit_class:t = "dynBase_oil_storage_small_square"
		objLayer:i = 2
		props {
			army:i = 2
			active:b = false
		}
	}
	objectGroups {
		name:t = "bdt_t1_bomb_object_01"
		tm:m = [[0.321166, 0.0, 0.947022] [0.0, 1.0, 0.0] [-0.947022, 0.0, 0.321166] [-9508.74, 1637.11, 19817.8]]
		unit_class:t = "dynBase_fuel_storage_square"
		objLayer:i = 2
		props {
			army:i = 1
			active:b = false
		}
	}
	objectGroups {
		name:t = "bdt_t1_bomb_object_02"
		tm:m = [[-0.403011, 0.0, 0.915194] [0.0, 1.0, 0.0] [-0.915194, 0.0, -0.403011] [-4351.27, 1521.93, 19263.8]]
		unit_class:t = "dynBase_small_factory_square"
		objLayer:i = 2
		props {
			army:i = 1
			active:b = false
		}
	}
	objectGroups {
		name:t = "bdt_t1_bomb_object_03"
		tm:m = [[-0.496448, 0.0, 0.868067] [0.0, 1.0, 0.0] [-0.868067, 0.0, -0.496448] [449.185, 1499.01, 16126.2]]
		unit_class:t = "dynBase_oil_storage_small_square"
		objLayer:i = 2
		props {
			army:i = 1
			active:b = false
		}
	}
	objectGroups {
		name:t = "bdt_t2_bomb_object_04"
		tm:m = [[0.159667, 0.0, 0.98717] [0.0, 1.0, 0.0] [-0.98717, 0.0, 0.159667] [-12744.9, 1592.02, 7235.76]]
		unit_class:t = "dynBase_small_factory_square"
		objLayer:i = 2
		props {
			army:i = 2
			active:b = false
		}
	}
	objectGroups {
		name:t = "bdt_t1_bomb_object_04"
		tm:m = [[-0.161222, 0.0, 0.986918] [0.0, 1.0, 0.0] [-0.986918, 0.0, -0.161222] [2530.55, 1539.73, 12537.7]]
		unit_class:t = "dynBase_field_camp_square"
		objLayer:i = 2
		props {
			army:i = 1
			active:b = false
		}
	}
	objectGroups {
		name:t = "bdt_t1_bomb_object_05"
		tm:m = [[-0.161222, 0.0, 0.986918] [0.0, 1.0, 0.0] [-0.986918, 0.0, -0.161222] [4193.68, 1560.95, 13905.4]]
		unit_class:t = "dynBase_military_base_square"
		objLayer:i = 2
		props {
			army:i = 1
			active:b = false
		}
	}
	objectGroups {
		name:t = "bdt_t1_bomb_object_06"
		tm:m = [[-0.161222, 0.0, 0.986918] [0.0, 1.0, 0.0] [-0.986918, 0.0, -0.161222] [2628.86, 1571.02, 16787.4]]
		unit_class:t = "dynBase_oil_storage_large_square"
		objLayer:i = 2
		props {
			army:i = 1
			active:b = false
		}
	}
	objectGroups {
		name:t = "bdt_t1_bomb_object_07"
		tm:m = [[-0.161222, 0.0, 0.986918] [0.0, 1.0, 0.0] [-0.986918, 0.0, -0.161222] [556.267, 1538.5, 17543.8]]
		unit_class:t = "dynBase_oil_storage_large_square"
		objLayer:i = 2
		props {
			army:i = 1
			active:b = false
		}
	}
	objectGroups {
		name:t = "bdt_t1_bomb_object_08"
		tm:m = [[0.321166, 0.0, 0.947022] [0.0, 1.0, 0.0] [-0.947022, 0.0, 0.321166] [-9980.85, 1633.53, 18614.8]]
		unit_class:t = "dynBase_small_factory_square"
		objLayer:i = 2
		props {
			army:i = 1
			active:b = false
		}
	}
	objectGroups {
		name:t = "bdt_t1_bomb_object_09"
		tm:m = [[0.321166, 0.0, 0.947022] [0.0, 1.0, 0.0] [-0.947022, 0.0, 0.321166] [-6952.9, 1565.25, 18152.6]]
		unit_class:t = "dynBase_petrol_camp_square"
		objLayer:i = 2
		props {
			army:i = 1
			active:b = false
		}
	}
	objectGroups {
		name:t = "bdt_t1_bomb_object_10"
		tm:m = [[0.321166, 0.0, 0.947022] [0.0, 1.0, 0.0] [-0.947022, 0.0, 0.321166] [-3253.55, 1507.03, 20117.4]]
		unit_class:t = "dynBase_petrol_camp_square"
		objLayer:i = 2
		props {
			army:i = 1
			active:b = false
		}
	}
	objectGroups {
		name:t = "bdt_t2_bomb_object_05"
		tm:m = [[0.159667, 0.0, 0.98717] [0.0, 1.0, 0.0] [-0.98717, 0.0, 0.159667] [-13961.8, 1622.6, 7450.26]]
		unit_class:t = "dynBase_petrol_camp_square"
		objLayer:i = 2
		props {
			army:i = 2
			active:b = false
		}
	}
	objectGroups {
		name:t = "bdt_t2_bomb_object_06"
		tm:m = [[-0.322266, 0.0, 0.946649] [0.0, 1.0, 0.0] [-0.946649, 0.0, -0.322266] [-12741.8, 1597.8, 4849.1]]
		unit_class:t = "dynBase_military_base_square"
		objLayer:i = 2
		props {
			army:i = 2
			active:b = false
		}
	}
	objectGroups {
		name:t = "bdt_t2_bomb_object_07"
		tm:m = [[0.159667, 0.0, 0.98717] [0.0, 1.0, 0.0] [-0.98717, 0.0, 0.159667] [-11107.2, 1559.39, 2319.0]]
		unit_class:t = "dynBase_fuel_storage_square"
		objLayer:i = 2
		props {
			army:i = 2
			active:b = false
		}
	}
	objectGroups {
		name:t = "bdt_t2_bomb_object_08"
		tm:m = [[-0.417553, 0.0, 0.908655] [0.0, 1.0, 0.0] [-0.908655, 0.0, -0.417553] [3541.92, 1665.91, 4962.89]]
		unit_class:t = "dynBase_ammunition_storage_square"
		objLayer:i = 2
		props {
			army:i = 2
			active:b = false
		}
	}
	objectGroups {
		name:t = "bdt_t2_bomb_object_09"
		tm:m = [[-0.417553, 0.0, 0.908655] [0.0, 1.0, 0.0] [-0.908655, 0.0, -0.417553] [1095.27, 1770.55, 2330.41]]
		unit_class:t = "dynBase_field_camp_square"
		objLayer:i = 2
		props {
			army:i = 2
			active:b = false
		}
	}
	objectGroups {
		name:t = "bdt_t2_bomb_object_10"
		tm:m = [[-0.417553, 0.0, 0.908655] [0.0, 1.0, 0.0] [-0.908655, 0.0, -0.417553] [-1183.47, 1727.01, 1440.83]]
		unit_class:t = "dynBase_oil_storage_small_square"
		objLayer:i = 2
		props {
			army:i = 2
			active:b = false
		}
	}
}
areas {
	bdt_t2_bomb_zone_01 {
		type:t = "Sphere"
		tm:m = [[313.655, 0.0, 322.678] [0.0, 450.0, 0.0] [-322.678, 0.0, 313.655] [-10498.3, 1555.56, 3692.74]]
		objLayer:i = 0
		props {

		}
	}
	bdt_t2_bomb_zone_02 {
		type:t = "Sphere"
		tm:m = [[275.933, 0.0, 355.475] [0.0, 450.0, 0.0] [-355.475, 0.0, 275.933] [-148.491, 1667.62, 3102.06]]
		objLayer:i = 0
		props {

		}
	}
	bdt_t2_bomb_zone_03 {
		type:t = "Sphere"
		tm:m = [[-187.897, 0.0, 408.894] [0.0, 450.0, 0.0] [-408.894, 0.0, -187.897] [2062.96, 1668.97, 4448.72]]
		objLayer:i = 0
		props {

		}
	}
	bdt_t1_bomb_zone_01 {
		type:t = "Sphere"
		tm:m = [[144.526, 0.0, 426.16] [0.0, 450.0, 0.0] [-426.16, 0.0, 144.526] [-9507.69, 1637.22, 19830.5]]
		objLayer:i = 0
		props {

		}
	}
	bdt_t1_bomb_zone_02 {
		type:t = "Sphere"
		tm:m = [[-87.9178, 0.0, 441.328] [0.0, 450.0, 0.0] [-441.328, 0.0, -87.9178] [-4354.14, 1521.75, 19267.6]]
		objLayer:i = 0
		props {

		}
	}
	bdt_t1_bomb_zone_03 {
		type:t = "Sphere"
		tm:m = [[-57.9503, 0.0, 446.253] [0.0, 450.0, 0.0] [-446.253, 0.0, -57.9503] [447.883, 1509.23, 16131.7]]
		objLayer:i = 0
		props {

		}
	}
	bdt_t2_bomb_zone_04 {
		type:t = "Sphere"
		tm:m = [[71.8504, 0.0, 444.226] [0.0, 450.0, 0.0] [-444.226, 0.0, 71.8504] [-12741.9, 1591.92, 7243.05]]
		objLayer:i = 0
		props {

		}
	}
	bdt_t1_bomb_zone_04 {
		type:t = "Sphere"
		tm:m = [[-57.9503, 0.0, 446.253] [0.0, 450.0, 0.0] [-446.253, 0.0, -57.9503] [2524.81, 1539.74, 12537.3]]
		objLayer:i = 0
		props {

		}
	}
	bdt_t2_bomb_zone_01_aaa_point_01 {
		type:t = "Point"
		tm:m = [[0.177554, 0.0, 0.984109] [0.0, 1.0, 0.0] [-0.984109, 0.0, 0.177554] [-10273.3, 1551.61, 3679.43]]
		objLayer:i = 0
		props {

		}
	}
	bdt_t2_bomb_zone_01_aaa_point_02 {
		type:t = "Point"
		tm:m = [[0.177554, 0.0, 0.984109] [0.0, 1.0, 0.0] [-0.984109, 0.0, 0.177554] [-10776.8, 1557.45, 3603.97]]
		objLayer:i = 0
		props {

		}
	}
	bdt_t2_bomb_zone_01_aaa_point_03 {
		type:t = "Point"
		tm:m = [[0.177554, 0.0, 0.984109] [0.0, 1.0, 0.0] [-0.984109, 0.0, 0.177554] [-10763.6, 1557.46, 3722.26]]
		objLayer:i = 0
		props {

		}
	}
	bdt_t2_bomb_zone_01_aaa_point_04 {
		type:t = "Point"
		tm:m = [[0.177554, 0.0, 0.984109] [0.0, 1.0, 0.0] [-0.984109, 0.0, 0.177554] [-10718.4, 1559.92, 4105.14]]
		objLayer:i = 0
		props {

		}
	}
	bdt_t2_bomb_zone_02_aaa_point_01 {
		type:t = "Point"
		tm:m = [[0.0673113, 0.0, 0.99773] [0.0, 1.0, 0.0] [-0.99773, 0.0, 0.0673113] [-12.8193, 1678.05, 2893.77]]
		objLayer:i = 0
		props {

		}
	}
	bdt_t2_bomb_zone_02_aaa_point_02 {
		type:t = "Point"
		tm:m = [[0.0673113, 0.0, 0.99773] [0.0, 1.0, 0.0] [-0.99773, 0.0, 0.0673113] [-464.127, 1665.18, 3188.66]]
		objLayer:i = 0
		props {

		}
	}
	bdt_t2_bomb_zone_02_aaa_point_03 {
		type:t = "Point"
		tm:m = [[0.0673113, 0.0, 0.99773] [0.0, 1.0, 0.0] [-0.99773, 0.0, 0.0673113] [-275.082, 1676.26, 2852.76]]
		objLayer:i = 0
		props {

		}
	}
	bdt_t2_bomb_zone_02_aaa_point_04 {
		type:t = "Point"
		tm:m = [[0.0673113, 0.0, 0.99773] [0.0, 1.0, 0.0] [-0.99773, 0.0, 0.0673113] [-94.2402, 1663.9, 3324.91]]
		objLayer:i = 0
		props {

		}
	}
	bdt_t2_bomb_zone_03_aaa_point_01 {
		type:t = "Point"
		tm:m = [[0.0673113, 0.0, 0.99773] [0.0, 1.0, 0.0] [-0.99773, 0.0, 0.0673113] [2390.63, 1659.59, 4761.26]]
		objLayer:i = 0
		props {

		}
	}
	bdt_t2_bomb_zone_03_aaa_point_02 {
		type:t = "Point"
		tm:m = [[0.0673113, 0.0, 0.99773] [0.0, 1.0, 0.0] [-0.99773, 0.0, 0.0673113] [1800.01, 1651.32, 4577.0]]
		objLayer:i = 0
		props {

		}
	}
	bdt_t2_bomb_zone_03_aaa_point_03 {
		type:t = "Point"
		tm:m = [[0.0673113, 0.0, 0.99773] [0.0, 1.0, 0.0] [-0.99773, 0.0, 0.0673113] [1797.31, 1669.7, 4269.72]]
		objLayer:i = 0
		props {

		}
	}
	bdt_t2_bomb_zone_03_aaa_point_04 {
		type:t = "Point"
		tm:m = [[0.0673113, 0.0, 0.99773] [0.0, 1.0, 0.0] [-0.99773, 0.0, 0.0673113] [2294.29, 1728.79, 4257.69]]
		objLayer:i = 0
		props {

		}
	}
	bdt_t2_bomb_zone_04_aaa_point_01 {
		type:t = "Point"
		tm:m = [[0.177554, 0.0, 0.984109] [0.0, 1.0, 0.0] [-0.984109, 0.0, 0.177554] [-12926.3, 1596.55, 7519.46]]
		objLayer:i = 0
		props {

		}
	}
	bdt_t2_bomb_zone_04_aaa_point_02 {
		type:t = "Point"
		tm:m = [[0.177554, 0.0, 0.984109] [0.0, 1.0, 0.0] [-0.984109, 0.0, 0.177554] [-12986.4, 1597.67, 7065.61]]
		objLayer:i = 0
		props {

		}
	}
	bdt_t2_bomb_zone_04_aaa_point_03 {
		type:t = "Point"
		tm:m = [[0.177554, 0.0, 0.984109] [0.0, 1.0, 0.0] [-0.984109, 0.0, 0.177554] [-12485.5, 1586.48, 7316.28]]
		objLayer:i = 0
		props {

		}
	}
	bdt_t2_bomb_zone_04_aaa_point_04 {
		type:t = "Point"
		tm:m = [[0.177554, 0.0, 0.984109] [0.0, 1.0, 0.0] [-0.984109, 0.0, 0.177554] [-12554.7, 1590.08, 7081.98]]
		objLayer:i = 0
		props {

		}
	}
	bdt_t1_bomb_zone_01_aaa_point_01 {
		type:t = "Point"
		tm:m = [[-0.262641, 0.0, 0.964894] [0.0, 1.0, 0.0] [-0.964894, 0.0, -0.262641] [-9583.29, 1640.92, 20073.8]]
		objLayer:i = 0
		props {

		}
	}
	bdt_t1_bomb_zone_01_aaa_point_02 {
		type:t = "Point"
		tm:m = [[-0.262641, 0.0, 0.964894] [0.0, 1.0, 0.0] [-0.964894, 0.0, -0.262641] [-9502.14, 1634.64, 19577.4]]
		objLayer:i = 0
		props {

		}
	}
	bdt_t1_bomb_zone_01_aaa_point_03 {
		type:t = "Point"
		tm:m = [[-0.262641, 0.0, 0.964894] [0.0, 1.0, 0.0] [-0.964894, 0.0, -0.262641] [-9276.73, 1633.53, 19863.2]]
		objLayer:i = 0
		props {

		}
	}
	bdt_t1_bomb_zone_01_aaa_point_04 {
		type:t = "Point"
		tm:m = [[-0.262641, 0.0, 0.964894] [0.0, 1.0, 0.0] [-0.964894, 0.0, -0.262641] [-9343.19, 1632.54, 19644.6]]
		objLayer:i = 0
		props {

		}
	}
	bdt_t1_bomb_zone_02_aaa_point_01 {
		type:t = "Point"
		tm:m = [[-0.262641, 0.0, 0.964894] [0.0, 1.0, 0.0] [-0.964894, 0.0, -0.262641] [-4582.03, 1514.05, 19413.2]]
		objLayer:i = 0
		props {

		}
	}
	bdt_t1_bomb_zone_02_aaa_point_02 {
		type:t = "Point"
		tm:m = [[-0.262641, 0.0, 0.964894] [0.0, 1.0, 0.0] [-0.964894, 0.0, -0.262641] [-4577.14, 1516.73, 19122.9]]
		objLayer:i = 0
		props {

		}
	}
	bdt_t1_bomb_zone_02_aaa_point_03 {
		type:t = "Point"
		tm:m = [[-0.262641, 0.0, 0.964894] [0.0, 1.0, 0.0] [-0.964894, 0.0, -0.262641] [-3907.02, 1514.21, 19322.8]]
		objLayer:i = 0
		props {

		}
	}
	bdt_t1_bomb_zone_02_aaa_point_04 {
		type:t = "Point"
		tm:m = [[-0.262641, 0.0, 0.964894] [0.0, 1.0, 0.0] [-0.964894, 0.0, -0.262641] [-4303.26, 1515.7, 18942.4]]
		objLayer:i = 0
		props {

		}
	}
	bdt_t1_bomb_zone_03_aaa_point_01 {
		type:t = "Point"
		tm:m = [[-0.154005, 0.0, 0.98807] [0.0, 1.0, 0.0] [-0.98807, 0.0, -0.154005] [708.171, 1534.86, 15967.6]]
		objLayer:i = 0
		props {

		}
	}
	bdt_t1_bomb_zone_03_aaa_point_02 {
		type:t = "Point"
		tm:m = [[-0.154005, 0.0, 0.98807] [0.0, 1.0, 0.0] [-0.98807, 0.0, -0.154005] [235.571, 1510.22, 16248.2]]
		objLayer:i = 0
		props {

		}
	}
	bdt_t1_bomb_zone_03_aaa_point_03 {
		type:t = "Point"
		tm:m = [[-0.154005, 0.0, 0.98807] [0.0, 1.0, 0.0] [-0.98807, 0.0, -0.154005] [211.524, 1519.12, 15969.3]]
		objLayer:i = 0
		props {

		}
	}
	bdt_t1_bomb_zone_03_aaa_point_04 {
		type:t = "Point"
		tm:m = [[-0.154005, 0.0, 0.98807] [0.0, 1.0, 0.0] [-0.98807, 0.0, -0.154005] [595.0, 1509.22, 16347.2]]
		objLayer:i = 0
		props {

		}
	}
	bdt_t1_bomb_zone_04_aaa_point_01 {
		type:t = "Point"
		tm:m = [[-0.154005, 0.0, 0.98807] [0.0, 1.0, 0.0] [-0.98807, 0.0, -0.154005] [2613.05, 1543.43, 12841.6]]
		objLayer:i = 0
		props {

		}
	}
	bdt_t1_bomb_zone_04_aaa_point_02 {
		type:t = "Point"
		tm:m = [[-0.154005, 0.0, 0.98807] [0.0, 1.0, 0.0] [-0.98807, 0.0, -0.154005] [2327.32, 1541.5, 12695.0]]
		objLayer:i = 0
		props {

		}
	}
	bdt_t1_bomb_zone_04_aaa_point_03 {
		type:t = "Point"
		tm:m = [[-0.154005, 0.0, 0.98807] [0.0, 1.0, 0.0] [-0.98807, 0.0, -0.154005] [2813.1, 1539.33, 12576.1]]
		objLayer:i = 0
		props {

		}
	}
	bdt_t1_bomb_zone_04_aaa_point_04 {
		type:t = "Point"
		tm:m = [[-0.154005, 0.0, 0.98807] [0.0, 1.0, 0.0] [-0.98807, 0.0, -0.154005] [2279.92, 1536.93, 12340.9]]
		objLayer:i = 0
		props {

		}
	}
	bdt_t1_bomb_zone_05 {
		type:t = "Sphere"
		tm:m = [[-57.9503, 0.0, 446.253] [0.0, 450.0, 0.0] [-446.253, 0.0, -57.9503] [4187.89, 1561.01, 13904.8]]
		objLayer:i = 0
		props {

		}
	}
	bdt_t1_bomb_zone_06 {
		type:t = "Sphere"
		tm:m = [[-57.9503, 0.0, 446.253] [0.0, 450.0, 0.0] [-446.253, 0.0, -57.9503] [2623.11, 1571.12, 16787.0]]
		objLayer:i = 0
		props {

		}
	}
	bdt_t1_bomb_zone_07 {
		type:t = "Sphere"
		tm:m = [[-57.9503, 0.0, 446.253] [0.0, 450.0, 0.0] [-446.253, 0.0, -57.9503] [550.42, 1538.45, 17543.4]]
		objLayer:i = 0
		props {

		}
	}
	bdt_t1_bomb_zone_08 {
		type:t = "Sphere"
		tm:m = [[144.526, 0.0, 426.16] [0.0, 450.0, 0.0] [-426.16, 0.0, 144.526] [-9979.8, 1633.63, 18627.4]]
		objLayer:i = 0
		props {

		}
	}
	bdt_t1_bomb_zone_09 {
		type:t = "Sphere"
		tm:m = [[144.526, 0.0, 426.16] [0.0, 450.0, 0.0] [-426.16, 0.0, 144.526] [-6951.88, 1565.74, 18165.1]]
		objLayer:i = 0
		props {

		}
	}
	bdt_t1_bomb_zone_10 {
		type:t = "Sphere"
		tm:m = [[144.526, 0.0, 426.16] [0.0, 450.0, 0.0] [-426.16, 0.0, 144.526] [-3252.51, 1507.03, 20130.0]]
		objLayer:i = 0
		props {

		}
	}
	bdt_t1_bomb_zone_05_aaa_point_01 {
		type:t = "Point"
		tm:m = [[-0.154005, 0.0, 0.98807] [0.0, 1.0, 0.0] [-0.98807, 0.0, -0.154005] [4207.41, 1559.95, 13631.5]]
		objLayer:i = 0
		props {

		}
	}
	bdt_t1_bomb_zone_05_aaa_point_02 {
		type:t = "Point"
		tm:m = [[-0.154005, 0.0, 0.98807] [0.0, 1.0, 0.0] [-0.98807, 0.0, -0.154005] [4298.29, 1559.56, 13795.4]]
		objLayer:i = 0
		props {

		}
	}
	bdt_t1_bomb_zone_05_aaa_point_03 {
		type:t = "Point"
		tm:m = [[-0.154005, 0.0, 0.98807] [0.0, 1.0, 0.0] [-0.98807, 0.0, -0.154005] [4178.29, 1562.01, 14192.4]]
		objLayer:i = 0
		props {

		}
	}
	bdt_t1_bomb_zone_05_aaa_point_04 {
		type:t = "Point"
		tm:m = [[-0.154005, 0.0, 0.98807] [0.0, 1.0, 0.0] [-0.98807, 0.0, -0.154005] [3972.41, 1563.72, 14079.8]]
		objLayer:i = 0
		props {

		}
	}
	bdt_t1_bomb_zone_06_aaa_point_01 {
		type:t = "Point"
		tm:m = [[-0.154005, 0.0, 0.98807] [0.0, 1.0, 0.0] [-0.98807, 0.0, -0.154005] [2932.68, 1595.82, 16653.0]]
		objLayer:i = 0
		props {

		}
	}
	bdt_t1_bomb_zone_06_aaa_point_02 {
		type:t = "Point"
		tm:m = [[-0.154005, 0.0, 0.98807] [0.0, 1.0, 0.0] [-0.98807, 0.0, -0.154005] [2732.8, 1695.77, 16481.4]]
		objLayer:i = 0
		props {

		}
	}
	bdt_t1_bomb_zone_06_aaa_point_03 {
		type:t = "Point"
		tm:m = [[-0.154005, 0.0, 0.98807] [0.0, 1.0, 0.0] [-0.98807, 0.0, -0.154005] [2316.26, 1654.97, 16749.4]]
		objLayer:i = 0
		props {

		}
	}
	bdt_t1_bomb_zone_06_aaa_point_04 {
		type:t = "Point"
		tm:m = [[-0.154005, 0.0, 0.98807] [0.0, 1.0, 0.0] [-0.98807, 0.0, -0.154005] [2710.77, 1519.02, 17071.5]]
		objLayer:i = 0
		props {

		}
	}
	bdt_t1_bomb_zone_07_aaa_point_01 {
		type:t = "Point"
		tm:m = [[-0.154005, 0.0, 0.98807] [0.0, 1.0, 0.0] [-0.98807, 0.0, -0.154005] [268.927, 1533.88, 17650.7]]
		objLayer:i = 0
		props {

		}
	}
	bdt_t1_bomb_zone_07_aaa_point_02 {
		type:t = "Point"
		tm:m = [[-0.154005, 0.0, 0.98807] [0.0, 1.0, 0.0] [-0.98807, 0.0, -0.154005] [874.67, 1543.48, 17414.7]]
		objLayer:i = 0
		props {

		}
	}
	bdt_t1_bomb_zone_07_aaa_point_03 {
		type:t = "Point"
		tm:m = [[-0.154005, 0.0, 0.98807] [0.0, 1.0, 0.0] [-0.98807, 0.0, -0.154005] [658.807, 1538.33, 17861.4]]
		objLayer:i = 0
		props {

		}
	}
	bdt_t1_bomb_zone_07_aaa_point_04 {
		type:t = "Point"
		tm:m = [[-0.154005, 0.0, 0.98807] [0.0, 1.0, 0.0] [-0.98807, 0.0, -0.154005] [231.561, 1534.98, 17299.0]]
		objLayer:i = 0
		props {

		}
	}
	bdt_t1_bomb_zone_08_aaa_point_01 {
		type:t = "Point"
		tm:m = [[-0.262641, 0.0, 0.964894] [0.0, 1.0, 0.0] [-0.964894, 0.0, -0.262641] [-10249.8, 1636.82, 18473.7]]
		objLayer:i = 0
		props {

		}
	}
	bdt_t1_bomb_zone_08_aaa_point_02 {
		type:t = "Point"
		tm:m = [[-0.262641, 0.0, 0.964894] [0.0, 1.0, 0.0] [-0.964894, 0.0, -0.262641] [-9795.94, 1628.04, 18382.9]]
		objLayer:i = 0
		props {

		}
	}
	bdt_t1_bomb_zone_08_aaa_point_03 {
		type:t = "Point"
		tm:m = [[-0.262641, 0.0, 0.964894] [0.0, 1.0, 0.0] [-0.964894, 0.0, -0.262641] [-9655.67, 1629.49, 18779.1]]
		objLayer:i = 0
		props {

		}
	}
	bdt_t1_bomb_zone_08_aaa_point_04 {
		type:t = "Point"
		tm:m = [[-0.262641, 0.0, 0.964894] [0.0, 1.0, 0.0] [-0.964894, 0.0, -0.262641] [-10056.9, 1637.53, 18888.4]]
		objLayer:i = 0
		props {

		}
	}
	bdt_t1_bomb_zone_09_aaa_point_01 {
		type:t = "Point"
		tm:m = [[-0.262641, 0.0, 0.964894] [0.0, 1.0, 0.0] [-0.964894, 0.0, -0.262641] [-6916.94, 1556.57, 17718.4]]
		objLayer:i = 0
		props {

		}
	}
	bdt_t1_bomb_zone_09_aaa_point_02 {
		type:t = "Point"
		tm:m = [[-0.262641, 0.0, 0.964894] [0.0, 1.0, 0.0] [-0.964894, 0.0, -0.262641] [-6556.32, 1557.86, 18056.1]]
		objLayer:i = 0
		props {

		}
	}
	bdt_t1_bomb_zone_09_aaa_point_03 {
		type:t = "Point"
		tm:m = [[-0.262641, 0.0, 0.964894] [0.0, 1.0, 0.0] [-0.964894, 0.0, -0.262641] [-7467.06, 1568.94, 17959.6]]
		objLayer:i = 0
		props {

		}
	}
	bdt_t1_bomb_zone_09_aaa_point_04 {
		type:t = "Point"
		tm:m = [[-0.262641, 0.0, 0.964894] [0.0, 1.0, 0.0] [-0.964894, 0.0, -0.262641] [-6706.15, 1568.52, 18485.8]]
		objLayer:i = 0
		props {

		}
	}
	bdt_t1_bomb_zone_10_aaa_point_01 {
		type:t = "Point"
		tm:m = [[-0.262641, 0.0, 0.964894] [0.0, 1.0, 0.0] [-0.964894, 0.0, -0.262641] [-3119.64, 1507.03, 19785.3]]
		objLayer:i = 0
		props {

		}
	}
	bdt_t1_bomb_zone_10_aaa_point_02 {
		type:t = "Point"
		tm:m = [[-0.262641, 0.0, 0.964894] [0.0, 1.0, 0.0] [-0.964894, 0.0, -0.262641] [-3665.77, 1507.02, 19965.6]]
		objLayer:i = 0
		props {

		}
	}
	bdt_t1_bomb_zone_10_aaa_point_03 {
		type:t = "Point"
		tm:m = [[-0.262641, 0.0, 0.964894] [0.0, 1.0, 0.0] [-0.964894, 0.0, -0.262641] [-3009.04, 1508.69, 20232.7]]
		objLayer:i = 0
		props {

		}
	}
	bdt_t1_bomb_zone_10_aaa_point_04 {
		type:t = "Point"
		tm:m = [[-0.262641, 0.0, 0.964894] [0.0, 1.0, 0.0] [-0.964894, 0.0, -0.262641] [-3332.71, 1507.03, 20440.4]]
		objLayer:i = 0
		props {

		}
	}
	bdt_t2_bomb_zone_05 {
		type:t = "Sphere"
		tm:m = [[71.8504, 0.0, 444.226] [0.0, 450.0, 0.0] [-444.226, 0.0, 71.8504] [-13958.6, 1622.53, 7457.35]]
		objLayer:i = 0
		props {

		}
	}
	bdt_t2_bomb_zone_06 {
		type:t = "Sphere"
		tm:m = [[-145.02, 0.0, 425.992] [0.0, 450.0, 0.0] [-425.992, 0.0, -145.02] [-12742.4, 1597.79, 4857.07]]
		objLayer:i = 0
		props {

		}
	}
	bdt_t2_bomb_zone_07 {
		type:t = "Sphere"
		tm:m = [[71.8504, 0.0, 444.226] [0.0, 450.0, 0.0] [-444.226, 0.0, 71.8504] [-11103.9, 1559.41, 2326.23]]
		objLayer:i = 0
		props {

		}
	}
	bdt_t2_bomb_zone_08 {
		type:t = "Sphere"
		tm:m = [[-187.897, 0.0, 408.894] [0.0, 450.0, 0.0] [-408.894, 0.0, -187.897] [3536.51, 1665.79, 4954.78]]
		objLayer:i = 0
		props {

		}
	}
	bdt_t2_bomb_zone_09 {
		type:t = "Sphere"
		tm:m = [[-187.897, 0.0, 408.894] [0.0, 450.0, 0.0] [-408.894, 0.0, -187.897] [1089.98, 1776.65, 2322.0]]
		objLayer:i = 0
		props {

		}
	}
	bdt_t2_bomb_zone_10 {
		type:t = "Sphere"
		tm:m = [[-187.897, 0.0, 408.894] [0.0, 450.0, 0.0] [-408.894, 0.0, -187.897] [-1188.68, 1727.32, 1432.8]]
		objLayer:i = 0
		props {

		}
	}
	bdt_t2_bomb_zone_05_aaa_point_01 {
		type:t = "Point"
		tm:m = [[0.177554, 0.0, 0.984109] [0.0, 1.0, 0.0] [-0.984109, 0.0, 0.177554] [-13642.1, 1614.38, 7314.92]]
		objLayer:i = 0
		props {

		}
	}
	bdt_t2_bomb_zone_05_aaa_point_02 {
		type:t = "Point"
		tm:m = [[0.177554, 0.0, 0.984109] [0.0, 1.0, 0.0] [-0.984109, 0.0, 0.177554] [-14115.7, 1626.89, 7798.3]]
		objLayer:i = 0
		props {

		}
	}
	bdt_t2_bomb_zone_05_aaa_point_03 {
		type:t = "Point"
		tm:m = [[0.177554, 0.0, 0.984109] [0.0, 1.0, 0.0] [-0.984109, 0.0, 0.177554] [-14250.5, 1630.16, 7642.57]]
		objLayer:i = 0
		props {

		}
	}
	bdt_t2_bomb_zone_05_aaa_point_04 {
		type:t = "Point"
		tm:m = [[0.177554, 0.0, 0.984109] [0.0, 1.0, 0.0] [-0.984109, 0.0, 0.177554] [-14059.4, 1624.71, 7146.94]]
		objLayer:i = 0
		props {

		}
	}
	bdt_t2_bomb_zone_06_aaa_point_01 {
		type:t = "Point"
		tm:m = [[-0.305038, 0.0, 0.952343] [0.0, 1.0, 0.0] [-0.952343, 0.0, -0.305038] [-12590.9, 1590.31, 4548.09]]
		objLayer:i = 0
		props {

		}
	}
	bdt_t2_bomb_zone_06_aaa_point_02 {
		type:t = "Point"
		tm:m = [[-0.305038, 0.0, 0.952343] [0.0, 1.0, 0.0] [-0.952343, 0.0, -0.305038] [-13115.1, 1605.26, 5105.06]]
		objLayer:i = 0
		props {

		}
	}
	bdt_t2_bomb_zone_06_aaa_point_03 {
		type:t = "Point"
		tm:m = [[-0.305038, 0.0, 0.952343] [0.0, 1.0, 0.0] [-0.952343, 0.0, -0.305038] [-12814.2, 1598.04, 5231.03]]
		objLayer:i = 0
		props {

		}
	}
	bdt_t2_bomb_zone_06_aaa_point_04 {
		type:t = "Point"
		tm:m = [[-0.305038, 0.0, 0.952343] [0.0, 1.0, 0.0] [-0.952343, 0.0, -0.305038] [-12361.5, 1587.62, 5250.98]]
		objLayer:i = 0
		props {

		}
	}
	bdt_t2_bomb_zone_07_aaa_point_01 {
		type:t = "Point"
		tm:m = [[0.177554, 0.0, 0.984109] [0.0, 1.0, 0.0] [-0.984109, 0.0, 0.177554] [-10709.3, 1552.86, 2166.15]]
		objLayer:i = 0
		props {

		}
	}
	bdt_t2_bomb_zone_07_aaa_point_02 {
		type:t = "Point"
		tm:m = [[0.177554, 0.0, 0.984109] [0.0, 1.0, 0.0] [-0.984109, 0.0, 0.177554] [-11313.4, 1563.31, 2699.14]]
		objLayer:i = 0
		props {

		}
	}
	bdt_t2_bomb_zone_07_aaa_point_03 {
		type:t = "Point"
		tm:m = [[0.177554, 0.0, 0.984109] [0.0, 1.0, 0.0] [-0.984109, 0.0, 0.177554] [-11557.3, 1566.53, 2284.09]]
		objLayer:i = 0
		props {

		}
	}
	bdt_t2_bomb_zone_07_aaa_point_04 {
		type:t = "Point"
		tm:m = [[0.177554, 0.0, 0.984109] [0.0, 1.0, 0.0] [-0.984109, 0.0, 0.177554] [-11015.1, 1556.9, 1933.29]]
		objLayer:i = 0
		props {

		}
	}
	bdt_t2_bomb_zone_08_aaa_point_01 {
		type:t = "Point"
		tm:m = [[0.0673113, 0.0, 0.99773] [0.0, 1.0, 0.0] [-0.99773, 0.0, 0.0673113] [3598.03, 1666.13, 5170.51]]
		objLayer:i = 0
		props {

		}
	}
	bdt_t2_bomb_zone_08_aaa_point_02 {
		type:t = "Point"
		tm:m = [[0.0673113, 0.0, 0.99773] [0.0, 1.0, 0.0] [-0.99773, 0.0, 0.0673113] [3646.96, 1714.33, 4637.56]]
		objLayer:i = 0
		props {

		}
	}
	bdt_t2_bomb_zone_08_aaa_point_03 {
		type:t = "Point"
		tm:m = [[0.0673113, 0.0, 0.99773] [0.0, 1.0, 0.0] [-0.99773, 0.0, 0.0673113] [3206.72, 1659.11, 4969.0]]
		objLayer:i = 0
		props {

		}
	}
	bdt_t2_bomb_zone_08_aaa_point_04 {
		type:t = "Point"
		tm:m = [[0.0673113, 0.0, 0.99773] [0.0, 1.0, 0.0] [-0.99773, 0.0, 0.0673113] [3381.34, 1701.54, 4653.58]]
		objLayer:i = 0
		props {

		}
	}
	bdt_t2_bomb_zone_09_aaa_point_01 {
		type:t = "Point"
		tm:m = [[0.0673113, 0.0, 0.99773] [0.0, 1.0, 0.0] [-0.99773, 0.0, 0.0673113] [1429.75, 1574.99, 2524.18]]
		objLayer:i = 0
		props {

		}
	}
	bdt_t2_bomb_zone_09_aaa_point_02 {
		type:t = "Point"
		tm:m = [[0.0673113, 0.0, 0.99773] [0.0, 1.0, 0.0] [-0.99773, 0.0, 0.0673113] [981.571, 1742.84, 2045.29]]
		objLayer:i = 0
		props {

		}
	}
	bdt_t2_bomb_zone_09_aaa_point_03 {
		type:t = "Point"
		tm:m = [[0.0673113, 0.0, 0.99773] [0.0, 1.0, 0.0] [-0.99773, 0.0, 0.0673113] [913.609, 1526.66, 2642.96]]
		objLayer:i = 0
		props {

		}
	}
	bdt_t2_bomb_zone_09_aaa_point_04 {
		type:t = "Point"
		tm:m = [[0.0673113, 0.0, 0.99773] [0.0, 1.0, 0.0] [-0.99773, 0.0, 0.0673113] [1457.14, 1744.15, 2147.33]]
		objLayer:i = 0
		props {

		}
	}
	bdt_t2_bomb_zone_10_aaa_point_01 {
		type:t = "Point"
		tm:m = [[0.0673113, 0.0, 0.99773] [0.0, 1.0, 0.0] [-0.99773, 0.0, 0.0673113] [-651.34, 1724.16, 1799.26]]
		objLayer:i = 0
		props {

		}
	}
	bdt_t2_bomb_zone_10_aaa_point_02 {
		type:t = "Point"
		tm:m = [[0.0673113, 0.0, 0.99773] [0.0, 1.0, 0.0] [-0.99773, 0.0, 0.0673113] [-1371.4, 1701.98, 1739.86]]
		objLayer:i = 0
		props {

		}
	}
	bdt_t2_bomb_zone_10_aaa_point_03 {
		type:t = "Point"
		tm:m = [[0.0673113, 0.0, 0.99773] [0.0, 1.0, 0.0] [-0.99773, 0.0, 0.0673113] [-637.58, 1759.79, 1248.13]]
		objLayer:i = 0
		props {

		}
	}
	bdt_t2_bomb_zone_10_aaa_point_04 {
		type:t = "Point"
		tm:m = [[0.0673113, 0.0, 0.99773] [0.0, 1.0, 0.0] [-0.99773, 0.0, 0.0673113] [-1490.33, 1728.07, 1246.02]]
		objLayer:i = 0
		props {

		}
	}
	bomb_zones_area {
		type:t = "Sphere"
		tm:m = [[13892.2, 0.0, 11445.6] [0.0, 18000.0, 0.0] [-11445.6, 0.0, 13892.2] [-4718.0, 2659.5, 9866.2]]
		objLayer:i = 3
		props {

		}
	}
}
objLayers {
	layer {
		enabled:b = true
	}
	layer {
		enabled:b = true
	}
	layer {
		enabled:b = true
	}
	layer {
		enabled:b = true
	}
	layer {
		enabled:b = true
	}
}
wayPoints {

}