selected_tag:t = ""
bin_dump_file:t = ""
mission_settings {
	player {
		army:i = 1
		wing:t = "bdt_armada"
	}
	player_teamB {
		army:i = 2
	}
	mission {
		level:t = "levels/water.bin"
		type:t = "singleMission"
		environment:t = "Day"
		weather:t = "hazy"
		restoreType:t = "attempts"
		optionalTakeOff:b = true
	}
	spectator_points {

	}
}
imports {
	import_record {
		file:t = "gameData/missions/templates/enduring_confrontation/bdt_bases_destroy_template.blk"
		importAreas:b = true
		importUnits:b = true
		importTriggers:b = true
		importMissionObjectives:b = true
		importWayPoints:b = true
		showAreas:b = true
		showUnits:b = true
		showTriggers:b = true
		showMissionObjectives:b = true
		showWayPoints:b = true
		excludes {

		}
	}
	import_record {
		file:t = "gameData/missions/templates/units_sets/land_sets_aaa_bases/bdt_t1_ussr_rank_01.blk"
		rankRange:ip2 = 0, 4
		importAreas:b = true
		importUnits:b = true
		importTriggers:b = true
		importMissionObjectives:b = true
		importWayPoints:b = true
		showAreas:b = true
		showUnits:b = true
		showTriggers:b = true
		showMissionObjectives:b = true
		showWayPoints:b = true
		excludes {

		}
	}
	import_record {
		file:t = "gameData/missions/templates/units_sets/land_sets_aaa_bases/bdt_t1_ussr_rank_02.blk"
		rankRange:ip2 = 5, 8
		importAreas:b = true
		importUnits:b = true
		importTriggers:b = true
		importMissionObjectives:b = true
		importWayPoints:b = true
		showAreas:b = true
		showUnits:b = true
		showTriggers:b = true
		showMissionObjectives:b = true
		showWayPoints:b = true
		excludes {

		}
	}
	import_record {
		file:t = "gameData/missions/templates/units_sets/land_sets_aaa_bases/bdt_t1_ussr_rank_03.blk"
		rankRange:ip2 = 9, 13
		importAreas:b = true
		importUnits:b = true
		importTriggers:b = true
		importMissionObjectives:b = true
		importWayPoints:b = true
		showAreas:b = true
		showUnits:b = true
		showTriggers:b = true
		showMissionObjectives:b = true
		showWayPoints:b = true
		excludes {

		}
	}
	import_record {
		file:t = "gameData/missions/templates/units_sets/land_sets_aaa_bases/bdt_t1_ussr_rank_04.blk"
		rankRange:ip2 = 14, 19
		importAreas:b = true
		importUnits:b = true
		importTriggers:b = true
		importMissionObjectives:b = true
		importWayPoints:b = true
		showAreas:b = true
		showUnits:b = true
		showTriggers:b = true
		showMissionObjectives:b = true
		showWayPoints:b = true
		excludes {

		}
	}
	import_record {
		file:t = "gameData/missions/templates/units_sets/land_sets_aaa_bases/bdt_t1_ussr_rank_05.blk"
		rankRange:ip2 = 20, 24
		importAreas:b = true
		importUnits:b = true
		importTriggers:b = true
		importMissionObjectives:b = true
		importWayPoints:b = true
		showAreas:b = true
		showUnits:b = true
		showTriggers:b = true
		showMissionObjectives:b = true
		showWayPoints:b = true
		excludes {

		}
	}
	import_record {
		file:t = "gameData/missions/templates/units_sets/land_sets_aaa_bases/bdt_t1_ussr_rank_06.blk"
		rankRange:ip2 = 25, 50
		importAreas:b = true
		importUnits:b = true
		importTriggers:b = true
		importMissionObjectives:b = true
		importWayPoints:b = true
		showAreas:b = true
		showUnits:b = true
		showTriggers:b = true
		showMissionObjectives:b = true
		showWayPoints:b = true
		excludes {

		}
	}
	import_record {
		file:t = "gameData/missions/templates/units_sets/land_sets_aaa_bases/bdt_t2_germ_rank_01.blk"
		rankRange:ip2 = 0, 4
		importAreas:b = true
		importUnits:b = true
		importTriggers:b = true
		importMissionObjectives:b = true
		importWayPoints:b = true
		showAreas:b = true
		showUnits:b = true
		showTriggers:b = true
		showMissionObjectives:b = true
		showWayPoints:b = true
		excludes {

		}
	}
	import_record {
		file:t = "gameData/missions/templates/units_sets/land_sets_aaa_bases/bdt_t2_germ_rank_02.blk"
		rankRange:ip2 = 5, 8
		importAreas:b = true
		importUnits:b = true
		importTriggers:b = true
		importMissionObjectives:b = true
		importWayPoints:b = true
		showAreas:b = true
		showUnits:b = true
		showTriggers:b = true
		showMissionObjectives:b = true
		showWayPoints:b = true
		excludes {

		}
	}
	import_record {
		file:t = "gameData/missions/templates/units_sets/land_sets_aaa_bases/bdt_t2_germ_rank_03.blk"
		rankRange:ip2 = 9, 13
		importAreas:b = true
		importUnits:b = true
		importTriggers:b = true
		importMissionObjectives:b = true
		importWayPoints:b = true
		showAreas:b = true
		showUnits:b = true
		showTriggers:b = true
		showMissionObjectives:b = true
		showWayPoints:b = true
		excludes {

		}
	}
	import_record {
		file:t = "gameData/missions/templates/units_sets/land_sets_aaa_bases/bdt_t2_germ_rank_04.blk"
		rankRange:ip2 = 14, 19
		importAreas:b = true
		importUnits:b = true
		importTriggers:b = true
		importMissionObjectives:b = true
		importWayPoints:b = true
		showAreas:b = true
		showUnits:b = true
		showTriggers:b = true
		showMissionObjectives:b = true
		showWayPoints:b = true
		excludes {

		}
	}
	import_record {
		file:t = "gameData/missions/templates/units_sets/land_sets_aaa_bases/bdt_t2_germ_rank_05.blk"
		rankRange:ip2 = 20, 24
		importAreas:b = true
		importUnits:b = true
		importTriggers:b = true
		importMissionObjectives:b = true
		importWayPoints:b = true
		showAreas:b = true
		showUnits:b = true
		showTriggers:b = true
		showMissionObjectives:b = true
		showWayPoints:b = true
		excludes {

		}
	}
	import_record {
		file:t = "gameData/missions/templates/units_sets/land_sets_aaa_bases/bdt_t2_germ_rank_06.blk"
		rankRange:ip2 = 25, 50
		importAreas:b = true
		importUnits:b = true
		importTriggers:b = true
		importMissionObjectives:b = true
		importWayPoints:b = true
		showAreas:b = true
		showUnits:b = true
		showTriggers:b = true
		showMissionObjectives:b = true
		showWayPoints:b = true
		excludes {

		}
	}
}
triggers {
	isCategory:b = true
	is_enabled:b = true
	bdt_part_init {
		is_enabled:b = true
		comments:t = ""
		props {
			actionsType:t = "PERFORM_ONE_BY_ONE"
			conditionsType:t = "ALL"
			enableAfterComplete:b = false
		}
		events {
			initMission {

			}
		}
		conditions {

		}
		actions {
			comment {
				value:t = "ukazyvaem maksimal'noe kolichestvo baz +1"
			}
			varSetInt {
				value:i = 21
				var:t = "bdt_t1_total_bases_max_count"
			}
			varSetInt {
				value:i = 21
				var:t = "bdt_t2_total_bases_max_count"
			}
			comment {
				value:t = "govorim chto shablon sam sebya restartit"
			}
			varSetBool {
				value:b = true
				var:t = "bdt_self_restart"
			}
		}
		else_actions {

		}
	}
}
mission_objectives {
	isCategory:b = true
	is_enabled:b = true
}
variables {

}
dialogs {

}
airfields {

}
effects {

}
units {
	objectGroups {
		name:t = "bdt_t1_bomb_object_01"
		tm:m = [[0.793354, 0.0, 0.608761] [0.0, 1.0, 0.0] [-0.608761, 0.0, 0.793354] [14329.8, 170.135, -25781.3]]
		unit_class:t = "dynBase_ammunition_camp_square"
		objLayer:i = 2
		props {
			army:i = 1
			active:b = false
		}
	}
	objectGroups {
		name:t = "bdt_t1_bomb_object_02"
		tm:m = [[0.996195, 0.0, 0.0871557] [0.0, 1.0, 0.0] [-0.0871557, 0.0, 0.996195] [6688.2, 156.806, -14699.7]]
		unit_class:t = "dynBase_ammunition_camp_square"
		objLayer:i = 2
		props {
			army:i = 1
			active:b = false
		}
	}
	objectGroups {
		name:t = "bdt_t1_bomb_object_03"
		tm:m = [[0.766045, 0.0, 0.642788] [0.0, 1.0, 0.0] [-0.642788, 0.0, 0.766045] [9057.94, 166.458, -22422.4]]
		unit_class:t = "dynBase_ammunition_camp_square"
		objLayer:i = 2
		props {
			army:i = 1
			active:b = false
		}
	}
	objectGroups {
		name:t = "bdt_t1_bomb_object_04"
		tm:m = [[0.906308, 0.0, 0.422618] [0.0, 1.0, 0.0] [-0.422618, 0.0, 0.906308] [11916.6, 165.991, -6136.07]]
		unit_class:t = "dynBase_ammunition_camp_square"
		objLayer:i = 2
		props {
			army:i = 1
			active:b = false
		}
	}
	objectGroups {
		name:t = "bdt_t1_bomb_object_05"
		tm:m = [[0.793354, 0.0, 0.608761] [0.0, 1.0, 0.0] [-0.608761, 0.0, 0.793354] [18811.0, 209.781, 6106.52]]
		unit_class:t = "dynBase_ammunition_camp_square"
		objLayer:i = 2
		props {
			army:i = 1
			active:b = false
		}
	}
	objectGroups {
		name:t = "bdt_t1_bomb_object_06"
		tm:m = [[0.984808, 0.0, 0.173648] [0.0, 1.0, 0.0] [-0.173648, 0.0, 0.984808] [11331.5, 123.216, 6635.25]]
		unit_class:t = "dynBase_ammunition_camp_square"
		objLayer:i = 2
		props {
			army:i = 1
			active:b = false
		}
	}
	objectGroups {
		name:t = "bdt_t1_bomb_object_07"
		tm:m = [[0.793353, 0.0, 0.608761] [0.0, 1.0, 0.0] [-0.608761, 0.0, 0.793353] [18764.5, 189.608, 20875.6]]
		unit_class:t = "dynBase_ammunition_camp_square"
		objLayer:i = 2
		props {
			army:i = 1
			active:b = false
		}
	}
	objectGroups {
		name:t = "bdt_t1_bomb_object_08"
		tm:m = [[0.793353, 0.0, 0.608761] [0.0, 1.0, 0.0] [-0.608761, 0.0, 0.793353] [24969.3, 140.387, 20718.1]]
		unit_class:t = "dynBase_ammunition_camp_square"
		objLayer:i = 2
		props {
			army:i = 1
			active:b = false
		}
	}
	objectGroups {
		name:t = "bdt_t2_bomb_object_01"
		tm:m = [[0.793354, 0.0, 0.608762] [0.0, 1.0, 0.0] [-0.608762, 0.0, 0.793354] [-22425.4, 195.089, -12706.7]]
		unit_class:t = "dynBase_ammunition_camp_square"
		objLayer:i = 2
		props {
			army:i = 2
			active:b = false
		}
	}
	objectGroups {
		name:t = "bdt_t2_bomb_object_02"
		tm:m = [[0.793354, 0.0, 0.608762] [0.0, 1.0, 0.0] [-0.608762, 0.0, 0.793354] [-11622.5, 186.138, 3897.02]]
		unit_class:t = "dynBase_ammunition_camp_square"
		objLayer:i = 2
		props {
			army:i = 2
			active:b = false
		}
	}
	objectGroups {
		name:t = "bdt_t2_bomb_object_03"
		tm:m = [[0.819153, 0.0, 0.573577] [0.0, 1.0, 0.0] [-0.573577, 0.0, 0.819153] [-7336.94, 89.0688, -25008.5]]
		unit_class:t = "dynBase_ammunition_camp_square"
		objLayer:i = 2
		props {
			army:i = 2
			active:b = false
		}
	}
	objectGroups {
		name:t = "bdt_t2_bomb_object_04"
		tm:m = [[0.999049, 0.0, 0.0436195] [0.0, 1.0, 0.0] [-0.0436195, 0.0, 0.999049] [-22226.8, 129.41, -6462.71]]
		unit_class:t = "dynBase_ammunition_camp_square"
		objLayer:i = 2
		props {
			army:i = 2
			active:b = false
		}
	}
	objectGroups {
		name:t = "bdt_t2_bomb_object_05"
		tm:m = [[0.996196, 0.0, -0.0871557] [0.0, 1.0, 0.0] [0.0871557, 0.0, 0.996196] [-8434.5, 82.5968, 14442.9]]
		unit_class:t = "dynBase_ammunition_camp_square"
		objLayer:i = 2
		props {
			army:i = 2
			active:b = false
		}
	}
	objectGroups {
		name:t = "bdt_t2_bomb_object_06"
		tm:m = [[0.843392, 0.0, 0.5373] [0.0, 1.0, 0.0] [-0.5373, 0.0, 0.843392] [-8426.04, 112.521, -13161.0]]
		unit_class:t = "dynBase_ammunition_camp_square"
		objLayer:i = 2
		props {
			army:i = 2
			active:b = false
		}
	}
	objectGroups {
		name:t = "bdt_t2_bomb_object_07"
		tm:m = [[0.866026, 0.0, 0.5] [0.0, 1.0, 0.0] [-0.5, 0.0, 0.866026] [-10660.3, 122.307, -4388.62]]
		unit_class:t = "dynBase_ammunition_camp_square"
		objLayer:i = 2
		props {
			army:i = 2
			active:b = false
		}
	}
	objectGroups {
		name:t = "bdt_t2_bomb_object_08"
		tm:m = [[0.999049, 0.0, 0.0436188] [0.0, 1.0, 0.0] [-0.0436188, 0.0, 0.999049] [-17687.3, 80.988, 3015.61]]
		unit_class:t = "dynBase_ammunition_camp_square"
		objLayer:i = 2
		props {
			army:i = 2
			active:b = false
		}
	}
	armada {
		name:t = "bdt_armada"
		tm:m = [[1.0, 0.0, 0.0] [0.0, 1.0, 0.0] [0.0, 0.0, 1.0] [-1691.98, 1388.0, -4126.78]]
		unit_class:t = "b-17g"
		objLayer:i = 1
		closed_waypoints:b = false
		isShipSpline:b = false
		shipTurnRadius:r = 100
		weapons:t = "B17G_8x1000lbs"
		bullets0:t = ""
		bullets1:t = ""
		bullets2:t = ""
		bullets3:t = ""
		bulletsCount0:i = 0
		bulletsCount1:i = 0
		bulletsCount2:i = 0
		bulletsCount3:i = 0
		crewSkillK:r = 0
		applyAllMods:b = false
		props {
			army:i = 2
			count:i = 1
			free_distance:r = 70
			floating_distance:r = 50
			minimum_distance_to_earth:r = 20
			altLimit:r = 6000
			attack_type:t = "fire_at_will"
			skill:i = 4
			plane {
				wing_formation:t = "Diamond"
				row_distances:r = 3
				col_distances:r = 3
				super_formation:t = "Diamond"
				super_row_distances:r = 1.5
				super_col_distances:r = 1.5
				ai_skill:t = "NORMAL"
				task:t = "FLY_WAYPOINT"
			}
		}
		way {

		}
	}
	objectGroups {
		name:t = "bdt_t2_bomb_object_09"
		tm:m = [[0.92388, 0.0, 0.382684] [0.0, 1.0, 0.0] [-0.382684, 0.0, 0.92388] [-13606.1, 200.128, -18415.3]]
		unit_class:t = "dynBase_ammunition_camp_square"
		objLayer:i = 2
		props {
			army:i = 2
			active:b = false
		}
	}
	objectGroups {
		name:t = "bdt_t2_bomb_object_10"
		tm:m = [[1.0, 0.0, 8.9407e-8] [0.0, 1.0, 0.0] [-8.9407e-8, 0.0, 1.0] [-19326.8, 75.4, -19482.2]]
		unit_class:t = "dynBase_ammunition_camp_square"
		objLayer:i = 2
		props {
			army:i = 2
			active:b = false
		}
	}
	objectGroups {
		name:t = "bdt_t1_bomb_object_09"
		tm:m = [[0.996195, 0.0, 0.0871551] [0.0, 1.0, 0.0] [-0.0871551, 0.0, 0.996195] [20753.1, 162.383, -2032.7]]
		unit_class:t = "dynBase_ammunition_camp_square"
		objLayer:i = 2
		props {
			army:i = 1
			active:b = false
		}
	}
	objectGroups {
		name:t = "bdt_t1_bomb_object_10"
		tm:m = [[0.843392, 0.0, 0.5373] [0.0, 1.0, 0.0] [-0.5373, 0.0, 0.843392] [18496.1, 49.3792, -17367.7]]
		unit_class:t = "dynBase_ammunition_camp_square"
		objLayer:i = 2
		props {
			army:i = 1
			active:b = false
		}
	}
	objectGroups {
		name:t = "bdt_t2_bomb_object_11"
		tm:m = [[0.999049, 0.0, 0.0436195] [0.0, 1.0, 0.0] [-0.0436195, 0.0, 0.999049] [-9043.11, 129.41, 22799.9]]
		unit_class:t = "dynBase_ammunition_camp_square"
		objLayer:i = 2
		props {
			army:i = 2
			active:b = false
		}
	}
	objectGroups {
		name:t = "bdt_t2_bomb_object_12"
		tm:m = [[0.999049, 0.0, 0.0436195] [0.0, 1.0, 0.0] [-0.0436195, 0.0, 0.999049] [-14727.9, 129.41, 21039.5]]
		unit_class:t = "dynBase_ammunition_camp_square"
		objLayer:i = 2
		props {
			army:i = 2
			active:b = false
		}
	}
	objectGroups {
		name:t = "bdt_t2_bomb_object_13"
		tm:m = [[0.999049, 0.0, 0.0436195] [0.0, 1.0, 0.0] [-0.0436195, 0.0, 0.999049] [-16042.1, 78.3797, 15274.1]]
		unit_class:t = "dynBase_ammunition_camp_square"
		objLayer:i = 2
		props {
			army:i = 2
			active:b = false
		}
	}
	objectGroups {
		name:t = "bdt_t2_bomb_object_14"
		tm:m = [[0.999049, 0.0, 0.0436195] [0.0, 1.0, 0.0] [-0.0436195, 0.0, 0.999049] [-17936.8, 44.161, 25828.4]]
		unit_class:t = "dynBase_ammunition_camp_square"
		objLayer:i = 2
		props {
			army:i = 2
			active:b = false
		}
	}
	objectGroups {
		name:t = "bdt_t2_bomb_object_15"
		tm:m = [[0.999049, 0.0, 0.0436195] [0.0, 1.0, 0.0] [-0.0436195, 0.0, 0.999049] [-19981.0, 112.135, 28664.7]]
		unit_class:t = "dynBase_ammunition_camp_square"
		objLayer:i = 2
		props {
			army:i = 2
			active:b = false
		}
	}
	objectGroups {
		name:t = "bdt_t2_bomb_object_16"
		tm:m = [[0.999049, 0.0, 0.0436195] [0.0, 1.0, 0.0] [-0.0436195, 0.0, 0.999049] [-20733.5, 112.138, 17145.1]]
		unit_class:t = "dynBase_ammunition_camp_square"
		objLayer:i = 2
		props {
			army:i = 2
			active:b = false
		}
	}
	objectGroups {
		name:t = "bdt_t2_bomb_object_17"
		tm:m = [[0.999049, 0.0, 0.0436195] [0.0, 1.0, 0.0] [-0.0436195, 0.0, 0.999049] [-14981.0, 178.688, 8802.72]]
		unit_class:t = "dynBase_ammunition_camp_square"
		objLayer:i = 2
		props {
			army:i = 2
			active:b = false
		}
	}
	objectGroups {
		name:t = "bdt_t2_bomb_object_18"
		tm:m = [[0.999049, 0.0, 0.0436195] [0.0, 1.0, 0.0] [-0.0436195, 0.0, 0.999049] [-19874.2, 104.481, 4553.08]]
		unit_class:t = "dynBase_ammunition_camp_square"
		objLayer:i = 2
		props {
			army:i = 2
			active:b = false
		}
	}
	objectGroups {
		name:t = "bdt_t2_bomb_object_19"
		tm:m = [[0.999049, 0.0, 0.0436195] [0.0, 1.0, 0.0] [-0.0436195, 0.0, 0.999049] [-15061.7, 104.481, -7212.19]]
		unit_class:t = "dynBase_ammunition_camp_square"
		objLayer:i = 2
		props {
			army:i = 2
			active:b = false
		}
	}
	objectGroups {
		name:t = "bdt_t2_bomb_object_20"
		tm:m = [[0.999049, 0.0, 0.0436195] [0.0, 1.0, 0.0] [-0.0436195, 0.0, 0.999049] [-15748.6, 157.034, -23845.0]]
		unit_class:t = "dynBase_ammunition_camp_square"
		objLayer:i = 2
		props {
			army:i = 2
			active:b = false
		}
	}
	objectGroups {
		name:t = "bdt_t1_bomb_object_11"
		tm:m = [[0.793354, 0.0, 0.608761] [0.0, 1.0, 0.0] [-0.608761, 0.0, 0.793354] [18253.9, 116.979, -28443.8]]
		unit_class:t = "dynBase_ammunition_camp_square"
		objLayer:i = 2
		props {
			army:i = 1
			active:b = false
		}
	}
	objectGroups {
		name:t = "bdt_t1_bomb_object_12"
		tm:m = [[0.793354, 0.0, 0.608761] [0.0, 1.0, 0.0] [-0.608761, 0.0, 0.793354] [21889.4, 74.3613, -26578.8]]
		unit_class:t = "dynBase_ammunition_camp_square"
		objLayer:i = 2
		props {
			army:i = 1
			active:b = false
		}
	}
	objectGroups {
		name:t = "bdt_t1_bomb_object_13"
		tm:m = [[0.793354, 0.0, 0.608761] [0.0, 1.0, 0.0] [-0.608761, 0.0, 0.793354] [22428.6, 87.6035, -12479.4]]
		unit_class:t = "dynBase_ammunition_camp_square"
		objLayer:i = 2
		props {
			army:i = 1
			active:b = false
		}
	}
	objectGroups {
		name:t = "bdt_t1_bomb_object_14"
		tm:m = [[0.793354, 0.0, 0.608761] [0.0, 1.0, 0.0] [-0.608761, 0.0, 0.793354] [19322.5, 155.461, -10404.2]]
		unit_class:t = "dynBase_ammunition_camp_square"
		objLayer:i = 2
		props {
			army:i = 1
			active:b = false
		}
	}
	objectGroups {
		name:t = "bdt_t1_bomb_object_15"
		tm:m = [[0.793354, 0.0, 0.608761] [0.0, 1.0, 0.0] [-0.608761, 0.0, 0.793354] [7714.25, 46.3936, 14998.6]]
		unit_class:t = "dynBase_ammunition_camp_square"
		objLayer:i = 2
		props {
			army:i = 1
			active:b = false
		}
	}
	objectGroups {
		name:t = "bdt_t1_bomb_object_16"
		tm:m = [[0.793354, 0.0, 0.608761] [0.0, 1.0, 0.0] [-0.608761, 0.0, 0.793354] [12287.5, 196.846, 22893.5]]
		unit_class:t = "dynBase_ammunition_camp_square"
		objLayer:i = 2
		props {
			army:i = 1
			active:b = false
		}
	}
	objectGroups {
		name:t = "bdt_t1_bomb_object_17"
		tm:m = [[0.793354, 0.0, 0.608761] [0.0, 1.0, 0.0] [-0.608761, 0.0, 0.793354] [14633.3, 134.083, 17468.4]]
		unit_class:t = "dynBase_ammunition_camp_square"
		objLayer:i = 2
		props {
			army:i = 1
			active:b = false
		}
	}
	objectGroups {
		name:t = "bdt_t1_bomb_object_18"
		tm:m = [[0.793354, 0.0, 0.608761] [0.0, 1.0, 0.0] [-0.608761, 0.0, 0.793354] [15596.0, 159.549, 26621.6]]
		unit_class:t = "dynBase_ammunition_camp_square"
		objLayer:i = 2
		props {
			army:i = 1
			active:b = false
		}
	}
	objectGroups {
		name:t = "bdt_t1_bomb_object_19"
		tm:m = [[0.793354, 0.0, 0.608761] [0.0, 1.0, 0.0] [-0.608761, 0.0, 0.793354] [7415.96, 193.91, 2890.51]]
		unit_class:t = "dynBase_ammunition_camp_square"
		objLayer:i = 2
		props {
			army:i = 1
			active:b = false
		}
	}
	objectGroups {
		name:t = "bdt_t1_bomb_object_20"
		tm:m = [[0.793354, 0.0, 0.608761] [0.0, 1.0, 0.0] [-0.608761, 0.0, 0.793354] [10172.4, 190.406, -15958.6]]
		unit_class:t = "dynBase_ammunition_camp_square"
		objLayer:i = 2
		props {
			army:i = 1
			active:b = false
		}
	}
}
areas {
	bdt_t1_bomb_zone_01 {
		type:t = "Sphere"
		tm:m = [[421.696, 0.0, 268.65] [0.0, 500.0, 0.0] [-268.65, 0.0, 421.696] [14332.2, 170.218, -25777.2]]
		objLayer:i = 0
		props {

		}
	}
	bdt_t1_bomb_zone_02 {
		type:t = "Sphere"
		tm:m = [[500.0, 0.0, 0.0] [0.0, 500.0, 0.0] [0.0, 0.0, 500.0] [6687.3, 156.556, -14696.8]]
		objLayer:i = 0
		props {

		}
	}
	bdt_t1_bomb_zone_03 {
		type:t = "Sphere"
		tm:m = [[409.576, 0.0, 286.788] [0.0, 500.0, 0.0] [-286.788, 0.0, 409.576] [9063.59, 166.11, -22442.8]]
		objLayer:i = 0
		props {

		}
	}
	bdt_t1_bomb_zone_04 {
		type:t = "Sphere"
		tm:m = [[500.0, 0.0, 0.0] [0.0, 500.0, 0.0] [0.0, 0.0, 500.0] [11924.9, 175.668, -6132.12]]
		objLayer:i = 0
		props {

		}
	}
	bdt_t1_bomb_zone_05 {
		type:t = "Sphere"
		tm:m = [[488.148, 0.0, 108.22] [0.0, 500.0, 0.0] [-108.22, 0.0, 488.148] [18812.7, 216.955, 6103.62]]
		objLayer:i = 0
		props {

		}
	}
	bdt_t1_bomb_zone_06 {
		type:t = "Sphere"
		tm:m = [[500.0, 0.0, 0.0] [0.0, 500.0, 0.0] [0.0, 0.0, 500.0] [11328.0, 118.129, 6638.25]]
		objLayer:i = 0
		props {

		}
	}
	bdt_t1_bomb_zone_07 {
		type:t = "Sphere"
		tm:m = [[500.0, 0.0, 0.0] [0.0, 500.0, 0.0] [0.0, 0.0, 500.0] [18773.2, 189.912, 20873.5]]
		objLayer:i = 0
		props {

		}
	}
	bdt_t1_bomb_zone_08 {
		type:t = "Sphere"
		tm:m = [[500.0, 0.0, 0.0] [0.0, 500.0, 0.0] [0.0, 0.0, 500.0] [24975.7, 139.426, 20716.5]]
		objLayer:i = 0
		props {

		}
	}
	bdt_t2_bomb_zone_01 {
		type:t = "Sphere"
		tm:m = [[500.0, 0.0, 0.0] [0.0, 500.0, 0.0] [0.0, 0.0, 500.0] [-22416.4, 96.3222, -12712.1]]
		objLayer:i = 0
		props {

		}
	}
	bdt_t2_bomb_zone_02 {
		type:t = "Sphere"
		tm:m = [[500.0, 0.0, 0.0] [0.0, 500.0, 0.0] [0.0, 0.0, 500.0] [-11630.0, 165.847, 3897.12]]
		objLayer:i = 0
		props {

		}
	}
	bdt_t2_bomb_zone_03 {
		type:t = "Sphere"
		tm:m = [[499.524, 0.0, -21.8097] [0.0, 500.0, 0.0] [21.8097, 0.0, 499.524] [-7329.54, 90.0429, -25019.9]]
		objLayer:i = 0
		props {

		}
	}
	bdt_t2_bomb_zone_04 {
		type:t = "Sphere"
		tm:m = [[409.576, 0.0, -286.788] [0.0, 500.0, 0.0] [286.788, 0.0, 409.576] [-22215.0, 88.7551, -6468.83]]
		objLayer:i = 0
		props {

		}
	}
	bdt_t2_bomb_zone_05 {
		type:t = "Sphere"
		tm:m = [[368.639, 0.0, -337.795] [0.0, 500.0, 0.0] [337.795, 0.0, 368.639] [-8427.34, 83.1926, 14442.6]]
		objLayer:i = 0
		props {

		}
	}
	bdt_t2_bomb_zone_06 {
		type:t = "Sphere"
		tm:m = [[476.858, 0.0, -150.353] [0.0, 500.0, 0.0] [150.353, 0.0, 476.858] [-8422.89, 111.873, -13153.5]]
		objLayer:i = 0
		props {

		}
	}
	bdt_t2_bomb_zone_07 {
		type:t = "Sphere"
		tm:m = [[500.0, 0.0, 0.0] [0.0, 500.0, 0.0] [0.0, 0.0, 500.0] [-10671.4, 123.852, -4366.51]]
		objLayer:i = 0
		props {

		}
	}
	bdt_t2_bomb_zone_08 {
		type:t = "Sphere"
		tm:m = [[383.022, 0.0, -321.394] [0.0, 500.0, 0.0] [321.394, 0.0, 383.022] [-17691.3, 60.1933, 3029.91]]
		objLayer:i = 0
		props {

		}
	}
	bdt_t2_bomb_zone_09 {
		type:t = "Sphere"
		tm:m = [[482.963, 0.0, -129.41] [0.0, 500.0, 0.0] [129.41, 0.0, 482.963] [-13619.6, 160.889, -18409.5]]
		objLayer:i = 0
		props {

		}
	}
	bdt_t2_bomb_zone_10 {
		type:t = "Sphere"
		tm:m = [[396.677, 0.0, -304.381] [0.0, 500.0, 0.0] [304.381, 0.0, 396.677] [-19290.1, 75.8888, -19457.3]]
		objLayer:i = 0
		props {

		}
	}
	bdt_t1_bomb_zone_09 {
		type:t = "Sphere"
		tm:m = [[396.677, 0.0, -304.381] [0.0, 500.0, 0.0] [304.381, 0.0, 396.677] [20751.9, 162.339, -2028.65]]
		objLayer:i = 0
		props {

		}
	}
	bdt_t1_bomb_zone_10 {
		type:t = "Sphere"
		tm:m = [[500.0, 0.0, 0.0] [0.0, 500.0, 0.0] [0.0, 0.0, 500.0] [18492.6, 50.4295, -17358.6]]
		objLayer:i = 0
		props {

		}
	}
	bdt_center_area {
		type:t = "Box"
		tm:m = [[11000.0, 0.0, 0.0] [0.0, 805.1, 0.0] [0.0507813, 0.0, 83200.0] [-327.35, 0.0, -511.65]]
		objLayer:i = 0
		props {

		}
	}
	bdt_t1_bomb_zone_01_aaa_point_01 {
		type:t = "Point"
		tm:m = [[1.0, 0.0, 0.0] [0.0, 1.0, 0.0] [0.0, 0.0, 1.0] [14213.3, 164.512, -25580.2]]
		objLayer:i = 0
		props {

		}
	}
	bdt_t1_bomb_zone_01_aaa_point_02 {
		type:t = "Point"
		tm:m = [[1.0, 0.0, 0.0] [0.0, 1.0, 0.0] [0.0, 0.0, 1.0] [14518.7, 175.374, -25664.2]]
		objLayer:i = 0
		props {

		}
	}
	bdt_t1_bomb_zone_01_aaa_point_03 {
		type:t = "Point"
		tm:m = [[1.0, 0.0, 0.0] [0.0, 1.0, 0.0] [0.0, 0.0, 1.0] [14443.7, 175.374, -25971.8]]
		objLayer:i = 0
		props {

		}
	}
	bdt_t1_bomb_zone_01_aaa_point_04 {
		type:t = "Point"
		tm:m = [[1.0, 0.0, 0.0] [0.0, 1.0, 0.0] [0.0, 0.0, 1.0] [14135.9, 175.374, -25906.9]]
		objLayer:i = 0
		props {

		}
	}
	bdt_t1_bomb_zone_02_aaa_point_01 {
		type:t = "Point"
		tm:m = [[1.0, 0.0, 0.0] [0.0, 1.0, 0.0] [0.0, 0.0, 1.0] [6838.6, 171.753, -14921.6]]
		objLayer:i = 0
		props {

		}
	}
	bdt_t1_bomb_zone_02_aaa_point_02 {
		type:t = "Point"
		tm:m = [[1.0, 0.0, 0.0] [0.0, 1.0, 0.0] [0.0, 0.0, 1.0] [6578.53, 179.885, -15048.8]]
		objLayer:i = 0
		props {

		}
	}
	bdt_t1_bomb_zone_02_aaa_point_03 {
		type:t = "Point"
		tm:m = [[1.0, 0.0, 0.0] [0.0, 1.0, 0.0] [0.0, 0.0, 1.0] [6657.28, 148.381, -14262.6]]
		objLayer:i = 0
		props {

		}
	}
	bdt_t1_bomb_zone_02_aaa_point_04 {
		type:t = "Point"
		tm:m = [[1.0, 0.0, 0.0] [0.0, 1.0, 0.0] [0.0, 0.0, 1.0] [6378.55, 142.729, -14543.6]]
		objLayer:i = 0
		props {

		}
	}
	bdt_t1_bomb_zone_03_aaa_point_01 {
		type:t = "Point"
		tm:m = [[1.0, 0.0, 0.0] [0.0, 1.0, 0.0] [0.0, 0.0, 1.0] [9352.65, 157.115, -22218.5]]
		objLayer:i = 0
		props {

		}
	}
	bdt_t1_bomb_zone_03_aaa_point_02 {
		type:t = "Point"
		tm:m = [[1.0, 0.0, 0.0] [0.0, 1.0, 0.0] [0.0, 0.0, 1.0] [9198.69, 157.115, -22820.8]]
		objLayer:i = 0
		props {

		}
	}
	bdt_t1_bomb_zone_03_aaa_point_03 {
		type:t = "Point"
		tm:m = [[1.0, 0.0, 0.0] [0.0, 1.0, 0.0] [0.0, 0.0, 1.0] [8848.91, 179.439, -22383.4]]
		objLayer:i = 0
		props {

		}
	}
	bdt_t1_bomb_zone_03_aaa_point_04 {
		type:t = "Point"
		tm:m = [[1.0, 0.0, 0.0] [0.0, 1.0, 0.0] [0.0, 0.0, 1.0] [9205.01, 179.439, -22371.3]]
		objLayer:i = 0
		props {

		}
	}
	bdt_t1_bomb_zone_04_aaa_point_01 {
		type:t = "Point"
		tm:m = [[1.0, 0.0, 0.0] [0.0, 1.0, 0.0] [0.0, 0.0, 1.0] [11615.1, 147.681, -6058.25]]
		objLayer:i = 0
		props {

		}
	}
	bdt_t1_bomb_zone_04_aaa_point_02 {
		type:t = "Point"
		tm:m = [[1.0, 0.0, 0.0] [0.0, 1.0, 0.0] [0.0, 0.0, 1.0] [11769.2, 147.681, -6441.61]]
		objLayer:i = 0
		props {

		}
	}
	bdt_t1_bomb_zone_04_aaa_point_03 {
		type:t = "Point"
		tm:m = [[1.0, 0.0, 0.0] [0.0, 1.0, 0.0] [0.0, 0.0, 1.0] [11909.1, 147.681, -6330.6]]
		objLayer:i = 0
		props {

		}
	}
	bdt_t1_bomb_zone_04_aaa_point_04 {
		type:t = "Point"
		tm:m = [[1.0, 0.0, 0.0] [0.0, 1.0, 0.0] [0.0, 0.0, 1.0] [12018.3, 147.681, -6114.29]]
		objLayer:i = 0
		props {

		}
	}
	bdt_t1_bomb_zone_05_aaa_point_01 {
		type:t = "Point"
		tm:m = [[1.0, 0.0, 0.0] [0.0, 1.0, 0.0] [0.0, 0.0, 1.0] [18366.6, 219.151, 6164.76]]
		objLayer:i = 0
		props {

		}
	}
	bdt_t1_bomb_zone_05_aaa_point_02 {
		type:t = "Point"
		tm:m = [[1.0, 0.0, 0.0] [0.0, 1.0, 0.0] [0.0, 0.0, 1.0] [18685.7, 219.151, 5676.82]]
		objLayer:i = 0
		props {

		}
	}
	bdt_t1_bomb_zone_05_aaa_point_03 {
		type:t = "Point"
		tm:m = [[1.0, 0.0, 0.0] [0.0, 1.0, 0.0] [0.0, 0.0, 1.0] [19013.4, 193.88, 5706.82]]
		objLayer:i = 0
		props {

		}
	}
	bdt_t1_bomb_zone_05_aaa_point_04 {
		type:t = "Point"
		tm:m = [[1.0, 0.0, 0.0] [0.0, 1.0, 0.0] [0.0, 0.0, 1.0] [18668.8, 234.395, 6582.02]]
		objLayer:i = 0
		props {

		}
	}
	bdt_t1_bomb_zone_06_aaa_point_01 {
		type:t = "Point"
		tm:m = [[1.0, 0.0, 0.0] [0.0, 1.0, 0.0] [0.0, 0.0, 1.0] [10845.7, 84.4293, 6315.08]]
		objLayer:i = 0
		props {

		}
	}
	bdt_t1_bomb_zone_06_aaa_point_02 {
		type:t = "Point"
		tm:m = [[1.0, 0.0, 0.0] [0.0, 1.0, 0.0] [0.0, 0.0, 1.0] [10946.0, 84.4293, 6480.56]]
		objLayer:i = 0
		props {

		}
	}
	bdt_t1_bomb_zone_06_aaa_point_03 {
		type:t = "Point"
		tm:m = [[1.0, 0.0, 0.0] [0.0, 1.0, 0.0] [0.0, 0.0, 1.0] [11088.4, 84.4293, 6744.76]]
		objLayer:i = 0
		props {

		}
	}
	bdt_t1_bomb_zone_06_aaa_point_04 {
		type:t = "Point"
		tm:m = [[1.0, 0.0, 0.0] [0.0, 1.0, 0.0] [0.0, 0.0, 1.0] [11155.6, 84.4293, 7006.52]]
		objLayer:i = 0
		props {

		}
	}
	bdt_t1_bomb_zone_07_aaa_point_01 {
		type:t = "Point"
		tm:m = [[1.0, 0.0, 0.0] [0.0, 1.0, 0.0] [0.0, 0.0, 1.0] [18441.5, 183.156, 20567.4]]
		objLayer:i = 0
		props {

		}
	}
	bdt_t1_bomb_zone_07_aaa_point_02 {
		type:t = "Point"
		tm:m = [[1.0, 0.0, 0.0] [0.0, 1.0, 0.0] [0.0, 0.0, 1.0] [18576.3, 183.156, 20965.7]]
		objLayer:i = 0
		props {

		}
	}
	bdt_t1_bomb_zone_07_aaa_point_03 {
		type:t = "Point"
		tm:m = [[1.0, 0.0, 0.0] [0.0, 1.0, 0.0] [0.0, 0.0, 1.0] [18855.2, 206.118, 21174.7]]
		objLayer:i = 0
		props {

		}
	}
	bdt_t1_bomb_zone_07_aaa_point_04 {
		type:t = "Point"
		tm:m = [[1.0, 0.0, 0.0] [0.0, 1.0, 0.0] [0.0, 0.0, 1.0] [18793.7, 206.118, 20656.8]]
		objLayer:i = 0
		props {

		}
	}
	bdt_t1_bomb_zone_08_aaa_point_01 {
		type:t = "Point"
		tm:m = [[1.0, 0.0, 0.0] [0.0, 1.0, 0.0] [0.0, 0.0, 1.0] [24829.7, 152.671, 21169.4]]
		objLayer:i = 0
		props {

		}
	}
	bdt_t1_bomb_zone_08_aaa_point_02 {
		type:t = "Point"
		tm:m = [[1.0, 0.0, 0.0] [0.0, 1.0, 0.0] [0.0, 0.0, 1.0] [24938.8, 152.672, 20898.6]]
		objLayer:i = 0
		props {

		}
	}
	bdt_t1_bomb_zone_08_aaa_point_03 {
		type:t = "Point"
		tm:m = [[1.0, 0.0, 0.0] [0.0, 1.0, 0.0] [0.0, 0.0, 1.0] [24539.8, 152.672, 20979.6]]
		objLayer:i = 0
		props {

		}
	}
	bdt_t1_bomb_zone_08_aaa_point_04 {
		type:t = "Point"
		tm:m = [[1.0, 0.0, 0.0] [0.0, 1.0, 0.0] [0.0, 0.0, 1.0] [24884.5, 152.672, 20464.4]]
		objLayer:i = 0
		props {

		}
	}
	bdt_t1_bomb_zone_09_aaa_point_01 {
		type:t = "Point"
		tm:m = [[1.0, 0.0, 0.0] [0.0, 1.0, 0.0] [0.0, 0.0, 1.0] [20920.9, 127.359, -2300.25]]
		objLayer:i = 0
		props {

		}
	}
	bdt_t1_bomb_zone_09_aaa_point_02 {
		type:t = "Point"
		tm:m = [[1.0, 0.0, 0.0] [0.0, 1.0, 0.0] [0.0, 0.0, 1.0] [20591.2, 170.526, -2258.5]]
		objLayer:i = 0
		props {

		}
	}
	bdt_t1_bomb_zone_09_aaa_point_03 {
		type:t = "Point"
		tm:m = [[1.0, 0.0, 0.0] [0.0, 1.0, 0.0] [0.0, 0.0, 1.0] [20645.3, 170.526, -1763.59]]
		objLayer:i = 0
		props {

		}
	}
	bdt_t1_bomb_zone_09_aaa_point_04 {
		type:t = "Point"
		tm:m = [[1.0, 0.0, 0.0] [0.0, 1.0, 0.0] [0.0, 0.0, 1.0] [20642.6, 146.022, -2571.55]]
		objLayer:i = 0
		props {

		}
	}
	bdt_t1_bomb_zone_10_aaa_point_01 {
		type:t = "Point"
		tm:m = [[1.0, 0.0, 0.0] [0.0, 1.0, 0.0] [0.0, 0.0, 1.0] [18180.5, 13.5708, -17349.4]]
		objLayer:i = 0
		props {

		}
	}
	bdt_t1_bomb_zone_10_aaa_point_02 {
		type:t = "Point"
		tm:m = [[1.0, 0.0, 0.0] [0.0, 1.0, 0.0] [0.0, 0.0, 1.0] [18094.3, 31.8503, -17077.3]]
		objLayer:i = 0
		props {

		}
	}
	bdt_t1_bomb_zone_10_aaa_point_03 {
		type:t = "Point"
		tm:m = [[1.0, 0.0, 0.0] [0.0, 1.0, 0.0] [0.0, 0.0, 1.0] [18735.9, 105.175, -17434.2]]
		objLayer:i = 0
		props {

		}
	}
	bdt_t1_bomb_zone_10_aaa_point_04 {
		type:t = "Point"
		tm:m = [[1.0, 0.0, 0.0] [0.0, 1.0, 0.0] [0.0, 0.0, 1.0] [18374.5, 81.4675, -16689.9]]
		objLayer:i = 0
		props {

		}
	}
	bdt_t2_bomb_zone_01_aaa_point_01 {
		type:t = "Point"
		tm:m = [[1.0, 0.0, 0.0] [0.0, 1.0, 0.0] [0.0, 0.0, 1.0] [-22848.4, 62.8462, -13058.4]]
		objLayer:i = 0
		props {

		}
	}
	bdt_t2_bomb_zone_01_aaa_point_02 {
		type:t = "Point"
		tm:m = [[1.0, 0.0, 0.0] [0.0, 1.0, 0.0] [0.0, 0.0, 1.0] [-22909.4, 97.6677, -12760.2]]
		objLayer:i = 0
		props {

		}
	}
	bdt_t2_bomb_zone_01_aaa_point_03 {
		type:t = "Point"
		tm:m = [[1.0, 0.0, 0.0] [0.0, 1.0, 0.0] [0.0, 0.0, 1.0] [-22593.0, 140.796, -12118.8]]
		objLayer:i = 0
		props {

		}
	}
	bdt_t2_bomb_zone_01_aaa_point_04 {
		type:t = "Point"
		tm:m = [[1.0, 0.0, 0.0] [0.0, 1.0, 0.0] [0.0, 0.0, 1.0] [-22717.5, 140.795, -12529.5]]
		objLayer:i = 0
		props {

		}
	}
	bdt_t2_bomb_zone_02_aaa_point_01 {
		type:t = "Point"
		tm:m = [[1.0, 0.0, 0.0] [0.0, 1.0, 0.0] [0.0, 0.0, 1.0] [-11424.5, 170.266, 3617.89]]
		objLayer:i = 0
		props {

		}
	}
	bdt_t2_bomb_zone_02_aaa_point_02 {
		type:t = "Point"
		tm:m = [[1.0, 0.0, 0.0] [0.0, 1.0, 0.0] [0.0, 0.0, 1.0] [-11379.8, 170.266, 3878.03]]
		objLayer:i = 0
		props {

		}
	}
	bdt_t2_bomb_zone_02_aaa_point_03 {
		type:t = "Point"
		tm:m = [[1.0, 0.0, 0.0] [0.0, 1.0, 0.0] [0.0, 0.0, 1.0] [-11483.1, 170.266, 4087.25]]
		objLayer:i = 0
		props {

		}
	}
	bdt_t2_bomb_zone_02_aaa_point_04 {
		type:t = "Point"
		tm:m = [[1.0, 0.0, 0.0] [0.0, 1.0, 0.0] [0.0, 0.0, 1.0] [-11762.7, 170.266, 4139.65]]
		objLayer:i = 0
		props {

		}
	}
	bdt_t2_bomb_zone_03_aaa_point_01 {
		type:t = "Point"
		tm:m = [[1.0, 0.0, 0.0] [0.0, 1.0, 0.0] [0.0, 0.0, 1.0] [-7020.26, 11.9625, -25304.4]]
		objLayer:i = 0
		props {

		}
	}
	bdt_t2_bomb_zone_03_aaa_point_02 {
		type:t = "Point"
		tm:m = [[1.0, 0.0, 0.0] [0.0, 1.0, 0.0] [0.0, 0.0, 1.0] [-7150.62, 11.9625, -24945.6]]
		objLayer:i = 0
		props {

		}
	}
	bdt_t2_bomb_zone_03_aaa_point_03 {
		type:t = "Point"
		tm:m = [[1.0, 0.0, 0.0] [0.0, 1.0, 0.0] [0.0, 0.0, 1.0] [-7828.71, 31.2704, -24595.1]]
		objLayer:i = 0
		props {

		}
	}
	bdt_t2_bomb_zone_03_aaa_point_04 {
		type:t = "Point"
		tm:m = [[1.0, 0.0, 0.0] [0.0, 1.0, 0.0] [0.0, 0.0, 1.0] [-7626.16, 31.2704, -24688.2]]
		objLayer:i = 0
		props {

		}
	}
	bdt_t2_bomb_zone_04_aaa_point_01 {
		type:t = "Point"
		tm:m = [[1.0, 0.0, 0.0] [0.0, 1.0, 0.0] [0.0, 0.0, 1.0] [-22063.7, 122.338, -6629.79]]
		objLayer:i = 0
		props {

		}
	}
	bdt_t2_bomb_zone_04_aaa_point_02 {
		type:t = "Point"
		tm:m = [[1.0, 0.0, 0.0] [0.0, 1.0, 0.0] [0.0, 0.0, 1.0] [-22357.2, 126.443, -6650.82]]
		objLayer:i = 0
		props {

		}
	}
	bdt_t2_bomb_zone_04_aaa_point_03 {
		type:t = "Point"
		tm:m = [[1.0, 0.0, 0.0] [0.0, 1.0, 0.0] [0.0, 0.0, 1.0] [-22369.5, 126.443, -6310.61]]
		objLayer:i = 0
		props {

		}
	}
	bdt_t2_bomb_zone_04_aaa_point_04 {
		type:t = "Point"
		tm:m = [[1.0, 0.0, 0.0] [0.0, 1.0, 0.0] [0.0, 0.0, 1.0] [-22080.0, 126.443, -6292.97]]
		objLayer:i = 0
		props {

		}
	}
	bdt_t2_bomb_zone_05_aaa_point_01 {
		type:t = "Point"
		tm:m = [[1.0, 0.0, 0.0] [0.0, 1.0, 0.0] [0.0, 0.0, 1.0] [-8250.37, 69.0731, 14169.9]]
		objLayer:i = 0
		props {

		}
	}
	bdt_t2_bomb_zone_05_aaa_point_02 {
		type:t = "Point"
		tm:m = [[1.0, 0.0, 0.0] [0.0, 1.0, 0.0] [0.0, 0.0, 1.0] [-8567.91, 69.0731, 14218.0]]
		objLayer:i = 0
		props {

		}
	}
	bdt_t2_bomb_zone_05_aaa_point_03 {
		type:t = "Point"
		tm:m = [[1.0, 0.0, 0.0] [0.0, 1.0, 0.0] [0.0, 0.0, 1.0] [-8215.79, 69.0731, 14545.0]]
		objLayer:i = 0
		props {

		}
	}
	bdt_t2_bomb_zone_05_aaa_point_04 {
		type:t = "Point"
		tm:m = [[1.0, 0.0, 0.0] [0.0, 1.0, 0.0] [0.0, 0.0, 1.0] [-8616.16, 69.0731, 14581.1]]
		objLayer:i = 0
		props {

		}
	}
	bdt_t2_bomb_zone_06_aaa_point_01 {
		type:t = "Point"
		tm:m = [[1.0, 0.0, 0.0] [0.0, 1.0, 0.0] [0.0, 0.0, 1.0] [-8458.84, 85.4769, -13459.2]]
		objLayer:i = 0
		props {

		}
	}
	bdt_t2_bomb_zone_06_aaa_point_02 {
		type:t = "Point"
		tm:m = [[1.0, 0.0, 0.0] [0.0, 1.0, 0.0] [0.0, 0.0, 1.0] [-8641.57, 133.566, -12959.7]]
		objLayer:i = 0
		props {

		}
	}
	bdt_t2_bomb_zone_06_aaa_point_03 {
		type:t = "Point"
		tm:m = [[1.0, 0.0, 0.0] [0.0, 1.0, 0.0] [0.0, 0.0, 1.0] [-8374.75, 141.786, -12791.7]]
		objLayer:i = 0
		props {

		}
	}
	bdt_t2_bomb_zone_06_aaa_point_04 {
		type:t = "Point"
		tm:m = [[1.0, 0.0, 0.0] [0.0, 1.0, 0.0] [0.0, 0.0, 1.0] [-8202.73, 141.786, -13268.0]]
		objLayer:i = 0
		props {

		}
	}
	bdt_t2_bomb_zone_07_aaa_point_01 {
		type:t = "Point"
		tm:m = [[1.0, 0.0, 0.0] [0.0, 1.0, 0.0] [0.0, 0.0, 1.0] [-10861.4, 139.807, -4129.93]]
		objLayer:i = 0
		props {

		}
	}
	bdt_t2_bomb_zone_07_aaa_point_02 {
		type:t = "Point"
		tm:m = [[1.0, 0.0, 0.0] [0.0, 1.0, 0.0] [0.0, 0.0, 1.0] [-10410.1, 145.4, -3815.7]]
		objLayer:i = 0
		props {

		}
	}
	bdt_t2_bomb_zone_07_aaa_point_03 {
		type:t = "Point"
		tm:m = [[1.0, 0.0, 0.0] [0.0, 1.0, 0.0] [0.0, 0.0, 1.0] [-10410.4, 145.4, -4319.33]]
		objLayer:i = 0
		props {

		}
	}
	bdt_t2_bomb_zone_07_aaa_point_04 {
		type:t = "Point"
		tm:m = [[1.0, 0.0, 0.0] [0.0, 1.0, 0.0] [0.0, 0.0, 1.0] [-10609.4, 145.4, -4585.7]]
		objLayer:i = 0
		props {

		}
	}
	bdt_t2_bomb_zone_08_aaa_point_01 {
		type:t = "Point"
		tm:m = [[1.0, 0.0, 0.0] [0.0, 1.0, 0.0] [0.0, 0.0, 1.0] [-17663.1, 57.8687, 3304.4]]
		objLayer:i = 0
		props {

		}
	}
	bdt_t2_bomb_zone_08_aaa_point_02 {
		type:t = "Point"
		tm:m = [[1.0, 0.0, 0.0] [0.0, 1.0, 0.0] [0.0, 0.0, 1.0] [-17490.5, 57.8687, 3191.8]]
		objLayer:i = 0
		props {

		}
	}
	bdt_t2_bomb_zone_08_aaa_point_03 {
		type:t = "Point"
		tm:m = [[1.0, 0.0, 0.0] [0.0, 1.0, 0.0] [0.0, 0.0, 1.0] [-17603.0, 60.5001, 2672.14]]
		objLayer:i = 0
		props {

		}
	}
	bdt_t2_bomb_zone_08_aaa_point_04 {
		type:t = "Point"
		tm:m = [[1.0, 0.0, 0.0] [0.0, 1.0, 0.0] [0.0, 0.0, 1.0] [-17564.8, 60.5001, 2868.95]]
		objLayer:i = 0
		props {

		}
	}
	bdt_t2_bomb_zone_09_aaa_point_01 {
		type:t = "Point"
		tm:m = [[1.0, 0.0, 0.0] [0.0, 1.0, 0.0] [0.0, 0.0, 1.0] [-14190.6, 70.2559, -18506.3]]
		objLayer:i = 0
		props {

		}
	}
	bdt_t2_bomb_zone_09_aaa_point_02 {
		type:t = "Point"
		tm:m = [[1.0, 0.0, 0.0] [0.0, 1.0, 0.0] [0.0, 0.0, 1.0] [-13790.3, 109.897, -18906.4]]
		objLayer:i = 0
		props {

		}
	}
	bdt_t2_bomb_zone_09_aaa_point_03 {
		type:t = "Point"
		tm:m = [[1.0, 0.0, 0.0] [0.0, 1.0, 0.0] [0.0, 0.0, 1.0] [-13511.6, 182.345, -18672.6]]
		objLayer:i = 0
		props {

		}
	}
	bdt_t2_bomb_zone_09_aaa_point_04 {
		type:t = "Point"
		tm:m = [[1.0, 0.0, 0.0] [0.0, 1.0, 0.0] [0.0, 0.0, 1.0] [-13699.6, 182.346, -18049.3]]
		objLayer:i = 0
		props {

		}
	}
	bdt_t2_bomb_zone_10_aaa_point_01 {
		type:t = "Point"
		tm:m = [[1.0, 0.0, 0.0] [0.0, 1.0, 0.0] [0.0, 0.0, 1.0] [-19684.7, 68.3118, -19570.2]]
		objLayer:i = 0
		props {

		}
	}
	bdt_t2_bomb_zone_10_aaa_point_02 {
		type:t = "Point"
		tm:m = [[1.0, 0.0, 0.0] [0.0, 1.0, 0.0] [0.0, 0.0, 1.0] [-19492.0, 115.044, -19121.9]]
		objLayer:i = 0
		props {

		}
	}
	bdt_t2_bomb_zone_10_aaa_point_03 {
		type:t = "Point"
		tm:m = [[1.0, 0.0, 0.0] [0.0, 1.0, 0.0] [0.0, 0.0, 1.0] [-19017.8, 39.5038, -19660.4]]
		objLayer:i = 0
		props {

		}
	}
	bdt_t2_bomb_zone_10_aaa_point_04 {
		type:t = "Point"
		tm:m = [[1.0, 0.0, 0.0] [0.0, 1.0, 0.0] [0.0, 0.0, 1.0] [-19511.0, 71.0879, -19563.5]]
		objLayer:i = 0
		props {

		}
	}
	bdt_t2_bomb_zone_11 {
		type:t = "Sphere"
		tm:m = [[409.576, 0.0, -286.788] [0.0, 500.0, 0.0] [286.788, 0.0, 409.576] [-9031.31, 88.7554, 22793.8]]
		objLayer:i = 0
		props {

		}
	}
	bdt_t2_bomb_zone_11_aaa_point_01 {
		type:t = "Point"
		tm:m = [[1.0, 0.0, 0.0] [0.0, 1.0, 0.0] [0.0, 0.0, 1.0] [-8880.03, 122.338, 22632.8]]
		objLayer:i = 0
		props {

		}
	}
	bdt_t2_bomb_zone_11_aaa_point_02 {
		type:t = "Point"
		tm:m = [[1.0, 0.0, 0.0] [0.0, 1.0, 0.0] [0.0, 0.0, 1.0] [-9173.5, 126.443, 22611.8]]
		objLayer:i = 0
		props {

		}
	}
	bdt_t2_bomb_zone_11_aaa_point_03 {
		type:t = "Point"
		tm:m = [[1.0, 0.0, 0.0] [0.0, 1.0, 0.0] [0.0, 0.0, 1.0] [-9185.84, 126.443, 22952.0]]
		objLayer:i = 0
		props {

		}
	}
	bdt_t2_bomb_zone_11_aaa_point_04 {
		type:t = "Point"
		tm:m = [[1.0, 0.0, 0.0] [0.0, 1.0, 0.0] [0.0, 0.0, 1.0] [-8896.32, 126.443, 22969.7]]
		objLayer:i = 0
		props {

		}
	}
	bdt_t2_bomb_zone_12 {
		type:t = "Sphere"
		tm:m = [[409.576, 0.0, -286.788] [0.0, 500.0, 0.0] [286.788, 0.0, 409.576] [-14716.1, 88.7549, 21033.4]]
		objLayer:i = 0
		props {

		}
	}
	bdt_t2_bomb_zone_12_aaa_point_01 {
		type:t = "Point"
		tm:m = [[1.0, 0.0, 0.0] [0.0, 1.0, 0.0] [0.0, 0.0, 1.0] [-14564.8, 122.338, 20872.4]]
		objLayer:i = 0
		props {

		}
	}
	bdt_t2_bomb_zone_12_aaa_point_02 {
		type:t = "Point"
		tm:m = [[1.0, 0.0, 0.0] [0.0, 1.0, 0.0] [0.0, 0.0, 1.0] [-14858.3, 126.443, 20851.4]]
		objLayer:i = 0
		props {

		}
	}
	bdt_t2_bomb_zone_12_aaa_point_03 {
		type:t = "Point"
		tm:m = [[1.0, 0.0, 0.0] [0.0, 1.0, 0.0] [0.0, 0.0, 1.0] [-14870.7, 126.443, 21191.6]]
		objLayer:i = 0
		props {

		}
	}
	bdt_t2_bomb_zone_12_aaa_point_04 {
		type:t = "Point"
		tm:m = [[1.0, 0.0, 0.0] [0.0, 1.0, 0.0] [0.0, 0.0, 1.0] [-14581.1, 126.443, 21209.3]]
		objLayer:i = 0
		props {

		}
	}
	bdt_t2_bomb_zone_13 {
		type:t = "Sphere"
		tm:m = [[409.576, 0.0, -286.788] [0.0, 500.0, 0.0] [286.788, 0.0, 409.576] [-16030.3, 37.725, 15268.0]]
		objLayer:i = 0
		props {

		}
	}
	bdt_t2_bomb_zone_13_aaa_point_01 {
		type:t = "Point"
		tm:m = [[1.0, 0.0, 0.0] [0.0, 1.0, 0.0] [0.0, 0.0, 1.0] [-15879.1, 71.3076, 15107.0]]
		objLayer:i = 0
		props {

		}
	}
	bdt_t2_bomb_zone_13_aaa_point_02 {
		type:t = "Point"
		tm:m = [[1.0, 0.0, 0.0] [0.0, 1.0, 0.0] [0.0, 0.0, 1.0] [-16172.5, 75.4129, 15086.0]]
		objLayer:i = 0
		props {

		}
	}
	bdt_t2_bomb_zone_13_aaa_point_03 {
		type:t = "Point"
		tm:m = [[1.0, 0.0, 0.0] [0.0, 1.0, 0.0] [0.0, 0.0, 1.0] [-16184.9, 75.4129, 15426.2]]
		objLayer:i = 0
		props {

		}
	}
	bdt_t2_bomb_zone_13_aaa_point_04 {
		type:t = "Point"
		tm:m = [[1.0, 0.0, 0.0] [0.0, 1.0, 0.0] [0.0, 0.0, 1.0] [-15895.3, 75.4129, 15443.8]]
		objLayer:i = 0
		props {

		}
	}
	bdt_t2_bomb_zone_14 {
		type:t = "Sphere"
		tm:m = [[409.576, 0.0, -286.788] [0.0, 500.0, 0.0] [286.788, 0.0, 409.576] [-17925.0, 3.50635, 25822.3]]
		objLayer:i = 0
		props {

		}
	}
	bdt_t2_bomb_zone_14_aaa_point_01 {
		type:t = "Point"
		tm:m = [[1.0, 0.0, 0.0] [0.0, 1.0, 0.0] [0.0, 0.0, 1.0] [-17773.8, 37.089, 25661.3]]
		objLayer:i = 0
		props {

		}
	}
	bdt_t2_bomb_zone_14_aaa_point_02 {
		type:t = "Point"
		tm:m = [[1.0, 0.0, 0.0] [0.0, 1.0, 0.0] [0.0, 0.0, 1.0] [-18067.2, 41.1942, 25640.3]]
		objLayer:i = 0
		props {

		}
	}
	bdt_t2_bomb_zone_14_aaa_point_03 {
		type:t = "Point"
		tm:m = [[1.0, 0.0, 0.0] [0.0, 1.0, 0.0] [0.0, 0.0, 1.0] [-18079.6, 41.1942, 25980.5]]
