selected_tag:t = ""
bin_dump_file:t = ""
mission_settings {
	player {
		army:i = 1
	}
	player_teamB {
		army:i = 2
	}
	mission {
		level:t = "levels/moscow.bin"
		type:t = "domination"
		environment:t = "Day"
		weather:t = "clear"
	}
}
imports {

}
triggers {
	isCategory:b = true
	is_enabled:b = true
}
mission_objectives {
	isCategory:b = true
	is_enabled:b = true
}
variables {

}
dialogs {

}
airfields {

}
effects {

}
units {
	objectGroups {
		name:t = "t1_airfield_low"
		tm:m = [[0.992227, 0.0, 0.12444] [0.0, 1.0, 0.0] [-0.12444, 0.0, 0.992227] [26209.1, 76.2253, -43201.0]]
		unit_class:t = "dynaf_pg_1line_ground"
		objLayer:i = 2
		props {
			army:i = 1
			active:b = true
		}
	}
	objectGroups {
		name:t = "t2_airfield_low"
		tm:m = [[-0.90588, 0.0, -0.423535] [0.0, 1.0, 0.0] [0.423535, 0.0, -0.90588] [3944.32, 217.538, -53888.2]]
		unit_class:t = "dynaf_pg_1line_ground"
		objLayer:i = 2
		props {
			army:i = 2
			active:b = true
		}
	}
	air_defence {
		name:t = "t1_aaa_low_light_01"
		tm:m = [[0.987638, 0.0, 0.156744] [0.0, 1.0, 0.0] [-0.156744, 0.0, 0.987638] [26878.2, 233.012, -43720.9]]
		unit_class:t = "uk_40mm_bofors_airfield"
		objLayer:i = 1
		closed_waypoints:b = false
		isShipSpline:b = false
		shipTurnRadius:r = 100
		weapons:t = ""
		bullets0:t = ""
		bullets1:t = ""
		bullets2:t = ""
		bullets3:t = ""
		bulletsCount0:i = 0
		bulletsCount1:i = 0
		bulletsCount2:i = 0
		bulletsCount3:i = 0
		crewSkillK:r = 0
		applyAllMods:b = false
		props {
			army:i = 1
			count:i = 1
			formation_type:t = "rows"
			formation_div:i = 3
			formation_step:p2 = 2.5, 2
			formation_noise:p2 = 0.1, 0.1
			uniqueName:t = ""
			attack_type:t = "fire_at_will"
		}
		way {

		}
	}
	air_defence {
		name:t = "t1_aaa_low_heavy_01"
		tm:m = [[0.987638, 0.0, 0.156744] [0.0, 1.0, 0.0] [-0.156744, 0.0, 0.987638] [26728.1, 216.844, -42641.8]]
		unit_class:t = "us_90mm_versus"
		objLayer:i = 1
		closed_waypoints:b = false
		isShipSpline:b = false
		shipTurnRadius:r = 100
		weapons:t = ""
		bullets0:t = ""
		bullets1:t = ""
		bullets2:t = ""
		bullets3:t = ""
		bulletsCount0:i = 0
		bulletsCount1:i = 0
		bulletsCount2:i = 0
		bulletsCount3:i = 0
		crewSkillK:r = 0
		applyAllMods:b = false
		props {
			army:i = 1
			count:i = 1
			formation_type:t = "rows"
			formation_div:i = 3
			formation_step:p2 = 2.5, 2
			formation_noise:p2 = 0.1, 0.1
			uniqueName:t = ""
			attack_type:t = "fire_at_will"
		}
		way {

		}
	}
	air_defence {
		name:t = "t1_aaa_low_light_02"
		tm:m = [[-0.979863, 0.0, -0.199675] [0.0, 1.0, 0.0] [0.199675, 0.0, -0.979863] [26529.5, 230.83, -42525.7]]
		unit_class:t = "uk_40mm_bofors_airfield"
		objLayer:i = 1
		closed_waypoints:b = false
		isShipSpline:b = false
		shipTurnRadius:r = 100
		weapons:t = ""
		bullets0:t = ""
		bullets1:t = ""
		bullets2:t = ""
		bullets3:t = ""
		bulletsCount0:i = 0
		bulletsCount1:i = 0
		bulletsCount2:i = 0
		bulletsCount3:i = 0
		crewSkillK:r = 0
		applyAllMods:b = false
		props {
			army:i = 1
			count:i = 1
			formation_type:t = "rows"
			formation_div:i = 3
			formation_step:p2 = 2.5, 2
			formation_noise:p2 = 0.1, 0.1
			uniqueName:t = ""
			attack_type:t = "fire_at_will"
		}
		way {

		}
	}
	air_defence {
		name:t = "t1_aaa_low_light_03"
		tm:m = [[0.987638, 0.0, 0.156744] [0.0, 1.0, 0.0] [-0.156744, 0.0, 0.987638] [26446.2, 234.671, -43792.8]]
		unit_class:t = "uk_40mm_bofors_airfield"
		objLayer:i = 1
		closed_waypoints:b = false
		isShipSpline:b = false
		shipTurnRadius:r = 100
		weapons:t = ""
		bullets0:t = ""
		bullets1:t = ""
		bullets2:t = ""
		bullets3:t = ""
		bulletsCount0:i = 0
		bulletsCount1:i = 0
		bulletsCount2:i = 0
		bulletsCount3:i = 0
		crewSkillK:r = 0
		applyAllMods:b = false
		props {
			army:i = 1
			count:i = 1
			formation_type:t = "rows"
			formation_div:i = 3
			formation_step:p2 = 2.5, 2
			formation_noise:p2 = 0.1, 0.1
			uniqueName:t = ""
			attack_type:t = "fire_at_will"
		}
		way {

		}
	}
	air_defence {
		name:t = "t1_aaa_low_light_04"
		tm:m = [[-0.930302, 0.0, -0.366792] [0.0, 1.0, 0.0] [0.366792, 0.0, -0.930302] [25832.0, 234.257, -42591.2]]
		unit_class:t = "uk_40mm_bofors_airfield"
		objLayer:i = 1
		closed_waypoints:b = false
		isShipSpline:b = false
		shipTurnRadius:r = 100
		weapons:t = ""
		bullets0:t = ""
		bullets1:t = ""
		bullets2:t = ""
		bullets3:t = ""
		bulletsCount0:i = 0
		bulletsCount1:i = 0
		bulletsCount2:i = 0
		bulletsCount3:i = 0
		crewSkillK:r = 0
		applyAllMods:b = false
		props {
			army:i = 1
			count:i = 1
			formation_type:t = "rows"
			formation_div:i = 3
			formation_step:p2 = 2.5, 2
			formation_noise:p2 = 0.1, 0.1
			uniqueName:t = ""
			attack_type:t = "fire_at_will"
		}
		way {

		}
	}
	air_defence {
		name:t = "t1_aaa_low_light_05"
		tm:m = [[0.987638, 0.0, 0.156744] [0.0, 1.0, 0.0] [-0.156744, 0.0, 0.987638] [25903.1, 229.024, -43782.5]]
		unit_class:t = "uk_40mm_bofors_airfield"
		objLayer:i = 1
		closed_waypoints:b = false
		isShipSpline:b = false
		shipTurnRadius:r = 100
		weapons:t = ""
		bullets0:t = ""
		bullets1:t = ""
		bullets2:t = ""
		bullets3:t = ""
		bulletsCount0:i = 0
		bulletsCount1:i = 0
		bulletsCount2:i = 0
		bulletsCount3:i = 0
		crewSkillK:r = 0
		applyAllMods:b = false
		props {
			army:i = 1
			count:i = 1
			formation_type:t = "rows"
			formation_div:i = 3
			formation_step:p2 = 2.5, 2
			formation_noise:p2 = 0.1, 0.1
			uniqueName:t = ""
			attack_type:t = "fire_at_will"
		}
		way {

		}
	}
	air_defence {
		name:t = "t1_aaa_low_heavy_02"
		tm:m = [[-0.979863, 0.0, -0.199675] [0.0, 1.0, 0.0] [0.199675, 0.0, -0.979863] [26704.9, 235.028, -43741.7]]
		unit_class:t = "us_90mm_versus"
		objLayer:i = 1
		closed_waypoints:b = false
		isShipSpline:b = false
		shipTurnRadius:r = 100
		weapons:t = ""
		bullets0:t = ""
		bullets1:t = ""
		bullets2:t = ""
		bullets3:t = ""
		bulletsCount0:i = 0
		bulletsCount1:i = 0
		bulletsCount2:i = 0
		bulletsCount3:i = 0
		crewSkillK:r = 0
		applyAllMods:b = false
		props {
			army:i = 1
			count:i = 1
			formation_type:t = "rows"
			formation_div:i = 3
			formation_step:p2 = 2.5, 2
			formation_noise:p2 = 0.1, 0.1
			uniqueName:t = ""
			attack_type:t = "fire_at_will"
		}
		way {

		}
	}
	air_defence {
		name:t = "t1_aaa_low_heavy_03"
		tm:m = [[0.987638, 0.0, 0.156744] [0.0, 1.0, 0.0] [-0.156744, 0.0, 0.987638] [26167.7, 231.032, -42722.5]]
		unit_class:t = "us_90mm_versus"
		objLayer:i = 1
		closed_waypoints:b = false
		isShipSpline:b = false
		shipTurnRadius:r = 100
		weapons:t = ""
		bullets0:t = ""
		bullets1:t = ""
		bullets2:t = ""
		bullets3:t = ""
		bulletsCount0:i = 0
		bulletsCount1:i = 0
		bulletsCount2:i = 0
		bulletsCount3:i = 0
		crewSkillK:r = 0
		applyAllMods:b = false
		props {
			army:i = 1
			count:i = 1
			formation_type:t = "rows"
			formation_div:i = 3
			formation_step:p2 = 2.5, 2
			formation_noise:p2 = 0.1, 0.1
			uniqueName:t = ""
			attack_type:t = "fire_at_will"
		}
		way {

		}
	}
	air_defence {
		name:t = "t1_aaa_low_heavy_04"
		tm:m = [[-0.930302, 0.0, -0.366792] [0.0, 1.0, 0.0] [0.366792, 0.0, -0.930302] [26059.9, 231.134, -43822.4]]
		unit_class:t = "us_90mm_versus"
		objLayer:i = 1
		closed_waypoints:b = false
		isShipSpline:b = false
		shipTurnRadius:r = 100
		weapons:t = ""
		bullets0:t = ""
		bullets1:t = ""
		bullets2:t = ""
		bullets3:t = ""
		bulletsCount0:i = 0
		bulletsCount1:i = 0
		bulletsCount2:i = 0
		bulletsCount3:i = 0
		crewSkillK:r = 0
		applyAllMods:b = false
		props {
			army:i = 1
			count:i = 1
			formation_type:t = "rows"
			formation_div:i = 3
			formation_step:p2 = 2.5, 2
			formation_noise:p2 = 0.1, 0.1
			uniqueName:t = ""
			attack_type:t = "fire_at_will"
		}
		way {

		}
	}
	air_defence {
		name:t = "t1_aaa_low_heavy_05"
		tm:m = [[0.987638, 0.0, 0.156744] [0.0, 1.0, 0.0] [-0.156744, 0.0, 0.987638] [25513.3, 229.862, -42907.0]]
		unit_class:t = "us_90mm_versus"
		objLayer:i = 1
		closed_waypoints:b = false
		isShipSpline:b = false
		shipTurnRadius:r = 100
		weapons:t = ""
		bullets0:t = ""
		bullets1:t = ""
		bullets2:t = ""
		bullets3:t = ""
		bulletsCount0:i = 0
		bulletsCount1:i = 0
		bulletsCount2:i = 0
		bulletsCount3:i = 0
		crewSkillK:r = 0
		applyAllMods:b = false
		props {
			army:i = 1
			count:i = 1
			formation_type:t = "rows"
			formation_div:i = 3
			formation_step:p2 = 2.5, 2
			formation_noise:p2 = 0.1, 0.1
			uniqueName:t = ""
			attack_type:t = "fire_at_will"
		}
		way {

		}
	}
	squad {
		name:t = "t1_def_aaa_low_squad"
		tm:m = [[0.262686, 0.0, 0.96488] [0.0, 1.0, 0.0] [-0.96488, 0.0, 0.262686] [30471.9, 231.488, -35015.1]]
		props {
			squad_members:t = "t1_aaa_low_light_01"
			squad_members:t = "t1_aaa_low_heavy_01"
			squad_members:t = "t1_aaa_low_light_02"
			squad_members:t = "t1_aaa_low_light_03"
			squad_members:t = "t1_aaa_low_light_04"
			squad_members:t = "t1_aaa_low_light_05"
			squad_members:t = "t1_aaa_low_heavy_02"
			squad_members:t = "t1_aaa_low_heavy_03"
			squad_members:t = "t1_aaa_low_heavy_04"
			squad_members:t = "t1_aaa_low_heavy_05"
			object_marking:i = 0
		}
	}
	air_defence {
		name:t = "t2_aaa_low_light_01"
		tm:m = [[0.999004, 0.0, 0.0446314] [0.0, 1.0, 0.0] [-0.0446314, 0.0, 0.999004] [3433.97, 255.618, -53757.8]]
		unit_class:t = "germ_37mm_flak43_airfield"
		objLayer:i = 1
		closed_waypoints:b = false
		isShipSpline:b = false
		shipTurnRadius:r = 100
		weapons:t = ""
		bullets0:t = ""
		bullets1:t = ""
		bullets2:t = ""
		bullets3:t = ""
		bulletsCount0:i = 0
		bulletsCount1:i = 0
		bulletsCount2:i = 0
		bulletsCount3:i = 0
		crewSkillK:r = 0
		applyAllMods:b = false
		props {
			army:i = 2
			count:i = 1
			formation_type:t = "rows"
			formation_div:i = 3
			formation_step:p2 = 2.5, 2
			formation_noise:p2 = 0.1, 0.1
			uniqueName:t = ""
			attack_type:t = "fire_at_will"
		}
		way {

		}
	}
	air_defence {
		name:t = "t2_aaa_low_heavy_01"
		tm:m = [[0.999004, 0.0, 0.0446314] [0.0, 1.0, 0.0] [-0.0446314, 0.0, 0.999004] [3613.96, 262.003, -54193.8]]
		unit_class:t = "germ_88mm_flak36"
		objLayer:i = 1
		closed_waypoints:b = false
		isShipSpline:b = false
		shipTurnRadius:r = 100
		weapons:t = ""
		bullets0:t = ""
		bullets1:t = ""
		bullets2:t = ""
		bullets3:t = ""
		bulletsCount0:i = 0
		bulletsCount1:i = 0
		bulletsCount2:i = 0
		bulletsCount3:i = 0
		crewSkillK:r = 0
		applyAllMods:b = false
		props {
			army:i = 2
			count:i = 1
			formation_type:t = "rows"
			formation_div:i = 3
			formation_step:p2 = 2.5, 2
			formation_noise:p2 = 0.1, 0.1
			uniqueName:t = ""
			attack_type:t = "fire_at_will"
		}
		way {

		}
	}
	air_defence {
		name:t = "t2_aaa_low_light_02"
		tm:m = [[-0.999999, 0.0, -0.00101182] [0.0, 1.0, 0.0] [0.00101182, 0.0, -0.999999] [3854.95, 296.282, -54199.0]]
		unit_class:t = "germ_37mm_flak43_airfield"
		objLayer:i = 1
		closed_waypoints:b = false
		isShipSpline:b = false
		shipTurnRadius:r = 100
		weapons:t = ""
		bullets0:t = ""
		bullets1:t = ""
		bullets2:t = ""
		bullets3:t = ""
		bulletsCount0:i = 0
		bulletsCount1:i = 0
		bulletsCount2:i = 0
		bulletsCount3:i = 0
		crewSkillK:r = 0
		applyAllMods:b = false
		props {
			army:i = 2
			count:i = 1
			formation_type:t = "rows"
			formation_div:i = 3
			formation_step:p2 = 2.5, 2
			formation_noise:p2 = 0.1, 0.1
			uniqueName:t = ""
			attack_type:t = "fire_at_will"
		}
		way {

		}
	}
	air_defence {
		name:t = "t2_aaa_low_light_03"
		tm:m = [[0.999004, 0.0, 0.0446314] [0.0, 1.0, 0.0] [-0.0446314, 0.0, 0.999004] [3976.74, 287.356, -53547.3]]
		unit_class:t = "germ_37mm_flak43_airfield"
		objLayer:i = 1
		closed_waypoints:b = false
		isShipSpline:b = false
		shipTurnRadius:r = 100
		weapons:t = ""
		bullets0:t = ""
		bullets1:t = ""
		bullets2:t = ""
		bullets3:t = ""
		bulletsCount0:i = 0
		bulletsCount1:i = 0
		bulletsCount2:i = 0
		bulletsCount3:i = 0
		crewSkillK:r = 0
		applyAllMods:b = false
		props {
			army:i = 2
			count:i = 1
			formation_type:t = "rows"
			formation_div:i = 3
			formation_step:p2 = 2.5, 2
			formation_noise:p2 = 0.1, 0.1
			uniqueName:t = ""
			attack_type:t = "fire_at_will"
		}
		way {

		}
	}
	air_defence {
		name:t = "t2_aaa_low_light_04"
		tm:m = [[-0.996106, 0.0, -0.0881657] [0.0, 1.0, 0.0] [0.0881657, 0.0, -0.996106] [4520.87, 275.566, -53845.0]]
		unit_class:t = "germ_37mm_flak43_airfield"
		objLayer:i = 1
		closed_waypoints:b = false
		isShipSpline:b = false
		shipTurnRadius:r = 100
		weapons:t = ""
		bullets0:t = ""
		bullets1:t = ""
		bullets2:t = ""
		bullets3:t = ""
		bulletsCount0:i = 0
		bulletsCount1:i = 0
		bulletsCount2:i = 0
		bulletsCount3:i = 0
		crewSkillK:r = 0
		applyAllMods:b = false
		props {
			army:i = 2
			count:i = 1
			formation_type:t = "rows"
			formation_div:i = 3
			formation_step:p2 = 2.5, 2
			formation_noise:p2 = 0.1, 0.1
			uniqueName:t = ""
			attack_type:t = "fire_at_will"
		}
		way {

		}
	}
	air_defence {
		name:t = "t2_aaa_low_light_05"
		tm:m = [[0.999004, 0.0, 0.0446314] [0.0, 1.0, 0.0] [-0.0446314, 0.0, 0.999004] [4718.65, 232.959, -53044.9]]
		unit_class:t = "germ_37mm_flak43_airfield"
		objLayer:i = 1
		closed_waypoints:b = false
		isShipSpline:b = false
		shipTurnRadius:r = 100
		weapons:t = ""
		bullets0:t = ""
		bullets1:t = ""
		bullets2:t = ""
		bullets3:t = ""
		bulletsCount0:i = 0
		bulletsCount1:i = 0
		bulletsCount2:i = 0
		bulletsCount3:i = 0
		crewSkillK:r = 0
		applyAllMods:b = false
		props {
			army:i = 2
			count:i = 1
			formation_type:t = "rows"
			formation_div:i = 3
			formation_step:p2 = 2.5, 2
			formation_noise:p2 = 0.1, 0.1
			uniqueName:t = ""
			attack_type:t = "fire_at_will"
		}
		way {

		}
	}
	air_defence {
		name:t = "t2_aaa_low_heavy_02"
		tm:m = [[-0.999999, 0.0, -0.00101182] [0.0, 1.0, 0.0] [0.00101182, 0.0, -0.999999] [3670.21, 277.461, -53520.4]]
		unit_class:t = "germ_88mm_flak36"
		objLayer:i = 1
		closed_waypoints:b = false
		isShipSpline:b = false
		shipTurnRadius:r = 100
		weapons:t = ""
		bullets0:t = ""
		bullets1:t = ""
		bullets2:t = ""
		bullets3:t = ""
		bulletsCount0:i = 0
		bulletsCount1:i = 0
		bulletsCount2:i = 0
		bulletsCount3:i = 0
		crewSkillK:r = 0
		applyAllMods:b = false
		props {
			army:i = 2
			count:i = 1
			formation_type:t = "rows"
			formation_div:i = 3
			formation_step:p2 = 2.5, 2
			formation_noise:p2 = 0.1, 0.1
			uniqueName:t = ""
			attack_type:t = "fire_at_will"
		}
		way {

		}
	}
	air_defence {
		name:t = "t2_aaa_low_heavy_03"
		tm:m = [[0.999004, 0.0, 0.0446314] [0.0, 1.0, 0.0] [-0.0446314, 0.0, 0.999004] [4129.34, 290.193, -53994.3]]
		unit_class:t = "germ_88mm_flak36"
		objLayer:i = 1
		closed_waypoints:b = false
		isShipSpline:b = false
		shipTurnRadius:r = 100
		weapons:t = ""
		bullets0:t = ""
		bullets1:t = ""
		bullets2:t = ""
		bullets3:t = ""
		bulletsCount0:i = 0
		bulletsCount1:i = 0
		bulletsCount2:i = 0
		bulletsCount3:i = 0
		crewSkillK:r = 0
		applyAllMods:b = false
		props {
			army:i = 2
			count:i = 1
			formation_type:t = "rows"
			formation_div:i = 3
			formation_step:p2 = 2.5, 2
			formation_noise:p2 = 0.1, 0.1
			uniqueName:t = ""
			attack_type:t = "fire_at_will"
		}
		way {

		}
	}
	air_defence {
		name:t = "t2_aaa_low_heavy_04"
		tm:m = [[-0.996106, 0.0, -0.0881657] [0.0, 1.0, 0.0] [0.0881657, 0.0, -0.996106] [4356.07, 235.549, -53235.1]]
		unit_class:t = "germ_88mm_flak36"
		objLayer:i = 1
		closed_waypoints:b = false
		isShipSpline:b = false
		shipTurnRadius:r = 100
		weapons:t = ""
		bullets0:t = ""
		bullets1:t = ""
		bullets2:t = ""
		bullets3:t = ""
		bulletsCount0:i = 0
		bulletsCount1:i = 0
		bulletsCount2:i = 0
		bulletsCount3:i = 0
		crewSkillK:r = 0
		applyAllMods:b = false
		props {
			army:i = 2
			count:i = 1
			formation_type:t = "rows"
			formation_div:i = 3
			formation_step:p2 = 2.5, 2
			formation_noise:p2 = 0.1, 0.1
			uniqueName:t = ""
			attack_type:t = "fire_at_will"
		}
		way {

		}
	}
	air_defence {
		name:t = "t2_aaa_low_heavy_05"
		tm:m = [[0.999004, 0.0, 0.0446314] [0.0, 1.0, 0.0] [-0.0446314, 0.0, 0.999004] [4979.77, 242.774, -53754.0]]
		unit_class:t = "germ_88mm_flak36"
		objLayer:i = 1
		closed_waypoints:b = false
		isShipSpline:b = false
		shipTurnRadius:r = 100
		weapons:t = ""
		bullets0:t = ""
		bullets1:t = ""
		bullets2:t = ""
		bullets3:t = ""
		bulletsCount0:i = 0
		bulletsCount1:i = 0
		bulletsCount2:i = 0
		bulletsCount3:i = 0
		crewSkillK:r = 0
		applyAllMods:b = false
		props {
			army:i = 2
			count:i = 1
			formation_type:t = "rows"
			formation_div:i = 3
			formation_step:p2 = 2.5, 2
			formation_noise:p2 = 0.1, 0.1
			uniqueName:t = ""
			attack_type:t = "fire_at_will"
		}
		way {

		}
	}
	squad {
		name:t = "t2_def_aaa_low_squad"
		tm:m = [[0.987692, 0.0, 0.156408] [0.0, 1.0, 0.0] [-0.156408, 0.0, 0.987692] [3605.25, 306.301, -54350.4]]
		props {
			squad_members:t = "t2_aaa_low_light_01"
			squad_members:t = "t2_aaa_low_heavy_01"
			squad_members:t = "t2_aaa_low_light_02"
			squad_members:t = "t2_aaa_low_light_03"
			squad_members:t = "t2_aaa_low_light_04"
			squad_members:t = "t2_aaa_low_light_05"
			squad_members:t = "t2_aaa_low_heavy_02"
			squad_members:t = "t2_aaa_low_heavy_03"
			squad_members:t = "t2_aaa_low_heavy_04"
			squad_members:t = "t2_aaa_low_heavy_05"
			object_marking:i = 0
		}
	}
}
areas {
	t1_interceptor_area_low {
		type:t = "Sphere"
		tm:m = [[2188.97, 0.0, -5586.44] [0.0, 6000.0, 0.0] [5586.44, 0.0, 2188.97] [26301.8, 2000.01, -43330.1]]
		props {

		}
	}
	t1_assault_low_spawn {
		type:t = "Sphere"
		tm:m = [[-283.831, 0.0, -97.1599] [0.0, 300.0, 0.0] [97.1599, 0.0, -283.831] [21647.2, 1000.01, -45154.6]]
		props {

		}
	}
	t1_aaa_fighter_area_low {
		type:t = "Sphere"
		tm:m = [[1459.3, 0.0, -3724.31] [0.0, 4000.0, 0.0] [3724.31, 0.0, 1459.3] [26301.8, 3000.01, -43330.1]]
		props {

		}
	}
	t1_assault_area_low {
		type:t = "Sphere"
		tm:m = [[3648.28, 0.0, -9310.74] [0.0, 10000.0, 0.0] [9310.74, 0.0, 3648.28] [26301.8, 1000.01, -43330.1]]
		props {

		}
	}
	t1_interceptor_low_spawn {
		type:t = "Sphere"
		tm:m = [[-283.831, 0.0, -97.1599] [0.0, 300.0, 0.0] [97.1599, 0.0, -283.831] [29077.3, 1000.01, -42242.3]]
		props {

		}
	}
	t1_aaa_fighter_low_spawn {
		type:t = "Sphere"
		tm:m = [[-283.831, 0.0, -97.1599] [0.0, 300.0, 0.0] [97.1599, 0.0, -283.831] [28157.7, 2000.01, -42602.7]]
		props {

		}
	}
	t1_far_bomber_low_spawn {
		type:t = "Sphere"
		tm:m = [[-283.831, 0.0, -97.1599] [0.0, 300.0, 0.0] [97.1599, 0.0, -283.831] [24440.4, 4500.01, -44059.1]]
		props {

		}
	}
	t1_main_bomber_low_spawn {
		type:t = "Sphere"
		tm:m = [[-283.831, 0.0, -97.1599] [0.0, 300.0, 0.0] [97.1599, 0.0, -283.831] [23974.3, 3500.01, -44241.8]]
		props {

		}
	}
	t1_far_bomber_area_low {
		type:t = "Sphere"
		tm:m = [[1459.3, 0.0, -3724.31] [0.0, 4000.0, 0.0] [3724.31, 0.0, 1459.3] [26301.8, 4500.01, -43330.1]]
		props {

		}
	}
	t1_main_bomber_area_low {
		type:t = "Sphere"
		tm:m = [[1824.14, 0.0, -4655.38] [0.0, 5000.0, 0.0] [4655.38, 0.0, 1824.14] [26301.8, 3500.01, -43330.1]]
		props {

		}
	}
	t2_interceptor_area_low {
		type:t = "Sphere"
		tm:m = [[-3134.86, 0.0, 5115.93] [0.0, 6000.0, 0.0] [-5115.93, 0.0, -3134.86] [3991.8, 2000.01, -53834.0]]
		props {

		}
	}
	t2_assault_low_spawn {
		type:t = "Sphere"
		tm:m = [[262.39, 0.0, 145.435] [0.0, 300.0, 0.0] [-145.435, 0.0, 262.39] [8255.77, 1000.01, -51221.3]]
		props {

		}
	}
	t2_aaa_fighter_area_low {
		type:t = "Sphere"
		tm:m = [[-2089.9, 0.0, 3410.62] [0.0, 4000.0, 0.0] [-3410.62, 0.0, -2089.9] [3991.8, 3000.01, -53834.0]]
		props {

		}
	}
	t2_assault_area_low {
		type:t = "Sphere"
		tm:m = [[-5224.75, 0.0, 8526.53] [0.0, 10000.0, 0.0] [-8526.53, 0.0, -5224.75] [3991.8, 1000.01, -53834.0]]
		props {

		}
	}
	t2_interceptor_low_spawn {
		type:t = "Sphere"
		tm:m = [[262.39, 0.0, 145.435] [0.0, 300.0, 0.0] [-145.435, 0.0, 262.39] [1450.09, 1000.01, -55391.8]]
		props {

		}
	}
	t2_aaa_fighter_low_spawn {
		type:t = "Sphere"
		tm:m = [[262.39, 0.0, 145.435] [0.0, 300.0, 0.0] [-145.435, 0.0, 262.39] [2292.56, 2000.01, -54875.6]]
		props {

		}
	}
	t2_far_bomber_low_spawn {
		type:t = "Sphere"
		tm:m = [[262.39, 0.0, 145.435] [0.0, 300.0, 0.0] [-145.435, 0.0, 262.39] [5696.52, 4500.01, -52789.7]]
		props {

		}
	}
	t2_main_bomber_low_spawn {
		type:t = "Sphere"
		tm:m = [[262.39, 0.0, 145.435] [0.0, 300.0, 0.0] [-145.435, 0.0, 262.39] [6123.44, 3500.01, -52528.1]]
		props {

		}
	}
	t2_far_bomber_area_low {
		type:t = "Sphere"
		tm:m = [[-2089.9, 0.0, 3410.62] [0.0, 4000.0, 0.0] [-3410.62, 0.0, -2089.9] [3991.8, 4500.01, -53834.0]]
		props {

		}
	}
	t2_main_bomber_area_low {
		type:t = "Sphere"
		tm:m = [[-2612.37, 0.0, 4263.27] [0.0, 5000.0, 0.0] [-4263.27, 0.0, -2612.37] [3991.8, 3500.01, -53834.0]]
		props {

		}
	}
	airfields_area_12km {
		type:t = "Sphere"
		tm:m = [[21007.6, 0.0, 11605.2] [0.0, 24000.0, 0.0] [-11605.2, 0.0, 21007.6] [14100.0, 339.238, -46454.5]]
		objLayer:i = 4
		props {

		}
	}
	t2_airfield_low_bombing_zone {
		type:t = "Box"
		tm:m = [[-1813.74, 0.0, -842.824] [0.0, 300.0, 0.0] [316.057, 7.34303e-6, -680.152] [3829.79, 19.219, -53758.2]]
		objLayer:i = 0
		props {

		}
	}
	t1_airfield_low_bombing_zone {
		type:t = "Box"
		tm:m = [[-1985.68, 0.0, -238.891] [0.0, 300.0, 0.0] [89.5845, 7.34302e-6, -744.63] [26301.4, 35.0763, -43399.6]]
		objLayer:i = 0
		props {

		}
	}
	t2_common_fighters_low_spawn {
		type:t = "Sphere"
		tm:m = [[262.39, 0.0, 145.435] [0.0, 300.0, 0.0] [-145.435, 0.0, 262.39] [1450.09, 500.012, -55391.8]]
		props {

		}
	}
	t1_common_fighters_low_spawn {
		type:t = "Sphere"
		tm:m = [[-283.831, 0.0, -97.1599] [0.0, 300.0, 0.0] [97.1599, 0.0, -283.831] [29077.3, 500.006, -42242.3]]
		props {

		}
	}
}
objLayers {
	layer {
		enabled:b = true
	}
	layer {
		enabled:b = true
	}
	layer {
		enabled:b = true
	}
	layer {
		enabled:b = false
	}
	layer {
		enabled:b = false
	}
}
wayPoints {

}