selected_tag:t = ""
bin_dump_file:t = ""
mission_settings {
	player {
		army:i = 1
	}
	player_teamB {
		army:i = 2
	}
	mission {
		level:t = "levels/air_smolensk.bin"
		type:t = "domination"
		environment:t = "Day"
		weather:t = "hazy"
		restoreType:t = "attempts"
		optionalTakeOff:b = false
	}
}
imports {

}
triggers {
	isCategory:b = true
	is_enabled:b = true
}
mission_objectives {
	isCategory:b = true
	is_enabled:b = true
}
variables {

}
dialogs {

}
airfields {

}
effects {

}
units {
	objectGroups {
		name:t = "bdt_t2_bomb_object_01"
		tm:m = [[0.991917, 0.0, -0.126878] [0.0, 1.0, 0.0] [0.126878, 0.0, 0.991917] [-12713.8, 87.0859, -6751.66]]
		unit_class:t = "dynBase_hq_camp_square"
		objLayer:i = 2
		props {
			army:i = 2
			active:b = false
		}
	}
	objectGroups {
		name:t = "bdt_t2_bomb_object_02"
		tm:m = [[0.726319, 0.0, -0.687361] [0.0, 1.0, 0.0] [0.687361, 0.0, 0.726319] [-908.181, 59.2451, -14136.0]]
		unit_class:t = "dynBase_fuel_storage_square"
		objLayer:i = 2
		props {
			army:i = 2
			active:b = false
		}
	}
	objectGroups {
		name:t = "bdt_t2_bomb_object_03"
		tm:m = [[0.475953, 0.0, 0.879472] [0.0, 1.0, 0.0] [-0.879472, 0.0, 0.475953] [-1764.12, 53.9053, -11019.9]]
		unit_class:t = "dynBase_oil_storage_small_square"
		objLayer:i = 2
		props {
			army:i = 2
			active:b = false
		}
	}
	objectGroups {
		name:t = "bdt_t1_bomb_object_01"
		tm:m = [[0.950161, 0.0, 0.311754] [0.0, 1.0, 0.0] [-0.311754, 0.0, 0.950161] [7371.89, 16.8789, 12372.7]]
		unit_class:t = "dynBase_fuel_storage_square"
		objLayer:i = 2
		props {
			army:i = 1
			active:b = false
		}
	}
	objectGroups {
		name:t = "bdt_t1_bomb_object_02"
		tm:m = [[0.489914, 0.0, 0.871769] [0.0, 1.0, 0.0] [-0.871769, 0.0, 0.489914] [1824.69, 16.8838, 11063.9]]
		unit_class:t = "dynBase_oil_storage_small_square"
		objLayer:i = 2
		props {
			army:i = 1
			active:b = false
		}
	}
	objectGroups {
		name:t = "bdt_t1_bomb_object_03"
		tm:m = [[0.396127, 0.0, 0.918196] [0.0, 1.0, 0.0] [-0.918196, 0.0, 0.396127] [12645.1, 53.5713, 6822.86]]
		unit_class:t = "dynBase_oil_storage_small_square"
		objLayer:i = 2
		props {
			army:i = 1
			active:b = false
		}
	}
	objectGroups {
		name:t = "bdt_t2_bomb_object_04"
		tm:m = [[0.885305, 0.0, 0.46501] [0.0, 1.0, 0.0] [-0.46501, 0.0, 0.885305] [-14312.8, 67.4014, -607.224]]
		unit_class:t = "dynBase_ammunition_storage_square"
		objLayer:i = 2
		props {
			army:i = 2
			active:b = false
		}
	}
	objectGroups {
		name:t = "bdt_t1_bomb_object_04"
		tm:m = [[0.692442, 0.0, 0.721474] [0.0, 1.0, 0.0] [-0.721474, 0.0, 0.692442] [14334.8, 50.7324, -334.243]]
		unit_class:t = "dynBase_field_camp_square"
		objLayer:i = 2
		props {
			army:i = 1
			active:b = false
		}
	}
	objectGroups {
		name:t = "bdt_t1_bomb_object_05"
		tm:m = [[0.692442, 0.0, 0.721474] [0.0, 1.0, 0.0] [-0.721474, 0.0, 0.692442] [10658.0, 78.8326, -3253.47]]
		unit_class:t = "dynBase_military_base_square"
		objLayer:i = 2
		props {
			army:i = 1
			active:b = false
		}
	}
	objectGroups {
		name:t = "bdt_t1_bomb_object_06"
		tm:m = [[0.692442, 0.0, 0.721474] [0.0, 1.0, 0.0] [-0.721474, 0.0, 0.692442] [11082.8, 57.5117, 1336.69]]
		unit_class:t = "dynBase_oil_storage_large_square"
		objLayer:i = 2
		props {
			army:i = 1
			active:b = false
		}
	}
	objectGroups {
		name:t = "bdt_t1_bomb_object_07"
		tm:m = [[0.692442, 0.0, 0.721474] [0.0, 1.0, 0.0] [-0.721474, 0.0, 0.692442] [9823.02, 54.3457, 5397.49]]
		unit_class:t = "dynBase_oil_storage_large_square"
		objLayer:i = 2
		props {
			army:i = 1
			active:b = false
		}
	}
	objectGroups {
		name:t = "bdt_t1_bomb_object_08"
		tm:m = [[0.950161, 0.0, 0.311754] [0.0, 1.0, 0.0] [-0.311754, 0.0, 0.950161] [-2677.41, 16.876, 10954.5]]
		unit_class:t = "dynBase_ammunition_storage_square"
		objLayer:i = 2
		props {
			army:i = 1
			active:b = false
		}
	}
	objectGroups {
		name:t = "bdt_t1_bomb_object_09"
		tm:m = [[0.950161, 0.0, 0.311754] [0.0, 1.0, 0.0] [-0.311754, 0.0, 0.950161] [6052.61, 16.8838, 9123.67]]
		unit_class:t = "dynBase_oil_storage_small_square"
		objLayer:i = 2
		props {
			army:i = 1
			active:b = false
		}
	}
	objectGroups {
		name:t = "bdt_t1_bomb_object_10"
		tm:m = [[0.950161, 0.0, 0.311754] [0.0, 1.0, 0.0] [-0.311754, 0.0, 0.950161] [1735.79, 16.8818, 14088.6]]
		unit_class:t = "dynBase_military_base_square"
		objLayer:i = 2
		props {
			army:i = 1
			active:b = false
		}
	}
	objectGroups {
		name:t = "bdt_t2_bomb_object_05"
		tm:m = [[0.885305, 0.0, 0.46501] [0.0, 1.0, 0.0] [-0.46501, 0.0, 0.885305] [-11032.1, 51.2725, 2586.2]]
		unit_class:t = "dynBase_oil_storage_small_square"
		objLayer:i = 2
		props {
			army:i = 2
			active:b = false
		}
	}
	objectGroups {
		name:t = "bdt_t2_bomb_object_06"
		tm:m = [[0.563548, 0.0, 0.826084] [0.0, 1.0, 0.0] [-0.826084, 0.0, 0.563548] [-11102.9, 84.7275, -1573.41]]
		unit_class:t = "dynBase_military_base_square"
		objLayer:i = 2
		props {
			army:i = 2
			active:b = false
		}
	}
	objectGroups {
		name:t = "bdt_t2_bomb_object_07"
		tm:m = [[0.885305, 0.0, 0.46501] [0.0, 1.0, 0.0] [-0.46501, 0.0, 0.885305] [-9806.57, 68.9199, -5661.64]]
		unit_class:t = "dynBase_fuel_storage_square"
		objLayer:i = 2
		props {
			army:i = 2
			active:b = false
		}
	}
	objectGroups {
		name:t = "bdt_t2_bomb_object_08"
		tm:m = [[0.475953, 0.0, 0.879472] [0.0, 1.0, 0.0] [-0.879472, 0.0, 0.475953] [2695.45, 62.308, -11012.5]]
		unit_class:t = "dynBase_ammunition_storage_square"
		objLayer:i = 2
		props {
			army:i = 2
			active:b = false
		}
	}
	objectGroups {
		name:t = "bdt_t2_bomb_object_09"
		tm:m = [[0.475953, 0.0, 0.879472] [0.0, 1.0, 0.0] [-0.879472, 0.0, 0.475953] [-7220.85, 50.9258, -12323.5]]
		unit_class:t = "dynBase_field_camp_square"
		objLayer:i = 2
		props {
			army:i = 2
			active:b = false
		}
	}
	objectGroups {
		name:t = "bdt_t2_bomb_object_10"
		tm:m = [[0.475953, 0.0, 0.879472] [0.0, 1.0, 0.0] [-0.879472, 0.0, 0.475953] [-5656.06, 44.9258, -9503.08]]
		unit_class:t = "dynBase_oil_storage_small_square"
		objLayer:i = 2
		props {
			army:i = 2
			active:b = false
		}
	}
}
areas {
	bdt_t2_bomb_zone_01 {
		type:t = "Sphere"
		tm:m = [[446.364, 0.0, -57.0946] [0.0, 450.0, 0.0] [57.0946, 0.0, 446.364] [-12717.1, 67.7169, -6758.01]]
		objLayer:i = 0
		props {

		}
	}
	bdt_t2_bomb_zone_02 {
		type:t = "Sphere"
		tm:m = [[449.943, 0.0, -7.23696] [0.0, 450.0, 0.0] [7.23696, 0.0, 449.943] [-898.381, 58.5093, -14116.7]]
		objLayer:i = 0
		props {

		}
	}
	bdt_t2_bomb_zone_03 {
		type:t = "Sphere"
		tm:m = [[214.18, 0.0, 395.761] [0.0, 450.0, 0.0] [-395.761, 0.0, 214.18] [-1773.88, 53.8223, -11020.6]]
		objLayer:i = 0
		props {

		}
	}
	bdt_t1_bomb_zone_01 {
		type:t = "Sphere"
		tm:m = [[427.574, 0.0, 140.289] [0.0, 450.0, 0.0] [-140.289, 0.0, 427.574] [7382.67, 16.8788, 12379.5]]
		objLayer:i = 0
		props {

		}
	}
	bdt_t1_bomb_zone_02 {
		type:t = "Sphere"
		tm:m = [[300.145, 0.0, 335.281] [0.0, 450.0, 0.0] [-335.281, 0.0, 300.145] [1826.0, 16.8838, 11068.5]]
		objLayer:i = 0
		props {

		}
	}
	bdt_t1_bomb_zone_03 {
		type:t = "Sphere"
		tm:m = [[322.075, 0.0, 314.272] [0.0, 450.0, 0.0] [-314.272, 0.0, 322.075] [12648.8, 46.6013, 6827.24]]
		objLayer:i = 0
		props {

		}
	}
	bdt_t2_bomb_zone_04 {
		type:t = "Sphere"
		tm:m = [[398.387, 0.0, 209.254] [0.0, 450.0, 0.0] [-209.254, 0.0, 398.387] [-14305.1, 67.4019, -605.314]]
		objLayer:i = 0
		props {

		}
	}
	bdt_t1_bomb_zone_04 {
		type:t = "Sphere"
		tm:m = [[322.075, 0.0, 314.272] [0.0, 450.0, 0.0] [-314.272, 0.0, 322.075] [14330.9, 50.7596, -329.923]]
		objLayer:i = 0
		props {

		}
	}
	bdt_t1_bomb_zone_05 {
		type:t = "Sphere"
		tm:m = [[322.075, 0.0, 314.272] [0.0, 450.0, 0.0] [-314.272, 0.0, 322.075] [10654.1, 78.6847, -3249.17]]
		objLayer:i = 0
		props {

		}
	}
	bdt_t1_bomb_zone_06 {
		type:t = "Sphere"
		tm:m = [[322.075, 0.0, 314.272] [0.0, 450.0, 0.0] [-314.272, 0.0, 322.075] [11079.0, 58.1287, 1341.01]]
		objLayer:i = 0
		props {

		}
	}
	bdt_t1_bomb_zone_07 {
		type:t = "Sphere"
		tm:m = [[322.075, 0.0, 314.272] [0.0, 450.0, 0.0] [-314.272, 0.0, 322.075] [9819.15, 53.6105, 5401.9]]
		objLayer:i = 0
		props {

		}
	}
	bdt_t1_bomb_zone_08 {
		type:t = "Sphere"
		tm:m = [[427.574, 0.0, 140.289] [0.0, 450.0, 0.0] [-140.289, 0.0, 427.574] [-2666.65, 16.876, 10961.3]]
		objLayer:i = 0
		props {

		}
	}
	bdt_t1_bomb_zone_09 {
		type:t = "Sphere"
		tm:m = [[427.574, 0.0, 140.289] [0.0, 450.0, 0.0] [-140.289, 0.0, 427.574] [6063.17, 16.8838, 9130.34]]
		objLayer:i = 0
		props {

		}
	}
	bdt_t1_bomb_zone_10 {
		type:t = "Sphere"
		tm:m = [[427.574, 0.0, 140.289] [0.0, 450.0, 0.0] [-140.289, 0.0, 427.574] [1746.55, 16.8818, 14095.4]]
		objLayer:i = 0
		props {

		}
	}
	bdt_t2_bomb_zone_05 {
		type:t = "Sphere"
		tm:m = [[398.387, 0.0, 209.254] [0.0, 450.0, 0.0] [-209.254, 0.0, 398.387] [-11024.6, 51.2725, 2587.96]]
		objLayer:i = 0
		props {

		}
	}
	bdt_t2_bomb_zone_06 {
		type:t = "Sphere"
		tm:m = [[253.596, 0.0, 371.738] [0.0, 450.0, 0.0] [-371.738, 0.0, 253.596] [-11096.8, 84.9145, -1568.19]]
		objLayer:i = 0
		props {

		}
	}
	bdt_t2_bomb_zone_07 {
		type:t = "Sphere"
		tm:m = [[398.387, 0.0, 209.254] [0.0, 450.0, 0.0] [-209.254, 0.0, 398.387] [-9798.82, 56.8841, -5659.91]]
		objLayer:i = 0
		props {

		}
	}
	bdt_t2_bomb_zone_08 {
		type:t = "Sphere"
		tm:m = [[214.18, 0.0, 395.761] [0.0, 450.0, 0.0] [-395.761, 0.0, 214.18] [2685.72, 62.3856, -11013.1]]
		objLayer:i = 0
		props {

		}
	}
	bdt_t2_bomb_zone_09 {
		type:t = "Sphere"
		tm:m = [[214.18, 0.0, 395.761] [0.0, 450.0, 0.0] [-395.761, 0.0, 214.18] [-7230.75, 50.9028, -12324.3]]
		objLayer:i = 0
		props {

		}
	}
	bdt_t2_bomb_zone_10 {
		type:t = "Sphere"
		tm:m = [[214.18, 0.0, 395.761] [0.0, 450.0, 0.0] [-395.761, 0.0, 214.18] [-5665.62, 48.5258, -9503.75]]
		objLayer:i = 0
		props {

		}
	}
	high_bomb_zones_area_14000 {
		type:t = "Sphere"
		tm:m = [[19274.0, 0.0, -20310.4] [0.0, 28000.0, 0.0] [20310.4, 0.0, 19274.0] [0.0, 369.01, 0.0]]
		objLayer:i = 3
		props {

		}
	}
	bdt_t1_bomb_zone_01_aaa_point_01 {
		type:t = "Point"
		tm:m = [[1.0, 0.0, 0.0] [0.0, 1.0, 0.0] [0.0, 0.0, 1.0] [7534.39, 16.879, 12181.6]]
		objLayer:i = 0
		props {

		}
	}
	bdt_t1_bomb_zone_01_aaa_point_02 {
		type:t = "Point"
		tm:m = [[1.0, 0.0, 0.0] [0.0, 1.0, 0.0] [0.0, 0.0, 1.0] [7569.95, 16.879, 12595.3]]
		objLayer:i = 0
		props {

		}
	}
	bdt_t1_bomb_zone_02_aaa_point_01 {
		type:t = "Point"
		tm:m = [[1.0, 0.0, 0.0] [0.0, 1.0, 0.0] [0.0, 0.0, 1.0] [1928.91, 16.8842, 10820.8]]
		objLayer:i = 0
		props {

		}
	}
	bdt_t1_bomb_zone_02_aaa_point_02 {
		type:t = "Point"
		tm:m = [[1.0, 0.0, 0.0] [0.0, 1.0, 0.0] [0.0, 0.0, 1.0] [2094.07, 16.8842, 11062.5]]
		objLayer:i = 0
		props {

		}
	}
	bdt_t1_bomb_zone_03_aaa_point_01 {
		type:t = "Point"
		tm:m = [[1.0, 0.0, 0.0] [0.0, 1.0, 0.0] [0.0, 0.0, 1.0] [12409.0, 55.9597, 6932.15]]
		objLayer:i = 0
		props {

		}
	}
	bdt_t1_bomb_zone_03_aaa_point_02 {
		type:t = "Point"
		tm:m = [[1.0, 0.0, 0.0] [0.0, 1.0, 0.0] [0.0, 0.0, 1.0] [12928.6, 55.9597, 6852.99]]
		objLayer:i = 0
		props {

		}
	}
	bdt_t1_bomb_zone_04_aaa_point_01 {
		type:t = "Point"
		tm:m = [[1.0, 0.0, 0.0] [0.0, 1.0, 0.0] [0.0, 0.0, 1.0] [14097.7, 51.7933, -161.743]]
		objLayer:i = 0
		props {

		}
	}
	bdt_t1_bomb_zone_04_aaa_point_02 {
		type:t = "Point"
		tm:m = [[1.0, 0.0, 0.0] [0.0, 1.0, 0.0] [0.0, 0.0, 1.0] [14233.6, 51.7932, -588.493]]
		objLayer:i = 0
		props {

		}
	}
	bdt_t1_bomb_zone_05_aaa_point_01 {
		type:t = "Point"
		tm:m = [[1.0, 0.0, 0.0] [0.0, 1.0, 0.0] [0.0, 0.0, 1.0] [10713.6, 57.4615, -2979.98]]
		objLayer:i = 0
		props {

		}
	}
	bdt_t1_bomb_zone_05_aaa_point_02 {
		type:t = "Point"
		tm:m = [[1.0, 0.0, 0.0] [0.0, 1.0, 0.0] [0.0, 0.0, 1.0] [10548.1, 57.4615, -3507.27]]
		objLayer:i = 0
		props {

		}
	}
	bdt_t1_bomb_zone_06_aaa_point_01 {
		type:t = "Point"
		tm:m = [[1.0, 0.0, 0.0] [0.0, 1.0, 0.0] [0.0, 0.0, 1.0] [10939.9, 49.4551, 1572.27]]
		objLayer:i = 0
		props {

		}
	}
	bdt_t1_bomb_zone_06_aaa_point_02 {
		type:t = "Point"
		tm:m = [[1.0, 0.0, 0.0] [0.0, 1.0, 0.0] [0.0, 0.0, 1.0] [10834.6, 49.4551, 1217.47]]
		objLayer:i = 0
		props {

		}
	}
	bdt_t1_bomb_zone_07_aaa_point_01 {
		type:t = "Point"
		tm:m = [[1.0, 0.0, 0.0] [0.0, 1.0, 0.0] [0.0, 0.0, 1.0] [9577.76, 48.1767, 5378.83]]
		objLayer:i = 0
		props {

		}
	}
	bdt_t1_bomb_zone_07_aaa_point_02 {
		type:t = "Point"
		tm:m = [[1.0, 0.0, 0.0] [0.0, 1.0, 0.0] [0.0, 0.0, 1.0] [10055.5, 48.1767, 5369.01]]
		objLayer:i = 0
		props {

		}
	}
	bdt_t1_bomb_zone_08_aaa_point_01 {
		type:t = "Point"
		tm:m = [[1.0, 0.0, 0.0] [0.0, 1.0, 0.0] [0.0, 0.0, 1.0] [-2919.12, 16.8757, 10932.4]]
		objLayer:i = 0
		props {

		}
	}
	bdt_t1_bomb_zone_08_aaa_point_02 {
		type:t = "Point"
		tm:m = [[1.0, 0.0, 0.0] [0.0, 1.0, 0.0] [0.0, 0.0, 1.0] [-2704.81, 16.8757, 10664.7]]
		objLayer:i = 0
		props {

		}
	}
	bdt_t1_bomb_zone_09_aaa_point_01 {
		type:t = "Point"
		tm:m = [[1.0, 0.0, 0.0] [0.0, 1.0, 0.0] [0.0, 0.0, 1.0] [6289.34, 16.884, 9357.98]]
		objLayer:i = 0
		props {

		}
	}
	bdt_t1_bomb_zone_09_aaa_point_02 {
		type:t = "Point"
		tm:m = [[1.0, 0.0, 0.0] [0.0, 1.0, 0.0] [0.0, 0.0, 1.0] [6104.67, 16.8839, 8807.53]]
		objLayer:i = 0
		props {

		}
	}
	bdt_t2_bomb_zone_10_aaa_point_01 {
		type:t = "Point"
		tm:m = [[1.0, 0.0, 0.0] [0.0, 1.0, 0.0] [0.0, 0.0, 1.0] [-5396.64, 38.675, -9629.75]]
		objLayer:i = 0
		props {

		}
	}
	bdt_t2_bomb_zone_10_aaa_point_02 {
		type:t = "Point"
		tm:m = [[1.0, 0.0, 0.0] [0.0, 1.0, 0.0] [0.0, 0.0, 1.0] [-5609.41, 38.675, -9882.19]]
		objLayer:i = 0
		props {

		}
	}
	bdt_t1_bomb_zone_10_aaa_point_01 {
		type:t = "Point"
		tm:m = [[1.0, 0.0, 0.0] [0.0, 1.0, 0.0] [0.0, 0.0, 1.0] [1538.54, 16.8825, 13843.9]]
		objLayer:i = 0
		props {

		}
	}
	bdt_t1_bomb_zone_10_aaa_point_02 {
		type:t = "Point"
		tm:m = [[1.0, 0.0, 0.0] [0.0, 1.0, 0.0] [0.0, 0.0, 1.0] [2265.48, 16.8827, 14059.4]]
		objLayer:i = 0
		props {

		}
	}
	bdt_t2_bomb_zone_01_aaa_point_01 {
		type:t = "Point"
		tm:m = [[1.0, 0.0, 0.0] [0.0, 1.0, 0.0] [0.0, 0.0, 1.0] [-12494.4, 68.5476, -6889.04]]
		objLayer:i = 0
		props {

		}
	}
	bdt_t2_bomb_zone_01_aaa_point_02 {
		type:t = "Point"
		tm:m = [[1.0, 0.0, 0.0] [0.0, 1.0, 0.0] [0.0, 0.0, 1.0] [-12958.0, 68.5477, -6868.84]]
		objLayer:i = 0
		props {

		}
	}
	bdt_t2_bomb_zone_02_aaa_point_01 {
		type:t = "Point"
		tm:m = [[1.0, 0.0, 0.0] [0.0, 1.0, 0.0] [0.0, 0.0, 1.0] [-853.991, 55.8523, -13866.0]]
		objLayer:i = 0
		props {

		}
	}
	bdt_t2_bomb_zone_02_aaa_point_02 {
		type:t = "Point"
		tm:m = [[1.0, 0.0, 0.0] [0.0, 1.0, 0.0] [0.0, 0.0, 1.0] [-828.991, 62.4912, -14438.7]]
		objLayer:i = 0
		props {

		}
	}
	bdt_t2_bomb_zone_03_aaa_point_01 {
		type:t = "Point"
		tm:m = [[1.0, 0.0, 0.0] [0.0, 1.0, 0.0] [0.0, 0.0, 1.0] [-1550.35, 58.0983, -10970.1]]
		objLayer:i = 0
		props {

		}
	}
	bdt_t2_bomb_zone_03_aaa_point_02 {
		type:t = "Point"
		tm:m = [[1.0, 0.0, 0.0] [0.0, 1.0, 0.0] [0.0, 0.0, 1.0] [-2005.36, 58.0983, -11085.6]]
		objLayer:i = 0
		props {

		}
	}
	bdt_t2_bomb_zone_04_aaa_point_01 {
		type:t = "Point"
		tm:m = [[1.0, 0.0, 0.0] [0.0, 1.0, 0.0] [0.0, 0.0, 1.0] [-14496.8, 67.3836, -470.255]]
		objLayer:i = 0
		props {

		}
	}
	bdt_t2_bomb_zone_04_aaa_point_02 {
		type:t = "Point"
		tm:m = [[1.0, 0.0, 0.0] [0.0, 1.0, 0.0] [0.0, 0.0, 1.0] [-14610.6, 67.3836, -807.385]]
		objLayer:i = 0
		props {

		}
	}
	bdt_t2_bomb_zone_05_aaa_point_01 {
		type:t = "Point"
		tm:m = [[1.0, 0.0, 0.0] [0.0, 1.0, 0.0] [0.0, 0.0, 1.0] [-10829.5, 51.2725, 2458.18]]
		objLayer:i = 0
		props {

		}
	}
	bdt_t2_bomb_zone_05_aaa_point_02 {
		type:t = "Point"
		tm:m = [[1.0, 0.0, 0.0] [0.0, 1.0, 0.0] [0.0, 0.0, 1.0] [-11245.3, 51.2725, 2682.36]]
		objLayer:i = 0
		props {

		}
	}
	bdt_t2_bomb_zone_06_aaa_point_01 {
		type:t = "Point"
		tm:m = [[1.0, 0.0, 0.0] [0.0, 1.0, 0.0] [0.0, 0.0, 1.0] [-10839.9, 34.5412, -1578.56]]
		objLayer:i = 0
		props {

		}
	}
	bdt_t2_bomb_zone_06_aaa_point_02 {
		type:t = "Point"
		tm:m = [[1.0, 0.0, 0.0] [0.0, 1.0, 0.0] [0.0, 0.0, 1.0] [-11444.5, 34.5414, -996.201]]
		objLayer:i = 0
		props {

		}
	}
	bdt_t2_bomb_zone_07_aaa_point_01 {
		type:t = "Point"
		tm:m = [[1.0, 0.0, 0.0] [0.0, 1.0, 0.0] [0.0, 0.0, 1.0] [-9657.62, 53.7492, -5874.37]]
		objLayer:i = 0
		props {

		}
	}
	bdt_t2_bomb_zone_07_aaa_point_02 {
		type:t = "Point"
		tm:m = [[1.0, 0.0, 0.0] [0.0, 1.0, 0.0] [0.0, 0.0, 1.0] [-10069.5, 70.4906, -5593.58]]
		objLayer:i = 0
		props {

		}
	}
	bdt_t2_bomb_zone_08_aaa_point_01 {
		type:t = "Point"
		tm:m = [[1.0, 0.0, 0.0] [0.0, 1.0, 0.0] [0.0, 0.0, 1.0] [2406.67, 66.4597, -11106.0]]
		objLayer:i = 0
		props {

		}
	}
	bdt_t2_bomb_zone_08_aaa_point_02 {
		type:t = "Point"
		tm:m = [[1.0, 0.0, 0.0] [0.0, 1.0, 0.0] [0.0, 0.0, 1.0] [2391.13, 66.4597, -10837.8]]
		objLayer:i = 0
		props {

		}
	}
	bdt_t2_bomb_zone_09_aaa_point_01 {
		type:t = "Point"
		tm:m = [[1.0, 0.0, 0.0] [0.0, 1.0, 0.0] [0.0, 0.0, 1.0] [-7505.64, 44.9994, -12288.0]]
		objLayer:i = 0
		props {

		}
	}
	bdt_t2_bomb_zone_09_aaa_point_02 {
		type:t = "Point"
		tm:m = [[1.0, 0.0, 0.0] [0.0, 1.0, 0.0] [0.0, 0.0, 1.0] [-6903.53, 52.0733, -12377.4]]
		objLayer:i = 0
		props {

		}
	}
	high_bomb_zones_area_11000 {
		type:t = "Sphere"
		tm:m = [[15143.8, 0.0, -15958.2] [0.0, 22000.0, 0.0] [15958.2, 0.0, 15143.8] [0.0, 369.01, 0.0]]
		objLayer:i = 3
		props {

		}
	}
}
objLayers {
	layer {
		enabled:b = true
	}
	layer {
		enabled:b = true
	}
	layer {
		enabled:b = true
	}
	layer {
		enabled:b = false
	}
	layer {
		enabled:b = false
	}
}
wayPoints {

}