selected_tag:t = ""
bin_dump_file:t = ""
mission_settings {
	player {
		army:i = 1
	}
	player_teamB {
		army:i = 2
	}
	mission {
		type:t = "domination"
		level:t = "levels/air_israel.bin"
		environment:t = "Day"
		weather:t = "hazy"
	}
}
imports {

}
triggers {
	isCategory:b = true
	is_enabled:b = true
	static_units_small_init {
		is_enabled:b = true
		comments:t = ""
		props {
			actionsType:t = "PERFORM_ONE_BY_ONE"
			conditionsType:t = "ALL"
			enableAfterComplete:b = false
		}
		events {
			initMission {

			}
		}
		conditions {

		}
		actions {
			comment {
				value:t = "static units"
			}
			unitSetProperties {
				object:t = "t1_artillery_small_squad"
				object:t = "t1_bunkers_small_squad"
				object:t = "t2_artillery_small_squad"
				object:t = "t2_bunkers_small_squad"
				accuracy:r = 0.1
				checkVisibilityTarget:b = false
			}
			comment {
				value:t = "static aaa"
			}
			unitSetProperties {
				object:t = "t1_aaa_static_squad"
				object:t = "t2_aaa_static_squad"
				targetGnd:b = false
				accuracy:r = 0.1
				airAccuracy:r = 0.1
				fireRandom:b = true
				targetChangeInterval:r = 5
				targetChangeProb:r = 0.25
				DelayAfterShoot:r = 3
			}
			comment {
				value:t = ""
			}
		}
		else_actions {

		}
	}
}
mission_objectives {
	isCategory:b = true
	is_enabled:b = true
}
variables {

}
dialogs {

}
airfields {

}
effects {

}
units {
	objectGroups {
		name:t = "t1_trench_small_01"
		tm:m = [[1.0, 0.0, 0.0] [0.0, 1.0, 0.0] [0.0, 0.0, 1.0] [-921.848, 182.343, -6965.17]]
		unit_class:t = "dynTrench_small_bunker_axis"
		objLayer:i = 2
		props {
			army:i = 1
			active:b = true
		}
	}
	structures {
		name:t = "t1_art_small_01"
		tm:m = [[0.00976805, 0.0, 0.999952] [0.0, 1.0, 0.0] [-0.999952, 0.0, 0.00976805] [-839.078, 187.279, -6936.55]]
		unit_class:t = "ussr_quest_large_art_noground"
		objLayer:i = 1
		closed_waypoints:b = false
		isShipSpline:b = false
		shipTurnRadius:r = 100
		weapons:t = ""
		bullets0:t = ""
		bullets1:t = ""
		bullets2:t = ""
		bullets3:t = ""
		bulletsCount0:i = 0
		bulletsCount1:i = 0
		bulletsCount2:i = 0
		bulletsCount3:i = 0
		crewSkillK:r = 0
		applyAllMods:b = false
		props {
			army:i = 1
			count:i = 1
			formation_type:t = "rows"
			formation_div:i = 3
			formation_step:p2 = 2.5, 2
			formation_noise:p2 = 0.1, 0.1
		}
		way {

		}
	}
	structures {
		name:t = "t1_art_small_02"
		tm:m = [[0.00976805, 0.0, 0.999952] [0.0, 1.0, 0.0] [-0.999952, 0.0, 0.00976805] [-1004.17, 190.527, -6966.89]]
		unit_class:t = "ussr_quest_large_art_noground"
		objLayer:i = 1
		closed_waypoints:b = false
		isShipSpline:b = false
		shipTurnRadius:r = 100
		weapons:t = ""
		bullets0:t = ""
		bullets1:t = ""
		bullets2:t = ""
		bullets3:t = ""
		bulletsCount0:i = 0
		bulletsCount1:i = 0
		bulletsCount2:i = 0
		bulletsCount3:i = 0
		crewSkillK:r = 0
		applyAllMods:b = false
		props {
			army:i = 1
			count:i = 1
			formation_type:t = "rows"
			formation_div:i = 3
			formation_step:p2 = 2.5, 2
			formation_noise:p2 = 0.1, 0.1
		}
		way {

		}
	}
	structures {
		name:t = "t1_bunker_small_01"
		tm:m = [[-0.0885438, 0.0, 0.996072] [0.0, 1.0, 0.0] [-0.996072, 0.0, -0.0885438] [-911.878, 193.795, -6954.77]]
		unit_class:t = "ussr_quest_large_art_noground"
		objLayer:i = 1
		closed_waypoints:b = false
		isShipSpline:b = false
		shipTurnRadius:r = 100
		weapons:t = ""
		bullets0:t = ""
		bullets1:t = ""
		bullets2:t = ""
		bullets3:t = ""
		bulletsCount0:i = 0
		bulletsCount1:i = 0
		bulletsCount2:i = 0
		bulletsCount3:i = 0
		crewSkillK:r = 0
		applyAllMods:b = false
		props {
			army:i = 1
			count:i = 1
			formation_type:t = "rows"
			formation_div:i = 3
			formation_step:p2 = 2.5, 2
			formation_noise:p2 = 0.1, 0.1
		}
		way {

		}
	}
	tankModels {
		name:t = "t1_aaa_small_01"
		tm:m = [[-0.319965, 0.0, 0.947429] [0.0, 1.0, 0.0] [-0.947429, 0.0, -0.319965] [-912.078, 187.05, -7011.99]]
		unit_class:t = "ussr_btr_152a"
		objLayer:i = 1
		closed_waypoints:b = false
		isShipSpline:b = false
		shipTurnRadius:r = 100
		weapons:t = ""
		bullets0:t = ""
		bullets1:t = ""
		bullets2:t = ""
		bullets3:t = ""
		bulletsCount0:i = 0
		bulletsCount1:i = 0
		bulletsCount2:i = 0
		bulletsCount3:i = 0
		crewSkillK:r = 0
		applyAllMods:b = false
		props {
			army:i = 1
			count:i = 1
			formation_type:t = "rows"
			formation_div:i = 3
			formation_step:p2 = 2.5, 2
			formation_noise:p2 = 0.1, 0.1
		}
		way {

		}
	}
	objectGroups {
		name:t = "t1_trench_small_02"
		tm:m = [[0.997784, 0.0665421, 0.000365641] [-0.0665432, 0.997769, 0.00548261] [0.0, -0.00549479, 0.999985] [-5693.26, 190.678, -6962.36]]
		unit_class:t = "dynTrench_small_bunker_axis"
		objLayer:i = 2
		props {
			army:i = 1
			active:b = true
		}
	}
	structures {
		name:t = "t1_art_small_03"
		tm:m = [[0.0097464, -0.00484454, 0.999941] [-0.0665432, 0.997769, 0.00548261] [-0.997736, -0.0665926, 0.00940228] [-5611.01, 200.954, -6933.69]]
		unit_class:t = "ussr_quest_large_art_noground"
		objLayer:i = 1
		closed_waypoints:b = false
		isShipSpline:b = false
		shipTurnRadius:r = 100
		weapons:t = ""
		bullets0:t = ""
		bullets1:t = ""
		bullets2:t = ""
		bullets3:t = ""
		bulletsCount0:i = 0
		bulletsCount1:i = 0
		bulletsCount2:i = 0
		bulletsCount3:i = 0
		crewSkillK:r = 0
		applyAllMods:b = false
		props {
			army:i = 1
			count:i = 1
			formation_type:t = "rows"
			formation_div:i = 3
			formation_step:p2 = 2.5, 2
			formation_noise:p2 = 0.1, 0.1
		}
		way {

		}
	}
	structures {
		name:t = "t1_art_small_04"
		tm:m = [[0.0097464, -0.00484454, 0.999941] [-0.0665432, 0.997769, 0.00548261] [-0.997736, -0.0665926, 0.00940228] [-5775.95, 193.375, -6964.07]]
		unit_class:t = "ussr_quest_large_art_noground"
		objLayer:i = 1
		closed_waypoints:b = false
		isShipSpline:b = false
		shipTurnRadius:r = 100
		weapons:t = ""
		bullets0:t = ""
		bullets1:t = ""
		bullets2:t = ""
		bullets3:t = ""
		bulletsCount0:i = 0
		bulletsCount1:i = 0
		bulletsCount2:i = 0
		bulletsCount3:i = 0
		crewSkillK:r = 0
		applyAllMods:b = false
		props {
			army:i = 1
			count:i = 1
			formation_type:t = "rows"
			formation_div:i = 3
			formation_step:p2 = 2.5, 2
			formation_noise:p2 = 0.1, 0.1
		}
		way {

		}
	}
	structures {
		name:t = "t1_bunker_small_02"
		tm:m = [[-0.0883475, -0.0113651, 0.996025] [-0.0665432, 0.997769, 0.00548261] [-0.993865, -0.0657943, -0.0889066] [-5684.08, 202.711, -6951.9]]
		unit_class:t = "ussr_quest_large_art_noground"
		objLayer:i = 1
		closed_waypoints:b = false
		isShipSpline:b = false
		shipTurnRadius:r = 100
		weapons:t = ""
		bullets0:t = ""
		bullets1:t = ""
		bullets2:t = ""
		bullets3:t = ""
		bulletsCount0:i = 0
		bulletsCount1:i = 0
		bulletsCount2:i = 0
		bulletsCount3:i = 0
		crewSkillK:r = 0
		applyAllMods:b = false
		props {
			army:i = 1
			count:i = 1
			formation_type:t = "rows"
			formation_div:i = 3
			formation_step:p2 = 2.5, 2
			formation_noise:p2 = 0.1, 0.1
		}
		way {

		}
	}
	tankModels {
		name:t = "t1_aaa_small_02"
		tm:m = [[-0.300393, 0.0665421, 0.951492] [0.0147814, 0.997769, -0.065112] [-0.953701, -0.00549479, -0.300706] [-5683.39, 195.7, -7009.09]]
		unit_class:t = "ussr_btr_152a"
		objLayer:i = 1
		closed_waypoints:b = false
		isShipSpline:b = false
		shipTurnRadius:r = 100
		weapons:t = ""
		bullets0:t = ""
		bullets1:t = ""
		bullets2:t = ""
		bullets3:t = ""
		bulletsCount0:i = 0
		bulletsCount1:i = 0
		bulletsCount2:i = 0
		bulletsCount3:i = 0
		crewSkillK:r = 0
		applyAllMods:b = false
		props {
			army:i = 1
			count:i = 1
			formation_type:t = "rows"
			formation_div:i = 3
			formation_step:p2 = 2.5, 2
			formation_noise:p2 = 0.1, 0.1
		}
		way {

		}
	}
	objectGroups {
		name:t = "t1_trench_small_03"
		tm:m = [[0.999998, -0.00177577, 0.000365641] [0.00177374, 0.999983, 0.00548261] [-0.00037537, -0.00548195, 0.999985] [-5191.47, 196.271, -7000.86]]
		unit_class:t = "dynTrench_small_bunker_axis"
		objLayer:i = 2
		props {
			army:i = 1
			active:b = true
		}
	}
	structures {
		name:t = "t1_art_small_05"
		tm:m = [[0.00939268, -0.00549904, 0.999941] [0.00177374, 0.999983, 0.00548261] [-0.999954, 0.00172214, 0.00940228] [-5108.7, 200.903, -6972.19]]
		unit_class:t = "ussr_quest_large_art_noground"
		objLayer:i = 1
		closed_waypoints:b = false
		isShipSpline:b = false
		shipTurnRadius:r = 100
		weapons:t = ""
		bullets0:t = ""
		bullets1:t = ""
		bullets2:t = ""
		bullets3:t = ""
		bulletsCount0:i = 0
		bulletsCount1:i = 0
		bulletsCount2:i = 0
		bulletsCount3:i = 0
		crewSkillK:r = 0
		applyAllMods:b = false
		props {
			army:i = 1
			count:i = 1
			formation_type:t = "rows"
			formation_div:i = 3
			formation_step:p2 = 2.5, 2
			formation_noise:p2 = 0.1, 0.1
		}
		way {

		}
	}
	structures {
		name:t = "t1_art_small_06"
		tm:m = [[0.00939268, -0.00549904, 0.999941] [0.00177374, 0.999983, 0.00548261] [-0.999954, 0.00172214, 0.00940228] [-5273.78, 204.61, -7002.57]]
		unit_class:t = "ussr_quest_large_art_noground"
		objLayer:i = 1
		closed_waypoints:b = false
		isShipSpline:b = false
		shipTurnRadius:r = 100
		weapons:t = ""
		bullets0:t = ""
		bullets1:t = ""
		bullets2:t = ""
		bullets3:t = ""
		bulletsCount0:i = 0
		bulletsCount1:i = 0
		bulletsCount2:i = 0
		bulletsCount3:i = 0
		crewSkillK:r = 0
		applyAllMods:b = false
		props {
			army:i = 1
			count:i = 1
			formation_type:t = "rows"
			formation_div:i = 3
			formation_step:p2 = 2.5, 2
			formation_noise:p2 = 0.1, 0.1
		}
		way {

		}
	}
	structures {
		name:t = "t1_bunker_small_03"
		tm:m = [[-0.0889175, -0.00530319, 0.996025] [0.00177374, 0.999983, 0.00548261] [-0.996037, 0.0022542, -0.0889066] [-5181.48, 207.648, -6990.4]]
		unit_class:t = "ussr_quest_large_art_noground"
		objLayer:i = 1
		closed_waypoints:b = false
		isShipSpline:b = false
		shipTurnRadius:r = 100
		weapons:t = ""
		bullets0:t = ""
		bullets1:t = ""
		bullets2:t = ""
		bullets3:t = ""
		bulletsCount0:i = 0
		bulletsCount1:i = 0
		bulletsCount2:i = 0
		bulletsCount3:i = 0
		crewSkillK:r = 0
		applyAllMods:b = false
		props {
			army:i = 1
			count:i = 1
			formation_type:t = "rows"
			formation_div:i = 3
			formation_step:p2 = 2.5, 2
			formation_noise:p2 = 0.1, 0.1
		}
		way {

		}
	}
	tankModels {
		name:t = "t1_aaa_small_03"
		tm:m = [[-0.17191, -0.00177577, 0.985111] [-0.00570562, 0.999983, 0.000806901] [-0.985096, -0.00548195, -0.171918] [-5181.66, 201.301, -7047.62]]
		unit_class:t = "ussr_btr_152a"
		objLayer:i = 1
		closed_waypoints:b = false
		isShipSpline:b = false
		shipTurnRadius:r = 100
		weapons:t = ""
		bullets0:t = ""
		bullets1:t = ""
		bullets2:t = ""
		bullets3:t = ""
		bulletsCount0:i = 0
		bulletsCount1:i = 0
		bulletsCount2:i = 0
		bulletsCount3:i = 0
		crewSkillK:r = 0
		applyAllMods:b = false
		props {
			army:i = 1
			count:i = 1
			formation_type:t = "rows"
			formation_div:i = 3
			formation_step:p2 = 2.5, 2
			formation_noise:p2 = 0.1, 0.1
		}
		way {

		}
	}
	objectGroups {
		name:t = "t1_trench_small_04"
		tm:m = [[0.999998, -0.00177577, 0.000365641] [0.00177374, 0.999983, 0.00548261] [-0.00037537, -0.00548195, 0.999985] [-1488.17, 202.601, -6925.26]]
		unit_class:t = "dynTrench_small_bunker_axis"
		objLayer:i = 2
		props {
			army:i = 1
			active:b = true
		}
	}
	structures {
		name:t = "t1_art_small_07"
		tm:m = [[0.00939268, -0.00549904, 0.999941] [0.00177374, 0.999983, 0.00548261] [-0.999954, 0.00172214, 0.00940228] [-1405.41, 207.233, -6896.59]]
		unit_class:t = "ussr_quest_large_art_noground"
		objLayer:i = 1
		closed_waypoints:b = false
		isShipSpline:b = false
		shipTurnRadius:r = 100
		weapons:t = ""
		bullets0:t = ""
		bullets1:t = ""
		bullets2:t = ""
		bullets3:t = ""
		bulletsCount0:i = 0
		bulletsCount1:i = 0
		bulletsCount2:i = 0
		bulletsCount3:i = 0
		crewSkillK:r = 0
		applyAllMods:b = false
		props {
			army:i = 1
			count:i = 1
			formation_type:t = "rows"
			formation_div:i = 3
			formation_step:p2 = 2.5, 2
			formation_noise:p2 = 0.1, 0.1
		}
		way {

		}
	}
	structures {
		name:t = "t1_art_small_08"
		tm:m = [[0.00939268, -0.00549904, 0.999941] [0.00177374, 0.999983, 0.00548261] [-0.999954, 0.00172214, 0.00940228] [-1570.48, 210.94, -6926.97]]
		unit_class:t = "ussr_quest_large_art_noground"
		objLayer:i = 1
		closed_waypoints:b = false
		isShipSpline:b = false
		shipTurnRadius:r = 100
		weapons:t = ""
		bullets0:t = ""
		bullets1:t = ""
		bullets2:t = ""
		bullets3:t = ""
		bulletsCount0:i = 0
		bulletsCount1:i = 0
		bulletsCount2:i = 0
		bulletsCount3:i = 0
		crewSkillK:r = 0
		applyAllMods:b = false
		props {
			army:i = 1
			count:i = 1
			formation_type:t = "rows"
			formation_div:i = 3
			formation_step:p2 = 2.5, 2
			formation_noise:p2 = 0.1, 0.1
		}
		way {

		}
	}
	structures {
		name:t = "t1_bunker_small_04"
		tm:m = [[-0.0889175, -0.00530319, 0.996025] [0.00177374, 0.999983, 0.00548261] [-0.996037, 0.0022542, -0.0889066] [-1478.18, 213.978, -6914.8]]
		unit_class:t = "ussr_quest_large_art_noground"
		objLayer:i = 1
		closed_waypoints:b = false
		isShipSpline:b = false
		shipTurnRadius:r = 100
		weapons:t = ""
		bullets0:t = ""
		bullets1:t = ""
		bullets2:t = ""
		bullets3:t = ""
		bulletsCount0:i = 0
		bulletsCount1:i = 0
		bulletsCount2:i = 0
		bulletsCount3:i = 0
		crewSkillK:r = 0
		applyAllMods:b = false
		props {
			army:i = 1
			count:i = 1
			formation_type:t = "rows"
			formation_div:i = 3
			formation_step:p2 = 2.5, 2
			formation_noise:p2 = 0.1, 0.1
		}
		way {

		}
	}
	tankModels {
		name:t = "t1_aaa_small_04"
		tm:m = [[-0.210449, -0.00177577, 0.977603] [-0.0057329, 0.999983, 0.000582301] [-0.977588, -0.00548195, -0.210456] [-1478.15, 206.658, -6971.86]]
		unit_class:t = "ussr_btr_152a"
		objLayer:i = 1
		closed_waypoints:b = false
		isShipSpline:b = false
		shipTurnRadius:r = 100
		weapons:t = ""
		bullets0:t = ""
		bullets1:t = ""
		bullets2:t = ""
		bullets3:t = ""
		bulletsCount0:i = 0
		bulletsCount1:i = 0
		bulletsCount2:i = 0
		bulletsCount3:i = 0
		crewSkillK:r = 0
		applyAllMods:b = false
		props {
			army:i = 1
			count:i = 1
			formation_type:t = "rows"
			formation_div:i = 3
			formation_step:p2 = 2.5, 2
			formation_noise:p2 = 0.1, 0.1
		}
		way {

		}
	}
	objectGroups {
		name:t = "t1_trench_small_05"
		tm:m = [[0.99984, 0.0178835, 0.000365641] [-0.0178853, 0.999825, 0.00548261] [-0.000267528, -0.00548827, 0.999985] [-4716.42, 209.826, -6982.3]]
		unit_class:t = "dynTrench_small_bunker_axis"
		objLayer:i = 2
		props {
			army:i = 1
			active:b = true
		}
	}
	structures {
		name:t = "t1_art_small_09"
		tm:m = [[0.00949897, -0.00531332, 0.999941] [-0.0178853, 0.999825, 0.00548261] [-0.999795, -0.0179363, 0.00940228] [-4633.76, 216.084, -6953.62]]
		unit_class:t = "ussr_quest_large_art_noground"
		objLayer:i = 1
		closed_waypoints:b = false
		isShipSpline:b = false
		shipTurnRadius:r = 100
		weapons:t = ""
		bullets0:t = ""
		bullets1:t = ""
		bullets2:t = ""
		bullets3:t = ""
		bulletsCount0:i = 0
		bulletsCount1:i = 0
		bulletsCount2:i = 0
		bulletsCount3:i = 0
		crewSkillK:r = 0
		applyAllMods:b = false
		props {
			army:i = 1
			count:i = 1
			formation_type:t = "rows"
			formation_div:i = 3
			formation_step:p2 = 2.5, 2
			formation_noise:p2 = 0.1, 0.1
		}
		way {

		}
	}
	structures {
		name:t = "t1_art_small_10"
		tm:m = [[0.00949897, -0.00531332, 0.999941] [-0.0178853, 0.999825, 0.00548261] [-0.999795, -0.0179363, 0.00940228] [-4798.88, 216.545, -6984.01]]
		unit_class:t = "ussr_quest_large_art_noground"
		objLayer:i = 1
		closed_waypoints:b = false
		isShipSpline:b = false
		shipTurnRadius:r = 100
		weapons:t = ""
		bullets0:t = ""
		bullets1:t = ""
		bullets2:t = ""
		bullets3:t = ""
		bulletsCount0:i = 0
		bulletsCount1:i = 0
		bulletsCount2:i = 0
		bulletsCount3:i = 0
		crewSkillK:r = 0
		applyAllMods:b = false
		props {
			army:i = 1
			count:i = 1
			formation_type:t = "rows"
			formation_div:i = 3
			formation_step:p2 = 2.5, 2
			formation_noise:p2 = 0.1, 0.1
		}
		way {

		}
	}
	structures {
		name:t = "t1_bunker_small_05"
		tm:m = [[-0.0887961, -0.00705019, 0.996025] [-0.0178853, 0.999825, 0.00548261] [-0.995889, -0.0173273, -0.0889066] [-4706.66, 221.397, -6971.84]]
		unit_class:t = "ussr_quest_large_art_noground"
		objLayer:i = 1
		closed_waypoints:b = false
		isShipSpline:b = false
		shipTurnRadius:r = 100
		weapons:t = ""
		bullets0:t = ""
		bullets1:t = ""
		bullets2:t = ""
		bullets3:t = ""
		bulletsCount0:i = 0
		bulletsCount1:i = 0
		bulletsCount2:i = 0
		bulletsCount3:i = 0
		crewSkillK:r = 0
		applyAllMods:b = false
		props {
			army:i = 1
			count:i = 1
			formation_type:t = "rows"
			formation_div:i = 3
			formation_step:p2 = 2.5, 2
			formation_noise:p2 = 0.1, 0.1
		}
		way {

		}
	}
	tankModels {
		name:t = "t1_aaa_small_05"
		tm:m = [[-0.0809432, 0.0178835, 0.996558] [-0.00402337, 0.999825, -0.018269] [-0.996711, -0.00548827, -0.0808571] [-4706.56, 214.871, -7028.99]]
		unit_class:t = "ussr_btr_152a"
		objLayer:i = 1
		closed_waypoints:b = false
		isShipSpline:b = false
		shipTurnRadius:r = 100
		weapons:t = ""
		bullets0:t = ""
		bullets1:t = ""
		bullets2:t = ""
		bullets3:t = ""
		bulletsCount0:i = 0
		bulletsCount1:i = 0
		bulletsCount2:i = 0
		bulletsCount3:i = 0
		crewSkillK:r = 0
		applyAllMods:b = false
		props {
			army:i = 1
			count:i = 1
			formation_type:t = "rows"
			formation_div:i = 3
			formation_step:p2 = 2.5, 2
			formation_noise:p2 = 0.1, 0.1
		}
		way {

		}
	}
	squad {
		name:t = "t1_aaa_static_squad"
		tm:m = [[1.0, 0.0, 0.0] [0.0, 1.0, 0.0] [0.0, 0.0, 1.0] [-7028.91, 287.205, -9314.64]]
		props {
			squad_members:t = "t1_aaa_small_01"
			squad_members:t = "t1_aaa_small_02"
			squad_members:t = "t1_aaa_small_03"
			squad_members:t = "t1_aaa_small_04"
			squad_members:t = "t1_aaa_small_05"
			squad_members:t = "t1_aaa_small_06"
		}
	}
	squad {
		name:t = "t1_artillery_small_squad"
		tm:m = [[1.0, 0.0, 0.0] [0.0, 1.0, 0.0] [0.0, 0.0, 1.0] [-7208.11, 283.671, -9017.67]]
		props {
			squad_members:t = "t1_art_small_01"
			squad_members:t = "t1_art_small_02"
			squad_members:t = "t1_art_small_03"
			squad_members:t = "t1_art_small_04"
			squad_members:t = "t1_art_small_05"
			squad_members:t = "t1_art_small_06"
			squad_members:t = "t1_art_small_07"
			squad_members:t = "t1_art_small_08"
			squad_members:t = "t1_art_small_09"
			squad_members:t = "t1_art_small_10"
			squad_members:t = "t1_art_small_11"
			squad_members:t = "t1_art_small_12"
		}
	}
	squad {
		name:t = "t1_bunkers_small_squad"
		tm:m = [[1.0, 0.0, 0.0] [0.0, 1.0, 0.0] [0.0, 0.0, 1.0] [-7408.46, 288.728, -9155.89]]
		props {
			squad_members:t = "t1_bunker_small_01"
			squad_members:t = "t1_bunker_small_02"
			squad_members:t = "t1_bunker_small_03"
			squad_members:t = "t1_bunker_small_04"
			squad_members:t = "t1_bunker_small_05"
			squad_members:t = "t1_bunker_small_06"
		}
	}
	objectGroups {
		name:t = "t2_trench_small_01"
		tm:m = [[-0.972323, 0.0378749, 0.230551] [0.0294871, 0.998776, -0.0397202] [-0.231773, -0.0318226, -0.972249] [-672.071, 137.194, -4396.83]]
		unit_class:t = "dynTrench_small_bunker_axis"
		objLayer:i = 2
		props {
			army:i = 2
			active:b = true
		}
	}
	structures {
		name:t = "t2_art_small_01"
		tm:m = [[-0.24126, -0.0314511, -0.969951] [0.0294871, 0.998776, -0.0397202] [0.970012, -0.038184, -0.240037] [-759.042, 144.348, -4405.77]]
		unit_class:t = "ussr_quest_large_art_noground"
		objLayer:i = 1
		closed_waypoints:b = false
		isShipSpline:b = false
		shipTurnRadius:r = 100
		weapons:t = ""
		bullets0:t = ""
		bullets1:t = ""
		bullets2:t = ""
		bullets3:t = ""
		bulletsCount0:i = 0
		bulletsCount1:i = 0
		bulletsCount2:i = 0
		bulletsCount3:i = 0
		crewSkillK:r = 0
		applyAllMods:b = false
		props {
			army:i = 2
			count:i = 1
			formation_type:t = "rows"
			formation_div:i = 3
			formation_step:p2 = 2.5, 2
			formation_noise:p2 = 0.1, 0.1
		}
		way {

		}
	}
	structures {
		name:t = "t2_art_small_02"
		tm:m = [[-0.24126, -0.0314511, -0.969951] [0.0294871, 0.998776, -0.0397202] [0.970012, -0.038184, -0.240037] [-591.381, 142.305, -4414.46]]
		unit_class:t = "ussr_quest_large_art_noground"
		objLayer:i = 1
		closed_waypoints:b = false
		isShipSpline:b = false
		shipTurnRadius:r = 100
		weapons:t = ""
		bullets0:t = ""
		bullets1:t = ""
		bullets2:t = ""
		bullets3:t = ""
		bulletsCount0:i = 0
		bulletsCount1:i = 0
		bulletsCount2:i = 0
		bulletsCount3:i = 0
		crewSkillK:r = 0
		applyAllMods:b = false
		props {
			army:i = 2
			count:i = 1
			formation_type:t = "rows"
			formation_div:i = 3
			formation_step:p2 = 2.5, 2
			formation_noise:p2 = 0.1, 0.1
		}
		way {

		}
	}
	structures {
		name:t = "t2_bunker_small_01"
		tm:m = [[-0.14477, -0.0350512, -0.988844] [0.0294871, 0.998776, -0.0397202] [0.989026, -0.0349085, -0.143559] [-683.842, 148.679, -4405.09]]
		unit_class:t = "ussr_quest_large_art_noground"
		objLayer:i = 1
		closed_waypoints:b = false
		isShipSpline:b = false
		shipTurnRadius:r = 100
		weapons:t = ""
		bullets0:t = ""
		bullets1:t = ""
		bullets2:t = ""
		bullets3:t = ""
		bulletsCount0:i = 0
		bulletsCount1:i = 0
		bulletsCount2:i = 0
		bulletsCount3:i = 0
		crewSkillK:r = 0
		applyAllMods:b = false
		props {
			army:i = 2
			count:i = 1
			formation_type:t = "rows"
			formation_div:i = 3
			formation_step:p2 = 2.5, 2
			formation_noise:p2 = 0.1, 0.1
		}
		way {

		}
	}
	tankModels {
		name:t = "t2_aaa_small_01"
		tm:m = [[-0.0846913, 0.0378749, -0.995687] [0.0349392, 0.998776, 0.0350205] [0.995794, -0.0318226, -0.0859109] [-670.791, 143.5, -4348.6]]
		unit_class:t = "ussr_btr_152a"
		objLayer:i = 1
		closed_waypoints:b = false
		isShipSpline:b = false
		shipTurnRadius:r = 100
		weapons:t = ""
		bullets0:t = ""
		bullets1:t = ""
		bullets2:t = ""
		bullets3:t = ""
		bulletsCount0:i = 0
		bulletsCount1:i = 0
		bulletsCount2:i = 0
		bulletsCount3:i = 0
		crewSkillK:r = 0
		applyAllMods:b = false
		props {
			army:i = 2
			count:i = 1
			formation_type:t = "rows"
			formation_div:i = 3
			formation_step:p2 = 2.5, 2
			formation_noise:p2 = 0.1, 0.1
		}
		way {

		}
	}
	objectGroups {
		name:t = "t2_trench_small_02"
		tm:m = [[-0.998087, -0.0265001, 0.0558669] [-0.0316723, 0.995085, -0.0938268] [-0.0531059, -0.0954166, -0.99402] [-5631.4, 176.114, -4221.85]]
		unit_class:t = "dynTrench_small_bunker_axis"
		objLayer:i = 2
		props {
			army:i = 2
			active:b = true
		}
	}
	structures {
		name:t = "t2_art_small_03"
		tm:m = [[-0.0628527, -0.0956709, -0.993427] [-0.0316723, 0.995085, -0.0938268] [0.99752, 0.0255668, -0.0655738] [-5715.69, 176.101, -4246.14]]
		unit_class:t = "ussr_quest_large_art_noground"
		objLayer:i = 1
		closed_waypoints:b = false
		isShipSpline:b = false
		shipTurnRadius:r = 100
		weapons:t = ""
		bullets0:t = ""
		bullets1:t = ""
		bullets2:t = ""
		bullets3:t = ""
		bulletsCount0:i = 0
		bulletsCount1:i = 0
		bulletsCount2:i = 0
		bulletsCount3:i = 0
		crewSkillK:r = 0
		applyAllMods:b = false
		props {
			army:i = 2
			count:i = 1
			formation_type:t = "rows"
			formation_div:i = 3
			formation_step:p2 = 2.5, 2
			formation_noise:p2 = 0.1, 0.1
		}
		way {

		}
	}
	structures {
		name:t = "t2_art_small_04"
		tm:m = [[-0.0628527, -0.0956709, -0.993427] [-0.0316723, 0.995085, -0.0938268] [0.99752, 0.0255668, -0.0655738] [-5549.4, 186.604, -4225.51]]
		unit_class:t = "ussr_quest_large_art_noground"
		objLayer:i = 1
		closed_waypoints:b = false
		isShipSpline:b = false
		shipTurnRadius:r = 100
		weapons:t = ""
		bullets0:t = ""
		bullets1:t = ""
		bullets2:t = ""
		bullets3:t = ""
		bulletsCount0:i = 0
		bulletsCount1:i = 0
		bulletsCount2:i = 0
		bulletsCount3:i = 0
		crewSkillK:r = 0
		applyAllMods:b = false
		props {
			army:i = 2
			count:i = 1
			formation_type:t = "rows"
			formation_div:i = 3
			formation_step:p2 = 2.5, 2
			formation_noise:p2 = 0.1, 0.1
		}
		way {

		}
	}
	structures {
		name:t = "t2_bunker_small_02"
		tm:m = [[0.035477, -0.0926954, -0.995062] [-0.0316723, 0.995085, -0.0938268] [0.998868, 0.0348446, 0.0323668] [-5642.27, 186.253, -4232.7]]
		unit_class:t = "ussr_quest_large_art_noground"
		objLayer:i = 1
		closed_waypoints:b = false
		isShipSpline:b = false
		shipTurnRadius:r = 100
		weapons:t = ""
		bullets0:t = ""
		bullets1:t = ""
		bullets2:t = ""
		bullets3:t = ""
		bulletsCount0:i = 0
		bulletsCount1:i = 0
		bulletsCount2:i = 0
		bulletsCount3:i = 0
		crewSkillK:r = 0
		applyAllMods:b = false
		props {
			army:i = 2
			count:i = 1
			formation_type:t = "rows"
			formation_div:i = 3
			formation_step:p2 = 2.5, 2
			formation_noise:p2 = 0.1, 0.1
		}
		way {

		}
	}
	tankModels {
		name:t = "t2_aaa_small_02"
		tm:m = [[0.189133, -0.0265001, -0.981594] [0.0987172, 0.995085, -0.00784354] [0.976977, -0.0954166, 0.19082] [-5639.1, 188.3, -4175.36]]
		unit_class:t = "ussr_btr_152a"
		objLayer:i = 1
		closed_waypoints:b = false
		isShipSpline:b = false
		shipTurnRadius:r = 100
		weapons:t = ""
		bullets0:t = ""
		bullets1:t = ""
		bullets2:t = ""
		bullets3:t = ""
		bulletsCount0:i = 0
		bulletsCount1:i = 0
		bulletsCount2:i = 0
		bulletsCount3:i = 0
		crewSkillK:r = 0
		applyAllMods:b = false
		props {
			army:i = 2
			count:i = 1
			formation_type:t = "rows"
			formation_div:i = 3
			formation_step:p2 = 2.5, 2
			formation_noise:p2 = 0.1, 0.1
		}
		way {

		}
	}
	objectGroups {
		name:t = "t2_trench_small_03"
		tm:m = [[-0.996722, 0.057353, 0.0570553] [0.0582309, 0.998207, 0.013845] [-0.0561589, 0.017122, -0.998275] [-5085.39, 198.984, -4195.77]]
		unit_class:t = "dynTrench_small_bunker_axis"
		objLayer:i = 2
		props {
			army:i = 2
			active:b = true
		}
	}
	structures {
		name:t = "t2_art_small_05"
		tm:m = [[-0.0658923, 0.0176814, -0.99767] [0.0582309, 0.998207, 0.013845] [0.996126, -0.057183, -0.0668037] [-5169.2, 209.148, -4219.54]]
		unit_class:t = "ussr_quest_large_art_noground"
		objLayer:i = 1
		closed_waypoints:b = false
		isShipSpline:b = false
		shipTurnRadius:r = 100
		weapons:t = ""
		bullets0:t = ""
		bullets1:t = ""
		bullets2:t = ""
		bullets3:t = ""
		bulletsCount0:i = 0
		bulletsCount1:i = 0
		bulletsCount2:i = 0
		bulletsCount3:i = 0
		crewSkillK:r = 0
		applyAllMods:b = false
		props {
			army:i = 2
			count:i = 1
			formation_type:t = "rows"
			formation_div:i = 3
			formation_step:p2 = 2.5, 2
			formation_noise:p2 = 0.1, 0.1
		}
		way {

		}
	}
	structures {
		name:t = "t2_art_small_06"
		tm:m = [[-0.0658923, 0.0176814, -0.99767] [0.0582309, 0.998207, 0.013845] [0.996126, -0.057183, -0.0668037] [-5002.76, 202.403, -4198.63]]
		unit_class:t = "ussr_quest_large_art_noground"
		objLayer:i = 1
		closed_waypoints:b = false
		isShipSpline:b = false
		shipTurnRadius:r = 100
		weapons:t = ""
		bullets0:t = ""
		bullets1:t = ""
		bullets2:t = ""
		bullets3:t = ""
		bulletsCount0:i = 0
		bulletsCount1:i = 0
		bulletsCount2:i = 0
		bulletsCount3:i = 0
		crewSkillK:r = 0
		applyAllMods:b = false
		props {
			army:i = 2
			count:i = 1
			formation_type:t = "rows"
			formation_div:i = 3
			formation_step:p2 = 2.5, 2
			formation_noise:p2 = 0.1, 0.1
		}
		way {

		}
	}
	structures {
		name:t = "t2_bunker_small_03"
		tm:m = [[0.0323152, 0.0119765, -0.999406] [0.0582309, 0.998207, 0.013845] [0.99778, -0.0586437, 0.0315598] [-5095.25, 211.166, -4205.41]]
		unit_class:t = "ussr_quest_large_art_noground"
		objLayer:i = 1
		closed_waypoints:b = false
		isShipSpline:b = false
		shipTurnRadius:r = 100
		weapons:t = ""
		bullets0:t = ""
		bullets1:t = ""
		bullets2:t = ""
		bullets3:t = ""
		bulletsCount0:i = 0
		bulletsCount1:i = 0
		bulletsCount2:i = 0
		bulletsCount3:i = 0
		crewSkillK:r = 0
		applyAllMods:b = false
		props {
			army:i = 2
			count:i = 1
			formation_type:t = "rows"
			formation_div:i = 3
			formation_step:p2 = 2.5, 2
			formation_noise:p2 = 0.1, 0.1
		}
		way {

		}
	}
	tankModels {
		name:t = "t2_aaa_small_03"
		tm:m = [[0.0415293, 0.057353, -0.99749] [-0.0195208, 0.998207, 0.0565815] [0.998947, 0.017122, 0.0425745] [-5092.26, 202.597, -4148.29]]
		unit_class:t = "ussr_btr_152a"
		objLayer:i = 1
		closed_waypoints:b = false
		isShipSpline:b = false
		shipTurnRadius:r = 100
		weapons:t = ""
		bullets0:t = ""
		bullets1:t = ""
		bullets2:t = ""
		bullets3:t = ""
		bulletsCount0:i = 0
		bulletsCount1:i = 0
		bulletsCount2:i = 0
		bulletsCount3:i = 0
		crewSkillK:r = 0
		applyAllMods:b = false
		props {
			army:i = 2
			count:i = 1
			formation_type:t = "rows"
			formation_div:i = 3
			formation_step:p2 = 2.5, 2
			formation_noise:p2 = 0.1, 0.1
		}
		way {

		}
	}
	objectGroups {
		name:t = "t2_trench_small_04"
		tm:m = [[-0.996722, 0.0594611, 0.0548547] [0.0582309, 0.99802, -0.0237598] [-0.0561589, -0.0204877, -0.998212] [-1325.73, 165.53, -4268.26]]
		unit_class:t = "dynTrench_small_bunker_axis"
		objLayer:i = 2
		props {
			army:i = 2
			active:b = true
		}
	}
	structures {
		name:t = "t2_art_small_07"
		tm:m = [[-0.0658923, -0.0199059, -0.997628] [0.0582309, 0.99802, -0.0237598] [0.996126, -0.0596584, -0.0646027] [-1409.54, 174.791, -4292.4]]
		unit_class:t = "ussr_quest_large_art_noground"
		objLayer:i = 1
		closed_waypoints:b = false
		isShipSpline:b = false
		shipTurnRadius:r = 100
		weapons:t = ""
		bullets0:t = ""
		bullets1:t = ""
		bullets2:t = ""
		bullets3:t = ""
		bulletsCount0:i = 0
		bulletsCount1:i = 0
		bulletsCount2:i = 0
		bulletsCount3:i = 0
		crewSkillK:r = 0
		applyAllMods:b = false
		props {
			army:i = 2
			count:i = 1
			formation_type:t = "rows"
			formation_div:i = 3
			formation_step:p2 = 2.5, 2
			formation_noise:p2 = 0.1, 0.1
		}
		way {

		}
	}
	structures {
		name:t = "t2_art_small_08"
		tm:m = [[-0.0658923, -0.0199059, -0.997628] [0.0582309, 0.99802, -0.0237598] [0.996126, -0.0596584, -0.0646027] [-1243.1, 168.838, -4271.25]]
		unit_class:t = "ussr_quest_large_art_noground"
		objLayer:i = 1
		closed_waypoints:b = false
		isShipSpline:b = false
		shipTurnRadius:r = 100
		weapons:t = ""
		bullets0:t = ""
		bullets1:t = ""
		bullets2:t = ""
		bullets3:t = ""
		bulletsCount0:i = 0
		bulletsCount1:i = 0
		bulletsCount2:i = 0
		bulletsCount3:i = 0
		crewSkillK:r = 0
		applyAllMods:b = false
		props {
			army:i = 2
			count:i = 1
			formation_type:t = "rows"
			formation_div:i = 3
			formation_step:p2 = 2.5, 2
			formation_noise:p2 = 0.1, 0.1
		}
		way {

		}
	}
	structures {
		name:t = "t2_bunker_small_04"
		tm:m = [[0.0323152, -0.0256722, -0.999148] [0.0582309, 0.99802, -0.0237598] [0.99778, -0.0574135, 0.0337461] [-1335.59, 177.339, -4278.36]]
		unit_class:t = "ussr_quest_large_art_noground"
		objLayer:i = 1
		closed_waypoints:b = false
		isShipSpline:b = false
		shipTurnRadius:r = 100
		weapons:t = ""
		bullets0:t = ""
		bullets1:t = ""
		bullets2:t = ""
		bullets3:t = ""
		bulletsCount0:i = 0
		bulletsCount1:i = 0
		bulletsCount2:i = 0
		bulletsCount3:i = 0
		crewSkillK:r = 0
		applyAllMods:b = false
		props {
			army:i = 2
			count:i = 1
			formation_type:t = "rows"
			formation_div:i = 3
			formation_step:p2 = 2.5, 2
			formation_noise:p2 = 0.1, 0.1
		}
		way {

		}
	}
	tankModels {
		name:t = "t2_aaa_small_04"
		tm:m = [[-0.0642382, 0.0594611, -0.996161] [0.0243071, 0.99802, 0.0580046] [0.997639, -0.0204877, -0.0655563] [-1332.76, 171.806, -4220.75]]
		unit_class:t = "ussr_btr_152a"
		objLayer:i = 1
		closed_waypoints:b = false
		isShipSpline:b = false
		shipTurnRadius:r = 100
		weapons:t = ""
		bullets0:t = ""
		bullets1:t = ""
		bullets2:t = ""
		bullets3:t = ""
		bulletsCount0:i = 0
		bulletsCount1:i = 0
		bulletsCount2:i = 0
		bulletsCount3:i = 0
		crewSkillK:r = 0
		applyAllMods:b = false
		props {
			army:i = 2
			count:i = 1
			formation_type:t = "rows"
			formation_div:i = 3
			formation_step:p2 = 2.5, 2
			formation_noise:p2 = 0.1, 0.1
		}
		way {

		}
	}
	objectGroups {
		name:t = "t2_trench_small_05"
		tm:m = [[-0.998488, -0.00355757, 0.0548547] [-0.00486723, 0.999706, -0.0237598] [-0.0547541, -0.0239909, -0.998212] [-2002.32, 190.769, -4235.5]]
		unit_class:t = "dynTrench_small_bunker_axis"
		objLayer:i = 2
		props {
			army:i = 2
			active:b = true
		}
	}
	structures {
		name:t = "t2_art_small_09"
		tm:m = [[-0.0645047, -0.0240245, -0.997628] [-0.00486723, 0.999706, -0.0237598] [0.997906, 0.00332306, -0.0646027] [-2086.55, 194.723, -4259.65]]
		unit_class:t = "ussr_quest_large_art_noground"
		objLayer:i = 1
		closed_waypoints:b = false
		isShipSpline:b = false
		shipTurnRadius:r = 100
		weapons:t = ""
		bullets0:t = ""
		bullets1:t = ""
		bullets2:t = ""
		bullets3:t = ""
		bulletsCount0:i = 0
		bulletsCount1:i = 0
		bulletsCount2:i = 0
		bulletsCount3:i = 0
		crewSkillK:r = 0
		applyAllMods:b = false
		props {
			army:i = 2
			count:i = 1
			formation_type:t = "rows"
			formation_div:i = 3
			formation_step:p2 = 2.5, 2
			formation_noise:p2 = 0.1, 0.1
		}
		way {

		}
	}
	structures {
		name:t = "t2_art_small_10"
		tm:m = [[-0.0645047, -0.0240245, -0.997628] [-0.00486723, 0.999706, -0.0237598] [0.997906, 0.00332306, -0.0646027] [-1920.06, 199.285, -4238.49]]
		unit_class:t = "ussr_quest_large_art_noground"
		objLayer:i = 1
		closed_waypoints:b = false
		isShipSpline:b = false
		shipTurnRadius:r = 100
		weapons:t = ""
		bullets0:t = ""
		bullets1:t = ""
		bullets2:t = ""
		bullets3:t = ""
		bulletsCount0:i = 0
		bulletsCount1:i = 0
		bulletsCount2:i = 0
		bulletsCount3:i = 0
		crewSkillK:r = 0
		applyAllMods:b = false
		props {
			army:i = 2
			count:i = 1
			formation_type:t = "rows"
			formation_div:i = 3
			formation_step:p2 = 2.5, 2
			formation_noise:p2 = 0.1, 0.1
		}
		way {

		}
	}
	structures {
		name:t = "t2_bunker_small_05"
		tm:m = [[0.0338709, -0.0235817, -0.999148] [-0.00486723, 0.999706, -0.0237598] [0.999414, 0.00566785, 0.0337461] [-2012.9, 201.933, -4245.6]]
		unit_class:t = "ussr_quest_large_art_noground"
		objLayer:i = 1
		closed_waypoints:b = false
		isShipSpline:b = false
		shipTurnRadius:r = 100
		weapons:t = ""
		bullets0:t = ""
		bullets1:t = ""
		bullets2:t = ""
		bullets3:t = ""
		bulletsCount0:i = 0
		bulletsCount1:i = 0
		bulletsCount2:i = 0
		bulletsCount3:i = 0
		crewSkillK:r = 0
		applyAllMods:b = false
		props {
			army:i = 2
			count:i = 1
			formation_type:t = "rows"
			formation_div:i = 3
			formation_step:p2 = 2.5, 2
			formation_noise:p2 = 0.1, 0.1
		}
		way {

		}
	}
	tankModels {
		name:t = "t2_aaa_small_05"
		tm:m = [[-0.0366805, -0.00355757, -0.999321] [0.0238444, 0.999706, -0.00443417] [0.999043, -0.0239909, -0.0365849] [-2010.2, 196.422, -4187.92]]
		unit_class:t = "ussr_btr_152a"
		objLayer:i = 1
		closed_waypoints:b = false
		isShipSpline:b = false
		shipTurnRadius:r = 100
		weapons:t = ""
		bullets0:t = ""
		bullets1:t = ""
		bullets2:t = ""
		bullets3:t = ""
		bulletsCount0:i = 0
		bulletsCount1:i = 0
		bulletsCount2:i = 0
		bulletsCount3:i = 0
		crewSkillK:r = 0
		applyAllMods:b = false
		props {
			army:i = 2
			count:i = 1
			formation_type:t = "rows"
			formation_div:i = 3
			formation_step:p2 = 2.5, 2
			formation_noise:p2 = 0.1, 0.1
		}
		way {

		}
	}
	squad {
		name:t = "t2_aaa_static_squad"
		tm:m = [[1.0, 0.0, 0.0] [0.0, 1.0, 0.0] [0.0, 0.0, 1.0] [-6908.91, 294.016, -3269.61]]
		props {
			squad_members:t = "t2_aaa_small_01"
			squad_members:t = "t2_aaa_small_02"
			squad_members:t = "t2_aaa_small_03"
			squad_members:t = "t2_aaa_small_04"
			squad_members:t = "t2_aaa_small_05"
			squad_members:t = "t2_aaa_small_06"
		}
	}
	squad {
		name:t = "t2_artillery_small_squad"
		tm:m = [[1.0, 0.0, 0.0] [0.0, 1.0, 0.0] [0.0, 0.0, 1.0] [-6996.95, 288.605, -2991.15]]
		props {
			squad_members:t = "t2_art_small_01"
			squad_members:t = "t2_art_small_02"
			squad_members:t = "t2_art_small_03"
			squad_members:t = "t2_art_small_04"
			squad_members:t = "t2_art_small_05"
			squad_members:t = "t2_art_small_06"
			squad_members:t = "t2_art_small_07"
			squad_members:t = "t2_art_small_08"
			squad_members:t = "t2_art_small_09"
			squad_members:t = "t2_art_small_10"
			squad_members:t = "t2_art_small_11"
			squad_members:t = "t2_art_small_12"
		}
	}
	squad {
		name:t = "t2_bunkers_small_squad"
		tm:m = [[1.0, 0.0, 0.0] [0.0, 1.0, 0.0] [0.0, 0.0, 1.0] [-6566.43, 293.826, -3034.88]]
		props {
			squad_members:t = "t2_bunker_small_01"
			squad_members:t = "t2_bunker_small_02"
			squad_members:t = "t2_bunker_small_03"
			squad_members:t = "t2_bunker_small_04"
			squad_members:t = "t2_bunker_small_05"
			squad_members:t = "t2_bunker_small_06"
		}
	}
	squad {
		name:t = "t1_static_units_squad"
		tm:m = [[1.0, 0.0, 0.0] [0.0, 1.0, 0.0] [0.0, 0.0, 1.0] [-7784.65, 286.533, -10149.6]]
		props {
			squad_members:t = "t1_aaa_static_squad"
			squad_members:t = "t1_artillery_small_squad"
			squad_members:t = "t1_bunkers_small_squad"
		}
	}
	squad {
		name:t = "t2_static_units_squad"
		tm:m = [[1.0, 0.0, 0.0] [0.0, 1.0, 0.0] [0.0, 0.0, 1.0] [-7844.83, 292.149, -1705.39]]
		props {
			squad_members:t = "t2_aaa_static_squad"
			squad_members:t = "t2_artillery_small_squad"
			squad_members:t = "t2_bunkers_small_squad"
		}
	}
	tankModels {
		name:t = "t1_aaa_small_06"
		tm:m = [[-0.319965, 0.0, 0.947429] [0.0, 1.0, 0.0] [-0.947429, 0.0, -0.319965] [-2020.37, 187.05, -7011.99]]
		unit_class:t = "ussr_btr_152a"
		objLayer:i = 1
		closed_waypoints:b = false
		isShipSpline:b = false
		shipTurnRadius:r = 100
		weapons:t = ""
		bullets0:t = ""
		bullets1:t = ""
		bullets2:t = ""
		bullets3:t = ""
		bulletsCount0:i = 0
		bulletsCount1:i = 0
		bulletsCount2:i = 0
		bulletsCount3:i = 0
		crewSkillK:r = 0
		applyAllMods:b = false
		props {
			army:i = 1
			count:i = 1
			formation_type:t = "rows"
			formation_div:i = 3
			formation_step:p2 = 2.5, 2
			formation_noise:p2 = 0.1, 0.1
		}
		way {

		}
	}
	structures {
		name:t = "t1_art_small_11"
		tm:m = [[0.00976805, 0.0, 0.999952] [0.0, 1.0, 0.0] [-0.999952, 0.0, 0.00976805] [-1947.37, 187.279, -6936.55]]
		unit_class:t = "ussr_quest_large_art_noground"
		objLayer:i = 1
		closed_waypoints:b = false
		isShipSpline:b = false
		shipTurnRadius:r = 100
		weapons:t = ""
		bullets0:t = ""
		bullets1:t = ""
		bullets2:t = ""
		bullets3:t = ""
		bulletsCount0:i = 0
		bulletsCount1:i = 0
		bulletsCount2:i = 0
		bulletsCount3:i = 0
		crewSkillK:r = 0
		applyAllMods:b = false
		props {
			army:i = 1
			count:i = 1
			formation_type:t = "rows"
			formation_div:i = 3
			formation_step:p2 = 2.5, 2
			formation_noise:p2 = 0.1, 0.1
		}
		way {

		}
	}
	structures {
		name:t = "t1_art_small_12"
		tm:m = [[0.00976805, 0.0, 0.999952] [0.0, 1.0, 0.0] [-0.999952, 0.0, 0.00976805] [-2112.46, 190.527, -6966.89]]
		unit_class:t = "ussr_quest_large_art_noground"
		objLayer:i = 1
		closed_waypoints:b = false
		isShipSpline:b = false
		shipTurnRadius:r = 100
		weapons:t = ""
		bullets0:t = ""
		bullets1:t = ""
		bullets2:t = ""
		bullets3:t = ""
		bulletsCount0:i = 0
		bulletsCount1:i = 0
		bulletsCount2:i = 0
		bulletsCount3:i = 0
		crewSkillK:r = 0
		applyAllMods:b = false
		props {
			army:i = 1
			count:i = 1
			formation_type:t = "rows"
			formation_div:i = 3
			formation_step:p2 = 2.5, 2
			formation_noise:p2 = 0.1, 0.1
		}
		way {

		}
	}
	structures {
		name:t = "t1_bunker_small_06"
		tm:m = [[-0.0885438, 0.0, 0.996072] [0.0, 1.0, 0.0] [-0.996072, 0.0, -0.0885438] [-2020.17, 193.795, -6954.77]]
		unit_class:t = "ussr_quest_large_art_noground"
		objLayer:i = 1
		closed_waypoints:b = false
		isShipSpline:b = false
		shipTurnRadius:r = 100
		weapons:t = ""
		bullets0:t = ""
		bullets1:t = ""
		bullets2:t = ""
		bullets3:t = ""
		bulletsCount0:i = 0
		bulletsCount1:i = 0
		bulletsCount2:i = 0
		bulletsCount3:i = 0
		crewSkillK:r = 0
		applyAllMods:b = false
		props {
			army:i = 1
			count:i = 1
			formation_type:t = "rows"
			formation_div:i = 3
			formation_step:p2 = 2.5, 2
			formation_noise:p2 = 0.1, 0.1
		}
		way {

		}
	}
	objectGroups {
		name:t = "t1_trench_small_06"
		tm:m = [[1.0, 0.0, 0.0] [0.0, 1.0, 0.0] [0.0, 0.0, 1.0] [-2030.14, 182.343, -6965.17]]
		unit_class:t = "dynTrench_small_bunker_axis"
		objLayer:i = 2
		props {
			army:i = 1
			active:b = true
		}
	}
	tankModels {
		name:t = "t2_aaa_small_06"
		tm:m = [[0.0415293, 0.057353, -0.99749] [-0.0195208, 0.998207, 0.0565815] [0.998947, 0.017122, 0.0425745] [-4542.31, 202.597, -4148.29]]
		unit_class:t = "ussr_btr_152a"
		objLayer:i = 1
		closed_waypoints:b = false
		isShipSpline:b = false
		shipTurnRadius:r = 100
		weapons:t = ""
		bullets0:t = ""
