selected_tag:t = ""
bin_dump_file:t = ""
mission_settings {
	player {
		army:i = 1
	}
	player_teamB {
		army:i = 2
	}
	mission {
		type:t = "singleMission"
		level:t = "levels/water.bin"
		environment:t = "Day"
		weather:t = "hazy"
	}
}
imports {

}
triggers {
	isCategory:b = true
	is_enabled:b = true
}
mission_objectives {
	isCategory:b = true
	is_enabled:b = true
}
variables {

}
dialogs {

}
airfields {

}
effects {

}
units {
	objectGroups {
		name:t = "t1_helipad"
		tm:m = [[0.70901, 0.0, 0.705199] [0.0, 1.0, 0.0] [-0.705199, 0.0, 0.70901] [5458.15, 847.4, 5360.15]]
		unit_class:t = "dynHelipad_beton_a_ussr"
		objLayer:i = 2
		props {
			army:i = 1
			isDelayed:b = true
			active:b = true
		}
	}
	objectGroups {
		name:t = "t1_helipad_farspawn"
		tm:m = [[0.531479, 0.0, 0.847072] [0.0, 1.0, 0.0] [-0.847072, 0.0, 0.531479] [7206.35, 1036.8, 10431.3]]
		unit_class:t = "dynHelipad_beton_b_ussr"
		objLayer:i = 2
		props {
			army:i = 1
			isDelayed:b = true
			active:b = true
		}
	}
	objectGroups {
		name:t = "t2_helipad"
		tm:m = [[0.741838, 0.0, -0.67058] [0.0, 1.0, 0.0] [0.67058, 0.0, 0.741838] [5522.15, 942.5, -1150.5]]
		unit_class:t = "dynHelipad_beton_a_usa"
		objLayer:i = 2
		props {
			army:i = 2
			isDelayed:b = true
			active:b = true
		}
	}
	objectGroups {
		name:t = "t2_helipad_farspawn"
		tm:m = [[0.562328, 0.0, -0.826914] [0.0, 1.0, 0.0] [0.826914, 0.0, 0.562328] [7754.4, 1112.3, -6340.1]]
		unit_class:t = "dynHelipad_beton_b_usa"
		objLayer:i = 2
		props {
			army:i = 2
			isDelayed:b = true
			active:b = true
		}
	}
	air_defence {
		name:t = "t2_helipad_defence_01"
		tm:m = [[-0.925753, 0.0, 0.378128] [0.0, 1.0, 0.0] [-0.378128, 0.0, -0.925753] [5722.81, 952.946, -1075.94]]
		unit_class:t = "germ_20mm_flak38_longrange_helipad"
		objLayer:i = 1
		closed_waypoints:b = false
		isShipSpline:b = false
		shipTurnRadius:r = 100
		weapons:t = ""
		bullets0:t = ""
		bullets1:t = ""
		bullets2:t = ""
		bullets3:t = ""
		bulletsCount0:i = 0
		bulletsCount1:i = 0
		bulletsCount2:i = 0
		bulletsCount3:i = 0
		crewSkillK:r = 0
		props {
			army:i = 2
			count:i = 1
			formation_type:t = "rows"
			formation_div:i = 3
			formation_step:p2 = 2.5, 2
			formation_noise:p2 = 0.1, 0.1
			uniqueName:t = ""
			attack_type:t = "fire_at_will"
		}
		way {

		}
	}
	air_defence {
		name:t = "t2_helipad_defence_02"
		tm:m = [[-0.925753, 0.0, 0.378128] [0.0, 1.0, 0.0] [-0.378128, 0.0, -0.925753] [5614.28, 944.553, -1383.98]]
		unit_class:t = "germ_20mm_flak38_longrange_helipad"
		objLayer:i = 1
		closed_waypoints:b = false
		isShipSpline:b = false
		shipTurnRadius:r = 100
		weapons:t = ""
		bullets0:t = ""
		bullets1:t = ""
		bullets2:t = ""
		bullets3:t = ""
		bulletsCount0:i = 0
		bulletsCount1:i = 0
		bulletsCount2:i = 0
		bulletsCount3:i = 0
		crewSkillK:r = 0
		props {
			army:i = 2
			count:i = 1
			formation_type:t = "rows"
			formation_div:i = 3
			formation_step:p2 = 2.5, 2
			formation_noise:p2 = 0.1, 0.1
			uniqueName:t = ""
			attack_type:t = "fire_at_will"
		}
		way {

		}
	}
	air_defence {
		name:t = "t2_helipad_defence_03"
		tm:m = [[-0.925753, 0.0, 0.378128] [0.0, 1.0, 0.0] [-0.378128, 0.0, -0.925753] [5367.95, 941.2, -1286.95]]
		unit_class:t = "germ_20mm_flak38_helipad"
		objLayer:i = 1
		closed_waypoints:b = false
		isShipSpline:b = false
		shipTurnRadius:r = 100
		weapons:t = ""
		bullets0:t = ""
		bullets1:t = ""
		bullets2:t = ""
		bullets3:t = ""
		bulletsCount0:i = 0
		bulletsCount1:i = 0
		bulletsCount2:i = 0
		bulletsCount3:i = 0
		crewSkillK:r = 0
		props {
			army:i = 2
			count:i = 1
			formation_type:t = "rows"
			formation_div:i = 3
			formation_step:p2 = 2.5, 2
			formation_noise:p2 = 0.1, 0.1
			uniqueName:t = ""
			attack_type:t = "fire_at_will"
		}
		way {

		}
	}
	air_defence {
		name:t = "t2_helipad_defence_04"
		tm:m = [[-0.925753, 0.0, 0.378128] [0.0, 1.0, 0.0] [-0.378128, 0.0, -0.925753] [5445.12, 948.608, -953.242]]
		unit_class:t = "germ_20mm_flak38_helipad"
		objLayer:i = 1
		closed_waypoints:b = false
		isShipSpline:b = false
		shipTurnRadius:r = 100
		weapons:t = ""
		bullets0:t = ""
		bullets1:t = ""
		bullets2:t = ""
		bullets3:t = ""
		bulletsCount0:i = 0
		bulletsCount1:i = 0
		bulletsCount2:i = 0
		bulletsCount3:i = 0
		crewSkillK:r = 0
		props {
			army:i = 2
			count:i = 1
			formation_type:t = "rows"
			formation_div:i = 3
			formation_step:p2 = 2.5, 2
			formation_noise:p2 = 0.1, 0.1
			uniqueName:t = ""
			attack_type:t = "fire_at_will"
		}
		way {

		}
	}
	squad {
		name:t = "t2_helipad_aaa_squad"
		tm:m = [[-0.682228, 0.0, -0.73114] [0.0, 1.0, 0.0] [0.73114, 0.0, -0.682228] [5537.54, 947.0, -1175.02]]
		props {
			object_marking:i = 0
			squad_members:t = "t2_helipad_defence_04"
			squad_members:t = "t2_helipad_defence_01"
			squad_members:t = "t2_helipad_defence_02"
			squad_members:t = "t2_helipad_defence_03"
		}
	}
	air_defence {
		name:t = "t1_helipad_defence_01"
		tm:m = [[-0.64523, 0.0, -0.763989] [0.0, 1.0, 0.0] [0.763989, 0.0, -0.64523] [5204.8, 845.22, 5382.69]]
		unit_class:t = "germ_20mm_flak38_longrange_helipad"
		objLayer:i = 1
		closed_waypoints:b = false
		isShipSpline:b = false
		shipTurnRadius:r = 100
		weapons:t = ""
		bullets0:t = ""
		bullets1:t = ""
		bullets2:t = ""
		bullets3:t = ""
		bulletsCount0:i = 0
		bulletsCount1:i = 0
		bulletsCount2:i = 0
		bulletsCount3:i = 0
		crewSkillK:r = 0
		props {
			army:i = 1
			count:i = 1
			formation_type:t = "rows"
			formation_div:i = 3
			formation_step:p2 = 2.5, 2
			formation_noise:p2 = 0.1, 0.1
			uniqueName:t = ""
			attack_type:t = "fire_at_will"
		}
		way {

		}
	}
	air_defence {
		name:t = "t1_helipad_defence_02"
		tm:m = [[-0.64523, 0.0, -0.763989] [0.0, 1.0, 0.0] [0.763989, 0.0, -0.64523] [5396.85, 841.867, 5564.94]]
		unit_class:t = "germ_20mm_flak38_longrange_helipad"
		objLayer:i = 1
		closed_waypoints:b = false
		isShipSpline:b = false
		shipTurnRadius:r = 100
		weapons:t = ""
		bullets0:t = ""
		bullets1:t = ""
		bullets2:t = ""
		bullets3:t = ""
		bulletsCount0:i = 0
		bulletsCount1:i = 0
		bulletsCount2:i = 0
		bulletsCount3:i = 0
		crewSkillK:r = 0
		props {
			army:i = 1
			count:i = 1
			formation_type:t = "rows"
			formation_div:i = 3
			formation_step:p2 = 2.5, 2
			formation_noise:p2 = 0.1, 0.1
			uniqueName:t = ""
			attack_type:t = "fire_at_will"
		}
		way {

		}
	}
	air_defence {
		name:t = "t1_helipad_defence_03"
		tm:m = [[-0.64523, 0.0, -0.763989] [0.0, 1.0, 0.0] [0.763989, 0.0, -0.64523] [5490.88, 853.613, 5156.62]]
		unit_class:t = "germ_20mm_flak38_helipad"
		objLayer:i = 1
		closed_waypoints:b = false
		isShipSpline:b = false
		shipTurnRadius:r = 100
		weapons:t = ""
		bullets0:t = ""
		bullets1:t = ""
		bullets2:t = ""
		bullets3:t = ""
		bulletsCount0:i = 0
		bulletsCount1:i = 0
		bulletsCount2:i = 0
		bulletsCount3:i = 0
		crewSkillK:r = 0
		props {
			army:i = 1
			count:i = 1
			formation_type:t = "rows"
			formation_div:i = 3
			formation_step:p2 = 2.5, 2
			formation_noise:p2 = 0.1, 0.1
			uniqueName:t = ""
			attack_type:t = "fire_at_will"
		}
		way {

		}
	}
	air_defence {
		name:t = "t1_helipad_defence_04"
		tm:m = [[-0.64523, 0.0, -0.763989] [0.0, 1.0, 0.0] [0.763989, 0.0, -0.64523] [5666.67, 849.275, 5353.96]]
		unit_class:t = "germ_20mm_flak38_helipad"
		objLayer:i = 1
		closed_waypoints:b = false
		isShipSpline:b = false
		shipTurnRadius:r = 100
		weapons:t = ""
		bullets0:t = ""
		bullets1:t = ""
		bullets2:t = ""
		bullets3:t = ""
		bulletsCount0:i = 0
		bulletsCount1:i = 0
		bulletsCount2:i = 0
		bulletsCount3:i = 0
		crewSkillK:r = 0
		props {
			army:i = 1
			count:i = 1
			formation_type:t = "rows"
			formation_div:i = 3
			formation_step:p2 = 2.5, 2
			formation_noise:p2 = 0.1, 0.1
			uniqueName:t = ""
			attack_type:t = "fire_at_will"
		}
		way {

		}
	}
	squad {
		name:t = "t1_helipad_aaa_squad"
		tm:m = [[0.5373, 0.0, -0.843391] [0.0, 1.0, 0.0] [0.843391, 0.0, 0.5373] [5426.6, 847.494, 5363.94]]
		props {
			object_marking:i = 0
			squad_members:t = "t1_helipad_defence_04"
			squad_members:t = "t1_helipad_defence_03"
			squad_members:t = "t1_helipad_defence_01"
			squad_members:t = "t1_helipad_defence_02"
		}
	}
}
areas {
	heli_4000 {
		type:t = "Sphere"
		tm:m = [[1255.48, 0.0, -7900.87] [0.0, 8000.0, 0.0] [7900.87, 0.0, 1255.48] [2048.0, 864.2, 2048.0]]
		objLayer:i = 4
		props {

		}
	}
	heli_4001 {
		type:t = "Sphere"
		tm:m = [[3138.7, 0.0, -19752.2] [0.0, 20000.0, 0.0] [19752.2, 0.0, 3138.7] [2048.0, 1074.55, 2048.0]]
		objLayer:i = 4
		props {

		}
	}
}
objLayers {
	layer {
		enabled:b = true
	}
	layer {
		enabled:b = true
	}
	layer {
		enabled:b = true
	}
	layer {
		enabled:b = true
	}
	layer {
		enabled:b = true
	}
}
wayPoints {

}