selected_tag:t = ""
bin_dump_file:t = ""
mission_settings {
	player {
		army:i = 1
	}
	player_teamB {
		army:i = 2
	}
	mission {
		level:t = "levels/air_smolensk.bin"
		type:t = "domination"
		environment:t = "Day"
		weather:t = "hazy"
		restoreType:t = "attempts"
		optionalTakeOff:b = false
	}
}
imports {
	import_record {
		file:t = "gameData/missions/templates/enduring_confrontation/bdt_bases_destroy_template.blk"
		importAreas:b = true
		importUnits:b = true
		importTriggers:b = true
		importMissionObjectives:b = true
		importWayPoints:b = true
		showAreas:b = true
		showUnits:b = true
		showTriggers:b = true
		showMissionObjectives:b = true
		showWayPoints:b = true
		excludes {

		}
	}
	import_record {
		file:t = "gameData/missions/templates/units_sets/land_sets_aaa_bases/bdt_t1_ussr_rank_01.blk"
		rankRange:ip2 = 0, 4
		importAreas:b = true
		importUnits:b = true
		importTriggers:b = true
		importMissionObjectives:b = true
		importWayPoints:b = true
		showAreas:b = true
		showUnits:b = true
		showTriggers:b = true
		showMissionObjectives:b = true
		showWayPoints:b = true
		excludes {

		}
	}
	import_record {
		file:t = "gameData/missions/templates/units_sets/land_sets_aaa_bases/bdt_t1_ussr_rank_02.blk"
		rankRange:ip2 = 5, 8
		importAreas:b = true
		importUnits:b = true
		importTriggers:b = true
		importMissionObjectives:b = true
		importWayPoints:b = true
		showAreas:b = true
		showUnits:b = true
		showTriggers:b = true
		showMissionObjectives:b = true
		showWayPoints:b = true
		excludes {

		}
	}
	import_record {
		file:t = "gameData/missions/templates/units_sets/land_sets_aaa_bases/bdt_t1_ussr_rank_03.blk"
		rankRange:ip2 = 9, 13
		importAreas:b = true
		importUnits:b = true
		importTriggers:b = true
		importMissionObjectives:b = true
		importWayPoints:b = true
		showAreas:b = true
		showUnits:b = true
		showTriggers:b = true
		showMissionObjectives:b = true
		showWayPoints:b = true
		excludes {

		}
	}
	import_record {
		file:t = "gameData/missions/templates/units_sets/land_sets_aaa_bases/bdt_t1_ussr_rank_04.blk"
		rankRange:ip2 = 14, 19
		importAreas:b = true
		importUnits:b = true
		importTriggers:b = true
		importMissionObjectives:b = true
		importWayPoints:b = true
		showAreas:b = true
		showUnits:b = true
		showTriggers:b = true
		showMissionObjectives:b = true
		showWayPoints:b = true
		excludes {

		}
	}
	import_record {
		file:t = "gameData/missions/templates/units_sets/land_sets_aaa_bases/bdt_t1_ussr_rank_05.blk"
		rankRange:ip2 = 20, 24
		importAreas:b = true
		importUnits:b = true
		importTriggers:b = true
		importMissionObjectives:b = true
		importWayPoints:b = true
		showAreas:b = true
		showUnits:b = true
		showTriggers:b = true
		showMissionObjectives:b = true
		showWayPoints:b = true
		excludes {

		}
	}
	import_record {
		file:t = "gameData/missions/templates/units_sets/land_sets_aaa_bases/bdt_t1_ussr_rank_06.blk"
		rankRange:ip2 = 25, 50
		importAreas:b = true
		importUnits:b = true
		importTriggers:b = true
		importMissionObjectives:b = true
		importWayPoints:b = true
		showAreas:b = true
		showUnits:b = true
		showTriggers:b = true
		showMissionObjectives:b = true
		showWayPoints:b = true
		excludes {

		}
	}
	import_record {
		file:t = "gameData/missions/templates/units_sets/land_sets_aaa_bases/bdt_t2_germ_rank_01.blk"
		rankRange:ip2 = 0, 4
		importAreas:b = true
		importUnits:b = true
		importTriggers:b = true
		importMissionObjectives:b = true
		importWayPoints:b = true
		showAreas:b = true
		showUnits:b = true
		showTriggers:b = true
		showMissionObjectives:b = true
		showWayPoints:b = true
		excludes {

		}
	}
	import_record {
		file:t = "gameData/missions/templates/units_sets/land_sets_aaa_bases/bdt_t2_germ_rank_02.blk"
		rankRange:ip2 = 5, 8
		importAreas:b = true
		importUnits:b = true
		importTriggers:b = true
		importMissionObjectives:b = true
		importWayPoints:b = true
		showAreas:b = true
		showUnits:b = true
		showTriggers:b = true
		showMissionObjectives:b = true
		showWayPoints:b = true
		excludes {

		}
	}
	import_record {
		file:t = "gameData/missions/templates/units_sets/land_sets_aaa_bases/bdt_t2_germ_rank_03.blk"
		rankRange:ip2 = 9, 13
		importAreas:b = true
		importUnits:b = true
		importTriggers:b = true
		importMissionObjectives:b = true
		importWayPoints:b = true
		showAreas:b = true
		showUnits:b = true
		showTriggers:b = true
		showMissionObjectives:b = true
		showWayPoints:b = true
		excludes {

		}
	}
	import_record {
		file:t = "gameData/missions/templates/units_sets/land_sets_aaa_bases/bdt_t2_germ_rank_04.blk"
		rankRange:ip2 = 14, 19
		importAreas:b = true
		importUnits:b = true
		importTriggers:b = true
		importMissionObjectives:b = true
		importWayPoints:b = true
		showAreas:b = true
		showUnits:b = true
		showTriggers:b = true
		showMissionObjectives:b = true
		showWayPoints:b = true
		excludes {

		}
	}
	import_record {
		file:t = "gameData/missions/templates/units_sets/land_sets_aaa_bases/bdt_t2_germ_rank_05.blk"
		rankRange:ip2 = 20, 24
		importAreas:b = true
		importUnits:b = true
		importTriggers:b = true
		importMissionObjectives:b = true
		importWayPoints:b = true
		showAreas:b = true
		showUnits:b = true
		showTriggers:b = true
		showMissionObjectives:b = true
		showWayPoints:b = true
		excludes {

		}
	}
	import_record {
		file:t = "gameData/missions/templates/units_sets/land_sets_aaa_bases/bdt_t2_germ_rank_06.blk"
		rankRange:ip2 = 25, 50
		importAreas:b = true
		importUnits:b = true
		importTriggers:b = true
		importMissionObjectives:b = true
		importWayPoints:b = true
		showAreas:b = true
		showUnits:b = true
		showTriggers:b = true
		showMissionObjectives:b = true
		showWayPoints:b = true
		excludes {

		}
	}
}
triggers {
	isCategory:b = true
	is_enabled:b = true
	bdt_part_init {
		is_enabled:b = true
		comments:t = ""
		props {
			actionsType:t = "PERFORM_ONE_BY_ONE"
			conditionsType:t = "ALL"
			enableAfterComplete:b = false
		}
		events {
			initMission {

			}
		}
		conditions {

		}
		actions {
			comment {
				value:t = "set max bases amount +1"
			}
			varSetInt {
				value:i = 9
				var:t = "bdt_t1_total_bases_max_count"
			}
			varSetInt {
				value:i = 9
				var:t = "bdt_t2_total_bases_max_count"
			}
			comment {
				value:t = "enable self restarting for template"
			}
			varSetBool {
				value:b = true
				var:t = "bdt_self_restart"
			}
			comment {
				value:t = "increase one-moment bases amount"
			}
			varSetInt {
				value:i = 4
				var:t = "bdt_t1_active_bases_max_count"
				var:t = "bdt_t2_active_bases_max_count"
			}
			comment {
				value:t = ""
			}
			varSetInt {
				value:i = 1
				var:t = "bdt_delay_timer"
			}
			comment {
				value:t = ""
			}
			varSetString {
				value:t = "bfd"
				var:t = "bdt_game_mode"
			}
			comment {
				value:t = ""
			}
			varSetBool {
				value:b = true
				var:t = "bMirrorSpawn"
			}
			comment {
				value:t = ""
			}
			varSetReal {
				value:r = 2000
				var:t = "bdt_t1_min_zone_distance"
				var:t = "bdt_t2_min_zone_distance"
			}
		}
		else_actions {

		}
	}
}
mission_objectives {
	isCategory:b = true
	is_enabled:b = true
}
variables {

}
dialogs {

}
airfields {

}
effects {

}
units {
	objectGroups {
		name:t = "bdt_t2_bomb_object_01"
		tm:m = [[0.997279, 0.0, 0.0737025] [0.0, 1.0, 0.0] [-0.0737025, 0.0, 0.997279] [-15727.7, 53.3431, 2750.63]]
		unit_class:t = "dynBase_hq_camp_square"
		objLayer:i = 2
		props {
			army:i = 2
			active:b = false
		}
	}
	objectGroups {
		name:t = "bdt_t2_bomb_object_02"
		tm:m = [[0.848922, 0.0, -0.528522] [0.0, 1.0, 0.0] [0.528522, 0.0, 0.848922] [-8416.54, 51.3535, -3957.1]]
		unit_class:t = "dynBase_fuel_storage_square"
		objLayer:i = 2
		props {
			army:i = 2
			active:b = false
		}
	}
	objectGroups {
		name:t = "bdt_t2_bomb_object_03"
		tm:m = [[0.290794, 0.0, 0.956788] [0.0, 1.0, 0.0] [-0.956788, 0.0, 0.290794] [-5853.44, 52.0202, -4394.1]]
		unit_class:t = "dynBase_oil_storage_small_square"
		objLayer:i = 2
		props {
			army:i = 2
			active:b = false
		}
	}
	objectGroups {
		name:t = "bdt_t1_bomb_object_01"
		tm:m = [[0.868796, 0.0, 0.495169] [0.0, 1.0, 0.0] [-0.495169, 0.0, 0.868796] [-4317.04, 51.5163, 14779.3]]
		unit_class:t = "dynBase_fuel_storage_square"
		objLayer:i = 2
		props {
			army:i = 1
			active:b = false
		}
	}
	objectGroups {
		name:t = "bdt_t1_bomb_object_02"
		tm:m = [[0.306011, 0.0, 0.952027] [0.0, 1.0, 0.0] [-0.952027, 0.0, 0.306011] [-827.149, 46.7873, 10941.8]]
		unit_class:t = "dynBase_small_factory_square"
		objLayer:i = 2
		props {
			army:i = 1
			active:b = false
		}
	}
	objectGroups {
		name:t = "bdt_t1_bomb_object_03"
		tm:m = [[0.204844, 0.0, 0.978795] [0.0, 1.0, 0.0] [-0.978795, 0.0, 0.204844] [680.876, 58.6237, 5408.7]]
		unit_class:t = "dynBase_oil_storage_small_square"
		objLayer:i = 2
		props {
			army:i = 1
			active:b = false
		}
	}
	objectGroups {
		name:t = "bdt_t2_bomb_object_04"
		tm:m = [[0.774648, 0.0, 0.632391] [0.0, 1.0, 0.0] [-0.632391, 0.0, 0.774648] [-15088.8, 64.2139, 7516.39]]
		unit_class:t = "dynBase_small_factory_square"
		objLayer:i = 2
		props {
			army:i = 2
			active:b = false
		}
	}
	objectGroups {
		name:t = "bdt_t1_bomb_object_04"
		tm:m = [[0.534467, 0.0, 0.845189] [0.0, 1.0, 0.0] [-0.845189, 0.0, 0.534467] [-144.162, 61.3411, 1343.1]]
		unit_class:t = "dynBase_field_camp_square"
		objLayer:i = 2
		props {
			army:i = 1
			active:b = false
		}
	}
	objectGroups {
		name:t = "bdt_t1_bomb_object_05"
		tm:m = [[0.534467, 0.0, 0.845189] [0.0, 1.0, 0.0] [-0.845189, 0.0, 0.534467] [2007.6, 54.7617, 1262.3]]
		unit_class:t = "dynBase_military_base_square"
		objLayer:i = 2
		props {
			army:i = 1
			active:b = false
		}
	}
	objectGroups {
		name:t = "bdt_t1_bomb_object_06"
		tm:m = [[0.534467, 0.0, 0.845189] [0.0, 1.0, 0.0] [-0.845189, 0.0, 0.534467] [3272.57, 68.344, 4095.6]]
		unit_class:t = "dynBase_oil_storage_large_square"
		objLayer:i = 2
		props {
			army:i = 1
			active:b = false
		}
	}
	objectGroups {
		name:t = "bdt_t1_bomb_object_07"
		tm:m = [[0.534467, 0.0, 0.845189] [0.0, 1.0, 0.0] [-0.845189, 0.0, 0.534467] [2916.76, 62.1074, 5746.94]]
		unit_class:t = "dynBase_oil_storage_large_square"
		objLayer:i = 2
		props {
			army:i = 1
			active:b = false
		}
	}
	objectGroups {
		name:t = "bdt_t1_bomb_object_08"
		tm:m = [[0.868796, 0.0, 0.495169] [0.0, 1.0, 0.0] [-0.495169, 0.0, 0.868796] [-6046.85, 41.5499, 14572.9]]
		unit_class:t = "dynBase_small_factory_square"
		objLayer:i = 2
		props {
			army:i = 1
			active:b = false
		}
	}
	objectGroups {
		name:t = "bdt_t1_bomb_object_09"
		tm:m = [[0.868796, 0.0, 0.495169] [0.0, 1.0, 0.0] [-0.495169, 0.0, 0.868796] [-3510.62, 46.7128, 11837.4]]
		unit_class:t = "dynBase_petrol_camp_square"
		objLayer:i = 2
		props {
			army:i = 1
			active:b = false
		}
	}
	objectGroups {
		name:t = "bdt_t1_bomb_object_10"
		tm:m = [[0.868796, 0.0, 0.495169] [0.0, 1.0, 0.0] [-0.495169, 0.0, 0.868796] [475.134, 43.6133, 10690.1]]
		unit_class:t = "dynBase_petrol_camp_square"
		objLayer:i = 2
		props {
			army:i = 1
			active:b = false
		}
	}
	objectGroups {
		name:t = "bdt_t2_bomb_object_05"
		tm:m = [[0.774648, 0.0, 0.632391] [0.0, 1.0, 0.0] [-0.632391, 0.0, 0.774648] [-16035.9, 90.863, 8356.0]]
		unit_class:t = "dynBase_petrol_camp_square"
		objLayer:i = 2
		props {
			army:i = 2
			active:b = false
		}
	}
	objectGroups {
		name:t = "bdt_t2_bomb_object_06"
		tm:m = [[0.387284, 0.0, 0.92196] [0.0, 1.0, 0.0] [-0.92196, 0.0, 0.387284] [-17152.8, 51.8032, 5874.75]]
		unit_class:t = "dynBase_military_base_square"
		objLayer:i = 2
		props {
			army:i = 2
			active:b = false
		}
	}
	objectGroups {
		name:t = "bdt_t2_bomb_object_07"
		tm:m = [[0.774648, 0.0, 0.632391] [0.0, 1.0, 0.0] [-0.632391, 0.0, 0.774648] [-17127.3, 88.8165, 2751.82]]
		unit_class:t = "dynBase_fuel_storage_square"
		objLayer:i = 2
		props {
			army:i = 2
			active:b = false
		}
	}
	objectGroups {
		name:t = "bdt_t2_bomb_object_08"
		tm:m = [[0.290794, 0.0, 0.956788] [0.0, 1.0, 0.0] [-0.956788, 0.0, 0.290794] [-4415.39, 49.0475, -4993.8]]
		unit_class:t = "dynBase_ammunition_storage_square"
		objLayer:i = 2
		props {
			army:i = 2
			active:b = false
		}
	}
	objectGroups {
		name:t = "bdt_t2_bomb_object_09"
		tm:m = [[0.290794, 0.0, 0.956788] [0.0, 1.0, 0.0] [-0.956788, 0.0, 0.290794] [-7992.67, 60.2749, -5338.9]]
		unit_class:t = "dynBase_field_camp_square"
		objLayer:i = 2
		props {
			army:i = 2
			active:b = false
		}
	}
	objectGroups {
		name:t = "bdt_t2_bomb_object_10"
		tm:m = [[0.290794, 0.0, 0.956788] [0.0, 1.0, 0.0] [-0.956788, 0.0, 0.290794] [-10287.5, 68.8395, -4491.8]]
		unit_class:t = "dynBase_oil_storage_small_square"
		objLayer:i = 2
		props {
			army:i = 2
			active:b = false
		}
	}
}
areas {
	bdt_t2_bomb_zone_01 {
		type:t = "Sphere"
		tm:m = [[448.777, 0.0, 33.1669] [0.0, 450.0, 0.0] [-33.1669, 0.0, 448.777] [-15729.7, 53.1855, 2743.74]]
		objLayer:i = 0
		props {

		}
	}
	bdt_t2_bomb_zone_02 {
		type:t = "Sphere"
		tm:m = [[442.331, 0.0, 82.7354] [0.0, 450.0, 0.0] [-82.7354, 0.0, 442.331] [-8410.79, 51.1079, -3936.2]]
		objLayer:i = 0
		props {

		}
	}
	bdt_t2_bomb_zone_03 {
		type:t = "Sphere"
		tm:m = [[130.858, 0.0, 430.553] [0.0, 450.0, 0.0] [-430.553, 0.0, 130.858] [-5862.87, 52.4239, -4396.8]]
		objLayer:i = 0
		props {

		}
	}
	bdt_t1_bomb_zone_01 {
		type:t = "Sphere"
		tm:m = [[390.959, 0.0, 222.825] [0.0, 450.0, 0.0] [-222.825, 0.0, 390.959] [-4307.83, 51.8717, 14788.1]]
		objLayer:i = 0
		props {

		}
	}
	bdt_t1_bomb_zone_02 {
		type:t = "Sphere"
		tm:m = [[227.167, 0.0, 388.452] [0.0, 450.0, 0.0] [-388.452, 0.0, 227.167] [-826.775, 46.6466, 10946.5]]
		objLayer:i = 0
		props {

		}
	}
	bdt_t1_bomb_zone_03 {
		type:t = "Sphere"
		tm:m = [[252.85, 0.0, 372.245] [0.0, 450.0, 0.0] [-372.245, 0.0, 252.85] [683.552, 58.5231, 5413.68]]
		objLayer:i = 0
		props {

		}
	}
	bdt_t2_bomb_zone_04 {
		type:t = "Sphere"
		tm:m = [[348.591, 0.0, 284.576] [0.0, 450.0, 0.0] [-284.576, 0.0, 348.591] [-15081.7, 63.562, 7519.85]]
		objLayer:i = 0
		props {

		}
	}
	bdt_t1_bomb_zone_04 {
		type:t = "Sphere"
		tm:m = [[252.85, 0.0, 372.245] [0.0, 450.0, 0.0] [-372.245, 0.0, 252.85] [-148.722, 61.3424, 1346.7]]
		objLayer:i = 0
		props {

		}
	}
	bdt_t2_bomb_zone_01_aaa_point_01 {
		type:t = "Point"
		tm:m = [[0.785995, 0.0, 0.618229] [0.0, 1.0, 0.0] [-0.618229, 0.0, 0.785995] [-15570.3, 49.6232, 2584.44]]
		objLayer:i = 0
		props {

		}
	}
	bdt_t2_bomb_zone_01_aaa_point_02 {
		type:t = "Point"
		tm:m = [[0.785995, 0.0, 0.618229] [0.0, 1.0, 0.0] [-0.618229, 0.0, 0.785995] [-15997.0, 81.4863, 2862.19]]
		objLayer:i = 0
		props {

		}
	}
	bdt_t2_bomb_zone_01_aaa_point_03 {
		type:t = "Point"
		tm:m = [[0.785995, 0.0, 0.618229] [0.0, 1.0, 0.0] [-0.618229, 0.0, 0.785995] [-15908.6, 74.3898, 2941.91]]
		objLayer:i = 0
		props {

		}
	}
	bdt_t2_bomb_zone_01_aaa_point_04 {
		type:t = "Point"
		tm:m = [[0.785995, 0.0, 0.618229] [0.0, 1.0, 0.0] [-0.618229, 0.0, 0.785995] [-15410.3, 59.8848, 2821.22]]
		objLayer:i = 0
		props {

		}
	}
	bdt_t2_bomb_zone_02_aaa_point_01 {
		type:t = "Point"
		tm:m = [[0.712578, 0.0, 0.70159] [0.0, 1.0, 0.0] [-0.70159, 0.0, 0.712578] [-8447.56, 54.8595, -4182.0]]
		objLayer:i = 0
		props {

		}
	}
	bdt_t2_bomb_zone_02_aaa_point_02 {
		type:t = "Point"
		tm:m = [[0.712578, 0.0, 0.70159] [0.0, 1.0, 0.0] [-0.70159, 0.0, 0.712578] [-8589.39, 53.5992, -3661.9]]
		objLayer:i = 0
		props {

		}
	}
	bdt_t2_bomb_zone_02_aaa_point_03 {
		type:t = "Point"
		tm:m = [[0.712578, 0.0, 0.70159] [0.0, 1.0, 0.0] [-0.70159, 0.0, 0.712578] [-8670.94, 66.9049, -4038.6]]
		objLayer:i = 0
		props {

		}
	}
	bdt_t2_bomb_zone_02_aaa_point_04 {
		type:t = "Point"
		tm:m = [[0.712578, 0.0, 0.70159] [0.0, 1.0, 0.0] [-0.70159, 0.0, 0.712578] [-8222.3, 50.5116, -3805.5]]
		objLayer:i = 0
		props {

		}
	}
	bdt_t2_bomb_zone_03_aaa_point_01 {
		type:t = "Point"
		tm:m = [[0.712578, 0.0, 0.70159] [0.0, 1.0, 0.0] [-0.70159, 0.0, 0.712578] [-5410.34, 52.9746, -4380.5]]
		objLayer:i = 0
		props {

		}
	}
	bdt_t2_bomb_zone_03_aaa_point_02 {
		type:t = "Point"
		tm:m = [[0.712578, 0.0, 0.70159] [0.0, 1.0, 0.0] [-0.70159, 0.0, 0.712578] [-5974.4, 54.2894, -4126.3]]
		objLayer:i = 0
		props {

		}
	}
	bdt_t2_bomb_zone_03_aaa_point_03 {
		type:t = "Point"
		tm:m = [[0.712578, 0.0, 0.70159] [0.0, 1.0, 0.0] [-0.70159, 0.0, 0.712578] [-6180.38, 53.6871, -4354.3]]
		objLayer:i = 0
		props {

		}
	}
	bdt_t2_bomb_zone_03_aaa_point_04 {
		type:t = "Point"
		tm:m = [[0.712578, 0.0, 0.70159] [0.0, 1.0, 0.0] [-0.70159, 0.0, 0.712578] [-5816.64, 54.2321, -4693.2]]
		objLayer:i = 0
		props {

		}
	}
	bdt_t2_bomb_zone_04_aaa_point_01 {
		type:t = "Point"
		tm:m = [[0.785995, 0.0, 0.618229] [0.0, 1.0, 0.0] [-0.618229, 0.0, 0.785995] [-15036.1, 79.622, 7848.99]]
		objLayer:i = 0
		props {

		}
	}
	bdt_t2_bomb_zone_04_aaa_point_02 {
		type:t = "Point"
		tm:m = [[0.785995, 0.0, 0.618229] [0.0, 1.0, 0.0] [-0.618229, 0.0, 0.785995] [-15382.3, 68.9342, 7549.41]]
		objLayer:i = 0
		props {

		}
	}
	bdt_t2_bomb_zone_04_aaa_point_03 {
		type:t = "Point"
		tm:m = [[0.785995, 0.0, 0.618229] [0.0, 1.0, 0.0] [-0.618229, 0.0, 0.785995] [-14841.3, 45.6829, 7404.44]]
		objLayer:i = 0
		props {

		}
	}
	bdt_t2_bomb_zone_04_aaa_point_04 {
		type:t = "Point"
		tm:m = [[0.785995, 0.0, 0.618229] [0.0, 1.0, 0.0] [-0.618229, 0.0, 0.785995] [-15048.6, 44.3816, 7275.12]]
		objLayer:i = 0
		props {

		}
	}
	bdt_t1_bomb_zone_01_aaa_point_01 {
		type:t = "Point"
		tm:m = [[0.443991, 0.0, 0.896032] [0.0, 1.0, 0.0] [-0.896032, 0.0, 0.443991] [-4202.89, 45.1571, 15020.3]]
		objLayer:i = 0
		props {

		}
	}
	bdt_t1_bomb_zone_01_aaa_point_02 {
		type:t = "Point"
		tm:m = [[0.443991, 0.0, 0.896032] [0.0, 1.0, 0.0] [-0.896032, 0.0, 0.443991] [-4471.67, 47.5606, 14595.1]]
		objLayer:i = 0
		props {

		}
	}
	bdt_t1_bomb_zone_01_aaa_point_03 {
		type:t = "Point"
		tm:m = [[0.443991, 0.0, 0.896032] [0.0, 1.0, 0.0] [-0.896032, 0.0, 0.443991] [-4113.38, 50.5569, 14659.3]]
		objLayer:i = 0
		props {

		}
	}
	bdt_t1_bomb_zone_01_aaa_point_04 {
		type:t = "Point"
		tm:m = [[0.443991, 0.0, 0.896032] [0.0, 1.0, 0.0] [-0.896032, 0.0, 0.443991] [-4308.18, 48.5697, 14539.9]]
		objLayer:i = 0
		props {

		}
	}
	bdt_t1_bomb_zone_02_aaa_point_01 {
		type:t = "Point"
		tm:m = [[0.443991, 0.0, 0.896032] [0.0, 1.0, 0.0] [-0.896032, 0.0, 0.443991] [-900.588, 41.1762, 11206.7]]
		objLayer:i = 0
		props {

		}
	}
	bdt_t1_bomb_zone_02_aaa_point_02 {
		type:t = "Point"
		tm:m = [[0.443991, 0.0, 0.896032] [0.0, 1.0, 0.0] [-0.896032, 0.0, 0.443991] [-1089.62, 45.5747, 10986.3]]
		objLayer:i = 0
		props {

		}
	}
	bdt_t1_bomb_zone_02_aaa_point_03 {
		type:t = "Point"
		tm:m = [[0.443991, 0.0, 0.896032] [0.0, 1.0, 0.0] [-0.896032, 0.0, 0.443991] [-455.705, 47.028, 10691.0]]
		objLayer:i = 0
		props {

		}
	}
	bdt_t1_bomb_zone_02_aaa_point_04 {
		type:t = "Point"
		tm:m = [[0.443991, 0.0, 0.896032] [0.0, 1.0, 0.0] [-0.896032, 0.0, 0.443991] [-1004.57, 53.9808, 10669.5]]
		objLayer:i = 0
		props {

		}
	}
	bdt_t1_bomb_zone_03_aaa_point_01 {
		type:t = "Point"
		tm:m = [[0.54063, 0.0, 0.841261] [0.0, 1.0, 0.0] [-0.841261, 0.0, 0.54063] [769.317, 61.241, 5118.18]]
		objLayer:i = 0
		props {

		}
	}
	bdt_t1_bomb_zone_03_aaa_point_02 {
		type:t = "Point"
		tm:m = [[0.54063, 0.0, 0.841261] [0.0, 1.0, 0.0] [-0.841261, 0.0, 0.54063] [602.074, 58.2888, 5641.74]]
		objLayer:i = 0
		props {

		}
	}
	bdt_t1_bomb_zone_03_aaa_point_03 {
		type:t = "Point"
		tm:m = [[0.54063, 0.0, 0.841261] [0.0, 1.0, 0.0] [-0.841261, 0.0, 0.54063] [398.971, 57.7397, 5449.09]]
		objLayer:i = 0
		props {

		}
	}
	bdt_t1_bomb_zone_03_aaa_point_04 {
		type:t = "Point"
		tm:m = [[0.54063, 0.0, 0.841261] [0.0, 1.0, 0.0] [-0.841261, 0.0, 0.54063] [936.625, 58.0562, 5477.22]]
		objLayer:i = 0
		props {

		}
	}
	bdt_t1_bomb_zone_04_aaa_point_01 {
		type:t = "Point"
		tm:m = [[0.54063, 0.0, 0.841261] [0.0, 1.0, 0.0] [-0.841261, 0.0, 0.54063] [119.254, 60.987, 1515.7]]
		objLayer:i = 0
		props {

		}
	}
	bdt_t1_bomb_zone_04_aaa_point_02 {
		type:t = "Point"
		tm:m = [[0.54063, 0.0, 0.841261] [0.0, 1.0, 0.0] [-0.841261, 0.0, 0.54063] [-191.766, 61.007, 1595.69]]
		objLayer:i = 0
		props {

		}
	}
	bdt_t1_bomb_zone_04_aaa_point_03 {
		type:t = "Point"
		tm:m = [[0.54063, 0.0, 0.841261] [0.0, 1.0, 0.0] [-0.841261, 0.0, 0.54063] [92.6621, 61.7786, 1184.3]]
		objLayer:i = 0
		props {

		}
	}
	bdt_t1_bomb_zone_04_aaa_point_04 {
		type:t = "Point"
		tm:m = [[0.54063, 0.0, 0.841261] [0.0, 1.0, 0.0] [-0.841261, 0.0, 0.54063] [-462.249, 56.6452, 1362.3]]
		objLayer:i = 0
		props {

		}
	}
	bdt_t1_bomb_zone_05 {
		type:t = "Sphere"
		tm:m = [[252.85, 0.0, 372.245] [0.0, 450.0, 0.0] [-372.245, 0.0, 252.85] [2002.87, 54.8173, 1265.6]]
		objLayer:i = 0
		props {

		}
	}
	bdt_t1_bomb_zone_06 {
		type:t = "Sphere"
		tm:m = [[252.85, 0.0, 372.245] [0.0, 450.0, 0.0] [-372.245, 0.0, 252.85] [3268.0, 68.4727, 4099.12]]
		objLayer:i = 0
		props {

		}
	}
	bdt_t1_bomb_zone_07 {
		type:t = "Sphere"
		tm:m = [[252.85, 0.0, 372.245] [0.0, 450.0, 0.0] [-372.245, 0.0, 252.85] [2912.12, 61.8641, 5750.52]]
		objLayer:i = 0
		props {

		}
	}
	bdt_t1_bomb_zone_08 {
		type:t = "Sphere"
		tm:m = [[390.959, 0.0, 222.825] [0.0, 450.0, 0.0] [-222.825, 0.0, 390.959] [-6037.71, 42.0155, 14581.6]]
		objLayer:i = 0
		props {

		}
	}
	bdt_t1_bomb_zone_09 {
		type:t = "Sphere"
		tm:m = [[390.959, 0.0, 222.825] [0.0, 450.0, 0.0] [-222.825, 0.0, 390.959] [-3501.56, 46.6564, 11846.1]]
		objLayer:i = 0
		props {

		}
	}
	bdt_t1_bomb_zone_10 {
		type:t = "Sphere"
		tm:m = [[390.959, 0.0, 222.825] [0.0, 450.0, 0.0] [-222.825, 0.0, 390.959] [484.273, 43.1754, 10698.9]]
		objLayer:i = 0
		props {

		}
	}
	bdt_t1_bomb_zone_05_aaa_point_01 {
		type:t = "Point"
		tm:m = [[0.54063, 0.0, 0.841261] [0.0, 1.0, 0.0] [-0.841261, 0.0, 0.54063] [1836.07, 50.7723, 1048.3]]
		objLayer:i = 0
		props {

		}
	}
	bdt_t1_bomb_zone_05_aaa_point_02 {
		type:t = "Point"
		tm:m = [[0.54063, 0.0, 0.841261] [0.0, 1.0, 0.0] [-0.841261, 0.0, 0.54063] [2012.83, 53.3819, 1110.5]]
		objLayer:i = 0
		props {

		}
	}
	bdt_t1_bomb_zone_05_aaa_point_03 {
		type:t = "Point"
		tm:m = [[0.54063, 0.0, 0.841261] [0.0, 1.0, 0.0] [-0.841261, 0.0, 0.54063] [2186.58, 50.8127, 1487.1]]
		objLayer:i = 0
		props {

		}
	}
	bdt_t1_bomb_zone_05_aaa_point_04 {
		type:t = "Point"
		tm:m = [[0.54063, 0.0, 0.841261] [0.0, 1.0, 0.0] [-0.841261, 0.0, 0.54063] [1957.85, 54.1708, 1539.57]]
		objLayer:i = 0
		props {

		}
	}
	bdt_t1_bomb_zone_06_aaa_point_01 {
		type:t = "Point"
		tm:m = [[0.54063, 0.0, 0.841261] [0.0, 1.0, 0.0] [-0.841261, 0.0, 0.54063] [3410.61, 71.9691, 3793.42]]
		objLayer:i = 0
		props {

		}
	}
	bdt_t1_bomb_zone_06_aaa_point_02 {
		type:t = "Point"
		tm:m = [[0.54063, 0.0, 0.841261] [0.0, 1.0, 0.0] [-0.841261, 0.0, 0.54063] [3147.21, 75.9911, 3797.74]]
		objLayer:i = 0
		props {

		}
	}
	bdt_t1_bomb_zone_06_aaa_point_03 {
		type:t = "Point"
		tm:m = [[0.54063, 0.0, 0.841261] [0.0, 1.0, 0.0] [-0.841261, 0.0, 0.54063] [3013.53, 72.056, 4274.66]]
		objLayer:i = 0
		props {

		}
	}
	bdt_t1_bomb_zone_06_aaa_point_04 {
		type:t = "Point"
		tm:m = [[0.54063, 0.0, 0.841261] [0.0, 1.0, 0.0] [-0.841261, 0.0, 0.54063] [3522.4, 70.3583, 4253.73]]
		objLayer:i = 0
		props {

		}
	}
	bdt_t1_bomb_zone_07_aaa_point_01 {
		type:t = "Point"
		tm:m = [[0.54063, 0.0, 0.841261] [0.0, 1.0, 0.0] [-0.841261, 0.0, 0.54063] [2772.79, 59.0042, 6017.62]]
		objLayer:i = 0
		props {

		}
	}
	bdt_t1_bomb_zone_07_aaa_point_02 {
		type:t = "Point"
		tm:m = [[0.54063, 0.0, 0.841261] [0.0, 1.0, 0.0] [-0.841261, 0.0, 0.54063] [3069.22, 68.6484, 5439.04]]
		objLayer:i = 0
		props {

		}
	}
	bdt_t1_bomb_zone_07_aaa_point_03 {
		type:t = "Point"
		tm:m = [[0.54063, 0.0, 0.841261] [0.0, 1.0, 0.0] [-0.841261, 0.0, 0.54063] [3204.25, 58.3188, 5916.44]]
		objLayer:i = 0
		props {

		}
	}
	bdt_t1_bomb_zone_07_aaa_point_04 {
		type:t = "Point"
		tm:m = [[0.54063, 0.0, 0.841261] [0.0, 1.0, 0.0] [-0.841261, 0.0, 0.54063] [2511.4, 62.1521, 5779.36]]
		objLayer:i = 0
		props {

		}
	}
	bdt_t1_bomb_zone_08_aaa_point_01 {
		type:t = "Point"
		tm:m = [[0.443991, 0.0, 0.896032] [0.0, 1.0, 0.0] [-0.896032, 0.0, 0.443991] [-6341.67, 43.6684, 14645.9]]
		objLayer:i = 0
		props {

		}
	}
	bdt_t1_bomb_zone_08_aaa_point_02 {
		type:t = "Point"
		tm:m = [[0.443991, 0.0, 0.896032] [0.0, 1.0, 0.0] [-0.896032, 0.0, 0.443991] [-6062.47, 36.11, 14276.7]]
		objLayer:i = 0
		props {

		}
	}
	bdt_t1_bomb_zone_08_aaa_point_03 {
		type:t = "Point"
		tm:m = [[0.443991, 0.0, 0.896032] [0.0, 1.0, 0.0] [-0.896032, 0.0, 0.443991] [-5694.58, 40.2156, 14480.0]]
		objLayer:i = 0
		props {

		}
	}
	bdt_t1_bomb_zone_08_aaa_point_04 {
		type:t = "Point"
		tm:m = [[0.443991, 0.0, 0.896032] [0.0, 1.0, 0.0] [-0.896032, 0.0, 0.443991] [-5922.14, 44.1159, 14828.0]]
		objLayer:i = 0
		props {

		}
	}
	bdt_t1_bomb_zone_09_aaa_point_01 {
		type:t = "Point"
		tm:m = [[0.443991, 0.0, 0.896032] [0.0, 1.0, 0.0] [-0.896032, 0.0, 0.443991] [-3771.92, 69.7323, 11488.8]]
		objLayer:i = 0
		props {

		}
	}
	bdt_t1_bomb_zone_09_aaa_point_02 {
		type:t = "Point"
		tm:m = [[0.443991, 0.0, 0.896032] [0.0, 1.0, 0.0] [-0.896032, 0.0, 0.443991] [-3278.05, 52.0252, 11502.0]]
		objLayer:i = 0
		props {

		}
	}
	bdt_t1_bomb_zone_09_aaa_point_03 {
		type:t = "Point"
		tm:m = [[0.443991, 0.0, 0.896032] [0.0, 1.0, 0.0] [-0.896032, 0.0, 0.443991] [-4023.3, 45.9306, 12034.3]]
		objLayer:i = 0
		props {

		}
	}
	bdt_t1_bomb_zone_09_aaa_point_04 {
		type:t = "Point"
		tm:m = [[0.443991, 0.0, 0.896032] [0.0, 1.0, 0.0] [-0.896032, 0.0, 0.443991] [-3104.91, 43.0593, 11922.9]]
		objLayer:i = 0
		props {

		}
	}
	bdt_t1_bomb_zone_10_aaa_point_01 {
		type:t = "Point"
		tm:m = [[0.443991, 0.0, 0.896032] [0.0, 1.0, 0.0] [-0.896032, 0.0, 0.443991] [354.866, 45.3619, 10352.8]]
		objLayer:i = 0
		props {

		}
	}
	bdt_t1_bomb_zone_10_aaa_point_02 {
		type:t = "Point"
		tm:m = [[0.443991, 0.0, 0.896032] [0.0, 1.0, 0.0] [-0.896032, 0.0, 0.443991] [66.0506, 36.1102, 10850.2]]
		objLayer:i = 0
		props {

		}
	}
	bdt_t1_bomb_zone_10_aaa_point_03 {
		type:t = "Point"
		tm:m = [[0.443991, 0.0, 0.896032] [0.0, 1.0, 0.0] [-0.896032, 0.0, 0.443991] [734.546, 44.0026, 10614.1]]
		objLayer:i = 0
		props {

		}
	}
	bdt_t1_bomb_zone_10_aaa_point_04 {
		type:t = "Point"
		tm:m = [[0.443991, 0.0, 0.896032] [0.0, 1.0, 0.0] [-0.896032, 0.0, 0.443991] [674.81, 45.5899, 11007.3]]
		objLayer:i = 0
		props {

		}
	}
	bdt_t2_bomb_zone_05 {
		type:t = "Sphere"
		tm:m = [[348.591, 0.0, 284.576] [0.0, 450.0, 0.0] [-284.576, 0.0, 348.591] [-16028.8, 91.0783, 8359.18]]
		objLayer:i = 0
		props {

		}
	}
	bdt_t2_bomb_zone_06 {
		type:t = "Sphere"
		tm:m = [[174.277, 0.0, 414.882] [0.0, 450.0, 0.0] [-414.882, 0.0, 174.277] [-17147.9, 51.8032, 5881.11]]
		objLayer:i = 0
		props {

		}
	}
	bdt_t2_bomb_zone_07 {
		type:t = "Sphere"
		tm:m = [[348.591, 0.0, 284.576] [0.0, 450.0, 0.0] [-284.576, 0.0, 348.591] [-17120.0, 88.43, 2755.04]]
		objLayer:i = 0
		props {

		}
	}
	bdt_t2_bomb_zone_08 {
		type:t = "Sphere"
		tm:m = [[130.858, 0.0, 430.553] [0.0, 450.0, 0.0] [-430.553, 0.0, 130.858] [-4424.82, 48.9966, -4996.3]]
		objLayer:i = 0
		props {

		}
	}
	bdt_t2_bomb_zone_09 {
		type:t = "Sphere"
		tm:m = [[130.858, 0.0, 430.553] [0.0, 450.0, 0.0] [-430.553, 0.0, 130.858] [-8002.21, 60.5395, -5341.7]]
		objLayer:i = 0
		props {

		}
	}
	bdt_t2_bomb_zone_10 {
		type:t = "Sphere"
		tm:m = [[130.858, 0.0, 430.553] [0.0, 450.0, 0.0] [-430.553, 0.0, 130.858] [-10296.8, 68.8968, -4494.3]]
		objLayer:i = 0
		props {

		}
	}
	bdt_t2_bomb_zone_05_aaa_point_01 {
		type:t = "Point"
		tm:m = [[0.785995, 0.0, 0.618229] [0.0, 1.0, 0.0] [-0.618229, 0.0, 0.785995] [-15886.6, 91.4894, 8042.57]]
		objLayer:i = 0
		props {

		}
	}
	bdt_t2_bomb_zone_05_aaa_point_02 {
		type:t = "Point"
		tm:m = [[0.785995, 0.0, 0.618229] [0.0, 1.0, 0.0] [-0.618229, 0.0, 0.785995] [-15920.0, 60.2872, 8718.47]]
		objLayer:i = 0
		props {

		}
	}
	bdt_t2_bomb_zone_05_aaa_point_03 {
		type:t = "Point"
		tm:m = [[0.785995, 0.0, 0.618229] [0.0, 1.0, 0.0] [-0.618229, 0.0, 0.785995] [-16124.2, 56.0396, 8691.46]]
		objLayer:i = 0
		props {

		}
	}
	bdt_t2_bomb_zone_05_aaa_point_04 {
		type:t = "Point"
		tm:m = [[0.785995, 0.0, 0.618229] [0.0, 1.0, 0.0] [-0.618229, 0.0, 0.785995] [-16310.2, 82.4182, 8193.91]]
		objLayer:i = 0
		props {

		}
	}
	bdt_t2_bomb_zone_06_aaa_point_01 {
		type:t = "Point"
		tm:m = [[0.403949, 0.0, 0.914784] [0.0, 1.0, 0.0] [-0.914784, 0.0, 0.403949] [-17059.0, 51.8035, 5648.44]]
		objLayer:i = 0
		props {

		}
	}
	bdt_t2_bomb_zone_06_aaa_point_02 {
		type:t = "Point"
		tm:m = [[0.403949, 0.0, 0.914784] [0.0, 1.0, 0.0] [-0.914784, 0.0, 0.403949] [-17262.1, 55.4856, 6313.98]]
		objLayer:i = 0
		props {

		}
	}
	bdt_t2_bomb_zone_06_aaa_point_03 {
		type:t = "Point"
		tm:m = [[0.403949, 0.0, 0.914784] [0.0, 1.0, 0.0] [-0.914784, 0.0, 0.403949] [-16953.4, 51.9025, 6208.48]]
		objLayer:i = 0
		props {

		}
	}
	bdt_t2_bomb_zone_06_aaa_point_04 {
		type:t = "Point"
		tm:m = [[0.403949, 0.0, 0.914784] [0.0, 1.0, 0.0] [-0.914784, 0.0, 0.403949] [-17572.9, 51.803, 5993.64]]
		objLayer:i = 0
		props {

		}
	}
	bdt_t2_bomb_zone_07_aaa_point_01 {
		type:t = "Point"
		tm:m = [[0.785995, 0.0, 0.618229] [0.0, 1.0, 0.0] [-0.618229, 0.0, 0.785995] [-16931.1, 63.1845, 2373.39]]
		objLayer:i = 0
		props {

		}
	}
	bdt_t2_bomb_zone_07_aaa_point_02 {
		type:t = "Point"
		tm:m = [[0.785995, 0.0, 0.618229] [0.0, 1.0, 0.0] [-0.618229, 0.0, 0.785995] [-17029.2, 95.3238, 3173.01]]
		objLayer:i = 0
		props {

		}
	}
	bdt_t2_bomb_zone_07_aaa_point_03 {
		type:t = "Point"
		tm:m = [[0.785995, 0.0, 0.618229] [0.0, 1.0, 0.0] [-0.618229, 0.0, 0.785995] [-17487.1, 102.956, 3024.46]]
		objLayer:i = 0
		props {

		}
	}
	bdt_t2_bomb_zone_07_aaa_point_04 {
		type:t = "Point"
		tm:m = [[0.785995, 0.0, 0.618229] [0.0, 1.0, 0.0] [-0.618229, 0.0, 0.785995] [-17314.4, 92.4057, 2402.19]]
		objLayer:i = 0
		props {

		}
	}
	bdt_t2_bomb_zone_08_aaa_point_01 {
		type:t = "Point"
		tm:m = [[0.712578, 0.0, 0.70159] [0.0, 1.0, 0.0] [-0.70159, 0.0, 0.712578] [-4235.61, 50.5427, -4875.8]]
		objLayer:i = 0
		props {

		}
	}
	bdt_t2_bomb_zone_08_aaa_point_02 {
		type:t = "Point"
		tm:m = [[0.712578, 0.0, 0.70159] [0.0, 1.0, 0.0] [-0.70159, 0.0, 0.712578] [-4552.75, 47.3682, -5306.9]]
		objLayer:i = 0
		props {

		}
	}
	bdt_t2_bomb_zone_08_aaa_point_03 {
		type:t = "Point"
		tm:m = [[0.712578, 0.0, 0.70159] [0.0, 1.0, 0.0] [-0.70159, 0.0, 0.712578] [-4662.05, 53.885, -4766.8]]
		objLayer:i = 0
		props {

		}
	}
	bdt_t2_bomb_zone_08_aaa_point_04 {
		type:t = "Point"
		tm:m = [[0.712578, 0.0, 0.70159] [0.0, 1.0, 0.0] [-0.70159, 0.0, 0.712578] [-4740.8, 47.1276, -5118.6]]
		objLayer:i = 0
		props {

		}
	}
	bdt_t2_bomb_zone_09_aaa_point_01 {
		type:t = "Point"
		tm:m = [[0.712578, 0.0, 0.70159] [0.0, 1.0, 0.0] [-0.70159, 0.0, 0.712578] [-7613.88, 55.65, -5416.0]]
		objLayer:i = 0
		props {

		}
	}
	bdt_t2_bomb_zone_09_aaa_point_02 {
		type:t = "Point"
		tm:m = [[0.712578, 0.0, 0.70159] [0.0, 1.0, 0.0] [-0.70159, 0.0, 0.712578] [-8266.96, 61.2197, -5476.7]]
		objLayer:i = 0
		props {

		}
	}
	bdt_t2_bomb_zone_09_aaa_point_03 {
		type:t = "Point"
		tm:m = [[0.712578, 0.0, 0.70159] [0.0, 1.0, 0.0] [-0.70159, 0.0, 0.712578] [-7921.1, 55.7008, -4984.5]]
		objLayer:i = 0
		props {

		}
	}
	bdt_t2_bomb_zone_09_aaa_point_04 {
		type:t = "Point"
		tm:m = [[0.712578, 0.0, 0.70159] [0.0, 1.0, 0.0] [-0.70159, 0.0, 0.712578] [-7843.52, 60.3234, -5716.0]]
		objLayer:i = 0
		props {

		}
	}
	bdt_t2_bomb_zone_10_aaa_point_01 {
		type:t = "Point"
		tm:m = [[0.712578, 0.0, 0.70159] [0.0, 1.0, 0.0] [-0.70159, 0.0, 0.712578] [-9651.62, 53.1732, -4576.9]]
		objLayer:i = 0
		props {

		}
	}
	bdt_t2_bomb_zone_10_aaa_point_02 {
		type:t = "Point"
		tm:m = [[0.712578, 0.0, 0.70159] [0.0, 1.0, 0.0] [-0.70159, 0.0, 0.712578] [-10229.6, 63.5914, -4143.4]]
		objLayer:i = 0
		props {

		}
	}
	bdt_t2_bomb_zone_10_aaa_point_03 {
		type:t = "Point"
		tm:m = [[0.712578, 0.0, 0.70159] [0.0, 1.0, 0.0] [-0.70159, 0.0, 0.712578] [-10007.1, 52.7497, -4998.2]]
		objLayer:i = 0
		props {

		}
	}
	bdt_t2_bomb_zone_10_aaa_point_04 {
		type:t = "Point"
		tm:m = [[0.712578, 0.0, 0.70159] [0.0, 1.0, 0.0] [-0.70159, 0.0, 0.712578] [-10646.4, 59.3904, -4433.8]]
		objLayer:i = 0
		props {

		}
	}
	bomb_zones_area {
		type:t = "Sphere"
		tm:m = [[17987.8, 0.0, -659.883] [0.0, 18000.0, 0.0] [659.883, 0.0, 17987.8] [-7339.0, 54.4809, 4156.1]]
		objLayer:i = 3
		props {

		}
	}
}
objLayers {
	layer {
		enabled:b = true
	}
	layer {
		enabled:b = true
	}
	layer {
		enabled:b = true
	}
	layer {
		enabled:b = false
	}
	layer {
		enabled:b = false
	}
}
wayPoints {

}