selected_tag:t = ""
bin_dump_file:t = ""
mission_settings {
	player {
		army:i = 1
	}
	player_teamB {
		army:i = 2
	}
	mission {
		level:t = "levels/berlin.bin"
		type:t = "domination"
		environment:t = "Day"
		weather:t = "clear"
	}
}
imports {

}
triggers {
	isCategory:b = true
	is_enabled:b = true
}
mission_objectives {
	isCategory:b = true
	is_enabled:b = true
}
variables {

}
dialogs {

}
airfields {

}
effects {

}
units {
	air_defence {
		name:t = "t1_def_small_aaa_low_01"
		tm:m = [[0.998384, 0.0, -0.0568072] [0.0, 1.0, 0.0] [0.0568072, 0.0, 0.998384] [13855.8, 110.596, 22.7]]
		unit_class:t = "ussr_37mm_61k_airfield"
		closed_waypoints:b = false
		isShipSpline:b = false
		shipTurnRadius:r = 100
		weapons:t = ""
		bullets0:t = ""
		bullets1:t = ""
		bullets2:t = ""
		bullets3:t = ""
		bulletsCount0:i = 0
		bulletsCount1:i = 0
		bulletsCount2:i = 0
		bulletsCount3:i = 0
		crewSkillK:r = 0
		applyAllMods:b = false
		props {
			army:i = 1
			count:i = 1
			formation_type:t = "rows"
			formation_div:i = 3
			formation_step:p2 = 2.5, 2
			formation_noise:p2 = 0.1, 0.1
			uniqueName:t = ""
			attack_type:t = "fire_at_will"
		}
		way {

		}
	}
	air_defence {
		name:t = "t1_def_small_aaa_low_02"
		tm:m = [[0.998384, 0.0, -0.0568072] [0.0, 1.0, 0.0] [0.0568072, 0.0, 0.998384] [14392.2, 137.396, 749.225]]
		unit_class:t = "ussr_37mm_61k_airfield"
		closed_waypoints:b = false
		isShipSpline:b = false
		shipTurnRadius:r = 100
		weapons:t = ""
		bullets0:t = ""
		bullets1:t = ""
		bullets2:t = ""
		bullets3:t = ""
		bulletsCount0:i = 0
		bulletsCount1:i = 0
		bulletsCount2:i = 0
		bulletsCount3:i = 0
		crewSkillK:r = 0
		applyAllMods:b = false
		props {
			army:i = 1
			count:i = 1
			formation_type:t = "rows"
			formation_div:i = 3
			formation_step:p2 = 2.5, 2
			formation_noise:p2 = 0.1, 0.1
			uniqueName:t = ""
			attack_type:t = "fire_at_will"
		}
		way {

		}
	}
	air_defence {
		name:t = "t1_def_small_aaa_low_03"
		tm:m = [[0.998384, 0.0, -0.0568072] [0.0, 1.0, 0.0] [0.0568072, 0.0, 0.998384] [14816.8, 75.3874, 230.337]]
		unit_class:t = "ussr_37mm_61k_airfield"
		closed_waypoints:b = false
		isShipSpline:b = false
		shipTurnRadius:r = 100
		weapons:t = ""
		bullets0:t = ""
		bullets1:t = ""
		bullets2:t = ""
		bullets3:t = ""
		bulletsCount0:i = 0
		bulletsCount1:i = 0
		bulletsCount2:i = 0
		bulletsCount3:i = 0
		crewSkillK:r = 0
		applyAllMods:b = false
		props {
			army:i = 1
			count:i = 1
			formation_type:t = "rows"
			formation_div:i = 3
			formation_step:p2 = 2.5, 2
			formation_noise:p2 = 0.1, 0.1
			uniqueName:t = ""
			attack_type:t = "fire_at_will"
		}
		way {

		}
	}
	air_defence {
		name:t = "t1_def_small_aaa_low_04"
		tm:m = [[0.998384, 0.0, -0.0568072] [0.0, 1.0, 0.0] [0.0568072, 0.0, 0.998384] [15702.4, 99.2743, -294.35]]
		unit_class:t = "ussr_37mm_61k_airfield"
		closed_waypoints:b = false
		isShipSpline:b = false
		shipTurnRadius:r = 100
		weapons:t = ""
		bullets0:t = ""
		bullets1:t = ""
		bullets2:t = ""
		bullets3:t = ""
		bulletsCount0:i = 0
		bulletsCount1:i = 0
		bulletsCount2:i = 0
		bulletsCount3:i = 0
		crewSkillK:r = 0
		applyAllMods:b = false
		props {
			army:i = 1
			count:i = 1
			formation_type:t = "rows"
			formation_div:i = 3
			formation_step:p2 = 2.5, 2
			formation_noise:p2 = 0.1, 0.1
			uniqueName:t = ""
			attack_type:t = "fire_at_will"
		}
		way {

		}
	}
	air_defence {
		name:t = "t1_def_small_aaa_low_05"
		tm:m = [[0.998384, 0.0, -0.0568072] [0.0, 1.0, 0.0] [0.0568072, 0.0, 0.998384] [15199.2, 75.0089, -964.07]]
		unit_class:t = "ussr_37mm_61k_airfield"
		closed_waypoints:b = false
		isShipSpline:b = false
		shipTurnRadius:r = 100
		weapons:t = ""
		bullets0:t = ""
		bullets1:t = ""
		bullets2:t = ""
		bullets3:t = ""
		bulletsCount0:i = 0
		bulletsCount1:i = 0
		bulletsCount2:i = 0
		bulletsCount3:i = 0
		crewSkillK:r = 0
		applyAllMods:b = false
		props {
			army:i = 1
			count:i = 1
			formation_type:t = "rows"
			formation_div:i = 3
			formation_step:p2 = 2.5, 2
			formation_noise:p2 = 0.1, 0.1
			uniqueName:t = ""
			attack_type:t = "fire_at_will"
		}
		way {

		}
	}
	air_defence {
		name:t = "t1_def_small_aaa_low_06"
		tm:m = [[0.998384, 0.0, -0.0568072] [0.0, 1.0, 0.0] [0.0568072, 0.0, 0.998384] [14123.3, 101.696, -538.372]]
		unit_class:t = "ussr_37mm_61k_airfield"
		closed_waypoints:b = false
		isShipSpline:b = false
		shipTurnRadius:r = 100
		weapons:t = ""
		bullets0:t = ""
		bullets1:t = ""
		bullets2:t = ""
		bullets3:t = ""
		bulletsCount0:i = 0
		bulletsCount1:i = 0
		bulletsCount2:i = 0
		bulletsCount3:i = 0
		crewSkillK:r = 0
		applyAllMods:b = false
		props {
			army:i = 1
			count:i = 1
			formation_type:t = "rows"
			formation_div:i = 3
			formation_step:p2 = 2.5, 2
			formation_noise:p2 = 0.1, 0.1
			uniqueName:t = ""
			attack_type:t = "fire_at_will"
		}
		way {

		}
	}
	air_defence {
		name:t = "t1_def_big_aaa_low_01"
		tm:m = [[0.609668, 0.0, 0.792656] [0.0, 1.0, 0.0] [-0.792656, 0.0, 0.609668] [14079.0, 115.994, -285.422]]
		unit_class:t = "ussr_85mm_52k"
		closed_waypoints:b = false
		isShipSpline:b = false
		shipTurnRadius:r = 100
		weapons:t = ""
		bullets0:t = ""
		bullets1:t = ""
		bullets2:t = ""
		bullets3:t = ""
		bulletsCount0:i = 0
		bulletsCount1:i = 0
		bulletsCount2:i = 0
		bulletsCount3:i = 0
		crewSkillK:r = 0
		applyAllMods:b = false
		props {
			army:i = 1
			count:i = 1
			formation_type:t = "rows"
			formation_div:i = 3
			formation_step:p2 = 2.5, 2
			formation_noise:p2 = 0.1, 0.1
			uniqueName:t = ""
			attack_type:t = "fire_at_will"
		}
		way {

		}
	}
	air_defence {
		name:t = "t1_def_big_aaa_low_02"
		tm:m = [[0.998384, 0.0, -0.0568072] [0.0, 1.0, 0.0] [0.0568072, 0.0, 0.998384] [14591.9, 77.6525, 517.402]]
		unit_class:t = "ussr_85mm_52k"
		closed_waypoints:b = false
		isShipSpline:b = false
		shipTurnRadius:r = 100
		weapons:t = ""
		bullets0:t = ""
		bullets1:t = ""
		bullets2:t = ""
		bullets3:t = ""
		bulletsCount0:i = 0
		bulletsCount1:i = 0
		bulletsCount2:i = 0
		bulletsCount3:i = 0
		crewSkillK:r = 0
		applyAllMods:b = false
		props {
			army:i = 1
			count:i = 1
			formation_type:t = "rows"
			formation_div:i = 3
			formation_step:p2 = 2.5, 2
			formation_noise:p2 = 0.1, 0.1
			uniqueName:t = ""
			attack_type:t = "fire_at_will"
		}
		way {

		}
	}
	air_defence {
		name:t = "t1_def_big_aaa_low_03"
		tm:m = [[0.998384, 0.0, -0.0568072] [0.0, 1.0, 0.0] [0.0568072, 0.0, 0.998384] [14882.2, 120.246, -702.895]]
		unit_class:t = "ussr_85mm_52k"
		closed_waypoints:b = false
		isShipSpline:b = false
		shipTurnRadius:r = 100
		weapons:t = ""
		bullets0:t = ""
		bullets1:t = ""
		bullets2:t = ""
		bullets3:t = ""
		bulletsCount0:i = 0
		bulletsCount1:i = 0
		bulletsCount2:i = 0
		bulletsCount3:i = 0
		crewSkillK:r = 0
		applyAllMods:b = false
		props {
			army:i = 1
			count:i = 1
			formation_type:t = "rows"
			formation_div:i = 3
			formation_step:p2 = 2.5, 2
			formation_noise:p2 = 0.1, 0.1
			uniqueName:t = ""
			attack_type:t = "fire_at_will"
		}
		way {

		}
	}
	air_defence {
		name:t = "t1_def_big_aaa_low_04"
		tm:m = [[0.998384, 0.0, -0.0568072] [0.0, 1.0, 0.0] [0.0568072, 0.0, 0.998384] [14616.0, 118.196, -524.947]]
		unit_class:t = "ussr_85mm_52k"
		closed_waypoints:b = false
		isShipSpline:b = false
		shipTurnRadius:r = 100
		weapons:t = ""
		bullets0:t = ""
		bullets1:t = ""
		bullets2:t = ""
		bullets3:t = ""
		bulletsCount0:i = 0
		bulletsCount1:i = 0
		bulletsCount2:i = 0
		bulletsCount3:i = 0
		crewSkillK:r = 0
		applyAllMods:b = false
		props {
			army:i = 1
			count:i = 1
			formation_type:t = "rows"
			formation_div:i = 3
			formation_step:p2 = 2.5, 2
			formation_noise:p2 = 0.1, 0.1
			uniqueName:t = ""
			attack_type:t = "fire_at_will"
		}
		way {

		}
	}
	squad {
		name:t = "t1_def_aaa_low_squad"
		tm:m = [[0.998384, 0.0, -0.0568072] [0.0, 1.0, 0.0] [0.0568072, 0.0, 0.998384] [17820.3, 93.7827, -1627.75]]
		props {
			squad_members:t = "t1_def_small_aaa_low_01"
			squad_members:t = "t1_def_small_aaa_low_02"
			squad_members:t = "t1_def_small_aaa_low_03"
			squad_members:t = "t1_def_small_aaa_low_04"
			squad_members:t = "t1_def_small_aaa_low_05"
			squad_members:t = "t1_def_small_aaa_low_06"
			squad_members:t = "t1_def_big_aaa_low_01"
			squad_members:t = "t1_def_big_aaa_low_02"
			squad_members:t = "t1_def_big_aaa_low_03"
			squad_members:t = "t1_def_big_aaa_low_04"
			squad_members:t = "t1_def_small_aaa_low_07"
			squad_members:t = "t1_def_small_aaa_low_08"
			squad_members:t = "t1_def_small_aaa_low_09"
			object_marking:i = 0
		}
	}
	objectGroups {
		name:t = "t1_airfield_low"
		tm:m = [[0.835656, 0.0, -0.549252] [0.0, 1.0, 0.0] [0.549252, 0.0, 0.835656] [14667.4, 92.2538, -70.522]]
		unit_class:t = "dynaf_pg_1line_ground"
		props {
			army:i = 1
			active:b = true
		}
	}
	air_defence {
		name:t = "t2_def_small_aaa_low_07"
		tm:m = [[0.964163, 0.0, -0.265311] [0.0, 1.0, 0.0] [0.265311, 0.0, 0.964163] [-6871.65, 71.9502, 13492.6]]
		unit_class:t = "germ_37mm_flak43_airfield"
		closed_waypoints:b = false
		isShipSpline:b = false
		shipTurnRadius:r = 100
		weapons:t = ""
		bullets0:t = ""
		bullets1:t = ""
		bullets2:t = ""
		bullets3:t = ""
		bulletsCount0:i = 0
		bulletsCount1:i = 0
		bulletsCount2:i = 0
		bulletsCount3:i = 0
		crewSkillK:r = 0
		applyAllMods:b = false
		props {
			army:i = 2
			count:i = 1
			formation_type:t = "rows"
			formation_div:i = 3
			formation_step:p2 = 2.5, 2
			formation_noise:p2 = 0.1, 0.1
			uniqueName:t = ""
			attack_type:t = "fire_at_will"
		}
		way {

		}
	}
	air_defence {
		name:t = "t2_def_small_aaa_low_08"
		tm:m = [[0.964163, 0.0, -0.265311] [0.0, 1.0, 0.0] [0.265311, 0.0, 0.964163] [-6238.69, 71.9502, 13337.7]]
		unit_class:t = "germ_37mm_flak43_airfield"
		closed_waypoints:b = false
		isShipSpline:b = false
		shipTurnRadius:r = 100
		weapons:t = ""
		bullets0:t = ""
		bullets1:t = ""
		bullets2:t = ""
		bullets3:t = ""
		bulletsCount0:i = 0
		bulletsCount1:i = 0
		bulletsCount2:i = 0
		bulletsCount3:i = 0
		crewSkillK:r = 0
		applyAllMods:b = false
		props {
			army:i = 2
			count:i = 1
			formation_type:t = "rows"
			formation_div:i = 3
			formation_step:p2 = 2.5, 2
			formation_noise:p2 = 0.1, 0.1
			uniqueName:t = ""
			attack_type:t = "fire_at_will"
		}
		way {

		}
	}
	air_defence {
		name:t = "t2_def_small_aaa_low_09"
		tm:m = [[0.964163, 0.0, -0.265311] [0.0, 1.0, 0.0] [0.265311, 0.0, 0.964163] [-6302.22, 71.9498, 12277.0]]
		unit_class:t = "germ_37mm_flak43_airfield"
		closed_waypoints:b = false
		isShipSpline:b = false
		shipTurnRadius:r = 100
		weapons:t = ""
		bullets0:t = ""
		bullets1:t = ""
		bullets2:t = ""
		bullets3:t = ""
		bulletsCount0:i = 0
		bulletsCount1:i = 0
		bulletsCount2:i = 0
		bulletsCount3:i = 0
		crewSkillK:r = 0
		applyAllMods:b = false
		props {
			army:i = 2
			count:i = 1
			formation_type:t = "rows"
			formation_div:i = 3
			formation_step:p2 = 2.5, 2
			formation_noise:p2 = 0.1, 0.1
			uniqueName:t = ""
			attack_type:t = "fire_at_will"
		}
		way {

		}
	}
	air_defence {
		name:t = "t2_def_small_aaa_low_10"
		tm:m = [[0.964163, 0.0, -0.265311] [0.0, 1.0, 0.0] [0.265311, 0.0, 0.964163] [-7228.89, 71.9497, 12802.3]]
		unit_class:t = "germ_37mm_flak43_airfield"
		closed_waypoints:b = false
		isShipSpline:b = false
		shipTurnRadius:r = 100
		weapons:t = ""
		bullets0:t = ""
		bullets1:t = ""
		bullets2:t = ""
		bullets3:t = ""
		bulletsCount0:i = 0
		bulletsCount1:i = 0
		bulletsCount2:i = 0
		bulletsCount3:i = 0
		crewSkillK:r = 0
		applyAllMods:b = false
		props {
			army:i = 2
			count:i = 1
			formation_type:t = "rows"
			formation_div:i = 3
			formation_step:p2 = 2.5, 2
			formation_noise:p2 = 0.1, 0.1
			uniqueName:t = ""
			attack_type:t = "fire_at_will"
		}
		way {

		}
	}
	air_defence {
		name:t = "t2_def_small_aaa_low_11"
		tm:m = [[0.964163, 0.0, -0.265311] [0.0, 1.0, 0.0] [0.265311, 0.0, 0.964163] [-6969.29, 71.9502, 13850.9]]
		unit_class:t = "germ_37mm_flak43_airfield"
		closed_waypoints:b = false
		isShipSpline:b = false
		shipTurnRadius:r = 100
		weapons:t = ""
		bullets0:t = ""
		bullets1:t = ""
		bullets2:t = ""
		bullets3:t = ""
		bulletsCount0:i = 0
		bulletsCount1:i = 0
		bulletsCount2:i = 0
		bulletsCount3:i = 0
		crewSkillK:r = 0
		applyAllMods:b = false
		props {
			army:i = 2
			count:i = 1
			formation_type:t = "rows"
			formation_div:i = 3
			formation_step:p2 = 2.5, 2
			formation_noise:p2 = 0.1, 0.1
			uniqueName:t = ""
			attack_type:t = "fire_at_will"
		}
		way {

		}
	}
	air_defence {
		name:t = "t2_def_small_aaa_low_12"
		tm:m = [[0.964163, 0.0, -0.265311] [0.0, 1.0, 0.0] [0.265311, 0.0, 0.964163] [-7137.12, 71.9502, 13556.9]]
		unit_class:t = "germ_37mm_flak43_airfield"
		closed_waypoints:b = false
		isShipSpline:b = false
		shipTurnRadius:r = 100
		weapons:t = ""
		bullets0:t = ""
		bullets1:t = ""
		bullets2:t = ""
		bullets3:t = ""
		bulletsCount0:i = 0
		bulletsCount1:i = 0
		bulletsCount2:i = 0
		bulletsCount3:i = 0
		crewSkillK:r = 0
		applyAllMods:b = false
		props {
			army:i = 2
			count:i = 1
			formation_type:t = "rows"
			formation_div:i = 3
			formation_step:p2 = 2.5, 2
			formation_noise:p2 = 0.1, 0.1
			uniqueName:t = ""
			attack_type:t = "fire_at_will"
		}
		way {

		}
	}
	air_defence {
		name:t = "t2_def_big_aaa_low_05"
		tm:m = [[0.964163, 0.0, -0.265311] [0.0, 1.0, 0.0] [0.265311, 0.0, 0.964163] [-7366.38, 52.1513, 12979.5]]
		unit_class:t = "germ_37mm_flak43_airfield"
		closed_waypoints:b = false
		isShipSpline:b = false
		shipTurnRadius:r = 100
		weapons:t = ""
		bullets0:t = ""
		bullets1:t = ""
		bullets2:t = ""
		bullets3:t = ""
		bulletsCount0:i = 0
		bulletsCount1:i = 0
		bulletsCount2:i = 0
		bulletsCount3:i = 0
		crewSkillK:r = 0
		applyAllMods:b = false
		props {
			army:i = 2
			count:i = 1
			formation_type:t = "rows"
			formation_div:i = 3
			formation_step:p2 = 2.5, 2
			formation_noise:p2 = 0.1, 0.1
			uniqueName:t = ""
			attack_type:t = "fire_at_will"
		}
		way {

		}
	}
	air_defence {
		name:t = "t2_def_big_aaa_low_06"
		tm:m = [[0.964163, 0.0, -0.265311] [0.0, 1.0, 0.0] [0.265311, 0.0, 0.964163] [-6342.68, 77.0002, 13506.6]]
		unit_class:t = "germ_37mm_flak43_airfield"
		closed_waypoints:b = false
		isShipSpline:b = false
		shipTurnRadius:r = 100
		weapons:t = ""
		bullets0:t = ""
		bullets1:t = ""
		bullets2:t = ""
		bullets3:t = ""
		bulletsCount0:i = 0
		bulletsCount1:i = 0
		bulletsCount2:i = 0
		bulletsCount3:i = 0
		crewSkillK:r = 0
		applyAllMods:b = false
		props {
			army:i = 2
			count:i = 1
			formation_type:t = "rows"
			formation_div:i = 3
			formation_step:p2 = 2.5, 2
			formation_noise:p2 = 0.1, 0.1
			uniqueName:t = ""
			attack_type:t = "fire_at_will"
		}
		way {

		}
	}
	air_defence {
		name:t = "t2_def_big_aaa_low_07"
		tm:m = [[0.964163, 0.0, -0.265311] [0.0, 1.0, 0.0] [0.265311, 0.0, 0.964163] [-6600.66, 76.9997, 12298.1]]
		unit_class:t = "germ_37mm_flak43_airfield"
		closed_waypoints:b = false
		isShipSpline:b = false
		shipTurnRadius:r = 100
		weapons:t = ""
		bullets0:t = ""
		bullets1:t = ""
		bullets2:t = ""
		bullets3:t = ""
		bulletsCount0:i = 0
		bulletsCount1:i = 0
		bulletsCount2:i = 0
		bulletsCount3:i = 0
		crewSkillK:r = 0
		applyAllMods:b = false
		props {
			army:i = 2
			count:i = 1
			formation_type:t = "rows"
			formation_div:i = 3
			formation_step:p2 = 2.5, 2
			formation_noise:p2 = 0.1, 0.1
			uniqueName:t = ""
			attack_type:t = "fire_at_will"
		}
		way {

		}
	}
	air_defence {
		name:t = "t2_def_big_aaa_low_08"
		tm:m = [[0.964163, 0.0, -0.265311] [0.0, 1.0, 0.0] [0.265311, 0.0, 0.964163] [-6625.29, 77.0002, 13634.2]]
		unit_class:t = "germ_37mm_flak43_airfield"
		closed_waypoints:b = false
		isShipSpline:b = false
		shipTurnRadius:r = 100
		weapons:t = ""
		bullets0:t = ""
		bullets1:t = ""
		bullets2:t = ""
		bullets3:t = ""
		bulletsCount0:i = 0
		bulletsCount1:i = 0
		bulletsCount2:i = 0
		bulletsCount3:i = 0
		crewSkillK:r = 0
		applyAllMods:b = false
		props {
			army:i = 2
			count:i = 1
			formation_type:t = "rows"
			formation_div:i = 3
			formation_step:p2 = 2.5, 2
			formation_noise:p2 = 0.1, 0.1
			uniqueName:t = ""
			attack_type:t = "fire_at_will"
		}
		way {

		}
	}
	air_defence {
		name:t = "t2_def_small_aaa_low_13"
		tm:m = [[0.964163, 0.0, -0.265311] [0.0, 1.0, 0.0] [0.265311, 0.0, 0.964163] [-5865.46, 76.9997, 12069.6]]
		unit_class:t = "germ_20mmx4_flak38"
		closed_waypoints:b = false
		isShipSpline:b = false
		shipTurnRadius:r = 100
		weapons:t = ""
		bullets0:t = ""
		bullets1:t = ""
		bullets2:t = ""
		bullets3:t = ""
		bulletsCount0:i = 0
		bulletsCount1:i = 0
		bulletsCount2:i = 0
		bulletsCount3:i = 0
		crewSkillK:r = 0
		applyAllMods:b = false
		props {
			army:i = 2
			count:i = 1
			formation_type:t = "rows"
			formation_div:i = 3
			formation_step:p2 = 2.5, 2
			formation_noise:p2 = 0.1, 0.1
			uniqueName:t = ""
			attack_type:t = "fire_at_will"
		}
		way {

		}
	}
	air_defence {
		name:t = "t2_def_small_aaa_low_14"
		tm:m = [[0.964163, 0.0, -0.265311] [0.0, 1.0, 0.0] [0.265311, 0.0, 0.964163] [-6543.5, 77.0002, 13442.5]]
		unit_class:t = "germ_20mmx4_flak38"
		closed_waypoints:b = false
		isShipSpline:b = false
		shipTurnRadius:r = 100
		weapons:t = ""
		bullets0:t = ""
		bullets1:t = ""
		bullets2:t = ""
		bullets3:t = ""
		bulletsCount0:i = 0
		bulletsCount1:i = 0
		bulletsCount2:i = 0
		bulletsCount3:i = 0
		crewSkillK:r = 0
		applyAllMods:b = false
		props {
			army:i = 2
			count:i = 1
			formation_type:t = "rows"
			formation_div:i = 3
			formation_step:p2 = 2.5, 2
			formation_noise:p2 = 0.1, 0.1
			uniqueName:t = ""
			attack_type:t = "fire_at_will"
		}
		way {

		}
	}
	air_defence {
		name:t = "t2_def_small_aaa_low_15"
		tm:m = [[0.964163, 0.0, -0.265311] [0.0, 1.0, 0.0] [0.265311, 0.0, 0.964163] [-6984.76, 76.9997, 12376.0]]
		unit_class:t = "germ_20mmx4_flak38"
		closed_waypoints:b = false
		isShipSpline:b = false
		shipTurnRadius:r = 100
		weapons:t = ""
		bullets0:t = ""
		bullets1:t = ""
		bullets2:t = ""
		bullets3:t = ""
		bulletsCount0:i = 0
		bulletsCount1:i = 0
		bulletsCount2:i = 0
		bulletsCount3:i = 0
		crewSkillK:r = 0
		applyAllMods:b = false
		props {
			army:i = 2
			count:i = 1
			formation_type:t = "rows"
			formation_div:i = 3
			formation_step:p2 = 2.5, 2
			formation_noise:p2 = 0.1, 0.1
			uniqueName:t = ""
			attack_type:t = "fire_at_will"
		}
		way {

		}
	}
	air_defence {
		name:t = "t2_def_small_aaa_low_16"
		tm:m = [[0.964163, 0.0, -0.265311] [0.0, 1.0, 0.0] [0.265311, 0.0, 0.964163] [-7073.11, 76.9996, 12619.3]]
		unit_class:t = "germ_20mmx4_flak38"
		closed_waypoints:b = false
		isShipSpline:b = false
		shipTurnRadius:r = 100
		weapons:t = ""
		bullets0:t = ""
		bullets1:t = ""
		bullets2:t = ""
		bullets3:t = ""
		bulletsCount0:i = 0
		bulletsCount1:i = 0
		bulletsCount2:i = 0
		bulletsCount3:i = 0
		crewSkillK:r = 0
		applyAllMods:b = false
		props {
			army:i = 2
			count:i = 1
			formation_type:t = "rows"
			formation_div:i = 3
			formation_step:p2 = 2.5, 2
			formation_noise:p2 = 0.1, 0.1
			uniqueName:t = ""
			attack_type:t = "fire_at_will"
		}
		way {

		}
	}
	air_defence {
		name:t = "t1_def_small_aaa_low_07"
		tm:m = [[0.998384, 0.0, -0.0568072] [0.0, 1.0, 0.0] [0.0568072, 0.0, 0.998384] [15500.4, 78.5735, -150.6]]
		unit_class:t = "ussr_25mm_72k"
		closed_waypoints:b = false
		isShipSpline:b = false
		shipTurnRadius:r = 100
		weapons:t = ""
		bullets0:t = ""
		bullets1:t = ""
		bullets2:t = ""
		bullets3:t = ""
		bulletsCount0:i = 0
		bulletsCount1:i = 0
		bulletsCount2:i = 0
		bulletsCount3:i = 0
		crewSkillK:r = 0
		applyAllMods:b = false
		props {
			army:i = 1
			count:i = 1
			formation_type:t = "rows"
			formation_div:i = 3
			formation_step:p2 = 2.5, 2
			formation_noise:p2 = 0.1, 0.1
			uniqueName:t = ""
			attack_type:t = "fire_at_will"
		}
		way {

		}
	}
	air_defence {
		name:t = "t1_def_small_aaa_low_08"
		tm:m = [[0.998384, 0.0, -0.0568072] [0.0, 1.0, 0.0] [0.0568072, 0.0, 0.998384] [15180.8, 111.996, 77.45]]
		unit_class:t = "ussr_25mm_72k"
		closed_waypoints:b = false
		isShipSpline:b = false
		shipTurnRadius:r = 100
		weapons:t = ""
		bullets0:t = ""
		bullets1:t = ""
		bullets2:t = ""
		bullets3:t = ""
		bulletsCount0:i = 0
		bulletsCount1:i = 0
		bulletsCount2:i = 0
		bulletsCount3:i = 0
		crewSkillK:r = 0
		applyAllMods:b = false
		props {
			army:i = 1
			count:i = 1
			formation_type:t = "rows"
			formation_div:i = 3
			formation_step:p2 = 2.5, 2
			formation_noise:p2 = 0.1, 0.1
			uniqueName:t = ""
			attack_type:t = "fire_at_will"
		}
		way {

		}
	}
	air_defence {
		name:t = "t1_def_small_aaa_low_09"
		tm:m = [[0.998384, 0.0, -0.0568072] [0.0, 1.0, 0.0] [0.0568072, 0.0, 0.998384] [15363.3, 111.994, -169.325]]
		unit_class:t = "ussr_25mm_72k"
		closed_waypoints:b = false
		isShipSpline:b = false
		shipTurnRadius:r = 100
		weapons:t = ""
		bullets0:t = ""
		bullets1:t = ""
		bullets2:t = ""
		bullets3:t = ""
		bulletsCount0:i = 0
		bulletsCount1:i = 0
		bulletsCount2:i = 0
		bulletsCount3:i = 0
		crewSkillK:r = 0
		applyAllMods:b = false
		props {
			army:i = 1
			count:i = 1
			formation_type:t = "rows"
			formation_div:i = 3
			formation_step:p2 = 2.5, 2
			formation_noise:p2 = 0.1, 0.1
			uniqueName:t = ""
			attack_type:t = "fire_at_will"
		}
		way {

		}
	}
	squad {
		name:t = "t2_def_aaa_low_squad"
		tm:m = [[-2.50362, 0.0, -2.50362] [0.0, 0.0, 0.0] [0.0, 0.0, -1.16769e17] [-8883.4, 74.8501, 16800.1]]
		props {
			squad_members:t = "t2_def_small_aaa_low_16"
			squad_members:t = "t2_def_small_aaa_low_07"
			squad_members:t = "t2_def_small_aaa_low_08"
			squad_members:t = "t2_def_small_aaa_low_09"
			squad_members:t = "t2_def_small_aaa_low_10"
			squad_members:t = "t2_def_small_aaa_low_11"
			squad_members:t = "t2_def_small_aaa_low_12"
			squad_members:t = "t2_def_big_aaa_low_05"
			squad_members:t = "t2_def_big_aaa_low_06"
			squad_members:t = "t2_def_big_aaa_low_07"
			squad_members:t = "t2_def_big_aaa_low_08"
			squad_members:t = "t2_def_small_aaa_low_13"
			squad_members:t = "t2_def_small_aaa_low_14"
			squad_members:t = "t2_def_small_aaa_low_15"
			object_marking:i = 0
		}
	}
	objectGroups {
		name:t = "t2_airfield_low"
		tm:m = [[-0.920131, 0.0, 0.391611] [0.0, 1.0, 0.0] [-0.391611, 0.0, -0.920131] [-6612.7, 70.324, 12842.0]]
		unit_class:t = "dynaf_pg_1line_ground"
		props {
			army:i = 2
			active:b = true
		}
	}
}
areas {
	t1_interceptor_low_area {
		type:t = "Sphere"
		tm:m = [[-2776.58, 0.0, -5318.89] [0.0, 6000.0, 0.0] [5318.89, 0.0, -2776.58] [15093.9, 1999.99, 295.433]]
		props {

		}
	}
	t1_assault_low_spawn {
		type:t = "Sphere"
		tm:m = [[-259.635, 0.0, 150.297] [0.0, 300.0, 0.0] [-150.297, 0.0, -259.635] [10660.8, 999.993, 2608.71]]
		props {

		}
	}
	t1_aaa_fighter_low_area {
		type:t = "Sphere"
		tm:m = [[-1851.05, 0.0, -3545.92] [0.0, 4000.0, 0.0] [3545.92, 0.0, -1851.05] [15093.9, 3000.0, 295.433]]
		props {

		}
	}
	t1_assault_low_area {
		type:t = "Sphere"
		tm:m = [[-4627.64, 0.0, -8864.82] [0.0, 10000.0, 0.0] [8864.82, 0.0, -4627.64] [15093.9, 999.997, 295.433]]
		props {

		}
	}
	t1_interceptor_low_spawn {
		type:t = "Sphere"
		tm:m = [[-259.635, 0.0, 150.297] [0.0, 300.0, 0.0] [-150.297, 0.0, -259.635] [17736.7, 999.997, -1083.81]]
		props {

		}
	}
	t1_aaa_fighter_low_spawn {
		type:t = "Sphere"
		tm:m = [[-259.635, 0.0, 150.297] [0.0, 300.0, 0.0] [-150.297, 0.0, -259.635] [16861.0, 1999.99, -626.733]]
		props {

		}
	}
	t1_far_bomber_low_spawn {
		type:t = "Sphere"
		tm:m = [[-259.635, 0.0, 150.297] [0.0, 300.0, 0.0] [-150.297, 0.0, -259.635] [13319.6, 4500.0, 1222.63]]
		props {

		}
	}
	t1_main_bomber_low_spawn {
		type:t = "Sphere"
		tm:m = [[-259.635, 0.0, 150.297] [0.0, 300.0, 0.0] [-150.297, 0.0, -259.635] [12878.1, 3500.0, 1452.41]]
		props {

		}
	}
	t1_far_bomber_low_area {
		type:t = "Sphere"
		tm:m = [[-1851.05, 0.0, -3545.92] [0.0, 4000.0, 0.0] [3545.92, 0.0, -1851.05] [15093.9, 4500.0, 295.433]]
		props {

		}
	}
	t1_main_bomber_low_area {
		type:t = "Sphere"
		tm:m = [[-2313.82, 0.0, -4432.41] [0.0, 5000.0, 0.0] [4432.41, 0.0, -2313.82] [15093.9, 3500.0, 295.443]]
		props {

		}
	}
	t2_interceptor_low_area {
		type:t = "Sphere"
		tm:m = [[2512.21, 0.0, 5448.74] [0.0, 6000.0, 0.0] [-5448.74, 0.0, 2512.21] [-6764.86, 2000.0, 13136.3]]
		objLayer:i = 4
		props {

		}
	}
	t2_assault_low_spawn {
		type:t = "Sphere"
		tm:m = [[266.699, 0.0, -137.374] [0.0, 300.0, 0.0] [137.374, 0.0, 266.699] [-2209.46, 999.998, 11030.1]]
		objLayer:i = 4
		props {

		}
	}
	t2_aaa_fighter_low_area {
		type:t = "Sphere"
		tm:m = [[1674.81, 0.0, 3632.5] [0.0, 4000.0, 0.0] [-3632.5, 0.0, 1674.81] [-6764.86, 3000.0, 13136.3]]
		objLayer:i = 4
		props {

		}
	}
	t2_assault_low_area {
		type:t = "Sphere"
		tm:m = [[4187.01, 0.0, 9081.24] [0.0, 10000.0, 0.0] [-9081.24, 0.0, 4187.01] [-6764.86, 999.998, 13136.3]]
		objLayer:i = 4
		props {

		}
	}
	t2_interceptor_low_spawn {
		type:t = "Sphere"
		tm:m = [[266.699, 0.0, -137.374] [0.0, 300.0, 0.0] [137.374, 0.0, 266.699] [-9472.13, 999.998, 14384.2]]
		objLayer:i = 4
		props {

		}
	}
	t2_aaa_fighter_low_spawn {
		type:t = "Sphere"
		tm:m = [[266.699, 0.0, -137.374] [0.0, 300.0, 0.0] [137.374, 0.0, 266.699] [-8575.02, 2000.0, 13970.5]]
		objLayer:i = 4
		props {

		}
	}
	t2_far_bomber_low_spawn {
		type:t = "Sphere"
		tm:m = [[266.699, 0.0, -137.374] [0.0, 300.0, 0.0] [137.374, 0.0, 266.699] [-4949.56, 4500.0, 12299.0]]
		objLayer:i = 4
		props {

		}
	}
	t2_main_bomber_low_spawn {
		type:t = "Sphere"
		tm:m = [[266.699, 0.0, -137.374] [0.0, 300.0, 0.0] [137.374, 0.0, 266.699] [-4494.96, 3500.0, 12089.4]]
		objLayer:i = 4
		props {

		}
	}
	t2_far_bomber_low_area {
		type:t = "Sphere"
		tm:m = [[1674.81, 0.0, 3632.5] [0.0, 4000.0, 0.0] [-3632.5, 0.0, 1674.81] [-6764.86, 4500.0, 13136.3]]
		objLayer:i = 4
		props {

		}
	}
	t2_main_bomber_low_area {
		type:t = "Sphere"
		tm:m = [[2093.5, 0.0, 4540.62] [0.0, 5000.0, 0.0] [-4540.62, 0.0, 2093.5] [-6764.86, 3500.0, 13136.3]]
		objLayer:i = 4
		props {

		}
	}
	t2_airfield_low_spawn_01 {
		type:t = "Sphere"
		tm:m = [[-4.15688, 0.0, -11.5763] [0.0, 12.3, 0.0] [11.5763, 0.0, -4.15688] [-6010.98, 71.9984, 14038.0]]
		objLayer:i = 4
		props {

		}
	}
	t2_airfield_low_spawn_02 {
		type:t = "Sphere"
		tm:m = [[-4.15688, 0.0, -11.5763] [0.0, 12.3, 0.0] [11.5763, 0.0, -4.15688] [-6030.73, 71.9984, 14045.9]]
		objLayer:i = 4
		props {

		}
	}
	t2_airfield_low_spawn_03 {
		type:t = "Sphere"
		tm:m = [[-4.15688, 0.0, -11.5763] [0.0, 12.3, 0.0] [11.5763, 0.0, -4.15688] [-6280.52, 71.9984, 14147.1]]
		objLayer:i = 4
		props {

		}
	}
	t2_airfield_low_spawn_04 {
		type:t = "Sphere"
		tm:m = [[-4.15688, 0.0, -11.5763] [0.0, 12.3, 0.0] [11.5763, 0.0, -4.15688] [-6300.56, 71.9984, 14155.0]]
		objLayer:i = 4
		props {

		}
	}
	t2_airfield_low_spawn_05 {
		type:t = "Sphere"
		tm:m = [[-4.15688, 0.0, -11.5763] [0.0, 12.3, 0.0] [11.5763, 0.0, -4.15688] [-6416.6, 71.9984, 14213.3]]
		objLayer:i = 4
		props {

		}
	}
	t2_airfield_low_spawn_06 {
		type:t = "Sphere"
		tm:m = [[-4.15688, 0.0, -11.5763] [0.0, 12.3, 0.0] [11.5763, 0.0, -4.15688] [-6436.37, 71.9984, 14221.8]]
		objLayer:i = 4
		props {

		}
	}
	t2_airfield_low_spawn_07 {
		type:t = "Sphere"
		tm:m = [[-4.15688, 0.0, -11.5763] [0.0, 12.3, 0.0] [11.5763, 0.0, -4.15688] [-6428.18, 71.9984, 14241.7]]
		objLayer:i = 4
		props {

		}
	}
	t2_airfield_low_spawn_08 {
		type:t = "Sphere"
		tm:m = [[-4.15688, 0.0, -11.5763] [0.0, 12.3, 0.0] [11.5763, 0.0, -4.15688] [-6408.77, 71.9984, 14233.4]]
		objLayer:i = 4
		props {

		}
	}
	t2_airfield_low_spawn_09 {
		type:t = "Sphere"
		tm:m = [[-4.15688, 0.0, -11.5763] [0.0, 12.3, 0.0] [11.5763, 0.0, -4.15688] [-6292.08, 71.9984, 14174.9]]
		objLayer:i = 4
		props {

		}
	}
	t2_airfield_low_spawn_10 {
		type:t = "Sphere"
		tm:m = [[-4.15688, 0.0, -11.5763] [0.0, 12.3, 0.0] [11.5763, 0.0, -4.15688] [-6272.51, 71.9984, 14167.4]]
		objLayer:i = 4
		props {

		}
	}
	t2_airfield_low_spawn_11 {
		type:t = "Sphere"
		tm:m = [[-4.15688, 0.0, -11.5763] [0.0, 12.3, 0.0] [11.5763, 0.0, -4.15688] [-6022.79, 71.9984, 14066.0]]
		objLayer:i = 4
		props {

		}
	}
	t2_airfield_low_spawn_12 {
		type:t = "Sphere"
		tm:m = [[-4.15688, 0.0, -11.5763] [0.0, 12.3, 0.0] [11.5763, 0.0, -4.15688] [-6003.08, 71.9984, 14057.6]]
		objLayer:i = 4
		props {

		}
	}
	t2_airfield_low_spawn_13 {
		type:t = "Sphere"
		tm:m = [[-4.15688, 0.0, -11.5763] [0.0, 12.3, 0.0] [11.5763, 0.0, -4.15688] [-5994.71, 71.9984, 14077.8]]
		objLayer:i = 4
		props {

		}
	}
	t2_airfield_low_spawn_14 {
		type:t = "Sphere"
		tm:m = [[-4.15688, 0.0, -11.5763] [0.0, 12.3, 0.0] [11.5763, 0.0, -4.15688] [-6015.39, 71.9984, 14085.8]]
		objLayer:i = 4
		props {

		}
	}
	t2_airfield_low_spawn_15 {
		type:t = "Sphere"
		tm:m = [[-4.15688, 0.0, -11.5763] [0.0, 12.3, 0.0] [11.5763, 0.0, -4.15688] [-6265.06, 71.9984, 14186.4]]
		objLayer:i = 4
		props {

		}
	}
	t2_airfield_low_spawn_16 {
		type:t = "Sphere"
		tm:m = [[-4.15688, 0.0, -11.5763] [0.0, 12.3, 0.0] [11.5763, 0.0, -4.15688] [-6284.07, 71.9984, 14195.2]]
		objLayer:i = 4
		props {

		}
	}
	t1_airfield_low_bombing_zone {
		type:t = "Box"
		tm:m = [[1622.83, 0.0, -1168.93] [0.0, 350.0, 0.0] [438.353, -1.10978e-5, 608.562] [14694.1, 17.6214, -194.102]]
		props {

		}
	}
	airfields_area_12km {
		type:t = "Sphere"
		tm:m = [[24000.0, 0.0, 0.0] [0.0, 24000.0, 0.0] [0.0, 0.0, 24000.0] [5500.0, 150.75, 8950.0]]
		objLayer:i = 3
		props {

		}
	}
	t1_common_fighters_low_spawn {
		type:t = "Sphere"
		tm:m = [[-259.635, 0.0, 150.297] [0.0, 300.0, 0.0] [-150.297, 0.0, -259.635] [17736.7, 499.996, -1083.81]]
		props {

		}
	}
	t2_common_fighters_low_spawn {
		type:t = "Sphere"
		tm:m = [[266.699, 0.0, -137.374] [0.0, 300.0, 0.0] [137.374, 0.0, 266.699] [-9472.13, 499.998, 14384.2]]
		objLayer:i = 4
		props {

		}
	}
	t2_airfield_low_bombing_zone {
		type:t = "Box"
		tm:m = [[-1843.59, 0.0, 775.366] [0.0, 350.0, 0.0] [-290.764, -1.10978e-5, -691.346] [-6608.08, 19.1941, 12985.6]]
		props {

		}
	}
}
objLayers {
	layer {
		enabled:b = true
	}
	layer {
		enabled:b = true
	}
	layer {
		enabled:b = true
	}
	layer {
		enabled:b = false
	}
	layer {
		enabled:b = true
	}
}
wayPoints {

}