selected_tag:t = ""
bin_dump_file:t = ""
mission_settings {
	player {
		army:i = 1
		wing:t = "t1_player01"
		wing:t = "t1_player02"
		wing:t = "t1_player03"
		wing:t = "t1_player04"
		wing:t = "t1_player05"
		wing:t = "t1_player06"
		wing:t = "t1_player07"
		wing:t = "t1_player08"
		wing:t = "t1_player09"
		wing:t = "t1_player10"
		wing:t = "t1_player11"
		wing:t = "t1_player12"
		wing:t = "t1_player13"
		wing:t = "t1_player14"
		wing:t = "t1_player15"
		wing:t = "t1_player16"
	}
	player_teamB {
		army:i = 2
		wing:t = "t2_player01"
		wing:t = "t2_player02"
		wing:t = "t2_player03"
		wing:t = "t2_player04"
		wing:t = "t2_player05"
		wing:t = "t2_player06"
		wing:t = "t2_player07"
		wing:t = "t2_player08"
		wing:t = "t2_player09"
		wing:t = "t2_player10"
		wing:t = "t2_player11"
		wing:t = "t2_player12"
		wing:t = "t2_player13"
		wing:t = "t2_player14"
		wing:t = "t2_player15"
		wing:t = "t2_player16"
		wing:t = "t2_player17"
	}
	mission {
		level:t = "levels/stalingrad.bin"
		type:t = "domination"
		environment:t = "Day"
		weather:t = "hazy"
		locName:t = "missions/_GS/medium_tank;location/stalingrad"
		locDesc:t = "missions/_GS/desc"
		scoreLimit:i = 7600
		timeLimit:i = 15
		deathPenaltyMul:r = 0
		country_axis:t = "germany"
		country_allies:t = "ussr"
		restoreType:t = "attempts"
		optionalTakeOff:b = false
		allowedUnitTypes {
			isAirplanesAllowed:b = true
			isTanksAllowed:b = false
			isShipsAllowed:b = false
			isHelicoptersAllowed:b = false
		}
	}
	atmosphere {
		pressure:r = 760
		temperature:r = 20
	}
	spectator_points {

	}
	briefing {
		place_loc:t = ""
		date_loc:t = ""
		objective_loc:t = ""
		music:t = "action_01"
		part {
			event:t = ""
			minTime:i = 0
			slide {
				map:b = true
				minTime:i = 4
				picture:t = ""
				showAirMap:b = false
				arrow {
					width:i = 1
					side:t = "enemy"
					point:t = "t1_briefing_atk_02"
					point:t = "t1_briefing_arrows_point"
				}
				arrow {
					width:i = 1
					side:t = "enemy"
					point:t = "t1_briefing_atk_03"
					point:t = "t1_briefing_arrows_point"
					point:t = "t1_briefing_arrows_point"
				}
				icon {
					icontype:t = "fighter"
					side:t = "ally"
					target:t = "t1_bombers_spawn"
					lookAt:t = "area_01"
				}
				icon {
					icontype:t = "fighter"
					side:t = "enemy"
					target:t = "t2_bombers_spawn"
					lookAt:t = "area_01"
				}
				icon {
					icontype:t = "artillery"
					side:t = "ally"
					target:t = "t1_briefing_def_01"
				}
				icon {
					icontype:t = "artillery"
					side:t = "ally"
					target:t = "t1_briefing_def_02"
				}
				icon {
					icontype:t = "artillery"
					side:t = "ally"
					target:t = "t1_briefing_def_03"
				}
				icon {
					icontype:t = "tank"
					side:t = "enemy"
					target:t = "t1_briefing_atk_02"
				}
				icon {
					icontype:t = "tank"
					side:t = "enemy"
					target:t = "t1_briefing_atk_03"
				}
			}
		}
	}
}
imports {
	import_record {
		file:t = "gameData/missions/templates/land_units_move_template.blk"
		importAreas:b = true
		importUnits:b = true
		importTriggers:b = true
		importMissionObjectives:b = true
		importWayPoints:b = true
		showAreas:b = true
		showUnits:b = true
		showTriggers:b = true
		showMissionObjectives:b = true
		showWayPoints:b = true
		excludes {

		}
	}
	import_record {
		file:t = "gameData/missions/templates/land_units_death_template.blk"
		importAreas:b = true
		importUnits:b = true
		importTriggers:b = true
		importMissionObjectives:b = true
		importWayPoints:b = true
		showAreas:b = true
		showUnits:b = true
		showTriggers:b = true
		showMissionObjectives:b = true
		showWayPoints:b = true
		excludes {

		}
	}
	import_record {
		file:t = "gameData/missions/bridges/stalingrad_bridges_without_airfield.blk"
		importAreas:b = true
		importUnits:b = true
		importTriggers:b = true
		importMissionObjectives:b = true
		importWayPoints:b = true
		showAreas:b = true
		showUnits:b = true
		showTriggers:b = true
		showMissionObjectives:b = true
		showWayPoints:b = true
		excludes {

		}
	}
	import_record {
		file:t = "gameData/missions/templates/base_logic_template.blk"
		importAreas:b = true
		importUnits:b = true
		importTriggers:b = true
		importMissionObjectives:b = true
		importWayPoints:b = true
		showAreas:b = true
		showUnits:b = true
		showTriggers:b = true
		showMissionObjectives:b = true
		showWayPoints:b = true
		excludes {

		}
	}
	import_record {
		file:t = "gameData/missions/templates/air_templates/aat_aaa_template.blk"
		importAreas:b = true
		importUnits:b = true
		importTriggers:b = true
		importMissionObjectives:b = true
		importWayPoints:b = true
		showAreas:b = true
		showUnits:b = true
		showTriggers:b = true
		showMissionObjectives:b = true
		showWayPoints:b = true
		excludes {

		}
	}
}
triggers {
	isCategory:b = true
	is_enabled:b = true
	start_mission {
		is_enabled:b = true
		comments:t = ""
		props {
			actionsType:t = "PERFORM_ONE_BY_ONE"
			conditionsType:t = "ALL"
			enableAfterComplete:b = false
		}
		events {
			initMission {

			}
		}
		conditions {

		}
		actions {
			comment {
				value:t = "zadaem nachal'nuyu skorost' unichtozheniya nazemki"
			}
			varSetReal {
				value:r = 1200
				var:t = "arcade_destroy_timer"
				var:t = "historical_destroy_timer"
			}
			comment {
				value:t = "zadaem znacheniya dlya predotvrashcheniya dlinnyh sessij"
			}
			varSetInt {
				value:i = 390
				var:t = "long_time_is"
			}
			varSetInt {
				value:i = 540
				var:t = "long_time_arcade_timer"
			}
			varSetInt {
				value:i = 32000
				var:t = "long_time_arcade_distance"
			}
			comment {
				value:t = "nachinaetsya logika missii"
			}
			unitSetProperties {
				object:t = "t1_artillery_squad"
				object:t = "t2_trucks_squad"
				object:t = "t2_artillery_squad"
				object:t = "t1_trucks_squad"
				object_marking:i = 0
				object_var_name:t = ""
				object_var_comp_op:t = "equal"
				object_var_value:i = 0
				targetAir:b = false
				accuracy:r = 0
				effShootingRate:r = 0
			}
			unitSetProperties {
				object:t = "t1_aaa_squad"
				object:t = "t1_def_aaa_squad"
				object:t = "t2_aaa_squad"
				object:t = "t2_def_aaa_squad"
				object:t = "t1_truck_aaa_squad"
				object_marking:i = 0
				object_var_name:t = ""
				object_var_comp_op:t = "equal"
				object_var_value:i = 0
				accuracy:r = 0.1
				effShootingRate:r = 0
				airEffShootingRate:r = 0.1
			}
			missionMarkAsRespawnPoint {
				loc_name:t = "missions/fighters_spawn"
				spawnEffect:b = false
				isAirfield:b = false
				isUnit:b = false
				radius:r = -1
				isStrictSpawn:b = false
				useExisting:b = false
				canSpawnOnNeutral:b = false
				isIndividual:b = false
				removeAreas:b = false
				showOnMap:b = true
				onlyOnePlayerPerSpawnPoint:b = false
				resetStrictSpawnIndex:b = false
				forceCreate:b = false
				replaceAreas:b = false
				ignoreTeamsOnReuse:b = false
				target:t = "t1_fighters_spawn"
				team:t = "A"
				offset:p3 = 0, 0, 0
				tags {
					type_bomber:b = false
					tank:b = false
				}
			}
			missionMarkAsRespawnPoint {
				loc_name:t = "missions/bombers_spawn"
				spawnEffect:b = false
				isAirfield:b = false
				isUnit:b = false
				radius:r = -1
				isStrictSpawn:b = false
				useExisting:b = false
				canSpawnOnNeutral:b = false
				isIndividual:b = false
				removeAreas:b = false
				showOnMap:b = true
				onlyOnePlayerPerSpawnPoint:b = false
				resetStrictSpawnIndex:b = false
				forceCreate:b = false
				replaceAreas:b = false
				ignoreTeamsOnReuse:b = false
				target:t = "t1_bombers_spawn"
				team:t = "A"
				offset:p3 = 0, 0, 0
				tags {
					type_bomber:b = true
					tank:b = false
				}
			}
			missionMarkAsRespawnPoint {
				loc_name:t = "missions/airfield_spawn"
				spawnEffect:b = false
				isAirfield:b = true
				isUnit:b = false
				radius:r = -1
				isStrictSpawn:b = false
				useExisting:b = false
				canSpawnOnNeutral:b = false
				isIndividual:b = false
				removeAreas:b = false
				showOnMap:b = true
				onlyOnePlayerPerSpawnPoint:b = false
				resetStrictSpawnIndex:b = false
				forceCreate:b = false
				replaceAreas:b = false
				ignoreTeamsOnReuse:b = false
				target:t = "t1_airfield"
				team:t = "A"
				offset:p3 = 0, 0, 0
				tags {
					none_can_spawn:b = true
				}
			}
			missionMarkAsRespawnPoint {
				loc_name:t = "missions/fighters_spawn"
				spawnEffect:b = false
				isAirfield:b = false
				isUnit:b = false
				radius:r = -1
				isStrictSpawn:b = false
				useExisting:b = false
				canSpawnOnNeutral:b = false
				isIndividual:b = false
				removeAreas:b = false
				showOnMap:b = true
				onlyOnePlayerPerSpawnPoint:b = false
				resetStrictSpawnIndex:b = false
				forceCreate:b = false
				replaceAreas:b = false
				ignoreTeamsOnReuse:b = false
				target:t = "t2_fighters_spawn"
				team:t = "B"
				offset:p3 = 0, 0, 0
				tags {
					type_bomber:b = false
					tank:b = false
				}
			}
			missionMarkAsRespawnPoint {
				loc_name:t = "missions/bombers_spawn"
				spawnEffect:b = false
				isAirfield:b = false
				isUnit:b = false
				radius:r = -1
				isStrictSpawn:b = false
				useExisting:b = false
				canSpawnOnNeutral:b = false
				isIndividual:b = false
				removeAreas:b = false
				showOnMap:b = true
				onlyOnePlayerPerSpawnPoint:b = false
				resetStrictSpawnIndex:b = false
				forceCreate:b = false
				replaceAreas:b = false
				ignoreTeamsOnReuse:b = false
				target:t = "t2_bombers_spawn"
				team:t = "B"
				offset:p3 = 0, 0, 0
				tags {
					type_bomber:b = true
					tank:b = false
				}
			}
			missionMarkAsRespawnPoint {
				loc_name:t = "missions/airfield_spawn"
				spawnEffect:b = false
				isAirfield:b = true
				isUnit:b = false
				radius:r = -1
				isStrictSpawn:b = false
				useExisting:b = false
				canSpawnOnNeutral:b = false
				isIndividual:b = false
				removeAreas:b = false
				showOnMap:b = true
				onlyOnePlayerPerSpawnPoint:b = false
				resetStrictSpawnIndex:b = false
				forceCreate:b = false
				replaceAreas:b = false
				ignoreTeamsOnReuse:b = false
				target:t = "t2_airfield"
				team:t = "B"
				offset:p3 = 0, 0, 0
				tags {
					none_can_spawn:b = true
				}
			}
			unitSetProperties {
				object:t = "t2_quest_units_squad"
				object_marking:i = 0
				object_var_name:t = ""
				object_var_comp_op:t = "equal"
				object_var_value:i = 0
				calmDetection:b = true
			}
			comment {
				value:t = ""
			}
			wait {
				time:r = 10
			}
			unitSetIndication {
				set:b = true
				target_marking:i = 0
				object_var_name:t = ""
				object_var_comp_op:t = "equal"
				object_var_value:i = 0
				target:t = "t1_quest_units_squad"
				team:t = "B"
			}
			unitSetIndication {
				set:b = true
				target_marking:i = 0
				object_var_name:t = ""
				object_var_comp_op:t = "equal"
				object_var_value:i = 0
				target:t = "t2_quest_units_squad"
				team:t = "A"
			}
			comment {
				value:t = ""
			}
			moAddMissionObjective {
				target:t = "gsn_main_objective"
				object_marking:i = 0
				object_var_comp_op:t = "equal"
				object_var_name:t = ""
			}
		}
		else_actions {

		}
	}
	update_indicators {
		is_enabled:b = false
		comments:t = ""
		props {
			actionsType:t = "PERFORM_ONE_BY_ONE"
			conditionsType:t = "ALL"
			enableAfterComplete:b = true
		}
		events {
			periodicEvent {
				time:r = 1
			}
		}
		conditions {

		}
		actions {
			missionSetTargetsIndicator {
				target_type:t = "isAlive"
				target_marking:i = 0
				delta:i = 0
				icon:t = "cannon"
				"icon army":i = 1
				set:b = true
				object_var_name:t = ""
				object_var_comp_op:t = "equal"
				object_var_value:i = 0
				target:t = "t1_quest_units_squad"
			}
			missionSetTargetsIndicator {
				target_type:t = "isAlive"
				target_marking:i = 0
				delta:i = 0
				icon:t = "tank"
				"icon army":i = 2
				set:b = true
				object_var_name:t = ""
				object_var_comp_op:t = "equal"
				object_var_value:i = 0
				target:t = "t2_quest_units_squad"
			}
		}
		else_actions {

		}
	}
}
mission_objectives {
	isCategory:b = true
	is_enabled:b = true
	gsn_planes_objective {
		is_enabled:b = true
		comments:t = ""
		type:t = "abstractMissionObjective"
		props {
			isPrimary:b = true
			timeLimit:i = 1800
			scoreConst:i = 100
			scoreTime:i = 400
		}
		onSuccess {

		}
		onFailed {

		}
	}
	gsn_main_objective {
		is_enabled:b = false
		comments:t = ""
		type:t = "abstractMissionObjective"
		props {
			isPrimary:b = true
			timeLimit:i = 1800
			scoreConst:i = 100
			scoreTime:i = 400
		}
		onSuccess {

		}
		onFailed {

		}
	}
}
variables {

}
dialogs {

}
airfields {

}
effects {

}
units {
	objectGroups {
		name:t = "objectGroups_01"
		tm:m = [[-0.965561, -0.0272642, -0.258743] [-0.0254199, 0.999621, -0.0104715] [0.258931, -0.00353366, -0.96589] [-18105.2, 182.5, 1944.65]]
		unit_class:t = "dynTrench_small_bunker_axis"
		props {
			army:i = 0
			active:b = true
		}
	}
	objectGroups {
		name:t = "objectGroups_02"
		tm:m = [[-0.972972, -0.0323352, -0.228646] [-0.0329808, 0.999455, -0.000997847] [0.228554, 0.00657007, -0.973509] [-18839.1, 160.5, 1906.58]]
		unit_class:t = "dynTrench_small_bunker_axis"
		props {
			army:i = 0
			active:b = true
		}
	}
	objectGroups {
		name:t = "objectGroups_03"
		tm:m = [[-0.790923, -0.0853083, -0.605938] [-0.0910558, 0.995618, -0.0213162] [0.605102, 0.0383151, -0.795225] [-19461.8, 120.28, 1613.87]]
		unit_class:t = "dynTrench_small_bunker_axis"
		props {
			army:i = 0
			active:b = true
		}
	}
	objectGroups {
		name:t = "objectGroups_04"
		tm:m = [[-0.574193, 0.0364509, -0.817907] [-0.00316945, 0.998901, 0.0467421] [0.818713, 0.0294313, -0.573447] [-19995.6, 131.62, 735.448]]
		unit_class:t = "dynTrench_small_bunker_axis"
		props {
			army:i = 0
			active:b = true
		}
	}
	objectGroups {
		name:t = "objectGroups_05"
		tm:m = [[-0.818515, -0.0400159, -0.573091] [-0.052348, 0.998616, 0.00503776] [0.572097, 0.0341236, -0.819477] [-18483.9, 176.098, 2102.21]]
		unit_class:t = "dynTrench_st_mod_01"
		props {
			army:i = 0
			active:b = true
		}
	}
	objectGroups {
		name:t = "objectGroups_06"
		tm:m = [[-0.422262, 0.0507229, -0.905054] [-0.00877521, 0.998157, 0.0600348] [0.906431, 0.0332923, -0.421038] [-20148.0, 144.369, 519.839]]
		unit_class:t = "dynTrench_st_mod_01"
		props {
			army:i = 0
			active:b = true
		}
	}
	objectGroups {
		name:t = "objectGroups_07"
		tm:m = [[-0.932849, -0.0602513, -0.355194] [-0.0471798, 0.997856, -0.0453569] [0.357166, -0.0255532, -0.933692] [-19451.1, 139.421, 2352.29]]
		unit_class:t = "dynTrench_small_bunker_axis"
		props {
			army:i = 0
			active:b = true
		}
	}
	air_defence {
		name:t = "t1_aaa_01"
		tm:m = [[0.793162, 0.0173993, -0.608761] [-0.0219314, 0.999759, 0.0] [0.608615, 0.013351, 0.793353] [-18128.9, 202.437, 1987.95]]
		unit_class:t = "germ_20mm_flak38_noground_light"
		closed_waypoints:b = false
		isShipSpline:b = false
		shipTurnRadius:r = 100
		weapons:t = ""
		bullets0:t = ""
		bullets1:t = ""
		bullets2:t = ""
		bullets3:t = ""
		bulletsCount0:i = 0
		bulletsCount1:i = 0
		bulletsCount2:i = 0
		bulletsCount3:i = 0
		crewSkillK:r = 0
		applyAllMods:b = false
		props {
			army:i = 1
			count:i = 1
			formation_type:t = "rows"
			formation_div:i = 3
			formation_step:p2 = 2.5, 2
			formation_noise:p2 = 0.1, 0.1
			uniqueName:t = ""
			attack_type:t = "fire_at_will"
		}
		way {

		}
	}
	air_defence {
		name:t = "t1_aaa_02"
		tm:m = [[0.849768, 0.0221646, -0.526692] [-0.0260742, 0.99966, 0.0] [0.526513, 0.0137331, 0.850057] [-18861.0, 174.683, 1950.97]]
		unit_class:t = "germ_20mm_flak38_noground_light"
		closed_waypoints:b = false
		isShipSpline:b = false
		shipTurnRadius:r = 100
		weapons:t = ""
		bullets0:t = ""
		bullets1:t = ""
		bullets2:t = ""
		bullets3:t = ""
		bulletsCount0:i = 0
		bulletsCount1:i = 0
		bulletsCount2:i = 0
		bulletsCount3:i = 0
		crewSkillK:r = 0
		applyAllMods:b = false
		props {
			army:i = 1
			count:i = 1
			formation_type:t = "rows"
			formation_div:i = 3
			formation_step:p2 = 2.5, 2
			formation_noise:p2 = 0.1, 0.1
			uniqueName:t = ""
			attack_type:t = "fire_at_will"
		}
		way {

		}
	}
	air_defence {
		name:t = "t1_aaa_03"
		tm:m = [[0.999675, 0.0254856, -0.00044827] [-0.0254895, 0.999521, -0.0175807] [0.0, 0.0175864, 0.999845] [-19500.0, 133.416, 1645.04]]
		unit_class:t = "germ_20mm_flak38_noground_light"
		closed_waypoints:b = false
		isShipSpline:b = false
		shipTurnRadius:r = 100
		weapons:t = ""
		bullets0:t = ""
		bullets1:t = ""
		bullets2:t = ""
		bullets3:t = ""
		bulletsCount0:i = 0
		bulletsCount1:i = 0
		bulletsCount2:i = 0
		bulletsCount3:i = 0
		crewSkillK:r = 0
		applyAllMods:b = false
		props {
			army:i = 1
			count:i = 1
			formation_type:t = "rows"
			formation_div:i = 3
			formation_step:p2 = 2.5, 2
			formation_noise:p2 = 0.1, 0.1
			uniqueName:t = ""
			attack_type:t = "fire_at_will"
		}
		way {

		}
	}
	air_defence {
		name:t = "t1_aaa_04"
		tm:m = [[0.995959, 0.0218915, -0.0871034] [-0.0249906, 0.999087, -0.0346495] [0.0862653, 0.0366862, 0.995597] [-20041.7, 145.773, 753.979]]
		unit_class:t = "germ_20mm_flak38_noground_light"
		closed_waypoints:b = false
		isShipSpline:b = false
		shipTurnRadius:r = 100
		weapons:t = ""
		bullets0:t = ""
		bullets1:t = ""
		bullets2:t = ""
		bullets3:t = ""
		bulletsCount0:i = 0
		bulletsCount1:i = 0
		bulletsCount2:i = 0
		bulletsCount3:i = 0
		crewSkillK:r = 0
		applyAllMods:b = false
		props {
			army:i = 1
			count:i = 1
			formation_type:t = "rows"
			formation_div:i = 3
			formation_step:p2 = 2.5, 2
			formation_noise:p2 = 0.1, 0.1
			uniqueName:t = ""
			attack_type:t = "fire_at_will"
		}
		way {

		}
	}
	air_defence {
		name:t = "t1_aaa_05"
		tm:m = [[0.736575, 0.0321596, -0.675591] [-0.0436194, 0.999048, 0.0] [0.674948, 0.0294689, 0.737277] [-19480.7, 168.358, 2392.71]]
		unit_class:t = "germ_20mm_flak38_noground_light"
		closed_waypoints:b = false
		isShipSpline:b = false
		shipTurnRadius:r = 100
		weapons:t = ""
		bullets0:t = ""
		bullets1:t = ""
		bullets2:t = ""
		bullets3:t = ""
		bulletsCount0:i = 0
		bulletsCount1:i = 0
		bulletsCount2:i = 0
		bulletsCount3:i = 0
		crewSkillK:r = 0
		applyAllMods:b = false
		props {
			army:i = 1
			count:i = 1
			formation_type:t = "rows"
			formation_div:i = 3
			formation_step:p2 = 2.5, 2
			formation_noise:p2 = 0.1, 0.1
			uniqueName:t = ""
			attack_type:t = "fire_at_will"
		}
		way {

		}
	}
	air_defence {
		name:t = "t1_aaa_06"
		tm:m = [[0.976296, 0.0, 0.216439] [0.0, 1.0, 0.0] [-0.216439, 0.0, 0.976296] [-18455.9, 211.322, 2140.18]]
		unit_class:t = "germ_20mm_flak38_noground_light"
		closed_waypoints:b = false
		isShipSpline:b = false
		shipTurnRadius:r = 100
		weapons:t = ""
		bullets0:t = ""
		bullets1:t = ""
		bullets2:t = ""
		bullets3:t = ""
		bulletsCount0:i = 0
		bulletsCount1:i = 0
		bulletsCount2:i = 0
		bulletsCount3:i = 0
		crewSkillK:r = 0
		applyAllMods:b = false
		props {
			army:i = 1
			count:i = 1
			formation_type:t = "rows"
			formation_div:i = 3
			formation_step:p2 = 2.5, 2
			formation_noise:p2 = 0.1, 0.1
			uniqueName:t = ""
			attack_type:t = "fire_at_will"
		}
		way {

		}
	}
	air_defence {
		name:t = "t1_aaa_07"
		tm:m = [[0.976296, 0.0, 0.216439] [0.0, 1.0, 0.0] [-0.216439, 0.0, 0.976296] [-18608.6, 204.422, 2216.36]]
		unit_class:t = "germ_20mm_flak38_noground_light"
		closed_waypoints:b = false
		isShipSpline:b = false
		shipTurnRadius:r = 100
		weapons:t = ""
		bullets0:t = ""
		bullets1:t = ""
		bullets2:t = ""
		bullets3:t = ""
		bulletsCount0:i = 0
		bulletsCount1:i = 0
		bulletsCount2:i = 0
		bulletsCount3:i = 0
		crewSkillK:r = 0
		applyAllMods:b = false
		props {
			army:i = 1
			count:i = 1
			formation_type:t = "rows"
			formation_div:i = 3
			formation_step:p2 = 2.5, 2
			formation_noise:p2 = 0.1, 0.1
			uniqueName:t = ""
			attack_type:t = "fire_at_will"
		}
		way {

		}
	}
	air_defence {
		name:t = "t1_aaa_08"
		tm:m = [[0.972363, -0.0816505, 0.218734] [0.09136, 0.995215, -0.034632] [-0.21486, 0.0536584, 0.97517] [-20097.0, 189.594, 521.808]]
		unit_class:t = "germ_20mm_flak38_noground_light"
		closed_waypoints:b = false
		isShipSpline:b = false
		shipTurnRadius:r = 100
		weapons:t = ""
		bullets0:t = ""
		bullets1:t = ""
		bullets2:t = ""
		bullets3:t = ""
		bulletsCount0:i = 0
		bulletsCount1:i = 0
		bulletsCount2:i = 0
		bulletsCount3:i = 0
		crewSkillK:r = 0
		applyAllMods:b = false
		props {
			army:i = 1
			count:i = 1
			formation_type:t = "rows"
			formation_div:i = 3
			formation_step:p2 = 2.5, 2
			formation_noise:p2 = 0.1, 0.1
			uniqueName:t = ""
			attack_type:t = "fire_at_will"
		}
		way {

		}
	}
	air_defence {
		name:t = "t1_aaa_09"
		tm:m = [[0.972363, -0.0816505, 0.218734] [0.09136, 0.995215, -0.034632] [-0.21486, 0.0536584, 0.97517] [-20309.3, 196.692, 555.605]]
		unit_class:t = "germ_20mm_flak38_noground_light"
		closed_waypoints:b = false
		isShipSpline:b = false
		shipTurnRadius:r = 100
		weapons:t = ""
		bullets0:t = ""
		bullets1:t = ""
		bullets2:t = ""
		bullets3:t = ""
		bulletsCount0:i = 0
		bulletsCount1:i = 0
		bulletsCount2:i = 0
		bulletsCount3:i = 0
		crewSkillK:r = 0
		applyAllMods:b = false
		props {
			army:i = 1
			count:i = 1
			formation_type:t = "rows"
			formation_div:i = 3
			formation_step:p2 = 2.5, 2
			formation_noise:p2 = 0.1, 0.1
			uniqueName:t = ""
			attack_type:t = "fire_at_will"
		}
		way {

		}
	}
	squad {
		name:t = "t1_aaa_squad"
		tm:m = [[1.0, 0.0, 0.0] [0.0, 1.0, 0.0] [0.0, 0.0, 1.0] [-19710.2, 177.801, 3057.48]]
		props {
			squad_members:t = "t1_aaa_01"
			squad_members:t = "t1_aaa_02"
			squad_members:t = "t1_aaa_03"
			squad_members:t = "t1_aaa_04"
			squad_members:t = "t1_aaa_05"
			squad_members:t = "t1_aaa_06"
			squad_members:t = "t1_aaa_07"
			squad_members:t = "t1_aaa_08"
			squad_members:t = "t1_aaa_09"
			squad_members:t = "t1_aaa_10"
			squad_members:t = "t1_aaa_11"
			object_marking:i = 0
		}
	}
	structures {
		name:t = "t1_art_01"
		tm:m = [[0.573438, 0.0125793, -0.819152] [-0.0219314, 0.999759, 0.0] [0.818955, 0.0179651, 0.573576] [-18025.9, 203.396, 1968.0]]
		unit_class:t = "germ_37mm_pak36_noground_light"
		closed_waypoints:b = false
		isShipSpline:b = false
		shipTurnRadius:r = 100
		weapons:t = ""
		bullets0:t = ""
		bullets1:t = ""
		bullets2:t = ""
		bullets3:t = ""
		bulletsCount0:i = 0
		bulletsCount1:i = 0
		bulletsCount2:i = 0
		bulletsCount3:i = 0
		crewSkillK:r = 0
		applyAllMods:b = false
		props {
			army:i = 1
			count:i = 1
			formation_type:t = "rows"
			formation_div:i = 3
			formation_step:p2 = 2.5, 2
			formation_noise:p2 = 0.1, 0.1
			uniqueName:t = ""
			attack_type:t = "fire_at_will"
		}
		way {

		}
	}
	structures {
		name:t = "t1_art_02"
		tm:m = [[0.94952, -0.0975407, -0.298156] [0.09136, 0.995215, -0.034632] [0.300108, 0.00564427, 0.953889] [-19998.0, 191.215, 494.549]]
		unit_class:t = "germ_37mm_pak36_noground_light"
		closed_waypoints:b = false
		isShipSpline:b = false
		shipTurnRadius:r = 100
		weapons:t = ""
		bullets0:t = ""
		bullets1:t = ""
		bullets2:t = ""
		bullets3:t = ""
		bulletsCount0:i = 0
		bulletsCount1:i = 0
		bulletsCount2:i = 0
		bulletsCount3:i = 0
		crewSkillK:r = 0
		applyAllMods:b = false
		props {
			army:i = 1
			count:i = 1
			formation_type:t = "rows"
			formation_div:i = 3
			formation_step:p2 = 2.5, 2
			formation_noise:p2 = 0.1, 0.1
			uniqueName:t = ""
			attack_type:t = "fire_at_will"
		}
		way {

		}
	}
	structures {
		name:t = "t1_art_03"
		tm:m = [[0.228576, 0.00596196, -0.973508] [-0.0260742, 0.99966, 0.0] [0.973177, 0.0253835, 0.228653] [-18913.5, 172.915, 1859.56]]
		unit_class:t = "germ_37mm_pak36_noground_light"
		closed_waypoints:b = false
		isShipSpline:b = false
		shipTurnRadius:r = 100
		weapons:t = ""
		bullets0:t = ""
		bullets1:t = ""
		bullets2:t = ""
		bullets3:t = ""
		bulletsCount0:i = 0
		bulletsCount1:i = 0
		bulletsCount2:i = 0
		bulletsCount3:i = 0
		crewSkillK:r = 0
		applyAllMods:b = false
		props {
			army:i = 1
			count:i = 1
			formation_type:t = "rows"
			formation_div:i = 3
			formation_step:p2 = 2.5, 2
			formation_noise:p2 = 0.1, 0.1
			uniqueName:t = ""
			attack_type:t = "fire_at_will"
		}
		way {

		}
	}
	structures {
		name:t = "t1_art_04"
		tm:m = [[0.173647, 0.0, -0.984807] [0.0, 1.0, 0.0] [0.984807, 0.0, 0.173647] [-18449.1, 205.472, 1978.17]]
		unit_class:t = "germ_37mm_pak36_noground_light"
		closed_waypoints:b = false
		isShipSpline:b = false
		shipTurnRadius:r = 100
		weapons:t = ""
		bullets0:t = ""
		bullets1:t = ""
		bullets2:t = ""
		bullets3:t = ""
		bulletsCount0:i = 0
		bulletsCount1:i = 0
		bulletsCount2:i = 0
		bulletsCount3:i = 0
		crewSkillK:r = 0
		applyAllMods:b = false
		props {
			army:i = 1
			count:i = 1
			formation_type:t = "rows"
			formation_div:i = 3
			formation_step:p2 = 2.5, 2
			formation_noise:p2 = 0.1, 0.1
			uniqueName:t = ""
			attack_type:t = "fire_at_will"
		}
		way {

		}
	}
	structures {
		name:t = "t1_art_05"
		tm:m = [[0.939695, 0.0116505, -0.341816] [-0.0249906, 0.999087, -0.0346495] [0.3411, 0.0411022, 0.939129] [-19949.2, 146.098, 804.828]]
		unit_class:t = "germ_37mm_pak36_noground_light"
		closed_waypoints:b = false
		isShipSpline:b = false
		shipTurnRadius:r = 100
		weapons:t = ""
		bullets0:t = ""
		bullets1:t = ""
		bullets2:t = ""
		bullets3:t = ""
		bulletsCount0:i = 0
		bulletsCount1:i = 0
		bulletsCount2:i = 0
		bulletsCount3:i = 0
		crewSkillK:r = 0
		applyAllMods:b = false
		props {
			army:i = 1
			count:i = 1
			formation_type:t = "rows"
			formation_div:i = 3
			formation_step:p2 = 2.5, 2
			formation_noise:p2 = 0.1, 0.1
			uniqueName:t = ""
			attack_type:t = "fire_at_will"
		}
		way {

		}
	}
	structures {
		name:t = "t1_art_06"
		tm:m = [[0.765315, 0.0334144, -0.642788] [-0.0436194, 0.999048, 0.0] [0.642176, 0.028038, 0.766044] [-19377.4, 185.831, 2385.77]]
		unit_class:t = "germ_37mm_pak36_noground_light"
		closed_waypoints:b = false
		isShipSpline:b = false
		shipTurnRadius:r = 100
		weapons:t = ""
		bullets0:t = ""
		bullets1:t = ""
		bullets2:t = ""
		bullets3:t = ""
		bulletsCount0:i = 0
		bulletsCount1:i = 0
		bulletsCount2:i = 0
		bulletsCount3:i = 0
		crewSkillK:r = 0
		applyAllMods:b = false
		props {
			army:i = 1
			count:i = 1
			formation_type:t = "rows"
			formation_div:i = 3
			formation_step:p2 = 2.5, 2
			formation_noise:p2 = 0.1, 0.1
			uniqueName:t = ""
			attack_type:t = "fire_at_will"
		}
		way {

		}
	}
	structures {
		name:t = "t1_art_08"
		tm:m = [[0.312524, 0.00815158, -0.949874] [-0.0260742, 0.99966, 0.0] [0.949551, 0.0247672, 0.31263] [-18758.9, 177.996, 1927.09]]
		unit_class:t = "germ_37mm_pak36_noground_light"
		closed_waypoints:b = false
		isShipSpline:b = false
		shipTurnRadius:r = 100
		weapons:t = ""
		bullets0:t = ""
		bullets1:t = ""
		bullets2:t = ""
		bullets3:t = ""
		bulletsCount0:i = 0
		bulletsCount1:i = 0
		bulletsCount2:i = 0
		bulletsCount3:i = 0
		crewSkillK:r = 0
		applyAllMods:b = false
		props {
			army:i = 1
			count:i = 1
			formation_type:t = "rows"
			formation_div:i = 3
			formation_step:p2 = 2.5, 2
			formation_noise:p2 = 0.1, 0.1
			uniqueName:t = ""
			attack_type:t = "fire_at_will"
		}
		way {

		}
	}
	structures {
		name:t = "t1_art_09"
		tm:m = [[0.737037, 0.00690878, -0.675816] [-0.0254895, 0.999521, -0.0175807] [0.67537, 0.0301839, 0.73686] [-19510.5, 129.607, 1540.5]]
		unit_class:t = "germ_37mm_pak36_noground_light"
		closed_waypoints:b = false
		isShipSpline:b = false
		shipTurnRadius:r = 100
		weapons:t = ""
		bullets0:t = ""
		bullets1:t = ""
		bullets2:t = ""
		bullets3:t = ""
		bulletsCount0:i = 0
		bulletsCount1:i = 0
		bulletsCount2:i = 0
		bulletsCount3:i = 0
		crewSkillK:r = 0
		applyAllMods:b = false
		props {
			army:i = 1
			count:i = 1
			formation_type:t = "rows"
			formation_div:i = 3
			formation_step:p2 = 2.5, 2
			formation_noise:p2 = 0.1, 0.1
			uniqueName:t = ""
			attack_type:t = "fire_at_will"
		}
		way {

		}
	}
	structures {
		name:t = "t1_art_10"
		tm:m = [[0.862058, -0.0964502, -0.497548] [0.09136, 0.995215, -0.034632] [0.498507, -0.0156012, 0.866745] [-20051.6, 194.624, 429.441]]
		unit_class:t = "germ_37mm_pak36_noground_light"
		closed_waypoints:b = false
		isShipSpline:b = false
		shipTurnRadius:r = 100
		weapons:t = ""
		bullets0:t = ""
		bullets1:t = ""
		bullets2:t = ""
		bullets3:t = ""
		bulletsCount0:i = 0
		bulletsCount1:i = 0
		bulletsCount2:i = 0
		bulletsCount3:i = 0
		crewSkillK:r = 0
		applyAllMods:b = false
		props {
			army:i = 1
			count:i = 1
			formation_type:t = "rows"
			formation_div:i = 3
			formation_step:p2 = 2.5, 2
			formation_noise:p2 = 0.1, 0.1
			uniqueName:t = ""
			attack_type:t = "fire_at_will"
		}
		way {

		}
	}
	structures {
		name:t = "t1_art_11"
		tm:m = [[0.49988, 0.0109657, -0.866025] [-0.0219314, 0.999759, 0.0] [0.865817, 0.0189931, 0.5] [-18177.9, 196.961, 1895.05]]
		unit_class:t = "germ_37mm_pak36_noground_light"
		closed_waypoints:b = false
		isShipSpline:b = false
		shipTurnRadius:r = 100
		weapons:t = ""
		bullets0:t = ""
		bullets1:t = ""
		bullets2:t = ""
		bullets3:t = ""
		bulletsCount0:i = 0
		bulletsCount1:i = 0
		bulletsCount2:i = 0
		bulletsCount3:i = 0
		crewSkillK:r = 0
		applyAllMods:b = false
		props {
			army:i = 1
			count:i = 1
			formation_type:t = "rows"
			formation_div:i = 3
			formation_step:p2 = 2.5, 2
			formation_noise:p2 = 0.1, 0.1
			uniqueName:t = ""
			attack_type:t = "fire_at_will"
		}
		way {

		}
	}
	structures {
		name:t = "t1_art_12"
		tm:m = [[0.536789, 0.0234367, -0.843391] [-0.0436194, 0.999048, 0.0] [0.842588, 0.0367882, 0.5373] [-19459.2, 184.76, 2339.59]]
		unit_class:t = "germ_37mm_pak36_noground_light"
		closed_waypoints:b = false
		isShipSpline:b = false
		shipTurnRadius:r = 100
		weapons:t = ""
		bullets0:t = ""
		bullets1:t = ""
		bullets2:t = ""
		bullets3:t = ""
		bulletsCount0:i = 0
		bulletsCount1:i = 0
		bulletsCount2:i = 0
		bulletsCount3:i = 0
		crewSkillK:r = 0
		applyAllMods:b = false
		props {
			army:i = 1
			count:i = 1
			formation_type:t = "rows"
			formation_div:i = 3
			formation_step:p2 = 2.5, 2
			formation_noise:p2 = 0.1, 0.1
			uniqueName:t = ""
			attack_type:t = "fire_at_will"
		}
		way {

		}
	}
	structures {
		name:t = "t1_art_13"
		tm:m = [[0.819153, 0.0, -0.573576] [0.0, 1.0, 0.0] [0.573576, 0.0, 0.819153] [-18369.9, 210.122, 2008.03]]
		unit_class:t = "germ_37mm_pak36_noground_light"
		closed_waypoints:b = false
		isShipSpline:b = false
		shipTurnRadius:r = 100
		weapons:t = ""
		bullets0:t = ""
		bullets1:t = ""
		bullets2:t = ""
		bullets3:t = ""
		bulletsCount0:i = 0
		bulletsCount1:i = 0
		bulletsCount2:i = 0
		bulletsCount3:i = 0
		crewSkillK:r = 0
		applyAllMods:b = false
		props {
			army:i = 1
			count:i = 1
			formation_type:t = "rows"
			formation_div:i = 3
			formation_step:p2 = 2.5, 2
			formation_noise:p2 = 0.1, 0.1
			uniqueName:t = ""
			attack_type:t = "fire_at_will"
		}
		way {

		}
	}
	structures {
		name:t = "t1_art_14"
		tm:m = [[0.90639, 0.00802385, -0.422364] [-0.0249906, 0.999087, -0.0346495] [0.421701, 0.0419611, 0.905763] [-19994.7, 155.937, 721.597]]
		unit_class:t = "germ_37mm_pak36_noground_light"
		closed_waypoints:b = false
		isShipSpline:b = false
		shipTurnRadius:r = 100
		weapons:t = ""
		bullets0:t = ""
		bullets1:t = ""
		bullets2:t = ""
		bullets3:t = ""
		bulletsCount0:i = 0
		bulletsCount1:i = 0
		bulletsCount2:i = 0
		bulletsCount3:i = 0
		crewSkillK:r = 0
		applyAllMods:b = false
		props {
			army:i = 1
			count:i = 1
			formation_type:t = "rows"
			formation_div:i = 3
			formation_step:p2 = 2.5, 2
			formation_noise:p2 = 0.1, 0.1
			uniqueName:t = ""
			attack_type:t = "fire_at_will"
		}
		way {

		}
	}
	structures {
		name:t = "t1_art_15"
		tm:m = [[0.987207, -0.0950785, -0.127985] [0.09136, 0.995215, -0.034632] [0.130665, 0.0224963, 0.99117] [-20086.5, 196.998, 565.97]]
		unit_class:t = "germ_37mm_pak36_noground_light"
		closed_waypoints:b = false
		isShipSpline:b = false
		shipTurnRadius:r = 100
		weapons:t = ""
		bullets0:t = ""
		bullets1:t = ""
		bullets2:t = ""
		bullets3:t = ""
		bulletsCount0:i = 0
		bulletsCount1:i = 0
		bulletsCount2:i = 0
		bulletsCount3:i = 0
		crewSkillK:r = 0
		applyAllMods:b = false
		props {
			army:i = 1
			count:i = 1
			formation_type:t = "rows"
			formation_div:i = 3
			formation_step:p2 = 2.5, 2
			formation_noise:p2 = 0.1, 0.1
			uniqueName:t = ""
			attack_type:t = "fire_at_will"
		}
		way {

		}
	}
	structures {
		name:t = "t1_art_16"
		tm:m = [[0.706877, 0.0055856, -0.707314] [-0.0254895, 0.999521, -0.0175807] [0.706876, 0.0304565, 0.706681] [-19465.5, 141.594, 1599.54]]
		unit_class:t = "germ_37mm_pak36_noground_light"
		closed_waypoints:b = false
		isShipSpline:b = false
		shipTurnRadius:r = 100
		weapons:t = ""
		bullets0:t = ""
		bullets1:t = ""
		bullets2:t = ""
		bullets3:t = ""
		bulletsCount0:i = 0
		bulletsCount1:i = 0
		bulletsCount2:i = 0
		bulletsCount3:i = 0
		crewSkillK:r = 0
		applyAllMods:b = false
		props {
			army:i = 1
			count:i = 1
			formation_type:t = "rows"
			formation_div:i = 3
			formation_step:p2 = 2.5, 2
			formation_noise:p2 = 0.1, 0.1
			uniqueName:t = ""
			attack_type:t = "fire_at_will"
		}
		way {

		}
	}
	structures {
		name:t = "t1_art_17"
		tm:m = [[0.642175, 0.028038, -0.766044] [-0.0436194, 0.999048, 0.0] [0.765315, 0.0334144, 0.642787] [-19518.3, 152.101, 2294.74]]
		unit_class:t = "germ_37mm_pak36_noground_light"
		closed_waypoints:b = false
		isShipSpline:b = false
		shipTurnRadius:r = 100
		weapons:t = ""
		bullets0:t = ""
		bullets1:t = ""
		bullets2:t = ""
		bullets3:t = ""
		bulletsCount0:i = 0
		bulletsCount1:i = 0
		bulletsCount2:i = 0
		bulletsCount3:i = 0
		crewSkillK:r = 0
		applyAllMods:b = false
		props {
			army:i = 1
			count:i = 1
			formation_type:t = "rows"
			formation_div:i = 3
			formation_step:p2 = 2.5, 2
			formation_noise:p2 = 0.1, 0.1
			uniqueName:t = ""
			attack_type:t = "fire_at_will"
		}
		way {

		}
	}
	structures {
		name:t = "t1_art_18"
		tm:m = [[0.382591, 0.00839277, -0.923879] [-0.0219314, 0.999759, 0.0] [0.923657, 0.0202619, 0.382683] [-18113.1, 209.584, 1932.55]]
		unit_class:t = "germ_37mm_pak36_noground_light"
		closed_waypoints:b = false
		isShipSpline:b = false
		shipTurnRadius:r = 100
		weapons:t = ""
		bullets0:t = ""
		bullets1:t = ""
		bullets2:t = ""
		bullets3:t = ""
		bulletsCount0:i = 0
		bulletsCount1:i = 0
		bulletsCount2:i = 0
		bulletsCount3:i = 0
		crewSkillK:r = 0
		applyAllMods:b = false
		props {
			army:i = 1
			count:i = 1
			formation_type:t = "rows"
			formation_div:i = 3
			formation_step:p2 = 2.5, 2
			formation_noise:p2 = 0.1, 0.1
			uniqueName:t = ""
			attack_type:t = "fire_at_will"
		}
		way {

		}
	}
	structures {
		name:t = "t1_art_19"
		tm:m = [[0.887134, 0.00618593, -0.461471] [-0.0249906, 0.999087, -0.0346495] [0.460835, 0.0422712, 0.886478] [-20020.1, 147.651, 651.07]]
		unit_class:t = "germ_37mm_pak36_noground_light"
		closed_waypoints:b = false
		isShipSpline:b = false
		shipTurnRadius:r = 100
		weapons:t = ""
		bullets0:t = ""
		bullets1:t = ""
		bullets2:t = ""
		bullets3:t = ""
		bulletsCount0:i = 0
		bulletsCount1:i = 0
		bulletsCount2:i = 0
		bulletsCount3:i = 0
		crewSkillK:r = 0
		applyAllMods:b = false
		props {
			army:i = 1
			count:i = 1
			formation_type:t = "rows"
			formation_div:i = 3
			formation_step:p2 = 2.5, 2
			formation_noise:p2 = 0.1, 0.1
			uniqueName:t = ""
			attack_type:t = "fire_at_will"
		}
		way {

		}
	}
	structures {
		name:t = "t1_art_20"
		tm:m = [[0.394094, 0.0102792, -0.919013] [-0.0260742, 0.99966, 0.0] [0.918701, 0.0239626, 0.394228] [-18847.2, 178.996, 1894.85]]
		unit_class:t = "germ_37mm_pak36_noground_light"
		closed_waypoints:b = false
		isShipSpline:b = false
		shipTurnRadius:r = 100
		weapons:t = ""
		bullets0:t = ""
		bullets1:t = ""
		bullets2:t = ""
		bullets3:t = ""
		bulletsCount0:i = 0
		bulletsCount1:i = 0
		bulletsCount2:i = 0
		bulletsCount3:i = 0
		crewSkillK:r = 0
		applyAllMods:b = false
		props {
			army:i = 1
			count:i = 1
			formation_type:t = "rows"
			formation_div:i = 3
			formation_step:p2 = 2.5, 2
			formation_noise:p2 = 0.1, 0.1
			uniqueName:t = ""
			attack_type:t = "fire_at_will"
		}
		way {

		}
	}
	structures {
		name:t = "t1_art_21"
		tm:m = [[0.923578, 0.0168157, -0.383038] [-0.0254895, 0.999521, -0.0175807] [0.382559, 0.0260006, 0.923565] [-19399.8, 147.949, 1666.19]]
		unit_class:t = "germ_37mm_pak36_noground_light"
		closed_waypoints:b = false
		isShipSpline:b = false
		shipTurnRadius:r = 100
		weapons:t = ""
		bullets0:t = ""
		bullets1:t = ""
		bullets2:t = ""
		bullets3:t = ""
		bulletsCount0:i = 0
		bulletsCount1:i = 0
		bulletsCount2:i = 0
		bulletsCount3:i = 0
		crewSkillK:r = 0
		applyAllMods:b = false
		props {
			army:i = 1
			count:i = 1
			formation_type:t = "rows"
			formation_div:i = 3
			formation_step:p2 = 2.5, 2
			formation_noise:p2 = 0.1, 0.1
			uniqueName:t = ""
			attack_type:t = "fire_at_will"
		}
		way {

		}
	}
	structures {
		name:t = "t1_art_22"
		tm:m = [[-0.537299, 0.0, -0.843392] [0.0, 1.0, 0.0] [0.843392, 0.0, -0.537299] [-18517.3, 209.822, 2036.69]]
		unit_class:t = "germ_37mm_pak36_noground_light"
		closed_waypoints:b = false
		isShipSpline:b = false
		shipTurnRadius:r = 100
		weapons:t = ""
		bullets0:t = ""
		bullets1:t = ""
		bullets2:t = ""
		bullets3:t = ""
		bulletsCount0:i = 0
		bulletsCount1:i = 0
		bulletsCount2:i = 0
		bulletsCount3:i = 0
		crewSkillK:r = 0
		applyAllMods:b = false
		props {
			army:i = 1
			count:i = 1
			formation_type:t = "rows"
			formation_div:i = 3
			formation_step:p2 = 2.5, 2
			formation_noise:p2 = 0.1, 0.1
			uniqueName:t = ""
			attack_type:t = "fire_at_will"
		}
		way {

		}
	}
	structures {
		name:t = "t1_art_23"
		tm:m = [[-0.130665, -0.0224963, -0.99117] [0.09136, 0.995215, -0.034632] [0.987207, -0.0950785, -0.127985] [-20140.3, 197.124, 446.26]]
		unit_class:t = "germ_37mm_pak36_noground_light"
		closed_waypoints:b = false
		isShipSpline:b = false
		shipTurnRadius:r = 100
		weapons:t = ""
		bullets0:t = ""
		bullets1:t = ""
		bullets2:t = ""
		bullets3:t = ""
		bulletsCount0:i = 0
		bulletsCount1:i = 0
		bulletsCount2:i = 0
		bulletsCount3:i = 0
		crewSkillK:r = 0
		applyAllMods:b = false
		props {
			army:i = 1
			count:i = 1
			formation_type:t = "rows"
			formation_div:i = 3
			formation_step:p2 = 2.5, 2
			formation_noise:p2 = 0.1, 0.1
			uniqueName:t = ""
			attack_type:t = "fire_at_will"
		}
		way {

		}
	}
	squad {
		name:t = "t1_artillery_squad"
		tm:m = [[1.0, 0.0, 0.0] [0.0, 1.0, 0.0] [0.0, 0.0, 1.0] [-20062.9, 166.11, 2606.12]]
		props {
			squad_members:t = "t1_art_01"
			squad_members:t = "t1_art_02"
			squad_members:t = "t1_art_03"
			squad_members:t = "t1_art_04"
			squad_members:t = "t1_art_05"
			squad_members:t = "t1_art_06"
			squad_members:t = "t1_art_08"
			squad_members:t = "t1_art_09"
			squad_members:t = "t1_art_10"
			squad_members:t = "t1_art_11"
			squad_members:t = "t1_art_12"
			squad_members:t = "t1_art_13"
			squad_members:t = "t1_art_14"
			squad_members:t = "t1_art_15"
			squad_members:t = "t1_art_16"
			squad_members:t = "t1_art_17"
			squad_members:t = "t1_art_18"
			squad_members:t = "t1_art_19"
			squad_members:t = "t1_art_20"
			squad_members:t = "t1_art_21"
			squad_members:t = "t1_art_22"
			squad_members:t = "t1_art_23"
			squad_members:t = "t1_art_24"
			squad_members:t = "t1_art_25"
			squad_members:t = "t1_art_26"
			squad_members:t = "t1_art_27"
			squad_members:t = "t1_art_28"
			squad_members:t = "t1_art_29"
			object_marking:i = 0
		}
	}
	armada {
		name:t = "t1_player01"
		tm:m = [[1.0, 0.0, 0.0] [0.0, 1.0, 0.0] [0.0, 0.0, 1.0] [-20502.5, 1473.88, 2284.16]]
		unit_class:t = "i-15_1935_moscow"
		closed_waypoints:b = false
		isShipSpline:b = false
		shipTurnRadius:r = 100
		weapons:t = ""
		bullets0:t = ""
		bullets1:t = ""
		bullets2:t = ""
		bullets3:t = ""
		bulletsCount0:i = 0
		bulletsCount1:i = 0
		bulletsCount2:i = 0
		bulletsCount3:i = 0
		crewSkillK:r = 0
		applyAllMods:b = false
		props {
			army:i = 2
			count:i = 1
			free_distance:r = 70
			floating_distance:r = 50
			minimum_distance_to_earth:r = 20
			altLimit:r = 6000
			attack_type:t = "fire_at_will"
			skill:i = 4
			player:b = true
			plane {
				wing_formation:t = "Diamond"
