selected_tag:t = ""
bin_dump_file:t = ""
mission_settings {
	player {
		army:i = 1
	}
	player_teamB {
		army:i = 2
	}
	mission {
		level:t = "levels/air_smolensk.bin"
		type:t = "domination"
		environment:t = "Day"
		weather:t = "hazy"
		restoreType:t = "attempts"
		optionalTakeOff:b = false
	}
}
imports {

}
triggers {
	isCategory:b = true
	is_enabled:b = true
}
mission_objectives {
	isCategory:b = true
	is_enabled:b = true
}
variables {

}
dialogs {

}
airfields {

}
effects {

}
units {
	objectGroups {
		name:t = "bdt_t2_bomb_object_01"
		tm:m = [[0.985488, 0.0, -0.169732] [0.0, 1.0, 0.0] [0.169732, 0.0, 0.985488] [-24079.2, 142.944, -5049.47]]
		unit_class:t = "dynBase_hq_camp_square"
		objLayer:i = 2
		props {
			army:i = 2
			active:b = false
		}
	}
	objectGroups {
		name:t = "bdt_t2_bomb_object_02"
		tm:m = [[0.611912, 0.0, -0.790928] [0.0, 1.0, 0.0] [0.790928, 0.0, 0.611912] [-20947.9, 142.625, -10952.4]]
		unit_class:t = "dynBase_fuel_storage_square"
		objLayer:i = 2
		props {
			army:i = 2
			active:b = false
		}
	}
	objectGroups {
		name:t = "bdt_t2_bomb_object_03"
		tm:m = [[0.605603, 0.0, 0.795769] [0.0, 1.0, 0.0] [-0.795769, 0.0, 0.605603] [-15356.3, 137.984, -13176.5]]
		unit_class:t = "dynBase_oil_storage_small_square"
		objLayer:i = 2
		props {
			army:i = 2
			active:b = false
		}
	}
	objectGroups {
		name:t = "bdt_t1_bomb_object_01"
		tm:m = [[0.986814, 0.0, 0.161849] [0.0, 1.0, 0.0] [-0.161849, 0.0, 0.986814] [-13159.9, 129.953, 5062.31]]
		unit_class:t = "dynBase_fuel_storage_square"
		objLayer:i = 2
		props {
			army:i = 1
			active:b = false
		}
	}
	objectGroups {
		name:t = "bdt_t1_bomb_object_02"
		tm:m = [[0.618213, 0.0, 0.78601] [0.0, 1.0, 0.0] [-0.78601, 0.0, 0.618213] [-8429.68, 187.986, 2537.39]]
		unit_class:t = "dynBase_small_factory_square"
		objLayer:i = 2
		props {
			army:i = 1
			active:b = false
		}
	}
	objectGroups {
		name:t = "bdt_t1_bomb_object_03"
		tm:m = [[0.435535, 0.0, 0.900173] [0.0, 1.0, 0.0] [-0.900173, 0.0, 0.435535] [-5889.51, 151.96, -2315.08]]
		unit_class:t = "dynBase_oil_storage_small_square"
		objLayer:i = 2
		props {
			army:i = 1
			active:b = false
		}
	}
	objectGroups {
		name:t = "bdt_t2_bomb_object_04"
		tm:m = [[0.904619, 0.0, 0.426219] [0.0, 1.0, 0.0] [-0.426219, 0.0, 0.904619] [-23467.7, 85.7346, -274.158]]
		unit_class:t = "dynBase_small_factory_square"
		objLayer:i = 2
		props {
			army:i = 2
			active:b = false
		}
	}
	objectGroups {
		name:t = "bdt_t1_bomb_object_04"
		tm:m = [[0.723048, 0.0, 0.690798] [0.0, 1.0, 0.0] [-0.690798, 0.0, 0.723048] [-6448.67, 171.034, -6873.12]]
		unit_class:t = "dynBase_field_camp_square"
		objLayer:i = 2
		props {
			army:i = 1
			active:b = false
		}
	}
	objectGroups {
		name:t = "bdt_t1_bomb_object_05"
		tm:m = [[0.723048, 0.0, 0.690798] [0.0, 1.0, 0.0] [-0.690798, 0.0, 0.723048] [-8787.51, 132.514, -7467.52]]
		unit_class:t = "dynBase_military_base_square"
		objLayer:i = 2
		props {
			army:i = 1
			active:b = false
		}
	}
	objectGroups {
		name:t = "bdt_t1_bomb_object_06"
		tm:m = [[0.723048, 0.0, 0.690798] [0.0, 1.0, 0.0] [-0.690798, 0.0, 0.723048] [-7908.63, 139.974, -5128.23]]
		unit_class:t = "dynBase_oil_storage_large_square"
		objLayer:i = 2
		props {
			army:i = 1
			active:b = false
		}
	}
	objectGroups {
		name:t = "bdt_t1_bomb_object_07"
		tm:m = [[0.723048, 0.0, 0.690798] [0.0, 1.0, 0.0] [-0.690798, 0.0, 0.723048] [-8135.26, 160.534, -2359.44]]
		unit_class:t = "dynBase_oil_storage_large_square"
		objLayer:i = 2
		props {
			army:i = 1
			active:b = false
		}
	}
	objectGroups {
		name:t = "bdt_t1_bomb_object_08"
		tm:m = [[0.986814, 0.0, 0.161849] [0.0, 1.0, 0.0] [-0.161849, 0.0, 0.986814] [-14950.3, 114.631, 3225.03]]
		unit_class:t = "dynBase_small_factory_square"
		objLayer:i = 2
		props {
			army:i = 1
			active:b = false
		}
	}
	objectGroups {
		name:t = "bdt_t1_bomb_object_09"
		tm:m = [[0.986814, 0.0, 0.161849] [0.0, 1.0, 0.0] [-0.161849, 0.0, 0.986814] [-12231.8, 182.684, 2732.6]]
		unit_class:t = "dynBase_hq_camp_square"
		objLayer:i = 2
		props {
			army:i = 1
			active:b = false
		}
	}
	objectGroups {
		name:t = "bdt_t1_bomb_object_10"
		tm:m = [[0.986814, 0.0, 0.161849] [0.0, 1.0, 0.0] [-0.161849, 0.0, 0.986814] [-9891.89, 133.533, 1233.73]]
		unit_class:t = "dynBase_petrol_camp_square"
		objLayer:i = 2
		props {
			army:i = 1
			active:b = false
		}
	}
	objectGroups {
		name:t = "bdt_t2_bomb_object_05"
		tm:m = [[0.904619, 0.0, 0.426219] [0.0, 1.0, 0.0] [-0.426219, 0.0, 0.904619] [-21336.0, 64.6906, -71.1753]]
		unit_class:t = "dynBase_petrol_camp_square"
		objLayer:i = 2
		props {
			army:i = 2
			active:b = false
		}
	}
	objectGroups {
		name:t = "bdt_t2_bomb_object_06"
		tm:m = [[0.598806, 0.0, 0.800894] [0.0, 1.0, 0.0] [-0.800894, 0.0, 0.598806] [-22119.0, 143.767, -3017.82]]
		unit_class:t = "dynBase_military_base_square"
		objLayer:i = 2
		props {
			army:i = 2
			active:b = false
		}
	}
	objectGroups {
		name:t = "bdt_t2_bomb_object_07"
		tm:m = [[0.904619, 0.0, 0.426219] [0.0, 1.0, 0.0] [-0.426219, 0.0, 0.904619] [-22079.9, 153.747, -5674.78]]
		unit_class:t = "dynBase_fuel_storage_square"
		objLayer:i = 2
		props {
			army:i = 2
			active:b = false
		}
	}
	objectGroups {
		name:t = "bdt_t2_bomb_object_08"
		tm:m = [[0.605603, 0.0, 0.795769] [0.0, 1.0, 0.0] [-0.795769, 0.0, 0.605603] [-14570.7, 62.2703, -11129.1]]
		unit_class:t = "dynBase_ammunition_storage_square"
		objLayer:i = 2
		props {
			army:i = 2
			active:b = false
		}
	}
	objectGroups {
		name:t = "bdt_t2_bomb_object_09"
		tm:m = [[0.605603, 0.0, 0.795769] [0.0, 1.0, 0.0] [-0.795769, 0.0, 0.605603] [-17441.7, 63.6936, -10505.1]]
		unit_class:t = "dynBase_field_camp_square"
		objLayer:i = 2
		props {
			army:i = 2
			active:b = false
		}
	}
	objectGroups {
		name:t = "bdt_t2_bomb_object_10"
		tm:m = [[0.605603, 0.0, 0.795769] [0.0, 1.0, 0.0] [-0.795769, 0.0, 0.605603] [-20295.6, 154.578, -9182.67]]
		unit_class:t = "dynBase_oil_storage_small_square"
		objLayer:i = 2
		props {
			army:i = 2
			active:b = false
		}
	}
}
areas {
	bdt_t2_bomb_zone_01 {
		type:t = "Sphere"
		tm:m = [[443.472, 0.0, -76.38] [0.0, 450.0, 0.0] [76.38, 0.0, 443.472] [-24082.6, 182.49, -5055.74]]
		objLayer:i = 0
		props {

		}
	}
	bdt_t2_bomb_zone_02 {
		type:t = "Sphere"
		tm:m = [[443.472, 0.0, -76.38] [0.0, 450.0, 0.0] [76.38, 0.0, 443.472] [-20935.3, 143.312, -10934.9]]
		objLayer:i = 0
		props {

		}
	}
	bdt_t2_bomb_zone_03 {
		type:t = "Sphere"
		tm:m = [[272.523, 0.0, 358.095] [0.0, 450.0, 0.0] [-358.095, 0.0, 272.523] [-15366.1, 137.989, -13175.6]]
		objLayer:i = 0
		props {

		}
	}
	bdt_t1_bomb_zone_01 {
		type:t = "Sphere"
		tm:m = [[444.067, 0.0, 72.8317] [0.0, 450.0, 0.0] [-72.8317, 0.0, 444.067] [-13148.2, 129.874, 5067.33]]
		objLayer:i = 0
		props {

		}
	}
	bdt_t1_bomb_zone_02 {
		type:t = "Sphere"
		tm:m = [[348.158, 0.0, 285.108] [0.0, 450.0, 0.0] [-285.108, 0.0, 348.158] [-8427.65, 187.982, 2541.65]]
		objLayer:i = 0
		props {

		}
	}
	bdt_t1_bomb_zone_03 {
		type:t = "Sphere"
		tm:m = [[335.39, 0.0, 300.025] [0.0, 450.0, 0.0] [-300.025, 0.0, 335.39] [-5885.76, 151.869, -2310.79]]
		objLayer:i = 0
		props {

		}
	}
	bdt_t2_bomb_zone_04 {
		type:t = "Sphere"
		tm:m = [[407.078, 0.0, 191.798] [0.0, 450.0, 0.0] [-191.798, 0.0, 407.078] [-23459.9, 85.0126, -272.649]]
		objLayer:i = 0
		props {

		}
	}
	bdt_t1_bomb_zone_04 {
		type:t = "Sphere"
		tm:m = [[335.39, 0.0, 300.025] [0.0, 450.0, 0.0] [-300.025, 0.0, 335.39] [-6452.28, 170.959, -6868.73]]
		objLayer:i = 0
		props {

		}
	}
	bdt_t2_bomb_zone_01_aaa_point_01 {
		type:t = "Point"
		tm:m = [[0.912204, 0.0, 0.409734] [0.0, 1.0, 0.0] [-0.409734, 0.0, 0.912204] [-23966.4, 114.605, -5248.92]]
		objLayer:i = 0
		props {

		}
	}
	bdt_t2_bomb_zone_01_aaa_point_02 {
		type:t = "Point"
		tm:m = [[0.912204, 0.0, 0.409734] [0.0, 1.0, 0.0] [-0.409734, 0.0, 0.912204] [-24313.2, 125.746, -4876.24]]
		objLayer:i = 0
		props {

		}
	}
	bdt_t2_bomb_zone_01_aaa_point_03 {
		type:t = "Point"
		tm:m = [[0.912204, 0.0, 0.409734] [0.0, 1.0, 0.0] [-0.409734, 0.0, 0.912204] [-24208.2, 118.189, -4820.17]]
		objLayer:i = 0
		props {

		}
	}
	bdt_t2_bomb_zone_01_aaa_point_04 {
		type:t = "Point"
		tm:m = [[0.912204, 0.0, 0.409734] [0.0, 1.0, 0.0] [-0.409734, 0.0, 0.912204] [-23866.8, 119.004, -4641.04]]
		objLayer:i = 0
		props {

		}
	}
	bdt_t2_bomb_zone_02_aaa_point_01 {
		type:t = "Point"
		tm:m = [[0.912204, 0.0, 0.409734] [0.0, 1.0, 0.0] [-0.409734, 0.0, 0.912204] [-21055.4, 147.935, -11152.6]]
		objLayer:i = 0
		props {

		}
	}
	bdt_t2_bomb_zone_02_aaa_point_02 {
		type:t = "Point"
		tm:m = [[0.912204, 0.0, 0.409734] [0.0, 1.0, 0.0] [-0.409734, 0.0, 0.912204] [-21007.2, 138.319, -10615.7]]
		objLayer:i = 0
		props {

		}
	}
	bdt_t2_bomb_zone_02_aaa_point_03 {
		type:t = "Point"
		tm:m = [[0.912204, 0.0, 0.409734] [0.0, 1.0, 0.0] [-0.409734, 0.0, 0.912204] [-21214.9, 139.902, -10940.5]]
		objLayer:i = 0
		props {

		}
	}
	bdt_t2_bomb_zone_02_aaa_point_04 {
		type:t = "Point"
		tm:m = [[0.912204, 0.0, 0.409734] [0.0, 1.0, 0.0] [-0.409734, 0.0, 0.912204] [-20713.2, 135.795, -10878.0]]
		objLayer:i = 0
		props {

		}
	}
	bdt_t2_bomb_zone_03_aaa_point_01 {
		type:t = "Point"
		tm:m = [[0.912204, 0.0, 0.409734] [0.0, 1.0, 0.0] [-0.409734, 0.0, 0.912204] [-14936.2, 108.008, -13317.8]]
		objLayer:i = 0
		props {

		}
	}
	bdt_t2_bomb_zone_03_aaa_point_02 {
		type:t = "Point"
		tm:m = [[0.912204, 0.0, 0.409734] [0.0, 1.0, 0.0] [-0.409734, 0.0, 0.912204] [-15376.5, 120.88, -12883.2]]
		objLayer:i = 0
		props {

		}
	}
	bdt_t2_bomb_zone_03_aaa_point_03 {
		type:t = "Point"
		tm:m = [[0.912204, 0.0, 0.409734] [0.0, 1.0, 0.0] [-0.409734, 0.0, 0.912204] [-15649.0, 127.598, -13025.3]]
		objLayer:i = 0
		props {

		}
	}
	bdt_t2_bomb_zone_03_aaa_point_04 {
		type:t = "Point"
		tm:m = [[0.912204, 0.0, 0.409734] [0.0, 1.0, 0.0] [-0.409734, 0.0, 0.912204] [-15524.0, 146.906, -13469.9]]
		objLayer:i = 0
		props {

		}
	}
	bdt_t2_bomb_zone_04_aaa_point_01 {
		type:t = "Point"
		tm:m = [[0.912204, 0.0, 0.409734] [0.0, 1.0, 0.0] [-0.409734, 0.0, 0.912204] [-23336.1, 91.0786, 35.7437]]
		objLayer:i = 0
		props {

		}
	}
	bdt_t2_bomb_zone_04_aaa_point_02 {
		type:t = "Point"
		tm:m = [[0.912204, 0.0, 0.409734] [0.0, 1.0, 0.0] [-0.409734, 0.0, 0.912204] [-23744.5, 105.228, -171.188]]
		objLayer:i = 0
		props {

		}
	}
	bdt_t2_bomb_zone_04_aaa_point_03 {
		type:t = "Point"
		tm:m = [[0.912204, 0.0, 0.409734] [0.0, 1.0, 0.0] [-0.409734, 0.0, 0.912204] [-23254.7, 46.7969, -442.618]]
		objLayer:i = 0
		props {

		}
	}
	bdt_t2_bomb_zone_04_aaa_point_04 {
		type:t = "Point"
		tm:m = [[0.912204, 0.0, 0.409734] [0.0, 1.0, 0.0] [-0.409734, 0.0, 0.912204] [-23487.1, 65.6873, -518.045]]
		objLayer:i = 0
		props {

		}
	}
	bdt_t1_bomb_zone_01_aaa_point_01 {
		type:t = "Point"
		tm:m = [[0.728077, 0.0, 0.685494] [0.0, 1.0, 0.0] [-0.685494, 0.0, 0.728077] [-12969.1, 129.693, 5248.44]]
		objLayer:i = 0
		props {

		}
	}
	bdt_t1_bomb_zone_01_aaa_point_02 {
		type:t = "Point"
		tm:m = [[0.728077, 0.0, 0.685494] [0.0, 1.0, 0.0] [-0.685494, 0.0, 0.728077] [-13369.0, 131.083, 4943.42]]
		objLayer:i = 0
		props {

		}
	}
	bdt_t1_bomb_zone_01_aaa_point_03 {
		type:t = "Point"
		tm:m = [[0.728077, 0.0, 0.685494] [0.0, 1.0, 0.0] [-0.685494, 0.0, 0.728077] [-13010.8, 126.482, 4878.88]]
		objLayer:i = 0
		props {

		}
	}
	bdt_t1_bomb_zone_01_aaa_point_04 {
		type:t = "Point"
		tm:m = [[0.728077, 0.0, 0.685494] [0.0, 1.0, 0.0] [-0.685494, 0.0, 0.728077] [-13235.0, 128.52, 4834.59]]
		objLayer:i = 0
		props {

		}
	}
	bdt_t1_bomb_zone_02_aaa_point_01 {
		type:t = "Point"
		tm:m = [[0.728077, 0.0, 0.685494] [0.0, 1.0, 0.0] [-0.685494, 0.0, 0.728077] [-8406.31, 187.763, 2811.28]]
		objLayer:i = 0
		props {

		}
	}
	bdt_t1_bomb_zone_02_aaa_point_02 {
		type:t = "Point"
		tm:m = [[0.728077, 0.0, 0.685494] [0.0, 1.0, 0.0] [-0.685494, 0.0, 0.728077] [-8660.12, 187.87, 2670.56]]
		objLayer:i = 0
		props {

		}
	}
	bdt_t1_bomb_zone_02_aaa_point_03 {
		type:t = "Point"
		tm:m = [[0.728077, 0.0, 0.685494] [0.0, 1.0, 0.0] [-0.685494, 0.0, 0.728077] [-8168.57, 188.308, 2173.11]]
		objLayer:i = 0
		props {

		}
	}
	bdt_t1_bomb_zone_02_aaa_point_04 {
		type:t = "Point"
		tm:m = [[0.728077, 0.0, 0.685494] [0.0, 1.0, 0.0] [-0.685494, 0.0, 0.728077] [-8690.76, 188.12, 2343.91]]
		objLayer:i = 0
		props {

		}
	}
	bdt_t1_bomb_zone_03_aaa_point_01 {
		type:t = "Point"
		tm:m = [[0.728077, 0.0, 0.685494] [0.0, 1.0, 0.0] [-0.685494, 0.0, 0.728077] [-5874.07, 162.628, -2618.31]]
		objLayer:i = 0
		props {

		}
	}
	bdt_t1_bomb_zone_03_aaa_point_02 {
		type:t = "Point"
		tm:m = [[0.728077, 0.0, 0.685494] [0.0, 1.0, 0.0] [-0.685494, 0.0, 0.728077] [-5909.68, 142.274, -2069.82]]
		objLayer:i = 0
		props {

		}
	}
	bdt_t1_bomb_zone_03_aaa_point_03 {
		type:t = "Point"
		tm:m = [[0.728077, 0.0, 0.685494] [0.0, 1.0, 0.0] [-0.685494, 0.0, 0.728077] [-6153.36, 142.951, -2207.65]]
		objLayer:i = 0
		props {

		}
	}
	bdt_t1_bomb_zone_03_aaa_point_04 {
		type:t = "Point"
		tm:m = [[0.728077, 0.0, 0.685494] [0.0, 1.0, 0.0] [-0.685494, 0.0, 0.728077] [-5624.84, 153.651, -2310.4]]
		objLayer:i = 0
		props {

		}
	}
	bdt_t1_bomb_zone_04_aaa_point_01 {
		type:t = "Point"
		tm:m = [[0.728077, 0.0, 0.685494] [0.0, 1.0, 0.0] [-0.685494, 0.0, 0.728077] [-6151.38, 176.437, -6769.49]]
		objLayer:i = 0
		props {

		}
	}
	bdt_t1_bomb_zone_04_aaa_point_02 {
		type:t = "Point"
		tm:m = [[0.728077, 0.0, 0.685494] [0.0, 1.0, 0.0] [-0.685494, 0.0, 0.728077] [-6433.85, 170.805, -6616.58]]
		objLayer:i = 0
		props {

		}
	}
	bdt_t1_bomb_zone_04_aaa_point_03 {
		type:t = "Point"
		tm:m = [[0.728077, 0.0, 0.685494] [0.0, 1.0, 0.0] [-0.685494, 0.0, 0.728077] [-6257.32, 174.862, -7084.49]]
		objLayer:i = 0
		props {

		}
	}
	bdt_t1_bomb_zone_04_aaa_point_04 {
		type:t = "Point"
		tm:m = [[0.728077, 0.0, 0.685494] [0.0, 1.0, 0.0] [-0.685494, 0.0, 0.728077] [-6752.69, 178.474, -6777.57]]
		objLayer:i = 0
		props {

		}
	}
	bdt_t1_bomb_zone_05 {
		type:t = "Sphere"
		tm:m = [[335.39, 0.0, 300.025] [0.0, 450.0, 0.0] [-300.025, 0.0, 335.39] [-8791.23, 132.497, -7463.05]]
		objLayer:i = 0
		props {

		}
	}
	bdt_t1_bomb_zone_06 {
		type:t = "Sphere"
		tm:m = [[335.39, 0.0, 300.025] [0.0, 450.0, 0.0] [-300.025, 0.0, 335.39] [-7912.38, 140.122, -5123.66]]
		objLayer:i = 0
		props {

		}
	}
	bdt_t1_bomb_zone_07 {
		type:t = "Sphere"
		tm:m = [[335.39, 0.0, 300.025] [0.0, 450.0, 0.0] [-300.025, 0.0, 335.39] [-8138.88, 160.43, -2354.95]]
		objLayer:i = 0
		props {

		}
	}
	bdt_t1_bomb_zone_08 {
		type:t = "Sphere"
		tm:m = [[444.067, 0.0, 72.8317] [0.0, 450.0, 0.0] [-72.8317, 0.0, 444.067] [-14938.7, 114.631, 3230.03]]
		objLayer:i = 0
		props {

		}
	}
	bdt_t1_bomb_zone_09 {
		type:t = "Sphere"
		tm:m = [[444.067, 0.0, 72.8317] [0.0, 450.0, 0.0] [-72.8317, 0.0, 444.067] [-12220.2, 182.684, 2737.59]]
		objLayer:i = 0
		props {

		}
	}
	bdt_t1_bomb_zone_10 {
		type:t = "Sphere"
		tm:m = [[444.067, 0.0, 72.8317] [0.0, 450.0, 0.0] [-72.8317, 0.0, 444.067] [-9880.23, 148.628, 1238.75]]
		objLayer:i = 0
		props {

		}
	}
	bdt_t1_bomb_zone_05_aaa_point_01 {
		type:t = "Point"
		tm:m = [[0.728077, 0.0, 0.685494] [0.0, 1.0, 0.0] [-0.685494, 0.0, 0.728077] [-9005.63, 132.663, -7633.59]]
		objLayer:i = 0
		props {

		}
	}
	bdt_t1_bomb_zone_05_aaa_point_02 {
		type:t = "Point"
		tm:m = [[0.728077, 0.0, 0.685494] [0.0, 1.0, 0.0] [-0.685494, 0.0, 0.728077] [-8621.54, 133.363, -7705.02]]
		objLayer:i = 0
		props {

		}
	}
	bdt_t1_bomb_zone_05_aaa_point_03 {
		type:t = "Point"
		tm:m = [[0.728077, 0.0, 0.685494] [0.0, 1.0, 0.0] [-0.685494, 0.0, 0.728077] [-8401.28, 132.43, -7241.27]]
		objLayer:i = 0
		props {

		}
	}
	bdt_t1_bomb_zone_05_aaa_point_04 {
		type:t = "Point"
		tm:m = [[0.728077, 0.0, 0.685494] [0.0, 1.0, 0.0] [-0.685494, 0.0, 0.728077] [-8768.71, 131.796, -7186.37]]
		objLayer:i = 0
		props {

		}
	}
	bdt_t1_bomb_zone_06_aaa_point_01 {
		type:t = "Point"
		tm:m = [[0.728077, 0.0, 0.685494] [0.0, 1.0, 0.0] [-0.685494, 0.0, 0.728077] [-7847.92, 124.358, -5454.75]]
		objLayer:i = 0
		props {

		}
	}
	bdt_t1_bomb_zone_06_aaa_point_02 {
		type:t = "Point"
		tm:m = [[0.728077, 0.0, 0.685494] [0.0, 1.0, 0.0] [-0.685494, 0.0, 0.728077] [-8102.45, 123.566, -5386.87]]
		objLayer:i = 0
		props {

		}
	}
	bdt_t1_bomb_zone_06_aaa_point_03 {
		type:t = "Point"
		tm:m = [[0.728077, 0.0, 0.685494] [0.0, 1.0, 0.0] [-0.685494, 0.0, 0.728077] [-8190.76, 143.928, -5054.1]]
		objLayer:i = 0
		props {

		}
	}
	bdt_t1_bomb_zone_06_aaa_point_04 {
		type:t = "Point"
		tm:m = [[0.728077, 0.0, 0.685494] [0.0, 1.0, 0.0] [-0.685494, 0.0, 0.728077] [-7628.11, 147.9, -5035.3]]
		objLayer:i = 0
		props {

		}
	}
	bdt_t1_bomb_zone_07_aaa_point_01 {
		type:t = "Point"
		tm:m = [[0.728077, 0.0, 0.685494] [0.0, 1.0, 0.0] [-0.685494, 0.0, 0.728077] [-8209.47, 157.899, -2062.04]]
		objLayer:i = 0
		props {

		}
	}
	bdt_t1_bomb_zone_07_aaa_point_02 {
		type:t = "Point"
		tm:m = [[0.728077, 0.0, 0.685494] [0.0, 1.0, 0.0] [-0.685494, 0.0, 0.728077] [-8061.67, 168.097, -2695.07]]
		objLayer:i = 0
		props {

		}
	}
	bdt_t1_bomb_zone_07_aaa_point_03 {
		type:t = "Point"
		tm:m = [[0.728077, 0.0, 0.685494] [0.0, 1.0, 0.0] [-0.685494, 0.0, 0.728077] [-7815.29, 169.704, -2264.55]]
		objLayer:i = 0
		props {

		}
	}
	bdt_t1_bomb_zone_07_aaa_point_04 {
		type:t = "Point"
		tm:m = [[0.728077, 0.0, 0.685494] [0.0, 1.0, 0.0] [-0.685494, 0.0, 0.728077] [-8520.66, 150.323, -2229.9]]
		objLayer:i = 0
		props {

		}
	}
	bdt_t1_bomb_zone_08_aaa_point_01 {
		type:t = "Point"
		tm:m = [[0.728077, 0.0, 0.685494] [0.0, 1.0, 0.0] [-0.685494, 0.0, 0.728077] [-15201.4, 114.623, 3395.95]]
		objLayer:i = 0
		props {

		}
	}
	bdt_t1_bomb_zone_08_aaa_point_02 {
		type:t = "Point"
		tm:m = [[0.728077, 0.0, 0.685494] [0.0, 1.0, 0.0] [-0.685494, 0.0, 0.728077] [-15068.0, 114.627, 2952.67]]
		objLayer:i = 0
		props {

		}
	}
	bdt_t1_bomb_zone_08_aaa_point_03 {
		type:t = "Point"
		tm:m = [[0.728077, 0.0, 0.685494] [0.0, 1.0, 0.0] [-0.685494, 0.0, 0.728077] [-14652.6, 114.64, 3015.28]]
		objLayer:i = 0
		props {

		}
	}
	bdt_t1_bomb_zone_08_aaa_point_04 {
		type:t = "Point"
		tm:m = [[0.728077, 0.0, 0.685494] [0.0, 1.0, 0.0] [-0.685494, 0.0, 0.728077] [-14744.6, 114.638, 3420.78]]
		objLayer:i = 0
		props {

		}
	}
	bdt_t1_bomb_zone_09_aaa_point_01 {
		type:t = "Point"
		tm:m = [[0.728077, 0.0, 0.685494] [0.0, 1.0, 0.0] [-0.685494, 0.0, 0.728077] [-12598.0, 175.656, 2496.69]]
		objLayer:i = 0
		props {

		}
	}
	bdt_t1_bomb_zone_09_aaa_point_02 {
		type:t = "Point"
		tm:m = [[0.728077, 0.0, 0.685494] [0.0, 1.0, 0.0] [-0.685494, 0.0, 0.728077] [-12130.5, 182.687, 2337.16]]
		objLayer:i = 0
		props {

		}
	}
	bdt_t1_bomb_zone_09_aaa_point_03 {
		type:t = "Point"
		tm:m = [[0.728077, 0.0, 0.685494] [0.0, 1.0, 0.0] [-0.685494, 0.0, 0.728077] [-12643.9, 73.9245, 3095.63]]
		objLayer:i = 0
		props {

		}
	}
	bdt_t1_bomb_zone_09_aaa_point_04 {
		type:t = "Point"
		tm:m = [[0.728077, 0.0, 0.685494] [0.0, 1.0, 0.0] [-0.685494, 0.0, 0.728077] [-11821.7, 182.559, 2671.43]]
		objLayer:i = 0
		props {

		}
	}
	bdt_t1_bomb_zone_10_aaa_point_01 {
		type:t = "Point"
		tm:m = [[0.728077, 0.0, 0.685494] [0.0, 1.0, 0.0] [-0.685494, 0.0, 0.728077] [-10122.1, 114.03, 959.369]]
		objLayer:i = 0
		props {

		}
	}
	bdt_t1_bomb_zone_10_aaa_point_02 {
		type:t = "Point"
		tm:m = [[0.728077, 0.0, 0.685494] [0.0, 1.0, 0.0] [-0.685494, 0.0, 0.728077] [-10219.6, 113.607, 1526.17]]
		objLayer:i = 0
		props {

		}
	}
	bdt_t1_bomb_zone_10_aaa_point_03 {
		type:t = "Point"
		tm:m = [[0.728077, 0.0, 0.685494] [0.0, 1.0, 0.0] [-0.685494, 0.0, 0.728077] [-9675.07, 113.978, 1072.13]]
		objLayer:i = 0
		props {

		}
	}
	bdt_t1_bomb_zone_10_aaa_point_04 {
		type:t = "Point"
		tm:m = [[0.728077, 0.0, 0.685494] [0.0, 1.0, 0.0] [-0.685494, 0.0, 0.728077] [-24011.6, 150.019, -5378.21]]
		objLayer:i = 0
		props {

		}
	}
	bdt_t2_bomb_zone_05 {
		type:t = "Sphere"
		tm:m = [[407.078, 0.0, 191.798] [0.0, 450.0, 0.0] [-191.798, 0.0, 407.078] [-21328.2, 65.0246, -69.7642]]
		objLayer:i = 0
		props {

		}
	}
	bdt_t2_bomb_zone_06 {
		type:t = "Sphere"
		tm:m = [[269.463, 0.0, 360.403] [0.0, 450.0, 0.0] [-360.403, 0.0, 269.463] [-22112.9, 143.904, -3012.76]]
		objLayer:i = 0
		props {

		}
	}
	bdt_t2_bomb_zone_07 {
		type:t = "Sphere"
		tm:m = [[407.078, 0.0, 191.798] [0.0, 450.0, 0.0] [-191.798, 0.0, 407.078] [-22072.3, 132.386, -5673.29]]
		objLayer:i = 0
		props {

		}
	}
	bdt_t2_bomb_zone_08 {
		type:t = "Sphere"
		tm:m = [[272.523, 0.0, 358.095] [0.0, 450.0, 0.0] [-358.095, 0.0, 272.523] [-14580.6, 62.2743, -11128.4]]
		objLayer:i = 0
		props {

		}
	}
	bdt_t2_bomb_zone_09 {
		type:t = "Sphere"
		tm:m = [[272.523, 0.0, 358.095] [0.0, 450.0, 0.0] [-358.095, 0.0, 272.523] [-17451.6, 39.4057, -10504.5]]
		objLayer:i = 0
		props {

		}
	}
	bdt_t2_bomb_zone_10 {
		type:t = "Sphere"
		tm:m = [[272.523, 0.0, 358.095] [0.0, 450.0, 0.0] [-358.095, 0.0, 272.523] [-20305.2, 106.91, -9181.89]]
		objLayer:i = 0
		props {

		}
	}
	bdt_t2_bomb_zone_05_aaa_point_01 {
		type:t = "Point"
		tm:m = [[0.912204, 0.0, 0.409734] [0.0, 1.0, 0.0] [-0.409734, 0.0, 0.912204] [-21266.9, 50.0495, -411.344]]
		objLayer:i = 0
		props {

		}
	}
	bdt_t2_bomb_zone_05_aaa_point_02 {
		type:t = "Point"
		tm:m = [[0.912204, 0.0, 0.409734] [0.0, 1.0, 0.0] [-0.409734, 0.0, 0.912204] [-21135.6, 51.6505, 252.496]]
		objLayer:i = 0
		props {

		}
	}
	bdt_t2_bomb_zone_05_aaa_point_03 {
		type:t = "Point"
		tm:m = [[0.912204, 0.0, 0.409734] [0.0, 1.0, 0.0] [-0.409734, 0.0, 0.912204] [-21340.5, 63.8685, 275.844]]
		objLayer:i = 0
		props {

		}
	}
	bdt_t2_bomb_zone_05_aaa_point_04 {
		type:t = "Point"
		tm:m = [[0.912204, 0.0, 0.409734] [0.0, 1.0, 0.0] [-0.409734, 0.0, 0.912204] [-21641.3, 49.6055, -162.012]]
		objLayer:i = 0
		props {

		}
	}
	bdt_t2_bomb_zone_06_aaa_point_01 {
		type:t = "Point"
		tm:m = [[0.613241, 0.0, 0.789897] [0.0, 1.0, 0.0] [-0.789897, 0.0, 0.613241] [-22282.1, 134.514, -3312.36]]
		objLayer:i = 0
		props {

		}
	}
	bdt_t2_bomb_zone_06_aaa_point_02 {
		type:t = "Point"
		tm:m = [[0.613241, 0.0, 0.789897] [0.0, 1.0, 0.0] [-0.789897, 0.0, 0.613241] [-22119.0, 127.508, -2565.2]]
		objLayer:i = 0
		props {

		}
	}
	bdt_t2_bomb_zone_06_aaa_point_03 {
		type:t = "Point"
		tm:m = [[0.613241, 0.0, 0.789897] [0.0, 1.0, 0.0] [-0.789897, 0.0, 0.613241] [-21845.0, 145.743, -2742.17]]
		objLayer:i = 0
		props {

		}
	}
	bdt_t2_bomb_zone_06_aaa_point_04 {
		type:t = "Point"
		tm:m = [[0.613241, 0.0, 0.789897] [0.0, 1.0, 0.0] [-0.789897, 0.0, 0.613241] [-21572.6, 157.073, -3104.35]]
		objLayer:i = 0
		props {

		}
	}
	bdt_t2_bomb_zone_07_aaa_point_01 {
		type:t = "Point"
		tm:m = [[0.912204, 0.0, 0.409734] [0.0, 1.0, 0.0] [-0.409734, 0.0, 0.912204] [-21981.3, 114.376, -6089.38]]
		objLayer:i = 0
		props {

		}
	}
	bdt_t2_bomb_zone_07_aaa_point_02 {
		type:t = "Point"
		tm:m = [[0.912204, 0.0, 0.409734] [0.0, 1.0, 0.0] [-0.409734, 0.0, 0.912204] [-21882.9, 150.935, -5289.82]]
		objLayer:i = 0
		props {

		}
	}
	bdt_t2_bomb_zone_07_aaa_point_03 {
		type:t = "Point"
		tm:m = [[0.912204, 0.0, 0.409734] [0.0, 1.0, 0.0] [-0.409734, 0.0, 0.912204] [-22363.1, 126.197, -5323.06]]
		objLayer:i = 0
		props {

		}
	}
	bdt_t2_bomb_zone_07_aaa_point_04 {
		type:t = "Point"
		tm:m = [[0.912204, 0.0, 0.409734] [0.0, 1.0, 0.0] [-0.409734, 0.0, 0.912204] [-22346.1, 148.878, -5968.68]]
		objLayer:i = 0
		props {

		}
	}
	bdt_t2_bomb_zone_08_aaa_point_01 {
		type:t = "Point"
		tm:m = [[0.912204, 0.0, 0.409734] [0.0, 1.0, 0.0] [-0.409734, 0.0, 0.912204] [-14257.6, 210.089, -10953.4]]
		objLayer:i = 0
		props {

		}
	}
	bdt_t2_bomb_zone_08_aaa_point_02 {
		type:t = "Point"
		tm:m = [[0.912204, 0.0, 0.409734] [0.0, 1.0, 0.0] [-0.409734, 0.0, 0.912204] [-14772.0, 61.1153, -11370.5]]
		objLayer:i = 0
		props {

		}
	}
	bdt_t2_bomb_zone_08_aaa_point_03 {
		type:t = "Point"
		tm:m = [[0.912204, 0.0, 0.409734] [0.0, 1.0, 0.0] [-0.409734, 0.0, 0.912204] [-14723.0, 62.1013, -10830.5]]
		objLayer:i = 0
		props {

		}
	}
	bdt_t2_bomb_zone_08_aaa_point_04 {
		type:t = "Point"
		tm:m = [[0.912204, 0.0, 0.409734] [0.0, 1.0, 0.0] [-0.409734, 0.0, 0.912204] [-14924.4, 229.773, -11190.9]]
		objLayer:i = 0
		props {

		}
	}
	bdt_t2_bomb_zone_09_aaa_point_01 {
		type:t = "Point"
		tm:m = [[0.912204, 0.0, 0.409734] [0.0, 1.0, 0.0] [-0.409734, 0.0, 0.912204] [-17044.3, 67.2433, -10459.9]]
		objLayer:i = 0
		props {

		}
	}
	bdt_t2_bomb_zone_09_aaa_point_02 {
		type:t = "Point"
		tm:m = [[0.912204, 0.0, 0.409734] [0.0, 1.0, 0.0] [-0.409734, 0.0, 0.912204] [-17616.4, 60.3997, -10121.2]]
		objLayer:i = 0
		props {

		}
	}
	bdt_t2_bomb_zone_09_aaa_point_03 {
		type:t = "Point"
		tm:m = [[0.912204, 0.0, 0.409734] [0.0, 1.0, 0.0] [-0.409734, 0.0, 0.912204] [-17251.3, 51.4606, -10197.8]]
		objLayer:i = 0
		props {

		}
	}
	bdt_t2_bomb_zone_09_aaa_point_04 {
		type:t = "Point"
		tm:m = [[0.912204, 0.0, 0.409734] [0.0, 1.0, 0.0] [-0.409734, 0.0, 0.912204] [-17696.5, 64.433, -11045.1]]
		objLayer:i = 0
		props {

		}
	}
	bdt_t2_bomb_zone_10_aaa_point_01 {
		type:t = "Point"
		tm:m = [[0.912204, 0.0, 0.409734] [0.0, 1.0, 0.0] [-0.409734, 0.0, 0.912204] [-20400.7, 82.4289, -9271.55]]
		objLayer:i = 0
		props {

		}
	}
	bdt_t2_bomb_zone_10_aaa_point_02 {
		type:t = "Point"
		tm:m = [[0.912204, 0.0, 0.409734] [0.0, 1.0, 0.0] [-0.409734, 0.0, 0.912204] [-20077.9, 185.126, -9043.07]]
		objLayer:i = 0
		props {

		}
	}
	bdt_t2_bomb_zone_10_aaa_point_03 {
		type:t = "Point"
		tm:m = [[0.912204, 0.0, 0.409734] [0.0, 1.0, 0.0] [-0.409734, 0.0, 0.912204] [-19929.3, 186.904, -9349.96]]
		objLayer:i = 0
		props {

		}
	}
	bdt_t2_bomb_zone_10_aaa_point_04 {
		type:t = "Point"
		tm:m = [[0.912204, 0.0, 0.409734] [0.0, 1.0, 0.0] [-0.409734, 0.0, 0.912204] [-20611.9, 194.604, -9003.43]]
		objLayer:i = 0
		props {

		}
	}
	mid_bomb_zones_area_9000 {
		type:t = "Sphere"
		tm:m = [[15758.4, 0.0, 8699.08] [0.0, 18000.0, 0.0] [-8699.08, 0.0, 15758.4] [-15000.0, 305.208, -4000.0]]
		objLayer:i = 3
		props {

		}
	}
	mid_bomb_zones_area_7000 {
		type:t = "Sphere"
		tm:m = [[12256.6, 0.0, 6765.99] [0.0, 14000.1, 0.0] [-6765.99, 0.0, 12256.6] [-15000.0, 305.208, -4000.0]]
		objLayer:i = 3
		props {

		}
	}
}
objLayers {
	layer {
		enabled:b = true
	}
	layer {
		enabled:b = true
	}
	layer {
		enabled:b = true
	}
	layer {
		enabled:b = false
	}
	layer {
		enabled:b = false
	}
}
wayPoints {

}