selected_tag:t = ""
bin_dump_file:t = ""
mission_settings {
	player {
		army:i = 1
	}
	player_teamB {
		army:i = 2
	}
	mission {
		type:t = "domination"
		level:t = "levels/air_israel.bin"
		environment:t = "Day"
		weather:t = "hazy"
	}
}
imports {

}
triggers {
	isCategory:b = true
	is_enabled:b = true
}
mission_objectives {
	isCategory:b = true
	is_enabled:b = true
}
variables {

}
dialogs {

}
airfields {

}
effects {

}
units {

}
areas {
	rank_01_movable_zone_12x9 {
		type:t = "Box"
		tm:m = [[-8229.89, 0.0, -8733.34] [0.0, 9000.0, 0.0] [6549.95, 0.0, -6172.37] [3534.5, 631.05, 3751.2]]
		objLayer:i = 3
		props {

		}
	}
	t1_road_01_spawn_tank {
		type:t = "Point"
		tm:m = [[0.700655, 0.0, -0.7135] [0.0, 1.0, 0.0] [0.7135, 0.0, 0.700655] [-3819.3, 549.15, 3124.1]]
		objLayer:i = 0
		props {

		}
	}
	t1_road_02_spawn_tank {
		type:t = "Point"
		tm:m = [[0.831251, 0.0, -0.555897] [0.0, 1.0, 0.0] [0.555897, 0.0, 0.831251] [101.4, 499.25, 7459.65]]
		objLayer:i = 0
		props {

		}
	}
	t1_road_03_spawn_tank {
		type:t = "Point"
		tm:m = [[0.766505, 0.0, -0.642238] [0.0, 1.0, 0.0] [0.642238, 0.0, 0.766505] [3300.15, 1734.75, 10557.9]]
		objLayer:i = 0
		props {

		}
	}
	t2_road_01_spawn_tank {
		type:t = "Point"
		tm:m = [[-0.512261, 0.0, 0.85883] [0.0, 1.0, 0.0] [-0.85883, 0.0, -0.512261] [3011.1, 614.6, -3933.6]]
		objLayer:i = 0
		props {

		}
	}
	t2_road_02_spawn_tank {
		type:t = "Point"
		tm:m = [[0.0839229, 0.0, 0.996473] [0.0, 1.0, 0.0] [-0.996473, 0.0, 0.0839229] [4702.3, 465.15, -2054.15]]
		objLayer:i = 0
		props {

		}
	}
	t1_road_01_spawn_acar {
		type:t = "Point"
		tm:m = [[0.700655, 0.0, -0.7135] [0.0, 1.0, 0.0] [0.7135, 0.0, 0.700655] [-3902.99, 553.994, 3220.93]]
		objLayer:i = 0
		props {

		}
	}
	t1_road_01_spawn_truck {
		type:t = "Point"
		tm:m = [[0.700655, 0.0, -0.7135] [0.0, 1.0, 0.0] [0.7135, 0.0, 0.700655] [-3989.84, 557.801, 3292.96]]
		objLayer:i = 0
		props {

		}
	}
	t1_road_03_spawn_acar {
		type:t = "Point"
		tm:m = [[0.766505, 0.0, -0.642238] [0.0, 1.0, 0.0] [0.642238, 0.0, 0.766505] [3192.87, 1734.75, 10626.0]]
		objLayer:i = 0
		props {

		}
	}
	t1_road_03_spawn_truck {
		type:t = "Point"
		tm:m = [[0.766505, 0.0, -0.642238] [0.0, 1.0, 0.0] [0.642238, 0.0, 0.766505] [3090.55, 1734.75, 10692.6]]
		objLayer:i = 0
		props {

		}
	}
	t1_road_02_spawn_acar {
		type:t = "Point"
		tm:m = [[0.831251, 0.0, -0.555897] [0.0, 1.0, 0.0] [0.555897, 0.0, 0.831251] [20.4743, 499.25, 7539.12]]
		objLayer:i = 0
		props {

		}
	}
	t1_road_02_spawn_truck {
		type:t = "Point"
		tm:m = [[0.831251, 0.0, -0.555897] [0.0, 1.0, 0.0] [0.555897, 0.0, 0.831251] [-60.1187, 499.25, 7615.44]]
		objLayer:i = 0
		props {

		}
	}
	t2_road_03_spawn_tank {
		type:t = "Point"
		tm:m = [[-0.580562, 0.0, 0.814216] [0.0, 1.0, 0.0] [-0.814216, 0.0, -0.580562] [10689.0, 2159.15, 4603.35]]
		objLayer:i = 0
		props {

		}
	}
	t2_road_03_spawn_acar {
		type:t = "Point"
		tm:m = [[-0.580562, 0.0, 0.814216] [0.0, 1.0, 0.0] [-0.814216, 0.0, -0.580562] [10765.3, 2159.16, 4487.34]]
		objLayer:i = 0
		props {

		}
	}
	t2_road_03_spawn_truck {
		type:t = "Point"
		tm:m = [[-0.580562, 0.0, 0.814216] [0.0, 1.0, 0.0] [-0.814216, 0.0, -0.580562] [10867.4, 2159.2, 4383.7]]
		objLayer:i = 0
		props {

		}
	}
	t2_road_02_spawn_acar {
		type:t = "Point"
		tm:m = [[0.0839229, 0.0, 0.996473] [0.0, 1.0, 0.0] [-0.996473, 0.0, 0.0839229] [4704.67, 465.15, -2162.77]]
		objLayer:i = 0
		props {

		}
	}
	t2_road_02_spawn_truck {
		type:t = "Point"
		tm:m = [[0.0839229, 0.0, 0.996473] [0.0, 1.0, 0.0] [-0.996473, 0.0, 0.0839229] [4700.9, 465.15, -2273.98]]
		objLayer:i = 0
		props {

		}
	}
	t2_road_01_spawn_acar {
		type:t = "Point"
		tm:m = [[-0.512261, 0.0, 0.85883] [0.0, 1.0, 0.0] [-0.85883, 0.0, -0.512261] [3031.96, 599.888, -3979.93]]
		objLayer:i = 0
		props {

		}
	}
	t2_road_01_spawn_truck {
		type:t = "Point"
		tm:m = [[-0.512261, 0.0, 0.85883] [0.0, 1.0, 0.0] [-0.85883, 0.0, -0.512261] [3060.96, 596.036, -4042.14]]
		objLayer:i = 0
		props {

		}
	}
}
objLayers {
	layer {
		enabled:b = true
	}
	layer {
		enabled:b = true
	}
	layer {
		enabled:b = true
	}
	layer {
		enabled:b = false
	}
	layer {
		enabled:b = false
	}
}
wayPoints {
	t1_road_01 {
		closed_waypoints:b = false
		isShipSpline:b = false
		shipTurnRadius:r = 100
		way {
			way_points_01_wp_01 {
				type:t = "normal"
				tm:m = [[1.0, 0.0, 0.0] [0.0, 1.0, 0.0] [0.0, 0.0, 1.0] [-3712.9, 539.0, 3000.7]]
				props {
					speed:r = 30
					moveType:t = "GATHER_TO"
				}
			}
			t1_road_01_wp_01 {
				type:t = "normal"
				tm:m = [[1.0, 0.0, 0.0] [0.0, 1.0, 0.0] [0.0, 0.0, 1.0] [-3504.7, 554.65, 2469.5]]
				props {
					speed:r = 30
					moveType:t = "USE_SPLINES"
				}
			}
			t1_road_01_wp_02 {
				type:t = "normal"
				tm:m = [[1.0, 0.0, 0.0] [0.0, 1.0, 0.0] [0.0, 0.0, 1.0] [-612.35, 586.9, 110.35]]
				props {
					speed:r = 30
					moveType:t = "USE_SPLINES"
				}
			}
			t1_road_01_wp_03 {
				type:t = "normal"
				tm:m = [[1.0, 0.0, 0.0] [0.0, 1.0, 0.0] [0.0, 0.0, 1.0] [-232.45, 567.45, -566.35]]
				props {
					speed:r = 30
					moveType:t = "USE_SPLINES"
				}
			}
			t1_road_01_wp_04 {
				type:t = "normal"
				tm:m = [[1.0, 0.0, 0.0] [0.0, 1.0, 0.0] [0.0, 0.0, 1.0] [1705.45, 522.9, -2037.95]]
				props {
					speed:r = 30
					moveType:t = "USE_SPLINES"
				}
			}
			t1_road_01_wp_05 {
				type:t = "normal"
				tm:m = [[1.0, 0.0, 0.0] [0.0, 1.0, 0.0] [0.0, 0.0, 1.0] [1818.85, 522.3, -2074.0]]
				props {
					speed:r = 30
					moveType:t = "MOVETO_STRAIGHT"
				}
			}
		}
	}
	t1_road_02 {
		closed_waypoints:b = false
		isShipSpline:b = false
		shipTurnRadius:r = 100
		way {
			way_points_01_wp_02 {
				type:t = "normal"
				tm:m = [[1.0, 0.0, 0.0] [0.0, 1.0, 0.0] [0.0, 0.0, 1.0] [182.3, 506.35, 7423.85]]
				props {
					speed:r = 30
					moveType:t = "GATHER_TO"
				}
			}
			t1_road_02_wp_01 {
				type:t = "normal"
				tm:m = [[1.0, 0.0, 0.0] [0.0, 1.0, 0.0] [0.0, 0.0, 1.0] [5577.15, 376.25, 4498.25]]
				props {
					speed:r = 30
					moveType:t = "USE_SPLINES"
				}
			}
			t1_road_02_wp_02 {
				type:t = "normal"
				tm:m = [[1.0, 0.0, 0.0] [0.0, 1.0, 0.0] [0.0, 0.0, 1.0] [4603.3, 419.7, -1517.15]]
				props {
					speed:r = 30
					moveType:t = "USE_SPLINES"
				}
			}
			t1_road_02_wp_03 {
				type:t = "normal"
				tm:m = [[1.0, 0.0, 0.0] [0.0, 1.0, 0.0] [0.0, 0.0, 1.0] [4443.55, 380.05, -1626.15]]
				props {
					speed:r = 30
					moveType:t = "MOVETO_STRAIGHT"
				}
			}
		}
	}
	t1_road_03 {
		closed_waypoints:b = false
		isShipSpline:b = false
		shipTurnRadius:r = 100
		way {
			way_points_01_wp_03 {
				type:t = "normal"
				tm:m = [[1.0, 0.0, 0.0] [0.0, 1.0, 0.0] [0.0, 0.0, 1.0] [3473.6, 1495.95, 10356.4]]
				props {
					speed:r = 30
					moveType:t = "GATHER_TO"
				}
			}
			t1_road_03_wp_01 {
				type:t = "normal"
				tm:m = [[1.0, 0.0, 0.0] [0.0, 1.0, 0.0] [0.0, 0.0, 1.0] [8459.15, 842.5, 7444.45]]
				props {
					speed:r = 30
					moveType:t = "USE_SPLINES"
				}
			}
			t1_road_03_wp_02 {
				type:t = "normal"
				tm:m = [[1.0, 0.0, 0.0] [0.0, 1.0, 0.0] [0.0, 0.0, 1.0] [10997.0, 2151.8, 4050.6]]
				props {
					speed:r = 30
					moveType:t = "USE_SPLINES"
				}
			}
			t1_road_03_wp_03 {
				type:t = "normal"
				tm:m = [[1.0, 0.0, 0.0] [0.0, 1.0, 0.0] [0.0, 0.0, 1.0] [10947.4, 2166.65, 3956.3]]
				props {
					speed:r = 30
					moveType:t = "MOVETO_STRAIGHT"
				}
			}
		}
	}
	t2_road_01 {
		closed_waypoints:b = false
		isShipSpline:b = false
		shipTurnRadius:r = 100
		way {
			way_points_01_wp_04 {
				type:t = "normal"
				tm:m = [[1.0, 0.0, 0.0] [0.0, 1.0, 0.0] [0.0, 0.0, 1.0] [2954.95, 600.15, -3847.1]]
				props {
					speed:r = 30
					moveType:t = "GATHER_TO"
				}
			}
			t2_road_01_wp_01 {
				type:t = "normal"
				tm:m = [[1.0, 0.0, 0.0] [0.0, 1.0, 0.0] [0.0, 0.0, 1.0] [2094.95, 485.2, -2833.1]]
				props {
					speed:r = 30
					moveType:t = "USE_SPLINES"
				}
			}
			t2_road_01_wp_02 {
				type:t = "normal"
				tm:m = [[1.0, 0.0, 0.0] [0.0, 1.0, 0.0] [0.0, 0.0, 1.0] [1716.35, 523.15, -2054.2]]
				props {
					speed:r = 30
					moveType:t = "USE_SPLINES"
				}
			}
			t2_road_01_wp_03 {
				type:t = "normal"
				tm:m = [[1.0, 0.0, 0.0] [0.0, 1.0, 0.0] [0.0, 0.0, 1.0] [-220.4, 567.35, -593.05]]
				props {
					speed:r = 30
					moveType:t = "USE_SPLINES"
				}
			}
			t2_road_01_wp_04 {
				type:t = "normal"
				tm:m = [[1.0, 0.0, 0.0] [0.0, 1.0, 0.0] [0.0, 0.0, 1.0] [-2159.25, 599.4, 1333.2]]
				props {
					speed:r = 30
					moveType:t = "USE_SPLINES"
				}
			}
			t2_road_01_wp_05 {
				type:t = "normal"
				tm:m = [[1.0, 0.0, 0.0] [0.0, 1.0, 0.0] [0.0, 0.0, 1.0] [-2331.25, 604.15, 1391.6]]
				props {
					speed:r = 30
					moveType:t = "MOVETO_STRAIGHT"
				}
			}
		}
	}
	t2_road_02 {
		closed_waypoints:b = false
		isShipSpline:b = false
		shipTurnRadius:r = 100
		way {
			way_points_01_wp_05 {
				type:t = "normal"
				tm:m = [[1.0, 0.0, 0.0] [0.0, 1.0, 0.0] [0.0, 0.0, 1.0] [4662.45, 411.65, -1880.25]]
				props {
					speed:r = 30
					moveType:t = "GATHER_TO"
				}
			}
			t2_road_02_wp_01 {
				type:t = "normal"
				tm:m = [[1.0, 0.0, 0.0] [0.0, 1.0, 0.0] [0.0, 0.0, 1.0] [4599.75, 415.55, -1539.95]]
				props {
					speed:r = 30
					moveType:t = "USE_SPLINES"
				}
			}
			t2_road_02_wp_02 {
				type:t = "normal"
				tm:m = [[1.0, 0.0, 0.0] [0.0, 1.0, 0.0] [0.0, 0.0, 1.0] [5580.6, 371.0, 4450.15]]
				props {
					speed:r = 30
					moveType:t = "USE_SPLINES"
				}
			}
			t2_road_02_wp_03 {
				type:t = "normal"
				tm:m = [[1.0, 0.0, 0.0] [0.0, 1.0, 0.0] [0.0, 0.0, 1.0] [749.8, 549.95, 6944.4]]
				props {
					speed:r = 30
					moveType:t = "USE_SPLINES"
				}
			}
			t2_road_02_wp_04 {
				type:t = "normal"
				tm:m = [[1.0, 0.0, 0.0] [0.0, 1.0, 0.0] [0.0, 0.0, 1.0] [664.3, 551.5, 7155.95]]
				props {
					speed:r = 30
					moveType:t = "MOVETO_STRAIGHT"
				}
			}
		}
	}
	t2_road_03 {
		closed_waypoints:b = false
		isShipSpline:b = false
		shipTurnRadius:r = 100
		way {
			way_points_01_wp_06 {
				type:t = "normal"
				tm:m = [[1.0, 0.0, 0.0] [0.0, 1.0, 0.0] [0.0, 0.0, 1.0] [10572.0, 1976.65, 4747.3]]
				props {
					speed:r = 30
					moveType:t = "GATHER_TO"
				}
			}
			t2_road_03_wp_01 {
				type:t = "normal"
				tm:m = [[1.0, 0.0, 0.0] [0.0, 1.0, 0.0] [0.0, 0.0, 1.0] [8474.6, 844.45, 7432.85]]
				props {
					speed:r = 30
					moveType:t = "USE_SPLINES"
				}
			}
			t2_road_03_wp_02 {
				type:t = "normal"
				tm:m = [[1.0, 0.0, 0.0] [0.0, 1.0, 0.0] [0.0, 0.0, 1.0] [3987.65, 1412.55, 10249.2]]
				props {
					speed:r = 30
					moveType:t = "USE_SPLINES"
				}
			}
			t2_road_03_wp_03 {
				type:t = "normal"
				tm:m = [[1.0, 0.0, 0.0] [0.0, 1.0, 0.0] [0.0, 0.0, 1.0] [3818.0, 1434.45, 10137.8]]
				props {
					speed:r = 30
					moveType:t = "MOVETO_STRAIGHT"
				}
			}
		}
	}
}