selected_tag:t = ""
bin_dump_file:t = ""
mission_settings {
	player {
		army:i = 1
		wing:t = "t1_player01"
		wing:t = "t1_player02"
		wing:t = "t1_player03"
		wing:t = "t1_player04"
		wing:t = "t1_player05"
		wing:t = "t1_player06"
		wing:t = "t1_player07"
		wing:t = "t1_player08"
		wing:t = "t1_player09"
		wing:t = "t1_player10"
		wing:t = "t1_player11"
		wing:t = "t1_player12"
		wing:t = "t1_player13"
		wing:t = "t1_player14"
		wing:t = "t1_player15"
		wing:t = "t1_player16"
		wing:t = "t1_player17"
		wing:t = "t1_player18"
		wing:t = "t1_player19"
		wing:t = "t1_player20"
		wing:t = "t1_player21"
		wing:t = "t1_player22"
		wing:t = "t1_player23"
		wing:t = "t1_player24"
		wing:t = "t1_player25"
		wing:t = "t1_player26"
		wing:t = "t1_player27"
		wing:t = "t1_player28"
		wing:t = "t1_player29"
		wing:t = "t1_player30"
		wing:t = "t1_player31"
		wing:t = "t1_player32"
	}
	player_teamB {
		army:i = 2
		wing:t = "t2_player01"
		wing:t = "t2_player02"
		wing:t = "t2_player03"
		wing:t = "t2_player04"
		wing:t = "t2_player05"
		wing:t = "t2_player06"
		wing:t = "t2_player07"
		wing:t = "t2_player08"
		wing:t = "t2_player09"
		wing:t = "t2_player10"
		wing:t = "t2_player11"
		wing:t = "t2_player12"
		wing:t = "t2_player13"
		wing:t = "t2_player14"
		wing:t = "t2_player15"
		wing:t = "t2_player16"
		wing:t = "t2_player17"
		wing:t = "t2_player18"
		wing:t = "t2_player19"
		wing:t = "t2_player20"
		wing:t = "t2_player21"
		wing:t = "t2_player22"
		wing:t = "t2_player23"
		wing:t = "t2_player24"
		wing:t = "t2_player25"
		wing:t = "t2_player26"
		wing:t = "t2_player27"
		wing:t = "t2_player28"
		wing:t = "t2_player29"
		wing:t = "t2_player30"
		wing:t = "t2_player31"
		wing:t = "t2_player32"
		wing:t = "t2_player33"
	}
	mission {
		level:t = "levels/mozdok.bin"
		type:t = "domination"
		environment:t = "Day"
		weather:t = "clear"
		locName:t = "missions/mozdok_BfD_norespawn"
		locDesc:t = "missions/_BfD_norespawn/desc"
		scoreLimit:i = 7600
		timeLimit:i = 25
		deathPenaltyMul:r = 0.4
		country_axis:t = "germany"
		country_allies:t = "ussr"
		restoreType:t = "attempts"
		optionalTakeOff:b = false
		allowedUnitTypes {
			isAirplanesAllowed:b = true
			isTanksAllowed:b = false
			isShipsAllowed:b = false
			isHelicoptersAllowed:b = false
		}
	}
	spectator_points {

	}
	briefing {
		place_loc:t = ""
		date_loc:t = ""
		objective_loc:t = ""
		music:t = "action_01"
		part {
			event:t = ""
			minTime:i = 0
			slide {
				map:b = true
				minTime:i = 4
				picture:t = ""
				showAirMap:b = false
				icon {
					icontype:t = "fighter"
					side:t = "ally"
					target:t = "briefing_t1_air_spawn"
					lookAt:t = "briefing_t2_air_spawn"
				}
				icon {
					icontype:t = "fighter"
					side:t = "enemy"
					target:t = "briefing_t2_air_spawn"
					lookAt:t = "briefing_t1_air_spawn"
				}
				icon {
					icontype:t = "tank"
					side:t = "enemy"
					target:t = "briefing_t2_tank_01"
				}
				icon {
					icontype:t = "tank"
					side:t = "enemy"
					target:t = "briefing_t2_tank_02"
				}
				icon {
					icontype:t = "artillery"
					side:t = "ally"
					target:t = "briefing_t1_art_01"
				}
				icon {
					icontype:t = "artillery"
					side:t = "ally"
					target:t = "briefing_t1_art_02"
				}
			}
		}
	}
}
imports {
	import_record {
		file:t = "gameData/missions/templates/base_logic_template.blk"
		importAreas:b = true
		importUnits:b = true
		importTriggers:b = true
		importMissionObjectives:b = true
		importWayPoints:b = true
		showAreas:b = true
		showUnits:b = true
		showTriggers:b = true
		showMissionObjectives:b = true
		showWayPoints:b = true
		excludes {

		}
	}
	import_record {
		file:t = "gameData/missions/templates/land_units_move_template.blk"
		importAreas:b = true
		importUnits:b = true
		importTriggers:b = true
		importMissionObjectives:b = true
		importWayPoints:b = true
		showAreas:b = true
		showUnits:b = true
		showTriggers:b = true
		showMissionObjectives:b = true
		showWayPoints:b = true
		excludes {

		}
	}
	import_record {
		file:t = "gameData/missions/bridges/mozdok_bridges.blk"
		importAreas:b = true
		importUnits:b = true
		importTriggers:b = true
		importMissionObjectives:b = true
		importWayPoints:b = true
		showAreas:b = true
		showUnits:b = true
		showTriggers:b = true
		showMissionObjectives:b = true
		showWayPoints:b = true
		excludes {

		}
	}
	import_record {
		file:t = "gameData/missions/templates/land_units_death_template.blk"
		importAreas:b = true
		importUnits:b = true
		importTriggers:b = true
		importMissionObjectives:b = true
		importWayPoints:b = true
		showAreas:b = true
		showUnits:b = true
		showTriggers:b = true
		showMissionObjectives:b = true
		showWayPoints:b = true
		excludes {

		}
	}
	import_record {
		file:t = "gameData/missions/templates/air_templates/rb_air_spawns_template.blk"
		importAreas:b = true
		importUnits:b = true
		importTriggers:b = true
		importMissionObjectives:b = true
		importWayPoints:b = true
		showAreas:b = true
		showUnits:b = true
		showTriggers:b = true
		showMissionObjectives:b = true
		showWayPoints:b = true
		excludes {

		}
	}
	import_record {
		file:t = "gameData/missions/cta/planes/historical/BfD/mozdok/airfields/template_mozdok_airfields_low_ranks.blk"
		rankRange:ip2 = 0, 19
		importAreas:b = true
		importUnits:b = true
		importTriggers:b = true
		importMissionObjectives:b = true
		importWayPoints:b = true
		showAreas:b = true
		showUnits:b = true
		showTriggers:b = true
		showMissionObjectives:b = true
		showWayPoints:b = true
		excludes {

		}
	}
	import_record {
		file:t = "gameData/missions/cta/planes/historical/BfD/mozdok/airfields/template_mozdok_airfields_mid_ranks.blk"
		rankRange:ip2 = 6, 19
		importAreas:b = true
		importUnits:b = true
		importTriggers:b = true
		importMissionObjectives:b = true
		importWayPoints:b = true
		showAreas:b = true
		showUnits:b = true
		showTriggers:b = true
		showMissionObjectives:b = true
		showWayPoints:b = true
		excludes {

		}
	}
	import_record {
		file:t = "gameData/missions/cta/planes/historical/BfD/mozdok/airfields/template_mozdok_airfields_high_ranks.blk"
		rankRange:ip2 = 20, 50
		importAreas:b = true
		importUnits:b = true
		importTriggers:b = true
		importMissionObjectives:b = true
		importWayPoints:b = true
		showAreas:b = true
		showUnits:b = true
		showTriggers:b = true
		showMissionObjectives:b = true
		showWayPoints:b = true
		excludes {

		}
	}
	import_record {
		file:t = "gamedata/missions/templates/units_sets/airfields_decor/t1_air_radar_ussr.blk"
		importAreas:b = true
		importUnits:b = true
		importTriggers:b = true
		importMissionObjectives:b = true
		importWayPoints:b = true
		importDialogs:b = true
		showAreas:b = true
		showUnits:b = true
		showTriggers:b = true
		showMissionObjectives:b = true
		showWayPoints:b = true
		showDialogs:b = true
		excludes {

		}
	}
	import_record {
		file:t = "gamedata/missions/templates/units_sets/airfields_decor/t2_air_radar_germ.blk"
		importAreas:b = true
		importUnits:b = true
		importTriggers:b = true
		importMissionObjectives:b = true
		importWayPoints:b = true
		importDialogs:b = true
		showAreas:b = true
		showUnits:b = true
		showTriggers:b = true
		showMissionObjectives:b = true
		showWayPoints:b = true
		showDialogs:b = true
		excludes {

		}
	}
	import_record {
		file:t = "gameData/missions/cta/planes/historical/BfD/mozdok/frontline/at_assaults_part.blk"
		importAreas:b = true
		importUnits:b = true
		importTriggers:b = true
		importMissionObjectives:b = true
		importWayPoints:b = true
		showAreas:b = true
		showUnits:b = true
		showTriggers:b = true
		showMissionObjectives:b = true
		showWayPoints:b = true
		excludes {

		}
	}
	import_record {
		file:t = "gameData/missions/templates/air_templates/gs/template_at_bfd_ussr_germ_planeset.blk"
		importAreas:b = true
		importUnits:b = true
		importTriggers:b = true
		importMissionObjectives:b = true
		importWayPoints:b = true
		showAreas:b = true
		showUnits:b = true
		showTriggers:b = true
		showMissionObjectives:b = true
		showWayPoints:b = true
		excludes {

		}
	}
	import_record {
		file:t = "gameData/missions/cta/planes/historical/BfD/mozdok/frontline/bdt_bases_destroy_part.blk"
		importAreas:b = true
		importUnits:b = true
		importTriggers:b = true
		importMissionObjectives:b = true
		importWayPoints:b = true
		showAreas:b = true
		showUnits:b = true
		showTriggers:b = true
		showMissionObjectives:b = true
		showWayPoints:b = true
		excludes {

		}
	}
	import_record {
		file:t = "gameData/missions/templates/air_templates/aat_aaa_template.blk"
		importAreas:b = true
		importUnits:b = true
		importTriggers:b = true
		importMissionObjectives:b = true
		importWayPoints:b = true
		showAreas:b = true
		showUnits:b = true
		showTriggers:b = true
		showMissionObjectives:b = true
		showWayPoints:b = true
		excludes {

		}
	}
}
triggers {
	isCategory:b = true
	is_enabled:b = true
	start_mission_both {
		is_enabled:b = true
		comments:t = ""
		props {
			actionsType:t = "PERFORM_ONE_BY_ONE"
			conditionsType:t = "ALL"
			enableAfterComplete:b = false
		}
		events {
			initMission {

			}
		}
		conditions {

		}
		actions {
			varSetBool {
				value:b = false
				var:t = "barabashka_enabled"
			}
			varSetBool {
				value:b = false
				var:t = "force_air_spawn"
			}
			varSetBool {
				value:b = true
				var:t = "bMirrorSpawn"
			}
			varSetString {
				value:t = "bfd"
				var:t = "bdt_game_mode"
			}
			varSetString {
				value:t = "bfd"
				var:t = "at_game_mode"
			}
			varSetInt {
				value:i = 11
				var:t = "bdt_t1_total_bases_max_count"
				var:t = "bdt_t2_total_bases_max_count"
			}
			varSetInt {
				value:i = 4
				var:t = "bdt_t1_active_bases_max_count"
				var:t = "bdt_t2_active_bases_max_count"
			}
			comment {
				value:t = "nastrojka vtorostepennyh yunitov"
			}
			varSetReal {
				value:r = 3600
				var:t = "historical_destroy_timer"
			}
		}
		else_actions {

		}
	}
	start_mission {
		is_enabled:b = true
		comments:t = ""
		props {
			actionsType:t = "PERFORM_ONE_BY_ONE"
			conditionsType:t = "ALL"
			enableAfterComplete:b = false
		}
		events {
			periodicEvent {
				time:r = 1
			}
		}
		conditions {

		}
		actions {
			unitSetProperties {
				object:t = "t1_trucks_squad"
				object:t = "t2_trucks_squad"
				object:t = "t2_aaa_squad"
				object:t = "t1_aaa_squad"
				object_marking:i = 0
				object_var_name:t = ""
				object_var_comp_op:t = "equal"
				object_var_value:i = 0
				accuracy:r = 0.1
				effShootingRate:r = 0
				airEffShootingRate:r = 0.1
				fireRandom:b = true
				targetChangeInterval:r = 5
				targetChangeProb:r = 0.25
			}
			unitSetProperties {
				object:t = "t1_bunkers_squad"
				object:t = "t1_tanks_squad"
				object:t = "t1_artillery_squad"
				object:t = "t2_bunkers_squad"
				object:t = "t2_tanks_squad"
				object:t = "t2_artillery_squad"
				object_marking:i = 0
				object_var_name:t = ""
				object_var_comp_op:t = "equal"
				object_var_value:i = 0
				targetAir:b = false
				targetGnd:b = true
				accuracy:r = 0
				effShootingRate:r = 0
			}
			unitSetIndication {
				set:b = true
				target:t = "t1_quest_units_squad"
				target:t = "t2_quest_units_squad"
				target_marking:i = 0
				object_var_name:t = ""
				object_var_comp_op:t = "equal"
				object_var_value:i = 0
			}
		}
		else_actions {

		}
	}
	updatle_indication {
		is_enabled:b = false
		comments:t = ""
		props {
			actionsType:t = "PERFORM_ONE_BY_ONE"
			conditionsType:t = "ALL"
			enableAfterComplete:b = true
		}
		events {
			periodicEvent {
				time:r = 1
			}
		}
		conditions {

		}
		actions {
			missionSetTargetsIndicator {
				target_type:t = "isActive"
				target_marking:i = 0
				delta:i = 0
				icon:t = "tank"
				"icon army":i = 1
				set:b = true
				object_var_name:t = ""
				object_var_comp_op:t = "equal"
				object_var_value:i = 0
				target:t = "t1_quest_units_squad"
			}
			missionSetTargetsIndicator {
				target_type:t = "isActive"
				target_marking:i = 0
				delta:i = 0
				icon:t = "tank"
				"icon army":i = 2
				set:b = true
				object_var_name:t = ""
				object_var_comp_op:t = "equal"
				object_var_value:i = 0
				target:t = "t2_quest_units_squad"
			}
		}
		else_actions {

		}
	}
}
mission_objectives {
	isCategory:b = true
	is_enabled:b = true
	t1_normandy_BfD_win {
		is_enabled:b = true
		comments:t = ""
		type:t = "abstractMissionObjective"
		props {
			isPrimary:b = true
			timeLimit:i = 3600
			team:t = "A"
		}
		onSuccess {

		}
		onFailed {

		}
	}
	t2_normandy_BfD_win {
		is_enabled:b = true
		comments:t = ""
		type:t = "abstractMissionObjective"
		props {
			isPrimary:b = true
			timeLimit:i = 3600
			team:t = "B"
		}
		onSuccess {

		}
		onFailed {

		}
	}
}
variables {

}
dialogs {

}
airfields {

}
effects {

}
units {
	squad {
		name:t = "t1_quest_units_squad"
		tm:m = [[1.0, 0.0, 0.0] [0.0, 1.0, 0.0] [0.0, 0.0, 1.0] [6637.53, 2000.0, -6898.46]]
		props {
			squad_members:t = "t1_land_squad"
			squad_members:t = "t1_bunkers_squad"
			squad_members:t = "t1_tanks_squad"
			object_marking:i = 0
		}
	}
	squad {
		name:t = "t2_quest_units_squad"
		tm:m = [[1.0, 0.0, 0.0] [0.0, 1.0, 0.0] [0.0, 0.0, 1.0] [-7521.05, 2000.0, -11585.7]]
		props {
			squad_members:t = "t2_land_squad"
			squad_members:t = "t2_bunkers_squad"
			squad_members:t = "t2_tanks_squad"
			object_marking:i = 0
		}
	}
	squad {
		name:t = "t2_land_squad"
		tm:m = [[1.0, 0.0, 0.0] [0.0, 1.0, 0.0] [0.0, 0.0, 1.0] [-12308.4, 2000.0, -7704.1]]
		props {
			squad_members:t = "t2_aaa_squad"
			squad_members:t = "t2_artillery_squad"
			squad_members:t = "t2_trucks_squad"
			object_marking:i = 0
		}
	}
	squad {
		name:t = "t2_heavy_units_squad"
		tm:m = [[1.0, 0.0, 0.0] [0.0, 1.0, 0.0] [0.0, 0.0, 1.0] [-13720.9, 2000.0, -6416.35]]
		props {
			squad_members:t = "t2_tanks_squad"
			object_marking:i = 0
		}
	}
	squad {
		name:t = "t2_light_units_squad"
		tm:m = [[1.0, 0.0, 0.0] [0.0, 1.0, 0.0] [0.0, 0.0, 1.0] [-13917.2, 2034.95, -7243.9]]
		props {
			squad_members:t = "t2_trucks_squad"
			object_marking:i = 0
		}
	}
	squad {
		name:t = "t2_movable_units_squad"
		tm:m = [[1.0, 0.0, 0.0] [0.0, 1.0, 0.0] [0.0, 0.0, 1.0] [-13545.0, 2000.0, -5509.0]]
		props {
			squad_members:t = "t2_light_units_squad"
			squad_members:t = "t2_heavy_units_squad"
			object_marking:i = 0
		}
	}
	squad {
		name:t = "t1_land_squad"
		tm:m = [[1.0, 0.0, 0.0] [0.0, 1.0, 0.0] [0.0, 0.0, 1.0] [5844.7, 336.85, -8825.6]]
		props {
			squad_members:t = "t1_aaa_squad"
			squad_members:t = "t1_artillery_squad"
			squad_members:t = "t1_trucks_squad"
			object_marking:i = 0
		}
	}
	squad {
		name:t = "t1_movable_units_squad"
		tm:m = [[1.0, 0.0, 0.0] [0.0, 1.0, 0.0] [0.0, 0.0, 1.0] [7243.1, 2000.0, -13245.3]]
		props {
			squad_members:t = "t1_light_units_squad"
			squad_members:t = "t1_heavy_units_squad"
			object_marking:i = 0
		}
	}
	squad {
		name:t = "t1_heavy_units_squad"
		tm:m = [[1.0, 0.0, 0.0] [0.0, 1.0, 0.0] [0.0, 0.0, 1.0] [7622.05, 1950.75, -12120.3]]
		props {
			squad_members:t = "t1_tanks_squad"
			object_marking:i = 0
		}
	}
	squad {
		name:t = "t1_light_units_squad"
		tm:m = [[1.0, 0.0, 0.0] [0.0, 1.0, 0.0] [0.0, 0.0, 1.0] [7796.95, 1938.6, -11471.5]]
		props {
			squad_members:t = "t1_trucks_squad"
			object_marking:i = 0
		}
	}
	squad {
		name:t = "5_ppl_squad"
		tm:m = [[1.0, 0.0, 0.0] [0.0, 1.0, 0.0] [0.0, 0.0, 1.0] [-8439.15, 347.3, 3779.65]]
		props {
			squad_members:t = "t1_trucks_squad"
			squad_members:t = "t2_trucks_squad"
			object_marking:i = 0
		}
	}
	squad {
		name:t = "10_ppl_squad"
		tm:m = [[1.0, 0.0, 0.0] [0.0, 1.0, 0.0] [0.0, 0.0, 1.0] [-8792.8, 347.3, 2033.3]]
		props {
			squad_members:t = "t1_tanks_squad"
			squad_members:t = "t2_tanks_squad"
			object_marking:i = 0
		}
	}
	squad {
		name:t = "all_ppl_squad"
		tm:m = [[1.0, 0.0, 0.0] [0.0, 1.0, 0.0] [0.0, 0.0, 1.0] [-9709.05, 347.3, 2821.95]]
		props {
			squad_members:t = "t1_quest_units_squad"
			squad_members:t = "t2_quest_units_squad"
			object_marking:i = 0
		}
	}
	objectGroups {
		name:t = "t1_trench_01"
		tm:m = [[0.413795, -0.0248499, 0.910031] [-0.066508, 0.996131, 0.0574425] [-0.907938, -0.0842938, 0.410541] [-607.419, 308.973, -8.54055]]
		unit_class:t = "dynTrench_small_bunker_axis"
		objLayer:i = 2
		props {
			army:i = 1
			active:b = true
		}
	}
	structures {
		name:t = "t1_art_01"
		tm:m = [[-0.884159, 0.0, 0.467187] [0.0, 1.0, 0.0] [-0.467187, 0.0, -0.884159] [-639.801, 319.645, -84.5938]]
		unit_class:t = "ussr_quest_large_art_noground"
		objLayer:i = 1
		closed_waypoints:b = false
		isShipSpline:b = false
		shipTurnRadius:r = 100
		weapons:t = ""
		bullets0:t = ""
		bullets1:t = ""
		bullets2:t = ""
		bullets3:t = ""
		bulletsCount0:i = 0
		bulletsCount1:i = 0
		bulletsCount2:i = 0
		bulletsCount3:i = 0
		crewSkillK:r = 0
		applyAllMods:b = false
		props {
			army:i = 1
			count:i = 1
			formation_type:t = "rows"
			formation_div:i = 3
			formation_step:p2 = 2.5, 2
			formation_noise:p2 = 0.1, 0.1
			uniqueName:t = ""
			attack_type:t = "fire_at_will"
		}
		way {

		}
	}
	structures {
		name:t = "t1_art_02"
		tm:m = [[-0.884159, 0.0, 0.467187] [0.0, 1.0, 0.0] [-0.467187, 0.0, -0.884159] [-599.246, 309.235, 78.6225]]
		unit_class:t = "ussr_quest_large_art_noground"
		objLayer:i = 1
		closed_waypoints:b = false
		isShipSpline:b = false
		shipTurnRadius:r = 100
		weapons:t = ""
		bullets0:t = ""
		bullets1:t = ""
		bullets2:t = ""
		bullets3:t = ""
		bulletsCount0:i = 0
		bulletsCount1:i = 0
		bulletsCount2:i = 0
		bulletsCount3:i = 0
		crewSkillK:r = 0
		applyAllMods:b = false
		props {
			army:i = 1
			count:i = 1
			formation_type:t = "rows"
			formation_div:i = 3
			formation_step:p2 = 2.5, 2
			formation_noise:p2 = 0.1, 0.1
			uniqueName:t = ""
			attack_type:t = "fire_at_will"
		}
		way {

		}
	}
	structures {
		name:t = "t1_bunker_01"
		tm:m = [[-0.947424, 0.0, 0.319982] [0.0, 1.0, 0.0] [-0.319982, 0.0, -0.947424] [-612.534, 319.398, 5.21961]]
		unit_class:t = "uk_bunker_light_fat"
		objLayer:i = 1
		closed_waypoints:b = false
		isShipSpline:b = false
		shipTurnRadius:r = 100
		weapons:t = ""
		bullets0:t = ""
		bullets1:t = ""
		bullets2:t = ""
		bullets3:t = ""
		bulletsCount0:i = 0
		bulletsCount1:i = 0
		bulletsCount2:i = 0
		bulletsCount3:i = 0
		crewSkillK:r = 0
		applyAllMods:b = false
		props {
			army:i = 1
			count:i = 1
			formation_type:t = "rows"
			formation_div:i = 3
			formation_step:p2 = 2.5, 2
			formation_noise:p2 = 0.1, 0.1
			uniqueName:t = ""
			attack_type:t = "fire_at_will"
		}
		way {

		}
	}
	air_defence {
		name:t = "t1_aaa_01"
		tm:m = [[-0.947424, 0.0, 0.319982] [0.0, 1.0, 0.0] [-0.319982, 0.0, -0.947424] [-560.337, 316.394, -18.8228]]
		unit_class:t = "ussr_85mm_52k_noground"
		objLayer:i = 1
		closed_waypoints:b = false
		isShipSpline:b = false
		shipTurnRadius:r = 100
		weapons:t = ""
		bullets0:t = ""
		bullets1:t = ""
		bullets2:t = ""
		bullets3:t = ""
		bulletsCount0:i = 0
		bulletsCount1:i = 0
		bulletsCount2:i = 0
		bulletsCount3:i = 0
		crewSkillK:r = 0
		applyAllMods:b = false
		props {
			army:i = 1
			count:i = 1
			formation_type:t = "rows"
			formation_div:i = 3
			formation_step:p2 = 2.5, 2
			formation_noise:p2 = 0.1, 0.1
			uniqueName:t = ""
			attack_type:t = "fire_at_will"
		}
		way {

		}
	}
	objectGroups {
		name:t = "t1_trench_02"
		tm:m = [[0.410431, -0.0175303, 0.911723] [0.0142531, 0.999816, 0.0128078] [-0.91178, 0.00773817, 0.410605] [-892.881, 281.997, 708.927]]
		unit_class:t = "dynTrench_small_bunker_axis"
		objLayer:i = 2
		props {
			army:i = 1
			active:b = true
		}
	}
	structures {
		name:t = "t1_art_03"
		tm:m = [[-0.881264, 0.0922809, 0.463528] [0.0808562, 0.995732, -0.0445095] [-0.465657, -0.00174544, -0.884964] [-924.294, 291.843, 632.358]]
		unit_class:t = "ussr_quest_large_art_noground"
		objLayer:i = 1
		closed_waypoints:b = false
		isShipSpline:b = false
		shipTurnRadius:r = 100
		weapons:t = ""
		bullets0:t = ""
		bullets1:t = ""
		bullets2:t = ""
		bullets3:t = ""
		bulletsCount0:i = 0
		bulletsCount1:i = 0
		bulletsCount2:i = 0
		bulletsCount3:i = 0
		crewSkillK:r = 0
		applyAllMods:b = false
		props {
			army:i = 1
			count:i = 1
			formation_type:t = "rows"
			formation_div:i = 3
			formation_step:p2 = 2.5, 2
			formation_noise:p2 = 0.1, 0.1
			uniqueName:t = ""
			attack_type:t = "fire_at_will"
		}
		way {

		}
	}
	structures {
		name:t = "t1_art_04"
		tm:m = [[-0.881264, 0.0922809, 0.463528] [0.0808562, 0.995732, -0.0445095] [-0.465657, -0.00174544, -0.884964] [-884.714, 285.49, 796.021]]
		unit_class:t = "ussr_quest_large_art_noground"
		objLayer:i = 1
		closed_waypoints:b = false
		isShipSpline:b = false
		shipTurnRadius:r = 100
		weapons:t = ""
		bullets0:t = ""
		bullets1:t = ""
		bullets2:t = ""
		bullets3:t = ""
		bulletsCount0:i = 0
		bulletsCount1:i = 0
		bulletsCount2:i = 0
		bulletsCount3:i = 0
		crewSkillK:r = 0
		applyAllMods:b = false
		props {
			army:i = 1
			count:i = 1
			formation_type:t = "rows"
			formation_div:i = 3
			formation_step:p2 = 2.5, 2
			formation_noise:p2 = 0.1, 0.1
			uniqueName:t = ""
			attack_type:t = "fire_at_will"
		}
		way {

		}
	}
	structures {
		name:t = "t1_bunker_02"
		tm:m = [[-0.944322, 0.0908177, 0.316242] [0.0808562, 0.995732, -0.0445095] [-0.318934, -0.0164611, -0.947634] [-897.136, 293.405, 722.191]]
		unit_class:t = "uk_bunker_light_fat"
		objLayer:i = 1
		closed_waypoints:b = false
		isShipSpline:b = false
		shipTurnRadius:r = 100
		weapons:t = ""
		bullets0:t = ""
		bullets1:t = ""
		bullets2:t = ""
		bullets3:t = ""
		bulletsCount0:i = 0
		bulletsCount1:i = 0
		bulletsCount2:i = 0
		bulletsCount3:i = 0
		crewSkillK:r = 0
		applyAllMods:b = false
		props {
			army:i = 1
			count:i = 1
			formation_type:t = "rows"
			formation_div:i = 3
			formation_step:p2 = 2.5, 2
			formation_noise:p2 = 0.1, 0.1
			uniqueName:t = ""
			attack_type:t = "fire_at_will"
		}
		way {

		}
	}
	air_defence {
		name:t = "t1_aaa_02"
		tm:m = [[-0.944322, 0.0908177, 0.316242] [0.0808562, 0.995732, -0.0445095] [-0.318934, -0.0164611, -0.947634] [-845.353, 285.123, 698.495]]
		unit_class:t = "ussr_85mm_52k_noground"
		objLayer:i = 1
		closed_waypoints:b = false
		isShipSpline:b = false
		shipTurnRadius:r = 100
		weapons:t = ""
		bullets0:t = ""
		bullets1:t = ""
		bullets2:t = ""
		bullets3:t = ""
		bulletsCount0:i = 0
		bulletsCount1:i = 0
		bulletsCount2:i = 0
		bulletsCount3:i = 0
		crewSkillK:r = 0
		applyAllMods:b = false
		props {
			army:i = 1
			count:i = 1
			formation_type:t = "rows"
			formation_div:i = 3
			formation_step:p2 = 2.5, 2
			formation_noise:p2 = 0.1, 0.1
			uniqueName:t = ""
			attack_type:t = "fire_at_will"
		}
		way {

		}
	}
	objectGroups {
		name:t = "t1_trench_03"
		tm:m = [[0.410661, 0.0219606, 0.911524] [-0.00195506, 0.999729, -0.0232049] [-0.911786, 0.00774725, 0.410592] [-579.735, 299.585, 1640.52]]
		unit_class:t = "dynTrench_small_bunker_axis"
		objLayer:i = 2
		props {
			army:i = 1
			active:b = true
		}
	}
	structures {
		name:t = "t1_art_05"
		tm:m = [[-0.882644, 0.0946241, 0.46042] [0.0647055, 0.994662, -0.0803768] [-0.465567, -0.0411524, -0.884055] [-611.303, 306.157, 1563.66]]
		unit_class:t = "ussr_quest_large_art_noground"
		objLayer:i = 1
		closed_waypoints:b = false
		isShipSpline:b = false
		shipTurnRadius:r = 100
		weapons:t = ""
		bullets0:t = ""
		bullets1:t = ""
		bullets2:t = ""
		bullets3:t = ""
		bulletsCount0:i = 0
		bulletsCount1:i = 0
		bulletsCount2:i = 0
		bulletsCount3:i = 0
		crewSkillK:r = 0
		applyAllMods:b = false
		props {
			army:i = 1
			count:i = 1
			formation_type:t = "rows"
			formation_div:i = 3
			formation_step:p2 = 2.5, 2
			formation_noise:p2 = 0.1, 0.1
			uniqueName:t = ""
			attack_type:t = "fire_at_will"
		}
		way {

		}
	}
	structures {
		name:t = "t1_art_06"
		tm:m = [[-0.882644, 0.0946241, 0.46042] [0.0647055, 0.994662, -0.0803768] [-0.465567, -0.0411524, -0.884055] [-571.625, 306.343, 1727.42]]
		unit_class:t = "ussr_quest_large_art_noground"
		objLayer:i = 1
		closed_waypoints:b = false
		isShipSpline:b = false
		shipTurnRadius:r = 100
		weapons:t = ""
		bullets0:t = ""
		bullets1:t = ""
		bullets2:t = ""
		bullets3:t = ""
		bulletsCount0:i = 0
		bulletsCount1:i = 0
		bulletsCount2:i = 0
		bulletsCount3:i = 0
		crewSkillK:r = 0
		applyAllMods:b = false
		props {
			army:i = 1
			count:i = 1
			formation_type:t = "rows"
			formation_div:i = 3
			formation_step:p2 = 2.5, 2
			formation_noise:p2 = 0.1, 0.1
			uniqueName:t = ""
			attack_type:t = "fire_at_will"
		}
		way {

		}
	}
	structures {
		name:t = "t1_bunker_03"
		tm:m = [[-0.94567, 0.0868371, 0.313318] [0.0647055, 0.994662, -0.0803768] [-0.318625, -0.0557365, -0.946241] [-584.174, 311.392, 1653.36]]
		unit_class:t = "uk_bunker_light_fat"
		objLayer:i = 1
		closed_waypoints:b = false
		isShipSpline:b = false
		shipTurnRadius:r = 100
		weapons:t = ""
		bullets0:t = ""
		bullets1:t = ""
		bullets2:t = ""
		bullets3:t = ""
		bulletsCount0:i = 0
		bulletsCount1:i = 0
		bulletsCount2:i = 0
		bulletsCount3:i = 0
		crewSkillK:r = 0
		applyAllMods:b = false
		props {
			army:i = 1
			count:i = 1
			formation_type:t = "rows"
			formation_div:i = 3
			formation_step:p2 = 2.5, 2
			formation_noise:p2 = 0.1, 0.1
			uniqueName:t = ""
			attack_type:t = "fire_at_will"
		}
		way {

		}
	}
	air_defence {
		name:t = "t1_aaa_03"
		tm:m = [[-0.94567, 0.0868371, 0.313318] [0.0647055, 0.994662, -0.0803768] [-0.318625, -0.0557365, -0.946241] [-532.263, 303.103, 1629.95]]
		unit_class:t = "ussr_85mm_52k_noground"
		objLayer:i = 1
		closed_waypoints:b = false
		isShipSpline:b = false
		shipTurnRadius:r = 100
		weapons:t = ""
		bullets0:t = ""
		bullets1:t = ""
		bullets2:t = ""
		bullets3:t = ""
		bulletsCount0:i = 0
		bulletsCount1:i = 0
		bulletsCount2:i = 0
		bulletsCount3:i = 0
		crewSkillK:r = 0
		applyAllMods:b = false
		props {
			army:i = 1
			count:i = 1
			formation_type:t = "rows"
			formation_div:i = 3
			formation_step:p2 = 2.5, 2
			formation_noise:p2 = 0.1, 0.1
			uniqueName:t = ""
			attack_type:t = "fire_at_will"
		}
		way {

		}
	}
	objectGroups {
		name:t = "t1_trench_04"
		tm:m = [[0.410661, 0.0282052, 0.911352] [-0.00195506, 0.999546, -0.0300537] [-0.911786, 0.0105602, 0.41053] [-793.643, 316.07, 2529.84]]
		unit_class:t = "dynTrench_small_bunker_axis"
		objLayer:i = 2
		props {
			army:i = 1
			active:b = true
		}
	}
	structures {
		name:t = "t1_art_07"
		tm:m = [[-0.882644, 0.0977763, 0.45976] [0.0647055, 0.994088, -0.0871896] [-0.465567, -0.0472083, -0.883752] [-825.211, 322.116, 2452.94]]
		unit_class:t = "ussr_quest_large_art_noground"
		objLayer:i = 1
		closed_waypoints:b = false
		isShipSpline:b = false
		shipTurnRadius:r = 100
		weapons:t = ""
		bullets0:t = ""
		bullets1:t = ""
		bullets2:t = ""
		bullets3:t = ""
		bulletsCount0:i = 0
		bulletsCount1:i = 0
		bulletsCount2:i = 0
		bulletsCount3:i = 0
		crewSkillK:r = 0
		applyAllMods:b = false
		props {
			army:i = 1
			count:i = 1
			formation_type:t = "rows"
			formation_div:i = 3
			formation_step:p2 = 2.5, 2
			formation_noise:p2 = 0.1, 0.1
			uniqueName:t = ""
			attack_type:t = "fire_at_will"
		}
		way {

		}
	}
	structures {
		name:t = "t1_art_08"
		tm:m = [[-0.882644, 0.0977763, 0.45976] [0.0647055, 0.994088, -0.0871896] [-0.465567, -0.0472083, -0.883752] [-785.534, 323.424, 2616.69]]
		unit_class:t = "ussr_quest_large_art_noground"
		objLayer:i = 1
		closed_waypoints:b = false
		isShipSpline:b = false
		shipTurnRadius:r = 100
		weapons:t = ""
		bullets0:t = ""
		bullets1:t = ""
		bullets2:t = ""
		bullets3:t = ""
		bulletsCount0:i = 0
		bulletsCount1:i = 0
		bulletsCount2:i = 0
		bulletsCount3:i = 0
		crewSkillK:r = 0
		applyAllMods:b = false
		props {
			army:i = 1
			count:i = 1
			formation_type:t = "rows"
			formation_div:i = 3
			formation_step:p2 = 2.5, 2
			formation_noise:p2 = 0.1, 0.1
			uniqueName:t = ""
			attack_type:t = "fire_at_will"
		}
		way {

		}
	}
	structures {
		name:t = "t1_bunker_04"
		tm:m = [[-0.94567, 0.0889817, 0.312716] [0.0647055, 0.994088, -0.0871896] [-0.318625, -0.0622181, -0.945837] [-798.082, 327.966, 2542.6]]
		unit_class:t = "uk_bunker_light_fat"
		objLayer:i = 1
		closed_waypoints:b = false
		isShipSpline:b = false
		shipTurnRadius:r = 100
		weapons:t = ""
		bullets0:t = ""
		bullets1:t = ""
		bullets2:t = ""
		bullets3:t = ""
		bulletsCount0:i = 0
		bulletsCount1:i = 0
		bulletsCount2:i = 0
		bulletsCount3:i = 0
		crewSkillK:r = 0
		applyAllMods:b = false
		props {
			army:i = 1
			count:i = 1
			formation_type:t = "rows"
			formation_div:i = 3
			formation_step:p2 = 2.5, 2
			formation_noise:p2 = 0.1, 0.1
			uniqueName:t = ""
			attack_type:t = "fire_at_will"
		}
		way {

		}
	}
	air_defence {
		name:t = "t1_aaa_04"
		tm:m = [[-0.94567, 0.0889817, 0.312716] [0.0647055, 0.994088, -0.0871896] [-0.318625, -0.0622181, -0.945837] [-746.172, 319.516, 2519.25]]
		unit_class:t = "ussr_85mm_52k_noground"
		objLayer:i = 1
		closed_waypoints:b = false
		isShipSpline:b = false
		shipTurnRadius:r = 100
		weapons:t = ""
		bullets0:t = ""
		bullets1:t = ""
		bullets2:t = ""
		bullets3:t = ""
		bulletsCount0:i = 0
		bulletsCount1:i = 0
		bulletsCount2:i = 0
		bulletsCount3:i = 0
		crewSkillK:r = 0
		applyAllMods:b = false
		props {
			army:i = 1
			count:i = 1
			formation_type:t = "rows"
			formation_div:i = 3
			formation_step:p2 = 2.5, 2
			formation_noise:p2 = 0.1, 0.1
			uniqueName:t = ""
			attack_type:t = "fire_at_will"
		}
		way {

		}
	}
	objectGroups {
		name:t = "t1_trench_05"
		tm:m = [[0.410661, -0.0633004, 0.909588] [-0.00195506, 0.997524, 0.0703027] [-0.911786, -0.0306488, 0.40952] [3068.74, 155.844, 8544.58]]
		unit_class:t = "dynTrench_small_bunker_axis"
		objLayer:i = 2
		props {
			army:i = 1
			active:b = true
		}
	}
	structures {
		name:t = "t1_art_09"
		tm:m = [[-0.882644, 0.0511925, 0.467246] [0.0647055, 0.997821, 0.0129075] [-0.465567, 0.0416261, -0.884033] [3037.17, 169.568, 8468.67]]
		unit_class:t = "ussr_quest_large_art_noground"
		objLayer:i = 1
		closed_waypoints:b = false
		isShipSpline:b = false
		shipTurnRadius:r = 100
		weapons:t = ""
		bullets0:t = ""
		bullets1:t = ""
		bullets2:t = ""
		bullets3:t = ""
		bulletsCount0:i = 0
		bulletsCount1:i = 0
		bulletsCount2:i = 0
		bulletsCount3:i = 0
		crewSkillK:r = 0
		applyAllMods:b = false
		props {
			army:i = 1
			count:i = 1
			formation_type:t = "rows"
			formation_div:i = 3
			formation_step:p2 = 2.5, 2
			formation_noise:p2 = 0.1, 0.1
			uniqueName:t = ""
			attack_type:t = "fire_at_will"
		}
		way {

		}
	}
	structures {
		name:t = "t1_art_10"
		tm:m = [[-0.882644, 0.0511925, 0.467246] [0.0647055, 0.997821, 0.0129075] [-0.465567, 0.0416261, -0.884033] [3076.85, 154.453, 8631.73]]
		unit_class:t = "ussr_quest_large_art_noground"
		objLayer:i = 1
		closed_waypoints:b = false
		isShipSpline:b = false
		shipTurnRadius:r = 100
		weapons:t = ""
		bullets0:t = ""
		bullets1:t = ""
		bullets2:t = ""
		bullets3:t = ""
		bulletsCount0:i = 0
		bulletsCount1:i = 0
		bulletsCount2:i = 0
		bulletsCount3:i = 0
		crewSkillK:r = 0
		applyAllMods:b = false
		props {
			army:i = 1
			count:i = 1
			formation_type:t = "rows"
			formation_div:i = 3
			formation_step:p2 = 2.5, 2
			formation_noise:p2 = 0.1, 0.1
			uniqueName:t = ""
			attack_type:t = "fire_at_will"
		}
		way {

		}
	}
	structures {
		name:t = "t1_bunker_05"
		tm:m = [[-0.94567, 0.0571835, 0.320061] [0.0647055, 0.997821, 0.0129075] [-0.318625, 0.0329159, -0.947309] [3064.3, 166.4, 8558.47]]
		unit_class:t = "uk_bunker_light_fat"
		objLayer:i = 1
		closed_waypoints:b = false
		isShipSpline:b = false
		shipTurnRadius:r = 100
		weapons:t = ""
		bullets0:t = ""
		bullets1:t = ""
		bullets2:t = ""
		bullets3:t = ""
		bulletsCount0:i = 0
		bulletsCount1:i = 0
		bulletsCount2:i = 0
		bulletsCount3:i = 0
		crewSkillK:r = 0
		applyAllMods:b = false
		props {
			army:i = 1
			count:i = 1
			formation_type:t = "rows"
			formation_div:i = 3
			formation_step:p2 = 2.5, 2
			formation_noise:p2 = 0.1, 0.1
			uniqueName:t = ""
			attack_type:t = "fire_at_will"
		}
		way {

		}
	}
	air_defence {
		name:t = "t1_aaa_05"
		tm:m = [[-0.94567, 0.0571835, 0.320061] [0.0647055, 0.997821, 0.0129075] [-0.318625, 0.0329159, -0.947309] [3116.21, 160.334, 8534.39]]
		unit_class:t = "ussr_85mm_52k_noground"
		objLayer:i = 1
		closed_waypoints:b = false
		isShipSpline:b = false
		shipTurnRadius:r = 100
		weapons:t = ""
		bullets0:t = ""
		bullets1:t = ""
		bullets2:t = ""
		bullets3:t = ""
		bulletsCount0:i = 0
		bulletsCount1:i = 0
		bulletsCount2:i = 0
		bulletsCount3:i = 0
		crewSkillK:r = 0
		applyAllMods:b = false
		props {
			army:i = 1
			count:i = 1
			formation_type:t = "rows"
			formation_div:i = 3
			formation_step:p2 = 2.5, 2
			formation_noise:p2 = 0.1, 0.1
			uniqueName:t = ""
			attack_type:t = "fire_at_will"
		}
		way {

		}
	}
	objectGroups {
		name:t = "t1_trench_06"
		tm:m = [[0.410661, -0.0633004, 0.909588] [-0.00195506, 0.997524, 0.0703027] [-0.911786, -0.0306488, 0.40952] [2852.96, 149.023, 9281.52]]
		unit_class:t = "dynTrench_small_bunker_axis"
		objLayer:i = 2
		props {
			army:i = 1
			active:b = true
		}
	}
	structures {
		name:t = "t1_art_11"
		tm:m = [[-0.882644, 0.0511925, 0.467246] [0.0647055, 0.997821, 0.0129075] [-0.465567, 0.0416261, -0.884033] [2821.39, 162.748, 9205.62]]
		unit_class:t = "ussr_quest_large_art_noground"
		objLayer:i = 1
		closed_waypoints:b = false
		isShipSpline:b = false
		shipTurnRadius:r = 100
		weapons:t = ""
		bullets0:t = ""
		bullets1:t = ""
		bullets2:t = ""
		bullets3:t = ""
		bulletsCount0:i = 0
		bulletsCount1:i = 0
		bulletsCount2:i = 0
		bulletsCount3:i = 0
		crewSkillK:r = 0
		applyAllMods:b = false
		props {
			army:i = 1
			count:i = 1
			formation_type:t = "rows"
			formation_div:i = 3
			formation_step:p2 = 2.5, 2
			formation_noise:p2 = 0.1, 0.1
			uniqueName:t = ""
			attack_type:t = "fire_at_will"
		}
		way {

		}
	}
	structures {
		name:t = "t1_art_12"
		tm:m = [[-0.882644, 0.0511925, 0.467246] [0.0647055, 0.997821, 0.0129075] [-0.465567, 0.0416261, -0.884033] [2861.07, 147.632, 9368.68]]
		unit_class:t = "ussr_quest_large_art_noground"
		objLayer:i = 1
		closed_waypoints:b = false
		isShipSpline:b = false
		shipTurnRadius:r = 100
		weapons:t = ""
		bullets0:t = ""
		bullets1:t = ""
		bullets2:t = ""
		bullets3:t = ""
		bulletsCount0:i = 0
		bulletsCount1:i = 0
		bulletsCount2:i = 0
		bulletsCount3:i = 0
		crewSkillK:r = 0
		applyAllMods:b = false
		props {
			army:i = 1
			count:i = 1
			formation_type:t = "rows"
			formation_div:i = 3
			formation_step:p2 = 2.5, 2
			formation_noise:p2 = 0.1, 0.1
			uniqueName:t = ""
			attack_type:t = "fire_at_will"
		}
		way {

		}
	}
	structures {
		name:t = "t1_bunker_06"
		tm:m = [[-0.94567, 0.0571835, 0.320061] [0.0647055, 0.997821, 0.0129075] [-0.318625, 0.0329159, -0.947309] [2848.52, 159.579, 9295.42]]
		unit_class:t = "uk_bunker_light_fat"
		objLayer:i = 1
		closed_waypoints:b = false
		isShipSpline:b = false
		shipTurnRadius:r = 100
		weapons:t = ""
		bullets0:t = ""
		bullets1:t = ""
		bullets2:t = ""
		bullets3:t = ""
		bulletsCount0:i = 0
		bulletsCount1:i = 0
		bulletsCount2:i = 0
		bulletsCount3:i = 0
		crewSkillK:r = 0
		applyAllMods:b = false
		props {
			army:i = 1
			count:i = 1
			formation_type:t = "rows"
			formation_div:i = 3
			formation_step:p2 = 2.5, 2
			formation_noise:p2 = 0.1, 0.1
			uniqueName:t = ""
			attack_type:t = "fire_at_will"
		}
		way {

		}
	}
	air_defence {
		name:t = "t1_aaa_06"
		tm:m = [[-0.94567, 0.0571835, 0.320061] [0.0647055, 0.997821, 0.0129075] [-0.318625, 0.0329159, -0.947309] [2900.43, 153.513, 9271.33]]
		unit_class:t = "ussr_85mm_52k_noground"
		objLayer:i = 1
		closed_waypoints:b = false
		isShipSpline:b = false
		shipTurnRadius:r = 100
		weapons:t = ""
		bullets0:t = ""
		bullets1:t = ""
		bullets2:t = ""
		bullets3:t = ""
		bulletsCount0:i = 0
		bulletsCount1:i = 0
		bulletsCount2:i = 0
		bulletsCount3:i = 0
		crewSkillK:r = 0
		applyAllMods:b = false
		props {
			army:i = 1
			count:i = 1
			formation_type:t = "rows"
			formation_div:i = 3
			formation_step:p2 = 2.5, 2
			formation_noise:p2 = 0.1, 0.1
			uniqueName:t = ""
			attack_type:t = "fire_at_will"
		}
		way {

		}
	}
	objectGroups {
		name:t = "t1_trench_07"
		tm:m = [[0.410661, -0.0268867, 0.911392] [-0.00195506, 0.999537, 0.030368] [-0.911786, -0.0142527, 0.410418] [3405.05, 135.885, 9918.46]]
		unit_class:t = "dynTrench_small_bunker_axis"
		objLayer:i = 2
		props {
			army:i = 1
			active:b = true
		}
	}
	structures {
		name:t = "t1_art_13"
		tm:m = [[-0.882644, 0.0698309, 0.464826] [0.0647055, 0.997539, -0.0269933] [-0.465567, 0.00625141, -0.88499] [3373.49, 146.564, 9842.07]]
		unit_class:t = "ussr_quest_large_art_noground"
		objLayer:i = 1
		closed_waypoints:b = false
		isShipSpline:b = false
		shipTurnRadius:r = 100
		weapons:t = ""
		bullets0:t = ""
		bullets1:t = ""
		bullets2:t = ""
		bullets3:t = ""
		bulletsCount0:i = 0
		bulletsCount1:i = 0
		bulletsCount2:i = 0
		bulletsCount3:i = 0
		crewSkillK:r = 0
		applyAllMods:b = false
		props {
			army:i = 1
			count:i = 1
			formation_type:t = "rows"
			formation_div:i = 3
			formation_step:p2 = 2.5, 2
			formation_noise:p2 = 0.1, 0.1
			uniqueName:t = ""
			attack_type:t = "fire_at_will"
		}
		way {

		}
	}
	structures {
		name:t = "t1_art_14"
		tm:m = [[-0.882644, 0.0698309, 0.464826] [0.0647055, 0.997539, -0.0269933] [-0.465567, 0.00625141, -0.88499] [3413.17, 137.98, 10005.6]]
		unit_class:t = "ussr_quest_large_art_noground"
		objLayer:i = 1
		closed_waypoints:b = false
		isShipSpline:b = false
		shipTurnRadius:r = 100
		weapons:t = ""
		bullets0:t = ""
		bullets1:t = ""
		bullets2:t = ""
		bullets3:t = ""
		bulletsCount0:i = 0
		bulletsCount1:i = 0
		bulletsCount2:i = 0
		bulletsCount3:i = 0
		crewSkillK:r = 0
		applyAllMods:b = false
		props {
			army:i = 1
			count:i = 1
			formation_type:t = "rows"
			formation_div:i = 3
			formation_step:p2 = 2.5, 2
			formation_noise:p2 = 0.1, 0.1
			uniqueName:t = ""
			attack_type:t = "fire_at_will"
		}
		way {

		}
	}
	structures {
		name:t = "t1_bunker_07"
		tm:m = [[-0.94567, 0.069933, 0.317519] [0.0647055, 0.997539, -0.0269933] [-0.318625, -0.00498148, -0.947868] [3400.62, 146.988, 9931.93]]
		unit_class:t = "uk_bunker_light_fat"
		objLayer:i = 1
		closed_waypoints:b = false
		isShipSpline:b = false
		shipTurnRadius:r = 100
		weapons:t = ""
		bullets0:t = ""
		bullets1:t = ""
		bullets2:t = ""
		bullets3:t = ""
		bulletsCount0:i = 0
		bulletsCount1:i = 0
		bulletsCount2:i = 0
		bulletsCount3:i = 0
		crewSkillK:r = 0
		applyAllMods:b = false
		props {
			army:i = 1
			count:i = 1
			formation_type:t = "rows"
			formation_div:i = 3
			formation_step:p2 = 2.5, 2
			formation_noise:p2 = 0.1, 0.1
			uniqueName:t = ""
			attack_type:t = "fire_at_will"
		}
		way {

		}
	}
	air_defence {
		name:t = "t1_aaa_07"
		tm:m = [[-0.94567, 0.069933, 0.317519] [0.0647055, 0.997539, -0.0269933] [-0.318625, -0.00498148, -0.947868] [3452.53, 139.964, 9908.1]]
		unit_class:t = "ussr_85mm_52k_noground"
		objLayer:i = 1
		closed_waypoints:b = false
		isShipSpline:b = false
		shipTurnRadius:r = 100
		weapons:t = ""
		bullets0:t = ""
		bullets1:t = ""
		bullets2:t = ""
		bullets3:t = ""
		bulletsCount0:i = 0
		bulletsCount1:i = 0
		bulletsCount2:i = 0
		bulletsCount3:i = 0
		crewSkillK:r = 0
		applyAllMods:b = false
		props {
			army:i = 1
			count:i = 1
			formation_type:t = "rows"
			formation_div:i = 3
			formation_step:p2 = 2.5, 2
			formation_noise:p2 = 0.1, 0.1
			uniqueName:t = ""
			attack_type:t = "fire_at_will"
		}
		way {

		}
	}
	objectGroups {
		name:t = "t1_trench_08"
		tm:m = [[0.0966011, 0.000362656, 0.995323] [0.0176756, 0.999842, -0.00207981] [-0.995166, 0.0177938, 0.0965794] [3310.21, 92.8407, 10721.1]]
		unit_class:t = "dynTrench_small_bunker_axis"
		objLayer:i = 2
		props {
			army:i = 1
			active:b = true
		}
	}
	structures {
		name:t = "t1_art_15"
		tm:m = [[-0.982511, 0.103345, 0.154893] [0.099093, 0.994464, -0.0349465] [-0.157647, -0.0189866, -0.987313] [3305.06, 101.177, 10638.4]]
		unit_class:t = "ussr_quest_large_art_noground"
		objLayer:i = 1
		closed_waypoints:b = false
