selected_tag:t = ""
bin_dump_file:t = ""
mission_settings {
	player {
		army:i = 1
		wing:t = "t1_player01"
		wing:t = "t1_player02"
		wing:t = "t1_player03"
		wing:t = "t1_player04"
		wing:t = "t1_player05"
		wing:t = "t1_player06"
		wing:t = "t1_player07"
		wing:t = "t1_player08"
		wing:t = "t1_player09"
		wing:t = "t1_player10"
		wing:t = "t1_player11"
		wing:t = "t1_player12"
		wing:t = "t1_player13"
		wing:t = "t1_player14"
		wing:t = "t1_player15"
		wing:t = "t1_player16"
	}
	player_teamB {
		army:i = 2
		wing:t = "t2_player01"
		wing:t = "t2_player02"
		wing:t = "t2_player03"
		wing:t = "t2_player04"
		wing:t = "t2_player05"
		wing:t = "t2_player06"
		wing:t = "t2_player07"
		wing:t = "t2_player08"
		wing:t = "t2_player09"
		wing:t = "t2_player10"
		wing:t = "t2_player11"
		wing:t = "t2_player12"
		wing:t = "t2_player13"
		wing:t = "t2_player14"
		wing:t = "t2_player15"
		wing:t = "t2_player16"
		wing:t = "t2_player17"
	}
	mission {
		level:t = "levels/port_moresby.bin"
		type:t = "domination"
		environment:t = "Day"
		weather:t = "hazy"
		locName:t = "missions/_AfD;location/port_moresby"
		locDesc:t = "missions/_AfD/main/desc;missions/_AfD/3zones"
		scoreLimit:i = 13500
		timeLimit:i = 20
		deathPenaltyMul:r = 0.4
		ctaCaptureZoneEqualPenaltyMul:r = 0
		country_axis:t = "germany"
		country_allies:t = "ussr"
		restoreType:t = "attempts"
		optionalTakeOff:b = false
		allowedUnitTypes {
			isAirplanesAllowed:b = true
			isTanksAllowed:b = false
			isShipsAllowed:b = false
			isHelicoptersAllowed:b = false
		}
	}
	atmosphere {
		pressure:r = 745
		temperature:r = 26
	}
	spectator_points {
		spectatorPoint:t = "spectator_point_01"
		spectatorPoint:t = "spectator_point_02"
		spectatorPoint:t = "spectator_point_03"
		spectatorPoint:t = "spectator_point_04"
	}
	briefing {
		place_loc:t = ""
		date_loc:t = ""
		objective_loc:t = ""
		music:t = "action_01"
		part {
			event:t = ""
			minTime:i = 6
			slide {
				map:b = false
				minTime:i = 6
				picture:t = "versus/airfield_domination_01"
				showAirMap:b = false
			}
			slide {
				map:b = false
				minTime:i = 6
				picture:t = "versus/airfield_domination_02"
				showAirMap:b = false
			}
		}
		part {
			event:t = ""
			minTime:i = 0
			slide {
				map:b = true
				minTime:i = 4
				picture:t = ""
				showAirMap:b = false
				icon {
					icontype:t = "fighter"
					side:t = "ally"
					target:t = "t1_bombers_spawn"
					lookAt:t = "capture_zone01"
				}
				icon {
					icontype:t = "fighter"
					side:t = "enemy"
					target:t = "t2_bombers_spawn"
					lookAt:t = "capture_zone01"
				}
				icon {
					icontype:t = "basezone_A"
					side:t = "neutral"
					target:t = "capture_zone01"
				}
				icon {
					icontype:t = "basezone_B"
					side:t = "neutral"
					target:t = "capture_zone02"
				}
				icon {
					icontype:t = "basezone_C"
					side:t = "neutral"
					target:t = "capture_zone03"
				}
			}
		}
	}
}
imports {
	import_record {
		file:t = "gameData/missions/templates/base_logic_template.blk"
		importAreas:b = true
		importUnits:b = true
		importTriggers:b = true
		importMissionObjectives:b = true
		importWayPoints:b = true
		showAreas:b = true
		showUnits:b = true
		showTriggers:b = true
		showMissionObjectives:b = true
		showWayPoints:b = true
		excludes {

		}
	}
	import_record {
		file:t = "gameData/missions/templates/land_units_move_template.blk"
		importAreas:b = true
		importUnits:b = true
		importTriggers:b = true
		importMissionObjectives:b = true
		importWayPoints:b = true
		showAreas:b = true
		showUnits:b = true
		showTriggers:b = true
		showMissionObjectives:b = true
		showWayPoints:b = true
		excludes {

		}
	}
	import_record {
		file:t = "gameData/missions/templates/land_units_death_template.blk"
		importAreas:b = true
		importUnits:b = true
		importTriggers:b = true
		importMissionObjectives:b = true
		importWayPoints:b = true
		showAreas:b = true
		showUnits:b = true
		showTriggers:b = true
		showMissionObjectives:b = true
		showWayPoints:b = true
		excludes {

		}
	}
	import_record {
		file:t = "gameData/missions/templates/arcade_spawner.blk"
		importAreas:b = true
		importUnits:b = true
		importTriggers:b = true
		importMissionObjectives:b = true
		importWayPoints:b = true
		showAreas:b = true
		showUnits:b = true
		showTriggers:b = true
		showMissionObjectives:b = true
		showWayPoints:b = true
		excludes {

		}
	}
	import_record {
		file:t = "gameData/missions/templates/air_templates/aat_aaa_template.blk"
		importAreas:b = true
		importUnits:b = true
		importTriggers:b = true
		importMissionObjectives:b = true
		importWayPoints:b = true
		showAreas:b = true
		showUnits:b = true
		showTriggers:b = true
		showMissionObjectives:b = true
		showWayPoints:b = true
		excludes {

		}
	}
}
triggers {
	isCategory:b = true
	is_enabled:b = true
	start_mission {
		is_enabled:b = true
		comments:t = ""
		props {
			actionsType:t = "PERFORM_ONE_BY_ONE"
			conditionsType:t = "ALL"
			enableAfterComplete:b = false
		}
		events {
			initMission {

			}
		}
		conditions {

		}
		actions {
			triggerDisable {
				target:t = "t1_all_land_destroyed"
				target:t = "t2_all_land_destroyed"
			}
			unitSetIndication {
				set:b = true
				target:t = "t1_quest_units_squad"
				target_marking:i = 0
				object_var_name:t = ""
				object_var_comp_op:t = "equal"
				object_var_value:i = 0
				team:t = "B"
			}
			unitSetIndication {
				set:b = true
				target:t = "t2_quest_units_squad"
				target_marking:i = 0
				object_var_name:t = ""
				object_var_comp_op:t = "equal"
				object_var_value:i = 0
				team:t = "A"
			}
			missionMarkAsCaptureZone {
				army:i = 0
				timeMultiplier:r = 0.14
				disableZone:b = false
				name_for_respawn_base:t = ""
				target:t = "capture_zone01"
				canCaptureOnGround:b = true
				canCaptureInAir:b = false
				canCaptureByGM:b = true
				airfield:t = "airfield_01"
				createRespawnBaseFromAirfield:b = false
				zoneDefenders {

				}
			}
			missionMarkAsCaptureZone {
				army:i = 0
				timeMultiplier:r = 0.14
				disableZone:b = false
				name_for_respawn_base:t = ""
				target:t = "capture_zone02"
				canCaptureOnGround:b = true
				canCaptureInAir:b = false
				canCaptureByGM:b = true
				airfield:t = "airfield_02"
				createRespawnBaseFromAirfield:b = false
				zoneDefenders {

				}
			}
			missionMarkAsCaptureZone {
				army:i = 0
				timeMultiplier:r = 0.14
				disableZone:b = false
				name_for_respawn_base:t = ""
				target:t = "capture_zone03"
				canCaptureOnGround:b = true
				canCaptureInAir:b = false
				canCaptureByGM:b = true
				airfield:t = "airfield_03"
				createRespawnBaseFromAirfield:b = false
				zoneDefenders {

				}
			}
			unitSetProperties {
				object:t = "t1_artillery_squad"
				object:t = "t2_artillery_squad"
				object_marking:i = 0
				object_var_name:t = ""
				object_var_comp_op:t = "equal"
				object_var_value:i = 0
				accuracy:r = 0
				effShootingRate:r = 0
				airEffShootingRate:r = 0
			}
			unitSetProperties {
				object:t = "t1_aaa_squad"
				object:t = "t2_aaa_squad"
				object_marking:i = 0
				object_var_name:t = ""
				object_var_comp_op:t = "equal"
				object_var_value:i = 0
				accuracy:r = 0.3
				effShootingRate:r = 0.3
			}
			wait {
				time:r = 5
			}
			moAddMissionObjective {
				target:t = "arcade_destroy_all"
			}
		}
		else_actions {

		}
	}
	update_indicators {
		is_enabled:b = true
		comments:t = ""
		props {
			actionsType:t = "PERFORM_ONE_BY_ONE"
			conditionsType:t = "ALL"
			enableAfterComplete:b = true
		}
		events {
			periodicEvent {
				time:r = 1
			}
		}
		conditions {

		}
		actions {
			missionSetTargetsIndicator {
				target_type:t = "isAlive"
				target_marking:i = 0
				delta:i = 0
				icon:t = "tank"
				"icon army":i = 1
				set:b = true
				object_var_name:t = ""
				object_var_comp_op:t = "equal"
				object_var_value:i = 0
				target:t = "t1_quest_units_squad"
			}
			missionSetTargetsIndicator {
				target_type:t = "isAlive"
				target_marking:i = 0
				delta:i = 0
				icon:t = "tank"
				"icon army":i = 2
				set:b = true
				object_var_name:t = ""
				object_var_comp_op:t = "equal"
				object_var_value:i = 0
				target:t = "t2_quest_units_squad"
			}
		}
		else_actions {

		}
	}
}
mission_objectives {
	isCategory:b = true
	is_enabled:b = true
	arcade_capture_airfield03 {
		is_enabled:b = true
		comments:t = ""
		type:t = "abstractMissionObjective"
		props {
			isPrimary:b = true
			timeLimit:i = 1800
			scoreConst:i = 100
			scoreTime:i = 400
		}
		onSuccess {

		}
		onFailed {

		}
	}
	arcade_destroy_all {
		is_enabled:b = false
		comments:t = ""
		type:t = "abstractMissionObjective"
		props {
			isPrimary:b = true
			timeLimit:i = 1800
			scoreConst:i = 100
			scoreTime:i = 400
		}
		onSuccess {

		}
		onFailed {

		}
	}
}
variables {

}
dialogs {

}
airfields {

}
effects {

}
units {
	armada {
		name:t = "t1_player01"
		tm:m = [[0.766045, 0.0, 0.642788] [0.0, 1.0, 0.0] [-0.642788, 0.0, 0.766045] [-9095.8, 1000.0, -3765.05]]
		unit_class:t = "a5m4"
		closed_waypoints:b = false
		isShipSpline:b = false
		shipTurnRadius:r = 100
		weapons:t = ""
		bullets0:t = ""
		bullets1:t = ""
		bullets2:t = ""
		bullets3:t = ""
		bulletsCount0:i = 0
		bulletsCount1:i = 0
		bulletsCount2:i = 0
		bulletsCount3:i = 0
		crewSkillK:r = 0
		applyAllMods:b = false
		props {
			army:i = 2
			free_distance:r = 70
			floating_distance:r = 50
			minimum_distance_to_earth:r = 20
			altLimit:r = 6000
			attack_type:t = "fire_at_will"
			skill:i = 4
			count:i = 1
			player:b = true
			plane {
				wing_formation:t = "Diamond"
				row_distances:r = 1.5
				col_distances:r = 1.5
				super_formation:t = "Diamond"
				super_row_distances:r = 1.5
				super_col_distances:r = 1.5
				ai_skill:t = "NORMAL"
				task:t = "FLY_WAYPOINT"
			}
		}
		way {

		}
	}
	squad {
		name:t = "t1_quest_units_squad"
		tm:m = [[0.953717, 0.0, -0.300706] [0.0, 1.0, 0.0] [0.300706, 0.0, 0.953717] [-8543.22, 75.45, -4476.02]]
		props {
			squad_members:t = "t1_artillery_squad"
			squad_members:t = "t1_aaa_squad"
		}
	}
	squad {
		name:t = "t2_quest_units_squad"
		tm:m = [[0.953717, 0.0, -0.300706] [0.0, 1.0, 0.0] [0.300706, 0.0, 0.953717] [-6018.76, 75.45, -5297.36]]
		props {
			squad_members:t = "t2_artillery_squad"
			squad_members:t = "t2_aaa_squad"
		}
	}
	structures {
		name:t = "dummy_unit"
		tm:m = [[0.953717, 0.0, -0.300706] [0.0, 1.0, 0.0] [0.300706, 0.0, 0.953717] [-6186.94, 54.45, 1601.1]]
		unit_class:t = "dummy"
		objLayer:i = 1
		closed_waypoints:b = false
		isShipSpline:b = false
		shipTurnRadius:r = 100
		weapons:t = ""
		bullets0:t = ""
		bullets1:t = ""
		bullets2:t = ""
		bullets3:t = ""
		bulletsCount0:i = 0
		bulletsCount1:i = 0
		bulletsCount2:i = 0
		bulletsCount3:i = 0
		crewSkillK:r = 0
		applyAllMods:b = false
		props {
			army:i = 0
			count:i = 1
			formation_type:t = "rows"
			formation_div:i = 3
			formation_step:p2 = 2.5, 2
			formation_noise:p2 = 0.1, 0.1
			uniqueName:t = ""
			attack_type:t = "fire_at_will"
			isDelayed:b = true
			stealthRadius:r = 0
			setStealth:b = true
		}
		way {

		}
	}
	squad {
		name:t = "t1_land_squad"
		tm:m = [[0.953717, 0.0, -0.300706] [0.0, 1.0, 0.0] [0.300706, 0.0, 0.953717] [-8299.36, 323.897, -3912.5]]
		props {
			squad_members:t = "dummy_unit"
		}
	}
	squad {
		name:t = "t2_land_squad"
		tm:m = [[0.953717, 0.0, -0.300706] [0.0, 1.0, 0.0] [0.300706, 0.0, 0.953717] [-5703.7, 62.6, -4968.89]]
		props {
			squad_members:t = "dummy_unit"
		}
	}
	squad {
		name:t = "t1_heavy_units_squad"
		tm:m = [[0.953717, 0.0, -0.300706] [0.0, 1.0, 0.0] [0.300706, 0.0, 0.953717] [-8456.3, 79.15, -5102.56]]
		props {
			squad_members:t = "dummy_unit"
		}
	}
	squad {
		name:t = "t2_heavy_units_squad"
		tm:m = [[0.953717, 0.0, -0.300706] [0.0, 1.0, 0.0] [0.300706, 0.0, 0.953717] [-6411.81, 79.15, -5501.09]]
		props {
			squad_members:t = "dummy_unit"
		}
	}
	squad {
		name:t = "t1_light_units_squad"
		tm:m = [[0.953717, 0.0, -0.300706] [0.0, 1.0, 0.0] [0.300706, 0.0, 0.953717] [-8667.52, 76.05, -5055.15]]
		props {
			squad_members:t = "dummy_unit"
		}
	}
	squad {
		name:t = "t2_light_units_squad"
		tm:m = [[0.953717, 0.0, -0.300706] [0.0, 1.0, 0.0] [0.300706, 0.0, 0.953717] [-6407.82, 76.05, -5598.5]]
		props {
			squad_members:t = "dummy_unit"
		}
	}
	squad {
		name:t = "t1_movable_units_squad"
		tm:m = [[0.953717, 0.0, -0.300706] [0.0, 1.0, 0.0] [0.300706, 0.0, 0.953717] [-8605.61, 79.6, -5352.32]]
		props {
			squad_members:t = "t1_heavy_units_squad"
			squad_members:t = "t1_light_units_squad"
		}
	}
	squad {
		name:t = "t2_movable_units_squad"
		tm:m = [[0.953717, 0.0, -0.300706] [0.0, 1.0, 0.0] [0.300706, 0.0, 0.953717] [-6798.65, 79.6, -5606.97]]
		props {
			squad_members:t = "t2_heavy_units_squad"
			squad_members:t = "t2_light_units_squad"
		}
	}
	objectGroups {
		name:t = "airfield_01"
		tm:m = [[-0.345027, 0.0, 0.938593] [0.0, 1.0, 0.0] [-0.938593, 0.0, -0.345027] [-6432.15, 64.2982, -2006.95]]
		unit_class:t = "dynaf_universal_1line_a"
		objLayer:i = 2
		props {
			army:i = 0
			active:b = true
		}
	}
	objectGroups {
		name:t = "airfield_02"
		tm:m = [[0.926723, 0.0, -0.375744] [0.0, 1.0, 0.0] [0.375744, 0.0, 0.926723] [-5681.15, 34.9, -7330.8]]
		unit_class:t = "dynaf_universal_1line_b"
		objLayer:i = 2
		props {
			army:i = 0
			active:b = true
		}
	}
	objectGroups {
		name:t = "airfield_03"
		tm:m = [[-0.94025, 0.0, 0.340484] [0.0, 1.0, 0.0] [-0.340484, 0.0, -0.94025] [-6806.0, 68.4868, 4102.53]]
		unit_class:t = "dynaf_universal_1line_c"
		objLayer:i = 2
		props {
			army:i = 0
			active:b = true
		}
	}
	squad {
		name:t = "t1_all_aaa_squad"
		tm:m = [[1.0, 0.0, 0.0] [0.0, 1.0, 0.0] [0.0, 0.0, 1.0] [-17106.0, 79.45, -5302.75]]
		props {
			squad_members:t = "t1_aaa_squad"
		}
	}
	squad {
		name:t = "t2_all_aaa_squad"
		tm:m = [[1.0, 0.0, 0.0] [0.0, 1.0, 0.0] [0.0, 0.0, 1.0] [-16640.2, 79.45, -6246.45]]
		props {
			squad_members:t = "t2_aaa_squad"
		}
	}
	objectGroups {
		name:t = "t2_trench_01"
		tm:m = [[-0.190271, 0.0, 0.981732] [0.0, 1.0, 0.0] [-0.981732, 0.0, -0.190271] [-3872.51, 61.5486, -2251.6]]
		unit_class:t = "dynTrench_small_bunker_axis"
		objLayer:i = 2
		props {
			army:i = 2
			active:b = true
		}
	}
	structures {
		name:t = "t2_art_01"
		tm:m = [[-0.999568, 0.0037647, 0.0291561] [0.0, 0.991767, -0.128059] [-0.0293982, -0.128003, -0.991338] [-3854.53, 72.3679, -2332.67]]
		unit_class:t = "ussr_quest_large_art_noground"
		objLayer:i = 1
		closed_waypoints:b = false
		isShipSpline:b = false
		shipTurnRadius:r = 100
		weapons:t = ""
		bullets0:t = ""
		bullets1:t = ""
		bullets2:t = ""
		bullets3:t = ""
		bulletsCount0:i = 0
		bulletsCount1:i = 0
		bulletsCount2:i = 0
		bulletsCount3:i = 0
		crewSkillK:r = 0
		applyAllMods:b = false
		props {
			army:i = 2
			count:i = 1
			formation_type:t = "rows"
			formation_div:i = 3
			formation_step:p2 = 2.5, 2
			formation_noise:p2 = 0.1, 0.1
		}
		way {

		}
	}
	structures {
		name:t = "t2_art_02"
		tm:m = [[-0.999568, 0.0037647, 0.0291561] [0.0, 0.991767, -0.128059] [-0.0293982, -0.128003, -0.991338] [-3883.73, 73.7269, -2244.03]]
		unit_class:t = "ussr_quest_large_art_noground"
		objLayer:i = 1
		closed_waypoints:b = false
		isShipSpline:b = false
		shipTurnRadius:r = 100
		weapons:t = ""
		bullets0:t = ""
		bullets1:t = ""
		bullets2:t = ""
		bullets3:t = ""
		bulletsCount0:i = 0
		bulletsCount1:i = 0
		bulletsCount2:i = 0
		bulletsCount3:i = 0
		crewSkillK:r = 0
		applyAllMods:b = false
		props {
			army:i = 2
			count:i = 1
			formation_type:t = "rows"
			formation_div:i = 3
			formation_step:p2 = 2.5, 2
			formation_noise:p2 = 0.1, 0.1
		}
		way {

		}
	}
	structures {
		name:t = "t2_art_03"
		tm:m = [[-0.999568, 0.0037647, 0.0291561] [0.0, 0.991767, -0.128059] [-0.0293982, -0.128003, -0.991338] [-3915.9, 66.8471, -2175.97]]
		unit_class:t = "ussr_quest_large_art_noground"
		objLayer:i = 1
		closed_waypoints:b = false
		isShipSpline:b = false
		shipTurnRadius:r = 100
		weapons:t = ""
		bullets0:t = ""
		bullets1:t = ""
		bullets2:t = ""
		bullets3:t = ""
		bulletsCount0:i = 0
		bulletsCount1:i = 0
		bulletsCount2:i = 0
		bulletsCount3:i = 0
		crewSkillK:r = 0
		applyAllMods:b = false
		props {
			army:i = 2
			count:i = 1
			formation_type:t = "rows"
			formation_div:i = 3
			formation_step:p2 = 2.5, 2
			formation_noise:p2 = 0.1, 0.1
		}
		way {

		}
	}
	air_defence {
		name:t = "t2_aaa_01"
		tm:m = [[-0.999568, 0.0037647, 0.0291561] [0.0, 0.991767, -0.128059] [-0.0293982, -0.128003, -0.991338] [-3827.19, 65.8981, -2232.14]]
		unit_class:t = "germ_20mm_flak38_noground"
		objLayer:i = 1
		closed_waypoints:b = false
		isShipSpline:b = false
		shipTurnRadius:r = 100
		weapons:t = ""
		bullets0:t = ""
		bullets1:t = ""
		bullets2:t = ""
		bullets3:t = ""
		bulletsCount0:i = 0
		bulletsCount1:i = 0
		bulletsCount2:i = 0
		bulletsCount3:i = 0
		crewSkillK:r = 0
		applyAllMods:b = false
		props {
			army:i = 2
			count:i = 1
			formation_type:t = "rows"
			formation_div:i = 3
			formation_step:p2 = 2.5, 2
			formation_noise:p2 = 0.1, 0.1
		}
		way {

		}
	}
	objectGroups {
		name:t = "t2_trench_02"
		tm:m = [[0.827066, 0.209269, 0.521699] [-0.253074, 0.967357, 0.0131705] [-0.501913, -0.142921, 0.853028] [-3698.78, 41.8784, -8635.74]]
		unit_class:t = "dynTrench_small_bunker_axis"
		objLayer:i = 2
		props {
			army:i = 2
			active:b = true
		}
	}
	structures {
		name:t = "t2_art_04"
		tm:m = [[-0.309727, -0.0900244, 0.946554] [-0.367198, 0.929601, -0.0317408] [-0.87706, -0.357404, -0.32098] [-3769.05, 35.2911, -8680.81]]
		unit_class:t = "ussr_quest_large_art_noground"
		objLayer:i = 1
		closed_waypoints:b = false
		isShipSpline:b = false
		shipTurnRadius:r = 100
		weapons:t = ""
		bullets0:t = ""
		bullets1:t = ""
		bullets2:t = ""
		bullets3:t = ""
		bulletsCount0:i = 0
		bulletsCount1:i = 0
		bulletsCount2:i = 0
		bulletsCount3:i = 0
		crewSkillK:r = 0
		applyAllMods:b = false
		props {
			army:i = 2
			count:i = 1
			formation_type:t = "rows"
			formation_div:i = 3
			formation_step:p2 = 2.5, 2
			formation_noise:p2 = 0.1, 0.1
		}
		way {

		}
	}
	structures {
		name:t = "t2_art_05"
		tm:m = [[-0.309727, -0.0900244, 0.946554] [-0.367198, 0.929601, -0.0317408] [-0.87706, -0.357404, -0.32098] [-3698.75, 54.2924, -8622.41]]
		unit_class:t = "ussr_quest_large_art_noground"
		objLayer:i = 1
		closed_waypoints:b = false
		isShipSpline:b = false
		shipTurnRadius:r = 100
		weapons:t = ""
		bullets0:t = ""
		bullets1:t = ""
		bullets2:t = ""
		bullets3:t = ""
		bulletsCount0:i = 0
		bulletsCount1:i = 0
		bulletsCount2:i = 0
		bulletsCount3:i = 0
		crewSkillK:r = 0
		applyAllMods:b = false
		props {
			army:i = 2
			count:i = 1
			formation_type:t = "rows"
			formation_div:i = 3
			formation_step:p2 = 2.5, 2
			formation_noise:p2 = 0.1, 0.1
		}
		way {

		}
	}
	structures {
		name:t = "t2_art_06"
		tm:m = [[-0.309727, -0.0900244, 0.946554] [-0.367198, 0.929601, -0.0317408] [-0.87706, -0.357404, -0.32098] [-3646.04, 60.2384, -8568.56]]
		unit_class:t = "ussr_quest_large_art_noground"
		objLayer:i = 1
		closed_waypoints:b = false
		isShipSpline:b = false
		shipTurnRadius:r = 100
		weapons:t = ""
		bullets0:t = ""
		bullets1:t = ""
		bullets2:t = ""
		bullets3:t = ""
		bulletsCount0:i = 0
		bulletsCount1:i = 0
		bulletsCount2:i = 0
		bulletsCount3:i = 0
		crewSkillK:r = 0
		applyAllMods:b = false
		props {
			army:i = 2
			count:i = 1
			formation_type:t = "rows"
			formation_div:i = 3
			formation_step:p2 = 2.5, 2
			formation_noise:p2 = 0.1, 0.1
		}
		way {

		}
	}
	air_defence {
		name:t = "t2_aaa_02"
		tm:m = [[-0.309727, -0.0900244, 0.946554] [-0.367198, 0.929601, -0.0317408] [-0.87706, -0.357404, -0.32098] [-3667.02, 55.167, -8671.32]]
		unit_class:t = "germ_20mm_flak38_noground"
		objLayer:i = 1
		closed_waypoints:b = false
		isShipSpline:b = false
		shipTurnRadius:r = 100
		weapons:t = ""
		bullets0:t = ""
		bullets1:t = ""
		bullets2:t = ""
		bullets3:t = ""
		bulletsCount0:i = 0
		bulletsCount1:i = 0
		bulletsCount2:i = 0
		bulletsCount3:i = 0
		crewSkillK:r = 0
		applyAllMods:b = false
		props {
			army:i = 2
			count:i = 1
			formation_type:t = "rows"
			formation_div:i = 3
			formation_step:p2 = 2.5, 2
			formation_noise:p2 = 0.1, 0.1
		}
		way {

		}
	}
	objectGroups {
		name:t = "t2_trench_03"
		tm:m = [[-0.190271, 0.0, 0.981732] [0.0, 1.0, 0.0] [-0.981732, 0.0, -0.190271] [-4189.3, 29.3115, 3701.42]]
		unit_class:t = "dynTrench_small_bunker_axis"
		objLayer:i = 2
		props {
			army:i = 2
			active:b = true
		}
	}
	structures {
		name:t = "t2_art_07"
		tm:m = [[-0.999568, 0.0037647, 0.0291561] [0.0, 0.991767, -0.128059] [-0.0293982, -0.128003, -0.991338] [-4171.32, 40.1308, 3620.35]]
		unit_class:t = "ussr_quest_large_art_noground"
		objLayer:i = 1
		closed_waypoints:b = false
		isShipSpline:b = false
		shipTurnRadius:r = 100
		weapons:t = ""
		bullets0:t = ""
		bullets1:t = ""
		bullets2:t = ""
		bullets3:t = ""
		bulletsCount0:i = 0
		bulletsCount1:i = 0
		bulletsCount2:i = 0
		bulletsCount3:i = 0
		crewSkillK:r = 0
		applyAllMods:b = false
		props {
			army:i = 2
			count:i = 1
			formation_type:t = "rows"
			formation_div:i = 3
			formation_step:p2 = 2.5, 2
			formation_noise:p2 = 0.1, 0.1
		}
		way {

		}
	}
	structures {
		name:t = "t2_art_08"
		tm:m = [[-0.999568, 0.0037647, 0.0291561] [0.0, 0.991767, -0.128059] [-0.0293982, -0.128003, -0.991338] [-4200.53, 41.4897, 3708.99]]
		unit_class:t = "ussr_quest_large_art_noground"
		objLayer:i = 1
		closed_waypoints:b = false
		isShipSpline:b = false
		shipTurnRadius:r = 100
		weapons:t = ""
		bullets0:t = ""
		bullets1:t = ""
		bullets2:t = ""
		bullets3:t = ""
		bulletsCount0:i = 0
		bulletsCount1:i = 0
		bulletsCount2:i = 0
		bulletsCount3:i = 0
		crewSkillK:r = 0
		applyAllMods:b = false
		props {
			army:i = 2
			count:i = 1
			formation_type:t = "rows"
			formation_div:i = 3
			formation_step:p2 = 2.5, 2
			formation_noise:p2 = 0.1, 0.1
		}
		way {

		}
	}
	structures {
		name:t = "t2_art_09"
		tm:m = [[-0.999568, 0.0037647, 0.0291561] [0.0, 0.991767, -0.128059] [-0.0293982, -0.128003, -0.991338] [-4232.7, 34.61, 3777.05]]
		unit_class:t = "ussr_quest_large_art_noground"
		objLayer:i = 1
		closed_waypoints:b = false
		isShipSpline:b = false
		shipTurnRadius:r = 100
		weapons:t = ""
		bullets0:t = ""
		bullets1:t = ""
		bullets2:t = ""
		bullets3:t = ""
		bulletsCount0:i = 0
		bulletsCount1:i = 0
		bulletsCount2:i = 0
		bulletsCount3:i = 0
		crewSkillK:r = 0
		applyAllMods:b = false
		props {
			army:i = 2
			count:i = 1
			formation_type:t = "rows"
			formation_div:i = 3
			formation_step:p2 = 2.5, 2
			formation_noise:p2 = 0.1, 0.1
		}
		way {

		}
	}
	air_defence {
		name:t = "t2_aaa_03"
		tm:m = [[-0.999568, 0.0037647, 0.0291561] [0.0, 0.991767, -0.128059] [-0.0293982, -0.128003, -0.991338] [-4143.99, 33.6609, 3720.88]]
		unit_class:t = "germ_20mm_flak38_noground"
		objLayer:i = 1
		closed_waypoints:b = false
		isShipSpline:b = false
		shipTurnRadius:r = 100
		weapons:t = ""
		bullets0:t = ""
		bullets1:t = ""
		bullets2:t = ""
		bullets3:t = ""
		bulletsCount0:i = 0
		bulletsCount1:i = 0
		bulletsCount2:i = 0
		bulletsCount3:i = 0
		crewSkillK:r = 0
		applyAllMods:b = false
		props {
			army:i = 2
			count:i = 1
			formation_type:t = "rows"
			formation_div:i = 3
			formation_step:p2 = 2.5, 2
			formation_noise:p2 = 0.1, 0.1
		}
		way {

		}
	}
	objectGroups {
		name:t = "t2_trench_04"
		tm:m = [[-0.397894, -0.0291837, 0.916967] [0.0, 0.999494, 0.0318103] [-0.917431, 0.0126571, -0.397693] [-4350.79, 41.4457, 4977.41]]
		unit_class:t = "dynTrench_small_bunker_axis"
		objLayer:i = 2
		props {
			army:i = 2
			active:b = true
		}
	}
	structures {
		name:t = "t2_art_10"
		tm:m = [[-0.982257, 0.00972736, -0.18729] [0.0276691, 0.995242, -0.0934223] [0.18549, -0.0969468, -0.977852] [-4315.72, 54.6539, 4902.52]]
		unit_class:t = "ussr_quest_large_art_noground"
		objLayer:i = 1
		closed_waypoints:b = false
		isShipSpline:b = false
		shipTurnRadius:r = 100
		weapons:t = ""
		bullets0:t = ""
		bullets1:t = ""
		bullets2:t = ""
		bullets3:t = ""
		bulletsCount0:i = 0
		bulletsCount1:i = 0
		bulletsCount2:i = 0
		bulletsCount3:i = 0
		crewSkillK:r = 0
		applyAllMods:b = false
		props {
			army:i = 2
			count:i = 1
			formation_type:t = "rows"
			formation_div:i = 3
			formation_step:p2 = 2.5, 2
			formation_noise:p2 = 0.1, 0.1
		}
		way {

		}
	}
	structures {
		name:t = "t2_art_11"
		tm:m = [[-0.982257, 0.00972736, -0.18729] [0.0276691, 0.995242, -0.0934223] [0.18549, -0.0969468, -0.977852] [-4363.39, 53.4597, 4982.77]]
		unit_class:t = "ussr_quest_large_art_noground"
		objLayer:i = 1
		closed_waypoints:b = false
		isShipSpline:b = false
		shipTurnRadius:r = 100
		weapons:t = ""
		bullets0:t = ""
		bullets1:t = ""
		bullets2:t = ""
		bullets3:t = ""
		bulletsCount0:i = 0
		bulletsCount1:i = 0
		bulletsCount2:i = 0
		bulletsCount3:i = 0
		crewSkillK:r = 0
		applyAllMods:b = false
		props {
			army:i = 2
			count:i = 1
			formation_type:t = "rows"
			formation_div:i = 3
			formation_step:p2 = 2.5, 2
			formation_noise:p2 = 0.1, 0.1
		}
		way {

		}
	}
	structures {
		name:t = "t2_art_12"
		tm:m = [[-0.982257, 0.00972736, -0.18729] [0.0276691, 0.995242, -0.0934223] [0.18549, -0.0969468, -0.977852] [-4409.5, 44.6905, 5042.02]]
		unit_class:t = "ussr_quest_large_art_noground"
		objLayer:i = 1
		closed_waypoints:b = false
		isShipSpline:b = false
		shipTurnRadius:r = 100
		weapons:t = ""
		bullets0:t = ""
		bullets1:t = ""
		bullets2:t = ""
		bullets3:t = ""
		bulletsCount0:i = 0
		bulletsCount1:i = 0
		bulletsCount2:i = 0
		bulletsCount3:i = 0
		crewSkillK:r = 0
		applyAllMods:b = false
		props {
			army:i = 2
			count:i = 1
			formation_type:t = "rows"
			formation_div:i = 3
			formation_step:p2 = 2.5, 2
			formation_noise:p2 = 0.1, 0.1
		}
		way {

		}
	}
	air_defence {
		name:t = "t2_aaa_04"
		tm:m = [[-0.982257, 0.00972736, -0.18729] [0.0276691, 0.995242, -0.0934223] [0.18549, -0.0969468, -0.977852] [-4310.75, 44.8769, 5006.33]]
		unit_class:t = "germ_20mm_flak38_noground"
		objLayer:i = 1
		closed_waypoints:b = false
		isShipSpline:b = false
		shipTurnRadius:r = 100
		weapons:t = ""
		bullets0:t = ""
		bullets1:t = ""
		bullets2:t = ""
		bullets3:t = ""
		bulletsCount0:i = 0
		bulletsCount1:i = 0
		bulletsCount2:i = 0
		bulletsCount3:i = 0
		crewSkillK:r = 0
		applyAllMods:b = false
		props {
			army:i = 2
			count:i = 1
			formation_type:t = "rows"
			formation_div:i = 3
			formation_step:p2 = 2.5, 2
			formation_noise:p2 = 0.1, 0.1
		}
		way {

		}
	}
	objectGroups {
		name:t = "t2_trench_05"
		tm:m = [[-0.189832, 0.0129066, 0.981732] [0.067833, 0.997697, 0.0] [-0.97947, 0.0665938, -0.190271] [-4140.2, 56.712, -871.004]]
		unit_class:t = "dynTrench_small_bunker_axis"
		objLayer:i = 2
		props {
			army:i = 2
			active:b = true
		}
	}
	structures {
		name:t = "t2_art_13"
		tm:m = [[-0.99701, 0.0715597, 0.0291561] [0.0672745, 0.989482, -0.128059] [-0.0380133, -0.125714, -0.991338] [-4121.53, 66.2865, -952.075]]
		unit_class:t = "ussr_quest_large_art_noground"
		objLayer:i = 1
		closed_waypoints:b = false
		isShipSpline:b = false
		shipTurnRadius:r = 100
		weapons:t = ""
		bullets0:t = ""
		bullets1:t = ""
		bullets2:t = ""
		bullets3:t = ""
		bulletsCount0:i = 0
		bulletsCount1:i = 0
		bulletsCount2:i = 0
		bulletsCount3:i = 0
		crewSkillK:r = 0
		applyAllMods:b = false
		props {
			army:i = 2
			count:i = 1
			formation_type:t = "rows"
			formation_div:i = 3
			formation_step:p2 = 2.5, 2
			formation_noise:p2 = 0.1, 0.1
		}
		way {

		}
	}
	structures {
		name:t = "t2_art_14"
		tm:m = [[-0.99701, 0.0715597, 0.0291561] [0.0672745, 0.989482, -0.128059] [-0.0380133, -0.125714, -0.991338] [-4150.57, 69.6235, -863.431]]
		unit_class:t = "ussr_quest_large_art_noground"
		objLayer:i = 1
		closed_waypoints:b = false
		isShipSpline:b = false
		shipTurnRadius:r = 100
		weapons:t = ""
		bullets0:t = ""
		bullets1:t = ""
		bullets2:t = ""
		bullets3:t = ""
		bulletsCount0:i = 0
		bulletsCount1:i = 0
		bulletsCount2:i = 0
		bulletsCount3:i = 0
		crewSkillK:r = 0
		applyAllMods:b = false
		props {
			army:i = 2
			count:i = 1
			formation_type:t = "rows"
			formation_div:i = 3
			formation_step:p2 = 2.5, 2
			formation_noise:p2 = 0.1, 0.1
		}
		way {

		}
	}
	structures {
		name:t = "t2_art_15"
		tm:m = [[-0.99701, 0.0715597, 0.0291561] [0.0672745, 0.989482, -0.128059] [-0.0380133, -0.125714, -0.991338] [-4183.14, 64.9418, -795.369]]
		unit_class:t = "ussr_quest_large_art_noground"
		objLayer:i = 1
		closed_waypoints:b = false
		isShipSpline:b = false
		shipTurnRadius:r = 100
		weapons:t = ""
		bullets0:t = ""
		bullets1:t = ""
		bullets2:t = ""
		bullets3:t = ""
		bulletsCount0:i = 0
		bulletsCount1:i = 0
		bulletsCount2:i = 0
		bulletsCount3:i = 0
		crewSkillK:r = 0
		applyAllMods:b = false
		props {
			army:i = 2
			count:i = 1
			formation_type:t = "rows"
			formation_div:i = 3
			formation_step:p2 = 2.5, 2
			formation_noise:p2 = 0.1, 0.1
		}
		way {

		}
	}
	air_defence {
		name:t = "t2_aaa_05"
		tm:m = [[-0.99701, 0.0715597, 0.0291561] [0.0672745, 0.989482, -0.128059] [-0.0380133, -0.125714, -0.991338] [-4094.69, 57.9774, -851.541]]
		unit_class:t = "germ_20mm_flak38_noground"
		objLayer:i = 1
		closed_waypoints:b = false
		isShipSpline:b = false
		shipTurnRadius:r = 100
		weapons:t = ""
		bullets0:t = ""
		bullets1:t = ""
		bullets2:t = ""
		bullets3:t = ""
		bulletsCount0:i = 0
		bulletsCount1:i = 0
		bulletsCount2:i = 0
		bulletsCount3:i = 0
		crewSkillK:r = 0
		applyAllMods:b = false
		props {
			army:i = 2
			count:i = 1
			formation_type:t = "rows"
			formation_div:i = 3
			formation_step:p2 = 2.5, 2
			formation_noise:p2 = 0.1, 0.1
		}
		way {

		}
	}
	objectGroups {
		name:t = "t2_trench_06"
		tm:m = [[0.84292, 0.131594, 0.521699] [-0.162188, 0.986672, 0.0131705] [-0.513012, -0.0957147, 0.853028] [-3462.65, 36.7791, -9080.3]]
		unit_class:t = "dynTrench_small_bunker_axis"
		objLayer:i = 2
		props {
			army:i = 2
			active:b = true
		}
	}
	structures {
		name:t = "t2_art_16"
		tm:m = [[-0.316746, -0.0608858, 0.946554] [-0.279324, 0.959672, -0.0317408] [-0.906449, -0.274449, -0.32098] [-3533.24, 36.7436, -9125.37]]
		unit_class:t = "ussr_quest_large_art_noground"
		objLayer:i = 1
		closed_waypoints:b = false
		isShipSpline:b = false
		shipTurnRadius:r = 100
		weapons:t = ""
		bullets0:t = ""
		bullets1:t = ""
		bullets2:t = ""
		bullets3:t = ""
		bulletsCount0:i = 0
		bulletsCount1:i = 0
		bulletsCount2:i = 0
		bulletsCount3:i = 0
		crewSkillK:r = 0
		applyAllMods:b = false
		props {
			army:i = 2
			count:i = 1
			formation_type:t = "rows"
			formation_div:i = 3
			formation_step:p2 = 2.5, 2
			formation_noise:p2 = 0.1, 0.1
		}
		way {

		}
	}
	structures {
		name:t = "t2_art_17"
		tm:m = [[-0.316746, -0.0608858, 0.946554] [-0.279324, 0.959672, -0.0317408] [-0.906449, -0.274449, -0.32098] [-3461.47, 49.1374, -9066.98]]
		unit_class:t = "ussr_quest_large_art_noground"
		objLayer:i = 1
		closed_waypoints:b = false
		isShipSpline:b = false
		shipTurnRadius:r = 100
		weapons:t = ""
		bullets0:t = ""
		bullets1:t = ""
		bullets2:t = ""
		bullets3:t = ""
		bulletsCount0:i = 0
		bulletsCount1:i = 0
		bulletsCount2:i = 0
		bulletsCount3:i = 0
		crewSkillK:r = 0
		applyAllMods:b = false
		props {
			army:i = 2
			count:i = 1
			formation_type:t = "rows"
			formation_div:i = 3
			formation_step:p2 = 2.5, 2
			formation_noise:p2 = 0.1, 0.1
		}
		way {

		}
	}
	structures {
		name:t = "t2_art_18"
		tm:m = [[-0.316746, -0.0608858, 0.946554] [-0.279324, 0.959672, -0.0317408] [-0.906449, -0.274449, -0.32098] [-3408.43, 50.1642, -9013.12]]
		unit_class:t = "ussr_quest_large_art_noground"
		objLayer:i = 1
		closed_waypoints:b = false
		isShipSpline:b = false
		shipTurnRadius:r = 100
		weapons:t = ""
		bullets0:t = ""
		bullets1:t = ""
		bullets2:t = ""
		bullets3:t = ""
		bulletsCount0:i = 0
		bulletsCount1:i = 0
		bulletsCount2:i = 0
		bulletsCount3:i = 0
		crewSkillK:r = 0
		applyAllMods:b = false
		props {
			army:i = 2
			count:i = 1
			formation_type:t = "rows"
			formation_div:i = 3
			formation_step:p2 = 2.5, 2
			formation_noise:p2 = 0.1, 0.1
		}
		way {

		}
	}
	air_defence {
		name:t = "t2_aaa_06"
		tm:m = [[-0.316746, -0.0608858, 0.946554] [-0.279324, 0.959672, -0.0317408] [-0.906449, -0.274449, -0.32098] [-3429.8, 47.0624, -9115.88]]
		unit_class:t = "germ_20mm_flak38_noground"
		objLayer:i = 1
		closed_waypoints:b = false
		isShipSpline:b = false
		shipTurnRadius:r = 100
		weapons:t = ""
		bullets0:t = ""
		bullets1:t = ""
		bullets2:t = ""
		bullets3:t = ""
		bulletsCount0:i = 0
		bulletsCount1:i = 0
		bulletsCount2:i = 0
		bulletsCount3:i = 0
		crewSkillK:r = 0
		applyAllMods:b = false
		props {
			army:i = 2
			count:i = 1
			formation_type:t = "rows"
			formation_div:i = 3
			formation_step:p2 = 2.5, 2
			formation_noise:p2 = 0.1, 0.1
		}
		way {

		}
	}
	squad {
		name:t = "t2_artillery_squad"
		tm:m = [[1.0, 0.0, 0.0] [0.0, 1.0, 0.0] [0.0, 0.0, 1.0] [-3962.2, 53.8164, -2022.62]]
		props {
			squad_members:t = "t2_art_01"
			squad_members:t = "t2_art_02"
			squad_members:t = "t2_art_03"
			squad_members:t = "t2_art_04"
			squad_members:t = "t2_art_05"
			squad_members:t = "t2_art_06"
			squad_members:t = "t2_art_07"
			squad_members:t = "t2_art_08"
			squad_members:t = "t2_art_09"
			squad_members:t = "t2_art_10"
			squad_members:t = "t2_art_11"
			squad_members:t = "t2_art_12"
			squad_members:t = "t2_art_13"
			squad_members:t = "t2_art_14"
			squad_members:t = "t2_art_15"
			squad_members:t = "t2_art_16"
			squad_members:t = "t2_art_17"
			squad_members:t = "t2_art_18"
		}
	}
	squad {
		name:t = "t2_aaa_squad"
		tm:m = [[1.0, 0.0, 0.0] [0.0, 1.0, 0.0] [0.0, 0.0, 1.0] [-3912.24, 50.7738, -2023.94]]
		props {
			squad_members:t = "t2_aaa_01"
			squad_members:t = "t2_aaa_02"
			squad_members:t = "t2_aaa_03"
			squad_members:t = "t2_aaa_04"
			squad_members:t = "t2_aaa_05"
			squad_members:t = "t2_aaa_06"
		}
	}
	objectGroups {
		name:t = "t1_trench_01"
		tm:m = [[-0.0563672, 0.0, -0.99841] [0.0, 1.0, 0.0] [0.99841, 0.0, -0.0563672] [-8968.47, 106.808, -1781.2]]
		unit_class:t = "dynTrench_small_bunker_axis"
		objLayer:i = 2
		props {
			army:i = 1
			active:b = true
		}
	}
	structures {
		name:t = "t1_art_03"
		tm:m = [[0.961875, 0.0037647, -0.273465] [0.0314135, 0.991767, 0.124146] [0.271681, -0.128003, 0.953837] [-8966.01, 117.628, -1698.19]]
		unit_class:t = "ussr_quest_large_art_noground"
		objLayer:i = 1
		closed_waypoints:b = false
		isShipSpline:b = false
		shipTurnRadius:r = 100
		weapons:t = ""
		bullets0:t = ""
		bullets1:t = ""
		bullets2:t = ""
		bullets3:t = ""
		bulletsCount0:i = 0
		bulletsCount1:i = 0
		bulletsCount2:i = 0
		bulletsCount3:i = 0
		crewSkillK:r = 0
		applyAllMods:b = false
		props {
			army:i = 1
			count:i = 1
			formation_type:t = "rows"
			formation_div:i = 3
			formation_step:p2 = 2.5, 2
			formation_noise:p2 = 0.1, 0.1
		}
		way {

		}
	}
	structures {
		name:t = "t1_art_01"
		tm:m = [[0.961875, 0.0037647, -0.273465] [0.0314135, 0.991767, 0.124146] [0.271681, -0.128003, 0.953837] [-8959.44, 118.987, -1791.29]]
		unit_class:t = "ussr_quest_large_art_noground"
		objLayer:i = 1
		closed_waypoints:b = false
		isShipSpline:b = false
		shipTurnRadius:r = 100
		weapons:t = ""
		bullets0:t = ""
		bullets1:t = ""
		bullets2:t = ""
		bullets3:t = ""
		bulletsCount0:i = 0
		bulletsCount1:i = 0
		bulletsCount2:i = 0
		bulletsCount3:i = 0
		crewSkillK:r = 0
		applyAllMods:b = false
		props {
			army:i = 1
			count:i = 1
			formation_type:t = "rows"
			formation_div:i = 3
			formation_step:p2 = 2.5, 2
			formation_noise:p2 = 0.1, 0.1
		}
		way {

		}
	}
	structures {
		name:t = "t1_art_02"
		tm:m = [[0.961875, 0.0037647, -0.273465] [0.0314135, 0.991767, 0.124146] [0.271681, -0.128003, 0.953837] [-8944.95, 112.107, -1865.17]]
		unit_class:t = "ussr_quest_large_art_noground"
		objLayer:i = 1
		closed_waypoints:b = false
		isShipSpline:b = false
		shipTurnRadius:r = 100
		weapons:t = ""
		bullets0:t = ""
		bullets1:t = ""
		bullets2:t = ""
		bullets3:t = ""
		bulletsCount0:i = 0
		bulletsCount1:i = 0
		bulletsCount2:i = 0
		bulletsCount3:i = 0
		crewSkillK:r = 0
		applyAllMods:b = false
		props {
			army:i = 1
			count:i = 1
			formation_type:t = "rows"
			formation_div:i = 3
			formation_step:p2 = 2.5, 2
			formation_noise:p2 = 0.1, 0.1
		}
		way {

		}
	}
	air_defence {
		name:t = "t1_aaa_01"
		tm:m = [[0.961875, 0.0037647, -0.273465] [0.0314135, 0.991767, 0.124146] [0.271681, -0.128003, 0.953837] [-9017.17, 111.158, -1788.95]]
		unit_class:t = "germ_20mm_flak38_noground"
		objLayer:i = 1
		closed_waypoints:b = false
		isShipSpline:b = false
		shipTurnRadius:r = 100
		weapons:t = ""
		bullets0:t = ""
		bullets1:t = ""
		bullets2:t = ""
		bullets3:t = ""
		bulletsCount0:i = 0
		bulletsCount1:i = 0
		bulletsCount2:i = 0
		bulletsCount3:i = 0
		crewSkillK:r = 0
		applyAllMods:b = false
		props {
			army:i = 1
			count:i = 1
			formation_type:t = "rows"
			formation_div:i = 3
			formation_step:p2 = 2.5, 2
			formation_noise:p2 = 0.1, 0.1
		}
		way {

		}
	}
	objectGroups {
		name:t = "t1_trench_02"
		tm:m = [[-0.0559671, 0.128648, -0.99011] [0.118925, 0.985463, 0.121322] [0.991325, -0.110959, -0.0704531] [-8774.64, 204.948, -2947.27]]
		unit_class:t = "dynTrench_small_bunker_axis"
		objLayer:i = 2
		props {
			army:i = 1
			active:b = true
		}
	}
	structures {
		name:t = "t1_art_04"
		tm:m = [[0.955496, -0.0764098, -0.284936] [0.149137, 0.958472, 0.243083] [0.25453, -0.274759, 0.927212] [-8770.92, 205.179, -2863.61]]
		unit_class:t = "ussr_quest_large_art_noground"
		objLayer:i = 1
		closed_waypoints:b = false
		isShipSpline:b = false
		shipTurnRadius:r = 100
		weapons:t = ""
		bullets0:t = ""
		bullets1:t = ""
		bullets2:t = ""
		bullets3:t = ""
		bulletsCount0:i = 0
		bulletsCount1:i = 0
		bulletsCount2:i = 0
		bulletsCount3:i = 0
		crewSkillK:r = 0
		applyAllMods:b = false
		props {
			army:i = 1
			count:i = 1
			formation_type:t = "rows"
			formation_div:i = 3
			formation_step:p2 = 2.5, 2
			formation_noise:p2 = 0.1, 0.1
		}
		way {

		}
	}
	structures {
		name:t = "t1_art_05"
		tm:m = [[0.955496, -0.0764098, -0.284936] [0.149137, 0.958472, 0.243083] [0.25453, -0.274759, 0.927212] [-8764.23, 217.118, -2955.95]]
		unit_class:t = "ussr_quest_large_art_noground"
		objLayer:i = 1
		closed_waypoints:b = false
		isShipSpline:b = false
		shipTurnRadius:r = 100
		weapons:t = ""
		bullets0:t = ""
		bullets1:t = ""
		bullets2:t = ""
		bullets3:t = ""
		bulletsCount0:i = 0
		bulletsCount1:i = 0
		bulletsCount2:i = 0
		bulletsCount3:i = 0
		crewSkillK:r = 0
		applyAllMods:b = false
		props {
			army:i = 1
			count:i = 1
			formation_type:t = "rows"
			formation_div:i = 3
			formation_step:p2 = 2.5, 2
			formation_noise:p2 = 0.1, 0.1
		}
		way {

		}
	}
	structures {
		name:t = "t1_art_06"
		tm:m = [[0.955496, -0.0764098, -0.284936] [0.149137, 0.958472, 0.243083] [0.25453, -0.274759, 0.927212] [-8750.66, 217.654, -3030.31]]
		unit_class:t = "ussr_quest_large_art_noground"
		objLayer:i = 1
		closed_waypoints:b = false
		isShipSpline:b = false
		shipTurnRadius:r = 100
		weapons:t = ""
		bullets0:t = ""
		bullets1:t = ""
		bullets2:t = ""
		bullets3:t = ""
		bulletsCount0:i = 0
		bulletsCount1:i = 0
		bulletsCount2:i = 0
		bulletsCount3:i = 0
		crewSkillK:r = 0
		applyAllMods:b = false
		props {
			army:i = 1
			count:i = 1
			formation_type:t = "rows"
			formation_div:i = 3
			formation_step:p2 = 2.5, 2
			formation_noise:p2 = 0.1, 0.1
		}
		way {

		}
	}
	air_defence {
		name:t = "t1_aaa_02"
		tm:m = [[0.955496, -0.0764098, -0.284936] [0.149137, 0.958472, 0.243083] [0.25453, -0.274759, 0.927212] [-8822.48, 215.931, -2953.73]]
		unit_class:t = "germ_20mm_flak38_noground"
		objLayer:i = 1
		closed_waypoints:b = false
		isShipSpline:b = false
		shipTurnRadius:r = 100
		weapons:t = ""
		bullets0:t = ""
		bullets1:t = ""
		bullets2:t = ""
		bullets3:t = ""
		bulletsCount0:i = 0
		bulletsCount1:i = 0
		bulletsCount2:i = 0
		bulletsCount3:i = 0
		crewSkillK:r = 0
		applyAllMods:b = false
		props {
			army:i = 1
			count:i = 1
