selected_tag:t = ""
bin_dump_file:t = ""
mission_settings {
	player {
		army:i = 1
		wing:t = "armada_01"
	}
	player_teamB {
		army:i = 2
	}
	mission {
		level:t = "levels/malta.bin"
		type:t = "testFlight"
		environment:t = "Day"
		weather:t = "good"
		windDirection:p3 = 1, 0, 0
		locName:t = "missions/testFlight"
		restoreType:t = "manual"
		optionalTakeOff:b = false
	}
	spectator_points {

	}
	briefing {
		place_loc:t = ""
		date_loc:t = ""
		objective_loc:t = ""
		music:t = "action_01"
		part {
			event:t = ""
			minTime:i = 0
			slide {
				map:b = true
				minTime:i = 4
				picture:t = ""
				showAirMap:b = false
				icon {
					icontype:t = "fighter"
					side:t = "player"
					target:t = "airfield00"
					lookAt:t = "airfield01"
				}
				icon {
					icontype:t = "artillery"
					side:t = "ally"
					target:t = "structures_01"
				}
				icon {
					icontype:t = "artillery"
					side:t = "ally"
					target:t = "structures_02"
				}
				icon {
					icontype:t = "truck"
					side:t = "ally"
					target:t = "wheeled_vehicles_01"
				}
				icon {
					icontype:t = "airfield"
					side:t = "ally"
					target:t = "airfield01"
				}
			}
		}
	}
}
imports {

}
triggers {
	isCategory:b = true
	is_enabled:b = true
	init {
		is_enabled:b = true
		comments:t = ""
		props {
			actionsType:t = "PERFORM_ONE_BY_ONE"
			conditionsType:t = "ALL"
			enableAfterComplete:b = false
		}
		events {
			initMission {

			}
		}
		conditions {

		}
		actions {
			addAirfield {
				runwayStart:t = "airfield00"
				runwayEnd:t = "airfield01"
				runwayWidth:r = 50
				army:i = 1
				spawnPoint:t = "spawnpoint"
			}
			spawnOnAirfield {
				runwayName:t = "airfield00"
				objects:t = "armada_01"
			}
			missionSetWeatherParams {
				waterWindStrengtMin:r = 2
				waterWindStrengtMax:r = 2.3
			}
			comment {
				value:t = "restoring enemy units upon death"
			}
			unitRespawnAfterTime {
				time_to_respawn:r = 120
				object_name:t = "enemies_squad"
				just_restore:b = true
				cycle_respawn:b = true
			}
		}
		else_actions {

		}
	}
	end {
		is_enabled:b = true
		comments:t = ""
		props {
			actionsType:t = "PERFORM_ONE_BY_ONE"
			conditionsType:t = "ALL"
			enableAfterComplete:b = true
		}
		events {
			periodicEvent {
				time:r = 1
			}
		}
		conditions {
			playersWhenStatus {
				players:t = "isKilled"
				check_players:t = "any"
			}
		}
		actions {
			wait {
				time:r = 3
			}
			spawnOnAirfield {
				runwayName:t = "airfield00"
				objects:t = "armada_01"
			}
		}
		else_actions {

		}
	}
}
mission_objectives {
	isCategory:b = true
	is_enabled:b = true
}
variables {

}
dialogs {

}
airfields {

}
effects {

}
units {
	armada {
		name:t = "armada_01"
		tm:m = [[0.991606, 0.0, 0.129293] [0.0, 1.0, 0.0] [-0.129293, 0.0, 0.991606] [12349.5, -1.23978e-5, -3190.24]]
		unit_class:t = "a6m2_n_zero"
		closed_waypoints:b = false
		isShipSpline:b = false
		shipTurnRadius:r = 100
		weapons:t = ""
		bullets0:t = ""
		bullets1:t = ""
		bullets2:t = ""
		bullets3:t = ""
		bulletsCount0:i = 0
		bulletsCount1:i = 0
		bulletsCount2:i = 0
		bulletsCount3:i = 0
		crewSkillK:r = 0
		applyAllMods:b = false
		props {
			army:i = 1
			free_distance:r = 70
			floating_distance:r = 50
			minimum_distance_to_earth:r = 20
			altLimit:r = 6000
			attack_type:t = "fire_at_will"
			skill:i = 4
			count:i = 1
			speed:r = 0
			plane {
				wing_formation:t = "Diamond"
				row_distances:r = 1.5
				col_distances:r = 1.5
				super_formation:t = "Diamond"
				super_row_distances:r = 1.5
				super_col_distances:r = 1.5
				ai_skill:t = "NORMAL"
				task:t = "FLY_WAYPOINT"
			}
		}
		way {

		}
	}
	structures {
		name:t = "structures_01"
		tm:m = [[-0.707107, 0.0, -0.707107] [0.0, 1.0, 0.0] [0.707107, 0.0, -0.707107] [11892.3, 174.5, -11229.6]]
		unit_class:t = "uk_87mm_mkII"
		closed_waypoints:b = false
		isShipSpline:b = false
		shipTurnRadius:r = 100
		weapons:t = ""
		bullets0:t = ""
		bullets1:t = ""
		bullets2:t = ""
		bullets3:t = ""
		bulletsCount0:i = 0
		bulletsCount1:i = 0
		bulletsCount2:i = 0
		bulletsCount3:i = 0
		crewSkillK:r = 0
		applyAllMods:b = false
		props {
			army:i = 1
			count:i = 2
			formation_type:t = "rows"
			formation_div:i = 1
			formation_step:p2 = 2.5, 2
			formation_noise:p2 = 0.1, 0.1
			uniqueName:t = ""
			attack_type:t = "fire_at_will"
		}
		way {

		}
	}
	structures {
		name:t = "structures_02"
		tm:m = [[0.642787, 0.0, 0.766045] [0.0, 1.0, 0.0] [-0.766045, 0.0, 0.642787] [12119.8, 174.5, -10896.0]]
		unit_class:t = "uk_87mm_mkII"
		closed_waypoints:b = false
		isShipSpline:b = false
		shipTurnRadius:r = 100
		weapons:t = ""
		bullets0:t = ""
		bullets1:t = ""
		bullets2:t = ""
		bullets3:t = ""
		bulletsCount0:i = 0
		bulletsCount1:i = 0
		bulletsCount2:i = 0
		bulletsCount3:i = 0
		crewSkillK:r = 0
		applyAllMods:b = false
		props {
			army:i = 1
			count:i = 3
			formation_type:t = "rows"
			formation_div:i = 1
			formation_step:p2 = 4, 4
			formation_noise:p2 = 0.2, 0.2
			uniqueName:t = ""
			attack_type:t = "fire_at_will"
		}
		way {

		}
	}
	structures {
		name:t = "structures_03"
		tm:m = [[-0.707107, 0.0, -0.707107] [0.0, 1.0, 0.0] [0.707107, 0.0, -0.707107] [11289.4, 174.5, -10720.6]]
		unit_class:t = "uk_87mm_mkII"
		closed_waypoints:b = false
		isShipSpline:b = false
		shipTurnRadius:r = 100
		weapons:t = ""
		bullets0:t = ""
		bullets1:t = ""
		bullets2:t = ""
		bullets3:t = ""
		bulletsCount0:i = 0
		bulletsCount1:i = 0
		bulletsCount2:i = 0
		bulletsCount3:i = 0
		crewSkillK:r = 0
		applyAllMods:b = false
		props {
			army:i = 1
			count:i = 1
			formation_type:t = "rows"
			formation_div:i = 1
			formation_step:p2 = 2.5, 2
			formation_noise:p2 = 0.1, 0.1
			uniqueName:t = ""
			attack_type:t = "fire_at_will"
		}
		way {

		}
	}
	wheeled_vehicles {
		name:t = "wheeled_vehicles_01"
		tm:m = [[-0.67559, 0.0, -0.737277] [0.0, 1.0, 0.0] [0.737277, 0.0, -0.67559] [11581.7, 174.5, -10563.8]]
		unit_class:t = "uk_ford_fat2"
		closed_waypoints:b = false
		isShipSpline:b = false
		shipTurnRadius:r = 100
		weapons:t = ""
		bullets0:t = ""
		bullets1:t = ""
		bullets2:t = ""
		bullets3:t = ""
		bulletsCount0:i = 0
		bulletsCount1:i = 0
		bulletsCount2:i = 0
		bulletsCount3:i = 0
		crewSkillK:r = 0
		applyAllMods:b = false
		props {
			army:i = 1
			count:i = 6
			formation_type:t = "rows"
			formation_div:i = 2
			formation_step:p2 = 8, 4
			formation_noise:p2 = 0.3, 0.2
			uniqueName:t = ""
			attack_type:t = "fire_at_will"
		}
		way {

		}
	}
	wheeled_vehicles {
		name:t = "wheeled_vehicles_02"
		tm:m = [[-0.67559, 0.0, -0.737277] [0.0, 1.0, 0.0] [0.737277, 0.0, -0.67559] [11730.6, 174.5, -10719.9]]
		unit_class:t = "uk_ford_fat2"
		closed_waypoints:b = false
		isShipSpline:b = false
		shipTurnRadius:r = 100
		weapons:t = ""
		bullets0:t = ""
		bullets1:t = ""
		bullets2:t = ""
		bullets3:t = ""
		bulletsCount0:i = 0
		bulletsCount1:i = 0
		bulletsCount2:i = 0
		bulletsCount3:i = 0
		crewSkillK:r = 0
		applyAllMods:b = false
		props {
			army:i = 1
			count:i = 5
			formation_type:t = "rows"
			formation_div:i = 2
			formation_step:p2 = 8, 4
			formation_noise:p2 = 0.3, 0.2
			uniqueName:t = ""
			attack_type:t = "fire_at_will"
		}
		way {

		}
	}
	wheeled_vehicles {
		name:t = "wheeled_vehicles_03"
		tm:m = [[-0.67559, 0.0, -0.737277] [0.0, 1.0, 0.0] [0.737277, 0.0, -0.67559] [12234.8, 177.226, -10033.6]]
		unit_class:t = "us_cargo_truck"
		closed_waypoints:b = false
		isShipSpline:b = false
		shipTurnRadius:r = 100
		weapons:t = ""
		bullets0:t = ""
		bullets1:t = ""
		bullets2:t = ""
		bullets3:t = ""
		bulletsCount0:i = 0
		bulletsCount1:i = 0
		bulletsCount2:i = 0
		bulletsCount3:i = 0
		crewSkillK:r = 0
		applyAllMods:b = false
		props {
			army:i = 2
			count:i = 1
			formation_type:t = "rows"
			formation_div:i = 2
			formation_step:p2 = 8, 4
			formation_noise:p2 = 0.3, 0.2
			uniqueName:t = ""
			attack_type:t = "fire_at_will"
			targetableByAi:b = false
		}
		way {

		}
	}
	ships {
		name:t = "ships_01"
		tm:m = [[0.781447, 0.0, 0.623972] [0.0, 1.0, 0.0] [-0.623972, 0.0, 0.781447] [12601.5, 26.9953, -4211.92]]
		unit_class:t = "it_cruiser_capitani_romani_class_attilio_regolo"
		objLayer:i = 1
		closed_waypoints:b = false
		isShipSpline:b = false
		shipTurnRadius:r = 100
		weapons:t = ""
		bullets0:t = ""
		bullets1:t = ""
		bullets2:t = ""
		bullets3:t = ""
		bulletsCount0:i = 0
		bulletsCount1:i = 0
		bulletsCount2:i = 0
		bulletsCount3:i = 0
		crewSkillK:r = 0
		applyAllMods:b = false
		props {
			army:i = 1
			count:i = 1
			formation_type:t = "rows"
			formation_div:i = 3
			formation_step:p2 = 2.5, 2
			formation_noise:p2 = 0.1, 0.1
			uniqueName:t = ""
			attack_type:t = "fire_at_will"
		}
		way {

		}
	}
	ships {
		name:t = "ships_02"
		tm:m = [[0.912805, 0.0, 0.408396] [0.0, 1.0, 0.0] [-0.408396, 0.0, 0.912805] [12750.0, 0.0, -4254.07]]
		unit_class:t = "it_ms473_2a_art"
		objLayer:i = 1
		closed_waypoints:b = false
		isShipSpline:b = false
		shipTurnRadius:r = 100
		weapons:t = ""
		bullets0:t = ""
		bullets1:t = ""
		bullets2:t = ""
		bullets3:t = ""
		bulletsCount0:i = 0
		bulletsCount1:i = 0
		bulletsCount2:i = 0
		bulletsCount3:i = 0
		crewSkillK:r = 0
		applyAllMods:b = false
		props {
			army:i = 1
			count:i = 1
			formation_type:t = "rows"
			formation_div:i = 3
			formation_step:p2 = 2.5, 2
			formation_noise:p2 = 0.1, 0.1
			uniqueName:t = ""
			attack_type:t = "fire_at_will"
		}
		way {

		}
	}
	ships {
		name:t = "ships_03"
		tm:m = [[0.49323, 0.0, 0.869899] [0.0, 1.0, 0.0] [-0.869899, 0.0, 0.49323] [12698.9, -7.62939e-6, -4275.34]]
		unit_class:t = "it_ms473_2a_art"
		objLayer:i = 1
		closed_waypoints:b = false
		isShipSpline:b = false
		shipTurnRadius:r = 100
		weapons:t = ""
		bullets0:t = ""
		bullets1:t = ""
		bullets2:t = ""
		bullets3:t = ""
		bulletsCount0:i = 0
		bulletsCount1:i = 0
		bulletsCount2:i = 0
		bulletsCount3:i = 0
		crewSkillK:r = 0
		applyAllMods:b = false
		props {
			army:i = 1
			count:i = 1
			formation_type:t = "rows"
			formation_div:i = 3
			formation_step:p2 = 2.5, 2
			formation_noise:p2 = 0.1, 0.1
			uniqueName:t = ""
			attack_type:t = "fire_at_will"
		}
		way {

		}
	}
	ships {
		name:t = "ships_04"
		tm:m = [[0.781447, 0.0, 0.623972] [0.0, 1.0, 0.0] [-0.623972, 0.0, 0.781447] [12101.3, 168.114, -3520.32]]
		unit_class:t = "it_gabbiano_class"
		objLayer:i = 1
		closed_waypoints:b = false
		isShipSpline:b = false
		shipTurnRadius:r = 100
		weapons:t = ""
		bullets0:t = ""
		bullets1:t = ""
		bullets2:t = ""
		bullets3:t = ""
		bulletsCount0:i = 0
		bulletsCount1:i = 0
		bulletsCount2:i = 0
		bulletsCount3:i = 0
		crewSkillK:r = 0
		applyAllMods:b = false
		props {
			army:i = 1
			count:i = 1
			formation_type:t = "rows"
			formation_div:i = 3
			formation_step:p2 = 2.5, 2
			formation_noise:p2 = 0.1, 0.1
			uniqueName:t = ""
			attack_type:t = "fire_at_will"
		}
		way {

		}
	}
	ships {
		name:t = "ships_05"
		tm:m = [[0.945786, 0.0, 0.324788] [0.0, 1.0, 0.0] [-0.324788, 0.0, 0.945786] [12610.8, 4.14885, -3810.67]]
		unit_class:t = "it_battleship_andrea_doria"
		objLayer:i = 1
		closed_waypoints:b = false
		isShipSpline:b = false
		shipTurnRadius:r = 100
		weapons:t = ""
		bullets0:t = ""
		bullets1:t = ""
		bullets2:t = ""
		bullets3:t = ""
		bulletsCount0:i = 0
		bulletsCount1:i = 0
		bulletsCount2:i = 0
		bulletsCount3:i = 0
		crewSkillK:r = 0
		applyAllMods:b = false
		props {
			army:i = 1
			count:i = 1
			formation_type:t = "rows"
			formation_div:i = 3
			formation_step:p2 = 2.5, 2
			formation_noise:p2 = 0.1, 0.1
			uniqueName:t = ""
			attack_type:t = "fire_at_will"
		}
		way {

		}
	}
	ships {
		name:t = "ships_06"
		tm:m = [[0.798537, 0.0, 0.601946] [0.0, 1.0, 0.0] [-0.601946, 0.0, 0.798537] [11422.6, -0.000434875, -5413.65]]
		unit_class:t = "it_cruiser_etna_class"
		objLayer:i = 1
		closed_waypoints:b = false
		isShipSpline:b = false
		shipTurnRadius:r = 100
		weapons:t = ""
		bullets0:t = ""
		bullets1:t = ""
		bullets2:t = ""
		bullets3:t = ""
		bulletsCount0:i = 0
		bulletsCount1:i = 0
		bulletsCount2:i = 0
		bulletsCount3:i = 0
		crewSkillK:r = 0
		applyAllMods:b = false
		props {
			army:i = 1
			count:i = 1
			formation_type:t = "rows"
			formation_div:i = 3
			formation_step:p2 = 2.5, 2
			formation_noise:p2 = 0.1, 0.1
			uniqueName:t = ""
			attack_type:t = "fire_at_will"
		}
		way {

		}
	}
	ships {
		name:t = "ships_11"
		tm:m = [[0.930669, 0.0, 0.365863] [0.0, 1.0, 0.0] [-0.365863, 0.0, 0.930669] [11880.6, -0.000244141, -5628.42]]
		unit_class:t = "it_ms473_2a_art"
		objLayer:i = 1
		closed_waypoints:b = false
		isShipSpline:b = false
		shipTurnRadius:r = 100
		weapons:t = ""
		bullets0:t = ""
		bullets1:t = ""
		bullets2:t = ""
		bullets3:t = ""
		bulletsCount0:i = 0
		bulletsCount1:i = 0
		bulletsCount2:i = 0
		bulletsCount3:i = 0
		crewSkillK:r = 0
		applyAllMods:b = false
		props {
			army:i = 1
			count:i = 1
			formation_type:t = "rows"
			formation_div:i = 3
			formation_step:p2 = 2.5, 2
			formation_noise:p2 = 0.1, 0.1
			uniqueName:t = ""
			attack_type:t = "fire_at_will"
		}
		way {

		}
	}
	ships {
		name:t = "ships_07"
		tm:m = [[0.992635, 0.0, 0.121142] [0.0, 1.0, 0.0] [-0.121142, 0.0, 0.992635] [11939.4, -0.000244141, -5759.05]]
		unit_class:t = "it_ms473_2a_art"
		objLayer:i = 1
		closed_waypoints:b = false
		isShipSpline:b = false
		shipTurnRadius:r = 100
		weapons:t = ""
		bullets0:t = ""
		bullets1:t = ""
		bullets2:t = ""
		bullets3:t = ""
		bulletsCount0:i = 0
		bulletsCount1:i = 0
		bulletsCount2:i = 0
		bulletsCount3:i = 0
		crewSkillK:r = 0
		applyAllMods:b = false
		props {
			army:i = 1
			count:i = 1
			formation_type:t = "rows"
			formation_div:i = 3
			formation_step:p2 = 2.5, 2
			formation_noise:p2 = 0.1, 0.1
			uniqueName:t = ""
			attack_type:t = "fire_at_will"
		}
		way {

		}
	}
	ships {
		name:t = "ships_08"
		tm:m = [[0.727763, 0.0, 0.685829] [0.0, 1.0, 0.0] [-0.685829, 0.0, 0.727763] [11586.4, -0.000244141, -5658.21]]
		unit_class:t = "it_ms473_2a_art"
		objLayer:i = 1
		closed_waypoints:b = false
		isShipSpline:b = false
		shipTurnRadius:r = 100
		weapons:t = ""
		bullets0:t = ""
		bullets1:t = ""
		bullets2:t = ""
		bullets3:t = ""
		bulletsCount0:i = 0
		bulletsCount1:i = 0
		bulletsCount2:i = 0
		bulletsCount3:i = 0
		crewSkillK:r = 0
		applyAllMods:b = false
		props {
			army:i = 1
			count:i = 1
			formation_type:t = "rows"
			formation_div:i = 3
			formation_step:p2 = 2.5, 2
			formation_noise:p2 = 0.1, 0.1
			uniqueName:t = ""
			attack_type:t = "fire_at_will"
		}
		way {

		}
	}
	ships {
		name:t = "ships_09"
		tm:m = [[0.930669, 0.0, 0.365863] [0.0, 1.0, 0.0] [-0.365863, 0.0, 0.930669] [11967.0, -0.000244141, -5807.48]]
		unit_class:t = "it_ms473_2a_art"
		objLayer:i = 1
		closed_waypoints:b = false
		isShipSpline:b = false
		shipTurnRadius:r = 100
		weapons:t = ""
		bullets0:t = ""
		bullets1:t = ""
		bullets2:t = ""
		bullets3:t = ""
		bulletsCount0:i = 0
		bulletsCount1:i = 0
		bulletsCount2:i = 0
		bulletsCount3:i = 0
		crewSkillK:r = 0
		applyAllMods:b = false
		props {
			army:i = 1
			count:i = 1
			formation_type:t = "rows"
			formation_div:i = 3
			formation_step:p2 = 2.5, 2
			formation_noise:p2 = 0.1, 0.1
			uniqueName:t = ""
			attack_type:t = "fire_at_will"
		}
		way {

		}
	}
	ships {
		name:t = "ships_10"
		tm:m = [[-0.984715, 0.0, 0.174171] [0.0, 1.0, 0.0] [-0.174171, 0.0, -0.984715] [12220.3, -0.000305176, -5294.97]]
		unit_class:t = "it_ms473_2a_art"
		objLayer:i = 1
		closed_waypoints:b = false
		isShipSpline:b = false
		shipTurnRadius:r = 100
		weapons:t = ""
		bullets0:t = ""
		bullets1:t = ""
		bullets2:t = ""
		bullets3:t = ""
		bulletsCount0:i = 0
		bulletsCount1:i = 0
		bulletsCount2:i = 0
		bulletsCount3:i = 0
		crewSkillK:r = 0
		applyAllMods:b = false
		props {
			army:i = 1
			count:i = 1
			formation_type:t = "rows"
			formation_div:i = 3
			formation_step:p2 = 2.5, 2
			formation_noise:p2 = 0.1, 0.1
			uniqueName:t = ""
			attack_type:t = "fire_at_will"
		}
		way {

		}
	}
	ships {
		name:t = "ships_12"
		tm:m = [[0.308861, 0.0, 0.951107] [0.0, 1.0, 0.0] [-0.951107, 0.0, 0.308861] [12436.6, -0.000244141, -4785.27]]
		unit_class:t = "it_cruiser_trento"
		objLayer:i = 1
		closed_waypoints:b = false
		isShipSpline:b = false
		shipTurnRadius:r = 100
		weapons:t = ""
		bullets0:t = ""
		bullets1:t = ""
		bullets2:t = ""
		bullets3:t = ""
		bulletsCount0:i = 0
		bulletsCount1:i = 0
		bulletsCount2:i = 0
		bulletsCount3:i = 0
		crewSkillK:r = 0
		applyAllMods:b = false
		props {
			army:i = 1
			count:i = 1
			formation_type:t = "rows"
			formation_div:i = 3
			formation_step:p2 = 2.5, 2
			formation_noise:p2 = 0.1, 0.1
			uniqueName:t = ""
			attack_type:t = "fire_at_will"
		}
		way {

		}
	}
	squad {
		name:t = "enemies_squad"
		tm:m = [[1.0, 0.0, 0.0] [0.0, 1.0, 0.0] [0.0, 0.0, 1.0] [14910.9, 177.227, -13564.4]]
		props {
			squad_members:t = "wheeled_vehicles_03"
		}
	}
}
areas {
	airfield00 {
		type:t = "Sphere"
		tm:m = [[94.3077, 0.0, 33.2574] [0.0, 100.0, 0.0] [-33.2574, 0.0, 94.3077] [12349.4, -1.33514e-5, -3192.18]]
		props {

		}
	}
	airfield01 {
		type:t = "Sphere"
		tm:m = [[94.3077, 0.0, 33.2574] [0.0, 100.0, 0.0] [-33.2574, 0.0, 94.3077] [13244.4, -8.05, -3580.2]]
		props {

		}
	}
	spawnpoint {
		type:t = "Sphere"
		tm:m = [[72.1454, 0.0, 25.4419] [0.0, 76.5, 0.0] [-25.4419, 0.0, 72.1454] [12349.5, -1.14441e-5, -3190.25]]
		props {

		}
	}
}
objLayers {
	layer {
		enabled:b = true
	}
	layer {
		enabled:b = true
	}
	layer {
		enabled:b = true
	}
	layer {
		enabled:b = true
	}
}
wayPoints {

}