selected_tag:t = ""
bin_dump_file:t = ""
mission_settings {
	player {
		army:i = 1
	}
	player_teamB {
		army:i = 2
	}
	mission {
		type:t = "singleMission"
		level:t = "levels/water.bin"
		environment:t = "Day"
		weather:t = "hazy"
	}
}
imports {

}
triggers {
	isCategory:b = true
	is_enabled:b = true
}
mission_objectives {
	isCategory:b = true
	is_enabled:b = true
}
variables {

}
dialogs {

}
airfields {

}
effects {

}
units {
	tankModels {
		name:t = "player_01"
		tm:m = [[0.840034, 0.0, 0.542534] [0.0, 1.0, 0.0] [-0.542534, 0.0, 0.840034] [1503.1, 638.6, 1550.25]]
		unit_class:t = "us_m48a1_patton_III"
		objLayer:i = 1
		closed_waypoints:b = false
		isShipSpline:b = false
		shipTurnRadius:r = 100
		weapons:t = ""
		bullets0:t = ""
		bullets1:t = ""
		bullets2:t = ""
		bullets3:t = ""
		bulletsCount0:i = 0
		bulletsCount1:i = 0
		bulletsCount2:i = 0
		bulletsCount3:i = 0
		crewSkillK:r = 0
		applyAllMods:b = false
		props {
			army:i = 1
			count:i = 1
			formation_type:t = "rows"
			formation_div:i = 3
			formation_step:p2 = 2.5, 2
			formation_noise:p2 = 0.1, 0.1
			uniqueName:t = ""
			attack_type:t = "fire_at_will"
		}
		way {

		}
	}
	tankModels {
		name:t = "at_gun_stage1_01"
		tm:m = [[-0.995187, 0.0, 0.0979917] [0.0, 1.0, 0.0] [-0.0979917, 0.0, -0.995187] [2322.25, 632.25, 1344.2]]
		unit_class:t = "ussr_at_spg_9"
		objLayer:i = 1
		closed_waypoints:b = false
		isShipSpline:b = false
		shipTurnRadius:r = 100
		weapons:t = "ussr_at_spg_9_default"
		bullets0:t = "73mm_ussr_2A28_HE"
		bullets1:t = ""
		bullets2:t = ""
		bullets3:t = ""
		bulletsCount0:i = -1
		bulletsCount1:i = 0
		bulletsCount2:i = 0
		bulletsCount3:i = 0
		crewSkillK:r = 0
		applyAllMods:b = false
		props {
			army:i = 2
			count:i = 1
			formation_type:t = "rows"
			formation_div:i = 3
			formation_step:p2 = 2.5, 2
			formation_noise:p2 = 0.1, 0.1
			uniqueName:t = ""
			attack_type:t = "fire_at_will"
			isDelayed:b = true
		}
		way {

		}
	}
	tankModels {
		name:t = "at_gun_stage1_02"
		tm:m = [[-0.994676, 0.0, 0.103048] [0.0, 1.0, 0.0] [-0.103048, 0.0, -0.994676] [2198.85, 631.05, 1435.6]]
		unit_class:t = "ussr_at_spg_9"
		objLayer:i = 1
		closed_waypoints:b = false
		isShipSpline:b = false
		shipTurnRadius:r = 100
		weapons:t = "ussr_at_spg_9_default"
		bullets0:t = "73mm_ussr_2A28_HE"
		bullets1:t = ""
		bullets2:t = ""
		bullets3:t = ""
		bulletsCount0:i = -1
		bulletsCount1:i = 0
		bulletsCount2:i = 0
		bulletsCount3:i = 0
		crewSkillK:r = 0
		applyAllMods:b = false
		props {
			army:i = 2
			count:i = 1
			formation_type:t = "rows"
			formation_div:i = 3
			formation_step:p2 = 2.5, 2
			formation_noise:p2 = 0.1, 0.1
			uniqueName:t = ""
			attack_type:t = "fire_at_will"
			isDelayed:b = true
		}
		way {

		}
	}
	tankModels {
		name:t = "at_gun_stage1_03"
		tm:m = [[-0.999791, 0.0, -0.0204813] [0.0, 1.0, 0.0] [0.0204813, 0.0, -0.999791] [2288.9, 631.6, 1416.45]]
		unit_class:t = "ussr_at_spg_9"
		objLayer:i = 1
		closed_waypoints:b = false
		isShipSpline:b = false
		shipTurnRadius:r = 100
		weapons:t = "ussr_at_spg_9_default"
		bullets0:t = "73mm_ussr_2A28_HE"
		bullets1:t = ""
		bullets2:t = ""
		bullets3:t = ""
		bulletsCount0:i = -1
		bulletsCount1:i = 0
		bulletsCount2:i = 0
		bulletsCount3:i = 0
		crewSkillK:r = 0
		applyAllMods:b = false
		props {
			army:i = 2
			count:i = 1
			formation_type:t = "rows"
			formation_div:i = 3
			formation_step:p2 = 2.5, 2
			formation_noise:p2 = 0.1, 0.1
			uniqueName:t = ""
			attack_type:t = "fire_at_will"
			isDelayed:b = true
		}
		way {

		}
	}
	tankModels {
		name:t = "at_gun_stage1_04"
		tm:m = [[-0.983637, 0.0, -0.180167] [0.0, 1.0, 0.0] [0.180167, 0.0, -0.983637] [2208.3, 630.65, 1421.55]]
		unit_class:t = "ussr_at_spg_9"
		objLayer:i = 1
		closed_waypoints:b = false
		isShipSpline:b = false
		shipTurnRadius:r = 100
		weapons:t = "ussr_at_spg_9_default"
		bullets0:t = "73mm_ussr_2A28_HE"
		bullets1:t = ""
		bullets2:t = ""
		bullets3:t = ""
		bulletsCount0:i = -1
		bulletsCount1:i = 0
		bulletsCount2:i = 0
		bulletsCount3:i = 0
		crewSkillK:r = 0
		applyAllMods:b = false
		props {
			army:i = 2
			count:i = 1
			formation_type:t = "rows"
			formation_div:i = 3
			formation_step:p2 = 2.5, 2
			formation_noise:p2 = 0.1, 0.1
			uniqueName:t = ""
			attack_type:t = "fire_at_will"
			isDelayed:b = true
		}
		way {

		}
	}
	tankModels {
		name:t = "at_gun_stage1_05"
		tm:m = [[-0.999722, 0.0, 0.0235827] [0.0, 1.0, 0.0] [-0.0235827, 0.0, -0.999722] [2322.24, 633.426, 1463.66]]
		unit_class:t = "ussr_at_spg_9"
		objLayer:i = 1
		closed_waypoints:b = false
		isShipSpline:b = false
		shipTurnRadius:r = 100
		weapons:t = "ussr_at_spg_9_default"
		bullets0:t = "73mm_ussr_2A28_HE"
		bullets1:t = ""
		bullets2:t = ""
		bullets3:t = ""
		bulletsCount0:i = -1
		bulletsCount1:i = 0
		bulletsCount2:i = 0
		bulletsCount3:i = 0
		crewSkillK:r = 0
		applyAllMods:b = false
		props {
			army:i = 2
			count:i = 1
			formation_type:t = "rows"
			formation_div:i = 3
			formation_step:p2 = 2.5, 2
			formation_noise:p2 = 0.1, 0.1
			uniqueName:t = ""
			attack_type:t = "fire_at_will"
			isDelayed:b = true
		}
		way {

		}
	}
	tankModels {
		name:t = "at_gun_stage1_06"
		tm:m = [[-0.998757, 0.0, -0.0498522] [0.0, 1.0, 0.0] [0.0498522, 0.0, -0.998757] [2325.21, 633.371, 1429.57]]
		unit_class:t = "ussr_at_spg_9"
		objLayer:i = 1
		closed_waypoints:b = false
		isShipSpline:b = false
		shipTurnRadius:r = 100
		weapons:t = "ussr_at_spg_9_default"
		bullets0:t = "73mm_ussr_2A28_HE"
		bullets1:t = ""
		bullets2:t = ""
		bullets3:t = ""
		bulletsCount0:i = -1
		bulletsCount1:i = 0
		bulletsCount2:i = 0
		bulletsCount3:i = 0
		crewSkillK:r = 0
		applyAllMods:b = false
		props {
			army:i = 2
			count:i = 1
			formation_type:t = "rows"
			formation_div:i = 3
			formation_step:p2 = 2.5, 2
			formation_noise:p2 = 0.1, 0.1
			uniqueName:t = ""
			attack_type:t = "fire_at_will"
			isDelayed:b = true
		}
		way {

		}
	}
	tankModels {
		name:t = "at_gun_stage1_07"
		tm:m = [[-0.998602, 0.0, -0.0528554] [0.0, 1.0, 0.0] [0.0528554, 0.0, -0.998602] [2257.8, 630.85, 1411.75]]
		unit_class:t = "ussr_at_spg_9"
		objLayer:i = 1
		closed_waypoints:b = false
		isShipSpline:b = false
		shipTurnRadius:r = 100
		weapons:t = "ussr_at_spg_9_default"
		bullets0:t = "73mm_ussr_2A28_HE"
		bullets1:t = ""
		bullets2:t = ""
		bullets3:t = ""
		bulletsCount0:i = -1
		bulletsCount1:i = 0
		bulletsCount2:i = 0
		bulletsCount3:i = 0
		crewSkillK:r = 0
		applyAllMods:b = false
		props {
			army:i = 2
			count:i = 1
			formation_type:t = "rows"
			formation_div:i = 3
			formation_step:p2 = 2.5, 2
			formation_noise:p2 = 0.1, 0.1
			uniqueName:t = ""
			attack_type:t = "fire_at_will"
			isDelayed:b = true
		}
		way {

		}
	}
	tankModels {
		name:t = "at_gun_stage1_08"
		tm:m = [[-0.937986, 0.0, -0.346674] [0.0, 1.0, 0.0] [0.346674, 0.0, -0.937986] [2206.7, 630.75, 1450.5]]
		unit_class:t = "ussr_at_spg_9"
		objLayer:i = 1
		closed_waypoints:b = false
		isShipSpline:b = false
		shipTurnRadius:r = 100
		weapons:t = "ussr_at_spg_9_default"
		bullets0:t = "73mm_ussr_2A28_HE"
		bullets1:t = ""
		bullets2:t = ""
		bullets3:t = ""
		bulletsCount0:i = -1
		bulletsCount1:i = 0
		bulletsCount2:i = 0
		bulletsCount3:i = 0
		crewSkillK:r = 0
		applyAllMods:b = false
		props {
			army:i = 2
			count:i = 1
			formation_type:t = "rows"
			formation_div:i = 3
			formation_step:p2 = 2.5, 2
			formation_noise:p2 = 0.1, 0.1
			uniqueName:t = ""
			attack_type:t = "fire_at_will"
			isDelayed:b = true
		}
		way {

		}
	}
	tankModels {
		name:t = "at_gun_stage1_09"
		tm:m = [[-0.977938, 0.0, 0.208894] [0.0, 1.0, 0.0] [-0.208894, 0.0, -0.977938] [2235.65, 630.75, 1406.1]]
		unit_class:t = "ussr_at_spg_9"
		objLayer:i = 1
		closed_waypoints:b = false
		isShipSpline:b = false
		shipTurnRadius:r = 100
		weapons:t = "ussr_at_spg_9_default"
		bullets0:t = "73mm_ussr_2A28_HE"
		bullets1:t = ""
		bullets2:t = ""
		bullets3:t = ""
		bulletsCount0:i = -1
		bulletsCount1:i = 0
		bulletsCount2:i = 0
		bulletsCount3:i = 0
		crewSkillK:r = 0
		applyAllMods:b = false
		props {
			army:i = 2
			count:i = 1
			formation_type:t = "rows"
			formation_div:i = 3
			formation_step:p2 = 2.5, 2
			formation_noise:p2 = 0.1, 0.1
			uniqueName:t = ""
			attack_type:t = "fire_at_will"
			isDelayed:b = true
		}
		way {

		}
	}
	tankModels {
		name:t = "at_gun_stage1_10"
		tm:m = [[-0.990677, 0.0, 0.136238] [0.0, 1.0, 0.0] [-0.136238, 0.0, -0.990677] [2253.55, 630.9, 1384.3]]
		unit_class:t = "ussr_at_spg_9"
		objLayer:i = 1
		closed_waypoints:b = false
		isShipSpline:b = false
		shipTurnRadius:r = 100
		weapons:t = "ussr_at_spg_9_default"
		bullets0:t = "73mm_ussr_2A28_HE"
		bullets1:t = ""
		bullets2:t = ""
		bullets3:t = ""
		bulletsCount0:i = -1
		bulletsCount1:i = 0
		bulletsCount2:i = 0
		bulletsCount3:i = 0
		crewSkillK:r = 0
		applyAllMods:b = false
		props {
			army:i = 2
			count:i = 1
			formation_type:t = "rows"
			formation_div:i = 3
			formation_step:p2 = 2.5, 2
			formation_noise:p2 = 0.1, 0.1
			uniqueName:t = ""
			attack_type:t = "fire_at_will"
			isDelayed:b = true
		}
		way {

		}
	}
	tankModels {
		name:t = "at_gun_stage1_11"
		tm:m = [[-0.847866, 0.0, 0.530211] [0.0, 1.0, 0.0] [-0.530211, 0.0, -0.847866] [2335.77, 631.717, 1379.71]]
		unit_class:t = "ussr_at_spg_9"
		objLayer:i = 1
		closed_waypoints:b = false
		isShipSpline:b = false
		shipTurnRadius:r = 100
		weapons:t = "ussr_at_spg_9_default"
		bullets0:t = "73mm_ussr_2A28_HE"
		bullets1:t = ""
		bullets2:t = ""
		bullets3:t = ""
		bulletsCount0:i = -1
		bulletsCount1:i = 0
		bulletsCount2:i = 0
		bulletsCount3:i = 0
		crewSkillK:r = 0
		applyAllMods:b = false
		props {
			army:i = 2
			count:i = 1
			formation_type:t = "rows"
			formation_div:i = 3
			formation_step:p2 = 2.5, 2
			formation_noise:p2 = 0.1, 0.1
			uniqueName:t = ""
			attack_type:t = "fire_at_will"
			isDelayed:b = true
		}
		way {

		}
	}
	tankModels {
		name:t = "at_gun_stage1_12"
		tm:m = [[-0.990233, 0.0, -0.139422] [0.0, 1.0, 0.0] [0.139422, 0.0, -0.990233] [2219.5, 630.75, 1395.55]]
		unit_class:t = "ussr_at_spg_9"
		objLayer:i = 1
		closed_waypoints:b = false
		isShipSpline:b = false
		shipTurnRadius:r = 100
		weapons:t = "ussr_at_spg_9_default"
		bullets0:t = "73mm_ussr_2A28_HE"
		bullets1:t = ""
		bullets2:t = ""
		bullets3:t = ""
		bulletsCount0:i = -1
		bulletsCount1:i = 0
		bulletsCount2:i = 0
		bulletsCount3:i = 0
		crewSkillK:r = 0
		applyAllMods:b = false
		props {
			army:i = 2
			count:i = 1
			formation_type:t = "rows"
			formation_div:i = 3
			formation_step:p2 = 2.5, 2
			formation_noise:p2 = 0.1, 0.1
			uniqueName:t = ""
			attack_type:t = "fire_at_will"
			isDelayed:b = true
		}
		way {

		}
	}
	squad {
		name:t = "at_gun_stage1_sq"
		tm:m = [[1.0, 0.0, 0.0] [0.0, 1.0, 0.0] [0.0, 0.0, 1.0] [2403.9, 673.9, 1259.1]]
		props {
			object_marking:i = 0
			squad_members:t = "at_gun_stage1_01"
			squad_members:t = "at_gun_stage1_02"
			squad_members:t = "at_gun_stage1_03"
			squad_members:t = "at_gun_stage1_04"
			squad_members:t = "at_gun_stage1_05"
			squad_members:t = "at_gun_stage1_06"
			squad_members:t = "at_gun_stage1_07"
			squad_members:t = "at_gun_stage1_08"
			squad_members:t = "at_gun_stage1_09"
			squad_members:t = "at_gun_stage1_10"
			squad_members:t = "at_gun_stage1_11"
			squad_members:t = "at_gun_stage1_12"
		}
	}
	tankModels {
		name:t = "ai_tank_stage1_01"
		tm:m = [[-0.988093, 0.0, -0.153855] [0.0, 1.0, 0.0] [0.153855, 0.0, -0.988093] [2231.9, 630.65, 1444.55]]
		unit_class:t = "ussr_t_54_1949"
		objLayer:i = 1
		closed_waypoints:b = false
		isShipSpline:b = false
		shipTurnRadius:r = 100
		weapons:t = "ussr_t_54_1951_default"
		bullets0:t = "100mm_ussr_APCR"
		bullets1:t = ""
		bullets2:t = ""
		bullets3:t = ""
		bulletsCount0:i = -1
		bulletsCount1:i = 0
		bulletsCount2:i = 0
		bulletsCount3:i = 0
		modification:t = "manual_extinguisher"
		modification:t = "tank_tool_kit"
		crewSkillK:r = 0
		applyAllMods:b = false
		props {
			army:i = 2
			count:i = 1
			formation_type:t = "rows"
			formation_div:i = 3
			formation_step:p2 = 2.5, 2
			formation_noise:p2 = 0.1, 0.1
			uniqueName:t = ""
			attack_type:t = "fire_at_will"
			isDelayed:b = true
		}
		way {

		}
	}
	tankModels {
		name:t = "ai_tank_stage1_02"
		tm:m = [[-0.989954, 0.0, 0.141388] [0.0, 1.0, 0.0] [-0.141388, 0.0, -0.989954] [2273.5, 631.15, 1368.45]]
		unit_class:t = "ussr_t_54_1949"
		objLayer:i = 1
		closed_waypoints:b = false
		isShipSpline:b = false
		shipTurnRadius:r = 100
		weapons:t = "ussr_t_54_1951_default"
		bullets0:t = "100mm_ussr_APCR"
		bullets1:t = ""
		bullets2:t = ""
		bullets3:t = ""
		bulletsCount0:i = -1
		bulletsCount1:i = 0
		bulletsCount2:i = 0
		bulletsCount3:i = 0
		modification:t = "manual_extinguisher"
		modification:t = "tank_tool_kit"
		crewSkillK:r = 0
		applyAllMods:b = false
		props {
			army:i = 2
			count:i = 1
			formation_type:t = "rows"
			formation_div:i = 3
			formation_step:p2 = 2.5, 2
			formation_noise:p2 = 0.1, 0.1
			uniqueName:t = ""
			attack_type:t = "fire_at_will"
			isDelayed:b = true
		}
		way {

		}
	}
	tankModels {
		name:t = "ai_tank_stage1_03"
		tm:m = [[-0.962202, 0.0, -0.27234] [0.0, 1.0, 0.0] [0.27234, 0.0, -0.962202] [2312.65, 631.85, 1433.8]]
		unit_class:t = "ussr_t_54_1949"
		objLayer:i = 1
		closed_waypoints:b = false
		isShipSpline:b = false
		shipTurnRadius:r = 100
		weapons:t = "ussr_t_54_1951_default"
		bullets0:t = "100mm_ussr_APCR"
		bullets1:t = ""
		bullets2:t = ""
		bullets3:t = ""
		bulletsCount0:i = -1
		bulletsCount1:i = 0
		bulletsCount2:i = 0
		bulletsCount3:i = 0
		modification:t = "manual_extinguisher"
		modification:t = "tank_tool_kit"
		crewSkillK:r = 0
		applyAllMods:b = false
		props {
			army:i = 2
			count:i = 1
			formation_type:t = "rows"
			formation_div:i = 3
			formation_step:p2 = 2.5, 2
			formation_noise:p2 = 0.1, 0.1
			uniqueName:t = ""
			attack_type:t = "fire_at_will"
			isDelayed:b = true
		}
		way {

		}
	}
	tankModels {
		name:t = "ai_tank_stage1_04"
		tm:m = [[-0.999869, 0.0, 0.0162042] [0.0, 1.0, 0.0] [-0.0162042, 0.0, -0.999869] [2283.35, 631.3, 1406.9]]
		unit_class:t = "ussr_t_54_1949"
		objLayer:i = 1
		closed_waypoints:b = false
		isShipSpline:b = false
		shipTurnRadius:r = 100
		weapons:t = "ussr_t_54_1951_default"
		bullets0:t = "100mm_ussr_APCR"
		bullets1:t = ""
		bullets2:t = ""
		bullets3:t = ""
		bulletsCount0:i = -1
		bulletsCount1:i = 0
		bulletsCount2:i = 0
		bulletsCount3:i = 0
		modification:t = "manual_extinguisher"
		modification:t = "tank_tool_kit"
		crewSkillK:r = 0
		applyAllMods:b = false
		props {
			army:i = 2
			count:i = 1
			formation_type:t = "rows"
			formation_div:i = 3
			formation_step:p2 = 2.5, 2
			formation_noise:p2 = 0.1, 0.1
			uniqueName:t = ""
			attack_type:t = "fire_at_will"
			isDelayed:b = true
		}
		way {

		}
	}
	squad {
		name:t = "ai_tank_stage1_sq"
		tm:m = [[1.0, 0.0, 0.0] [0.0, 1.0, 0.0] [0.0, 0.0, 1.0] [2377.6, 626.0, 1249.6]]
		props {
			object_marking:i = 0
			squad_members:t = "ai_tank_stage1_01"
			squad_members:t = "ai_tank_stage1_02"
			squad_members:t = "ai_tank_stage1_03"
			squad_members:t = "ai_tank_stage1_04"
		}
	}
	squad {
		name:t = "player_sq"
		tm:m = [[1.0, 0.0, 0.0] [0.0, 1.0, 0.0] [0.0, 0.0, 1.0] [998.2, 689.4, 936.75]]
		props {
			object_marking:i = 0
			squad_members:t = "player_01"
			squad_members:t = "player_02"
			squad_members:t = "player_03"
			squad_members:t = "player_04"
			squad_members:t = "player_05"
			squad_members:t = "player_06"
			squad_members:t = "player_07"
			squad_members:t = "player_08"
			squad_members:t = "player_09"
			squad_members:t = "player_10"
			squad_members:t = "player_11"
			squad_members:t = "player_12"
			squad_members:t = "player_13"
			squad_members:t = "player_14"
			squad_members:t = "player_15"
			squad_members:t = "player_16"
			squad_members:t = "player_17"
			squad_members:t = "player_18"
			squad_members:t = "player_19"
			squad_members:t = "player_20"
			squad_members:t = "player_21"
			squad_members:t = "player_22"
			squad_members:t = "player_23"
			squad_members:t = "player_24"
			squad_members:t = "player_25"
			squad_members:t = "player_26"
			squad_members:t = "player_27"
			squad_members:t = "player_28"
			squad_members:t = "player_29"
			squad_members:t = "player_30"
			squad_members:t = "player_31"
			squad_members:t = "player_32"
		}
	}
	squad {
		name:t = "ai_tank_stage2_sq"
		tm:m = [[-0.689184, 0.0, 0.724587] [0.0, 1.0, 0.0] [-0.724587, 0.0, -0.689184] [1848.3, 637.75, 2229.2]]
		props {
			object_marking:i = 0
			squad_members:t = "ai_tank_stage2_01"
			squad_members:t = "ai_tank_stage2_02"
			squad_members:t = "ai_tank_stage2_03"
			squad_members:t = "ai_tank_stage2_04"
			squad_members:t = "ai_tank_stage2_05"
			squad_members:t = "ai_tank_stage2_06"
			squad_members:t = "ai_tank_stage2_07"
			squad_members:t = "ai_tank_stage2_08"
			squad_members:t = "ai_tank_stage2_09"
			squad_members:t = "ai_tank_stage2_10"
			squad_members:t = "ai_tank_stage2_11"
			squad_members:t = "ai_tank_stage2_12"
			squad_members:t = "ai_tank_stage2_13"
			squad_members:t = "ai_tank_stage2_14"
			squad_members:t = "ai_tank_stage2_15"
			squad_members:t = "ai_tank_stage2_16"
			squad_members:t = "ai_tank_stage2_17"
			squad_members:t = "ai_tank_stage2_18"
			squad_members:t = "ai_tank_stage2_19"
			squad_members:t = "ai_tank_stage2_20"
			squad_members:t = "ai_tank_stage2_21"
			squad_members:t = "ai_tank_stage2_22"
			squad_members:t = "ai_tank_stage2_23"
			squad_members:t = "ai_tank_stage2_24"
			squad_members:t = "ai_tank_stage2_25"
			squad_members:t = "ai_tank_stage2_26"
			squad_members:t = "ai_tank_stage2_27"
			squad_members:t = "ai_tank_stage2_28"
			squad_members:t = "ai_tank_stage2_29"
			squad_members:t = "ai_tank_stage2_30"
			squad_members:t = "ai_tank_stage2_31"
			squad_members:t = "ai_tank_stage2_32"
			squad_members:t = "ai_tank_stage2_33"
			squad_members:t = "ai_tank_stage2_34"
		}
	}
	tankModels {
		name:t = "ai_tank_stage2_01"
		tm:m = [[0.411478, 0.0, -0.91142] [0.0, 1.0, 0.0] [0.91142, 0.0, 0.411478] [1969.64, 632.393, 2296.83]]
		unit_class:t = "ussr_t_55a"
		objLayer:i = 1
		closed_waypoints:b = false
		isShipSpline:b = false
		shipTurnRadius:r = 100
		weapons:t = "ussr_t_55a_default"
		bullets0:t = ""
		bullets1:t = ""
		bullets2:t = ""
		bullets3:t = ""
		bulletsCount0:i = 0
		bulletsCount1:i = 0
		bulletsCount2:i = 0
		bulletsCount3:i = 0
		modification:t = "manual_extinguisher"
		modification:t = "tank_tool_kit"
		crewSkillK:r = 0
		applyAllMods:b = false
		props {
			army:i = 2
			count:i = 1
			formation_type:t = "rows"
			formation_div:i = 3
			formation_step:p2 = 2.5, 2
			formation_noise:p2 = 0.1, 0.1
			uniqueName:t = ""
			attack_type:t = "fire_at_will"
			isDelayed:b = true
		}
		way {

		}
	}
	tankModels {
		name:t = "ai_tank_stage2_02"
		tm:m = [[-0.146695, 0.0, -0.989182] [0.0, 1.0, 0.0] [0.989182, 0.0, -0.146695] [2194.5, 632.316, 2392.78]]
		unit_class:t = "ussr_t_55a"
		objLayer:i = 1
		closed_waypoints:b = false
		isShipSpline:b = false
		shipTurnRadius:r = 100
		weapons:t = "ussr_t_55a_default"
		bullets0:t = ""
		bullets1:t = ""
		bullets2:t = ""
		bullets3:t = ""
		bulletsCount0:i = 0
		bulletsCount1:i = 0
		bulletsCount2:i = 0
		bulletsCount3:i = 0
		modification:t = "manual_extinguisher"
		modification:t = "tank_tool_kit"
		crewSkillK:r = 0
		applyAllMods:b = false
		props {
			army:i = 2
			count:i = 1
			formation_type:t = "rows"
			formation_div:i = 3
			formation_step:p2 = 2.5, 2
			formation_noise:p2 = 0.1, 0.1
			uniqueName:t = ""
			attack_type:t = "fire_at_will"
			isDelayed:b = true
		}
		way {

		}
	}
	tankModels {
		name:t = "ai_tank_stage2_03"
		tm:m = [[0.251724, 0.0, -0.967799] [-0.0463588, 0.998852, -0.0120579] [0.966689, 0.0479012, 0.251435] [2131.11, 632.321, 2305.1]]
		unit_class:t = "ussr_t_55a"
		objLayer:i = 1
		closed_waypoints:b = false
		isShipSpline:b = false
		shipTurnRadius:r = 100
		weapons:t = "ussr_t_55a_default"
		bullets0:t = ""
		bullets1:t = ""
		bullets2:t = ""
		bullets3:t = ""
		bulletsCount0:i = 0
		bulletsCount1:i = 0
		bulletsCount2:i = 0
		bulletsCount3:i = 0
		modification:t = "manual_extinguisher"
		modification:t = "tank_tool_kit"
		crewSkillK:r = 0
		applyAllMods:b = false
		props {
			army:i = 2
			count:i = 1
			formation_type:t = "rows"
			formation_div:i = 3
			formation_step:p2 = 2.5, 2
			formation_noise:p2 = 0.1, 0.1
			uniqueName:t = ""
			attack_type:t = "fire_at_will"
			isDelayed:b = true
		}
		way {

		}
	}
	tankModels {
		name:t = "ai_tank_stage2_04"
		tm:m = [[0.470196, 0.000986053, -0.882562] [-0.0432242, 0.998825, -0.0219123] [0.881503, 0.0484511, 0.469685] [2022.29, 632.675, 2295.87]]
		unit_class:t = "ussr_t_55a"
		objLayer:i = 1
		closed_waypoints:b = false
		isShipSpline:b = false
		shipTurnRadius:r = 100
		weapons:t = "ussr_t_55a_default"
		bullets0:t = ""
		bullets1:t = ""
		bullets2:t = ""
		bullets3:t = ""
		bulletsCount0:i = 0
		bulletsCount1:i = 0
		bulletsCount2:i = 0
		bulletsCount3:i = 0
		modification:t = "manual_extinguisher"
		modification:t = "tank_tool_kit"
		crewSkillK:r = 0
		applyAllMods:b = false
		props {
			army:i = 2
			count:i = 1
			formation_type:t = "rows"
			formation_div:i = 3
			formation_step:p2 = 2.5, 2
			formation_noise:p2 = 0.1, 0.1
			uniqueName:t = ""
			attack_type:t = "fire_at_will"
			isDelayed:b = true
		}
		way {

		}
	}
	tankModels {
		name:t = "ai_tank_stage2_05"
		tm:m = [[0.397732, 0.0, -0.917502] [0.0, 1.0, 0.0] [0.917502, 0.0, 0.397732] [1949.5, 632.3, 2151.35]]
		unit_class:t = "ussr_t_55a"
		objLayer:i = 1
		closed_waypoints:b = false
		isShipSpline:b = false
		shipTurnRadius:r = 100
		weapons:t = "ussr_t_55a_default"
		bullets0:t = ""
		bullets1:t = ""
		bullets2:t = ""
		bullets3:t = ""
		bulletsCount0:i = 0
		bulletsCount1:i = 0
		bulletsCount2:i = 0
		bulletsCount3:i = 0
		modification:t = "manual_extinguisher"
		modification:t = "tank_tool_kit"
		crewSkillK:r = 0
		applyAllMods:b = false
		props {
			army:i = 2
			count:i = 1
			formation_type:t = "rows"
			formation_div:i = 3
			formation_step:p2 = 2.5, 2
			formation_noise:p2 = 0.1, 0.1
			uniqueName:t = ""
			attack_type:t = "fire_at_will"
			isDelayed:b = true
		}
		way {

		}
	}
	tankModels {
		name:t = "ai_tank_stage2_06"
		tm:m = [[0.285863, 0.0, -0.958271] [0.0, 1.0, 0.0] [0.958271, 0.0, 0.285863] [1942.9, 632.77, 2562.74]]
		unit_class:t = "ussr_t_55a"
		objLayer:i = 1
		closed_waypoints:b = false
		isShipSpline:b = false
		shipTurnRadius:r = 100
		weapons:t = "ussr_t_55a_default"
		bullets0:t = ""
		bullets1:t = ""
		bullets2:t = ""
		bullets3:t = ""
		bulletsCount0:i = 0
		bulletsCount1:i = 0
		bulletsCount2:i = 0
		bulletsCount3:i = 0
		modification:t = "manual_extinguisher"
		modification:t = "tank_tool_kit"
		crewSkillK:r = 0
		applyAllMods:b = false
		props {
			army:i = 2
			count:i = 1
			formation_type:t = "rows"
			formation_div:i = 3
			formation_step:p2 = 2.5, 2
			formation_noise:p2 = 0.1, 0.1
			uniqueName:t = ""
			attack_type:t = "fire_at_will"
			isDelayed:b = true
		}
		way {

		}
	}
	tankModels {
		name:t = "ai_tank_stage2_07"
		tm:m = [[0.402392, 0.0, -0.915467] [0.0, 1.0, 0.0] [0.915467, 0.0, 0.402392] [1986.87, 632.578, 2602.27]]
		unit_class:t = "ussr_t_55a"
		objLayer:i = 1
		closed_waypoints:b = false
		isShipSpline:b = false
		shipTurnRadius:r = 100
		weapons:t = "ussr_t_55a_default"
		bullets0:t = ""
		bullets1:t = ""
		bullets2:t = ""
		bullets3:t = ""
		bulletsCount0:i = 0
		bulletsCount1:i = 0
		bulletsCount2:i = 0
		bulletsCount3:i = 0
		modification:t = "manual_extinguisher"
		modification:t = "tank_tool_kit"
		crewSkillK:r = 0
		applyAllMods:b = false
		props {
			army:i = 2
			count:i = 1
			formation_type:t = "rows"
			formation_div:i = 3
			formation_step:p2 = 2.5, 2
			formation_noise:p2 = 0.1, 0.1
			uniqueName:t = ""
			attack_type:t = "fire_at_will"
			isDelayed:b = true
		}
		way {

		}
	}
	tankModels {
		name:t = "ai_tank_stage2_08"
		tm:m = [[0.696449, 0.0, -0.717607] [0.0, 1.0, 0.0] [0.717607, 0.0, 0.696449] [2002.9, 632.5, 2175.85]]
		unit_class:t = "ussr_t_55a"
		objLayer:i = 1
		closed_waypoints:b = false
		isShipSpline:b = false
		shipTurnRadius:r = 100
		weapons:t = "ussr_t_55a_default"
		bullets0:t = ""
		bullets1:t = ""
		bullets2:t = ""
		bullets3:t = ""
		bulletsCount0:i = 0
		bulletsCount1:i = 0
		bulletsCount2:i = 0
		bulletsCount3:i = 0
		modification:t = "manual_extinguisher"
		modification:t = "tank_tool_kit"
		crewSkillK:r = 0
		applyAllMods:b = false
		props {
			army:i = 2
			count:i = 1
			formation_type:t = "rows"
			formation_div:i = 3
			formation_step:p2 = 2.5, 2
			formation_noise:p2 = 0.1, 0.1
			uniqueName:t = ""
			attack_type:t = "fire_at_will"
			isDelayed:b = true
		}
		way {

		}
	}
	tankModels {
		name:t = "ai_tank_stage3_01"
		tm:m = [[0.456199, 0.0, 0.889878] [0.0, 1.0, 0.0] [-0.889878, 0.0, 0.456199] [1539.63, 631.55, 3180.67]]
		unit_class:t = "ussr_t_62"
		objLayer:i = 1
		closed_waypoints:b = false
		isShipSpline:b = false
		shipTurnRadius:r = 100
		weapons:t = "t_62_default"
		bullets0:t = ""
		bullets1:t = ""
		bullets2:t = ""
		bullets3:t = ""
		bulletsCount0:i = 0
		bulletsCount1:i = 0
		bulletsCount2:i = 0
		bulletsCount3:i = 0
		modification:t = "manual_extinguisher"
		modification:t = "tank_tool_kit"
		crewSkillK:r = 0
		applyAllMods:b = false
		props {
			army:i = 2
			count:i = 2
			formation_type:t = "rows"
			formation_div:i = 3
			formation_step:p2 = 2.5, 2
			formation_noise:p2 = 0.1, 0.1
			uniqueName:t = ""
			attack_type:t = "fire_at_will"
			isDelayed:b = true
		}
		way {

		}
	}
	tankModels {
		name:t = "ai_tank_stage3_02"
		tm:m = [[0.456199, 0.0, 0.889878] [0.0, 1.0, 0.0] [-0.889878, 0.0, 0.456199] [1536.1, 631.55, 3182.87]]
		unit_class:t = "ussr_t_62"
		objLayer:i = 1
		closed_waypoints:b = false
		isShipSpline:b = false
		shipTurnRadius:r = 100
		weapons:t = "t_62_default"
		bullets0:t = ""
		bullets1:t = ""
		bullets2:t = ""
		bullets3:t = ""
		bulletsCount0:i = 0
		bulletsCount1:i = 0
		bulletsCount2:i = 0
		bulletsCount3:i = 0
		modification:t = "manual_extinguisher"
		modification:t = "tank_tool_kit"
		crewSkillK:r = 0
		applyAllMods:b = false
		props {
			army:i = 2
			count:i = 2
			formation_type:t = "rows"
			formation_div:i = 3
			formation_step:p2 = 2.5, 2
			formation_noise:p2 = 0.1, 0.1
			uniqueName:t = ""
			attack_type:t = "fire_at_will"
			isDelayed:b = true
		}
		way {

		}
	}
	tankModels {
		name:t = "ai_tank_stage3_04"
		tm:m = [[0.456199, 0.0, 0.889878] [0.0, 1.0, 0.0] [-0.889878, 0.0, 0.456199] [1528.27, 631.55, 3187.22]]
		unit_class:t = "ussr_t_62"
		objLayer:i = 1
		closed_waypoints:b = false
		isShipSpline:b = false
		shipTurnRadius:r = 100
		weapons:t = "t_62_default"
		bullets0:t = ""
		bullets1:t = ""
		bullets2:t = ""
		bullets3:t = ""
		bulletsCount0:i = 0
		bulletsCount1:i = 0
		bulletsCount2:i = 0
		bulletsCount3:i = 0
		modification:t = "manual_extinguisher"
		modification:t = "tank_tool_kit"
		crewSkillK:r = 0
		applyAllMods:b = false
		props {
			army:i = 2
			count:i = 2
			formation_type:t = "rows"
			formation_div:i = 3
			formation_step:p2 = 2.5, 2
			formation_noise:p2 = 0.1, 0.1
			uniqueName:t = ""
			attack_type:t = "fire_at_will"
			isDelayed:b = true
		}
		way {

		}
	}
	tankModels {
		name:t = "ai_tank_stage3_05"
		tm:m = [[0.456199, 0.0, 0.889878] [0.0, 1.0, 0.0] [-0.889878, 0.0, 0.456199] [1524.78, 631.55, 3188.96]]
		unit_class:t = "ussr_t_62"
		objLayer:i = 1
		closed_waypoints:b = false
		isShipSpline:b = false
		shipTurnRadius:r = 100
		weapons:t = "t_62_default"
		bullets0:t = ""
		bullets1:t = ""
		bullets2:t = ""
		bullets3:t = ""
		bulletsCount0:i = 0
		bulletsCount1:i = 0
		bulletsCount2:i = 0
		bulletsCount3:i = 0
		modification:t = "manual_extinguisher"
		modification:t = "tank_tool_kit"
		crewSkillK:r = 0
		applyAllMods:b = false
		props {
			army:i = 2
			count:i = 2
			formation_type:t = "rows"
			formation_div:i = 3
			formation_step:p2 = 2.5, 2
			formation_noise:p2 = 0.1, 0.1
			uniqueName:t = ""
			attack_type:t = "fire_at_will"
			isDelayed:b = true
		}
		way {

		}
	}
	tankModels {
		name:t = "ai_tank_stage3_06"
		tm:m = [[0.456199, 0.0, 0.889878] [0.0, 1.0, 0.0] [-0.889878, 0.0, 0.456199] [1521.82, 631.55, 3190.31]]
		unit_class:t = "ussr_t_62"
		objLayer:i = 1
		closed_waypoints:b = false
		isShipSpline:b = false
		shipTurnRadius:r = 100
		weapons:t = "t_62_default"
		bullets0:t = ""
		bullets1:t = ""
		bullets2:t = ""
		bullets3:t = ""
		bulletsCount0:i = 0
		bulletsCount1:i = 0
		bulletsCount2:i = 0
		bulletsCount3:i = 0
		modification:t = "manual_extinguisher"
		modification:t = "tank_tool_kit"
		crewSkillK:r = 0
		applyAllMods:b = false
		props {
			army:i = 2
			count:i = 2
			formation_type:t = "rows"
			formation_div:i = 3
			formation_step:p2 = 2.5, 2
			formation_noise:p2 = 0.1, 0.1
			uniqueName:t = ""
			attack_type:t = "fire_at_will"
			isDelayed:b = true
		}
		way {

		}
	}
	tankModels {
		name:t = "ai_tank_stage3_07"
		tm:m = [[0.456199, 0.0, 0.889878] [0.0, 1.0, 0.0] [-0.889878, 0.0, 0.456199] [1518.81, 631.55, 3191.68]]
		unit_class:t = "ussr_t_62"
		objLayer:i = 1
		closed_waypoints:b = false
		isShipSpline:b = false
		shipTurnRadius:r = 100
		weapons:t = "t_62_default"
		bullets0:t = ""
		bullets1:t = ""
		bullets2:t = ""
		bullets3:t = ""
		bulletsCount0:i = 0
		bulletsCount1:i = 0
		bulletsCount2:i = 0
		bulletsCount3:i = 0
		modification:t = "manual_extinguisher"
		modification:t = "tank_tool_kit"
		crewSkillK:r = 0
		applyAllMods:b = false
		props {
			army:i = 2
			count:i = 2
			formation_type:t = "rows"
			formation_div:i = 3
			formation_step:p2 = 2.5, 2
			formation_noise:p2 = 0.1, 0.1
			uniqueName:t = ""
			attack_type:t = "fire_at_will"
			isDelayed:b = true
		}
		way {

		}
	}
	tankModels {
		name:t = "ai_tank_stage3_08"
		tm:m = [[0.456199, 0.0, 0.889878] [0.0, 1.0, 0.0] [-0.889878, 0.0, 0.456199] [1515.29, 631.55, 3193.37]]
		unit_class:t = "ussr_t_62"
		objLayer:i = 1
		closed_waypoints:b = false
		isShipSpline:b = false
		shipTurnRadius:r = 100
		weapons:t = "t_62_default"
		bullets0:t = ""
		bullets1:t = ""
		bullets2:t = ""
		bullets3:t = ""
		bulletsCount0:i = 0
		bulletsCount1:i = 0
		bulletsCount2:i = 0
		bulletsCount3:i = 0
		modification:t = "manual_extinguisher"
		modification:t = "tank_tool_kit"
		crewSkillK:r = 0
		applyAllMods:b = false
		props {
			army:i = 2
			count:i = 2
			formation_type:t = "rows"
			formation_div:i = 3
			formation_step:p2 = 2.5, 2
			formation_noise:p2 = 0.1, 0.1
			uniqueName:t = ""
			attack_type:t = "fire_at_will"
			isDelayed:b = true
		}
		way {

		}
	}
	tankModels {
		name:t = "ai_tank_stage3_09"
		tm:m = [[0.456199, 0.0, 0.889878] [0.0, 1.0, 0.0] [-0.889878, 0.0, 0.456199] [1512.0, 631.55, 3195.28]]
		unit_class:t = "ussr_t_62"
		objLayer:i = 1
		closed_waypoints:b = false
		isShipSpline:b = false
		shipTurnRadius:r = 100
		weapons:t = "t_62_default"
		bullets0:t = ""
		bullets1:t = ""
		bullets2:t = ""
		bullets3:t = ""
		bulletsCount0:i = 0
		bulletsCount1:i = 0
		bulletsCount2:i = 0
		bulletsCount3:i = 0
		modification:t = "manual_extinguisher"
		modification:t = "tank_tool_kit"
		crewSkillK:r = 0
		applyAllMods:b = false
		props {
			army:i = 2
			count:i = 2
			formation_type:t = "rows"
			formation_div:i = 3
			formation_step:p2 = 2.5, 2
			formation_noise:p2 = 0.1, 0.1
			uniqueName:t = ""
			attack_type:t = "fire_at_will"
			isDelayed:b = true
		}
		way {

		}
	}
	tankModels {
		name:t = "ai_tank_stage3_10"
		tm:m = [[0.456199, 0.0, 0.889878] [0.0, 1.0, 0.0] [-0.889878, 0.0, 0.456199] [1508.44, 631.55, 3196.88]]
		unit_class:t = "ussr_t_62"
		objLayer:i = 1
		closed_waypoints:b = false
		isShipSpline:b = false
		shipTurnRadius:r = 100
		weapons:t = "t_62_default"
		bullets0:t = ""
		bullets1:t = ""
		bullets2:t = ""
		bullets3:t = ""
		bulletsCount0:i = 0
		bulletsCount1:i = 0
		bulletsCount2:i = 0
		bulletsCount3:i = 0
		modification:t = "manual_extinguisher"
		modification:t = "tank_tool_kit"
		crewSkillK:r = 0
		applyAllMods:b = false
		props {
			army:i = 2
			count:i = 2
			formation_type:t = "rows"
			formation_div:i = 3
			formation_step:p2 = 2.5, 2
			formation_noise:p2 = 0.1, 0.1
			uniqueName:t = ""
			attack_type:t = "fire_at_will"
			isDelayed:b = true
		}
		way {

		}
	}
	tankModels {
		name:t = "ai_tank_stage3_11"
		tm:m = [[0.456199, 0.0, 0.889878] [0.0, 1.0, 0.0] [-0.889878, 0.0, 0.456199] [1504.5, 631.55, 3198.17]]
		unit_class:t = "ussr_t_62"
		objLayer:i = 1
		closed_waypoints:b = false
		isShipSpline:b = false
		shipTurnRadius:r = 100
		weapons:t = "t_62_default"
		bullets0:t = ""
		bullets1:t = ""
		bullets2:t = ""
		bullets3:t = ""
		bulletsCount0:i = 0
		bulletsCount1:i = 0
		bulletsCount2:i = 0
		bulletsCount3:i = 0
		modification:t = "manual_extinguisher"
		modification:t = "tank_tool_kit"
		crewSkillK:r = 0
		applyAllMods:b = false
		props {
			army:i = 2
			count:i = 2
			formation_type:t = "rows"
			formation_div:i = 3
			formation_step:p2 = 2.5, 2
			formation_noise:p2 = 0.1, 0.1
			uniqueName:t = ""
			attack_type:t = "fire_at_will"
			isDelayed:b = true
		}
		way {

		}
	}
	tankModels {
		name:t = "ai_tank_stage3_12"
		tm:m = [[0.456199, 0.0, 0.889878] [0.0, 1.0, 0.0] [-0.889878, 0.0, 0.456199] [1501.5, 631.55, 3200.1]]
		unit_class:t = "ussr_t_62"
		objLayer:i = 1
		closed_waypoints:b = false
		isShipSpline:b = false
		shipTurnRadius:r = 100
		weapons:t = "t_62_default"
		bullets0:t = ""
		bullets1:t = ""
		bullets2:t = ""
		bullets3:t = ""
		bulletsCount0:i = 0
		bulletsCount1:i = 0
		bulletsCount2:i = 0
		bulletsCount3:i = 0
		modification:t = "manual_extinguisher"
		modification:t = "tank_tool_kit"
		crewSkillK:r = 0
		applyAllMods:b = false
		props {
			army:i = 2
			count:i = 2
			formation_type:t = "rows"
			formation_div:i = 3
			formation_step:p2 = 2.5, 2
			formation_noise:p2 = 0.1, 0.1
			uniqueName:t = ""
			attack_type:t = "fire_at_will"
			isDelayed:b = true
		}
		way {

		}
	}
	squad {
		name:t = "ai_tank_stage3_sq"
		tm:m = [[0.456199, 0.0, 0.889878] [0.0, 1.0, 0.0] [-0.889878, 0.0, 0.456199] [1610.38, 631.55, 3171.59]]
		props {
			object_marking:i = 0
			squad_members:t = "ai_tank_stage3_01"
			squad_members:t = "ai_tank_stage3_02"
			squad_members:t = "ai_tank_stage3_03"
			squad_members:t = "ai_tank_stage3_04"
			squad_members:t = "ai_tank_stage3_05"
			squad_members:t = "ai_tank_stage3_06"
			squad_members:t = "ai_tank_stage3_07"
			squad_members:t = "ai_tank_stage3_08"
			squad_members:t = "ai_tank_stage3_09"
			squad_members:t = "ai_tank_stage3_10"
			squad_members:t = "ai_tank_stage3_11"
			squad_members:t = "ai_tank_stage3_12"
		}
	}
	tankModels {
		name:t = "ai_tank_stage3_03"
		tm:m = [[0.456199, 0.0, 0.889878] [0.0, 1.0, 0.0] [-0.889878, 0.0, 0.456199] [1532.21, 631.55, 3185.71]]
		unit_class:t = "ussr_t_62"
		objLayer:i = 1
		closed_waypoints:b = false
		isShipSpline:b = false
		shipTurnRadius:r = 100
		weapons:t = "t_62_default"
		bullets0:t = ""
		bullets1:t = ""
		bullets2:t = ""
		bullets3:t = ""
		bulletsCount0:i = 0
		bulletsCount1:i = 0
		bulletsCount2:i = 0
		bulletsCount3:i = 0
		modification:t = "manual_extinguisher"
		modification:t = "tank_tool_kit"
		crewSkillK:r = 0
		applyAllMods:b = false
		props {
			army:i = 2
			count:i = 2
			formation_type:t = "rows"
			formation_div:i = 3
			formation_step:p2 = 2.5, 2
			formation_noise:p2 = 0.1, 0.1
			uniqueName:t = ""
			attack_type:t = "fire_at_will"
			isDelayed:b = true
		}
		way {

		}
	}
	tankModels {
		name:t = "ai_tank_stage2_09"
		tm:m = [[0.194088, 0.0, -0.980983] [-0.0469903, 0.998852, -0.00929701] [0.979859, 0.0479012, 0.193865] [2108.64, 632.373, 2246.31]]
		unit_class:t = "ussr_t_55a"
		objLayer:i = 1
		closed_waypoints:b = false
		isShipSpline:b = false
		shipTurnRadius:r = 100
		weapons:t = "ussr_t_55a_default"
		bullets0:t = ""
		bullets1:t = ""
		bullets2:t = ""
		bullets3:t = ""
		bulletsCount0:i = 0
		bulletsCount1:i = 0
		bulletsCount2:i = 0
		bulletsCount3:i = 0
		modification:t = "manual_extinguisher"
		modification:t = "tank_tool_kit"
		crewSkillK:r = 0
		applyAllMods:b = false
		props {
			army:i = 2
			count:i = 1
			formation_type:t = "rows"
			formation_div:i = 3
			formation_step:p2 = 2.5, 2
			formation_noise:p2 = 0.1, 0.1
			uniqueName:t = ""
			attack_type:t = "fire_at_will"
			isDelayed:b = true
		}
		way {

		}
	}
	tankModels {
		name:t = "ai_tank_stage2_10"
		tm:m = [[0.158207, 0.0, -0.987406] [-0.047298, 0.998852, -0.00757831] [0.986273, 0.0479012, 0.158025] [2105.55, 632.55, 2208.2]]
		unit_class:t = "ussr_t_55a"
		objLayer:i = 1
		closed_waypoints:b = false
		isShipSpline:b = false
		shipTurnRadius:r = 100
		weapons:t = "ussr_t_55a_default"
		bullets0:t = ""
		bullets1:t = ""
		bullets2:t = ""
		bullets3:t = ""
		bulletsCount0:i = 0
		bulletsCount1:i = 0
		bulletsCount2:i = 0
		bulletsCount3:i = 0
		modification:t = "manual_extinguisher"
		modification:t = "tank_tool_kit"
		crewSkillK:r = 0
		applyAllMods:b = false
		props {
			army:i = 2
			count:i = 1
			formation_type:t = "rows"
			formation_div:i = 3
			formation_step:p2 = 2.5, 2
			formation_noise:p2 = 0.1, 0.1
			uniqueName:t = ""
			attack_type:t = "fire_at_will"
			isDelayed:b = true
		}
		way {

		}
	}
	tankModels {
		name:t = "ai_tank_stage2_11"
		tm:m = [[0.497705, 0.0, -0.867346] [-0.0415469, 0.998852, -0.0238407] [0.866351, 0.0479012, 0.497134] [2009.4, 632.4, 2361.96]]
		unit_class:t = "ussr_t_55a"
		objLayer:i = 1
		closed_waypoints:b = false
		isShipSpline:b = false
		shipTurnRadius:r = 100
		weapons:t = "ussr_t_55a_default"
		bullets0:t = ""
		bullets1:t = ""
		bullets2:t = ""
		bullets3:t = ""
		bulletsCount0:i = 0
		bulletsCount1:i = 0
		bulletsCount2:i = 0
		bulletsCount3:i = 0
		modification:t = "manual_extinguisher"
		modification:t = "tank_tool_kit"
		crewSkillK:r = 0
		applyAllMods:b = false
		props {
			army:i = 2
			count:i = 1
			formation_type:t = "rows"
			formation_div:i = 3
			formation_step:p2 = 2.5, 2
			formation_noise:p2 = 0.1, 0.1
			uniqueName:t = ""
			attack_type:t = "fire_at_will"
			isDelayed:b = true
		}
		way {

		}
	}
	tankModels {
		name:t = "ai_tank_stage2_12"
		tm:m = [[0.276266, 0.0, -0.961081] [0.0, 1.0, 0.0] [0.961081, 0.0, 0.276266] [1966.9, 632.4, 2136.85]]
		unit_class:t = "ussr_t_55a"
		objLayer:i = 1
		closed_waypoints:b = false
		isShipSpline:b = false
		shipTurnRadius:r = 100
		weapons:t = "ussr_t_55a_default"
		bullets0:t = ""
		bullets1:t = ""
		bullets2:t = ""
		bullets3:t = ""
		bulletsCount0:i = 0
		bulletsCount1:i = 0
		bulletsCount2:i = 0
		bulletsCount3:i = 0
		modification:t = "manual_extinguisher"
		modification:t = "tank_tool_kit"
		crewSkillK:r = 0
		applyAllMods:b = false
		props {
			army:i = 2
			count:i = 1
			formation_type:t = "rows"
			formation_div:i = 3
			formation_step:p2 = 2.5, 2
			formation_noise:p2 = 0.1, 0.1
			uniqueName:t = ""
			attack_type:t = "fire_at_will"
			isDelayed:b = true
		}
		way {

		}
	}
	tankModels {
		name:t = "ai_tank_stage2_13"
		tm:m = [[0.326204, 0.0, -0.945299] [0.0, 1.0, 0.0] [0.945299, 0.0, 0.326204] [2023.15, 632.5, 2202.05]]
		unit_class:t = "ussr_t_55a"
		objLayer:i = 1
		closed_waypoints:b = false
		isShipSpline:b = false
		shipTurnRadius:r = 100
		weapons:t = "ussr_t_55a_default"
		bullets0:t = ""
		bullets1:t = ""
		bullets2:t = ""
		bullets3:t = ""
		bulletsCount0:i = 0
		bulletsCount1:i = 0
		bulletsCount2:i = 0
		bulletsCount3:i = 0
		modification:t = "manual_extinguisher"
		modification:t = "tank_tool_kit"
		crewSkillK:r = 0
		applyAllMods:b = false
		props {
			army:i = 2
			count:i = 1
			formation_type:t = "rows"
			formation_div:i = 3
			formation_step:p2 = 2.5, 2
			formation_noise:p2 = 0.1, 0.1
			uniqueName:t = ""
			attack_type:t = "fire_at_will"
			isDelayed:b = true
		}
		way {

		}
	}
	tankModels {
		name:t = "ai_tank_stage2_14"
		tm:m = [[0.430156, 0.0, -0.902755] [0.0, 1.0, 0.0] [0.902755, 0.0, 0.430156] [2084.0, 632.45, 2241.4]]
		unit_class:t = "ussr_t_55a"
		objLayer:i = 1
		closed_waypoints:b = false
		isShipSpline:b = false
