selected_tag:t = ""
bin_dump_file:t = ""
mission_settings {
	player {
		army:i = 1
	}
	player_teamB {
		army:i = 2
	}
	mission {
		level:t = "levels/berlin.bin"
		type:t = "domination"
		environment:t = "Day"
		weather:t = "clear"
	}
}
imports {

}
triggers {
	isCategory:b = true
	is_enabled:b = true
}
mission_objectives {
	isCategory:b = true
	is_enabled:b = true
}
variables {

}
dialogs {

}
airfields {

}
effects {

}
units {
	air_defence {
		name:t = "t1_def_small_aaa_low_01"
		tm:m = [[-0.977497, 0.0, -0.210948] [0.0, 1.0, 0.0] [0.210948, 0.0, -0.977497] [-4175.8, 110.596, 7952.13]]
		unit_class:t = "ussr_37mm_61k_airfield"
		closed_waypoints:b = false
		isShipSpline:b = false
		shipTurnRadius:r = 100
		weapons:t = ""
		bullets0:t = ""
		bullets1:t = ""
		bullets2:t = ""
		bullets3:t = ""
		bulletsCount0:i = 0
		bulletsCount1:i = 0
		bulletsCount2:i = 0
		bulletsCount3:i = 0
		crewSkillK:r = 0
		applyAllMods:b = false
		props {
			army:i = 1
			count:i = 1
			formation_type:t = "rows"
			formation_div:i = 3
			formation_step:p2 = 2.5, 2
			formation_noise:p2 = 0.1, 0.1
			uniqueName:t = ""
			attack_type:t = "fire_at_will"
		}
		way {

		}
	}
	air_defence {
		name:t = "t1_def_small_aaa_low_02"
		tm:m = [[-0.977497, 0.0, -0.210948] [0.0, 1.0, 0.0] [0.210948, 0.0, -0.977497] [-4499.45, 137.396, 7109.05]]
		unit_class:t = "ussr_37mm_61k_airfield"
		closed_waypoints:b = false
		isShipSpline:b = false
		shipTurnRadius:r = 100
		weapons:t = ""
		bullets0:t = ""
		bullets1:t = ""
		bullets2:t = ""
		bullets3:t = ""
		bulletsCount0:i = 0
		bulletsCount1:i = 0
		bulletsCount2:i = 0
		bulletsCount3:i = 0
		crewSkillK:r = 0
		applyAllMods:b = false
		props {
			army:i = 1
			count:i = 1
			formation_type:t = "rows"
			formation_div:i = 3
			formation_step:p2 = 2.5, 2
			formation_noise:p2 = 0.1, 0.1
			uniqueName:t = ""
			attack_type:t = "fire_at_will"
		}
		way {

		}
	}
	air_defence {
		name:t = "t1_def_small_aaa_low_03"
		tm:m = [[-0.977497, 0.0, -0.210948] [0.0, 1.0, 0.0] [0.210948, 0.0, -0.977497] [-5046.86, 75.3875, 7496.23]]
		unit_class:t = "ussr_37mm_61k_airfield"
		closed_waypoints:b = false
		isShipSpline:b = false
		shipTurnRadius:r = 100
		weapons:t = ""
		bullets0:t = ""
		bullets1:t = ""
		bullets2:t = ""
		bullets3:t = ""
		bulletsCount0:i = 0
		bulletsCount1:i = 0
		bulletsCount2:i = 0
		bulletsCount3:i = 0
		crewSkillK:r = 0
		applyAllMods:b = false
		props {
			army:i = 1
			count:i = 1
			formation_type:t = "rows"
			formation_div:i = 3
			formation_step:p2 = 2.5, 2
			formation_noise:p2 = 0.1, 0.1
			uniqueName:t = ""
			attack_type:t = "fire_at_will"
		}
		way {

		}
	}
	air_defence {
		name:t = "t1_def_small_aaa_low_04"
		tm:m = [[-0.977497, 0.0, -0.210948] [0.0, 1.0, 0.0] [0.210948, 0.0, -0.977497] [-6010.15, 99.2744, 7868.67]]
		unit_class:t = "ussr_37mm_61k_airfield"
		closed_waypoints:b = false
		isShipSpline:b = false
		shipTurnRadius:r = 100
		weapons:t = ""
		bullets0:t = ""
		bullets1:t = ""
		bullets2:t = ""
		bullets3:t = ""
		bulletsCount0:i = 0
		bulletsCount1:i = 0
		bulletsCount2:i = 0
		bulletsCount3:i = 0
		crewSkillK:r = 0
		applyAllMods:b = false
		props {
			army:i = 1
			count:i = 1
			formation_type:t = "rows"
			formation_div:i = 3
			formation_step:p2 = 2.5, 2
			formation_noise:p2 = 0.1, 0.1
			uniqueName:t = ""
			attack_type:t = "fire_at_will"
		}
		way {

		}
	}
	air_defence {
		name:t = "t1_def_small_aaa_low_05"
		tm:m = [[-0.977497, 0.0, -0.210948] [0.0, 1.0, 0.0] [0.210948, 0.0, -0.977497] [-5733.32, 75.0089, 8545.77]]
		unit_class:t = "ussr_37mm_61k_airfield"
		closed_waypoints:b = false
		isShipSpline:b = false
		shipTurnRadius:r = 100
		weapons:t = ""
		bullets0:t = ""
		bullets1:t = ""
		bullets2:t = ""
		bullets3:t = ""
		bulletsCount0:i = 0
		bulletsCount1:i = 0
		bulletsCount2:i = 0
		bulletsCount3:i = 0
		crewSkillK:r = 0
		applyAllMods:b = false
		props {
			army:i = 1
			count:i = 1
			formation_type:t = "rows"
			formation_div:i = 3
			formation_step:p2 = 2.5, 2
			formation_noise:p2 = 0.1, 0.1
			uniqueName:t = ""
			attack_type:t = "fire_at_will"
		}
		way {

		}
	}
	air_defence {
		name:t = "t1_def_small_aaa_low_06"
		tm:m = [[-0.977497, 0.0, -0.210948] [0.0, 1.0, 0.0] [0.210948, 0.0, -0.977497] [-4582.95, 101.696, 8421.79]]
		unit_class:t = "ussr_37mm_61k_airfield"
		closed_waypoints:b = false
		isShipSpline:b = false
		shipTurnRadius:r = 100
		weapons:t = ""
		bullets0:t = ""
		bullets1:t = ""
		bullets2:t = ""
		bullets3:t = ""
		bulletsCount0:i = 0
		bulletsCount1:i = 0
		bulletsCount2:i = 0
		bulletsCount3:i = 0
		crewSkillK:r = 0
		applyAllMods:b = false
		props {
			army:i = 1
			count:i = 1
			formation_type:t = "rows"
			formation_div:i = 3
			formation_step:p2 = 2.5, 2
			formation_noise:p2 = 0.1, 0.1
			uniqueName:t = ""
			attack_type:t = "fire_at_will"
		}
		way {

		}
	}
	air_defence {
		name:t = "t1_def_big_aaa_low_01"
		tm:m = [[-0.376726, 0.0, -0.926325] [0.0, 1.0, 0.0] [0.926325, 0.0, -0.376726] [-4472.95, 115.994, 8189.74]]
		unit_class:t = "ussr_85mm_52k"
		closed_waypoints:b = false
		isShipSpline:b = false
		shipTurnRadius:r = 100
		weapons:t = ""
		bullets0:t = ""
		bullets1:t = ""
		bullets2:t = ""
		bullets3:t = ""
		bulletsCount0:i = 0
		bulletsCount1:i = 0
		bulletsCount2:i = 0
		bulletsCount3:i = 0
		crewSkillK:r = 0
		applyAllMods:b = false
		props {
			army:i = 1
			count:i = 1
			formation_type:t = "rows"
			formation_div:i = 3
			formation_step:p2 = 2.5, 2
			formation_noise:p2 = 0.1, 0.1
			uniqueName:t = ""
			attack_type:t = "fire_at_will"
		}
		way {

		}
	}
	air_defence {
		name:t = "t1_def_big_aaa_low_02"
		tm:m = [[-0.977497, 0.0, -0.210948] [0.0, 1.0, 0.0] [0.210948, 0.0, -0.977497] [-4753.77, 77.6526, 7279.4]]
		unit_class:t = "ussr_85mm_52k"
		closed_waypoints:b = false
		isShipSpline:b = false
		shipTurnRadius:r = 100
		weapons:t = ""
		bullets0:t = ""
		bullets1:t = ""
		bullets2:t = ""
		bullets3:t = ""
		bulletsCount0:i = 0
		bulletsCount1:i = 0
		bulletsCount2:i = 0
		bulletsCount3:i = 0
		crewSkillK:r = 0
		applyAllMods:b = false
		props {
			army:i = 1
			count:i = 1
			formation_type:t = "rows"
			formation_div:i = 3
			formation_step:p2 = 2.5, 2
			formation_noise:p2 = 0.1, 0.1
			uniqueName:t = ""
			attack_type:t = "fire_at_will"
		}
		way {

		}
	}
	air_defence {
		name:t = "t1_def_big_aaa_low_03"
		tm:m = [[-0.977497, 0.0, -0.210948] [0.0, 1.0, 0.0] [0.210948, 0.0, -0.977497] [-5358.32, 120.246, 8378.43]]
		unit_class:t = "ussr_85mm_52k"
		closed_waypoints:b = false
		isShipSpline:b = false
		shipTurnRadius:r = 100
		weapons:t = ""
		bullets0:t = ""
		bullets1:t = ""
		bullets2:t = ""
		bullets3:t = ""
		bulletsCount0:i = 0
		bulletsCount1:i = 0
		bulletsCount2:i = 0
		bulletsCount3:i = 0
		crewSkillK:r = 0
		applyAllMods:b = false
		props {
			army:i = 1
			count:i = 1
			formation_type:t = "rows"
			formation_div:i = 3
			formation_step:p2 = 2.5, 2
			formation_noise:p2 = 0.1, 0.1
			uniqueName:t = ""
			attack_type:t = "fire_at_will"
		}
		way {

		}
	}
	air_defence {
		name:t = "t1_def_big_aaa_low_04"
		tm:m = [[-0.977497, 0.0, -0.210948] [0.0, 1.0, 0.0] [0.210948, 0.0, -0.977497] [-5054.29, 118.196, 8277.71]]
		unit_class:t = "ussr_85mm_52k"
		closed_waypoints:b = false
		isShipSpline:b = false
		shipTurnRadius:r = 100
		weapons:t = ""
		bullets0:t = ""
		bullets1:t = ""
		bullets2:t = ""
		bullets3:t = ""
		bulletsCount0:i = 0
		bulletsCount1:i = 0
		bulletsCount2:i = 0
		bulletsCount3:i = 0
		crewSkillK:r = 0
		applyAllMods:b = false
		props {
			army:i = 1
			count:i = 1
			formation_type:t = "rows"
			formation_div:i = 3
			formation_step:p2 = 2.5, 2
			formation_noise:p2 = 0.1, 0.1
			uniqueName:t = ""
			attack_type:t = "fire_at_will"
		}
		way {

		}
	}
	squad {
		name:t = "t1_def_aaa_low_squad"
		tm:m = [[-0.996918, 0.0, -0.0784377] [0.0, 1.0, 0.0] [0.0784377, 0.0, -0.996918] [-8178.99, 93.7827, 9256.43]]
		props {
			object_marking:i = 0
			squad_members:t = "t1_def_small_aaa_low_01"
			squad_members:t = "t1_def_small_aaa_low_02"
			squad_members:t = "t1_def_small_aaa_low_03"
			squad_members:t = "t1_def_small_aaa_low_04"
			squad_members:t = "t1_def_small_aaa_low_05"
			squad_members:t = "t1_def_small_aaa_low_06"
			squad_members:t = "t1_def_big_aaa_low_01"
			squad_members:t = "t1_def_big_aaa_low_02"
			squad_members:t = "t1_def_big_aaa_low_03"
			squad_members:t = "t1_def_big_aaa_low_04"
			squad_members:t = "t1_def_small_aaa_low_07"
			squad_members:t = "t1_def_small_aaa_low_08"
			squad_members:t = "t1_def_small_aaa_low_09"
		}
	}
	objectGroups {
		name:t = "t1_airfield_low"
		tm:m = [[-0.951695, 0.0, 0.307045] [0.0, 1.0, 0.0] [-0.307045, 0.0, -0.951695] [-4982.94, 116.245, 7826.0]]
		unit_class:t = "dynAF_kh_gol_airfield_gumrak_small"
		props {
			army:i = 1
			active:b = true
		}
	}
	air_defence {
		name:t = "t2_def_small_aaa_low_07"
		tm:m = [[-0.914764, 0.0, 0.403991] [0.0, 1.0, 0.0] [-0.403991, 0.0, -0.914764] [17235.2, 71.9504, -5331.4]]
		unit_class:t = "germ_37mm_flak43_airfield"
		closed_waypoints:b = false
		isShipSpline:b = false
		shipTurnRadius:r = 100
		weapons:t = ""
		bullets0:t = ""
		bullets1:t = ""
		bullets2:t = ""
		bullets3:t = ""
		bulletsCount0:i = 0
		bulletsCount1:i = 0
		bulletsCount2:i = 0
		bulletsCount3:i = 0
		crewSkillK:r = 0
		applyAllMods:b = false
		props {
			army:i = 2
			count:i = 1
			formation_type:t = "rows"
			formation_div:i = 3
			formation_step:p2 = 2.5, 2
			formation_noise:p2 = 0.1, 0.1
			uniqueName:t = ""
			attack_type:t = "fire_at_will"
		}
		way {

		}
	}
	air_defence {
		name:t = "t2_def_small_aaa_low_08"
		tm:m = [[-0.914764, 0.0, 0.403991] [0.0, 1.0, 0.0] [-0.403991, 0.0, -0.914764] [16631.8, 71.9504, -5085.24]]
		unit_class:t = "germ_37mm_flak43_airfield"
		closed_waypoints:b = false
		isShipSpline:b = false
		shipTurnRadius:r = 100
		weapons:t = ""
		bullets0:t = ""
		bullets1:t = ""
		bullets2:t = ""
		bullets3:t = ""
		bulletsCount0:i = 0
		bulletsCount1:i = 0
		bulletsCount2:i = 0
		bulletsCount3:i = 0
		crewSkillK:r = 0
		applyAllMods:b = false
		props {
			army:i = 2
			count:i = 1
			formation_type:t = "rows"
			formation_div:i = 3
			formation_step:p2 = 2.5, 2
			formation_noise:p2 = 0.1, 0.1
			uniqueName:t = ""
			attack_type:t = "fire_at_will"
		}
		way {

		}
	}
	air_defence {
		name:t = "t2_def_small_aaa_low_09"
		tm:m = [[-0.914764, 0.0, 0.403991] [0.0, 1.0, 0.0] [-0.403991, 0.0, -0.914764] [16850.4, 71.95, -4045.38]]
		unit_class:t = "germ_37mm_flak43_airfield"
		closed_waypoints:b = false
		isShipSpline:b = false
		shipTurnRadius:r = 100
		weapons:t = ""
		bullets0:t = ""
		bullets1:t = ""
		bullets2:t = ""
		bullets3:t = ""
		bulletsCount0:i = 0
		bulletsCount1:i = 0
		bulletsCount2:i = 0
		bulletsCount3:i = 0
		crewSkillK:r = 0
		applyAllMods:b = false
		props {
			army:i = 2
			count:i = 1
			formation_type:t = "rows"
			formation_div:i = 3
			formation_step:p2 = 2.5, 2
			formation_noise:p2 = 0.1, 0.1
			uniqueName:t = ""
			attack_type:t = "fire_at_will"
		}
		way {

		}
	}
	air_defence {
		name:t = "t2_def_small_aaa_low_10"
		tm:m = [[-0.914764, 0.0, 0.403991] [0.0, 1.0, 0.0] [-0.403991, 0.0, -0.914764] [17689.9, 71.9499, -4701.04]]
		unit_class:t = "germ_37mm_flak43_airfield"
		closed_waypoints:b = false
		isShipSpline:b = false
		shipTurnRadius:r = 100
		weapons:t = ""
		bullets0:t = ""
		bullets1:t = ""
		bullets2:t = ""
		bullets3:t = ""
		bulletsCount0:i = 0
		bulletsCount1:i = 0
		bulletsCount2:i = 0
		bulletsCount3:i = 0
		crewSkillK:r = 0
		applyAllMods:b = false
		props {
			army:i = 2
			count:i = 1
			formation_type:t = "rows"
			formation_div:i = 3
			formation_step:p2 = 2.5, 2
			formation_noise:p2 = 0.1, 0.1
			uniqueName:t = ""
			attack_type:t = "fire_at_will"
		}
		way {

		}
	}
	air_defence {
		name:t = "t2_def_small_aaa_low_11"
		tm:m = [[-0.914764, 0.0, 0.403991] [0.0, 1.0, 0.0] [-0.403991, 0.0, -0.914764] [17279.2, 71.9504, -5700.19]]
		unit_class:t = "germ_37mm_flak43_airfield"
		closed_waypoints:b = false
		isShipSpline:b = false
		shipTurnRadius:r = 100
		weapons:t = ""
		bullets0:t = ""
		bullets1:t = ""
		bullets2:t = ""
		bullets3:t = ""
		bulletsCount0:i = 0
		bulletsCount1:i = 0
		bulletsCount2:i = 0
		bulletsCount3:i = 0
		crewSkillK:r = 0
		applyAllMods:b = false
		props {
			army:i = 2
			count:i = 1
			formation_type:t = "rows"
			formation_div:i = 3
			formation_step:p2 = 2.5, 2
			formation_noise:p2 = 0.1, 0.1
			uniqueName:t = ""
			attack_type:t = "fire_at_will"
		}
		way {

		}
	}
	air_defence {
		name:t = "t2_def_small_aaa_low_12"
		tm:m = [[-0.914764, 0.0, 0.403991] [0.0, 1.0, 0.0] [-0.403991, 0.0, -0.914764] [17488.3, 71.9504, -5433.97]]
		unit_class:t = "germ_37mm_flak43_airfield"
		closed_waypoints:b = false
		isShipSpline:b = false
		shipTurnRadius:r = 100
		weapons:t = ""
		bullets0:t = ""
		bullets1:t = ""
		bullets2:t = ""
		bullets3:t = ""
		bulletsCount0:i = 0
		bulletsCount1:i = 0
		bulletsCount2:i = 0
		bulletsCount3:i = 0
		crewSkillK:r = 0
		applyAllMods:b = false
		props {
			army:i = 2
			count:i = 1
			formation_type:t = "rows"
			formation_div:i = 3
			formation_step:p2 = 2.5, 2
			formation_noise:p2 = 0.1, 0.1
			uniqueName:t = ""
			attack_type:t = "fire_at_will"
		}
		way {

		}
	}
	air_defence {
		name:t = "t2_def_big_aaa_low_05"
		tm:m = [[-0.914764, 0.0, 0.403991] [0.0, 1.0, 0.0] [-0.403991, 0.0, -0.914764] [17800.0, 52.1515, -4896.54]]
		unit_class:t = "germ_37mm_flak43_airfield"
		closed_waypoints:b = false
		isShipSpline:b = false
		shipTurnRadius:r = 100
		weapons:t = ""
		bullets0:t = ""
		bullets1:t = ""
		bullets2:t = ""
		bullets3:t = ""
		bulletsCount0:i = 0
		bulletsCount1:i = 0
		bulletsCount2:i = 0
		bulletsCount3:i = 0
		crewSkillK:r = 0
		applyAllMods:b = false
		props {
			army:i = 2
			count:i = 1
			formation_type:t = "rows"
			formation_div:i = 3
			formation_step:p2 = 2.5, 2
			formation_noise:p2 = 0.1, 0.1
			uniqueName:t = ""
			attack_type:t = "fire_at_will"
		}
		way {

		}
	}
	air_defence {
		name:t = "t2_def_big_aaa_low_06"
		tm:m = [[-0.914764, 0.0, 0.403991] [0.0, 1.0, 0.0] [-0.403991, 0.0, -0.914764] [16709.9, 77.0004, -5267.59]]
		unit_class:t = "germ_37mm_flak43_airfield"
		closed_waypoints:b = false
		isShipSpline:b = false
		shipTurnRadius:r = 100
		weapons:t = ""
		bullets0:t = ""
		bullets1:t = ""
		bullets2:t = ""
		bullets3:t = ""
		bulletsCount0:i = 0
		bulletsCount1:i = 0
		bulletsCount2:i = 0
		bulletsCount3:i = 0
		crewSkillK:r = 0
		applyAllMods:b = false
		props {
			army:i = 2
			count:i = 1
			formation_type:t = "rows"
			formation_div:i = 3
			formation_step:p2 = 2.5, 2
			formation_noise:p2 = 0.1, 0.1
			uniqueName:t = ""
			attack_type:t = "fire_at_will"
		}
		way {

		}
	}
	air_defence {
		name:t = "t2_def_big_aaa_low_07"
		tm:m = [[-0.914764, 0.0, 0.403991] [0.0, 1.0, 0.0] [-0.403991, 0.0, -0.914764] [17142.5, 76.9999, -4110.06]]
		unit_class:t = "germ_37mm_flak43_airfield"
		closed_waypoints:b = false
		isShipSpline:b = false
		shipTurnRadius:r = 100
		weapons:t = ""
		bullets0:t = ""
		bullets1:t = ""
		bullets2:t = ""
		bullets3:t = ""
		bulletsCount0:i = 0
		bulletsCount1:i = 0
		bulletsCount2:i = 0
		bulletsCount3:i = 0
		crewSkillK:r = 0
		applyAllMods:b = false
		props {
			army:i = 2
			count:i = 1
			formation_type:t = "rows"
			formation_div:i = 3
			formation_step:p2 = 2.5, 2
			formation_noise:p2 = 0.1, 0.1
			uniqueName:t = ""
			attack_type:t = "fire_at_will"
		}
		way {

		}
	}
	air_defence {
		name:t = "t2_def_big_aaa_low_08"
		tm:m = [[-0.914764, 0.0, 0.403991] [0.0, 1.0, 0.0] [-0.403991, 0.0, -0.914764] [16970.8, 77.0004, -5435.32]]
		unit_class:t = "germ_37mm_flak43_airfield"
		closed_waypoints:b = false
		isShipSpline:b = false
		shipTurnRadius:r = 100
		weapons:t = ""
		bullets0:t = ""
		bullets1:t = ""
		bullets2:t = ""
		bullets3:t = ""
		bulletsCount0:i = 0
		bulletsCount1:i = 0
		bulletsCount2:i = 0
		bulletsCount3:i = 0
		crewSkillK:r = 0
		applyAllMods:b = false
		props {
			army:i = 2
			count:i = 1
			formation_type:t = "rows"
			formation_div:i = 3
			formation_step:p2 = 2.5, 2
			formation_noise:p2 = 0.1, 0.1
			uniqueName:t = ""
			attack_type:t = "fire_at_will"
		}
		way {

		}
	}
	air_defence {
		name:t = "t2_def_small_aaa_low_13"
		tm:m = [[-0.914764, 0.0, 0.403991] [0.0, 1.0, 0.0] [-0.403991, 0.0, -0.914764] [16448.7, 76.9999, -3776.06]]
		unit_class:t = "germ_20mmx4_flak38"
		closed_waypoints:b = false
		isShipSpline:b = false
		shipTurnRadius:r = 100
		weapons:t = ""
		bullets0:t = ""
		bullets1:t = ""
		bullets2:t = ""
		bullets3:t = ""
		bulletsCount0:i = 0
		bulletsCount1:i = 0
		bulletsCount2:i = 0
		bulletsCount3:i = 0
		crewSkillK:r = 0
		applyAllMods:b = false
		props {
			army:i = 2
			count:i = 1
			formation_type:t = "rows"
			formation_div:i = 3
			formation_step:p2 = 2.5, 2
			formation_noise:p2 = 0.1, 0.1
			uniqueName:t = ""
			attack_type:t = "fire_at_will"
		}
		way {

		}
	}
	air_defence {
		name:t = "t2_def_small_aaa_low_14"
		tm:m = [[-0.914764, 0.0, 0.403991] [0.0, 1.0, 0.0] [-0.403991, 0.0, -0.914764] [16917.9, 77.0004, -5233.64]]
		unit_class:t = "germ_20mmx4_flak38"
		closed_waypoints:b = false
		isShipSpline:b = false
		shipTurnRadius:r = 100
		weapons:t = ""
		bullets0:t = ""
		bullets1:t = ""
		bullets2:t = ""
		bullets3:t = ""
		bulletsCount0:i = 0
		bulletsCount1:i = 0
		bulletsCount2:i = 0
		bulletsCount3:i = 0
		crewSkillK:r = 0
		applyAllMods:b = false
		props {
			army:i = 2
			count:i = 1
			formation_type:t = "rows"
			formation_div:i = 3
			formation_step:p2 = 2.5, 2
			formation_noise:p2 = 0.1, 0.1
			uniqueName:t = ""
			attack_type:t = "fire_at_will"
		}
		way {

		}
	}
	air_defence {
		name:t = "t2_def_small_aaa_low_15"
		tm:m = [[-0.914764, 0.0, 0.403991] [0.0, 1.0, 0.0] [-0.403991, 0.0, -0.914764] [17511.0, 76.9999, -4243.51]]
		unit_class:t = "germ_20mmx4_flak38"
		closed_waypoints:b = false
		isShipSpline:b = false
		shipTurnRadius:r = 100
		weapons:t = ""
		bullets0:t = ""
		bullets1:t = ""
		bullets2:t = ""
		bullets3:t = ""
		bulletsCount0:i = 0
		bulletsCount1:i = 0
		bulletsCount2:i = 0
		bulletsCount3:i = 0
		crewSkillK:r = 0
		applyAllMods:b = false
		props {
			army:i = 2
			count:i = 1
			formation_type:t = "rows"
			formation_div:i = 3
			formation_step:p2 = 2.5, 2
			formation_noise:p2 = 0.1, 0.1
			uniqueName:t = ""
			attack_type:t = "fire_at_will"
		}
		way {

		}
	}
	air_defence {
		name:t = "t2_def_small_aaa_low_16"
		tm:m = [[-0.914764, 0.0, 0.403991] [0.0, 1.0, 0.0] [-0.403991, 0.0, -0.914764] [17562.7, 76.9998, -4497.14]]
		unit_class:t = "germ_20mmx4_flak38"
		closed_waypoints:b = false
		isShipSpline:b = false
		shipTurnRadius:r = 100
		weapons:t = ""
		bullets0:t = ""
		bullets1:t = ""
		bullets2:t = ""
		bullets3:t = ""
		bulletsCount0:i = 0
		bulletsCount1:i = 0
		bulletsCount2:i = 0
		bulletsCount3:i = 0
		crewSkillK:r = 0
		applyAllMods:b = false
		props {
			army:i = 2
			count:i = 1
			formation_type:t = "rows"
			formation_div:i = 3
			formation_step:p2 = 2.5, 2
			formation_noise:p2 = 0.1, 0.1
			uniqueName:t = ""
			attack_type:t = "fire_at_will"
		}
		way {

		}
	}
	air_defence {
		name:t = "t1_def_small_aaa_low_07"
		tm:m = [[-0.977497, 0.0, -0.210948] [0.0, 1.0, 0.0] [0.210948, 0.0, -0.977497] [-5783.7, 78.5735, 7861.64]]
		unit_class:t = "ussr_25mm_72k"
		closed_waypoints:b = false
		isShipSpline:b = false
		shipTurnRadius:r = 100
		weapons:t = ""
		bullets0:t = ""
		bullets1:t = ""
		bullets2:t = ""
		bullets3:t = ""
		bulletsCount0:i = 0
		bulletsCount1:i = 0
		bulletsCount2:i = 0
		bulletsCount3:i = 0
		crewSkillK:r = 0
		applyAllMods:b = false
		props {
			army:i = 1
			count:i = 1
			formation_type:t = "rows"
			formation_div:i = 3
			formation_step:p2 = 2.5, 2
			formation_noise:p2 = 0.1, 0.1
			uniqueName:t = ""
			attack_type:t = "fire_at_will"
		}
		way {

		}
	}
	air_defence {
		name:t = "t1_def_small_aaa_low_08"
		tm:m = [[-0.977497, 0.0, -0.210948] [0.0, 1.0, 0.0] [0.210948, 0.0, -0.977497] [-5363.11, 111.996, 7847.25]]
		unit_class:t = "ussr_25mm_72k"
		closed_waypoints:b = false
		isShipSpline:b = false
		shipTurnRadius:r = 100
		weapons:t = ""
		bullets0:t = ""
		bullets1:t = ""
		bullets2:t = ""
		bullets3:t = ""
		bulletsCount0:i = 0
		bulletsCount1:i = 0
		bulletsCount2:i = 0
		bulletsCount3:i = 0
		crewSkillK:r = 0
		applyAllMods:b = false
		props {
			army:i = 1
			count:i = 1
			formation_type:t = "rows"
			formation_div:i = 3
			formation_step:p2 = 2.5, 2
			formation_noise:p2 = 0.1, 0.1
			uniqueName:t = ""
			attack_type:t = "fire_at_will"
		}
		way {

		}
	}
	air_defence {
		name:t = "t1_def_small_aaa_low_09"
		tm:m = [[-0.977497, 0.0, -0.210948] [0.0, 1.0, 0.0] [0.210948, 0.0, -0.977497] [-5652.09, 111.996, 7974.75]]
		unit_class:t = "ussr_25mm_72k"
		closed_waypoints:b = false
		isShipSpline:b = false
		shipTurnRadius:r = 100
		weapons:t = ""
		bullets0:t = ""
		bullets1:t = ""
		bullets2:t = ""
		bullets3:t = ""
		bulletsCount0:i = 0
		bulletsCount1:i = 0
		bulletsCount2:i = 0
		bulletsCount3:i = 0
		crewSkillK:r = 0
		applyAllMods:b = false
		props {
			army:i = 1
			count:i = 1
			formation_type:t = "rows"
			formation_div:i = 3
			formation_step:p2 = 2.5, 2
			formation_noise:p2 = 0.1, 0.1
			uniqueName:t = ""
			attack_type:t = "fire_at_will"
		}
		way {

		}
	}
	squad {
		name:t = "t2_def_aaa_low_squad"
		tm:m = [[-2.50362, 0.0, -2.50362] [0.0, 0.0, 0.0] [0.0, 0.0, -1.16769e17] [-8927.4, 74.8501, 8288.1]]
		props {
			object_marking:i = 0
			squad_members:t = "t2_def_small_aaa_low_16"
			squad_members:t = "t2_def_small_aaa_low_07"
			squad_members:t = "t2_def_small_aaa_low_08"
			squad_members:t = "t2_def_small_aaa_low_09"
			squad_members:t = "t2_def_small_aaa_low_10"
			squad_members:t = "t2_def_small_aaa_low_11"
			squad_members:t = "t2_def_small_aaa_low_12"
			squad_members:t = "t2_def_big_aaa_low_05"
			squad_members:t = "t2_def_big_aaa_low_06"
			squad_members:t = "t2_def_big_aaa_low_07"
			squad_members:t = "t2_def_big_aaa_low_08"
			squad_members:t = "t2_def_small_aaa_low_13"
			squad_members:t = "t2_def_small_aaa_low_14"
			squad_members:t = "t2_def_small_aaa_low_15"
		}
	}
	objectGroups {
		name:t = "t2_airfield_low"
		tm:m = [[0.852665, 0.0, -0.522458] [0.0, 1.0, 0.0] [0.522458, 0.0, 0.852665] [17074.5, 70.3242, -4649.82]]
		unit_class:t = "dynAF_kh_gol_airfield_gumrak_small"
		props {
			army:i = 2
			active:b = true
		}
	}
}
areas {
	t1_interceptor_low_area {
		type:t = "Sphere"
		tm:m = [[2033.43, 0.0, 5644.92] [0.0, 6000.0, 0.0] [-5644.92, 0.0, 2033.43] [-5218.07, 1999.99, 7718.79]]
		props {

		}
	}
	t1_assault_low_spawn {
		type:t = "Sphere"
		tm:m = [[277.541, 0.0, -113.886] [0.0, 300.0, 0.0] [113.886, 0.0, 277.541] [-513.286, 999.993, 6024.86]]
		props {

		}
	}
	t1_aaa_fighter_low_area {
		type:t = "Sphere"
		tm:m = [[1355.62, 0.0, 3763.27] [0.0, 4000.0, 0.0] [-3763.27, 0.0, 1355.62] [-5218.07, 3000.0, 7718.79]]
		props {

		}
	}
	t1_assault_low_area {
		type:t = "Sphere"
		tm:m = [[3389.06, 0.0, 9408.2] [0.0, 10000.0, 0.0] [-9408.2, 0.0, 3389.06] [-5218.07, 999.997, 7718.79]]
		props {

		}
	}
	t1_interceptor_low_spawn {
		type:t = "Sphere"
		tm:m = [[277.541, 0.0, -113.886] [0.0, 300.0, 0.0] [113.886, 0.0, 277.541] [-8022.78, 999.997, 8728.78]]
		props {

		}
	}
	t1_aaa_fighter_low_spawn {
		type:t = "Sphere"
		tm:m = [[277.541, 0.0, -113.886] [0.0, 300.0, 0.0] [113.886, 0.0, 277.541] [-7093.33, 1999.99, 8394.01]]
		props {

		}
	}
	t1_far_bomber_low_spawn {
		type:t = "Sphere"
		tm:m = [[277.541, 0.0, -113.886] [0.0, 300.0, 0.0] [113.886, 0.0, 277.541] [-3334.82, 4500.0, 7039.48]]
		props {

		}
	}
	t1_main_bomber_low_spawn {
		type:t = "Sphere"
		tm:m = [[277.541, 0.0, -113.886] [0.0, 300.0, 0.0] [113.886, 0.0, 277.541] [-2866.36, 3500.0, 6871.39]]
		props {

		}
	}
	t1_far_bomber_low_area {
		type:t = "Sphere"
		tm:m = [[1355.62, 0.0, 3763.27] [0.0, 4000.0, 0.0] [-3763.27, 0.0, 1355.62] [-5218.07, 4500.0, 7718.79]]
		props {

		}
	}
	t1_main_bomber_low_area {
		type:t = "Sphere"
		tm:m = [[1694.53, 0.0, 4704.1] [0.0, 5000.0, 0.0] [-4704.1, 0.0, 1694.53] [-5218.07, 3500.0, 7718.78]]
		props {

		}
	}
	t2_interceptor_low_area {
		type:t = "Sphere"
		tm:m = [[-4064.41, 0.0, -4413.67] [0.0, 6000.0, 0.0] [4413.67, 0.0, -4064.41] [17167.0, 2000.0, -5144.22]]
		objLayer:i = 4
		props {

		}
	}
	t2_assault_low_spawn {
		type:t = "Sphere"
		tm:m = [[-211.609, 0.0, 212.652] [0.0, 300.0, 0.0] [-212.652, 0.0, -211.609] [13478.6, 999.998, -1740.55]]
		objLayer:i = 4
		props {

		}
	}
	t2_aaa_fighter_low_area {
		type:t = "Sphere"
		tm:m = [[-2709.62, 0.0, -2942.45] [0.0, 4000.0, 0.0] [2942.45, 0.0, -2709.62] [17166.9, 3000.0, -5144.2]]
		objLayer:i = 4
		props {

		}
	}
	t2_assault_low_area {
		type:t = "Sphere"
		tm:m = [[-6774.01, 0.0, -7356.14] [0.0, 10000.0, 0.0] [7356.14, 0.0, -6774.01] [17166.9, 999.998, -5144.19]]
		objLayer:i = 4
		props {

		}
	}
	t2_interceptor_low_spawn {
		type:t = "Sphere"
		tm:m = [[-211.609, 0.0, 212.652] [0.0, 300.0, 0.0] [-212.652, 0.0, -211.609] [19359.9, 999.998, -7163.31]]
		objLayer:i = 4
		props {

		}
	}
	t2_aaa_fighter_low_spawn {
		type:t = "Sphere"
		tm:m = [[-211.609, 0.0, 212.652] [0.0, 300.0, 0.0] [-212.652, 0.0, -211.609] [18633.3, 2000.0, -6494.09]]
		objLayer:i = 4
		props {

		}
	}
	t2_far_bomber_low_spawn {
		type:t = "Sphere"
		tm:m = [[-282.798, 0.0, 100.128] [0.0, 300.0, 0.0] [-100.128, 0.0, -282.798] [16261.9, 4500.0, -1470.24]]
		objLayer:i = 4
		props {

		}
	}
	t2_main_bomber_low_spawn {
		type:t = "Sphere"
		tm:m = [[-211.609, 0.0, 212.652] [0.0, 300.0, 0.0] [-212.652, 0.0, -211.609] [15328.3, 3500.0, -3450.68]]
		objLayer:i = 4
		props {

		}
	}
	t2_far_bomber_low_area {
		type:t = "Sphere"
		tm:m = [[-2709.62, 0.0, -2942.45] [0.0, 4000.0, 0.0] [2942.45, 0.0, -2709.62] [17166.9, 4500.0, -5144.2]]
		objLayer:i = 4
		props {

		}
	}
	t2_main_bomber_low_area {
		type:t = "Sphere"
		tm:m = [[-3387.0, 0.0, -3678.06] [0.0, 5000.0, 0.0] [3678.06, 0.0, -3387.0] [17166.9, 3500.0, -5144.2]]
		objLayer:i = 4
		props {

		}
	}
	t2_airfield_low_spawn_01 {
		type:t = "Sphere"
		tm:m = [[7.51173, 0.0, 9.73985] [0.0, 12.3, 0.0] [-9.73985, 0.0, 7.51173] [16172.5, 71.9984, -5770.75]]
		objLayer:i = 4
		props {

		}
	}
	t2_airfield_low_spawn_02 {
		type:t = "Sphere"
		tm:m = [[7.51173, 0.0, 9.73985] [0.0, 12.3, 0.0] [-9.73985, 0.0, 7.51173] [16188.9, 71.9984, -5784.33]]
		objLayer:i = 4
		props {

		}
	}
	t2_airfield_low_spawn_03 {
		type:t = "Sphere"
		tm:m = [[7.51173, 0.0, 9.73985] [0.0, 12.3, 0.0] [-9.73985, 0.0, 7.51173] [16395.4, 71.9984, -5957.33]]
		objLayer:i = 4
		props {

		}
	}
	t2_airfield_low_spawn_04 {
		type:t = "Sphere"
		tm:m = [[7.51173, 0.0, 9.73985] [0.0, 12.3, 0.0] [-9.73985, 0.0, 7.51173] [16412.0, 71.9984, -5970.99]]
		objLayer:i = 4
		props {

		}
	}
	t2_airfield_low_spawn_05 {
		type:t = "Sphere"
		tm:m = [[7.51173, 0.0, 9.73985] [0.0, 12.3, 0.0] [-9.73985, 0.0, 7.51173] [16504.6, 71.9984, -6062.13]]
		objLayer:i = 4
		props {

		}
	}
	t2_airfield_low_spawn_06 {
		type:t = "Sphere"
		tm:m = [[7.51173, 0.0, 9.73985] [0.0, 12.3, 0.0] [-9.73985, 0.0, 7.51173] [16520.9, 71.9984, -6076.35]]
		objLayer:i = 4
		props {

		}
	}
	t2_airfield_low_spawn_07 {
		type:t = "Sphere"
		tm:m = [[7.51173, 0.0, 9.73985] [0.0, 12.3, 0.0] [-9.73985, 0.0, 7.51173] [16506.9, 71.9984, -6092.72]]
		objLayer:i = 4
		props {

		}
	}
	t2_airfield_low_spawn_08 {
		type:t = "Sphere"
		tm:m = [[7.51173, 0.0, 9.73985] [0.0, 12.3, 0.0] [-9.73985, 0.0, 7.51173] [16491.0, 71.9984, -6078.85]]
		objLayer:i = 4
		props {

		}
	}
	t2_airfield_low_spawn_09 {
		type:t = "Sphere"
		tm:m = [[7.51173, 0.0, 9.73985] [0.0, 12.3, 0.0] [-9.73985, 0.0, 7.51173] [16397.9, 71.9984, -5987.34]]
		objLayer:i = 4
		props {

		}
	}
	t2_airfield_low_spawn_10 {
		type:t = "Sphere"
		tm:m = [[7.51173, 0.0, 9.73985] [0.0, 12.3, 0.0] [-9.73985, 0.0, 7.51173] [16381.6, 71.9984, -5974.2]]
		objLayer:i = 4
		props {

		}
	}
	t2_airfield_low_spawn_11 {
		type:t = "Sphere"
		tm:m = [[7.51173, 0.0, 9.73985] [0.0, 12.3, 0.0] [-9.73985, 0.0, 7.51173] [16175.1, 71.9984, -5801.01]]
		objLayer:i = 4
		props {

		}
	}
	t2_airfield_low_spawn_12 {
		type:t = "Sphere"
		tm:m = [[7.51173, 0.0, 9.73985] [0.0, 12.3, 0.0] [-9.73985, 0.0, 7.51173] [16158.9, 71.9984, -5786.93]]
		objLayer:i = 4
		props {

		}
	}
	t2_airfield_low_spawn_13 {
		type:t = "Sphere"
		tm:m = [[7.51173, 0.0, 9.73985] [0.0, 12.3, 0.0] [-9.73985, 0.0, 7.51173] [16144.8, 71.9984, -5803.6]]
		objLayer:i = 4
		props {

		}
	}
	t2_airfield_low_spawn_14 {
		type:t = "Sphere"
		tm:m = [[7.51173, 0.0, 9.73985] [0.0, 12.3, 0.0] [-9.73985, 0.0, 7.51173] [16162.0, 71.9984, -5817.59]]
		objLayer:i = 4
		props {

		}
	}
	t2_airfield_low_spawn_15 {
		type:t = "Sphere"
		tm:m = [[7.51173, 0.0, 9.73985] [0.0, 12.3, 0.0] [-9.73985, 0.0, 7.51173] [16368.7, 71.9984, -5989.99]]
		objLayer:i = 4
		props {

		}
	}
	t2_airfield_low_spawn_16 {
		type:t = "Sphere"
		tm:m = [[7.51173, 0.0, 9.73985] [0.0, 12.3, 0.0] [-9.73985, 0.0, 7.51173] [16384.1, 71.9984, -6004.21]]
		objLayer:i = 4
		props {

		}
	}
	t1_airfield_low_bombing_zone {
		type:t = "Box"
		tm:m = [[-1875.4, 0.0, 694.878] [0.0, 350.0, 0.0] [-260.583, -1.10978e-5, -703.276] [-5041.59, 17.6215, 7938.02]]
		props {

		}
	}
	airfields_area_12km {
		type:t = "Sphere"
		tm:m = [[-22839.7, 0.0, 7371.88] [0.0, 24000.0, 0.0] [-7371.88, 0.0, -22839.7] [5456.0, 150.75, 438.0]]
		objLayer:i = 3
		props {

		}
	}
	t1_common_fighters_low_spawn {
		type:t = "Sphere"
		tm:m = [[277.541, 0.0, -113.886] [0.0, 300.0, 0.0] [113.886, 0.0, 277.541] [-8022.78, 499.996, 8728.78]]
		props {

		}
	}
	t2_common_fighters_low_spawn {
		type:t = "Sphere"
		tm:m = [[-211.609, 0.0, 212.652] [0.0, 300.0, 0.0] [-212.652, 0.0, -211.609] [19359.9, 499.998, -7163.31]]
		objLayer:i = 4
		props {

		}
	}
	t2_airfield_low_bombing_zone {
		type:t = "Box"
		tm:m = [[1701.65, 0.0, -1050.9] [0.0, 350.0, 0.0] [394.089, -1.10978e-5, 638.12] [17141.7, 19.1941, -4840.85]]
		props {

		}
	}
}
objLayers {
	layer {
		enabled:b = true
	}
	layer {
		enabled:b = true
	}
	layer {
		enabled:b = true
	}
	layer {
		enabled:b = true
	}
	layer {
		enabled:b = true
	}
}
wayPoints {

}