selected_tag:t = ""
bin_dump_file:t = ""
mission_settings {
	player {
		army:i = 1
	}
	player_teamB {
		army:i = 2
	}
	mission {
		level:t = "levels/khalkhin_gol.bin"
		type:t = "domination"
		environment:t = "Day"
		weather:t = "clear"
	}
}
imports {

}
triggers {
	isCategory:b = true
	is_enabled:b = true
	airfileds_high_init {
		is_enabled:b = true
		comments:t = ""
		props {
			actionsType:t = "PERFORM_ONE_BY_ONE"
			conditionsType:t = "ALL"
			enableAfterComplete:b = false
		}
		events {
			periodicEvent {
				time:r = 1
			}
		}
		conditions {

		}
		actions {
			unitSetProperties {
				object:t = "t1_def_aaa_high_squad"
				object:t = "t2_def_aaa_high_squad"
				object_marking:i = 0
				object_var_name:t = ""
				object_var_comp_op:t = "equal"
				object_var_value:i = 0
				accuracy:r = 0.9
				checkVisibilityTarget:b = true
				effShootingRate:r = 1
				airEffShootingRate:r = 1
				useSearchRadar:b = true
				fireRandom:b = true
				targetChangeInterval:r = 5
				targetChangeProb:r = 0.25
			}
		}
		else_actions {

		}
	}
}
mission_objectives {
	isCategory:b = true
	is_enabled:b = true
}
variables {

}
dialogs {

}
airfields {

}
effects {

}
units {
	objectGroups {
		name:t = "t1_airfield_high"
		tm:m = [[0.493363, 0.0, 0.869824] [0.0, 1.0, 0.0] [-0.869824, 0.0, 0.493363] [3056.1, 42.1, 21723.4]]
		unit_class:t = "dynaf_universal_1line_3000_a"
		objLayer:i = 2
		props {
			army:i = 1
			active:b = true
		}
	}
	objectGroups {
		name:t = "t2_airfield_high"
		tm:m = [[-0.62033, 0.0, -0.784342] [0.0, 1.0, 0.0] [0.784342, 0.0, -0.62033] [-18520.9, 331.0, -14440.7]]
		unit_class:t = "dynaf_universal_1line_3000_a"
		objLayer:i = 2
		props {
			army:i = 2
			active:b = true
		}
	}
	tankModels {
		name:t = "t1_aaa_high_light_01"
		tm:m = [[0.464723, 0.0, 0.885455] [0.0, 1.0, 0.0] [-0.885455, 0.0, 0.464723] [4007.29, 278.632, 21882.4]]
		unit_class:t = "sw_veak_40"
		objLayer:i = 1
		closed_waypoints:b = false
		isShipSpline:b = false
		shipTurnRadius:r = 100
		weapons:t = ""
		bullets0:t = "40mm_sw_kan_HE"
		bullets1:t = ""
		bullets2:t = ""
		bullets3:t = ""
		bulletsCount0:i = 0
		bulletsCount1:i = 0
		bulletsCount2:i = 0
		bulletsCount3:i = 0
		crewSkillK:r = 0
		applyAllMods:b = false
		props {
			army:i = 1
			count:i = 1
			formation_type:t = "rows"
			formation_div:i = 3
			formation_step:p2 = 2.5, 2
			formation_noise:p2 = 0.1, 0.1
			uniqueName:t = ""
			attack_type:t = "fire_at_will"
		}
		way {

		}
	}
	tankModels {
		name:t = "t1_aaa_high_heavy_01"
		tm:m = [[0.464723, 0.0, 0.885455] [0.0, 1.0, 0.0] [-0.885455, 0.0, 0.464723] [3052.49, 262.464, 22407.1]]
		unit_class:t = "fr_amx_30_roland"
		objLayer:i = 1
		closed_waypoints:b = false
		isShipSpline:b = false
		shipTurnRadius:r = 100
		weapons:t = ""
		bullets0:t = ""
		bullets1:t = ""
		bullets2:t = ""
		bullets3:t = ""
		bulletsCount0:i = 0
		bulletsCount1:i = 0
		bulletsCount2:i = 0
		bulletsCount3:i = 0
		crewSkillK:r = 0
		applyAllMods:b = false
		props {
			army:i = 1
			count:i = 1
			formation_type:t = "rows"
			formation_div:i = 3
			formation_step:p2 = 2.5, 2
			formation_noise:p2 = 0.1, 0.1
			uniqueName:t = ""
			attack_type:t = "fire_at_will"
		}
		way {

		}
	}
	tankModels {
		name:t = "t1_aaa_high_light_02"
		tm:m = [[-0.425658, 0.0, -0.904885] [0.0, 1.0, 0.0] [0.904885, 0.0, -0.425658] [2840.73, 276.45, 22317.3]]
		unit_class:t = "sw_veak_40"
		objLayer:i = 1
		closed_waypoints:b = false
		isShipSpline:b = false
		shipTurnRadius:r = 100
		weapons:t = ""
		bullets0:t = "40mm_sw_kan_HE"
		bullets1:t = ""
		bullets2:t = ""
		bullets3:t = ""
		bulletsCount0:i = 0
		bulletsCount1:i = 0
		bulletsCount2:i = 0
		bulletsCount3:i = 0
		crewSkillK:r = 0
		applyAllMods:b = false
		props {
			army:i = 1
			count:i = 1
			formation_type:t = "rows"
			formation_div:i = 3
			formation_step:p2 = 2.5, 2
			formation_noise:p2 = 0.1, 0.1
			uniqueName:t = ""
			attack_type:t = "fire_at_will"
		}
		way {

		}
	}
	tankModels {
		name:t = "t1_aaa_high_light_03"
		tm:m = [[0.464723, 0.0, 0.885455] [0.0, 1.0, 0.0] [-0.885455, 0.0, 0.464723] [3806.71, 280.291, 21493.1]]
		unit_class:t = "sw_veak_40"
		objLayer:i = 1
		closed_waypoints:b = false
		isShipSpline:b = false
		shipTurnRadius:r = 100
		weapons:t = ""
		bullets0:t = "40mm_sw_kan_HE"
		bullets1:t = ""
		bullets2:t = ""
		bullets3:t = ""
		bulletsCount0:i = 0
		bulletsCount1:i = 0
		bulletsCount2:i = 0
		bulletsCount3:i = 0
		crewSkillK:r = 0
		applyAllMods:b = false
		props {
			army:i = 1
			count:i = 1
			formation_type:t = "rows"
			formation_div:i = 3
			formation_step:p2 = 2.5, 2
			formation_noise:p2 = 0.1, 0.1
			uniqueName:t = ""
			attack_type:t = "fire_at_will"
		}
		way {

		}
	}
	tankModels {
		name:t = "t1_aaa_high_light_04"
		tm:m = [[-0.262059, 0.0, -0.965051] [0.0, 1.0, 0.0] [0.965051, 0.0, -0.262059] [2476.28, 279.877, 21719.1]]
		unit_class:t = "sw_veak_40"
		objLayer:i = 1
		closed_waypoints:b = false
		isShipSpline:b = false
		shipTurnRadius:r = 100
		weapons:t = ""
		bullets0:t = "40mm_sw_kan_HE"
		bullets1:t = ""
		bullets2:t = ""
		bullets3:t = ""
		bulletsCount0:i = 0
		bulletsCount1:i = 0
		bulletsCount2:i = 0
		bulletsCount3:i = 0
		crewSkillK:r = 0
		applyAllMods:b = false
		props {
			army:i = 1
			count:i = 1
			formation_type:t = "rows"
			formation_div:i = 3
			formation_step:p2 = 2.5, 2
			formation_noise:p2 = 0.1, 0.1
			uniqueName:t = ""
			attack_type:t = "fire_at_will"
		}
		way {

		}
	}
	tankModels {
		name:t = "t1_aaa_high_heavy_02"
		tm:m = [[-0.425658, 0.0, -0.904885] [0.0, 1.0, 0.0] [0.904885, 0.0, -0.425658] [3920.38, 280.648, 21731.1]]
		unit_class:t = "fr_amx_30_roland"
		objLayer:i = 1
		closed_waypoints:b = false
		isShipSpline:b = false
		shipTurnRadius:r = 100
		weapons:t = ""
		bullets0:t = ""
		bullets1:t = ""
		bullets2:t = ""
		bullets3:t = ""
		bulletsCount0:i = 0
		bulletsCount1:i = 0
		bulletsCount2:i = 0
		bulletsCount3:i = 0
		crewSkillK:r = 0
		applyAllMods:b = false
		props {
			army:i = 1
			count:i = 1
			formation_type:t = "rows"
			formation_div:i = 3
			formation_step:p2 = 2.5, 2
			formation_noise:p2 = 0.1, 0.1
			uniqueName:t = ""
			attack_type:t = "fire_at_will"
		}
		way {

		}
	}
	squad {
		name:t = "t1_def_aaa_high_squad"
		tm:m = [[-0.324797, 0.0, 0.945783] [0.0, 1.0, 0.0] [-0.945783, 0.0, -0.324797] [-2286.69, 231.492, 22318.0]]
		props {
			squad_members:t = "t1_aaa_high_light_01"
			squad_members:t = "t1_aaa_high_heavy_01"
			squad_members:t = "t1_aaa_high_light_02"
			squad_members:t = "t1_aaa_high_light_03"
			squad_members:t = "t1_aaa_high_light_04"
			squad_members:t = "t1_aaa_high_heavy_02"
			object_marking:i = 0
		}
	}
	tankModels {
		name:t = "t2_aaa_high_light_01"
		tm:m = [[0.873264, 0.0, 0.487248] [0.0, 1.0, 0.0] [-0.487248, 0.0, 0.873264] [-19035.5, 291.99, -14552.7]]
		unit_class:t = "sw_veak_40"
		objLayer:i = 1
		closed_waypoints:b = false
		isShipSpline:b = false
		shipTurnRadius:r = 100
		weapons:t = ""
		bullets0:t = "40mm_sw_kan_HE"
		bullets1:t = ""
		bullets2:t = ""
		bullets3:t = ""
		bulletsCount0:i = 0
		bulletsCount1:i = 0
		bulletsCount2:i = 0
		bulletsCount3:i = 0
		crewSkillK:r = 0
		applyAllMods:b = false
		props {
			army:i = 2
			count:i = 1
			formation_type:t = "rows"
			formation_div:i = 3
			formation_step:p2 = 2.5, 2
			formation_noise:p2 = 0.1, 0.1
			uniqueName:t = ""
			attack_type:t = "fire_at_will"
		}
		way {

		}
	}
	tankModels {
		name:t = "t2_aaa_high_heavy_01"
		tm:m = [[0.873264, 0.0, 0.487248] [0.0, 1.0, 0.0] [-0.487248, 0.0, 0.873264] [-18679.4, 298.375, -14861.9]]
		unit_class:t = "fr_amx_30_roland"
		objLayer:i = 1
		closed_waypoints:b = false
		isShipSpline:b = false
		shipTurnRadius:r = 100
		weapons:t = ""
		bullets0:t = ""
		bullets1:t = ""
		bullets2:t = ""
		bullets3:t = ""
		bulletsCount0:i = 0
		bulletsCount1:i = 0
		bulletsCount2:i = 0
		bulletsCount3:i = 0
		crewSkillK:r = 0
		applyAllMods:b = false
		props {
			army:i = 2
			count:i = 1
			formation_type:t = "rows"
			formation_div:i = 3
			formation_step:p2 = 2.5, 2
			formation_noise:p2 = 0.1, 0.1
			uniqueName:t = ""
			attack_type:t = "fire_at_will"
		}
		way {

		}
	}
	tankModels {
		name:t = "t2_aaa_high_light_02"
		tm:m = [[-0.893685, 0.0, -0.448691] [0.0, 1.0, 0.0] [0.448691, 0.0, -0.893685] [-18461.6, 332.654, -14758.6]]
		unit_class:t = "sw_veak_40"
		objLayer:i = 1
		closed_waypoints:b = false
		isShipSpline:b = false
		shipTurnRadius:r = 100
		weapons:t = ""
		bullets0:t = "40mm_sw_kan_HE"
		bullets1:t = ""
		bullets2:t = ""
		bullets3:t = ""
		bulletsCount0:i = 0
		bulletsCount1:i = 0
		bulletsCount2:i = 0
		bulletsCount3:i = 0
		crewSkillK:r = 0
		applyAllMods:b = false
		props {
			army:i = 2
			count:i = 1
			formation_type:t = "rows"
			formation_div:i = 3
			formation_step:p2 = 2.5, 2
			formation_noise:p2 = 0.1, 0.1
			uniqueName:t = ""
			attack_type:t = "fire_at_will"
		}
		way {

		}
	}
	tankModels {
		name:t = "t2_aaa_high_light_03"
		tm:m = [[0.873264, 0.0, 0.487248] [0.0, 1.0, 0.0] [-0.487248, 0.0, 0.873264] [-18644.5, 323.728, -14121.4]]
		unit_class:t = "sw_veak_40"
		objLayer:i = 1
		closed_waypoints:b = false
		isShipSpline:b = false
		shipTurnRadius:r = 100
		weapons:t = ""
		bullets0:t = "40mm_sw_kan_HE"
		bullets1:t = ""
		bullets2:t = ""
		bullets3:t = ""
		bulletsCount0:i = 0
		bulletsCount1:i = 0
		bulletsCount2:i = 0
		bulletsCount3:i = 0
		crewSkillK:r = 0
		applyAllMods:b = false
		props {
			army:i = 2
			count:i = 1
			formation_type:t = "rows"
			formation_div:i = 3
			formation_step:p2 = 2.5, 2
			formation_noise:p2 = 0.1, 0.1
			uniqueName:t = ""
			attack_type:t = "fire_at_will"
		}
		way {

		}
	}
	tankModels {
		name:t = "t2_aaa_high_light_04"
		tm:m = [[-0.851179, 0.0, -0.524876] [0.0, 1.0, 0.0] [0.524876, 0.0, -0.851179] [-18024.7, 311.938, -14143.9]]
		unit_class:t = "sw_veak_40"
		objLayer:i = 1
		closed_waypoints:b = false
		isShipSpline:b = false
		shipTurnRadius:r = 100
		weapons:t = ""
		bullets0:t = "40mm_sw_kan_HE"
		bullets1:t = ""
		bullets2:t = ""
		bullets3:t = ""
		bulletsCount0:i = 0
		bulletsCount1:i = 0
		bulletsCount2:i = 0
		bulletsCount3:i = 0
		crewSkillK:r = 0
		applyAllMods:b = false
		props {
			army:i = 2
			count:i = 1
			formation_type:t = "rows"
			formation_div:i = 3
			formation_step:p2 = 2.5, 2
			formation_noise:p2 = 0.1, 0.1
			uniqueName:t = ""
			attack_type:t = "fire_at_will"
		}
		way {

		}
	}
	tankModels {
		name:t = "t2_aaa_high_heavy_02"
		tm:m = [[-0.893685, 0.0, -0.448691] [0.0, 1.0, 0.0] [0.448691, 0.0, -0.893685] [-18930.7, 313.833, -14234.6]]
		unit_class:t = "fr_amx_30_roland"
		objLayer:i = 1
		closed_waypoints:b = false
		isShipSpline:b = false
		shipTurnRadius:r = 100
		weapons:t = ""
		bullets0:t = ""
		bullets1:t = ""
		bullets2:t = ""
		bullets3:t = ""
		bulletsCount0:i = 0
		bulletsCount1:i = 0
		bulletsCount2:i = 0
		bulletsCount3:i = 0
		crewSkillK:r = 0
		applyAllMods:b = false
		props {
			army:i = 2
			count:i = 1
			formation_type:t = "rows"
			formation_div:i = 3
			formation_step:p2 = 2.5, 2
			formation_noise:p2 = 0.1, 0.1
			uniqueName:t = ""
			attack_type:t = "fire_at_will"
		}
		way {

		}
	}
	squad {
		name:t = "t2_def_aaa_high_squad"
		tm:m = [[0.813098, 0.0, 0.582126] [0.0, 1.0, 0.0] [-0.582126, 0.0, 0.813098] [-18207.6, 331.624, -15315.3]]
		props {
			squad_members:t = "t2_aaa_high_light_01"
			squad_members:t = "t2_aaa_high_heavy_01"
			squad_members:t = "t2_aaa_high_light_02"
			squad_members:t = "t2_aaa_high_light_03"
			squad_members:t = "t2_aaa_high_light_04"
			squad_members:t = "t2_aaa_high_heavy_02"
			object_marking:i = 0
		}
	}
}
areas {
	t1_interceptor_area_high {
		type:t = "Sphere"
		tm:m = [[4949.48, 0.0, -3391.55] [0.0, 6000.0, 0.0] [3391.55, 0.0, 4949.48] [3107.2, 2000.01, 21671.7]]
		props {

		}
	}
	t1_assault_high_spawn {
		type:t = "Sphere"
		tm:m = [[-180.211, 0.0, -239.841] [0.0, 300.0, 0.0] [239.841, 0.0, -180.211] [281.668, 1000.01, 17547.2]]
		props {

		}
	}
	t1_aaa_fighter_area_high {
		type:t = "Sphere"
		tm:m = [[3299.66, 0.0, -2261.04] [0.0, 4000.0, 0.0] [2261.04, 0.0, 3299.66] [3107.2, 3000.01, 21671.7]]
		props {

		}
	}
	t1_assault_area_high {
		type:t = "Sphere"
		tm:m = [[8249.14, 0.0, -5652.58] [0.0, 10000.0, 0.0] [5652.58, 0.0, 8249.14] [3107.19, 1000.01, 21671.7]]
		props {

		}
	}
	t1_interceptor_high_spawn {
		type:t = "Sphere"
		tm:m = [[-180.211, 0.0, -239.841] [0.0, 300.0, 0.0] [239.841, 0.0, -180.211] [4792.05, 1000.01, 24130.9]]
		props {

		}
	}
	t1_aaa_fighter_high_spawn {
		type:t = "Sphere"
		tm:m = [[-180.211, 0.0, -239.841] [0.0, 300.0, 0.0] [239.841, 0.0, -180.211] [4233.72, 2000.01, 23316.1]]
		props {

		}
	}
	t1_far_bomber_high_spawn {
		type:t = "Sphere"
		tm:m = [[-180.211, 0.0, -239.841] [0.0, 300.0, 0.0] [239.841, 0.0, -180.211] [1976.95, 4500.01, 20022.8]]
		props {

		}
	}
	t1_main_bomber_high_spawn {
		type:t = "Sphere"
		tm:m = [[-180.211, 0.0, -239.841] [0.0, 300.0, 0.0] [239.841, 0.0, -180.211] [1694.06, 3500.01, 19609.8]]
		props {

		}
	}
	t1_far_bomber_area_high {
		type:t = "Sphere"
		tm:m = [[3299.66, 0.0, -2261.04] [0.0, 4000.0, 0.0] [2261.04, 0.0, 3299.66] [3107.2, 4500.01, 21671.7]]
		props {

		}
	}
	t1_main_bomber_area_high {
		type:t = "Sphere"
		tm:m = [[4124.57, 0.0, -2826.29] [0.0, 5000.0, 0.0] [2826.29, 0.0, 4124.57] [3107.2, 3500.01, 21671.7]]
		props {

		}
	}
	t2_interceptor_area_high {
		type:t = "Sphere"
		tm:m = [[-5093.85, 0.0, 3170.61] [0.0, 6000.0, 0.0] [-3170.61, 0.0, -5093.85] [-18386.7, 2000.01, -14476.1]]
		props {

		}
	}
	t2_assault_high_spawn {
		type:t = "Sphere"
		tm:m = [[169.489, 0.0, 247.535] [0.0, 300.0, 0.0] [-247.535, 0.0, 169.489] [-15744.1, 1000.01, -10230.7]]
		props {

		}
	}
	t2_aaa_fighter_area_high {
		type:t = "Sphere"
		tm:m = [[-3395.9, 0.0, 2113.74] [0.0, 4000.0, 0.0] [-2113.74, 0.0, -3395.9] [-18386.7, 3000.01, -14476.1]]
		props {

		}
	}
	t2_assault_area_high {
		type:t = "Sphere"
		tm:m = [[-8489.74, 0.0, 5284.34] [0.0, 10000.0, 0.0] [-5284.34, 0.0, -8489.74] [-18386.7, 1000.01, -14476.1]]
		props {

		}
	}
	t2_interceptor_high_spawn {
		type:t = "Sphere"
		tm:m = [[169.489, 0.0, 247.535] [0.0, 300.0, 0.0] [-247.535, 0.0, 169.489] [-19961.8, 1000.01, -17007.2]]
		props {

		}
	}
	t2_aaa_fighter_high_spawn {
		type:t = "Sphere"
		tm:m = [[169.489, 0.0, 247.535] [0.0, 300.0, 0.0] [-247.535, 0.0, 169.489] [-19439.8, 2000.01, -16168.5]]
		props {

		}
	}
	t2_far_bomber_high_spawn {
		type:t = "Sphere"
		tm:m = [[169.489, 0.0, 247.535] [0.0, 300.0, 0.0] [-247.535, 0.0, 169.489] [-17330.1, 4500.01, -12779.1]]
		props {

		}
	}
	t2_main_bomber_high_spawn {
		type:t = "Sphere"
		tm:m = [[169.489, 0.0, 247.535] [0.0, 300.0, 0.0] [-247.535, 0.0, 169.489] [-17065.6, 3500.01, -12354.1]]
		props {

		}
	}
	t2_far_bomber_area_high {
		type:t = "Sphere"
		tm:m = [[-3395.9, 0.0, 2113.74] [0.0, 4000.0, 0.0] [-2113.74, 0.0, -3395.9] [-18386.7, 4500.01, -14476.1]]
		props {

		}
	}
	t2_main_bomber_area_high {
		type:t = "Sphere"
		tm:m = [[-4244.86, 0.0, 2642.17] [0.0, 5000.0, 0.0] [-2642.17, 0.0, -4244.86] [-18386.7, 3500.01, -14476.1]]
		props {

		}
	}
	airfields_area_26km {
		type:t = "Sphere"
		tm:m = [[23526.5, 0.0, 46373.6] [0.0, 52000.0, 0.0] [-46373.6, 0.0, 23526.5] [-9403.29, 339.242, 3656.48]]
		objLayer:i = 4
		props {

		}
	}
	t2_airfield_high_bombing_zone {
		type:t = "Box"
		tm:m = [[-2834.75, 0.0, -3494.88] [0.0, 300.0, 0.0] [582.48, 7.34303e-6, -472.458] [-18517.8, 286.297, -14446.7]]
		objLayer:i = 0
		props {

		}
	}
	t1_airfield_high_bombing_zone {
		type:t = "Box"
		tm:m = [[-2190.71, 0.0, -3930.74] [0.0, 300.0, 0.0] [655.125, 7.34302e-6, -365.119] [2986.73, 20.9329, 21612.3]]
		objLayer:i = 0
		props {

		}
	}
	t2_common_fighters_high_spawn {
		type:t = "Sphere"
		tm:m = [[169.489, 0.0, 247.535] [0.0, 300.0, 0.0] [-247.535, 0.0, 169.489] [-19961.8, 500.011, -17007.2]]
		props {

		}
	}
	t1_common_fighters_high_spawn {
		type:t = "Sphere"
		tm:m = [[-180.211, 0.0, -239.841] [0.0, 300.0, 0.0] [239.841, 0.0, -180.211] [4792.05, 500.012, 24130.9]]
		props {

		}
	}
}
objLayers {
	layer {
		enabled:b = true
	}
	layer {
		enabled:b = true
	}
	layer {
		enabled:b = true
	}
	layer {
		enabled:b = true
	}
	layer {
		enabled:b = true
	}
}
wayPoints {

}