selected_tag:t = ""
bin_dump_file:t = ""
mission_settings {
	player {
		army:i = 1
	}
	player_teamB {
		army:i = 2
	}
	mission {
		level:t = "levels/khalkhin_gol.bin"
		type:t = "domination"
		environment:t = "Day"
		weather:t = "clear"
	}
}
imports {

}
triggers {
	isCategory:b = true
	is_enabled:b = true
}
mission_objectives {
	isCategory:b = true
	is_enabled:b = true
}
variables {

}
dialogs {

}
airfields {

}
effects {

}
units {
	objectGroups {
		name:t = "t1_airfield_mid"
		tm:m = [[0.717554, 0.0, 0.696503] [0.0, 1.0, 0.0] [-0.696503, 0.0, 0.717554] [-5685.56, 234.39, 20412.2]]
		unit_class:t = "dynaf_universal_1line_a"
		objLayer:i = 2
		props {
			army:i = 1
			active:b = true
		}
	}
	objectGroups {
		name:t = "t2_airfield_mid"
		tm:m = [[-0.581049, 0.0, -0.813869] [0.0, 1.0, 0.0] [0.813869, 0.0, -0.581049] [-17633.9, 353.423, -11799.4]]
		unit_class:t = "dynaf_universal_1line_a"
		objLayer:i = 2
		props {
			army:i = 2
			active:b = true
		}
	}
	air_defence {
		name:t = "t1_aaa_mid_light_01"
		tm:m = [[0.694449, 0.0, 0.71954] [0.0, 1.0, 0.0] [-0.71954, 0.0, 0.694449] [-4838.3, 241.524, 20399.7]]
		unit_class:t = "uk_40mm_bofors_airfield"
		objLayer:i = 1
		closed_waypoints:b = false
		isShipSpline:b = false
		shipTurnRadius:r = 100
		weapons:t = ""
		bullets0:t = ""
		bullets1:t = ""
		bullets2:t = ""
		bullets3:t = ""
		bulletsCount0:i = 0
		bulletsCount1:i = 0
		bulletsCount2:i = 0
		bulletsCount3:i = 0
		crewSkillK:r = 0
		applyAllMods:b = false
		props {
			army:i = 1
			count:i = 1
			formation_type:t = "rows"
			formation_div:i = 3
			formation_step:p2 = 2.5, 2
			formation_noise:p2 = 0.1, 0.1
			uniqueName:t = ""
			attack_type:t = "fire_at_will"
		}
		way {

		}
	}
	air_defence {
		name:t = "t1_aaa_mid_heavy_01"
		tm:m = [[0.694449, 0.0, 0.71954] [0.0, 1.0, 0.0] [-0.71954, 0.0, 0.694449] [-5607.56, 227.985, 21171.1]]
		unit_class:t = "us_90mm_versus"
		objLayer:i = 1
		closed_waypoints:b = false
		isShipSpline:b = false
		shipTurnRadius:r = 100
		weapons:t = ""
		bullets0:t = ""
		bullets1:t = ""
		bullets2:t = ""
		bullets3:t = ""
		bulletsCount0:i = 0
		bulletsCount1:i = 0
		bulletsCount2:i = 0
		bulletsCount3:i = 0
		crewSkillK:r = 0
		applyAllMods:b = false
		props {
			army:i = 1
			count:i = 1
			formation_type:t = "rows"
			formation_div:i = 3
			formation_step:p2 = 2.5, 2
			formation_noise:p2 = 0.1, 0.1
			uniqueName:t = ""
			attack_type:t = "fire_at_will"
		}
		way {

		}
	}
	air_defence {
		name:t = "t1_aaa_mid_light_02"
		tm:m = [[-0.662403, 0.0, -0.749148] [0.0, 1.0, 0.0] [0.749148, 0.0, -0.662403] [-5836.04, 241.971, 21144.3]]
		unit_class:t = "uk_40mm_bofors_airfield"
		objLayer:i = 1
		closed_waypoints:b = false
		isShipSpline:b = false
		shipTurnRadius:r = 100
		weapons:t = ""
		bullets0:t = ""
		bullets1:t = ""
		bullets2:t = ""
		bullets3:t = ""
		bulletsCount0:i = 0
		bulletsCount1:i = 0
		bulletsCount2:i = 0
		bulletsCount3:i = 0
		crewSkillK:r = 0
		applyAllMods:b = false
		props {
			army:i = 1
			count:i = 1
			formation_type:t = "rows"
			formation_div:i = 3
			formation_step:p2 = 2.5, 2
			formation_noise:p2 = 0.1, 0.1
			uniqueName:t = ""
			attack_type:t = "fire_at_will"
		}
		way {

		}
	}
	air_defence {
		name:t = "t1_aaa_mid_light_03"
		tm:m = [[0.694449, 0.0, 0.71954] [0.0, 1.0, 0.0] [-0.71954, 0.0, 0.694449] [-5140.03, 243.183, 20082.2]]
		unit_class:t = "uk_40mm_bofors_airfield"
		objLayer:i = 1
		closed_waypoints:b = false
		isShipSpline:b = false
		shipTurnRadius:r = 100
		weapons:t = ""
		bullets0:t = ""
		bullets1:t = ""
		bullets2:t = ""
		bullets3:t = ""
		bulletsCount0:i = 0
		bulletsCount1:i = 0
		bulletsCount2:i = 0
		bulletsCount3:i = 0
		crewSkillK:r = 0
		applyAllMods:b = false
		props {
			army:i = 1
			count:i = 1
			formation_type:t = "rows"
			formation_div:i = 3
			formation_step:p2 = 2.5, 2
			formation_noise:p2 = 0.1, 0.1
			uniqueName:t = ""
			attack_type:t = "fire_at_will"
		}
		way {

		}
	}
	air_defence {
		name:t = "t1_aaa_mid_light_04"
		tm:m = [[-0.522251, 0.0, -0.85279] [0.0, 1.0, 0.0] [0.85279, 0.0, -0.522251] [-6353.67, 245.398, 20672.4]]
		unit_class:t = "uk_40mm_bofors_airfield"
		objLayer:i = 1
		closed_waypoints:b = false
		isShipSpline:b = false
		shipTurnRadius:r = 100
		weapons:t = ""
		bullets0:t = ""
		bullets1:t = ""
		bullets2:t = ""
		bullets3:t = ""
		bulletsCount0:i = 0
		bulletsCount1:i = 0
		bulletsCount2:i = 0
		bulletsCount3:i = 0
		crewSkillK:r = 0
		applyAllMods:b = false
		props {
			army:i = 1
			count:i = 1
			formation_type:t = "rows"
			formation_div:i = 3
			formation_step:p2 = 2.5, 2
			formation_noise:p2 = 0.1, 0.1
			uniqueName:t = ""
			attack_type:t = "fire_at_will"
		}
		way {

		}
	}
	air_defence {
		name:t = "t1_aaa_mid_light_05"
		tm:m = [[0.694449, 0.0, 0.71954] [0.0, 1.0, 0.0] [-0.71954, 0.0, 0.694449] [-5579.97, 237.536, 19763.6]]
		unit_class:t = "uk_40mm_bofors_airfield"
		objLayer:i = 1
		closed_waypoints:b = false
		isShipSpline:b = false
		shipTurnRadius:r = 100
		weapons:t = ""
		bullets0:t = ""
		bullets1:t = ""
		bullets2:t = ""
		bullets3:t = ""
		bulletsCount0:i = 0
		bulletsCount1:i = 0
		bulletsCount2:i = 0
		bulletsCount3:i = 0
		crewSkillK:r = 0
		applyAllMods:b = false
		props {
			army:i = 1
			count:i = 1
			formation_type:t = "rows"
			formation_div:i = 3
			formation_step:p2 = 2.5, 2
			formation_noise:p2 = 0.1, 0.1
			uniqueName:t = ""
			attack_type:t = "fire_at_will"
		}
		way {

		}
	}
	air_defence {
		name:t = "t1_aaa_mid_heavy_02"
		tm:m = [[-0.662403, 0.0, -0.749148] [0.0, 1.0, 0.0] [0.749148, 0.0, -0.662403] [-4964.2, 243.54, 20278.7]]
		unit_class:t = "us_90mm_versus"
		objLayer:i = 1
		closed_waypoints:b = false
		isShipSpline:b = false
		shipTurnRadius:r = 100
		weapons:t = ""
		bullets0:t = ""
		bullets1:t = ""
		bullets2:t = ""
		bullets3:t = ""
		bulletsCount0:i = 0
		bulletsCount1:i = 0
		bulletsCount2:i = 0
		bulletsCount3:i = 0
		crewSkillK:r = 0
		applyAllMods:b = false
		props {
			army:i = 1
			count:i = 1
			formation_type:t = "rows"
			formation_div:i = 3
			formation_step:p2 = 2.5, 2
			formation_noise:p2 = 0.1, 0.1
			uniqueName:t = ""
			attack_type:t = "fire_at_will"
		}
		way {

		}
	}
	air_defence {
		name:t = "t1_aaa_mid_heavy_03"
		tm:m = [[0.694449, 0.0, 0.71954] [0.0, 1.0, 0.0] [-0.71954, 0.0, 0.694449] [-6006.6, 242.173, 20769.5]]
		unit_class:t = "us_90mm_versus"
		objLayer:i = 1
		closed_waypoints:b = false
		isShipSpline:b = false
		shipTurnRadius:r = 100
		weapons:t = ""
		bullets0:t = ""
		bullets1:t = ""
		bullets2:t = ""
		bullets3:t = ""
		bulletsCount0:i = 0
		bulletsCount1:i = 0
		bulletsCount2:i = 0
		bulletsCount3:i = 0
		crewSkillK:r = 0
		applyAllMods:b = false
		props {
			army:i = 1
			count:i = 1
			formation_type:t = "rows"
			formation_div:i = 3
			formation_step:p2 = 2.5, 2
			formation_noise:p2 = 0.1, 0.1
			uniqueName:t = ""
			attack_type:t = "fire_at_will"
		}
		way {

		}
	}
	air_defence {
		name:t = "t1_aaa_mid_heavy_04"
		tm:m = [[-0.522251, 0.0, -0.85279] [0.0, 1.0, 0.0] [0.85279, 0.0, -0.522251] [-5430.78, 239.646, 19826.1]]
		unit_class:t = "us_90mm_versus"
		objLayer:i = 1
		closed_waypoints:b = false
		isShipSpline:b = false
		shipTurnRadius:r = 100
		weapons:t = ""
		bullets0:t = ""
		bullets1:t = ""
		bullets2:t = ""
		bullets3:t = ""
		bulletsCount0:i = 0
		bulletsCount1:i = 0
		bulletsCount2:i = 0
		bulletsCount3:i = 0
		crewSkillK:r = 0
		applyAllMods:b = false
		props {
			army:i = 1
			count:i = 1
			formation_type:t = "rows"
			formation_div:i = 3
			formation_step:p2 = 2.5, 2
			formation_noise:p2 = 0.1, 0.1
			uniqueName:t = ""
			attack_type:t = "fire_at_will"
		}
		way {

		}
	}
	air_defence {
		name:t = "t1_aaa_mid_heavy_05"
		tm:m = [[0.694449, 0.0, 0.71954] [0.0, 1.0, 0.0] [-0.71954, 0.0, 0.694449] [-6481.19, 241.003, 20267.5]]
		unit_class:t = "us_90mm_versus"
		objLayer:i = 1
		closed_waypoints:b = false
		isShipSpline:b = false
		shipTurnRadius:r = 100
		weapons:t = ""
		bullets0:t = ""
		bullets1:t = ""
		bullets2:t = ""
		bullets3:t = ""
		bulletsCount0:i = 0
		bulletsCount1:i = 0
		bulletsCount2:i = 0
		bulletsCount3:i = 0
		crewSkillK:r = 0
		applyAllMods:b = false
		props {
			army:i = 1
			count:i = 1
			formation_type:t = "rows"
			formation_div:i = 3
			formation_step:p2 = 2.5, 2
			formation_noise:p2 = 0.1, 0.1
			uniqueName:t = ""
			attack_type:t = "fire_at_will"
		}
		way {

		}
	}
	squad {
		name:t = "t1_def_aaa_mid_squad"
		tm:m = [[-0.370867, 0.0, 0.928685] [0.0, 1.0, 0.0] [-0.928685, 0.0, -0.370867] [-3211.77, 231.49, 22644.0]]
		props {
			object_marking:i = 0
			squad_members:t = "t1_aaa_mid_light_01"
			squad_members:t = "t1_aaa_mid_heavy_01"
			squad_members:t = "t1_aaa_mid_light_02"
			squad_members:t = "t1_aaa_mid_light_03"
			squad_members:t = "t1_aaa_mid_light_04"
			squad_members:t = "t1_aaa_mid_light_05"
			squad_members:t = "t1_aaa_mid_heavy_02"
			squad_members:t = "t1_aaa_mid_heavy_03"
			squad_members:t = "t1_aaa_mid_heavy_04"
			squad_members:t = "t1_aaa_mid_heavy_05"
		}
	}
	air_defence {
		name:t = "t2_aaa_mid_light_01"
		tm:m = [[0.848273, 0.0, 0.52956] [0.0, 1.0, 0.0] [-0.52956, 0.0, 0.848273] [-18386.5, 332.554, -11865.9]]
		unit_class:t = "germ_37mm_flak43_airfield"
		objLayer:i = 1
		closed_waypoints:b = false
		isShipSpline:b = false
		shipTurnRadius:r = 100
		weapons:t = ""
		bullets0:t = ""
		bullets1:t = ""
		bullets2:t = ""
		bullets3:t = ""
		bulletsCount0:i = 0
		bulletsCount1:i = 0
		bulletsCount2:i = 0
		bulletsCount3:i = 0
		crewSkillK:r = 0
		applyAllMods:b = false
		props {
			army:i = 2
			count:i = 1
			formation_type:t = "rows"
			formation_div:i = 3
			formation_step:p2 = 2.5, 2
			formation_noise:p2 = 0.1, 0.1
			uniqueName:t = ""
			attack_type:t = "fire_at_will"
		}
		way {

		}
	}
	air_defence {
		name:t = "t2_aaa_mid_heavy_01"
		tm:m = [[0.848273, 0.0, 0.52956] [0.0, 1.0, 0.0] [-0.52956, 0.0, 0.848273] [-17446.5, 340.283, -12518.2]]
		unit_class:t = "germ_88mm_flak36"
		objLayer:i = 1
		closed_waypoints:b = false
		isShipSpline:b = false
		shipTurnRadius:r = 100
		weapons:t = ""
		bullets0:t = ""
		bullets1:t = ""
		bullets2:t = ""
		bullets3:t = ""
		bulletsCount0:i = 0
		bulletsCount1:i = 0
		bulletsCount2:i = 0
		bulletsCount3:i = 0
		crewSkillK:r = 0
		applyAllMods:b = false
		props {
			army:i = 2
			count:i = 1
			formation_type:t = "rows"
			formation_div:i = 3
			formation_step:p2 = 2.5, 2
			formation_noise:p2 = 0.1, 0.1
			uniqueName:t = ""
			attack_type:t = "fire_at_will"
		}
		way {

		}
	}
	air_defence {
		name:t = "t2_aaa_mid_light_02"
		tm:m = [[-0.870564, 0.0, -0.492053] [0.0, 1.0, 0.0] [0.492053, 0.0, -0.870564] [-17644.9, 355.063, -12787.3]]
		unit_class:t = "germ_37mm_flak43_airfield"
		objLayer:i = 1
		closed_waypoints:b = false
		isShipSpline:b = false
		shipTurnRadius:r = 100
		weapons:t = ""
		bullets0:t = ""
		bullets1:t = ""
		bullets2:t = ""
		bullets3:t = ""
		bulletsCount0:i = 0
		bulletsCount1:i = 0
		bulletsCount2:i = 0
		bulletsCount3:i = 0
		crewSkillK:r = 0
		applyAllMods:b = false
		props {
			army:i = 2
			count:i = 1
			formation_type:t = "rows"
			formation_div:i = 3
			formation_step:p2 = 2.5, 2
			formation_noise:p2 = 0.1, 0.1
			uniqueName:t = ""
			attack_type:t = "fire_at_will"
		}
		way {

		}
	}
	air_defence {
		name:t = "t2_aaa_mid_light_03"
		tm:m = [[0.848273, 0.0, 0.52956] [0.0, 1.0, 0.0] [-0.52956, 0.0, 0.848273] [-18017.1, 306.431, -11416.0]]
		unit_class:t = "germ_37mm_flak43_airfield"
		objLayer:i = 1
		closed_waypoints:b = false
		isShipSpline:b = false
		shipTurnRadius:r = 100
		weapons:t = ""
		bullets0:t = ""
		bullets1:t = ""
		bullets2:t = ""
		bullets3:t = ""
		bulletsCount0:i = 0
		bulletsCount1:i = 0
		bulletsCount2:i = 0
		bulletsCount3:i = 0
		crewSkillK:r = 0
		applyAllMods:b = false
		props {
			army:i = 2
			count:i = 1
			formation_type:t = "rows"
			formation_div:i = 3
			formation_step:p2 = 2.5, 2
			formation_noise:p2 = 0.1, 0.1
			uniqueName:t = ""
			attack_type:t = "fire_at_will"
		}
		way {

		}
	}
	air_defence {
		name:t = "t2_aaa_mid_light_04"
		tm:m = [[-0.824366, 0.0, -0.566058] [0.0, 1.0, 0.0] [0.566058, 0.0, -0.824366] [-16827.8, 331.658, -11768.9]]
		unit_class:t = "germ_37mm_flak43_airfield"
		objLayer:i = 1
		closed_waypoints:b = false
		isShipSpline:b = false
		shipTurnRadius:r = 100
		weapons:t = ""
		bullets0:t = ""
		bullets1:t = ""
		bullets2:t = ""
		bullets3:t = ""
		bulletsCount0:i = 0
		bulletsCount1:i = 0
		bulletsCount2:i = 0
		bulletsCount3:i = 0
		crewSkillK:r = 0
		applyAllMods:b = false
		props {
			army:i = 2
			count:i = 1
			formation_type:t = "rows"
			formation_div:i = 3
			formation_step:p2 = 2.5, 2
			formation_noise:p2 = 0.1, 0.1
			uniqueName:t = ""
			attack_type:t = "fire_at_will"
		}
		way {

		}
	}
	air_defence {
		name:t = "t2_aaa_mid_light_05"
		tm:m = [[0.848273, 0.0, 0.52956] [0.0, 1.0, 0.0] [-0.52956, 0.0, 0.848273] [-17616.4, 294.036, -10811.7]]
		unit_class:t = "germ_37mm_flak43_airfield"
		objLayer:i = 1
		closed_waypoints:b = false
		isShipSpline:b = false
		shipTurnRadius:r = 100
		weapons:t = ""
		bullets0:t = ""
		bullets1:t = ""
		bullets2:t = ""
		bullets3:t = ""
		bulletsCount0:i = 0
		bulletsCount1:i = 0
		bulletsCount2:i = 0
		bulletsCount3:i = 0
		crewSkillK:r = 0
		applyAllMods:b = false
		props {
			army:i = 2
			count:i = 1
			formation_type:t = "rows"
			formation_div:i = 3
			formation_step:p2 = 2.5, 2
			formation_noise:p2 = 0.1, 0.1
			uniqueName:t = ""
			attack_type:t = "fire_at_will"
		}
		way {

		}
	}
	air_defence {
		name:t = "t2_aaa_mid_heavy_02"
		tm:m = [[-0.870564, 0.0, -0.492053] [0.0, 1.0, 0.0] [0.492053, 0.0, -0.870564] [-18223.7, 324.464, -11638.6]]
		unit_class:t = "germ_88mm_flak36"
		objLayer:i = 1
		closed_waypoints:b = false
		isShipSpline:b = false
		shipTurnRadius:r = 100
		weapons:t = ""
		bullets0:t = ""
		bullets1:t = ""
		bullets2:t = ""
		bullets3:t = ""
		bulletsCount0:i = 0
		bulletsCount1:i = 0
		bulletsCount2:i = 0
		bulletsCount3:i = 0
		crewSkillK:r = 0
		applyAllMods:b = false
		props {
			army:i = 2
			count:i = 1
			formation_type:t = "rows"
			formation_div:i = 3
			formation_step:p2 = 2.5, 2
			formation_noise:p2 = 0.1, 0.1
			uniqueName:t = ""
			attack_type:t = "fire_at_will"
		}
		way {

		}
	}
	air_defence {
		name:t = "t2_aaa_mid_heavy_03"
		tm:m = [[0.848273, 0.0, 0.52956] [0.0, 1.0, 0.0] [-0.52956, 0.0, 0.848273] [-17095.5, 322.479, -12091.3]]
		unit_class:t = "germ_88mm_flak36"
		objLayer:i = 1
		closed_waypoints:b = false
		isShipSpline:b = false
		shipTurnRadius:r = 100
		weapons:t = ""
		bullets0:t = ""
		bullets1:t = ""
		bullets2:t = ""
		bullets3:t = ""
		bulletsCount0:i = 0
		bulletsCount1:i = 0
		bulletsCount2:i = 0
		bulletsCount3:i = 0
		crewSkillK:r = 0
		applyAllMods:b = false
		props {
			army:i = 2
			count:i = 1
			formation_type:t = "rows"
			formation_div:i = 3
			formation_step:p2 = 2.5, 2
			formation_noise:p2 = 0.1, 0.1
			uniqueName:t = ""
			attack_type:t = "fire_at_will"
		}
		way {

		}
	}
	air_defence {
		name:t = "t2_aaa_mid_heavy_04"
		tm:m = [[-0.824366, 0.0, -0.566058] [0.0, 1.0, 0.0] [0.566058, 0.0, -0.824366] [-17776.5, 284.481, -11012.6]]
		unit_class:t = "germ_88mm_flak36"
		objLayer:i = 1
		closed_waypoints:b = false
		isShipSpline:b = false
		shipTurnRadius:r = 100
		weapons:t = ""
		bullets0:t = ""
		bullets1:t = ""
		bullets2:t = ""
		bullets3:t = ""
		bulletsCount0:i = 0
		bulletsCount1:i = 0
		bulletsCount2:i = 0
		bulletsCount3:i = 0
		crewSkillK:r = 0
		applyAllMods:b = false
		props {
			army:i = 2
			count:i = 1
			formation_type:t = "rows"
			formation_div:i = 3
			formation_step:p2 = 2.5, 2
			formation_noise:p2 = 0.1, 0.1
			uniqueName:t = ""
			attack_type:t = "fire_at_will"
		}
		way {

		}
	}
	air_defence {
		name:t = "t2_aaa_mid_heavy_05"
		tm:m = [[0.848273, 0.0, 0.52956] [0.0, 1.0, 0.0] [-0.52956, 0.0, 0.848273] [-16509.3, 299.503, -11479.2]]
		unit_class:t = "germ_88mm_flak36"
		objLayer:i = 1
		closed_waypoints:b = false
		isShipSpline:b = false
		shipTurnRadius:r = 100
		weapons:t = ""
		bullets0:t = ""
		bullets1:t = ""
		bullets2:t = ""
		bullets3:t = ""
		bulletsCount0:i = 0
		bulletsCount1:i = 0
		bulletsCount2:i = 0
		bulletsCount3:i = 0
		crewSkillK:r = 0
		applyAllMods:b = false
		props {
			army:i = 2
			count:i = 1
			formation_type:t = "rows"
			formation_div:i = 3
			formation_step:p2 = 2.5, 2
			formation_noise:p2 = 0.1, 0.1
			uniqueName:t = ""
			attack_type:t = "fire_at_will"
		}
		way {

		}
	}
	squad {
		name:t = "t2_def_aaa_mid_squad"
		tm:m = [[0.783518, 0.0, 0.621368] [0.0, 1.0, 0.0] [-0.621368, 0.0, 0.783518] [-16952.9, 354.109, -12947.9]]
		props {
			object_marking:i = 0
			squad_members:t = "t2_aaa_mid_light_01"
			squad_members:t = "t2_aaa_mid_heavy_01"
			squad_members:t = "t2_aaa_mid_light_02"
			squad_members:t = "t2_aaa_mid_light_03"
			squad_members:t = "t2_aaa_mid_light_04"
			squad_members:t = "t2_aaa_mid_light_05"
			squad_members:t = "t2_aaa_mid_heavy_02"
			squad_members:t = "t2_aaa_mid_heavy_03"
			squad_members:t = "t2_aaa_mid_heavy_04"
			squad_members:t = "t2_aaa_mid_heavy_05"
		}
	}
}
areas {
	t1_interceptor_area_mid {
		type:t = "Sphere"
		tm:m = [[5110.12, 0.0, -3144.3] [0.0, 6000.0, 0.0] [3144.3, 0.0, 5110.12] [-5649.54, 2000.01, 20457.9]]
		props {

		}
	}
	t1_assault_mid_spawn {
		type:t = "Sphere"
		tm:m = [[-168.211, 0.0, -248.405] [0.0, 300.0, 0.0] [248.405, 0.0, -168.211] [-8269.02, 1000.01, 16199.6]]
		props {

		}
	}
	t1_aaa_fighter_area_mid {
		type:t = "Sphere"
		tm:m = [[3406.75, 0.0, -2096.21] [0.0, 4000.0, 0.0] [2096.21, 0.0, 3406.75] [-5649.55, 3000.01, 20457.9]]
		props {

		}
	}
	t1_assault_area_mid {
		type:t = "Sphere"
		tm:m = [[8516.87, 0.0, -5240.5] [0.0, 10000.0, 0.0] [5240.5, 0.0, 8516.87] [-5649.55, 1000.01, 20457.9]]
		props {

		}
	}
	t1_interceptor_mid_spawn {
		type:t = "Sphere"
		tm:m = [[-168.211, 0.0, -248.405] [0.0, 300.0, 0.0] [248.405, 0.0, -168.211] [-4087.53, 1000.01, 22996.9]]
		props {

		}
	}
	t1_aaa_fighter_mid_spawn {
		type:t = "Sphere"
		tm:m = [[-168.211, 0.0, -248.405] [0.0, 300.0, 0.0] [248.405, 0.0, -168.211] [-4605.17, 2000.01, 22155.7]]
		props {

		}
	}
	t1_far_bomber_mid_spawn {
		type:t = "Sphere"
		tm:m = [[-168.211, 0.0, -248.405] [0.0, 300.0, 0.0] [248.405, 0.0, -168.211] [-6697.38, 4500.01, 18755.5]]
		props {

		}
	}
	t1_main_bomber_mid_spawn {
		type:t = "Sphere"
		tm:m = [[-168.211, 0.0, -248.405] [0.0, 300.0, 0.0] [248.405, 0.0, -168.211] [-6959.69, 3500.01, 18329.1]]
		props {

		}
	}
	t1_far_bomber_area_mid {
		type:t = "Sphere"
		tm:m = [[3406.75, 0.0, -2096.21] [0.0, 4000.0, 0.0] [2096.21, 0.0, 3406.75] [-5649.55, 4500.01, 20457.9]]
		props {

		}
	}
	t1_main_bomber_area_mid {
		type:t = "Sphere"
		tm:m = [[4258.44, 0.0, -2620.26] [0.0, 5000.0, 0.0] [2620.26, 0.0, 4258.44] [-5649.55, 3500.01, 20457.9]]
		props {

		}
	}
	t2_interceptor_area_mid {
		type:t = "Sphere"
		tm:m = [[-5243.46, 0.0, 2916.54] [0.0, 6000.0, 0.0] [-2916.54, 0.0, -5243.46] [-17623.0, 2000.01, -11873.5]]
		props {

		}
	}
	t2_assault_mid_spawn {
		type:t = "Sphere"
		tm:m = [[157.124, 0.0, 255.562] [0.0, 300.0, 0.0] [-255.562, 0.0, 157.124] [-15192.1, 1000.01, -7503.35]]
		props {

		}
	}
	t2_aaa_fighter_area_mid {
		type:t = "Sphere"
		tm:m = [[-3495.64, 0.0, 1944.36] [0.0, 4000.0, 0.0] [-1944.36, 0.0, -3495.64] [-17623.0, 3000.01, -11873.5]]
		props {

		}
	}
	t2_assault_area_mid {
		type:t = "Sphere"
		tm:m = [[-8739.09, 0.0, 4860.89] [0.0, 10000.0, 0.0] [-4860.89, 0.0, -8739.09] [-17623.0, 1000.01, -11873.5]]
		props {

		}
	}
	t2_interceptor_mid_spawn {
		type:t = "Sphere"
		tm:m = [[157.124, 0.0, 255.562] [0.0, 300.0, 0.0] [-255.562, 0.0, 157.124] [-19071.8, 1000.01, -14478.8]]
		props {

		}
	}
	t2_aaa_fighter_mid_spawn {
		type:t = "Sphere"
		tm:m = [[157.124, 0.0, 255.562] [0.0, 300.0, 0.0] [-255.562, 0.0, 157.124] [-18591.6, 2000.01, -13615.5]]
		props {

		}
	}
	t2_far_bomber_mid_spawn {
		type:t = "Sphere"
		tm:m = [[157.124, 0.0, 255.562] [0.0, 300.0, 0.0] [-255.562, 0.0, 157.124] [-16651.0, 4500.01, -10126.6]]
		props {

		}
	}
	t2_main_bomber_mid_spawn {
		type:t = "Sphere"
		tm:m = [[157.124, 0.0, 255.562] [0.0, 300.0, 0.0] [-255.562, 0.0, 157.124] [-16407.6, 3500.01, -9689.14]]
		props {

		}
	}
	t2_far_bomber_area_mid {
		type:t = "Sphere"
		tm:m = [[-3495.64, 0.0, 1944.36] [0.0, 4000.0, 0.0] [-1944.36, 0.0, -3495.64] [-17623.0, 4500.01, -11873.5]]
		props {

		}
	}
	t2_main_bomber_area_mid {
		type:t = "Sphere"
		tm:m = [[-4369.54, 0.0, 2430.45] [0.0, 5000.0, 0.0] [-2430.45, 0.0, -4369.54] [-17623.0, 3500.01, -11873.5]]
		props {

		}
	}
	airfields_area16km {
		type:t = "Sphere"
		tm:m = [[13058.4, 0.0, 29214.4] [0.0, 32000.0, 0.0] [-29214.4, 0.0, 13058.4] [-9403.05, 339.24, 3655.43]]
		objLayer:i = 4
		props {

		}
	}
	t2_airfield_mid_bombing_zone {
		type:t = "Box"
		tm:m = [[-1457.39, 0.0, -2031.26] [0.0, 300.0, 0.0] [609.378, 7.34303e-6, -437.217] [-17615.9, 270.999, -11753.6]]
		objLayer:i = 0
		props {

		}
	}
	t1_airfield_mid_bombing_zone {
		type:t = "Box"
		tm:m = [[-1802.62, 0.0, -1732.21] [0.0, 300.0, 0.0] [519.663, 7.34302e-6, -540.787] [-5678.23, 221.836, 20420.4]]
		objLayer:i = 0
		props {

		}
	}
	t2_common_fighters_mid_spawn {
		type:t = "Sphere"
		tm:m = [[157.124, 0.0, 255.562] [0.0, 300.0, 0.0] [-255.562, 0.0, 157.124] [-19071.8, 500.009, -14478.8]]
		props {

		}
	}
	t1_common_fighters_mid_spawn {
		type:t = "Sphere"
		tm:m = [[-168.211, 0.0, -248.405] [0.0, 300.0, 0.0] [248.405, 0.0, -168.211] [-4087.53, 500.009, 22996.9]]
		props {

		}
	}
}
objLayers {
	layer {
		enabled:b = true
	}
	layer {
		enabled:b = true
	}
	layer {
		enabled:b = true
	}
	layer {
		enabled:b = true
	}
	layer {
		enabled:b = false
	}
}
wayPoints {

}