selected_tag:t = ""
bin_dump_file:t = ""
mission_settings {
	player {
		army:i = 1
		wing:t = "flt_armada"
	}
	player_teamB {
		army:i = 2
	}
	mission {
		level:t = "levels/air_afghan.bin"
		type:t = "singleMission"
		environment:t = "Day"
		weather:t = "hazy"
		restoreType:t = "attempts"
		optionalTakeOff:b = false
	}
	atmosphere {
		pressure:r = 760
		temperature:r = -10
	}
	spectator_points {

	}
}
imports {

}
triggers {
	isCategory:b = true
	is_enabled:b = true
}
mission_objectives {
	isCategory:b = true
	is_enabled:b = true
}
variables {

}
dialogs {

}
airfields {

}
effects {

}
units {
	squad {
		name:t = "cnv_t1_convoy_01_squad"
		tm:m = [[1.0, 0.0, 0.0] [0.0, 1.0, 0.0] [0.0, 0.0, 1.0] [13694.4, 166.95, 47410.7]]
		props {
			squad_members:t = "cnv_t1_convoy_01_truck"
			squad_members:t = "cnv_t1_convoy_01_acar"
			squad_members:t = "cnv_t1_convoy_modern_aaa_01"
			squad_members:t = "cnv_t1_convoy_outdated_aaa_01"
			squad_members:t = "cnv_t1_convoy_01_tank"
			object_marking:i = 0
		}
	}
	squad {
		name:t = "cnv_t1_convoy_02_squad"
		tm:m = [[1.0, 0.0, 0.0] [0.0, 1.0, 0.0] [0.0, 0.0, 1.0] [11006.6, 166.95, 47287.1]]
		props {
			squad_members:t = "cnv_t1_convoy_02_truck"
			squad_members:t = "cnv_t1_convoy_02_acar"
			squad_members:t = "cnv_t1_convoy_modern_aaa_02"
			squad_members:t = "cnv_t1_convoy_outdated_aaa_02"
			squad_members:t = "cnv_t1_convoy_02_tank"
			object_marking:i = 0
		}
	}
	squad {
		name:t = "cnv_t1_all_convoys_squad"
		tm:m = [[1.0, 0.0, 0.0] [0.0, 1.0, 0.0] [0.0, 0.0, 1.0] [20433.2, 14.6, 46217.1]]
		props {
			squad_members:t = "cnv_t1_convoy_01_squad"
			squad_members:t = "cnv_t1_convoy_02_squad"
			object_marking:i = 0
		}
	}
	tankModels {
		name:t = "cnv_t1_convoy_01_tank"
		tm:m = [[0.461749, 0.0, 0.887011] [0.0, 1.0, 0.0] [-0.887011, 0.0, 0.461749] [68358.7, 0.550003, 36833.0]]
		unit_class:t = "fr_m3a3_stuart"
		objLayer:i = 1
		closed_waypoints:b = false
		isShipSpline:b = false
		shipTurnRadius:r = 100
		weapons:t = ""
		bullets0:t = ""
		bullets1:t = ""
		bullets2:t = ""
		bullets3:t = ""
		bulletsCount0:i = 0
		bulletsCount1:i = 0
		bulletsCount2:i = 0
		bulletsCount3:i = 0
		crewSkillK:r = 0
		applyAllMods:b = false
		props {
			army:i = 1
			count:i = 4
			formation_type:t = "rows"
			formation_div:i = 3
			formation_step:p2 = 12, 6
			formation_noise:p2 = 0.4, 0.5
			uniqueName:t = ""
			attack_type:t = "fire_at_will"
			isDelayed:b = true
			stealthRadius:r = 0
			setStealth:b = true
		}
		way {

		}
	}
	tankModels {
		name:t = "cnv_t1_convoy_02_tank"
		tm:m = [[0.461749, 0.0, 0.887011] [0.0, 1.0, 0.0] [-0.887011, 0.0, 0.461749] [68398.6, 0.550003, 36811.2]]
		unit_class:t = "fr_m3a3_stuart"
		objLayer:i = 1
		closed_waypoints:b = false
		isShipSpline:b = false
		shipTurnRadius:r = 100
		weapons:t = ""
		bullets0:t = ""
		bullets1:t = ""
		bullets2:t = ""
		bullets3:t = ""
		bulletsCount0:i = 0
		bulletsCount1:i = 0
		bulletsCount2:i = 0
		bulletsCount3:i = 0
		crewSkillK:r = 0
		applyAllMods:b = false
		props {
			army:i = 1
			count:i = 4
			formation_type:t = "rows"
			formation_div:i = 3
			formation_step:p2 = 12, 6
			formation_noise:p2 = 0.4, 0.5
			uniqueName:t = ""
			attack_type:t = "fire_at_will"
			isDelayed:b = true
			stealthRadius:r = 0
			setStealth:b = true
		}
		way {

		}
	}
	tankModels {
		name:t = "cnv_t1_convoy_01_truck"
		tm:m = [[0.461749, 0.0, 0.887011] [0.0, 1.0, 0.0] [-0.887011, 0.0, 0.461749] [68380.1, 0.550003, 36870.6]]
		unit_class:t = "us_truck_us6_studebaker_tent"
		objLayer:i = 1
		closed_waypoints:b = false
		isShipSpline:b = false
		shipTurnRadius:r = 100
		weapons:t = ""
		bullets0:t = ""
		bullets1:t = ""
		bullets2:t = ""
		bullets3:t = ""
		bulletsCount0:i = 0
		bulletsCount1:i = 0
		bulletsCount2:i = 0
		bulletsCount3:i = 0
		crewSkillK:r = 0
		applyAllMods:b = false
		props {
			army:i = 1
			count:i = 6
			formation_type:t = "rows"
			formation_div:i = 3
			formation_step:p2 = 12, 6
			formation_noise:p2 = 0.4, 0.5
			uniqueName:t = ""
			attack_type:t = "fire_at_will"
			isDelayed:b = true
			stealthRadius:r = 0
			setStealth:b = true
		}
		way {

		}
	}
	tankModels {
		name:t = "cnv_t1_convoy_02_truck"
		tm:m = [[0.461749, 0.0, 0.887011] [0.0, 1.0, 0.0] [-0.887011, 0.0, 0.461749] [68413.3, 0.550003, 36854.7]]
		unit_class:t = "us_truck_us6_studebaker_tent"
		objLayer:i = 1
		closed_waypoints:b = false
		isShipSpline:b = false
		shipTurnRadius:r = 100
		weapons:t = ""
		bullets0:t = ""
		bullets1:t = ""
		bullets2:t = ""
		bullets3:t = ""
		bulletsCount0:i = 0
		bulletsCount1:i = 0
		bulletsCount2:i = 0
		bulletsCount3:i = 0
		crewSkillK:r = 0
		applyAllMods:b = false
		props {
			army:i = 1
			count:i = 6
			formation_type:t = "rows"
			formation_div:i = 3
			formation_step:p2 = 12, 6
			formation_noise:p2 = 0.4, 0.5
			uniqueName:t = ""
			attack_type:t = "fire_at_will"
			isDelayed:b = true
			stealthRadius:r = 0
			setStealth:b = true
		}
		way {

		}
	}
	tankModels {
		name:t = "cnv_t1_convoy_01_acar"
		tm:m = [[0.461749, 0.0, 0.887011] [0.0, 1.0, 0.0] [-0.887011, 0.0, 0.461749] [68404.9, 0.550003, 36903.8]]
		unit_class:t = "fr_crusader_mk_2"
		objLayer:i = 1
		closed_waypoints:b = false
		isShipSpline:b = false
		shipTurnRadius:r = 100
		weapons:t = ""
		bullets0:t = ""
		bullets1:t = ""
		bullets2:t = ""
		bullets3:t = ""
		bulletsCount0:i = 0
		bulletsCount1:i = 0
		bulletsCount2:i = 0
		bulletsCount3:i = 0
		crewSkillK:r = 0
		applyAllMods:b = false
		props {
			army:i = 1
			count:i = 4
			formation_type:t = "rows"
			formation_div:i = 3
			formation_step:p2 = 12, 6
			formation_noise:p2 = 0.4, 0.5
			uniqueName:t = ""
			attack_type:t = "fire_at_will"
			isDelayed:b = true
			stealthRadius:r = 0
			setStealth:b = true
		}
		way {

		}
	}
	tankModels {
		name:t = "cnv_t1_convoy_02_acar"
		tm:m = [[0.461749, 0.0, 0.887011] [0.0, 1.0, 0.0] [-0.887011, 0.0, 0.461749] [68436.1, 0.550003, 36888.6]]
		unit_class:t = "fr_crusader_mk_2"
		objLayer:i = 1
		closed_waypoints:b = false
		isShipSpline:b = false
		shipTurnRadius:r = 100
		weapons:t = ""
		bullets0:t = ""
		bullets1:t = ""
		bullets2:t = ""
		bullets3:t = ""
		bulletsCount0:i = 0
		bulletsCount1:i = 0
		bulletsCount2:i = 0
		bulletsCount3:i = 0
		crewSkillK:r = 0
		applyAllMods:b = false
		props {
			army:i = 1
			count:i = 4
			formation_type:t = "rows"
			formation_div:i = 3
			formation_step:p2 = 12, 6
			formation_noise:p2 = 0.4, 0.5
			uniqueName:t = ""
			attack_type:t = "fire_at_will"
			isDelayed:b = true
			stealthRadius:r = 0
			setStealth:b = true
		}
		way {

		}
	}
	tankModels {
		name:t = "cnv_t1_convoy_modern_aaa_01"
		tm:m = [[0.461749, 0.0, 0.887011] [0.0, 1.0, 0.0] [-0.887011, 0.0, 0.461749] [68431.4, 0.550003, 36944.9]]
		unit_class:t = "uk_t17e2"
		objLayer:i = 1
		closed_waypoints:b = false
		isShipSpline:b = false
		shipTurnRadius:r = 100
		weapons:t = "uk_t17e2_default"
		bullets0:t = "12mm_usa_M2HB_APIT"
		bullets1:t = ""
		bullets2:t = ""
		bullets3:t = ""
		bulletsCount0:i = 0
		bulletsCount1:i = 0
		bulletsCount2:i = 0
		bulletsCount3:i = 0
		crewSkillK:r = 0
		applyAllMods:b = false
		props {
			army:i = 1
			count:i = 2
			formation_type:t = "rows"
			formation_div:i = 3
			formation_step:p2 = 12, 6
			formation_noise:p2 = 0.4, 0.5
			uniqueName:t = ""
			attack_type:t = "fire_at_will"
			isDelayed:b = true
			stealthRadius:r = 0
			setStealth:b = true
		}
		way {

		}
	}
	tankModels {
		name:t = "cnv_t1_convoy_modern_aaa_02"
		tm:m = [[0.461749, 0.0, 0.887011] [0.0, 1.0, 0.0] [-0.887011, 0.0, 0.461749] [68466.3, 0.550003, 36929.4]]
		unit_class:t = "uk_t17e2"
		objLayer:i = 1
		closed_waypoints:b = false
		isShipSpline:b = false
		shipTurnRadius:r = 100
		weapons:t = "uk_t17e2_default"
		bullets0:t = "12mm_usa_M2HB_APIT"
		bullets1:t = ""
		bullets2:t = ""
		bullets3:t = ""
		bulletsCount0:i = 0
		bulletsCount1:i = 0
		bulletsCount2:i = 0
		bulletsCount3:i = 0
		crewSkillK:r = 0
		applyAllMods:b = false
		props {
			army:i = 1
			count:i = 2
			formation_type:t = "rows"
			formation_div:i = 3
			formation_step:p2 = 12, 6
			formation_noise:p2 = 0.4, 0.5
			uniqueName:t = ""
			attack_type:t = "fire_at_will"
			isDelayed:b = true
			stealthRadius:r = 0
			setStealth:b = true
		}
		way {

		}
	}
	tankModels {
		name:t = "cnv_t1_convoy_outdated_aaa_01"
		tm:m = [[0.461749, 0.0, 0.887011] [0.0, 1.0, 0.0] [-0.887011, 0.0, 0.461749] [68448.0, 0.550006, 36965.5]]
		unit_class:t = "uk_vickers_mk_6_aa_mk_1"
		objLayer:i = 1
		closed_waypoints:b = false
		isShipSpline:b = false
		shipTurnRadius:r = 100
		weapons:t = ""
		bullets0:t = ""
		bullets1:t = ""
		bullets2:t = ""
		bullets3:t = ""
		bulletsCount0:i = 0
		bulletsCount1:i = 0
		bulletsCount2:i = 0
		bulletsCount3:i = 0
		crewSkillK:r = 0
		applyAllMods:b = false
		props {
			army:i = 1
			count:i = 3
			formation_type:t = "rows"
			formation_div:i = 3
			formation_step:p2 = 12, 6
			formation_noise:p2 = 0.4, 0.5
			uniqueName:t = ""
			attack_type:t = "fire_at_will"
			isDelayed:b = true
			stealthRadius:r = 0
			setStealth:b = true
		}
		way {

		}
	}
	tankModels {
		name:t = "cnv_t1_convoy_outdated_aaa_02"
		tm:m = [[0.461749, 0.0, 0.887011] [0.0, 1.0, 0.0] [-0.887011, 0.0, 0.461749] [68477.6, 0.550006, 36948.8]]
		unit_class:t = "uk_vickers_mk_6_aa_mk_1"
		objLayer:i = 1
		closed_waypoints:b = false
		isShipSpline:b = false
		shipTurnRadius:r = 100
		weapons:t = ""
		bullets0:t = ""
		bullets1:t = ""
		bullets2:t = ""
		bullets3:t = ""
		bulletsCount0:i = 0
		bulletsCount1:i = 0
		bulletsCount2:i = 0
		bulletsCount3:i = 0
		crewSkillK:r = 0
		applyAllMods:b = false
		props {
			army:i = 1
			count:i = 3
			formation_type:t = "rows"
			formation_div:i = 3
			formation_step:p2 = 12, 6
			formation_noise:p2 = 0.4, 0.5
			uniqueName:t = ""
			attack_type:t = "fire_at_will"
			isDelayed:b = true
			stealthRadius:r = 0
			setStealth:b = true
		}
		way {

		}
	}
}
areas {

}
objLayers {
	layer {
		enabled:b = true
	}
	layer {
		enabled:b = true
	}
	layer {
		enabled:b = true
	}
	layer {
		enabled:b = true
	}
}
wayPoints {

}