selected_tag:t = ""
bin_dump_file:t = ""
mission_settings {
	player {
		army:i = 1
		wing:t = "flt_armada"
	}
	player_teamB {
		army:i = 2
	}
	mission {
		level:t = "levels/air_afghan.bin"
		type:t = "singleMission"
		environment:t = "Day"
		weather:t = "hazy"
		restoreType:t = "attempts"
		optionalTakeOff:b = false
	}
	atmosphere {
		pressure:r = 760
		temperature:r = -10
	}
	spectator_points {

	}
}
imports {

}
triggers {
	isCategory:b = true
	is_enabled:b = true
}
mission_objectives {
	isCategory:b = true
	is_enabled:b = true
}
variables {

}
dialogs {

}
airfields {

}
effects {

}
units {
	squad {
		name:t = "cnv_t1_convoy_01_squad"
		tm:m = [[1.0, 0.0, 0.0] [0.0, 1.0, 0.0] [0.0, 0.0, 1.0] [13694.4, 166.95, 47410.7]]
		props {
			squad_members:t = "cnv_t1_convoy_01_truck"
			squad_members:t = "cnv_t1_convoy_01_acar"
			squad_members:t = "cnv_t1_convoy_modern_aaa_01"
			squad_members:t = "cnv_t1_convoy_outdated_aaa_01"
			squad_members:t = "cnv_t1_convoy_01_tank"
			object_marking:i = 0
		}
	}
	squad {
		name:t = "cnv_t1_convoy_02_squad"
		tm:m = [[1.0, 0.0, 0.0] [0.0, 1.0, 0.0] [0.0, 0.0, 1.0] [11006.6, 166.95, 47287.1]]
		props {
			squad_members:t = "cnv_t1_convoy_02_truck"
			squad_members:t = "cnv_t1_convoy_02_acar"
			squad_members:t = "cnv_t1_convoy_modern_aaa_02"
			squad_members:t = "cnv_t1_convoy_outdated_aaa_02"
			squad_members:t = "cnv_t1_convoy_02_tank"
			object_marking:i = 0
		}
	}
	squad {
		name:t = "cnv_t1_all_convoys_squad"
		tm:m = [[1.0, 0.0, 0.0] [0.0, 1.0, 0.0] [0.0, 0.0, 1.0] [20433.2, 14.6, 46217.1]]
		props {
			squad_members:t = "cnv_t1_convoy_01_squad"
			squad_members:t = "cnv_t1_convoy_02_squad"
			object_marking:i = 0
		}
	}
	tankModels {
		name:t = "cnv_t1_convoy_01_tank"
		tm:m = [[0.461749, 0.0, 0.887011] [0.0, 1.0, 0.0] [-0.887011, 0.0, 0.461749] [68818.6, 0.55, 36832.1]]
		unit_class:t = "cn_m48a1_patton_III"
		objLayer:i = 1
		closed_waypoints:b = false
		isShipSpline:b = false
		shipTurnRadius:r = 100
		weapons:t = ""
		bullets0:t = ""
		bullets1:t = ""
		bullets2:t = ""
		bullets3:t = ""
		bulletsCount0:i = 0
		bulletsCount1:i = 0
		bulletsCount2:i = 0
		bulletsCount3:i = 0
		crewSkillK:r = 0
		applyAllMods:b = false
		props {
			army:i = 1
			count:i = 4
			formation_type:t = "rows"
			formation_div:i = 3
			formation_step:p2 = 12, 6
			formation_noise:p2 = 0.4, 0.5
			uniqueName:t = ""
			attack_type:t = "fire_at_will"
			isDelayed:b = true
			stealthRadius:r = 0
			setStealth:b = true
		}
		way {

		}
	}
	tankModels {
		name:t = "cnv_t1_convoy_02_tank"
		tm:m = [[0.461749, 0.0, 0.887011] [0.0, 1.0, 0.0] [-0.887011, 0.0, 0.461749] [68858.5, 0.55, 36810.3]]
		unit_class:t = "cn_m48a1_patton_III"
		objLayer:i = 1
		closed_waypoints:b = false
		isShipSpline:b = false
		shipTurnRadius:r = 100
		weapons:t = ""
		bullets0:t = ""
		bullets1:t = ""
		bullets2:t = ""
		bullets3:t = ""
		bulletsCount0:i = 0
		bulletsCount1:i = 0
		bulletsCount2:i = 0
		bulletsCount3:i = 0
		crewSkillK:r = 0
		applyAllMods:b = false
		props {
			army:i = 1
			count:i = 4
			formation_type:t = "rows"
			formation_div:i = 3
			formation_step:p2 = 12, 6
			formation_noise:p2 = 0.4, 0.5
			uniqueName:t = ""
			attack_type:t = "fire_at_will"
			isDelayed:b = true
			stealthRadius:r = 0
			setStealth:b = true
		}
		way {

		}
	}
	tankModels {
		name:t = "cnv_t1_convoy_01_truck"
		tm:m = [[0.461749, 0.0, 0.887011] [0.0, 1.0, 0.0] [-0.887011, 0.0, 0.461749] [68840.0, 0.55, 36869.7]]
		unit_class:t = "ussr_apc_btr_152"
		objLayer:i = 1
		closed_waypoints:b = false
		isShipSpline:b = false
		shipTurnRadius:r = 100
		weapons:t = ""
		bullets0:t = ""
		bullets1:t = ""
		bullets2:t = ""
		bullets3:t = ""
		bulletsCount0:i = 0
		bulletsCount1:i = 0
		bulletsCount2:i = 0
		bulletsCount3:i = 0
		crewSkillK:r = 0
		applyAllMods:b = false
		props {
			army:i = 1
			count:i = 6
			formation_type:t = "rows"
			formation_div:i = 3
			formation_step:p2 = 12, 6
			formation_noise:p2 = 0.4, 0.5
			uniqueName:t = ""
			attack_type:t = "fire_at_will"
			isDelayed:b = true
			stealthRadius:r = 0
			setStealth:b = true
		}
		way {

		}
	}
	tankModels {
		name:t = "cnv_t1_convoy_02_truck"
		tm:m = [[0.461749, 0.0, 0.887011] [0.0, 1.0, 0.0] [-0.887011, 0.0, 0.461749] [68873.2, 0.55, 36853.8]]
		unit_class:t = "ussr_apc_btr_152"
		objLayer:i = 1
		closed_waypoints:b = false
		isShipSpline:b = false
		shipTurnRadius:r = 100
		weapons:t = ""
		bullets0:t = ""
		bullets1:t = ""
		bullets2:t = ""
		bullets3:t = ""
		bulletsCount0:i = 0
		bulletsCount1:i = 0
		bulletsCount2:i = 0
		bulletsCount3:i = 0
		crewSkillK:r = 0
		applyAllMods:b = false
		props {
			army:i = 1
			count:i = 6
			formation_type:t = "rows"
			formation_div:i = 3
			formation_step:p2 = 12, 6
			formation_noise:p2 = 0.4, 0.5
			uniqueName:t = ""
			attack_type:t = "fire_at_will"
			isDelayed:b = true
			stealthRadius:r = 0
			setStealth:b = true
		}
		way {

		}
	}
	tankModels {
		name:t = "cnv_t1_convoy_01_acar"
		tm:m = [[0.461749, 0.0, 0.887011] [0.0, 1.0, 0.0] [-0.887011, 0.0, 0.461749] [68864.8, 0.55, 36902.9]]
		unit_class:t = "cn_type_86"
		objLayer:i = 1
		closed_waypoints:b = false
		isShipSpline:b = false
		shipTurnRadius:r = 100
		weapons:t = ""
		bullets0:t = ""
		bullets1:t = ""
		bullets2:t = ""
		bullets3:t = ""
		bulletsCount0:i = 0
		bulletsCount1:i = 0
		bulletsCount2:i = 0
		bulletsCount3:i = 0
		crewSkillK:r = 0
		applyAllMods:b = false
		props {
			army:i = 1
			count:i = 4
			formation_type:t = "rows"
			formation_div:i = 3
			formation_step:p2 = 12, 6
			formation_noise:p2 = 0.4, 0.5
			uniqueName:t = ""
			attack_type:t = "fire_at_will"
			isDelayed:b = true
			stealthRadius:r = 0
			setStealth:b = true
		}
		way {

		}
	}
	tankModels {
		name:t = "cnv_t1_convoy_02_acar"
		tm:m = [[0.461749, 0.0, 0.887011] [0.0, 1.0, 0.0] [-0.887011, 0.0, 0.461749] [68896.0, 0.55, 36887.7]]
		unit_class:t = "cn_type_86"
		objLayer:i = 1
		closed_waypoints:b = false
		isShipSpline:b = false
		shipTurnRadius:r = 100
		weapons:t = ""
		bullets0:t = ""
		bullets1:t = ""
		bullets2:t = ""
		bullets3:t = ""
		bulletsCount0:i = 0
		bulletsCount1:i = 0
		bulletsCount2:i = 0
		bulletsCount3:i = 0
		crewSkillK:r = 0
		applyAllMods:b = false
		props {
			army:i = 1
			count:i = 4
			formation_type:t = "rows"
			formation_div:i = 3
			formation_step:p2 = 12, 6
			formation_noise:p2 = 0.4, 0.5
			uniqueName:t = ""
			attack_type:t = "fire_at_will"
			isDelayed:b = true
			stealthRadius:r = 0
			setStealth:b = true
		}
		way {

		}
	}
	tankModels {
		name:t = "cnv_t1_convoy_modern_aaa_01"
		tm:m = [[0.461749, 0.0, 0.887011] [0.0, 1.0, 0.0] [-0.887011, 0.0, 0.461749] [68891.3, 0.55, 36944.0]]
		unit_class:t = "cn_pgz_09"
		objLayer:i = 1
		closed_waypoints:b = false
		isShipSpline:b = false
		shipTurnRadius:r = 100
		weapons:t = "cn_pgz_09_default"
		bullets0:t = "35mm_kda_APHEI"
		bullets1:t = ""
		bullets2:t = ""
		bullets3:t = ""
		bulletsCount0:i = 0
		bulletsCount1:i = 0
		bulletsCount2:i = 0
		bulletsCount3:i = 0
		crewSkillK:r = 0
		applyAllMods:b = false
		props {
			army:i = 1
			count:i = 2
			formation_type:t = "rows"
			formation_div:i = 3
			formation_step:p2 = 12, 6
			formation_noise:p2 = 0.4, 0.5
			uniqueName:t = ""
			attack_type:t = "fire_at_will"
			use_search_radar:b = false
			isDelayed:b = true
			stealthRadius:r = 0
			setStealth:b = true
		}
		way {

		}
	}
	tankModels {
		name:t = "cnv_t1_convoy_modern_aaa_02"
		tm:m = [[0.461749, 0.0, 0.887011] [0.0, 1.0, 0.0] [-0.887011, 0.0, 0.461749] [68926.2, 0.55, 36928.5]]
		unit_class:t = "cn_pgz_09"
		objLayer:i = 1
		closed_waypoints:b = false
		isShipSpline:b = false
		shipTurnRadius:r = 100
		weapons:t = "cn_pgz_09_default"
		bullets0:t = "35mm_kda_APHEI"
		bullets1:t = ""
		bullets2:t = ""
		bullets3:t = ""
		bulletsCount0:i = 0
		bulletsCount1:i = 0
		bulletsCount2:i = 0
		bulletsCount3:i = 0
		crewSkillK:r = 0
		applyAllMods:b = false
		props {
			army:i = 1
			count:i = 2
			formation_type:t = "rows"
			formation_div:i = 3
			formation_step:p2 = 12, 6
			formation_noise:p2 = 0.4, 0.5
			uniqueName:t = ""
			attack_type:t = "fire_at_will"
			use_search_radar:b = false
			isDelayed:b = true
			stealthRadius:r = 0
			setStealth:b = true
		}
		way {

		}
	}
	tankModels {
		name:t = "cnv_t1_convoy_outdated_aaa_01"
		tm:m = [[0.461749, 0.0, 0.887011] [0.0, 1.0, 0.0] [-0.887011, 0.0, 0.461749] [68916.1, 0.550003, 36980.7]]
		unit_class:t = "cn_m42_duster"
		objLayer:i = 1
		closed_waypoints:b = false
		isShipSpline:b = false
		shipTurnRadius:r = 100
		weapons:t = "us_m42_duster_default"
		bullets0:t = "40mm_usa_M2_AP"
		bullets1:t = ""
		bullets2:t = ""
		bullets3:t = ""
		bulletsCount0:i = 0
		bulletsCount1:i = 0
		bulletsCount2:i = 0
		bulletsCount3:i = 0
		crewSkillK:r = 0
		applyAllMods:b = false
		props {
			army:i = 1
			count:i = 3
			formation_type:t = "rows"
			formation_div:i = 3
			formation_step:p2 = 12, 6
			formation_noise:p2 = 0.4, 0.5
			uniqueName:t = ""
			attack_type:t = "fire_at_will"
			isDelayed:b = true
			stealthRadius:r = 0
			setStealth:b = true
		}
		way {

		}
	}
	tankModels {
		name:t = "cnv_t1_convoy_outdated_aaa_02"
		tm:m = [[0.461749, 0.0, 0.887011] [0.0, 1.0, 0.0] [-0.887011, 0.0, 0.461749] [68950.5, 0.549973, 36965.4]]
		unit_class:t = "cn_m42_duster"
		objLayer:i = 1
		closed_waypoints:b = false
		isShipSpline:b = false
		shipTurnRadius:r = 100
		weapons:t = "us_m42_duster_default"
		bullets0:t = "40mm_usa_M2_AP"
		bullets1:t = ""
		bullets2:t = ""
		bullets3:t = ""
		bulletsCount0:i = 0
		bulletsCount1:i = 0
		bulletsCount2:i = 0
		bulletsCount3:i = 0
		crewSkillK:r = 0
		applyAllMods:b = false
		props {
			army:i = 1
			count:i = 3
			formation_type:t = "rows"
			formation_div:i = 3
			formation_step:p2 = 12, 6
			formation_noise:p2 = 0.4, 0.5
			uniqueName:t = ""
			attack_type:t = "fire_at_will"
			isDelayed:b = true
			stealthRadius:r = 0
			setStealth:b = true
		}
		way {

		}
	}
}
areas {

}
objLayers {
	layer {
		enabled:b = true
	}
	layer {
		enabled:b = true
	}
	layer {
		enabled:b = true
	}
	layer {
		enabled:b = true
	}
}
wayPoints {

}