selected_tag:t = ""
bin_dump_file:t = ""
mission_settings {
	player {
		army:i = 1
		wing:t = ""
	}
	player_teamB {
		army:i = 2
		wing:t = ""
	}
	mission {
		level:t = "levels/berlin.bin"
		type:t = "domination"
		environment:t = "Day"
		weather:t = "hazy"
		deathPenaltyMulRounds:r = 0
		stars {
			latitude:r = 52.5
			longitude:r = 13
			year:i = 1945
			month:i = 4
			day:i = 2
		}
	}
	spectator_points {

	}
}
imports {
	import_record {
		file:t = "gameData/missions/templates/air_templates/gs/assaults_gs_template.blk"
		importAreas:b = true
		importUnits:b = true
		importTriggers:b = true
		importMissionObjectives:b = true
		importWayPoints:b = true
		showAreas:b = true
		showUnits:b = true
		showTriggers:b = true
		showMissionObjectives:b = true
		showWayPoints:b = true
		excludes {

		}
	}
}
triggers {
	isCategory:b = true
	is_enabled:b = true
}
mission_objectives {
	isCategory:b = true
	is_enabled:b = true
}
variables {
	ai_assaults_saved:i = 0
	ft_helicopters_pad_exclusive:b = false
}
dialogs {

}
airfields {

}
effects {

}
units {

}
areas {
	at_area {
		type:t = "Sphere"
		tm:m = [[-8310.78, 0.0, -13672.3] [0.0, 16000.0, 0.0] [13672.3, 0.0, -8310.78] [5500.0, 500.005, 8950.0]]
		objLayer:i = 0
		props {

		}
	}
	at_t2_spawn_01_01 {
		type:t = "Point"
		tm:m = [[0.842512, 0.0, -0.538679] [0.0, 1.0, 0.0] [0.538679, 0.0, 0.842512] [-2178.72, 500.005, 11182.8]]
		objLayer:i = 0
		props {

		}
	}
	at_t1_spawn_01_01 {
		type:t = "Point"
		tm:m = [[-0.842512, 0.0, 0.538679] [0.0, 1.0, 0.0] [-0.538679, 0.0, -0.842512] [11026.5, 499.995, 3151.75]]
		objLayer:i = 0
		props {

		}
	}
	at_t2_spawn_01_02 {
		type:t = "Point"
		tm:m = [[0.842512, 0.0, -0.538679] [0.0, 1.0, 0.0] [0.538679, 0.0, 0.842512] [-29.71, 500.005, 14730.1]]
		objLayer:i = 0
		props {

		}
	}
	at_t1_spawn_01_02 {
		type:t = "Point"
		tm:m = [[-0.842512, 0.0, 0.538679] [0.0, 1.0, 0.0] [-0.538679, 0.0, -0.842512] [13178.7, 499.996, 6705.48]]
		objLayer:i = 0
		props {

		}
	}
	at_t1_spawn_02_01 {
		type:t = "Point"
		tm:m = [[-0.842512, 0.0, 0.538679] [0.0, 1.0, 0.0] [-0.538679, 0.0, -0.842512] [9286.43, 499.997, 1917.6]]
		objLayer:i = 0
		props {

		}
	}
	at_t1_spawn_02_02 {
		type:t = "Point"
		tm:m = [[-0.842512, 0.0, 0.538679] [0.0, 1.0, 0.0] [-0.538679, 0.0, -0.842512] [13586.7, 499.993, 8600.89]]
		objLayer:i = 0
		props {

		}
	}
	at_t2_spawn_02_01 {
		type:t = "Point"
		tm:m = [[0.842512, 0.0, -0.538679] [0.0, 1.0, 0.0] [0.538679, 0.0, 0.842512] [1679.71, 500.002, 16024.7]]
		objLayer:i = 0
		props {

		}
	}
	at_t2_spawn_02_02 {
		type:t = "Point"
		tm:m = [[0.842512, 0.0, -0.538679] [0.0, 1.0, 0.0] [0.538679, 0.0, 0.842512] [-2498.79, 500.003, 9116.14]]
		objLayer:i = 0
		props {

		}
	}
}
objLayers {

}
wayPoints {

}