selected_tag:t = ""
bin_dump_file:t = ""
mission_settings {
	player {
		army:i = 1
	}
	player_teamB {
		army:i = 2
	}
	mission {
		level:t = "levels/air_smolensk.bin"
		type:t = "domination"
		environment:t = "Day"
		weather:t = "clear"
	}
}
imports {

}
triggers {
	isCategory:b = true
	is_enabled:b = true
}
mission_objectives {
	isCategory:b = true
	is_enabled:b = true
}
variables {

}
dialogs {

}
airfields {

}
effects {

}
units {
	objectGroups {
		name:t = "t1_airfield_mid"
		tm:m = [[0.99423, 0.0, 0.107283] [0.0, 1.0, 0.0] [-0.107283, 0.0, 0.99423] [15570.0, 161.316, 5870.79]]
		unit_class:t = "dynaf_pg_1line_ground"
		objLayer:i = 2
		props {
			army:i = 1
			active:b = true
		}
	}
	objectGroups {
		name:t = "t2_airfield_mid"
		tm:m = [[-0.997813, 0.0, 0.0661034] [0.0, 1.0, 0.0] [-0.0661034, 0.0, -0.997813] [-25639.4, 70.5658, -3318.7]]
		unit_class:t = "dynaf_pg_1line_ground"
		objLayer:i = 2
		props {
			army:i = 2
			active:b = true
		}
	}
	air_defence {
		name:t = "t1_def_aaa_mid_01"
		tm:m = [[-0.969145, 0.0, 0.246488] [0.0, 1.0, 0.0] [-0.246488, 0.0, -0.969145] [15479.4, 134.827, 6279.84]]
		unit_class:t = "us_90mm_m1"
		objLayer:i = 1
		closed_waypoints:b = false
		isShipSpline:b = false
		shipTurnRadius:r = 100
		weapons:t = ""
		bullets0:t = ""
		bullets1:t = ""
		bullets2:t = ""
		bullets3:t = ""
		bulletsCount0:i = 0
		bulletsCount1:i = 0
		bulletsCount2:i = 0
		bulletsCount3:i = 0
		crewSkillK:r = 0
		applyAllMods:b = false
		props {
			army:i = 1
			count:i = 1
			formation_type:t = "rows"
			formation_div:i = 3
			formation_step:p2 = 2.5, 2
			formation_noise:p2 = 0.1, 0.1
			uniqueName:t = ""
			attack_type:t = "fire_at_will"
		}
		way {

		}
	}
	air_defence {
		name:t = "t1_def_aaa_mid_02"
		tm:m = [[-0.969145, 0.0, 0.246488] [0.0, 1.0, 0.0] [-0.246488, 0.0, -0.969145] [15052.6, 135.061, 6388.06]]
		unit_class:t = "us_90mm_m1"
		objLayer:i = 1
		closed_waypoints:b = false
		isShipSpline:b = false
		shipTurnRadius:r = 100
		weapons:t = ""
		bullets0:t = ""
		bullets1:t = ""
		bullets2:t = ""
		bullets3:t = ""
		bulletsCount0:i = 0
		bulletsCount1:i = 0
		bulletsCount2:i = 0
		bulletsCount3:i = 0
		crewSkillK:r = 0
		applyAllMods:b = false
		props {
			army:i = 1
			count:i = 1
			formation_type:t = "rows"
			formation_div:i = 3
			formation_step:p2 = 2.5, 2
			formation_noise:p2 = 0.1, 0.1
			uniqueName:t = ""
			attack_type:t = "fire_at_will"
		}
		way {

		}
	}
	air_defence {
		name:t = "t1_def_aaa_mid_03"
		tm:m = [[-0.969145, 0.0, 0.246488] [0.0, 1.0, 0.0] [-0.246488, 0.0, -0.969145] [16675.3, 128.711, 5373.69]]
		unit_class:t = "us_90mm_m1"
		objLayer:i = 1
		closed_waypoints:b = false
		isShipSpline:b = false
		shipTurnRadius:r = 100
		weapons:t = ""
		bullets0:t = ""
		bullets1:t = ""
		bullets2:t = ""
		bullets3:t = ""
		bulletsCount0:i = 0
		bulletsCount1:i = 0
		bulletsCount2:i = 0
		bulletsCount3:i = 0
		crewSkillK:r = 0
		applyAllMods:b = false
		props {
			army:i = 1
			count:i = 1
			formation_type:t = "rows"
			formation_div:i = 3
			formation_step:p2 = 2.5, 2
			formation_noise:p2 = 0.1, 0.1
			uniqueName:t = ""
			attack_type:t = "fire_at_will"
		}
		way {

		}
	}
	air_defence {
		name:t = "t1_def_aaa_mid_04"
		tm:m = [[-0.969145, 0.0, 0.246488] [0.0, 1.0, 0.0] [-0.246488, 0.0, -0.969145] [17075.3, 155.461, 6462.36]]
		unit_class:t = "us_90mm_m1"
		objLayer:i = 1
		closed_waypoints:b = false
		isShipSpline:b = false
		shipTurnRadius:r = 100
		weapons:t = ""
		bullets0:t = ""
		bullets1:t = ""
		bullets2:t = ""
		bullets3:t = ""
		bulletsCount0:i = 0
		bulletsCount1:i = 0
		bulletsCount2:i = 0
		bulletsCount3:i = 0
		crewSkillK:r = 0
		applyAllMods:b = false
		props {
			army:i = 1
			count:i = 1
			formation_type:t = "rows"
			formation_div:i = 3
			formation_step:p2 = 2.5, 2
			formation_noise:p2 = 0.1, 0.1
			uniqueName:t = ""
			attack_type:t = "fire_at_will"
		}
		way {

		}
	}
	air_defence {
		name:t = "t1_def_aaa_mid_05"
		tm:m = [[-0.969145, 0.0, 0.246488] [0.0, 1.0, 0.0] [-0.246488, 0.0, -0.969145] [16209.7, 134.689, 6376.69]]
		unit_class:t = "us_40mm_bofors_airfield"
		objLayer:i = 1
		closed_waypoints:b = false
		isShipSpline:b = false
		shipTurnRadius:r = 100
		weapons:t = ""
		bullets0:t = ""
		bullets1:t = ""
		bullets2:t = ""
		bullets3:t = ""
		bulletsCount0:i = 0
		bulletsCount1:i = 0
		bulletsCount2:i = 0
		bulletsCount3:i = 0
		crewSkillK:r = 0
		applyAllMods:b = false
		props {
			army:i = 1
			count:i = 1
			formation_type:t = "rows"
			formation_div:i = 3
			formation_step:p2 = 2.5, 2
			formation_noise:p2 = 0.1, 0.1
			uniqueName:t = ""
			attack_type:t = "fire_at_will"
		}
		way {

		}
	}
	air_defence {
		name:t = "t1_def_aaa_mid_06"
		tm:m = [[-0.969145, 0.0, 0.246488] [0.0, 1.0, 0.0] [-0.246488, 0.0, -0.969145] [14363.0, 130.858, 5129.39]]
		unit_class:t = "us_40mm_bofors_airfield"
		objLayer:i = 1
		closed_waypoints:b = false
		isShipSpline:b = false
		shipTurnRadius:r = 100
		weapons:t = ""
		bullets0:t = ""
		bullets1:t = ""
		bullets2:t = ""
		bullets3:t = ""
		bulletsCount0:i = 0
		bulletsCount1:i = 0
		bulletsCount2:i = 0
		bulletsCount3:i = 0
		crewSkillK:r = 0
		applyAllMods:b = false
		props {
			army:i = 1
			count:i = 1
			formation_type:t = "rows"
			formation_div:i = 3
			formation_step:p2 = 2.5, 2
			formation_noise:p2 = 0.1, 0.1
			uniqueName:t = ""
			attack_type:t = "fire_at_will"
		}
		way {

		}
	}
	air_defence {
		name:t = "t1_def_aaa_mid_07"
		tm:m = [[-0.969145, 0.0, 0.246488] [0.0, 1.0, 0.0] [-0.246488, 0.0, -0.969145] [15417.6, 135.303, 5267.82]]
		unit_class:t = "us_40mm_bofors_airfield"
		objLayer:i = 1
		closed_waypoints:b = false
		isShipSpline:b = false
		shipTurnRadius:r = 100
		weapons:t = ""
		bullets0:t = ""
		bullets1:t = ""
		bullets2:t = ""
		bullets3:t = ""
		bulletsCount0:i = 0
		bulletsCount1:i = 0
		bulletsCount2:i = 0
		bulletsCount3:i = 0
		crewSkillK:r = 0
		applyAllMods:b = false
		props {
			army:i = 1
			count:i = 1
			formation_type:t = "rows"
			formation_div:i = 3
			formation_step:p2 = 2.5, 2
			formation_noise:p2 = 0.1, 0.1
			uniqueName:t = ""
			attack_type:t = "fire_at_will"
		}
		way {

		}
	}
	air_defence {
		name:t = "t1_def_aaa_mid_08"
		tm:m = [[-0.969145, 0.0, 0.246488] [0.0, 1.0, 0.0] [-0.246488, 0.0, -0.969145] [15651.8, 144.75, 6255.09]]
		unit_class:t = "us_40mm_bofors_airfield"
		objLayer:i = 1
		closed_waypoints:b = false
		isShipSpline:b = false
		shipTurnRadius:r = 100
		weapons:t = ""
		bullets0:t = ""
		bullets1:t = ""
		bullets2:t = ""
		bullets3:t = ""
		bulletsCount0:i = 0
		bulletsCount1:i = 0
		bulletsCount2:i = 0
		bulletsCount3:i = 0
		crewSkillK:r = 0
		applyAllMods:b = false
		props {
			army:i = 1
			count:i = 1
			formation_type:t = "rows"
			formation_div:i = 3
			formation_step:p2 = 2.5, 2
			formation_noise:p2 = 0.1, 0.1
			uniqueName:t = ""
			attack_type:t = "fire_at_will"
		}
		way {

		}
	}
	air_defence {
		name:t = "t1_def_aaa_mid_09"
		tm:m = [[-0.969145, 0.0, 0.246488] [0.0, 1.0, 0.0] [-0.246488, 0.0, -0.969145] [15928.4, 127.215, 5373.38]]
		unit_class:t = "us_40mm_bofors_airfield"
		objLayer:i = 1
		closed_waypoints:b = false
		isShipSpline:b = false
		shipTurnRadius:r = 100
		weapons:t = ""
		bullets0:t = ""
		bullets1:t = ""
		bullets2:t = ""
		bullets3:t = ""
		bulletsCount0:i = 0
		bulletsCount1:i = 0
		bulletsCount2:i = 0
		bulletsCount3:i = 0
		crewSkillK:r = 0
		applyAllMods:b = false
		props {
			army:i = 1
			count:i = 1
			formation_type:t = "rows"
			formation_div:i = 3
			formation_step:p2 = 2.5, 2
			formation_noise:p2 = 0.1, 0.1
			uniqueName:t = ""
			attack_type:t = "fire_at_will"
		}
		way {

		}
	}
	air_defence {
		name:t = "t1_def_aaa_mid_10"
		tm:m = [[-0.969145, 0.0, 0.246488] [0.0, 1.0, 0.0] [-0.246488, 0.0, -0.969145] [16311.4, 126.193, 5447.68]]
		unit_class:t = "us_40mm_bofors_airfield"
		objLayer:i = 1
		closed_waypoints:b = false
		isShipSpline:b = false
		shipTurnRadius:r = 100
		weapons:t = ""
		bullets0:t = ""
		bullets1:t = ""
		bullets2:t = ""
		bullets3:t = ""
		bulletsCount0:i = 0
		bulletsCount1:i = 0
		bulletsCount2:i = 0
		bulletsCount3:i = 0
		crewSkillK:r = 0
		applyAllMods:b = false
		props {
			army:i = 1
			count:i = 1
			formation_type:t = "rows"
			formation_div:i = 3
			formation_step:p2 = 2.5, 2
			formation_noise:p2 = 0.1, 0.1
			uniqueName:t = ""
			attack_type:t = "fire_at_will"
		}
		way {

		}
	}
	air_defence {
		name:t = "t1_def_aaa_mid_11"
		tm:m = [[-0.969145, 0.0, 0.246488] [0.0, 1.0, 0.0] [-0.246488, 0.0, -0.969145] [16361.6, 148.753, 6270.05]]
		unit_class:t = "us_12mm_m2"
		objLayer:i = 1
		closed_waypoints:b = false
		isShipSpline:b = false
		shipTurnRadius:r = 100
		weapons:t = ""
		bullets0:t = ""
		bullets1:t = ""
		bullets2:t = ""
		bullets3:t = ""
		bulletsCount0:i = 0
		bulletsCount1:i = 0
		bulletsCount2:i = 0
		bulletsCount3:i = 0
		crewSkillK:r = 0
		applyAllMods:b = false
		props {
			army:i = 1
			count:i = 1
			formation_type:t = "rows"
			formation_div:i = 3
			formation_step:p2 = 2.5, 2
			formation_noise:p2 = 0.1, 0.1
			uniqueName:t = ""
			attack_type:t = "fire_at_will"
		}
		way {

		}
	}
	air_defence {
		name:t = "t1_def_aaa_mid_12"
		tm:m = [[-0.969145, 0.0, 0.246488] [0.0, 1.0, 0.0] [-0.246488, 0.0, -0.969145] [15721.1, 129.673, 5473.6]]
		unit_class:t = "us_12mm_m2"
		objLayer:i = 1
		closed_waypoints:b = false
		isShipSpline:b = false
		shipTurnRadius:r = 100
		weapons:t = ""
		bullets0:t = ""
		bullets1:t = ""
		bullets2:t = ""
		bullets3:t = ""
		bulletsCount0:i = 0
		bulletsCount1:i = 0
		bulletsCount2:i = 0
		bulletsCount3:i = 0
		crewSkillK:r = 0
		applyAllMods:b = false
		props {
			army:i = 1
			count:i = 1
			formation_type:t = "rows"
			formation_div:i = 3
			formation_step:p2 = 2.5, 2
			formation_noise:p2 = 0.1, 0.1
			uniqueName:t = ""
			attack_type:t = "fire_at_will"
		}
		way {

		}
	}
	air_defence {
		name:t = "t1_def_aaa_mid_13"
		tm:m = [[-0.969145, 0.0, 0.246488] [0.0, 1.0, 0.0] [-0.246488, 0.0, -0.969145] [14542.8, 157.549, 6231.59]]
		unit_class:t = "us_12mm_m2"
		objLayer:i = 1
		closed_waypoints:b = false
		isShipSpline:b = false
		shipTurnRadius:r = 100
		weapons:t = ""
		bullets0:t = ""
		bullets1:t = ""
		bullets2:t = ""
		bullets3:t = ""
		bulletsCount0:i = 0
		bulletsCount1:i = 0
		bulletsCount2:i = 0
		bulletsCount3:i = 0
		crewSkillK:r = 0
		applyAllMods:b = false
		props {
			army:i = 1
			count:i = 1
			formation_type:t = "rows"
			formation_div:i = 3
			formation_step:p2 = 2.5, 2
			formation_noise:p2 = 0.1, 0.1
			uniqueName:t = ""
			attack_type:t = "fire_at_will"
		}
		way {

		}
	}
	air_defence {
		name:t = "t1_def_aaa_mid_14"
		tm:m = [[-0.969145, 0.0, 0.246488] [0.0, 1.0, 0.0] [-0.246488, 0.0, -0.969145] [14951.8, 133.258, 5265.16]]
		unit_class:t = "us_12mm_m2"
		objLayer:i = 1
		closed_waypoints:b = false
		isShipSpline:b = false
		shipTurnRadius:r = 100
		weapons:t = ""
		bullets0:t = ""
		bullets1:t = ""
		bullets2:t = ""
		bullets3:t = ""
		bulletsCount0:i = 0
		bulletsCount1:i = 0
		bulletsCount2:i = 0
		bulletsCount3:i = 0
		crewSkillK:r = 0
		applyAllMods:b = false
		props {
			army:i = 1
			count:i = 1
			formation_type:t = "rows"
			formation_div:i = 3
			formation_step:p2 = 2.5, 2
			formation_noise:p2 = 0.1, 0.1
			uniqueName:t = ""
			attack_type:t = "fire_at_will"
		}
		way {

		}
	}
	squad {
		name:t = "t1_def_aaa_mid_squad"
		tm:m = [[-1.28796e-34, 0.0, -2.51278e-35] [0.0, 0.0, 0.0] [-3.64413e-34, 0.0, -5.41071e-34] [28898.4, 158.238, -3331.12]]
		props {
			squad_members:t = "t1_def_aaa_mid_14"
			squad_members:t = "t1_def_aaa_mid_01"
			squad_members:t = "t1_def_aaa_mid_02"
			squad_members:t = "t1_def_aaa_mid_03"
			squad_members:t = "t1_def_aaa_mid_04"
			squad_members:t = "t1_def_aaa_mid_05"
			squad_members:t = "t1_def_aaa_mid_06"
			squad_members:t = "t1_def_aaa_mid_07"
			squad_members:t = "t1_def_aaa_mid_08"
			squad_members:t = "t1_def_aaa_mid_09"
			squad_members:t = "t1_def_aaa_mid_10"
			squad_members:t = "t1_def_aaa_mid_11"
			squad_members:t = "t1_def_aaa_mid_12"
			squad_members:t = "t1_def_aaa_mid_13"
			object_marking:i = 0
		}
	}
	air_defence {
		name:t = "t2_def_aaa_mid_01"
		tm:m = [[-0.958084, 0.0, 0.286486] [0.0, 1.0, 0.0] [-0.286486, 0.0, -0.958084] [-26841.4, 117.453, -2863.49]]
		unit_class:t = "germ_88mm_flak36"
		objLayer:i = 1
		closed_waypoints:b = false
		isShipSpline:b = false
		shipTurnRadius:r = 100
		weapons:t = ""
		bullets0:t = ""
		bullets1:t = ""
		bullets2:t = ""
		bullets3:t = ""
		bulletsCount0:i = 0
		bulletsCount1:i = 0
		bulletsCount2:i = 0
		bulletsCount3:i = 0
		crewSkillK:r = 0
		applyAllMods:b = false
		props {
			army:i = 2
			count:i = 1
			formation_type:t = "rows"
			formation_div:i = 3
			formation_step:p2 = 2.5, 2
			formation_noise:p2 = 0.1, 0.1
			uniqueName:t = ""
			attack_type:t = "fire_at_will"
		}
		way {

		}
	}
	air_defence {
		name:t = "t2_def_aaa_mid_02"
		tm:m = [[-0.958084, 0.0, 0.286486] [0.0, 1.0, 0.0] [-0.286486, 0.0, -0.958084] [-26815.3, 101.896, -3780.08]]
		unit_class:t = "germ_88mm_flak36"
		objLayer:i = 1
		closed_waypoints:b = false
		isShipSpline:b = false
		shipTurnRadius:r = 100
		weapons:t = ""
		bullets0:t = ""
		bullets1:t = ""
		bullets2:t = ""
		bullets3:t = ""
		bulletsCount0:i = 0
		bulletsCount1:i = 0
		bulletsCount2:i = 0
		bulletsCount3:i = 0
		crewSkillK:r = 0
		applyAllMods:b = false
		props {
			army:i = 2
			count:i = 1
			formation_type:t = "rows"
			formation_div:i = 3
			formation_step:p2 = 2.5, 2
			formation_noise:p2 = 0.1, 0.1
			uniqueName:t = ""
			attack_type:t = "fire_at_will"
		}
		way {

		}
	}
	air_defence {
		name:t = "t2_def_aaa_mid_03"
		tm:m = [[-0.958084, 0.0, 0.286486] [0.0, 1.0, 0.0] [-0.286486, 0.0, -0.958084] [-24537.2, 155.88, -2881.93]]
		unit_class:t = "germ_88mm_flak36"
		objLayer:i = 1
		closed_waypoints:b = false
		isShipSpline:b = false
		shipTurnRadius:r = 100
		weapons:t = ""
		bullets0:t = ""
		bullets1:t = ""
		bullets2:t = ""
		bullets3:t = ""
		bulletsCount0:i = 0
		bulletsCount1:i = 0
		bulletsCount2:i = 0
		bulletsCount3:i = 0
		crewSkillK:r = 0
		applyAllMods:b = false
		props {
			army:i = 2
			count:i = 1
			formation_type:t = "rows"
			formation_div:i = 3
			formation_step:p2 = 2.5, 2
			formation_noise:p2 = 0.1, 0.1
			uniqueName:t = ""
			attack_type:t = "fire_at_will"
		}
		way {

		}
	}
	air_defence {
		name:t = "t2_def_aaa_mid_04"
		tm:m = [[-0.958084, 0.0, 0.286486] [0.0, 1.0, 0.0] [-0.286486, 0.0, -0.958084] [-24114.6, 167.599, -2991.39]]
		unit_class:t = "germ_88mm_flak36"
		objLayer:i = 1
		closed_waypoints:b = false
		isShipSpline:b = false
		shipTurnRadius:r = 100
		weapons:t = ""
		bullets0:t = ""
		bullets1:t = ""
		bullets2:t = ""
		bullets3:t = ""
		bulletsCount0:i = 0
		bulletsCount1:i = 0
		bulletsCount2:i = 0
		bulletsCount3:i = 0
		crewSkillK:r = 0
		applyAllMods:b = false
		props {
			army:i = 2
			count:i = 1
			formation_type:t = "rows"
			formation_div:i = 3
			formation_step:p2 = 2.5, 2
			formation_noise:p2 = 0.1, 0.1
			uniqueName:t = ""
			attack_type:t = "fire_at_will"
		}
		way {

		}
	}
	air_defence {
		name:t = "t2_def_aaa_mid_05"
		tm:m = [[-0.958084, 0.0, 0.286486] [0.0, 1.0, 0.0] [-0.286486, 0.0, -0.958084] [-25010.9, 144.592, -2851.51]]
		unit_class:t = "germ_37mm_flak43"
		objLayer:i = 1
		closed_waypoints:b = false
		isShipSpline:b = false
		shipTurnRadius:r = 100
		weapons:t = ""
		bullets0:t = ""
		bullets1:t = ""
		bullets2:t = ""
		bullets3:t = ""
		bulletsCount0:i = 0
		bulletsCount1:i = 0
		bulletsCount2:i = 0
		bulletsCount3:i = 0
		crewSkillK:r = 0
		applyAllMods:b = false
		props {
			army:i = 2
			count:i = 1
			formation_type:t = "rows"
			formation_div:i = 3
			formation_step:p2 = 2.5, 2
			formation_noise:p2 = 0.1, 0.1
			uniqueName:t = ""
			attack_type:t = "fire_at_will"
		}
		way {

		}
	}
	air_defence {
		name:t = "t2_def_aaa_mid_06"
		tm:m = [[-0.958084, 0.0, 0.286486] [0.0, 1.0, 0.0] [-0.286486, 0.0, -0.958084] [-24213.2, 139.395, -3839.21]]
		unit_class:t = "germ_37mm_flak43"
		objLayer:i = 1
		closed_waypoints:b = false
		isShipSpline:b = false
		shipTurnRadius:r = 100
		weapons:t = ""
		bullets0:t = ""
		bullets1:t = ""
		bullets2:t = ""
		bullets3:t = ""
		bulletsCount0:i = 0
		bulletsCount1:i = 0
		bulletsCount2:i = 0
		bulletsCount3:i = 0
		crewSkillK:r = 0
		applyAllMods:b = false
		props {
			army:i = 2
			count:i = 1
			formation_type:t = "rows"
			formation_div:i = 3
			formation_step:p2 = 2.5, 2
			formation_noise:p2 = 0.1, 0.1
			uniqueName:t = ""
			attack_type:t = "fire_at_will"
		}
		way {

		}
	}
	air_defence {
		name:t = "t2_def_aaa_mid_07"
		tm:m = [[-0.958084, 0.0, 0.286486] [0.0, 1.0, 0.0] [-0.286486, 0.0, -0.958084] [-25609.8, 119.137, -2796.24]]
		unit_class:t = "germ_37mm_flak43"
		objLayer:i = 1
		closed_waypoints:b = false
		isShipSpline:b = false
		shipTurnRadius:r = 100
		weapons:t = ""
		bullets0:t = ""
		bullets1:t = ""
		bullets2:t = ""
		bullets3:t = ""
		bulletsCount0:i = 0
		bulletsCount1:i = 0
		bulletsCount2:i = 0
		bulletsCount3:i = 0
		crewSkillK:r = 0
		applyAllMods:b = false
		props {
			army:i = 2
			count:i = 1
			formation_type:t = "rows"
			formation_div:i = 3
			formation_step:p2 = 2.5, 2
			formation_noise:p2 = 0.1, 0.1
			uniqueName:t = ""
			attack_type:t = "fire_at_will"
		}
		way {

		}
	}
	air_defence {
		name:t = "t2_def_aaa_mid_08"
		tm:m = [[-0.958084, 0.0, 0.286486] [0.0, 1.0, 0.0] [-0.286486, 0.0, -0.958084] [-25211.4, 129.525, -3801.67]]
		unit_class:t = "germ_37mm_flak43"
		objLayer:i = 1
		closed_waypoints:b = false
		isShipSpline:b = false
		shipTurnRadius:r = 100
		weapons:t = ""
		bullets0:t = ""
		bullets1:t = ""
		bullets2:t = ""
		bullets3:t = ""
		bulletsCount0:i = 0
		bulletsCount1:i = 0
		bulletsCount2:i = 0
		bulletsCount3:i = 0
		crewSkillK:r = 0
		applyAllMods:b = false
		props {
			army:i = 2
			count:i = 1
			formation_type:t = "rows"
			formation_div:i = 3
			formation_step:p2 = 2.5, 2
			formation_noise:p2 = 0.1, 0.1
			uniqueName:t = ""
			attack_type:t = "fire_at_will"
		}
		way {

		}
	}
	air_defence {
		name:t = "t2_def_aaa_mid_09"
		tm:m = [[-0.958084, 0.0, 0.286486] [0.0, 1.0, 0.0] [-0.286486, 0.0, -0.958084] [-26257.7, 117.42, -3721.57]]
		unit_class:t = "germ_37mm_flak43"
		objLayer:i = 1
		closed_waypoints:b = false
		isShipSpline:b = false
		shipTurnRadius:r = 100
		weapons:t = ""
		bullets0:t = ""
		bullets1:t = ""
		bullets2:t = ""
		bullets3:t = ""
		bulletsCount0:i = 0
		bulletsCount1:i = 0
		bulletsCount2:i = 0
		bulletsCount3:i = 0
		crewSkillK:r = 0
		applyAllMods:b = false
		props {
			army:i = 2
			count:i = 1
			formation_type:t = "rows"
			formation_div:i = 3
			formation_step:p2 = 2.5, 2
			formation_noise:p2 = 0.1, 0.1
			uniqueName:t = ""
			attack_type:t = "fire_at_will"
		}
		way {

		}
	}
	air_defence {
		name:t = "t2_def_aaa_mid_10"
		tm:m = [[-0.958084, 0.0, 0.286486] [0.0, 1.0, 0.0] [-0.286486, 0.0, -0.958084] [-26331.4, 96.1388, -3003.28]]
		unit_class:t = "germ_37mm_flak43"
		objLayer:i = 1
		closed_waypoints:b = false
		isShipSpline:b = false
		shipTurnRadius:r = 100
		weapons:t = ""
		bullets0:t = ""
		bullets1:t = ""
		bullets2:t = ""
		bullets3:t = ""
		bulletsCount0:i = 0
		bulletsCount1:i = 0
		bulletsCount2:i = 0
		bulletsCount3:i = 0
		crewSkillK:r = 0
		applyAllMods:b = false
		props {
			army:i = 2
			count:i = 1
			formation_type:t = "rows"
			formation_div:i = 3
			formation_step:p2 = 2.5, 2
			formation_noise:p2 = 0.1, 0.1
			uniqueName:t = ""
			attack_type:t = "fire_at_will"
		}
		way {

		}
	}
	air_defence {
		name:t = "t2_def_aaa_mid_11"
		tm:m = [[-0.958084, 0.0, 0.286486] [0.0, 1.0, 0.0] [-0.286486, 0.0, -0.958084] [-26195.9, 105.039, -2857.16]]
		unit_class:t = "germ_20mm_flak38_airfield"
		objLayer:i = 1
		closed_waypoints:b = false
		isShipSpline:b = false
		shipTurnRadius:r = 100
		weapons:t = ""
		bullets0:t = ""
		bullets1:t = ""
		bullets2:t = ""
		bullets3:t = ""
		bulletsCount0:i = 0
		bulletsCount1:i = 0
		bulletsCount2:i = 0
		bulletsCount3:i = 0
		crewSkillK:r = 0
		applyAllMods:b = false
		props {
			army:i = 2
			count:i = 1
			formation_type:t = "rows"
			formation_div:i = 3
			formation_step:p2 = 2.5, 2
			formation_noise:p2 = 0.1, 0.1
			uniqueName:t = ""
			attack_type:t = "fire_at_will"
		}
		way {

		}
	}
	air_defence {
		name:t = "t2_def_aaa_mid_12"
		tm:m = [[-0.958084, 0.0, 0.286486] [0.0, 1.0, 0.0] [-0.286486, 0.0, -0.958084] [-25236.6, 129.338, -2814.68]]
		unit_class:t = "germ_20mm_flak38_airfield"
		objLayer:i = 1
		closed_waypoints:b = false
		isShipSpline:b = false
		shipTurnRadius:r = 100
		weapons:t = ""
		bullets0:t = ""
		bullets1:t = ""
		bullets2:t = ""
		bullets3:t = ""
		bulletsCount0:i = 0
		bulletsCount1:i = 0
		bulletsCount2:i = 0
		bulletsCount3:i = 0
		crewSkillK:r = 0
		applyAllMods:b = false
		props {
			army:i = 2
			count:i = 1
			formation_type:t = "rows"
			formation_div:i = 3
			formation_step:p2 = 2.5, 2
			formation_noise:p2 = 0.1, 0.1
			uniqueName:t = ""
			attack_type:t = "fire_at_will"
		}
		way {

		}
	}
	air_defence {
		name:t = "t2_def_aaa_mid_13"
		tm:m = [[-0.958084, 0.0, 0.286486] [0.0, 1.0, 0.0] [-0.286486, 0.0, -0.958084] [-24720.5, 129.222, -3822.1]]
		unit_class:t = "germ_20mm_flak38_airfield"
		objLayer:i = 1
		closed_waypoints:b = false
		isShipSpline:b = false
		shipTurnRadius:r = 100
		weapons:t = ""
		bullets0:t = ""
		bullets1:t = ""
		bullets2:t = ""
		bullets3:t = ""
		bulletsCount0:i = 0
		bulletsCount1:i = 0
		bulletsCount2:i = 0
		bulletsCount3:i = 0
		crewSkillK:r = 0
		applyAllMods:b = false
		props {
			army:i = 2
			count:i = 1
			formation_type:t = "rows"
			formation_div:i = 3
			formation_step:p2 = 2.5, 2
			formation_noise:p2 = 0.1, 0.1
			uniqueName:t = ""
			attack_type:t = "fire_at_will"
		}
		way {

		}
	}
	air_defence {
		name:t = "t2_def_aaa_mid_14"
		tm:m = [[-0.958084, 0.0, 0.286486] [0.0, 1.0, 0.0] [-0.286486, 0.0, -0.958084] [-25642.6, 118.39, -3791.6]]
		unit_class:t = "germ_20mm_flak38_airfield"
		objLayer:i = 1
		closed_waypoints:b = false
		isShipSpline:b = false
		shipTurnRadius:r = 100
		weapons:t = ""
		bullets0:t = ""
		bullets1:t = ""
		bullets2:t = ""
		bullets3:t = ""
		bulletsCount0:i = 0
		bulletsCount1:i = 0
		bulletsCount2:i = 0
		bulletsCount3:i = 0
		crewSkillK:r = 0
		applyAllMods:b = false
		props {
			army:i = 2
			count:i = 1
			formation_type:t = "rows"
			formation_div:i = 3
			formation_step:p2 = 2.5, 2
			formation_noise:p2 = 0.1, 0.1
			uniqueName:t = ""
			attack_type:t = "fire_at_will"
		}
		way {

		}
	}
	squad {
		name:t = "t2_def_aaa_mid_squad"
		tm:m = [[-1.80115e-34, 0.0, -3.51402e-35] [0.0, 0.0, 0.0] [-3.64327e-34, 0.0, -5.40944e-34] [-30308.9, 158.232, -6103.12]]
		props {
			squad_members:t = "t2_def_aaa_mid_14"
			squad_members:t = "t2_def_aaa_mid_05"
			squad_members:t = "t2_def_aaa_mid_06"
			squad_members:t = "t2_def_aaa_mid_07"
			squad_members:t = "t2_def_aaa_mid_08"
			squad_members:t = "t2_def_aaa_mid_09"
			squad_members:t = "t2_def_aaa_mid_10"
			squad_members:t = "t2_def_aaa_mid_11"
			squad_members:t = "t2_def_aaa_mid_12"
			squad_members:t = "t2_def_aaa_mid_13"
			squad_members:t = "t2_def_aaa_mid_02"
			squad_members:t = "t2_def_aaa_mid_01"
			squad_members:t = "t2_def_aaa_mid_03"
			squad_members:t = "t2_def_aaa_mid_04"
			object_marking:i = 0
		}
	}
}
areas {
	t1_interceptor_mid_area {
		type:t = "Sphere"
		tm:m = [[2532.99, 0.0, -5439.12] [0.0, 6000.0, 0.0] [5439.12, 0.0, 2532.99] [15735.3, 2000.0, 5819.72]]
		objLayer:i = 4
		props {

		}
	}
	t1_assault_mid_spawn {
		type:t = "Sphere"
		tm:m = [[-277.221, 0.0, -114.666] [0.0, 300.0, 0.0] [114.666, 0.0, -277.221] [11204.4, 999.996, 3711.71]]
		objLayer:i = 4
		props {

		}
	}
	t1_aaa_fighter_mid_area {
		type:t = "Sphere"
		tm:m = [[1688.66, 0.0, -3626.07] [0.0, 4000.0, 0.0] [3626.07, 0.0, 1688.66] [15735.3, 3000.0, 5819.72]]
		objLayer:i = 4
		props {

		}
	}
	t1_assault_mid_area {
		type:t = "Sphere"
		tm:m = [[4221.65, 0.0, -9065.19] [0.0, 10000.0, 0.0] [9065.19, 0.0, 4221.65] [15735.3, 999.996, 5819.71]]
		objLayer:i = 4
		props {

		}
	}
	t1_interceptor_mid_spawn {
		type:t = "Sphere"
		tm:m = [[-277.221, 0.0, -114.666] [0.0, 300.0, 0.0] [114.666, 0.0, -277.221] [18437.5, 999.996, 7078.54]]
		objLayer:i = 4
		props {

		}
	}
	t1_aaa_fighter_mid_spawn {
		type:t = "Sphere"
		tm:m = [[-277.221, 0.0, -114.666] [0.0, 300.0, 0.0] [114.666, 0.0, -277.221] [17542.0, 2000.0, 6661.36]]
		objLayer:i = 4
		props {

		}
	}
	t1_far_bomber_mid_spawn {
		type:t = "Sphere"
		tm:m = [[-277.221, 0.0, -114.666] [0.0, 300.0, 0.0] [114.666, 0.0, -277.221] [13922.9, 4500.0, 4975.95]]
		objLayer:i = 4
		props {

		}
	}
	t1_main_bomber_mid_spawn {
		type:t = "Sphere"
		tm:m = [[-277.221, 0.0, -114.666] [0.0, 300.0, 0.0] [114.666, 0.0, -277.221] [13469.1, 3500.0, 4764.54]]
		objLayer:i = 4
		props {

		}
	}
	t1_far_bomber_mid_area {
		type:t = "Sphere"
		tm:m = [[1688.66, 0.0, -3626.07] [0.0, 4000.0, 0.0] [3626.07, 0.0, 1688.66] [15735.3, 4500.0, 5819.72]]
		objLayer:i = 4
		props {

		}
	}
	t1_main_bomber_mid_area {
		type:t = "Sphere"
		tm:m = [[2110.83, 0.0, -4532.6] [0.0, 5000.0, 0.0] [4532.6, 0.0, 2110.83] [15735.3, 3500.0, 5819.71]]
		objLayer:i = 4
		props {

		}
	}
	t2_interceptor_mid_area {
		type:t = "Sphere"
		tm:m = [[50.785, 0.0, 5999.78] [0.0, 6000.0, 0.0] [-5999.78, 0.0, 50.785] [-25682.7, 2000.0, -3046.71]]
		objLayer:i = 4
		props {

		}
	}
	t2_assault_mid_spawn {
		type:t = "Sphere"
		tm:m = [[299.592, 0.0, -15.6214] [0.0, 300.0, 0.0] [15.6214, 0.0, 299.592] [-20684.3, 999.996, -3088.36]]
		objLayer:i = 4
		props {

		}
	}
	t2_aaa_fighter_mid_area {
		type:t = "Sphere"
		tm:m = [[33.8539, 0.0, 3999.86] [0.0, 4000.0, 0.0] [-3999.86, 0.0, 33.8539] [-25682.7, 3000.0, -3046.7]]
		objLayer:i = 4
		props {

		}
	}
	t2_assault_mid_area {
		type:t = "Sphere"
		tm:m = [[84.6306, 0.0, 9999.64] [0.0, 10000.0, 0.0] [-9999.64, 0.0, 84.6306] [-25682.7, 999.996, -3046.71]]
		objLayer:i = 4
		props {

		}
	}
	t2_interceptor_mid_spawn {
		type:t = "Sphere"
		tm:m = [[299.592, 0.0, -15.6214] [0.0, 300.0, 0.0] [15.6214, 0.0, 299.592] [-28663.6, 999.996, -3021.9]]
		objLayer:i = 4
		props {

		}
	}
	t2_aaa_fighter_mid_spawn {
		type:t = "Sphere"
		tm:m = [[299.592, 0.0, -15.6214] [0.0, 300.0, 0.0] [15.6214, 0.0, 299.592] [-27675.8, 2000.0, -3030.1]]
		objLayer:i = 4
		props {

		}
	}
	t2_far_bomber_mid_spawn {
		type:t = "Sphere"
		tm:m = [[299.592, 0.0, -15.6214] [0.0, 300.0, 0.0] [15.6214, 0.0, 299.592] [-23683.7, 4500.0, -3063.97]]
		objLayer:i = 4
		props {

		}
	}
	t2_main_bomber_mid_spawn {
		type:t = "Sphere"
		tm:m = [[299.592, 0.0, -15.6214] [0.0, 300.0, 0.0] [15.6214, 0.0, 299.592] [-23183.1, 3500.0, -3068.27]]
		objLayer:i = 4
		props {

		}
	}
	t2_far_bomber_mid_area {
		type:t = "Sphere"
		tm:m = [[33.8539, 0.0, 3999.86] [0.0, 4000.0, 0.0] [-3999.86, 0.0, 33.8539] [-25682.7, 4499.99, -3046.7]]
		objLayer:i = 4
		props {

		}
	}
	t2_main_bomber_mid_area {
		type:t = "Sphere"
		tm:m = [[42.3173, 0.0, 4999.83] [0.0, 5000.0, 0.0] [-4999.83, 0.0, 42.3173] [-25682.7, 3499.99, -3046.71]]
		objLayer:i = 4
		props {

		}
	}
	airfields_mid_area_20km {
		type:t = "Sphere"
		tm:m = [[40000.0, 0.0, 0.0] [0.0, 40000.0, 0.0] [0.0, 0.0, 40000.0] [-4683.01, 232.641, -253.039]]
		objLayer:i = 3
		props {

		}
	}
	t1_airfield_mid_bombing_zone {
		type:t = "Box"
		tm:m = [[2485.42, 0.0, 269.583] [0.0, 250.0, 0.0] [-80.875, 0.0, 745.626] [15600.1, 121.29, 5855.02]]
		objLayer:i = 0
		props {

		}
	}
	t2_airfield_mid_bombing_zone {
		type:t = "Box"
		tm:m = [[-2496.75, 0.0, 127.606] [0.0, 250.0, 0.0] [-35.7272, 0.0, -699.088] [-25740.9, 11.6571, -3311.67]]
		objLayer:i = 0
		props {

		}
	}
	t2_common_fighters_mid_spawn {
		type:t = "Sphere"
		tm:m = [[299.592, 0.0, -15.6214] [0.0, 300.0, 0.0] [15.6214, 0.0, 299.592] [-28663.6, 499.996, -3021.9]]
		objLayer:i = 4
		props {

		}
	}
	t1_common_fighters_mid_spawn {
		type:t = "Sphere"
		tm:m = [[-277.221, 0.0, -114.666] [0.0, 300.0, 0.0] [114.666, 0.0, -277.221] [18437.5, 454.865, 7078.54]]
		objLayer:i = 4
		props {

		}
	}
}
objLayers {
	layer {
		enabled:b = true
	}
	layer {
		enabled:b = true
	}
	layer {
		enabled:b = true
	}
	layer {
		enabled:b = false
	}
	layer {
		enabled:b = true
	}
}
wayPoints {

}