selected_tag:t = ""
bin_dump_file:t = ""
mission_settings {
	player {
		army:i = 1
	}
	player_teamB {
		army:i = 2
	}
	mission {
		level:t = "levels/air_smolensk.bin"
		type:t = "domination"
		environment:t = "Day"
		weather:t = "clear"
	}
}
imports {

}
triggers {
	isCategory:b = true
	is_enabled:b = true
}
mission_objectives {
	isCategory:b = true
	is_enabled:b = true
}
variables {

}
dialogs {

}
airfields {

}
effects {

}
units {
	objectGroups {
		name:t = "t1_airfield_low"
		tm:m = [[0.994229, 0.0, 0.107284] [0.0, 1.0, 0.0] [-0.107284, 0.0, 0.994229] [7995.27, 196.787, 3230.3]]
		unit_class:t = "dynaf_pg_1line_ground"
		objLayer:i = 2
		props {
			army:i = 1
			active:b = true
		}
	}
	objectGroups {
		name:t = "t2_airfield_low"
		tm:m = [[-0.907271, 0.0, -0.420547] [0.0, 1.0, 0.0] [0.420547, 0.0, -0.907271] [-17544.6, 63.9824, -124.472]]
		unit_class:t = "dynaf_pg_1line_ground"
		objLayer:i = 2
		props {
			army:i = 2
			active:b = true
		}
	}
	air_defence {
		name:t = "t1_def_aaa_low_01"
		tm:m = [[-0.969145, 0.0, 0.246488] [0.0, 1.0, 0.0] [-0.246488, 0.0, -0.969145] [7904.67, 194.354, 3639.35]]
		unit_class:t = "us_90mm_m1"
		objLayer:i = 1
		closed_waypoints:b = false
		isShipSpline:b = false
		shipTurnRadius:r = 100
		weapons:t = ""
		bullets0:t = ""
		bullets1:t = ""
		bullets2:t = ""
		bullets3:t = ""
		bulletsCount0:i = 0
		bulletsCount1:i = 0
		bulletsCount2:i = 0
		bulletsCount3:i = 0
		crewSkillK:r = 0
		applyAllMods:b = false
		props {
			army:i = 1
			count:i = 1
			formation_type:t = "rows"
			formation_div:i = 3
			formation_step:p2 = 2.5, 2
			formation_noise:p2 = 0.1, 0.1
			uniqueName:t = ""
			attack_type:t = "fire_at_will"
		}
		way {

		}
	}
	air_defence {
		name:t = "t1_def_aaa_low_02"
		tm:m = [[-0.969145, 0.0, 0.246488] [0.0, 1.0, 0.0] [-0.246488, 0.0, -0.969145] [7477.97, 194.588, 3747.57]]
		unit_class:t = "us_90mm_m1"
		objLayer:i = 1
		closed_waypoints:b = false
		isShipSpline:b = false
		shipTurnRadius:r = 100
		weapons:t = ""
		bullets0:t = ""
		bullets1:t = ""
		bullets2:t = ""
		bullets3:t = ""
		bulletsCount0:i = 0
		bulletsCount1:i = 0
		bulletsCount2:i = 0
		bulletsCount3:i = 0
		crewSkillK:r = 0
		applyAllMods:b = false
		props {
			army:i = 1
			count:i = 1
			formation_type:t = "rows"
			formation_div:i = 3
			formation_step:p2 = 2.5, 2
			formation_noise:p2 = 0.1, 0.1
			uniqueName:t = ""
			attack_type:t = "fire_at_will"
		}
		way {

		}
	}
	air_defence {
		name:t = "t1_def_aaa_low_03"
		tm:m = [[-0.969145, 0.0, 0.246488] [0.0, 1.0, 0.0] [-0.246488, 0.0, -0.969145] [9100.57, 188.238, 2733.2]]
		unit_class:t = "us_90mm_m1"
		objLayer:i = 1
		closed_waypoints:b = false
		isShipSpline:b = false
		shipTurnRadius:r = 100
		weapons:t = ""
		bullets0:t = ""
		bullets1:t = ""
		bullets2:t = ""
		bullets3:t = ""
		bulletsCount0:i = 0
		bulletsCount1:i = 0
		bulletsCount2:i = 0
		bulletsCount3:i = 0
		crewSkillK:r = 0
		applyAllMods:b = false
		props {
			army:i = 1
			count:i = 1
			formation_type:t = "rows"
			formation_div:i = 3
			formation_step:p2 = 2.5, 2
			formation_noise:p2 = 0.1, 0.1
			uniqueName:t = ""
			attack_type:t = "fire_at_will"
		}
		way {

		}
	}
	air_defence {
		name:t = "t1_def_aaa_low_04"
		tm:m = [[-0.969145, 0.0, 0.246488] [0.0, 1.0, 0.0] [-0.246488, 0.0, -0.969145] [9500.57, 214.988, 3821.88]]
		unit_class:t = "us_90mm_m1"
		objLayer:i = 1
		closed_waypoints:b = false
		isShipSpline:b = false
		shipTurnRadius:r = 100
		weapons:t = ""
		bullets0:t = ""
		bullets1:t = ""
		bullets2:t = ""
		bullets3:t = ""
		bulletsCount0:i = 0
		bulletsCount1:i = 0
		bulletsCount2:i = 0
		bulletsCount3:i = 0
		crewSkillK:r = 0
		applyAllMods:b = false
		props {
			army:i = 1
			count:i = 1
			formation_type:t = "rows"
			formation_div:i = 3
			formation_step:p2 = 2.5, 2
			formation_noise:p2 = 0.1, 0.1
			uniqueName:t = ""
			attack_type:t = "fire_at_will"
		}
		way {

		}
	}
	air_defence {
		name:t = "t1_def_aaa_low_05"
		tm:m = [[-0.969145, 0.0, 0.246488] [0.0, 1.0, 0.0] [-0.246488, 0.0, -0.969145] [8634.97, 194.216, 3736.2]]
		unit_class:t = "us_40mm_bofors_airfield"
		objLayer:i = 1
		closed_waypoints:b = false
		isShipSpline:b = false
		shipTurnRadius:r = 100
		weapons:t = ""
		bullets0:t = ""
		bullets1:t = ""
		bullets2:t = ""
		bullets3:t = ""
		bulletsCount0:i = 0
		bulletsCount1:i = 0
		bulletsCount2:i = 0
		bulletsCount3:i = 0
		crewSkillK:r = 0
		applyAllMods:b = false
		props {
			army:i = 1
			count:i = 1
			formation_type:t = "rows"
			formation_div:i = 3
			formation_step:p2 = 2.5, 2
			formation_noise:p2 = 0.1, 0.1
			uniqueName:t = ""
			attack_type:t = "fire_at_will"
		}
		way {

		}
	}
	air_defence {
		name:t = "t1_def_aaa_low_06"
		tm:m = [[-0.969145, 0.0, 0.246488] [0.0, 1.0, 0.0] [-0.246488, 0.0, -0.969145] [6788.27, 190.385, 2488.9]]
		unit_class:t = "us_40mm_bofors_airfield"
		objLayer:i = 1
		closed_waypoints:b = false
		isShipSpline:b = false
		shipTurnRadius:r = 100
		weapons:t = ""
		bullets0:t = ""
		bullets1:t = ""
		bullets2:t = ""
		bullets3:t = ""
		bulletsCount0:i = 0
		bulletsCount1:i = 0
		bulletsCount2:i = 0
		bulletsCount3:i = 0
		crewSkillK:r = 0
		applyAllMods:b = false
		props {
			army:i = 1
			count:i = 1
			formation_type:t = "rows"
			formation_div:i = 3
			formation_step:p2 = 2.5, 2
			formation_noise:p2 = 0.1, 0.1
			uniqueName:t = ""
			attack_type:t = "fire_at_will"
		}
		way {

		}
	}
	air_defence {
		name:t = "t1_def_aaa_low_07"
		tm:m = [[-0.969145, 0.0, 0.246488] [0.0, 1.0, 0.0] [-0.246488, 0.0, -0.969145] [7842.87, 194.83, 2627.33]]
		unit_class:t = "us_40mm_bofors_airfield"
		objLayer:i = 1
		closed_waypoints:b = false
		isShipSpline:b = false
		shipTurnRadius:r = 100
		weapons:t = ""
		bullets0:t = ""
		bullets1:t = ""
		bullets2:t = ""
		bullets3:t = ""
		bulletsCount0:i = 0
		bulletsCount1:i = 0
		bulletsCount2:i = 0
		bulletsCount3:i = 0
		crewSkillK:r = 0
		applyAllMods:b = false
		props {
			army:i = 1
			count:i = 1
			formation_type:t = "rows"
			formation_div:i = 3
			formation_step:p2 = 2.5, 2
			formation_noise:p2 = 0.1, 0.1
			uniqueName:t = ""
			attack_type:t = "fire_at_will"
		}
		way {

		}
	}
	air_defence {
		name:t = "t1_def_aaa_low_08"
		tm:m = [[-0.969145, 0.0, 0.246488] [0.0, 1.0, 0.0] [-0.246488, 0.0, -0.969145] [8077.07, 204.277, 3614.6]]
		unit_class:t = "us_40mm_bofors_airfield"
		objLayer:i = 1
		closed_waypoints:b = false
		isShipSpline:b = false
		shipTurnRadius:r = 100
		weapons:t = ""
		bullets0:t = ""
		bullets1:t = ""
		bullets2:t = ""
		bullets3:t = ""
		bulletsCount0:i = 0
		bulletsCount1:i = 0
		bulletsCount2:i = 0
		bulletsCount3:i = 0
		crewSkillK:r = 0
		applyAllMods:b = false
		props {
			army:i = 1
			count:i = 1
			formation_type:t = "rows"
			formation_div:i = 3
			formation_step:p2 = 2.5, 2
			formation_noise:p2 = 0.1, 0.1
			uniqueName:t = ""
			attack_type:t = "fire_at_will"
		}
		way {

		}
	}
	air_defence {
		name:t = "t1_def_aaa_low_09"
		tm:m = [[-0.969145, 0.0, 0.246488] [0.0, 1.0, 0.0] [-0.246488, 0.0, -0.969145] [8353.67, 186.742, 2732.89]]
		unit_class:t = "us_40mm_bofors_airfield"
		objLayer:i = 1
		closed_waypoints:b = false
		isShipSpline:b = false
		shipTurnRadius:r = 100
		weapons:t = ""
		bullets0:t = ""
		bullets1:t = ""
		bullets2:t = ""
		bullets3:t = ""
		bulletsCount0:i = 0
		bulletsCount1:i = 0
		bulletsCount2:i = 0
		bulletsCount3:i = 0
		crewSkillK:r = 0
		applyAllMods:b = false
		props {
			army:i = 1
			count:i = 1
			formation_type:t = "rows"
			formation_div:i = 3
			formation_step:p2 = 2.5, 2
			formation_noise:p2 = 0.1, 0.1
			uniqueName:t = ""
			attack_type:t = "fire_at_will"
		}
		way {

		}
	}
	air_defence {
		name:t = "t1_def_aaa_low_10"
		tm:m = [[-0.969145, 0.0, 0.246488] [0.0, 1.0, 0.0] [-0.246488, 0.0, -0.969145] [8736.67, 185.72, 2807.19]]
		unit_class:t = "us_40mm_bofors_airfield"
		objLayer:i = 1
		closed_waypoints:b = false
		isShipSpline:b = false
		shipTurnRadius:r = 100
		weapons:t = ""
		bullets0:t = ""
		bullets1:t = ""
		bullets2:t = ""
		bullets3:t = ""
		bulletsCount0:i = 0
		bulletsCount1:i = 0
		bulletsCount2:i = 0
		bulletsCount3:i = 0
		crewSkillK:r = 0
		applyAllMods:b = false
		props {
			army:i = 1
			count:i = 1
			formation_type:t = "rows"
			formation_div:i = 3
			formation_step:p2 = 2.5, 2
			formation_noise:p2 = 0.1, 0.1
			uniqueName:t = ""
			attack_type:t = "fire_at_will"
		}
		way {

		}
	}
	air_defence {
		name:t = "t1_def_aaa_low_11"
		tm:m = [[-0.969145, 0.0, 0.246488] [0.0, 1.0, 0.0] [-0.246488, 0.0, -0.969145] [8786.87, 208.28, 3629.56]]
		unit_class:t = "us_12mm_m2"
		objLayer:i = 1
		closed_waypoints:b = false
		isShipSpline:b = false
		shipTurnRadius:r = 100
		weapons:t = ""
		bullets0:t = ""
		bullets1:t = ""
		bullets2:t = ""
		bullets3:t = ""
		bulletsCount0:i = 0
		bulletsCount1:i = 0
		bulletsCount2:i = 0
		bulletsCount3:i = 0
		crewSkillK:r = 0
		applyAllMods:b = false
		props {
			army:i = 1
			count:i = 1
			formation_type:t = "rows"
			formation_div:i = 3
			formation_step:p2 = 2.5, 2
			formation_noise:p2 = 0.1, 0.1
			uniqueName:t = ""
			attack_type:t = "fire_at_will"
		}
		way {

		}
	}
	air_defence {
		name:t = "t1_def_aaa_low_12"
		tm:m = [[-0.969145, 0.0, 0.246488] [0.0, 1.0, 0.0] [-0.246488, 0.0, -0.969145] [8146.37, 189.2, 2833.11]]
		unit_class:t = "us_12mm_m2"
		objLayer:i = 1
		closed_waypoints:b = false
		isShipSpline:b = false
		shipTurnRadius:r = 100
		weapons:t = ""
		bullets0:t = ""
		bullets1:t = ""
		bullets2:t = ""
		bullets3:t = ""
		bulletsCount0:i = 0
		bulletsCount1:i = 0
		bulletsCount2:i = 0
		bulletsCount3:i = 0
		crewSkillK:r = 0
		applyAllMods:b = false
		props {
			army:i = 1
			count:i = 1
			formation_type:t = "rows"
			formation_div:i = 3
			formation_step:p2 = 2.5, 2
			formation_noise:p2 = 0.1, 0.1
			uniqueName:t = ""
			attack_type:t = "fire_at_will"
		}
		way {

		}
	}
	air_defence {
		name:t = "t1_def_aaa_low_13"
		tm:m = [[-0.969145, 0.0, 0.246488] [0.0, 1.0, 0.0] [-0.246488, 0.0, -0.969145] [6968.07, 217.076, 3591.1]]
		unit_class:t = "us_12mm_m2"
		objLayer:i = 1
		closed_waypoints:b = false
		isShipSpline:b = false
		shipTurnRadius:r = 100
		weapons:t = ""
		bullets0:t = ""
		bullets1:t = ""
		bullets2:t = ""
		bullets3:t = ""
		bulletsCount0:i = 0
		bulletsCount1:i = 0
		bulletsCount2:i = 0
		bulletsCount3:i = 0
		crewSkillK:r = 0
		applyAllMods:b = false
		props {
			army:i = 1
			count:i = 1
			formation_type:t = "rows"
			formation_div:i = 3
			formation_step:p2 = 2.5, 2
			formation_noise:p2 = 0.1, 0.1
			uniqueName:t = ""
			attack_type:t = "fire_at_will"
		}
		way {

		}
	}
	air_defence {
		name:t = "t1_def_aaa_low_14"
		tm:m = [[-0.969145, 0.0, 0.246488] [0.0, 1.0, 0.0] [-0.246488, 0.0, -0.969145] [7377.07, 192.785, 2624.67]]
		unit_class:t = "us_12mm_m2"
		objLayer:i = 1
		closed_waypoints:b = false
		isShipSpline:b = false
		shipTurnRadius:r = 100
		weapons:t = ""
		bullets0:t = ""
		bullets1:t = ""
		bullets2:t = ""
		bullets3:t = ""
		bulletsCount0:i = 0
		bulletsCount1:i = 0
		bulletsCount2:i = 0
		bulletsCount3:i = 0
		crewSkillK:r = 0
		applyAllMods:b = false
		props {
			army:i = 1
			count:i = 1
			formation_type:t = "rows"
			formation_div:i = 3
			formation_step:p2 = 2.5, 2
			formation_noise:p2 = 0.1, 0.1
			uniqueName:t = ""
			attack_type:t = "fire_at_will"
		}
		way {

		}
	}
	squad {
		name:t = "t1_def_aaa_low_squad"
		tm:m = [[-1.28796e-34, 0.0, -2.51278e-35] [0.0, 0.0, 0.0] [-3.64413e-34, 0.0, -5.41071e-34] [28898.4, 158.238, -3331.12]]
		props {
			squad_members:t = "t1_def_aaa_low_14"
			squad_members:t = "t1_def_aaa_low_01"
			squad_members:t = "t1_def_aaa_low_02"
			squad_members:t = "t1_def_aaa_low_03"
			squad_members:t = "t1_def_aaa_low_04"
			squad_members:t = "t1_def_aaa_low_05"
			squad_members:t = "t1_def_aaa_low_06"
			squad_members:t = "t1_def_aaa_low_07"
			squad_members:t = "t1_def_aaa_low_08"
			squad_members:t = "t1_def_aaa_low_09"
			squad_members:t = "t1_def_aaa_low_10"
			squad_members:t = "t1_def_aaa_low_11"
			squad_members:t = "t1_def_aaa_low_12"
			squad_members:t = "t1_def_aaa_low_13"
			object_marking:i = 0
		}
	}
	air_defence {
		name:t = "t2_def_aaa_low_01"
		tm:m = [[-0.978105, 0.0, -0.208111] [0.0, 1.0, 0.0] [0.208111, 0.0, -0.978105] [-18817.7, 24.4845, -301.522]]
		unit_class:t = "germ_88mm_flak36"
		objLayer:i = 1
		closed_waypoints:b = false
		isShipSpline:b = false
		shipTurnRadius:r = 100
		weapons:t = ""
		bullets0:t = ""
		bullets1:t = ""
		bullets2:t = ""
		bullets3:t = ""
		bulletsCount0:i = 0
		bulletsCount1:i = 0
		bulletsCount2:i = 0
		bulletsCount3:i = 0
		crewSkillK:r = 0
		applyAllMods:b = false
		props {
			army:i = 2
			count:i = 1
			formation_type:t = "rows"
			formation_div:i = 3
			formation_step:p2 = 2.5, 2
			formation_noise:p2 = 0.1, 0.1
			uniqueName:t = ""
			attack_type:t = "fire_at_will"
		}
		way {

		}
	}
	air_defence {
		name:t = "t2_def_aaa_low_02"
		tm:m = [[-0.978105, 0.0, -0.208111] [0.0, 1.0, 0.0] [0.208111, 0.0, -0.978105] [-18278.9, 8.92663, -1232.8]]
		unit_class:t = "germ_88mm_flak36"
		objLayer:i = 1
		closed_waypoints:b = false
		isShipSpline:b = false
		shipTurnRadius:r = 100
		weapons:t = ""
		bullets0:t = ""
		bullets1:t = ""
		bullets2:t = ""
		bullets3:t = ""
		bulletsCount0:i = 0
		bulletsCount1:i = 0
		bulletsCount2:i = 0
		bulletsCount3:i = 0
		crewSkillK:r = 0
		applyAllMods:b = false
		props {
			army:i = 2
			count:i = 1
			formation_type:t = "rows"
			formation_div:i = 3
			formation_step:p2 = 2.5, 2
			formation_noise:p2 = 0.1, 0.1
			uniqueName:t = ""
			attack_type:t = "fire_at_will"
		}
		way {

		}
	}
	air_defence {
		name:t = "t2_def_aaa_low_03"
		tm:m = [[-0.978105, 0.0, -0.208111] [0.0, 1.0, 0.0] [0.208111, 0.0, -0.978105] [-16756.8, 62.9104, 707.278]]
		unit_class:t = "germ_88mm_flak36"
		objLayer:i = 1
		closed_waypoints:b = false
		isShipSpline:b = false
		shipTurnRadius:r = 100
		weapons:t = ""
		bullets0:t = ""
		bullets1:t = ""
		bullets2:t = ""
		bullets3:t = ""
		bulletsCount0:i = 0
		bulletsCount1:i = 0
		bulletsCount2:i = 0
		bulletsCount3:i = 0
		crewSkillK:r = 0
		applyAllMods:b = false
		props {
			army:i = 2
			count:i = 1
			formation_type:t = "rows"
			formation_div:i = 3
			formation_step:p2 = 2.5, 2
			formation_noise:p2 = 0.1, 0.1
			uniqueName:t = ""
			attack_type:t = "fire_at_will"
		}
		way {

		}
	}
	air_defence {
		name:t = "t2_def_aaa_low_04"
		tm:m = [[-0.978105, 0.0, -0.208111] [0.0, 1.0, 0.0] [0.208111, 0.0, -0.978105] [-16363.6, 44.7614, 894.057]]
		unit_class:t = "germ_88mm_flak36"
		objLayer:i = 1
		closed_waypoints:b = false
		isShipSpline:b = false
		shipTurnRadius:r = 100
		weapons:t = ""
		bullets0:t = ""
		bullets1:t = ""
		bullets2:t = ""
		bullets3:t = ""
		bulletsCount0:i = 0
		bulletsCount1:i = 0
		bulletsCount2:i = 0
		bulletsCount3:i = 0
		crewSkillK:r = 0
		applyAllMods:b = false
		props {
			army:i = 2
			count:i = 1
			formation_type:t = "rows"
			formation_div:i = 3
			formation_step:p2 = 2.5, 2
			formation_noise:p2 = 0.1, 0.1
			uniqueName:t = ""
			attack_type:t = "fire_at_will"
		}
		way {

		}
	}
	air_defence {
		name:t = "t2_def_aaa_low_05"
		tm:m = [[-0.978105, 0.0, -0.208111] [0.0, 1.0, 0.0] [0.208111, 0.0, -0.978105] [-17187.1, 51.6224, 506.728]]
		unit_class:t = "germ_37mm_flak43"
		objLayer:i = 1
		closed_waypoints:b = false
		isShipSpline:b = false
		shipTurnRadius:r = 100
		weapons:t = ""
		bullets0:t = ""
		bullets1:t = ""
		bullets2:t = ""
		bullets3:t = ""
		bulletsCount0:i = 0
		bulletsCount1:i = 0
		bulletsCount2:i = 0
		bulletsCount3:i = 0
		crewSkillK:r = 0
		applyAllMods:b = false
		props {
			army:i = 2
			count:i = 1
			formation_type:t = "rows"
			formation_div:i = 3
			formation_step:p2 = 2.5, 2
			formation_noise:p2 = 0.1, 0.1
			uniqueName:t = ""
			attack_type:t = "fire_at_will"
		}
		way {

		}
	}
	air_defence {
		name:t = "t2_def_aaa_low_06"
		tm:m = [[-0.978105, 0.0, -0.208111] [0.0, 1.0, 0.0] [0.208111, 0.0, -0.978105] [-16043.6, 46.4254, 102.748]]
		unit_class:t = "germ_37mm_flak43"
		objLayer:i = 1
		closed_waypoints:b = false
		isShipSpline:b = false
		shipTurnRadius:r = 100
		weapons:t = ""
		bullets0:t = ""
		bullets1:t = ""
		bullets2:t = ""
		bullets3:t = ""
		bulletsCount0:i = 0
		bulletsCount1:i = 0
		bulletsCount2:i = 0
		bulletsCount3:i = 0
		crewSkillK:r = 0
		applyAllMods:b = false
		props {
			army:i = 2
			count:i = 1
			formation_type:t = "rows"
			formation_div:i = 3
			formation_step:p2 = 2.5, 2
			formation_noise:p2 = 0.1, 0.1
			uniqueName:t = ""
			attack_type:t = "fire_at_will"
		}
		way {

		}
	}
	air_defence {
		name:t = "t2_def_aaa_low_07"
		tm:m = [[-0.978105, 0.0, -0.208111] [0.0, 1.0, 0.0] [0.208111, 0.0, -0.978105] [-17690.7, 26.168, 273.768]]
		unit_class:t = "germ_37mm_flak43"
		objLayer:i = 1
		closed_waypoints:b = false
		isShipSpline:b = false
		shipTurnRadius:r = 100
		weapons:t = ""
		bullets0:t = ""
		bullets1:t = ""
		bullets2:t = ""
		bullets3:t = ""
		bulletsCount0:i = 0
		bulletsCount1:i = 0
		bulletsCount2:i = 0
		bulletsCount3:i = 0
		crewSkillK:r = 0
		applyAllMods:b = false
		props {
			army:i = 2
			count:i = 1
			formation_type:t = "rows"
			formation_div:i = 3
			formation_step:p2 = 2.5, 2
			formation_noise:p2 = 0.1, 0.1
			uniqueName:t = ""
			attack_type:t = "fire_at_will"
		}
		way {

		}
	}
	air_defence {
		name:t = "t2_def_aaa_low_08"
		tm:m = [[-0.978105, 0.0, -0.208111] [0.0, 1.0, 0.0] [0.208111, 0.0, -0.978105] [-16937.4, 36.5557, -343.032]]
		unit_class:t = "germ_37mm_flak43"
		objLayer:i = 1
		closed_waypoints:b = false
		isShipSpline:b = false
		shipTurnRadius:r = 100
		weapons:t = ""
		bullets0:t = ""
		bullets1:t = ""
		bullets2:t = ""
		bullets3:t = ""
		bulletsCount0:i = 0
		bulletsCount1:i = 0
		bulletsCount2:i = 0
		bulletsCount3:i = 0
		crewSkillK:r = 0
		applyAllMods:b = false
		props {
			army:i = 2
			count:i = 1
			formation_type:t = "rows"
			formation_div:i = 3
			formation_step:p2 = 2.5, 2
			formation_noise:p2 = 0.1, 0.1
			uniqueName:t = ""
			attack_type:t = "fire_at_will"
		}
		way {

		}
	}
	air_defence {
		name:t = "t2_def_aaa_low_09"
		tm:m = [[-0.978105, 0.0, -0.208111] [0.0, 1.0, 0.0] [0.208111, 0.0, -0.978105] [-17893.9, 24.4511, -774.583]]
		unit_class:t = "germ_37mm_flak43"
		objLayer:i = 1
		closed_waypoints:b = false
		isShipSpline:b = false
		shipTurnRadius:r = 100
		weapons:t = ""
		bullets0:t = ""
		bullets1:t = ""
		bullets2:t = ""
		bullets3:t = ""
		bulletsCount0:i = 0
		bulletsCount1:i = 0
		bulletsCount2:i = 0
		bulletsCount3:i = 0
		crewSkillK:r = 0
		applyAllMods:b = false
		props {
			army:i = 2
			count:i = 1
			formation_type:t = "rows"
			formation_div:i = 3
			formation_step:p2 = 2.5, 2
			formation_noise:p2 = 0.1, 0.1
			uniqueName:t = ""
			attack_type:t = "fire_at_will"
		}
		way {

		}
	}
	air_defence {
		name:t = "t2_def_aaa_low_10"
		tm:m = [[-0.978105, 0.0, -0.208111] [0.0, 1.0, 0.0] [0.208111, 0.0, -0.978105] [-18303.1, 3.17043, -179.602]]
		unit_class:t = "germ_37mm_flak43"
		objLayer:i = 1
		closed_waypoints:b = false
		isShipSpline:b = false
		shipTurnRadius:r = 100
		weapons:t = ""
		bullets0:t = ""
		bullets1:t = ""
		bullets2:t = ""
		bullets3:t = ""
		bulletsCount0:i = 0
		bulletsCount1:i = 0
		bulletsCount2:i = 0
		bulletsCount3:i = 0
		crewSkillK:r = 0
		applyAllMods:b = false
		props {
			army:i = 2
			count:i = 1
			formation_type:t = "rows"
			formation_div:i = 3
			formation_step:p2 = 2.5, 2
			formation_noise:p2 = 0.1, 0.1
			uniqueName:t = ""
			attack_type:t = "fire_at_will"
		}
		way {

		}
	}
	air_defence {
		name:t = "t2_def_aaa_low_11"
		tm:m = [[-0.978105, 0.0, -0.208111] [0.0, 1.0, 0.0] [0.208111, 0.0, -0.978105] [-18254.3, 12.0705, 13.6375]]
		unit_class:t = "germ_20mm_flak38_airfield"
		objLayer:i = 1
		closed_waypoints:b = false
		isShipSpline:b = false
		shipTurnRadius:r = 100
		weapons:t = ""
		bullets0:t = ""
		bullets1:t = ""
		bullets2:t = ""
		bullets3:t = ""
		bulletsCount0:i = 0
		bulletsCount1:i = 0
		bulletsCount2:i = 0
		bulletsCount3:i = 0
		crewSkillK:r = 0
		applyAllMods:b = false
		props {
			army:i = 2
			count:i = 1
			formation_type:t = "rows"
			formation_div:i = 3
			formation_step:p2 = 2.5, 2
			formation_noise:p2 = 0.1, 0.1
			uniqueName:t = ""
			attack_type:t = "fire_at_will"
		}
		way {

		}
	}
	air_defence {
		name:t = "t2_def_aaa_low_12"
		tm:m = [[-0.978105, 0.0, -0.208111] [0.0, 1.0, 0.0] [0.208111, 0.0, -0.978105] [-17432.9, 36.3689, 511.038]]
		unit_class:t = "germ_20mm_flak38_airfield"
		objLayer:i = 1
		closed_waypoints:b = false
		isShipSpline:b = false
		shipTurnRadius:r = 100
		weapons:t = ""
		bullets0:t = ""
		bullets1:t = ""
		bullets2:t = ""
		bullets3:t = ""
		bulletsCount0:i = 0
		bulletsCount1:i = 0
		bulletsCount2:i = 0
		bulletsCount3:i = 0
		crewSkillK:r = 0
		applyAllMods:b = false
		props {
			army:i = 2
			count:i = 1
			formation_type:t = "rows"
			formation_div:i = 3
			formation_step:p2 = 2.5, 2
			formation_noise:p2 = 0.1, 0.1
			uniqueName:t = ""
			attack_type:t = "fire_at_will"
		}
		way {

		}
	}
	air_defence {
		name:t = "t2_def_aaa_low_13"
		tm:m = [[-0.978105, 0.0, -0.208111] [0.0, 1.0, 0.0] [0.208111, 0.0, -0.978105] [-16496.8, 36.2532, -125.492]]
		unit_class:t = "germ_20mm_flak38_airfield"
		objLayer:i = 1
		closed_waypoints:b = false
		isShipSpline:b = false
		shipTurnRadius:r = 100
		weapons:t = ""
		bullets0:t = ""
		bullets1:t = ""
		bullets2:t = ""
		bullets3:t = ""
		bulletsCount0:i = 0
		bulletsCount1:i = 0
		bulletsCount2:i = 0
		bulletsCount3:i = 0
		crewSkillK:r = 0
		applyAllMods:b = false
		props {
			army:i = 2
			count:i = 1
			formation_type:t = "rows"
			formation_div:i = 3
			formation_step:p2 = 2.5, 2
			formation_noise:p2 = 0.1, 0.1
			uniqueName:t = ""
			attack_type:t = "fire_at_will"
		}
		way {

		}
	}
	air_defence {
		name:t = "t2_def_aaa_low_14"
		tm:m = [[-0.978105, 0.0, -0.208111] [0.0, 1.0, 0.0] [0.208111, 0.0, -0.978105] [-17320.5, 25.4212, -540.962]]
		unit_class:t = "germ_20mm_flak38_airfield"
		objLayer:i = 1
		closed_waypoints:b = false
		isShipSpline:b = false
		shipTurnRadius:r = 100
		weapons:t = ""
		bullets0:t = ""
		bullets1:t = ""
		bullets2:t = ""
		bullets3:t = ""
		bulletsCount0:i = 0
		bulletsCount1:i = 0
		bulletsCount2:i = 0
		bulletsCount3:i = 0
		crewSkillK:r = 0
		applyAllMods:b = false
		props {
			army:i = 2
			count:i = 1
			formation_type:t = "rows"
			formation_div:i = 3
			formation_step:p2 = 2.5, 2
			formation_noise:p2 = 0.1, 0.1
			uniqueName:t = ""
			attack_type:t = "fire_at_will"
		}
		way {

		}
	}
	squad {
		name:t = "t2_def_aaa_low_squad"
		tm:m = [[-1.80115e-34, 0.0, -3.51402e-35] [0.0, 0.0, 0.0] [-3.64327e-34, 0.0, -5.40944e-34] [-23638.2, 158.238, -3999.51]]
		props {
			squad_members:t = "t2_def_aaa_low_14"
			squad_members:t = "t2_def_aaa_low_05"
			squad_members:t = "t2_def_aaa_low_06"
			squad_members:t = "t2_def_aaa_low_07"
			squad_members:t = "t2_def_aaa_low_08"
			squad_members:t = "t2_def_aaa_low_09"
			squad_members:t = "t2_def_aaa_low_10"
			squad_members:t = "t2_def_aaa_low_11"
			squad_members:t = "t2_def_aaa_low_12"
			squad_members:t = "t2_def_aaa_low_13"
			squad_members:t = "t2_def_aaa_low_02"
			squad_members:t = "t2_def_aaa_low_01"
			squad_members:t = "t2_def_aaa_low_03"
			squad_members:t = "t2_def_aaa_low_04"
			object_marking:i = 0
		}
	}
}
areas {
	t1_interceptor_low_area {
		type:t = "Sphere"
		tm:m = [[1677.62, 0.0, -5760.7] [0.0, 6000.0, 0.0] [5760.7, 0.0, 1677.62] [8055.07, 2000.0, 3126.41]]
		objLayer:i = 4
		props {

		}
	}
	t1_assault_low_spawn {
		type:t = "Sphere"
		tm:m = [[-291.419, 0.0, -71.2375] [0.0, 300.0, 0.0] [71.2375, 0.0, -291.419] [3256.59, 1000.0, 1730.9]]
		objLayer:i = 4
		props {

		}
	}
	t1_aaa_fighter_low_area {
		type:t = "Sphere"
		tm:m = [[1118.41, 0.0, -3840.45] [0.0, 4000.0, 0.0] [3840.45, 0.0, 1118.41] [8055.07, 3000.0, 3126.41]]
		objLayer:i = 4
		props {

		}
	}
	t1_assault_low_area {
		type:t = "Sphere"
		tm:m = [[2796.05, 0.0, -9601.15] [0.0, 10000.0, 0.0] [9601.15, 0.0, 2796.05] [8055.07, 1000.0, 3126.41]]
		objLayer:i = 4
		props {

		}
	}
	t1_interceptor_low_spawn {
		type:t = "Sphere"
		tm:m = [[-291.419, 0.0, -71.2375] [0.0, 300.0, 0.0] [71.2375, 0.0, -291.419] [10917.1, 1000.0, 3960.27]]
		objLayer:i = 4
		props {

		}
	}
	t1_aaa_fighter_low_spawn {
		type:t = "Sphere"
		tm:m = [[-291.419, 0.0, -71.2375] [0.0, 300.0, 0.0] [71.2375, 0.0, -291.419] [9968.62, 2000.0, 3683.92]]
		objLayer:i = 4
		props {

		}
	}
	t1_far_bomber_low_spawn {
		type:t = "Sphere"
		tm:m = [[-291.419, 0.0, -71.2375] [0.0, 300.0, 0.0] [71.2375, 0.0, -291.419] [6135.59, 4500.0, 2567.65]]
		objLayer:i = 4
		props {

		}
	}
	t1_main_bomber_low_spawn {
		type:t = "Sphere"
		tm:m = [[-291.419, 0.0, -71.2375] [0.0, 300.0, 0.0] [71.2375, 0.0, -291.419] [5654.91, 3500.0, 2427.62]]
		objLayer:i = 4
		props {

		}
	}
	t1_far_bomber_low_area {
		type:t = "Sphere"
		tm:m = [[1118.41, 0.0, -3840.45] [0.0, 4000.0, 0.0] [3840.45, 0.0, 1118.41] [8055.07, 4500.0, 3126.41]]
		objLayer:i = 4
		props {

		}
	}
	t1_main_bomber_low_area {
		type:t = "Sphere"
		tm:m = [[1398.03, 0.0, -4800.58] [0.0, 5000.0, 0.0] [4800.58, 0.0, 1398.03] [8055.07, 3500.0, 3126.41]]
		objLayer:i = 4
		props {

		}
	}
	t2_interceptor_low_area {
		type:t = "Sphere"
		tm:m = [[-91.5691, 0.0, 5999.3] [0.0, 6000.0, 0.0] [-5999.3, 0.0, -91.5691] [-17558.3, 2000.0, -52.101]]
		objLayer:i = 4
		props {

		}
	}
	t2_assault_low_spawn {
		type:t = "Sphere"
		tm:m = [[299.879, 0.0, -8.51005] [0.0, 300.0, 0.0] [8.51005, 0.0, 299.879] [-12560.3, 1000.0, 24.8782]]
		objLayer:i = 4
		props {

		}
	}
	t2_aaa_fighter_low_area {
		type:t = "Sphere"
		tm:m = [[-61.0461, 0.0, 3999.53] [0.0, 4000.0, 0.0] [-3999.53, 0.0, -61.0461] [-17558.3, 3000.0, -52.1104]]
		objLayer:i = 4
		props {

		}
	}
	t2_assault_low_area {
		type:t = "Sphere"
		tm:m = [[-152.615, 0.0, 9998.83] [0.0, 10000.0, 0.0] [-9998.83, 0.0, -152.615] [-17558.3, 1000.0, -52.1104]]
		objLayer:i = 4
		props {

		}
	}
	t2_interceptor_low_spawn {
		type:t = "Sphere"
		tm:m = [[299.879, 0.0, -8.51005] [0.0, 300.0, 0.0] [8.51005, 0.0, 299.879] [-20539.0, 1000.0, -97.9558]]
		objLayer:i = 4
		props {

		}
	}
	t2_aaa_fighter_low_spawn {
		type:t = "Sphere"
		tm:m = [[299.879, 0.0, -8.51005] [0.0, 300.0, 0.0] [8.51005, 0.0, 299.879] [-19551.2, 2000.0, -82.804]]
		objLayer:i = 4
		props {

		}
	}
	t2_far_bomber_low_spawn {
		type:t = "Sphere"
		tm:m = [[299.879, 0.0, -8.51005] [0.0, 300.0, 0.0] [8.51005, 0.0, 299.879] [-15559.4, 4500.0, -21.887]]
		objLayer:i = 4
		props {

		}
	}
	t2_main_bomber_low_spawn {
		type:t = "Sphere"
		tm:m = [[299.879, 0.0, -8.51005] [0.0, 300.0, 0.0] [8.51005, 0.0, 299.879] [-15058.9, 3500.0, -14.2686]]
		objLayer:i = 4
		props {

		}
	}
	t2_far_bomber_low_area {
		type:t = "Sphere"
		tm:m = [[-61.0461, 0.0, 3999.53] [0.0, 4000.0, 0.0] [-3999.53, 0.0, -61.0461] [-17558.3, 4500.0, -52.1104]]
		objLayer:i = 4
		props {

		}
	}
	t2_main_bomber_low_area {
		type:t = "Sphere"
		tm:m = [[-76.3022, 0.0, 4999.44] [0.0, 5000.0, 0.0] [-4999.44, 0.0, -76.3022] [-17558.3, 3500.0, -52.1104]]
		objLayer:i = 4
		props {

		}
	}
	airfields_low_area_12km {
		type:t = "Sphere"
		tm:m = [[24000.1, 0.0, 0.0] [0.0, 24000.0, 0.0] [0.0, 0.0, 24000.1] [-4683.01, 232.641, -253.039]]
		objLayer:i = 3
		props {

		}
	}
	t1_airfield_low_bombing_zone {
		type:t = "Box"
		tm:m = [[1999.4, 0.0, 48.8347] [0.0, 250.0, 0.0] [-18.3123, 0.0, 749.776] [8103.15, 31.0771, 3077.91]]
		objLayer:i = 0
		props {

		}
	}
	t2_airfield_low_bombing_zone {
		type:t = "Box"
		tm:m = [[-1835.61, 0.0, -794.041] [0.0, 250.0, 0.0] [277.917, 0.0, -642.466] [-17650.0, -32.9458, 31.3274]]
		objLayer:i = 0
		props {

		}
	}
	t2_common_fighters_low_spawn {
		type:t = "Sphere"
		tm:m = [[299.879, 0.0, -8.51005] [0.0, 300.0, 0.0] [8.51005, 0.0, 299.879] [-20539.0, 500.0, -97.9558]]
		objLayer:i = 4
		props {

		}
	}
	t1_common_fighters_low_spawn {
		type:t = "Sphere"
		tm:m = [[-291.419, 0.0, -71.2375] [0.0, 300.0, 0.0] [71.2375, 0.0, -291.419] [10917.1, 500.0, 3960.27]]
		objLayer:i = 4
		props {

		}
	}
}
objLayers {
	layer {
		enabled:b = true
	}
	layer {
		enabled:b = true
	}
	layer {
		enabled:b = true
	}
	layer {
		enabled:b = false
	}
	layer {
		enabled:b = true
	}
}
wayPoints {

}