selected_tag:t = ""
bin_dump_file:t = ""
mission_settings {
	player {
		army:i = 1
		wing:t = ""
	}
	player_teamB {
		army:i = 2
		wing:t = ""
	}
	mission {
		level:t = "levels/berlin.bin"
		type:t = "domination"
		environment:t = "Day"
		weather:t = "hazy"
		deathPenaltyMulRounds:r = 0
		stars {
			latitude:r = 52.5
			longitude:r = 13
			year:i = 1945
			month:i = 4
			day:i = 2
		}
	}
	spectator_points {

	}
}
imports {
	import_record {
		file:t = "gameData/missions/templates/air_templates/gs/assaults_gs_template.blk"
		importAreas:b = true
		importUnits:b = true
		importTriggers:b = true
		importMissionObjectives:b = true
		importWayPoints:b = true
		showAreas:b = true
		showUnits:b = true
		showTriggers:b = true
		showMissionObjectives:b = true
		showWayPoints:b = true
		excludes {

		}
	}
}
triggers {
	isCategory:b = true
	is_enabled:b = true
}
mission_objectives {
	isCategory:b = true
	is_enabled:b = true
}
variables {
	ai_assaults_saved:i = 0
	ft_helicopters_pad_exclusive:b = false
}
dialogs {

}
airfields {

}
effects {

}
units {

}
areas {
	at_area {
		type:t = "Sphere"
		tm:m = [[-6056.85, 0.0, -14809.3] [0.0, 16000.0, 0.0] [14809.3, 0.0, -6056.85] [-1167.4, 500.006, -13523.3]]
		objLayer:i = 0
		props {

		}
	}
	at_t2_spawn_01_01 {
		type:t = "Point"
		tm:m = [[0.916753, 0.0, -0.399458] [0.0, 1.0, 0.0] [0.399458, 0.0, 0.916753] [-9101.68, 500.006, -12526.1]]
		objLayer:i = 0
		props {

		}
	}
	at_t1_spawn_01_01 {
		type:t = "Point"
		tm:m = [[-0.916753, 0.0, 0.399458] [0.0, 1.0, 0.0] [-0.399458, 0.0, -0.916753] [5202.32, 499.996, -18380.1]]
		objLayer:i = 0
		props {

		}
	}
	at_t2_spawn_01_02 {
		type:t = "Point"
		tm:m = [[0.916753, 0.0, -0.399458] [0.0, 1.0, 0.0] [0.399458, 0.0, 0.916753] [-7537.43, 500.006, -8684.89]]
		objLayer:i = 0
		props {

		}
	}
	at_t1_spawn_01_02 {
		type:t = "Point"
		tm:m = [[-0.916753, 0.0, 0.399458] [0.0, 1.0, 0.0] [-0.399458, 0.0, -0.916753] [6768.76, 499.997, -14532.1]]
		objLayer:i = 0
		props {

		}
	}
	at_t2_spawn_02_01 {
		type:t = "Point"
		tm:m = [[0.916753, 0.0, -0.399458] [0.0, 1.0, 0.0] [0.399458, 0.0, 0.916753] [-6031.52, 500.006, -7201.89]]
		objLayer:i = 0
		props {

		}
	}
	at_t2_spawn_02_02 {
		type:t = "Point"
		tm:m = [[0.916753, 0.0, -0.399458] [0.0, 1.0, 0.0] [0.399458, 0.0, 0.916753] [-9088.96, 500.005, -14609.0]]
		objLayer:i = 0
		props {

		}
	}
	at_t1_spawn_02_01 {
		type:t = "Point"
		tm:m = [[-0.916753, 0.0, 0.399458] [0.0, 1.0, 0.0] [-0.399458, 0.0, -0.916753] [3755.84, 499.996, -19848.4]]
		objLayer:i = 0
		props {

		}
	}
	at_t1_spawn_02_02 {
		type:t = "Point"
		tm:m = [[-0.916753, 0.0, 0.399458] [0.0, 1.0, 0.0] [-0.399458, 0.0, -0.916753] [6773.58, 499.997, -12441.6]]
		objLayer:i = 0
		props {

		}
	}
}
objLayers {

}
wayPoints {

}