selected_tag:t = ""
bin_dump_file:t = ""
mission_settings {
	player {
		army:i = 1
		wing:t = "t1_player01"
		wing:t = "t1_player02"
		wing:t = "t1_player03"
		wing:t = "t1_player04"
		wing:t = "t1_player05"
		wing:t = "t1_player06"
		wing:t = "t1_player07"
		wing:t = "t1_player08"
		wing:t = "t1_player09"
		wing:t = "t1_player10"
		wing:t = "t1_player11"
		wing:t = "t1_player12"
		wing:t = "t1_player13"
		wing:t = "t1_player14"
		wing:t = "t1_player15"
		wing:t = "t1_player16"
		wing:t = "t1_player17"
	}
	player_teamB {
		army:i = 2
		wing:t = "t2_player01"
		wing:t = "t2_player02"
		wing:t = "t2_player03"
		wing:t = "t2_player04"
		wing:t = "t2_player05"
		wing:t = "t2_player06"
		wing:t = "t2_player07"
		wing:t = "t2_player08"
		wing:t = "t2_player09"
		wing:t = "t2_player10"
		wing:t = "t2_player11"
		wing:t = "t2_player12"
		wing:t = "t2_player13"
		wing:t = "t2_player14"
		wing:t = "t2_player15"
		wing:t = "t2_player16"
	}
	mission {
		level:t = "levels/dover_strait.bin"
		type:t = "domination"
		restoreType:t = "attempts"
		optionalTakeOff:b = false
		environment:t = "Day"
		weather:t = "hazy"
		scoreLimit:i = 5040
		timeLimit:i = 20
		timeLimitRound:i = 15
		respawnTimeMultiplier:r = 1
		deathPenaltyMul:r = 0.1
		deathPenaltyMulRounds:r = 0.2
		country_axis:t = "germany"
		country_allies:t = "britain"
		locName:t = "missions/_AfD;location/dover_strait"
		locDesc:t = "missions/_AfDto/main/desc;missions/_AfD/3zones"
		allowedUnitTypes {
			isAirplanesAllowed:b = true
		}
	}
	atmosphere {
		pressure:r = 760
		temperature:r = 14
	}
	spectator_points {
		spectatorPoint:t = "spectator_point_01"
		spectatorPoint:t = "spectator_point_02"
		spectatorPoint:t = "spectator_point_03"
		spectatorPoint:t = "spectator_point_04"
	}
	briefing {
		place_loc:t = ""
		date_loc:t = ""
		objective_loc:t = ""
		music:t = "action_01"
		part {
			event:t = ""
			minTime:i = 6
			slide {
				map:b = false
				minTime:i = 6
				picture:t = "versus/airfield_domination_01"
			}
			slide {
				map:b = false
				minTime:i = 6
				picture:t = "versus/airfield_domination_02"
			}
		}
		part {
			event:t = ""
			minTime:i = 0
			slide {
				map:b = true
				minTime:i = 4
				picture:t = ""
				icon {
					icontype:t = "airfield"
					side:t = "ally"
					target:t = "t1_og_airfield"
				}
				icon {
					icontype:t = "airfield"
					side:t = "enemy"
					target:t = "t2_og_airfield"
				}
				icon {
					icontype:t = "basezone_A"
					side:t = "neutral"
					target:t = "og_airfield01"
				}
				icon {
					icontype:t = "basezone_C"
					side:t = "neutral"
					target:t = "og_airfield03"
				}
				icon {
					icontype:t = "basezone_B"
					side:t = "neutral"
					target:t = "og_airfield02"
				}
			}
		}
	}
}
imports {
	import_record {
		file:t = "gameData/missions/bridges/dover_strait_bridges.blk"
		importAreas:b = false
		importUnits:b = true
		importTriggers:b = false
		importMissionObjectives:b = true
		importWayPoints:b = true
		showAreas:b = false
		showUnits:b = true
		showTriggers:b = false
		showMissionObjectives:b = true
		showWayPoints:b = true
		excludes {

		}
	}
}
triggers {
	isCategory:b = true
	is_enabled:b = true
	miss_init_copy {
		is_enabled:b = true
		comments:t = ""
		props {
			actionsType:t = "PERFORM_ONE_BY_ONE"
			conditionsType:t = "ALL"
			enableAfterComplete:b = false
		}
		events {
			initMission {

			}
		}
		conditions {

		}
		actions {
			missionMarkAsRespawnPoint {
				loc_name:t = "missions/airfield_spawn"
				spawnEffect:b = false
				isAirfield:b = true
				isUnit:b = false
				offset:p3 = 0, 0, 0
				radius:r = -1
				isStrictSpawn:b = false
				useExisting:b = false
				isIndividual:b = false
				removeAreas:b = false
				canSpawnOnNeutral:b = false
				showOnMap:b = true
				target:t = "t1_og_airfield"
				team:t = "A"
				tags {
					tank:b = false
				}
			}
			missionMarkAsRespawnPoint {
				loc_name:t = "missions/airfield_spawn"
				spawnEffect:b = false
				isAirfield:b = true
				isUnit:b = false
				offset:p3 = 0, 0, 0
				radius:r = -1
				isStrictSpawn:b = false
				useExisting:b = false
				isIndividual:b = false
				removeAreas:b = false
				canSpawnOnNeutral:b = false
				showOnMap:b = true
				target:t = "t2_og_airfield"
				team:t = "B"
				tags {
					tank:b = false
				}
			}
			missionMarkAsCaptureZone {
				army:i = 0
				name_for_respawn_base:t = ""
				timeMultiplier:r = 1
				disableZone:b = false
				target:t = "capture_zone01"
				canCaptureOnGround:b = true
				canCaptureInAir:b = false
				airfield:t = "og_airfield01"
			}
			missionMarkAsCaptureZone {
				army:i = 0
				name_for_respawn_base:t = ""
				timeMultiplier:r = 1
				disableZone:b = false
				target:t = "capture_zone03"
				canCaptureOnGround:b = true
				canCaptureInAir:b = false
				airfield:t = "og_airfield03"
			}
			missionMarkAsCaptureZone {
				army:i = 0
				name_for_respawn_base:t = ""
				timeMultiplier:r = 1
				disableZone:b = false
				target:t = "capture_zone02"
				canCaptureOnGround:b = true
				canCaptureInAir:b = false
				airfield:t = "og_airfield02"
			}
			unitSetProperties {
				object:t = "t1_spawn_def_sq"
				object:t = "t2_spawn_def_sq"
				accuracy:r = 0.6
				effShootingRate:r = 0.6
			}
		}
		else_actions {

		}
	}
}
mission_objectives {
	isCategory:b = true
	is_enabled:b = true
	arcade_capture_airfield03 {
		is_enabled:b = true
		comments:t = ""
		type:t = "abstractMissionObjective"
		props {
			isPrimary:b = true
			timeLimit:i = 18000
			scoreConst:i = 100
			scoreTime:i = 400
		}
		onSuccess {

		}
		onFailed {

		}
	}
}
variables {

}
dialogs {

}
airfields {

}
effects {

}
units {
	objectGroups {
		name:t = "t1_og_airfield"
		tm:m = [[-0.965926, 0.0, 0.258819] [0.0, 1.0, 0.0] [-0.258819, 0.0, -0.965926] [-38791.3, 38.6, 27935.0]]
		unit_class:t = "dynAF_britain_ally"
		props {
			army:i = 1
			active:b = true
		}
	}
	armada {
		name:t = "t1_player01"
		tm:m = [[-0.130526, 0.0, -0.991445] [0.0, 1.0, 0.0] [0.991445, 0.0, -0.130526] [-34142.7, 27.1, 26769.8]]
		unit_class:t = "dummy_plane"
		closed_waypoints:b = false
		weapons:t = ""
		bullets0:t = ""
		bullets1:t = ""
		bullets2:t = ""
		bullets3:t = ""
		bulletsCount0:i = 0
		bulletsCount1:i = 0
		bulletsCount2:i = 0
		bulletsCount3:i = 0
		props {
			army:i = 2
			free_distance:r = 70
			floating_distance:r = 50
			minimum_distance_to_earth:r = 20
			altLimit:r = 6000
			attack_type:t = "fire_at_will"
			skill:i = 4
			count:i = 1
			plane {
				wing_formation:t = "Diamond"
				row_distances:r = 1.5
				col_distances:r = 1.5
				super_formation:t = "Diamond"
				super_row_distances:r = 1.5
				super_col_distances:r = 1.5
				ai_skill:t = "NORMAL"
				task:t = "FLY_WAYPOINT"
			}
		}
		way {

		}
	}
	armada {
		name:t = "t1_player02"
		tm:m = [[-0.130526, 0.0, -0.991445] [0.0, 1.0, 0.0] [0.991445, 0.0, -0.130526] [-49277.5, 27.1, -8885.1]]
		unit_class:t = "dummy_plane"
		closed_waypoints:b = false
		weapons:t = ""
		bullets0:t = ""
		bullets1:t = ""
		bullets2:t = ""
		bullets3:t = ""
		bulletsCount0:i = 0
		bulletsCount1:i = 0
		bulletsCount2:i = 0
		bulletsCount3:i = 0
		props {
			army:i = 2
			free_distance:r = 70
			floating_distance:r = 50
			minimum_distance_to_earth:r = 20
			altLimit:r = 6000
			attack_type:t = "fire_at_will"
			skill:i = 4
			count:i = 1
			plane {
				wing_formation:t = "Diamond"
				row_distances:r = 1.5
				col_distances:r = 1.5
				super_formation:t = "Diamond"
				super_row_distances:r = 1.5
				super_col_distances:r = 1.5
				ai_skill:t = "NORMAL"
				task:t = "FLY_WAYPOINT"
			}
		}
		way {

		}
	}
	armada {
		name:t = "t1_player03"
		tm:m = [[-0.130526, 0.0, -0.991445] [0.0, 1.0, 0.0] [0.991445, 0.0, -0.130526] [-49527.7, 27.1, -8938.9]]
		unit_class:t = "dummy_plane"
		closed_waypoints:b = false
		weapons:t = ""
		bullets0:t = ""
		bullets1:t = ""
		bullets2:t = ""
		bullets3:t = ""
		bulletsCount0:i = 0
		bulletsCount1:i = 0
		bulletsCount2:i = 0
		bulletsCount3:i = 0
		props {
			army:i = 2
			free_distance:r = 70
			floating_distance:r = 50
			minimum_distance_to_earth:r = 20
			altLimit:r = 6000
			attack_type:t = "fire_at_will"
			skill:i = 4
			count:i = 1
			plane {
				wing_formation:t = "Diamond"
				row_distances:r = 1.5
				col_distances:r = 1.5
				super_formation:t = "Diamond"
				super_row_distances:r = 1.5
				super_col_distances:r = 1.5
				ai_skill:t = "NORMAL"
				task:t = "FLY_WAYPOINT"
			}
		}
		way {

		}
	}
	armada {
		name:t = "t1_player04"
		tm:m = [[-0.130526, 0.0, -0.991445] [0.0, 1.0, 0.0] [0.991445, 0.0, -0.130526] [-49777.9, 27.1, -8992.8]]
		unit_class:t = "dummy_plane"
		closed_waypoints:b = false
		weapons:t = ""
		bullets0:t = ""
		bullets1:t = ""
		bullets2:t = ""
		bullets3:t = ""
		bulletsCount0:i = 0
		bulletsCount1:i = 0
		bulletsCount2:i = 0
		bulletsCount3:i = 0
		props {
			army:i = 2
			free_distance:r = 70
			floating_distance:r = 50
			minimum_distance_to_earth:r = 20
			altLimit:r = 6000
			attack_type:t = "fire_at_will"
			skill:i = 4
			count:i = 1
			plane {
				wing_formation:t = "Diamond"
				row_distances:r = 1.5
				col_distances:r = 1.5
				super_formation:t = "Diamond"
				super_row_distances:r = 1.5
				super_col_distances:r = 1.5
				ai_skill:t = "NORMAL"
				task:t = "FLY_WAYPOINT"
			}
		}
		way {

		}
	}
	armada {
		name:t = "t1_player05"
		tm:m = [[-0.130526, 0.0, -0.991445] [0.0, 1.0, 0.0] [0.991445, 0.0, -0.130526] [-50028.0, 27.1, -9046.6]]
		unit_class:t = "dummy_plane"
		closed_waypoints:b = false
		weapons:t = ""
		bullets0:t = ""
		bullets1:t = ""
		bullets2:t = ""
		bullets3:t = ""
		bulletsCount0:i = 0
		bulletsCount1:i = 0
		bulletsCount2:i = 0
		bulletsCount3:i = 0
		props {
			army:i = 2
			free_distance:r = 70
			floating_distance:r = 50
			minimum_distance_to_earth:r = 20
			altLimit:r = 6000
			attack_type:t = "fire_at_will"
			skill:i = 4
			count:i = 1
			plane {
				wing_formation:t = "Diamond"
				row_distances:r = 1.5
				col_distances:r = 1.5
				super_formation:t = "Diamond"
				super_row_distances:r = 1.5
				super_col_distances:r = 1.5
				ai_skill:t = "NORMAL"
				task:t = "FLY_WAYPOINT"
			}
		}
		way {

		}
	}
	armada {
		name:t = "t1_player06"
		tm:m = [[-0.130526, 0.0, -0.991445] [0.0, 1.0, 0.0] [0.991445, 0.0, -0.130526] [-50278.2, 27.1, -9100.5]]
		unit_class:t = "dummy_plane"
		closed_waypoints:b = false
		weapons:t = ""
		bullets0:t = ""
		bullets1:t = ""
		bullets2:t = ""
		bullets3:t = ""
		bulletsCount0:i = 0
		bulletsCount1:i = 0
		bulletsCount2:i = 0
		bulletsCount3:i = 0
		props {
			army:i = 2
			free_distance:r = 70
			floating_distance:r = 50
			minimum_distance_to_earth:r = 20
			altLimit:r = 6000
			attack_type:t = "fire_at_will"
			skill:i = 4
			count:i = 1
			plane {
				wing_formation:t = "Diamond"
				row_distances:r = 1.5
				col_distances:r = 1.5
				super_formation:t = "Diamond"
				super_row_distances:r = 1.5
				super_col_distances:r = 1.5
				ai_skill:t = "NORMAL"
				task:t = "FLY_WAYPOINT"
			}
		}
		way {

		}
	}
	armada {
		name:t = "t1_player07"
		tm:m = [[-0.130526, 0.0, -0.991445] [0.0, 1.0, 0.0] [0.991445, 0.0, -0.130526] [-50528.4, 27.1, -9154.3]]
		unit_class:t = "dummy_plane"
		closed_waypoints:b = false
		weapons:t = ""
		bullets0:t = ""
		bullets1:t = ""
		bullets2:t = ""
		bullets3:t = ""
		bulletsCount0:i = 0
		bulletsCount1:i = 0
		bulletsCount2:i = 0
		bulletsCount3:i = 0
		props {
			army:i = 2
			free_distance:r = 70
			floating_distance:r = 50
			minimum_distance_to_earth:r = 20
			altLimit:r = 6000
			attack_type:t = "fire_at_will"
			skill:i = 4
			count:i = 1
			plane {
				wing_formation:t = "Diamond"
				row_distances:r = 1.5
				col_distances:r = 1.5
				super_formation:t = "Diamond"
				super_row_distances:r = 1.5
				super_col_distances:r = 1.5
				ai_skill:t = "NORMAL"
				task:t = "FLY_WAYPOINT"
			}
		}
		way {

		}
	}
	armada {
		name:t = "t1_player08"
		tm:m = [[-0.130526, 0.0, -0.991445] [0.0, 1.0, 0.0] [0.991445, 0.0, -0.130526] [-50778.5, 27.1, -9208.2]]
		unit_class:t = "dummy_plane"
		closed_waypoints:b = false
		weapons:t = ""
		bullets0:t = ""
		bullets1:t = ""
		bullets2:t = ""
		bullets3:t = ""
		bulletsCount0:i = 0
		bulletsCount1:i = 0
		bulletsCount2:i = 0
		bulletsCount3:i = 0
		props {
			army:i = 2
			free_distance:r = 70
			floating_distance:r = 50
			minimum_distance_to_earth:r = 20
			altLimit:r = 6000
			attack_type:t = "fire_at_will"
			skill:i = 4
			count:i = 1
			plane {
				wing_formation:t = "Diamond"
				row_distances:r = 1.5
				col_distances:r = 1.5
				super_formation:t = "Diamond"
				super_row_distances:r = 1.5
				super_col_distances:r = 1.5
				ai_skill:t = "NORMAL"
				task:t = "FLY_WAYPOINT"
			}
		}
		way {

		}
	}
	armada {
		name:t = "t2_player01"
		tm:m = [[0.843391, 0.0, 0.5373] [0.0, 1.0, 0.0] [-0.5373, 0.0, 0.843391] [-23236.3, 454.25, 2721.95]]
		unit_class:t = "dummy_plane"
		closed_waypoints:b = false
		weapons:t = ""
		bullets0:t = ""
		bullets1:t = ""
		bullets2:t = ""
		bullets3:t = ""
		bulletsCount0:i = 0
		bulletsCount1:i = 0
		bulletsCount2:i = 0
		bulletsCount3:i = 0
		props {
			army:i = 2
			free_distance:r = 70
			floating_distance:r = 50
			minimum_distance_to_earth:r = 20
			altLimit:r = 6000
			attack_type:t = "fire_at_will"
			skill:i = 4
			count:i = 1
			plane {
				wing_formation:t = "Diamond"
				row_distances:r = 1.5
				col_distances:r = 1.5
				super_formation:t = "Diamond"
				super_row_distances:r = 1.5
				super_col_distances:r = 1.5
				ai_skill:t = "NORMAL"
				task:t = "FLY_WAYPOINT"
			}
		}
		way {

		}
	}
	armada {
		name:t = "t2_player02"
		tm:m = [[0.843391, 0.0, 0.5373] [0.0, 1.0, 0.0] [-0.5373, 0.0, 0.843391] [-23058.2, 454.25, 2567.55]]
		unit_class:t = "dummy_plane"
		closed_waypoints:b = false
		weapons:t = ""
		bullets0:t = ""
		bullets1:t = ""
		bullets2:t = ""
		bullets3:t = ""
		bulletsCount0:i = 0
		bulletsCount1:i = 0
		bulletsCount2:i = 0
		bulletsCount3:i = 0
		props {
			army:i = 2
			free_distance:r = 70
			floating_distance:r = 50
			minimum_distance_to_earth:r = 20
			altLimit:r = 6000
			attack_type:t = "fire_at_will"
			skill:i = 4
			count:i = 1
			plane {
				wing_formation:t = "Diamond"
				row_distances:r = 1.5
				col_distances:r = 1.5
				super_formation:t = "Diamond"
				super_row_distances:r = 1.5
				super_col_distances:r = 1.5
				ai_skill:t = "NORMAL"
				task:t = "FLY_WAYPOINT"
			}
		}
		way {

		}
	}
	armada {
		name:t = "t2_player03"
		tm:m = [[0.843391, 0.0, 0.5373] [0.0, 1.0, 0.0] [-0.5373, 0.0, 0.843391] [-22880.3, 454.25, 2413.05]]
		unit_class:t = "dummy_plane"
		closed_waypoints:b = false
		weapons:t = ""
		bullets0:t = ""
		bullets1:t = ""
		bullets2:t = ""
		bullets3:t = ""
		bulletsCount0:i = 0
		bulletsCount1:i = 0
		bulletsCount2:i = 0
		bulletsCount3:i = 0
		props {
			army:i = 2
			free_distance:r = 70
			floating_distance:r = 50
			minimum_distance_to_earth:r = 20
			altLimit:r = 6000
			attack_type:t = "fire_at_will"
			skill:i = 4
			count:i = 1
			plane {
				wing_formation:t = "Diamond"
				row_distances:r = 1.5
				col_distances:r = 1.5
				super_formation:t = "Diamond"
				super_row_distances:r = 1.5
				super_col_distances:r = 1.5
				ai_skill:t = "NORMAL"
				task:t = "FLY_WAYPOINT"
			}
		}
		way {

		}
	}
	armada {
		name:t = "t2_player04"
		tm:m = [[0.843391, 0.0, 0.5373] [0.0, 1.0, 0.0] [-0.5373, 0.0, 0.843391] [-22702.2, 454.25, 2258.65]]
		unit_class:t = "dummy_plane"
		closed_waypoints:b = false
		weapons:t = ""
		bullets0:t = ""
		bullets1:t = ""
		bullets2:t = ""
		bullets3:t = ""
		bulletsCount0:i = 0
		bulletsCount1:i = 0
		bulletsCount2:i = 0
		bulletsCount3:i = 0
		props {
			army:i = 2
			free_distance:r = 70
			floating_distance:r = 50
			minimum_distance_to_earth:r = 20
			altLimit:r = 6000
			attack_type:t = "fire_at_will"
			skill:i = 4
			count:i = 1
			plane {
				wing_formation:t = "Diamond"
				row_distances:r = 1.5
				col_distances:r = 1.5
				super_formation:t = "Diamond"
				super_row_distances:r = 1.5
				super_col_distances:r = 1.5
				ai_skill:t = "NORMAL"
				task:t = "FLY_WAYPOINT"
			}
		}
		way {

		}
	}
	armada {
		name:t = "t2_player05"
		tm:m = [[0.843391, 0.0, 0.5373] [0.0, 1.0, 0.0] [-0.5373, 0.0, 0.843391] [-22524.2, 454.25, 2104.25]]
		unit_class:t = "dummy_plane"
		closed_waypoints:b = false
		weapons:t = ""
		bullets0:t = ""
		bullets1:t = ""
		bullets2:t = ""
		bullets3:t = ""
		bulletsCount0:i = 0
		bulletsCount1:i = 0
		bulletsCount2:i = 0
		bulletsCount3:i = 0
		props {
			army:i = 2
			free_distance:r = 70
			floating_distance:r = 50
			minimum_distance_to_earth:r = 20
			altLimit:r = 6000
			attack_type:t = "fire_at_will"
			skill:i = 4
			count:i = 1
			plane {
				wing_formation:t = "Diamond"
				row_distances:r = 1.5
				col_distances:r = 1.5
				super_formation:t = "Diamond"
				super_row_distances:r = 1.5
				super_col_distances:r = 1.5
				ai_skill:t = "NORMAL"
				task:t = "FLY_WAYPOINT"
			}
		}
		way {

		}
	}
	armada {
		name:t = "t2_player06"
		tm:m = [[0.843391, 0.0, 0.5373] [0.0, 1.0, 0.0] [-0.5373, 0.0, 0.843391] [-22346.1, 454.25, 1949.85]]
		unit_class:t = "dummy_plane"
		closed_waypoints:b = false
		weapons:t = ""
		bullets0:t = ""
		bullets1:t = ""
		bullets2:t = ""
		bullets3:t = ""
		bulletsCount0:i = 0
		bulletsCount1:i = 0
		bulletsCount2:i = 0
		bulletsCount3:i = 0
		props {
			army:i = 2
			free_distance:r = 70
			floating_distance:r = 50
			minimum_distance_to_earth:r = 20
			altLimit:r = 6000
			attack_type:t = "fire_at_will"
			skill:i = 4
			count:i = 1
			plane {
				wing_formation:t = "Diamond"
				row_distances:r = 1.5
				col_distances:r = 1.5
				super_formation:t = "Diamond"
				super_row_distances:r = 1.5
				super_col_distances:r = 1.5
				ai_skill:t = "NORMAL"
				task:t = "FLY_WAYPOINT"
			}
		}
		way {

		}
	}
	armada {
		name:t = "t2_player07"
		tm:m = [[0.843391, 0.0, 0.5373] [0.0, 1.0, 0.0] [-0.5373, 0.0, 0.843391] [-22168.1, 454.25, 1795.45]]
		unit_class:t = "dummy_plane"
		closed_waypoints:b = false
		weapons:t = ""
		bullets0:t = ""
		bullets1:t = ""
		bullets2:t = ""
		bullets3:t = ""
		bulletsCount0:i = 0
		bulletsCount1:i = 0
		bulletsCount2:i = 0
		bulletsCount3:i = 0
		props {
			army:i = 2
			free_distance:r = 70
			floating_distance:r = 50
			minimum_distance_to_earth:r = 20
			altLimit:r = 6000
			attack_type:t = "fire_at_will"
			skill:i = 4
			count:i = 1
			plane {
				wing_formation:t = "Diamond"
				row_distances:r = 1.5
				col_distances:r = 1.5
				super_formation:t = "Diamond"
				super_row_distances:r = 1.5
				super_col_distances:r = 1.5
				ai_skill:t = "NORMAL"
				task:t = "FLY_WAYPOINT"
			}
		}
		way {

		}
	}
	armada {
		name:t = "t2_player08"
		tm:m = [[0.843391, 0.0, 0.5373] [0.0, 1.0, 0.0] [-0.5373, 0.0, 0.843391] [-21990.0, 454.25, 1640.95]]
		unit_class:t = "dummy_plane"
		closed_waypoints:b = false
		weapons:t = ""
		bullets0:t = ""
		bullets1:t = ""
		bullets2:t = ""
		bullets3:t = ""
		bulletsCount0:i = 0
		bulletsCount1:i = 0
		bulletsCount2:i = 0
		bulletsCount3:i = 0
		props {
			army:i = 2
			free_distance:r = 70
			floating_distance:r = 50
			minimum_distance_to_earth:r = 20
			altLimit:r = 6000
			attack_type:t = "fire_at_will"
			skill:i = 4
			count:i = 1
			plane {
				wing_formation:t = "Diamond"
				row_distances:r = 1.5
				col_distances:r = 1.5
				super_formation:t = "Diamond"
				super_row_distances:r = 1.5
				super_col_distances:r = 1.5
				ai_skill:t = "NORMAL"
				task:t = "FLY_WAYPOINT"
			}
		}
		way {

		}
	}
	objectGroups {
		name:t = "t2_og_airfield"
		tm:m = [[0.984808, 0.0, -0.173648] [0.0, 1.0, 0.0] [0.173648, 0.0, 0.984808] [-27308.1, 46.235, 24837.1]]
		unit_class:t = "dynAF_britain_ally"
		props {
			army:i = 2
			active:b = true
		}
	}
	objectGroups {
		name:t = "og_airfield01"
		tm:m = [[0.887011, 0.0, -0.461748] [0.0, 1.0, 0.0] [0.461748, 0.0, 0.887011] [-35839.4, 78.75, 23729.1]]
		unit_class:t = "dynAF_britain_ally"
		props {
			army:i = 0
			active:b = true
		}
	}
	objectGroups {
		name:t = "og_airfield02"
		tm:m = [[0.34202, 0.0, -0.939692] [0.0, 1.0, 0.0] [0.939692, 0.0, 0.34202] [-32393.5, 95.2, 27013.6]]
		unit_class:t = "dynAF_britain_ally"
		props {
			army:i = 0
			active:b = true
		}
	}
	objectGroups {
		name:t = "og_airfield03"
		tm:m = [[-0.887011, 0.0, 0.461749] [0.0, 1.0, 0.0] [-0.461749, 0.0, -0.887011] [-29823.1, 38.923, 29273.7]]
		unit_class:t = "dynAF_britain_ally"
		props {
			army:i = 0
			active:b = true
		}
	}
	armada {
		name:t = "t1_player09"
		tm:m = [[-0.130526, 0.0, -0.991445] [0.0, 1.0, 0.0] [0.991445, 0.0, -0.130526] [-27869.6, 3000.0, 8997.2]]
		unit_class:t = "dummy_plane"
		closed_waypoints:b = false
		weapons:t = ""
		bullets0:t = ""
		bullets1:t = ""
		bullets2:t = ""
		bullets3:t = ""
		bulletsCount0:i = 0
		bulletsCount1:i = 0
		bulletsCount2:i = 0
		bulletsCount3:i = 0
		props {
			army:i = 2
			count:i = 1
			free_distance:r = 70
			floating_distance:r = 50
			minimum_distance_to_earth:r = 20
			altLimit:r = 6000
			attack_type:t = "fire_at_will"
			skill:i = 4
			plane {
				wing_formation:t = "Diamond"
				row_distances:r = 1.5
				col_distances:r = 1.5
				super_formation:t = "Diamond"
				super_row_distances:r = 1.5
				super_col_distances:r = 1.5
				ai_skill:t = "NORMAL"
				task:t = "FLY_WAYPOINT"
			}
		}
		way {

		}
	}
	armada {
		name:t = "t1_player10"
		tm:m = [[-0.130526, 0.0, -0.991445] [0.0, 1.0, 0.0] [0.991445, 0.0, -0.130526] [-28048.9, 3000.0, 8997.2]]
		unit_class:t = "dummy_plane"
		closed_waypoints:b = false
		weapons:t = ""
		bullets0:t = ""
		bullets1:t = ""
		bullets2:t = ""
		bullets3:t = ""
		bulletsCount0:i = 0
		bulletsCount1:i = 0
		bulletsCount2:i = 0
		bulletsCount3:i = 0
		props {
			army:i = 2
			count:i = 1
			free_distance:r = 70
			floating_distance:r = 50
			minimum_distance_to_earth:r = 20
			altLimit:r = 6000
			attack_type:t = "fire_at_will"
			skill:i = 4
			plane {
				wing_formation:t = "Diamond"
				row_distances:r = 1.5
				col_distances:r = 1.5
				super_formation:t = "Diamond"
				super_row_distances:r = 1.5
				super_col_distances:r = 1.5
				ai_skill:t = "NORMAL"
				task:t = "FLY_WAYPOINT"
			}
		}
		way {

		}
	}
	armada {
		name:t = "t1_player11"
		tm:m = [[-0.130526, 0.0, -0.991445] [0.0, 1.0, 0.0] [0.991445, 0.0, -0.130526] [-28193.5, 3000.0, 8943.1]]
		unit_class:t = "dummy_plane"
		closed_waypoints:b = false
		weapons:t = ""
		bullets0:t = ""
		bullets1:t = ""
		bullets2:t = ""
		bullets3:t = ""
		bulletsCount0:i = 0
		bulletsCount1:i = 0
		bulletsCount2:i = 0
		bulletsCount3:i = 0
		props {
			army:i = 2
			count:i = 1
			free_distance:r = 70
			floating_distance:r = 50
			minimum_distance_to_earth:r = 20
			altLimit:r = 6000
			attack_type:t = "fire_at_will"
			skill:i = 4
			plane {
				wing_formation:t = "Diamond"
				row_distances:r = 1.5
				col_distances:r = 1.5
				super_formation:t = "Diamond"
				super_row_distances:r = 1.5
				super_col_distances:r = 1.5
				ai_skill:t = "NORMAL"
				task:t = "FLY_WAYPOINT"
			}
		}
		way {

		}
	}
	armada {
		name:t = "t1_player12"
		tm:m = [[-0.130526, 0.0, -0.991445] [0.0, 1.0, 0.0] [0.991445, 0.0, -0.130526] [-28338.1, 3000.0, 8889.0]]
		unit_class:t = "dummy_plane"
		closed_waypoints:b = false
		weapons:t = ""
		bullets0:t = ""
		bullets1:t = ""
		bullets2:t = ""
		bullets3:t = ""
		bulletsCount0:i = 0
		bulletsCount1:i = 0
		bulletsCount2:i = 0
		bulletsCount3:i = 0
		props {
			army:i = 2
			count:i = 1
			free_distance:r = 70
			floating_distance:r = 50
			minimum_distance_to_earth:r = 20
			altLimit:r = 6000
			attack_type:t = "fire_at_will"
			skill:i = 4
			plane {
				wing_formation:t = "Diamond"
				row_distances:r = 1.5
				col_distances:r = 1.5
				super_formation:t = "Diamond"
				super_row_distances:r = 1.5
				super_col_distances:r = 1.5
				ai_skill:t = "NORMAL"
				task:t = "FLY_WAYPOINT"
			}
		}
		way {

		}
	}
	armada {
		name:t = "t1_player13"
		tm:m = [[-0.130526, 0.0, -0.991445] [0.0, 1.0, 0.0] [0.991445, 0.0, -0.130526] [-28482.6, 3000.0, 8834.9]]
		unit_class:t = "dummy_plane"
		closed_waypoints:b = false
		weapons:t = ""
		bullets0:t = ""
		bullets1:t = ""
		bullets2:t = ""
		bullets3:t = ""
		bulletsCount0:i = 0
		bulletsCount1:i = 0
		bulletsCount2:i = 0
		bulletsCount3:i = 0
		props {
			army:i = 2
			count:i = 1
			free_distance:r = 70
			floating_distance:r = 50
			minimum_distance_to_earth:r = 20
			altLimit:r = 6000
			attack_type:t = "fire_at_will"
			skill:i = 4
			plane {
				wing_formation:t = "Diamond"
				row_distances:r = 1.5
				col_distances:r = 1.5
				super_formation:t = "Diamond"
				super_row_distances:r = 1.5
				super_col_distances:r = 1.5
				ai_skill:t = "NORMAL"
				task:t = "FLY_WAYPOINT"
			}
		}
		way {

		}
	}
	armada {
		name:t = "t1_player14"
		tm:m = [[-0.130526, 0.0, -0.991445] [0.0, 1.0, 0.0] [0.991445, 0.0, -0.130526] [-28627.2, 3000.0, 8780.8]]
		unit_class:t = "dummy_plane"
		closed_waypoints:b = false
		weapons:t = ""
		bullets0:t = ""
		bullets1:t = ""
		bullets2:t = ""
		bullets3:t = ""
		bulletsCount0:i = 0
		bulletsCount1:i = 0
		bulletsCount2:i = 0
		bulletsCount3:i = 0
		props {
			army:i = 2
			count:i = 1
			free_distance:r = 70
			floating_distance:r = 50
			minimum_distance_to_earth:r = 20
			altLimit:r = 6000
			attack_type:t = "fire_at_will"
			skill:i = 4
			plane {
				wing_formation:t = "Diamond"
				row_distances:r = 1.5
				col_distances:r = 1.5
				super_formation:t = "Diamond"
				super_row_distances:r = 1.5
				super_col_distances:r = 1.5
				ai_skill:t = "NORMAL"
				task:t = "FLY_WAYPOINT"
			}
		}
		way {

		}
	}
	armada {
		name:t = "t1_player15"
		tm:m = [[-0.130526, 0.0, -0.991445] [0.0, 1.0, 0.0] [0.991445, 0.0, -0.130526] [-28771.7, 3000.0, 8726.7]]
		unit_class:t = "dummy_plane"
		closed_waypoints:b = false
		weapons:t = ""
		bullets0:t = ""
		bullets1:t = ""
		bullets2:t = ""
		bullets3:t = ""
		bulletsCount0:i = 0
		bulletsCount1:i = 0
		bulletsCount2:i = 0
		bulletsCount3:i = 0
		props {
			army:i = 2
			count:i = 1
			free_distance:r = 70
			floating_distance:r = 50
			minimum_distance_to_earth:r = 20
			altLimit:r = 6000
			attack_type:t = "fire_at_will"
			skill:i = 4
			plane {
				wing_formation:t = "Diamond"
				row_distances:r = 1.5
				col_distances:r = 1.5
				super_formation:t = "Diamond"
				super_row_distances:r = 1.5
				super_col_distances:r = 1.5
				ai_skill:t = "NORMAL"
				task:t = "FLY_WAYPOINT"
			}
		}
		way {

		}
	}
	armada {
		name:t = "t1_player16"
		tm:m = [[-0.130526, 0.0, -0.991445] [0.0, 1.0, 0.0] [0.991445, 0.0, -0.130526] [-28916.3, 3000.0, 8672.6]]
		unit_class:t = "dummy_plane"
		closed_waypoints:b = false
		weapons:t = ""
		bullets0:t = ""
		bullets1:t = ""
		bullets2:t = ""
		bullets3:t = ""
		bulletsCount0:i = 0
		bulletsCount1:i = 0
		bulletsCount2:i = 0
		bulletsCount3:i = 0
		props {
			army:i = 2
			count:i = 1
			free_distance:r = 70
			floating_distance:r = 50
			minimum_distance_to_earth:r = 20
			altLimit:r = 6000
			attack_type:t = "fire_at_will"
			skill:i = 4
			plane {
				wing_formation:t = "Diamond"
				row_distances:r = 1.5
				col_distances:r = 1.5
				super_formation:t = "Diamond"
				super_row_distances:r = 1.5
				super_col_distances:r = 1.5
				ai_skill:t = "NORMAL"
				task:t = "FLY_WAYPOINT"
			}
		}
		way {

		}
	}
	armada {
		name:t = "t1_player17"
		tm:m = [[-0.130526, 0.0, -0.991445] [0.0, 1.0, 0.0] [0.991445, 0.0, -0.130526] [-29016.3, 3000.0, 8272.6]]
		unit_class:t = "dummy_plane"
		closed_waypoints:b = false
		weapons:t = ""
		bullets0:t = ""
		bullets1:t = ""
		bullets2:t = ""
		bullets3:t = ""
		bulletsCount0:i = 0
		bulletsCount1:i = 0
		bulletsCount2:i = 0
		bulletsCount3:i = 0
		props {
			army:i = 2
			count:i = 1
			free_distance:r = 70
			floating_distance:r = 50
			minimum_distance_to_earth:r = 20
			altLimit:r = 6000
			attack_type:t = "fire_at_will"
			skill:i = 4
			player:b = true
			plane {
				wing_formation:t = "Diamond"
				row_distances:r = 1.5
				col_distances:r = 1.5
				super_formation:t = "Diamond"
				super_row_distances:r = 1.5
				super_col_distances:r = 1.5
				ai_skill:t = "NORMAL"
				task:t = "FLY_WAYPOINT"
			}
		}
		way {

		}
	}
	armada {
		name:t = "t2_player09"
		tm:m = [[0.843391, 0.0, 0.5373] [0.0, 1.0, 0.0] [-0.5373, 0.0, 0.843391] [-25296.6, 27.1, 26915.5]]
		unit_class:t = "dummy_plane"
		closed_waypoints:b = false
		weapons:t = ""
		bullets0:t = ""
		bullets1:t = ""
		bullets2:t = ""
		bullets3:t = ""
		bulletsCount0:i = 0
		bulletsCount1:i = 0
		bulletsCount2:i = 0
		bulletsCount3:i = 0
		props {
			army:i = 2
			free_distance:r = 70
			floating_distance:r = 50
			minimum_distance_to_earth:r = 20
			altLimit:r = 6000
			attack_type:t = "fire_at_will"
			skill:i = 4
			count:i = 1
			plane {
				wing_formation:t = "Diamond"
				row_distances:r = 1.5
				col_distances:r = 1.5
				super_formation:t = "Diamond"
				super_row_distances:r = 1.5
				super_col_distances:r = 1.5
				ai_skill:t = "NORMAL"
				task:t = "FLY_WAYPOINT"
			}
		}
		way {

		}
	}
	armada {
		name:t = "t2_player10"
		tm:m = [[0.843391, 0.0, 0.5373] [0.0, 1.0, 0.0] [-0.5373, 0.0, 0.843391] [-25255.2, 27.1, 26889.4]]
		unit_class:t = "dummy_plane"
		closed_waypoints:b = false
		weapons:t = ""
		bullets0:t = ""
		bullets1:t = ""
		bullets2:t = ""
		bullets3:t = ""
		bulletsCount0:i = 0
		bulletsCount1:i = 0
		bulletsCount2:i = 0
		bulletsCount3:i = 0
		props {
			army:i = 2
			free_distance:r = 70
			floating_distance:r = 50
			minimum_distance_to_earth:r = 20
			altLimit:r = 6000
			attack_type:t = "fire_at_will"
			skill:i = 4
			count:i = 1
			plane {
				wing_formation:t = "Diamond"
				row_distances:r = 1.5
				col_distances:r = 1.5
				super_formation:t = "Diamond"
				super_row_distances:r = 1.5
				super_col_distances:r = 1.5
				ai_skill:t = "NORMAL"
				task:t = "FLY_WAYPOINT"
			}
		}
		way {

		}
	}
	armada {
		name:t = "t2_player11"
		tm:m = [[0.843391, 0.0, 0.5373] [0.0, 1.0, 0.0] [-0.5373, 0.0, 0.843391] [-25213.8, 27.1, 26863.4]]
		unit_class:t = "dummy_plane"
		closed_waypoints:b = false
		weapons:t = ""
		bullets0:t = ""
		bullets1:t = ""
		bullets2:t = ""
		bullets3:t = ""
		bulletsCount0:i = 0
		bulletsCount1:i = 0
		bulletsCount2:i = 0
		bulletsCount3:i = 0
		props {
			army:i = 2
			free_distance:r = 70
			floating_distance:r = 50
			minimum_distance_to_earth:r = 20
			altLimit:r = 6000
			attack_type:t = "fire_at_will"
			skill:i = 4
			count:i = 1
			plane {
				wing_formation:t = "Diamond"
				row_distances:r = 1.5
				col_distances:r = 1.5
				super_formation:t = "Diamond"
				super_row_distances:r = 1.5
				super_col_distances:r = 1.5
				ai_skill:t = "NORMAL"
				task:t = "FLY_WAYPOINT"
			}
		}
		way {

		}
	}
	armada {
		name:t = "t2_player12"
		tm:m = [[0.843391, 0.0, 0.5373] [0.0, 1.0, 0.0] [-0.5373, 0.0, 0.843391] [-25172.4, 27.1, 26837.3]]
		unit_class:t = "dummy_plane"
		closed_waypoints:b = false
		weapons:t = ""
		bullets0:t = ""
		bullets1:t = ""
		bullets2:t = ""
		bullets3:t = ""
		bulletsCount0:i = 0
		bulletsCount1:i = 0
		bulletsCount2:i = 0
		bulletsCount3:i = 0
		props {
			army:i = 2
			count:i = 1
			free_distance:r = 70
			floating_distance:r = 50
			minimum_distance_to_earth:r = 20
			altLimit:r = 6000
			attack_type:t = "fire_at_will"
			skill:i = 4
			plane {
				wing_formation:t = "Diamond"
				row_distances:r = 1.5
				col_distances:r = 1.5
				super_formation:t = "Diamond"
				super_row_distances:r = 1.5
				super_col_distances:r = 1.5
				ai_skill:t = "NORMAL"
				task:t = "FLY_WAYPOINT"
			}
		}
		way {

		}
	}
	armada {
		name:t = "t2_player13"
		tm:m = [[0.843391, 0.0, 0.5373] [0.0, 1.0, 0.0] [-0.5373, 0.0, 0.843391] [-25131.0, 27.1, 26811.3]]
		unit_class:t = "dummy_plane"
		closed_waypoints:b = false
		weapons:t = ""
		bullets0:t = ""
		bullets1:t = ""
		bullets2:t = ""
		bullets3:t = ""
		bulletsCount0:i = 0
		bulletsCount1:i = 0
		bulletsCount2:i = 0
		bulletsCount3:i = 0
		props {
			army:i = 2
			count:i = 1
			free_distance:r = 70
			floating_distance:r = 50
			minimum_distance_to_earth:r = 20
			altLimit:r = 6000
			attack_type:t = "fire_at_will"
			skill:i = 4
			plane {
				wing_formation:t = "Diamond"
				row_distances:r = 1.5
				col_distances:r = 1.5
				super_formation:t = "Diamond"
				super_row_distances:r = 1.5
				super_col_distances:r = 1.5
				ai_skill:t = "NORMAL"
				task:t = "FLY_WAYPOINT"
			}
		}
		way {

		}
	}
	armada {
		name:t = "t2_player14"
		tm:m = [[0.843391, 0.0, 0.5373] [0.0, 1.0, 0.0] [-0.5373, 0.0, 0.843391] [-25089.6, 27.1, 26785.2]]
		unit_class:t = "dummy_plane"
		closed_waypoints:b = false
		weapons:t = ""
		bullets0:t = ""
		bullets1:t = ""
		bullets2:t = ""
		bullets3:t = ""
		bulletsCount0:i = 0
		bulletsCount1:i = 0
		bulletsCount2:i = 0
		bulletsCount3:i = 0
		props {
			army:i = 2
			count:i = 1
			free_distance:r = 70
			floating_distance:r = 50
			minimum_distance_to_earth:r = 20
			altLimit:r = 6000
			attack_type:t = "fire_at_will"
			skill:i = 4
			plane {
				wing_formation:t = "Diamond"
				row_distances:r = 1.5
				col_distances:r = 1.5
				super_formation:t = "Diamond"
				super_row_distances:r = 1.5
				super_col_distances:r = 1.5
				ai_skill:t = "NORMAL"
				task:t = "FLY_WAYPOINT"
			}
		}
		way {

		}
	}
	armada {
		name:t = "t2_player15"
		tm:m = [[0.843391, 0.0, 0.5373] [0.0, 1.0, 0.0] [-0.5373, 0.0, 0.843391] [-25048.2, 27.1, 26759.2]]
		unit_class:t = "dummy_plane"
		closed_waypoints:b = false
		weapons:t = ""
		bullets0:t = ""
		bullets1:t = ""
		bullets2:t = ""
		bullets3:t = ""
		bulletsCount0:i = 0
		bulletsCount1:i = 0
		bulletsCount2:i = 0
		bulletsCount3:i = 0
		props {
			army:i = 2
			count:i = 1
			free_distance:r = 70
			floating_distance:r = 50
			minimum_distance_to_earth:r = 20
			altLimit:r = 6000
			attack_type:t = "fire_at_will"
			skill:i = 4
			plane {
				wing_formation:t = "Diamond"
				row_distances:r = 1.5
				col_distances:r = 1.5
				super_formation:t = "Diamond"
				super_row_distances:r = 1.5
				super_col_distances:r = 1.5
				ai_skill:t = "NORMAL"
				task:t = "FLY_WAYPOINT"
			}
		}
		way {

		}
	}
	armada {
		name:t = "t2_player16"
		tm:m = [[0.843391, 0.0, 0.5373] [0.0, 1.0, 0.0] [-0.5373, 0.0, 0.843391] [-24988.6, 27.1, 26716.0]]
		unit_class:t = "dummy_plane"
		closed_waypoints:b = false
		weapons:t = ""
		bullets0:t = ""
		bullets1:t = ""
		bullets2:t = ""
		bullets3:t = ""
		bulletsCount0:i = 0
		bulletsCount1:i = 0
		bulletsCount2:i = 0
		bulletsCount3:i = 0
		props {
			army:i = 2
			count:i = 1
			free_distance:r = 70
			floating_distance:r = 50
			minimum_distance_to_earth:r = 20
			altLimit:r = 6000
			attack_type:t = "fire_at_will"
			skill:i = 4
			plane {
				wing_formation:t = "Diamond"
				row_distances:r = 1.5
				col_distances:r = 1.5
				super_formation:t = "Diamond"
				super_row_distances:r = 1.5
				super_col_distances:r = 1.5
				ai_skill:t = "NORMAL"
				task:t = "FLY_WAYPOINT"
			}
		}
		way {

		}
	}
	air_defence {
		name:t = "t1_spawn_big_def05"
		tm:m = [[-0.608762, 0.0, 0.793353] [0.0, 1.0, 0.0] [-0.793353, 0.0, -0.608762] [-38718.4, 64.223, 27816.1]]
		unit_class:t = "uk_40mm_bofors"
		closed_waypoints:b = false
		weapons:t = ""
		bullets0:t = ""
		bullets1:t = ""
		bullets2:t = ""
		bullets3:t = ""
		bulletsCount0:i = 0
		bulletsCount1:i = 0
		bulletsCount2:i = 0
		bulletsCount3:i = 0
		props {
			army:i = 1
			count:i = 1
			formation_type:t = "rows"
			formation_div:i = 3
			formation_step:p2 = 2.5, 2
			formation_noise:p2 = 0.1, 0.1
			uniqueName:t = ""
			attack_type:t = "fire_at_will"
		}
		way {

		}
	}
	air_defence {
		name:t = "t1_spawn_def02"
		tm:m = [[-0.608762, 0.0, 0.793353] [0.0, 1.0, 0.0] [-0.793353, 0.0, -0.608762] [-38733.6, 65.854, 27611.6]]
		unit_class:t = "uk_40mm_bofors"
		closed_waypoints:b = false
		weapons:t = ""
		bullets0:t = ""
		bullets1:t = ""
		bullets2:t = ""
		bullets3:t = ""
		bulletsCount0:i = 0
		bulletsCount1:i = 0
		bulletsCount2:i = 0
		bulletsCount3:i = 0
		props {
			army:i = 1
			count:i = 1
			formation_type:t = "rows"
			formation_div:i = 3
			formation_step:p2 = 2.5, 2
			formation_noise:p2 = 0.1, 0.1
			uniqueName:t = ""
			attack_type:t = "fire_at_will"
		}
		way {

		}
	}
	air_defence {
		name:t = "t1_spawn_def03"
		tm:m = [[-0.608762, 0.0, 0.793353] [0.0, 1.0, 0.0] [-0.793353, 0.0, -0.608762] [-38406.9, 62.884, 27601.6]]
		unit_class:t = "uk_40mm_bofors"
		closed_waypoints:b = false
		weapons:t = ""
		bullets0:t = ""
		bullets1:t = ""
		bullets2:t = ""
		bullets3:t = ""
		bulletsCount0:i = 0
		bulletsCount1:i = 0
		bulletsCount2:i = 0
		bulletsCount3:i = 0
		props {
			army:i = 1
			count:i = 1
			formation_type:t = "rows"
			formation_div:i = 3
			formation_step:p2 = 2.5, 2
			formation_noise:p2 = 0.1, 0.1
			uniqueName:t = ""
			attack_type:t = "fire_at_will"
		}
		way {

		}
	}
	air_defence {
		name:t = "t1_spawn_def04"
		tm:m = [[-0.608762, 0.0, 0.793353] [0.0, 1.0, 0.0] [-0.793353, 0.0, -0.608762] [-38826.1, 63.422, 27989.2]]
		unit_class:t = "uk_40mm_bofors"
		closed_waypoints:b = false
		weapons:t = ""
		bullets0:t = ""
		bullets1:t = ""
		bullets2:t = ""
		bullets3:t = ""
		bulletsCount0:i = 0
		bulletsCount1:i = 0
		bulletsCount2:i = 0
		bulletsCount3:i = 0
		props {
			army:i = 1
			count:i = 1
			formation_type:t = "rows"
			formation_div:i = 3
			formation_step:p2 = 2.5, 2
			formation_noise:p2 = 0.1, 0.1
			uniqueName:t = ""
			attack_type:t = "fire_at_will"
		}
		way {

		}
	}
	air_defence {
		name:t = "t1_spawn_big_def03"
		tm:m = [[-0.608762, 0.0, 0.793353] [0.0, 1.0, 0.0] [-0.793353, 0.0, -0.608762] [-39009.4, 62.795, 28157.4]]
		unit_class:t = "uk_40mm_bofors"
		closed_waypoints:b = false
		weapons:t = ""
		bullets0:t = ""
		bullets1:t = ""
		bullets2:t = ""
		bullets3:t = ""
		bulletsCount0:i = 0
		bulletsCount1:i = 0
		bulletsCount2:i = 0
		bulletsCount3:i = 0
		props {
			army:i = 1
			count:i = 1
			formation_type:t = "rows"
			formation_div:i = 3
			formation_step:p2 = 2.5, 2
			formation_noise:p2 = 0.1, 0.1
			uniqueName:t = ""
			attack_type:t = "fire_at_will"
		}
		way {

		}
	}
	air_defence {
		name:t = "t1_spawn_def06"
		tm:m = [[-0.608762, 0.0, 0.793353] [0.0, 1.0, 0.0] [-0.793353, 0.0, -0.608762] [-39234.1, 64.826, 27894.7]]
		unit_class:t = "uk_40mm_bofors"
		closed_waypoints:b = false
		weapons:t = ""
		bullets0:t = ""
		bullets1:t = ""
		bullets2:t = ""
		bullets3:t = ""
		bulletsCount0:i = 0
		bulletsCount1:i = 0
		bulletsCount2:i = 0
		bulletsCount3:i = 0
		props {
			army:i = 1
			count:i = 1
			formation_type:t = "rows"
			formation_div:i = 3
			formation_step:p2 = 2.5, 2
			formation_noise:p2 = 0.1, 0.1
			uniqueName:t = ""
			attack_type:t = "fire_at_will"
		}
		way {

		}
	}
	air_defence {
		name:t = "t1_spawn_big_def04"
		tm:m = [[-0.608762, 0.0, 0.793353] [0.0, 1.0, 0.0] [-0.793353, 0.0, -0.608762] [-38308.8, 62.722, 27795.8]]
		unit_class:t = "uk_40mm_bofors"
		closed_waypoints:b = false
		weapons:t = ""
		bullets0:t = ""
		bullets1:t = ""
		bullets2:t = ""
		bullets3:t = ""
		bulletsCount0:i = 0
		bulletsCount1:i = 0
		bulletsCount2:i = 0
		bulletsCount3:i = 0
		props {
			army:i = 1
			count:i = 1
			formation_type:t = "rows"
			formation_div:i = 3
			formation_step:p2 = 2.5, 2
			formation_noise:p2 = 0.1, 0.1
			uniqueName:t = ""
			attack_type:t = "fire_at_will"
		}
		way {

		}
	}
	air_defence {
		name:t = "t1_spawn_def01"
		tm:m = [[-0.608762, 0.0, 0.793353] [0.0, 1.0, 0.0] [-0.793353, 0.0, -0.608762] [-38496.4, 63.236, 27932.4]]
		unit_class:t = "uk_40mm_bofors"
		closed_waypoints:b = false
		weapons:t = ""
		bullets0:t = ""
		bullets1:t = ""
		bullets2:t = ""
		bullets3:t = ""
		bulletsCount0:i = 0
		bulletsCount1:i = 0
		bulletsCount2:i = 0
		bulletsCount3:i = 0
		props {
			army:i = 1
			count:i = 1
			formation_type:t = "rows"
			formation_div:i = 3
			formation_step:p2 = 2.5, 2
			formation_noise:p2 = 0.1, 0.1
			uniqueName:t = ""
			attack_type:t = "fire_at_will"
		}
		way {

		}
	}
	air_defence {
		name:t = "t1_spawn_def05"
		tm:m = [[-0.608762, 0.0, 0.793353] [0.0, 1.0, 0.0] [-0.793353, 0.0, -0.608762] [-38258.6, 62.412, 27970.2]]
		unit_class:t = "uk_40mm_bofors"
