selected_tag:t = ""
bin_dump_file:t = ""
mission_settings {
	player {
		army:i = 1
		wing:t = "t1_player01"
		wing:t = "t1_player02"
		wing:t = "t1_player03"
		wing:t = "t1_player04"
		wing:t = "t1_player05"
		wing:t = "t1_player06"
		wing:t = "t1_player07"
		wing:t = "t1_player08"
		wing:t = "t1_player09"
		wing:t = "t1_player10"
		wing:t = "t1_player11"
		wing:t = "t1_player12"
		wing:t = "t1_player13"
		wing:t = "t1_player14"
		wing:t = "t1_player15"
		wing:t = "t1_player16"
		wing:t = "t1_player17"
	}
	player_teamB {
		army:i = 2
		wing:t = "t2_player01"
		wing:t = "t2_player02"
		wing:t = "t2_player03"
		wing:t = "t2_player04"
		wing:t = "t2_player05"
		wing:t = "t2_player06"
		wing:t = "t2_player07"
		wing:t = "t2_player08"
		wing:t = "t2_player09"
		wing:t = "t2_player10"
		wing:t = "t2_player11"
		wing:t = "t2_player12"
		wing:t = "t2_player13"
		wing:t = "t2_player14"
		wing:t = "t2_player15"
		wing:t = "t2_player16"
	}
	mission {
		level:t = "levels/peleliu.bin"
		type:t = "domination"
		restoreType:t = "attempts"
		optionalTakeOff:b = false
		environment:t = "Day"
		weather:t = "hazy"
		scoreLimit:i = 5040
		timeLimit:i = 20
		timeLimitRound:i = 15
		respawnTimeMultiplier:r = 1
		deathPenaltyMul:r = 0.1
		deathPenaltyMulRounds:r = 0.2
		country_axis:t = "japan"
		country_allies:t = "usa"
		locName:t = "missions/_AfD;location/peleliu"
		locDesc:t = "missions/_AfDto/main/desc;missions/_AfD/3zones"
		allowedUnitTypes {
			isAirplanesAllowed:b = true
		}
	}
	atmosphere {
		pressure:r = 760
		temperature:r = 28
	}
	spectator_points {
		spectatorPoint:t = "spectator_point_01"
		spectatorPoint:t = "spectator_point_02"
		spectatorPoint:t = "spectator_point_03"
		spectatorPoint:t = "spectator_point_04"
	}
	briefing {
		place_loc:t = ""
		date_loc:t = ""
		objective_loc:t = ""
		music:t = "action_01"
		part {
			event:t = ""
			minTime:i = 6
			slide {
				map:b = false
				minTime:i = 6
				picture:t = "versus/airfield_domination_01"
			}
			slide {
				map:b = false
				minTime:i = 6
				picture:t = "versus/airfield_domination_02"
			}
		}
		part {
			event:t = ""
			minTime:i = 0
			slide {
				map:b = true
				minTime:i = 4
				picture:t = ""
				icon {
					icontype:t = "carrier"
					side:t = "ally"
					target:t = "t1_cv01"
				}
				icon {
					icontype:t = "carrier"
					side:t = "enemy"
					target:t = "t2_cv01"
				}
				icon {
					icontype:t = "basezone_A"
					side:t = "neutral"
					target:t = "capture_zone01"
				}
				icon {
					icontype:t = "basezone_C"
					side:t = "neutral"
					target:t = "capture_zone03"
				}
				icon {
					icontype:t = "basezone_B"
					side:t = "neutral"
					target:t = "og_airfield02"
				}
			}
		}
	}
}
imports {
	import_record {
		file:t = "gameData/missions/bridges/peleliu_bridges.blk"
		importAreas:b = false
		importUnits:b = true
		importTriggers:b = false
		importMissionObjectives:b = true
		importWayPoints:b = true
		showAreas:b = false
		showUnits:b = true
		showTriggers:b = false
		showMissionObjectives:b = true
		showWayPoints:b = true
		excludes {

		}
	}
}
triggers {
	isCategory:b = true
	is_enabled:b = true
	miss_init {
		is_enabled:b = true
		comments:t = ""
		props {
			actionsType:t = "PERFORM_ONE_BY_ONE"
			conditionsType:t = "ALL"
			enableAfterComplete:b = false
		}
		events {
			initMission {

			}
		}
		conditions {

		}
		actions {
			missionMarkAsRespawnPoint {
				loc_name:t = "missions/carriers_spawn"
				spawnEffect:b = false
				isAirfield:b = true
				isUnit:b = false
				offset:p3 = 0, 0, 0
				radius:r = -1
				isStrictSpawn:b = false
				useExisting:b = false
				isIndividual:b = false
				removeAreas:b = false
				canSpawnOnNeutral:b = false
				showOnMap:b = true
				target:t = "t1_cv01"
				target:t = "t1_cv02"
				target:t = "t1_cv03"
				target:t = "t1_cv04"
				team:t = "A"
				object:t = "t1_cv01"
				object:t = "t1_cv02"
				object:t = "t1_cv03"
				object:t = "t1_cv04"
				disableAfter:i = 30
			}
			missionMarkAsRespawnPoint {
				loc_name:t = "missions/carriers_spawn"
				spawnEffect:b = false
				isAirfield:b = true
				isUnit:b = false
				offset:p3 = 0, 0, 0
				radius:r = -1
				isStrictSpawn:b = false
				useExisting:b = false
				isIndividual:b = false
				removeAreas:b = false
				canSpawnOnNeutral:b = false
				showOnMap:b = true
				target:t = "t2_cv01"
				target:t = "t2_cv02"
				target:t = "t2_cv03"
				target:t = "t2_cv04"
				team:t = "B"
				object:t = "t2_cv01"
				object:t = "t2_cv02"
				object:t = "t2_cv03"
				object:t = "t2_cv04"
				disableAfter:i = 30
			}
			addAirfield {
				runwayStart:t = "airfield01_start"
				runwayEnd:t = "airfield01_end"
				runwayWidth:r = 80
				army:i = 0
				spawnPoint:t = "airfield01_spawn01"
				spawnPoint:t = "airfield01_spawn02"
				spawnPoint:t = "airfield01_spawn03"
				spawnPoint:t = "airfield01_spawn04"
				spawnPoint:t = "airfield01_spawn05"
				spawnPoint:t = "airfield01_spawn06"
				spawnPoint:t = "airfield01_spawn07"
				spawnPoint:t = "airfield01_spawn08"
				spawnPoint:t = "airfield01_spawn09"
				spawnPoint:t = "airfield01_spawn10"
				spawnPoint:t = "airfield01_spawn11"
				spawnPoint:t = "airfield01_spawn12"
				spawnPoint:t = "airfield01_spawn13"
				spawnPoint:t = "airfield01_spawn14"
				spawnPoint:t = "airfield01_spawn15"
				spawnPoint:t = "airfield01_spawn16"
			}
			addAirfield {
				runwayStart:t = "airfield03_start"
				runwayEnd:t = "airfield03_end"
				runwayWidth:r = 80
				army:i = 0
				spawnPoint:t = "airfield03_spawn01"
				spawnPoint:t = "airfield03_spawn02"
				spawnPoint:t = "airfield03_spawn03"
				spawnPoint:t = "airfield03_spawn04"
				spawnPoint:t = "airfield03_spawn05"
				spawnPoint:t = "airfield03_spawn06"
				spawnPoint:t = "airfield03_spawn07"
				spawnPoint:t = "airfield03_spawn08"
				spawnPoint:t = "airfield03_spawn09"
				spawnPoint:t = "airfield03_spawn10"
				spawnPoint:t = "airfield03_spawn11"
				spawnPoint:t = "airfield03_spawn12"
				spawnPoint:t = "airfield03_spawn13"
				spawnPoint:t = "airfield03_spawn14"
				spawnPoint:t = "airfield03_spawn15"
				spawnPoint:t = "airfield03_spawn16"
			}
			missionMarkAsCaptureZone {
				army:i = 0
				name_for_respawn_base:t = "missions/stalingrad_sum_AD/spawn2"
				timeMultiplier:r = 1
				disableZone:b = false
				target:t = "capture_zone01"
				canCaptureOnGround:b = true
				canCaptureInAir:b = false
				airfield:t = "airfield01_start"
			}
			missionMarkAsCaptureZone {
				army:i = 0
				name_for_respawn_base:t = "missions/stalingrad_sum_AD/spawn4"
				timeMultiplier:r = 1
				disableZone:b = false
				target:t = "capture_zone03"
				canCaptureOnGround:b = true
				canCaptureInAir:b = false
				airfield:t = "airfield03_start"
			}
			missionMarkAsCaptureZone {
				army:i = 0
				name_for_respawn_base:t = "missions/carriers_spawn"
				timeMultiplier:r = 1
				disableZone:b = false
				target:t = "capture_zone02"
				canCaptureOnGround:b = true
				canCaptureInAir:b = false
				airfield:t = "og_airfield02"
			}
			unitSetProperties {
				object:t = "t1_fleet_sq"
				object:t = "t2_fleet_sq"
				accuracy:r = 1
				effShootingRate:r = 0.5
			}
		}
		else_actions {

		}
	}
}
mission_objectives {
	isCategory:b = true
	is_enabled:b = true
	arcade_capture_airfield03 {
		is_enabled:b = true
		comments:t = ""
		type:t = "abstractMissionObjective"
		props {
			isPrimary:b = true
			timeLimit:i = 18000
			scoreConst:i = 100
			scoreTime:i = 400
		}
		onSuccess {

		}
		onFailed {

		}
	}
}
variables {
	rounds:i = -1
	curRound:i = -1
	evenRound:i = -1
}
dialogs {

}
airfields {

}
effects {

}
units {
	armada {
		name:t = "t1_player01"
		tm:m = [[-0.130526, 0.0, -0.991445] [0.0, 1.0, 0.0] [0.991445, 0.0, -0.130526] [8851.5, 379.55, -12735.1]]
		unit_class:t = "dummy_plane"
		closed_waypoints:b = false
		weapons:t = ""
		bullets0:t = ""
		bullets1:t = ""
		bullets2:t = ""
		bullets3:t = ""
		bulletsCount0:i = 0
		bulletsCount1:i = 0
		bulletsCount2:i = 0
		bulletsCount3:i = 0
		props {
			army:i = 2
			free_distance:r = 70
			floating_distance:r = 50
			minimum_distance_to_earth:r = 20
			altLimit:r = 6000
			attack_type:t = "fire_at_will"
			skill:i = 4
			count:i = 1
			plane {
				wing_formation:t = "Diamond"
				row_distances:r = 1.5
				col_distances:r = 1.5
				super_formation:t = "Diamond"
				super_row_distances:r = 1.5
				super_col_distances:r = 1.5
				ai_skill:t = "NORMAL"
				task:t = "FLY_WAYPOINT"
			}
		}
		way {

		}
	}
	armada {
		name:t = "t1_player02"
		tm:m = [[-0.130526, 0.0, -0.991445] [0.0, 1.0, 0.0] [0.991445, 0.0, -0.130526] [19692.6, 27.1, -13063.6]]
		unit_class:t = "dummy_plane"
		closed_waypoints:b = false
		weapons:t = ""
		bullets0:t = ""
		bullets1:t = ""
		bullets2:t = ""
		bullets3:t = ""
		bulletsCount0:i = 0
		bulletsCount1:i = 0
		bulletsCount2:i = 0
		bulletsCount3:i = 0
		props {
			army:i = 2
			free_distance:r = 70
			floating_distance:r = 50
			minimum_distance_to_earth:r = 20
			altLimit:r = 6000
			attack_type:t = "fire_at_will"
			skill:i = 4
			count:i = 1
			plane {
				wing_formation:t = "Diamond"
				row_distances:r = 1.5
				col_distances:r = 1.5
				super_formation:t = "Diamond"
				super_row_distances:r = 1.5
				super_col_distances:r = 1.5
				ai_skill:t = "NORMAL"
				task:t = "FLY_WAYPOINT"
			}
		}
		way {

		}
	}
	armada {
		name:t = "t1_player03"
		tm:m = [[-0.130526, 0.0, -0.991445] [0.0, 1.0, 0.0] [0.991445, 0.0, -0.130526] [19442.4, 27.1, -13117.4]]
		unit_class:t = "dummy_plane"
		closed_waypoints:b = false
		weapons:t = ""
		bullets0:t = ""
		bullets1:t = ""
		bullets2:t = ""
		bullets3:t = ""
		bulletsCount0:i = 0
		bulletsCount1:i = 0
		bulletsCount2:i = 0
		bulletsCount3:i = 0
		props {
			army:i = 2
			free_distance:r = 70
			floating_distance:r = 50
			minimum_distance_to_earth:r = 20
			altLimit:r = 6000
			attack_type:t = "fire_at_will"
			skill:i = 4
			count:i = 1
			plane {
				wing_formation:t = "Diamond"
				row_distances:r = 1.5
				col_distances:r = 1.5
				super_formation:t = "Diamond"
				super_row_distances:r = 1.5
				super_col_distances:r = 1.5
				ai_skill:t = "NORMAL"
				task:t = "FLY_WAYPOINT"
			}
		}
		way {

		}
	}
	armada {
		name:t = "t1_player04"
		tm:m = [[-0.130526, 0.0, -0.991445] [0.0, 1.0, 0.0] [0.991445, 0.0, -0.130526] [19192.2, 27.1, -13171.3]]
		unit_class:t = "dummy_plane"
		closed_waypoints:b = false
		weapons:t = ""
		bullets0:t = ""
		bullets1:t = ""
		bullets2:t = ""
		bullets3:t = ""
		bulletsCount0:i = 0
		bulletsCount1:i = 0
		bulletsCount2:i = 0
		bulletsCount3:i = 0
		props {
			army:i = 2
			free_distance:r = 70
			floating_distance:r = 50
			minimum_distance_to_earth:r = 20
			altLimit:r = 6000
			attack_type:t = "fire_at_will"
			skill:i = 4
			count:i = 1
			plane {
				wing_formation:t = "Diamond"
				row_distances:r = 1.5
				col_distances:r = 1.5
				super_formation:t = "Diamond"
				super_row_distances:r = 1.5
				super_col_distances:r = 1.5
				ai_skill:t = "NORMAL"
				task:t = "FLY_WAYPOINT"
			}
		}
		way {

		}
	}
	armada {
		name:t = "t1_player05"
		tm:m = [[-0.130526, 0.0, -0.991445] [0.0, 1.0, 0.0] [0.991445, 0.0, -0.130526] [18942.1, 27.1, -13225.1]]
		unit_class:t = "dummy_plane"
		closed_waypoints:b = false
		weapons:t = ""
		bullets0:t = ""
		bullets1:t = ""
		bullets2:t = ""
		bullets3:t = ""
		bulletsCount0:i = 0
		bulletsCount1:i = 0
		bulletsCount2:i = 0
		bulletsCount3:i = 0
		props {
			army:i = 2
			free_distance:r = 70
			floating_distance:r = 50
			minimum_distance_to_earth:r = 20
			altLimit:r = 6000
			attack_type:t = "fire_at_will"
			skill:i = 4
			count:i = 1
			plane {
				wing_formation:t = "Diamond"
				row_distances:r = 1.5
				col_distances:r = 1.5
				super_formation:t = "Diamond"
				super_row_distances:r = 1.5
				super_col_distances:r = 1.5
				ai_skill:t = "NORMAL"
				task:t = "FLY_WAYPOINT"
			}
		}
		way {

		}
	}
	armada {
		name:t = "t1_player06"
		tm:m = [[-0.130526, 0.0, -0.991445] [0.0, 1.0, 0.0] [0.991445, 0.0, -0.130526] [18691.9, 27.1, -13279.0]]
		unit_class:t = "dummy_plane"
		closed_waypoints:b = false
		weapons:t = ""
		bullets0:t = ""
		bullets1:t = ""
		bullets2:t = ""
		bullets3:t = ""
		bulletsCount0:i = 0
		bulletsCount1:i = 0
		bulletsCount2:i = 0
		bulletsCount3:i = 0
		props {
			army:i = 2
			free_distance:r = 70
			floating_distance:r = 50
			minimum_distance_to_earth:r = 20
			altLimit:r = 6000
			attack_type:t = "fire_at_will"
			skill:i = 4
			count:i = 1
			plane {
				wing_formation:t = "Diamond"
				row_distances:r = 1.5
				col_distances:r = 1.5
				super_formation:t = "Diamond"
				super_row_distances:r = 1.5
				super_col_distances:r = 1.5
				ai_skill:t = "NORMAL"
				task:t = "FLY_WAYPOINT"
			}
		}
		way {

		}
	}
	armada {
		name:t = "t1_player07"
		tm:m = [[-0.130526, 0.0, -0.991445] [0.0, 1.0, 0.0] [0.991445, 0.0, -0.130526] [18441.7, 27.1, -13332.8]]
		unit_class:t = "dummy_plane"
		closed_waypoints:b = false
		weapons:t = ""
		bullets0:t = ""
		bullets1:t = ""
		bullets2:t = ""
		bullets3:t = ""
		bulletsCount0:i = 0
		bulletsCount1:i = 0
		bulletsCount2:i = 0
		bulletsCount3:i = 0
		props {
			army:i = 2
			free_distance:r = 70
			floating_distance:r = 50
			minimum_distance_to_earth:r = 20
			altLimit:r = 6000
			attack_type:t = "fire_at_will"
			skill:i = 4
			count:i = 1
			plane {
				wing_formation:t = "Diamond"
				row_distances:r = 1.5
				col_distances:r = 1.5
				super_formation:t = "Diamond"
				super_row_distances:r = 1.5
				super_col_distances:r = 1.5
				ai_skill:t = "NORMAL"
				task:t = "FLY_WAYPOINT"
			}
		}
		way {

		}
	}
	armada {
		name:t = "t1_player08"
		tm:m = [[-0.130526, 0.0, -0.991445] [0.0, 1.0, 0.0] [0.991445, 0.0, -0.130526] [18191.6, 27.1, -13386.7]]
		unit_class:t = "dummy_plane"
		closed_waypoints:b = false
		weapons:t = ""
		bullets0:t = ""
		bullets1:t = ""
		bullets2:t = ""
		bullets3:t = ""
		bulletsCount0:i = 0
		bulletsCount1:i = 0
		bulletsCount2:i = 0
		bulletsCount3:i = 0
		props {
			army:i = 2
			free_distance:r = 70
			floating_distance:r = 50
			minimum_distance_to_earth:r = 20
			altLimit:r = 6000
			attack_type:t = "fire_at_will"
			skill:i = 4
			count:i = 1
			plane {
				wing_formation:t = "Diamond"
				row_distances:r = 1.5
				col_distances:r = 1.5
				super_formation:t = "Diamond"
				super_row_distances:r = 1.5
				super_col_distances:r = 1.5
				ai_skill:t = "NORMAL"
				task:t = "FLY_WAYPOINT"
			}
		}
		way {

		}
	}
	armada {
		name:t = "t2_player01"
		tm:m = [[0.843391, 0.0, 0.5373] [0.0, 1.0, 0.0] [-0.5373, 0.0, 0.843391] [21187.7, 454.25, -1405.05]]
		unit_class:t = "dummy_plane"
		closed_waypoints:b = false
		weapons:t = ""
		bullets0:t = ""
		bullets1:t = ""
		bullets2:t = ""
		bullets3:t = ""
		bulletsCount0:i = 0
		bulletsCount1:i = 0
		bulletsCount2:i = 0
		bulletsCount3:i = 0
		props {
			army:i = 2
			free_distance:r = 70
			floating_distance:r = 50
			minimum_distance_to_earth:r = 20
			altLimit:r = 6000
			attack_type:t = "fire_at_will"
			skill:i = 4
			count:i = 1
			plane {
				wing_formation:t = "Diamond"
				row_distances:r = 1.5
				col_distances:r = 1.5
				super_formation:t = "Diamond"
				super_row_distances:r = 1.5
				super_col_distances:r = 1.5
				ai_skill:t = "NORMAL"
				task:t = "FLY_WAYPOINT"
			}
		}
		way {

		}
	}
	armada {
		name:t = "t2_player02"
		tm:m = [[0.843391, 0.0, 0.5373] [0.0, 1.0, 0.0] [-0.5373, 0.0, 0.843391] [21365.8, 454.25, -1559.45]]
		unit_class:t = "dummy_plane"
		closed_waypoints:b = false
		weapons:t = ""
		bullets0:t = ""
		bullets1:t = ""
		bullets2:t = ""
		bullets3:t = ""
		bulletsCount0:i = 0
		bulletsCount1:i = 0
		bulletsCount2:i = 0
		bulletsCount3:i = 0
		props {
			army:i = 2
			free_distance:r = 70
			floating_distance:r = 50
			minimum_distance_to_earth:r = 20
			altLimit:r = 6000
			attack_type:t = "fire_at_will"
			skill:i = 4
			count:i = 1
			plane {
				wing_formation:t = "Diamond"
				row_distances:r = 1.5
				col_distances:r = 1.5
				super_formation:t = "Diamond"
				super_row_distances:r = 1.5
				super_col_distances:r = 1.5
				ai_skill:t = "NORMAL"
				task:t = "FLY_WAYPOINT"
			}
		}
		way {

		}
	}
	armada {
		name:t = "t2_player03"
		tm:m = [[0.843391, 0.0, 0.5373] [0.0, 1.0, 0.0] [-0.5373, 0.0, 0.843391] [21543.7, 454.25, -1713.95]]
		unit_class:t = "dummy_plane"
		closed_waypoints:b = false
		weapons:t = ""
		bullets0:t = ""
		bullets1:t = ""
		bullets2:t = ""
		bullets3:t = ""
		bulletsCount0:i = 0
		bulletsCount1:i = 0
		bulletsCount2:i = 0
		bulletsCount3:i = 0
		props {
			army:i = 2
			free_distance:r = 70
			floating_distance:r = 50
			minimum_distance_to_earth:r = 20
			altLimit:r = 6000
			attack_type:t = "fire_at_will"
			skill:i = 4
			count:i = 1
			plane {
				wing_formation:t = "Diamond"
				row_distances:r = 1.5
				col_distances:r = 1.5
				super_formation:t = "Diamond"
				super_row_distances:r = 1.5
				super_col_distances:r = 1.5
				ai_skill:t = "NORMAL"
				task:t = "FLY_WAYPOINT"
			}
		}
		way {

		}
	}
	armada {
		name:t = "t2_player04"
		tm:m = [[0.843391, 0.0, 0.5373] [0.0, 1.0, 0.0] [-0.5373, 0.0, 0.843391] [21721.8, 454.25, -1868.35]]
		unit_class:t = "dummy_plane"
		closed_waypoints:b = false
		weapons:t = ""
		bullets0:t = ""
		bullets1:t = ""
		bullets2:t = ""
		bullets3:t = ""
		bulletsCount0:i = 0
		bulletsCount1:i = 0
		bulletsCount2:i = 0
		bulletsCount3:i = 0
		props {
			army:i = 2
			free_distance:r = 70
			floating_distance:r = 50
			minimum_distance_to_earth:r = 20
			altLimit:r = 6000
			attack_type:t = "fire_at_will"
			skill:i = 4
			count:i = 1
			plane {
				wing_formation:t = "Diamond"
				row_distances:r = 1.5
				col_distances:r = 1.5
				super_formation:t = "Diamond"
				super_row_distances:r = 1.5
				super_col_distances:r = 1.5
				ai_skill:t = "NORMAL"
				task:t = "FLY_WAYPOINT"
			}
		}
		way {

		}
	}
	armada {
		name:t = "t2_player05"
		tm:m = [[0.843391, 0.0, 0.5373] [0.0, 1.0, 0.0] [-0.5373, 0.0, 0.843391] [21899.8, 454.25, -2022.75]]
		unit_class:t = "dummy_plane"
		closed_waypoints:b = false
		weapons:t = ""
		bullets0:t = ""
		bullets1:t = ""
		bullets2:t = ""
		bullets3:t = ""
		bulletsCount0:i = 0
		bulletsCount1:i = 0
		bulletsCount2:i = 0
		bulletsCount3:i = 0
		props {
			army:i = 2
			free_distance:r = 70
			floating_distance:r = 50
			minimum_distance_to_earth:r = 20
			altLimit:r = 6000
			attack_type:t = "fire_at_will"
			skill:i = 4
			count:i = 1
			plane {
				wing_formation:t = "Diamond"
				row_distances:r = 1.5
				col_distances:r = 1.5
				super_formation:t = "Diamond"
				super_row_distances:r = 1.5
				super_col_distances:r = 1.5
				ai_skill:t = "NORMAL"
				task:t = "FLY_WAYPOINT"
			}
		}
		way {

		}
	}
	armada {
		name:t = "t2_player06"
		tm:m = [[0.843391, 0.0, 0.5373] [0.0, 1.0, 0.0] [-0.5373, 0.0, 0.843391] [22077.9, 454.25, -2177.15]]
		unit_class:t = "dummy_plane"
		closed_waypoints:b = false
		weapons:t = ""
		bullets0:t = ""
		bullets1:t = ""
		bullets2:t = ""
		bullets3:t = ""
		bulletsCount0:i = 0
		bulletsCount1:i = 0
		bulletsCount2:i = 0
		bulletsCount3:i = 0
		props {
			army:i = 2
			free_distance:r = 70
			floating_distance:r = 50
			minimum_distance_to_earth:r = 20
			altLimit:r = 6000
			attack_type:t = "fire_at_will"
			skill:i = 4
			count:i = 1
			plane {
				wing_formation:t = "Diamond"
				row_distances:r = 1.5
				col_distances:r = 1.5
				super_formation:t = "Diamond"
				super_row_distances:r = 1.5
				super_col_distances:r = 1.5
				ai_skill:t = "NORMAL"
				task:t = "FLY_WAYPOINT"
			}
		}
		way {

		}
	}
	armada {
		name:t = "t2_player07"
		tm:m = [[0.843391, 0.0, 0.5373] [0.0, 1.0, 0.0] [-0.5373, 0.0, 0.843391] [22255.9, 454.25, -2331.55]]
		unit_class:t = "dummy_plane"
		closed_waypoints:b = false
		weapons:t = ""
		bullets0:t = ""
		bullets1:t = ""
		bullets2:t = ""
		bullets3:t = ""
		bulletsCount0:i = 0
		bulletsCount1:i = 0
		bulletsCount2:i = 0
		bulletsCount3:i = 0
		props {
			army:i = 2
			free_distance:r = 70
			floating_distance:r = 50
			minimum_distance_to_earth:r = 20
			altLimit:r = 6000
			attack_type:t = "fire_at_will"
			skill:i = 4
			count:i = 1
			plane {
				wing_formation:t = "Diamond"
				row_distances:r = 1.5
				col_distances:r = 1.5
				super_formation:t = "Diamond"
				super_row_distances:r = 1.5
				super_col_distances:r = 1.5
				ai_skill:t = "NORMAL"
				task:t = "FLY_WAYPOINT"
			}
		}
		way {

		}
	}
	armada {
		name:t = "t2_player08"
		tm:m = [[0.843391, 0.0, 0.5373] [0.0, 1.0, 0.0] [-0.5373, 0.0, 0.843391] [22434.0, 454.25, -2486.05]]
		unit_class:t = "dummy_plane"
		closed_waypoints:b = false
		weapons:t = ""
		bullets0:t = ""
		bullets1:t = ""
		bullets2:t = ""
		bullets3:t = ""
		bulletsCount0:i = 0
		bulletsCount1:i = 0
		bulletsCount2:i = 0
		bulletsCount3:i = 0
		props {
			army:i = 2
			free_distance:r = 70
			floating_distance:r = 50
			minimum_distance_to_earth:r = 20
			altLimit:r = 6000
			attack_type:t = "fire_at_will"
			skill:i = 4
			count:i = 1
			plane {
				wing_formation:t = "Diamond"
				row_distances:r = 1.5
				col_distances:r = 1.5
				super_formation:t = "Diamond"
				super_row_distances:r = 1.5
				super_col_distances:r = 1.5
				ai_skill:t = "NORMAL"
				task:t = "FLY_WAYPOINT"
			}
		}
		way {

		}
	}
	objectGroups {
		name:t = "og_airfield02"
		tm:m = [[-0.537299, 0.0, -0.843392] [0.0, 1.0, 0.0] [0.843392, 0.0, -0.537299] [1474.75, 72.05, -7435.0]]
		unit_class:t = "dynAF_pacific_grd_ally"
		props {
			army:i = 0
			active:b = true
		}
	}
	armada {
		name:t = "t1_player09"
		tm:m = [[-0.130526, 0.0, -0.991445] [0.0, 1.0, 0.0] [0.991445, 0.0, -0.130526] [16554.4, 27.1, -5129.8]]
		unit_class:t = "dummy_plane"
		closed_waypoints:b = false
		weapons:t = ""
		bullets0:t = ""
		bullets1:t = ""
		bullets2:t = ""
		bullets3:t = ""
		bulletsCount0:i = 0
		bulletsCount1:i = 0
		bulletsCount2:i = 0
		bulletsCount3:i = 0
		props {
			army:i = 2
			count:i = 1
			free_distance:r = 70
			floating_distance:r = 50
			minimum_distance_to_earth:r = 20
			altLimit:r = 6000
			attack_type:t = "fire_at_will"
			skill:i = 4
			plane {
				wing_formation:t = "Diamond"
				row_distances:r = 1.5
				col_distances:r = 1.5
				super_formation:t = "Diamond"
				super_row_distances:r = 1.5
				super_col_distances:r = 1.5
				ai_skill:t = "NORMAL"
				task:t = "FLY_WAYPOINT"
			}
		}
		way {

		}
	}
	armada {
		name:t = "t1_player10"
		tm:m = [[-0.130526, 0.0, -0.991445] [0.0, 1.0, 0.0] [0.991445, 0.0, -0.130526] [16375.1, 27.1, -5129.8]]
		unit_class:t = "dummy_plane"
		closed_waypoints:b = false
		weapons:t = ""
		bullets0:t = ""
		bullets1:t = ""
		bullets2:t = ""
		bullets3:t = ""
		bulletsCount0:i = 0
		bulletsCount1:i = 0
		bulletsCount2:i = 0
		bulletsCount3:i = 0
		props {
			army:i = 2
			count:i = 1
			free_distance:r = 70
			floating_distance:r = 50
			minimum_distance_to_earth:r = 20
			altLimit:r = 6000
			attack_type:t = "fire_at_will"
			skill:i = 4
			plane {
				wing_formation:t = "Diamond"
				row_distances:r = 1.5
				col_distances:r = 1.5
				super_formation:t = "Diamond"
				super_row_distances:r = 1.5
				super_col_distances:r = 1.5
				ai_skill:t = "NORMAL"
				task:t = "FLY_WAYPOINT"
			}
		}
		way {

		}
	}
	armada {
		name:t = "t1_player11"
		tm:m = [[-0.130526, 0.0, -0.991445] [0.0, 1.0, 0.0] [0.991445, 0.0, -0.130526] [16230.5, 27.1, -5183.9]]
		unit_class:t = "dummy_plane"
		closed_waypoints:b = false
		weapons:t = ""
		bullets0:t = ""
		bullets1:t = ""
		bullets2:t = ""
		bullets3:t = ""
		bulletsCount0:i = 0
		bulletsCount1:i = 0
		bulletsCount2:i = 0
		bulletsCount3:i = 0
		props {
			army:i = 2
			count:i = 1
			free_distance:r = 70
			floating_distance:r = 50
			minimum_distance_to_earth:r = 20
			altLimit:r = 6000
			attack_type:t = "fire_at_will"
			skill:i = 4
			plane {
				wing_formation:t = "Diamond"
				row_distances:r = 1.5
				col_distances:r = 1.5
				super_formation:t = "Diamond"
				super_row_distances:r = 1.5
				super_col_distances:r = 1.5
				ai_skill:t = "NORMAL"
				task:t = "FLY_WAYPOINT"
			}
		}
		way {

		}
	}
	armada {
		name:t = "t1_player12"
		tm:m = [[-0.130526, 0.0, -0.991445] [0.0, 1.0, 0.0] [0.991445, 0.0, -0.130526] [16085.9, 27.1, -5238.0]]
		unit_class:t = "dummy_plane"
		closed_waypoints:b = false
		weapons:t = ""
		bullets0:t = ""
		bullets1:t = ""
		bullets2:t = ""
		bullets3:t = ""
		bulletsCount0:i = 0
		bulletsCount1:i = 0
		bulletsCount2:i = 0
		bulletsCount3:i = 0
		props {
			army:i = 2
			count:i = 1
			free_distance:r = 70
			floating_distance:r = 50
			minimum_distance_to_earth:r = 20
			altLimit:r = 6000
			attack_type:t = "fire_at_will"
			skill:i = 4
			plane {
				wing_formation:t = "Diamond"
				row_distances:r = 1.5
				col_distances:r = 1.5
				super_formation:t = "Diamond"
				super_row_distances:r = 1.5
				super_col_distances:r = 1.5
				ai_skill:t = "NORMAL"
				task:t = "FLY_WAYPOINT"
			}
		}
		way {

		}
	}
	armada {
		name:t = "t1_player13"
		tm:m = [[-0.130526, 0.0, -0.991445] [0.0, 1.0, 0.0] [0.991445, 0.0, -0.130526] [15941.4, 27.1, -5292.1]]
		unit_class:t = "dummy_plane"
		closed_waypoints:b = false
		weapons:t = ""
		bullets0:t = ""
		bullets1:t = ""
		bullets2:t = ""
		bullets3:t = ""
		bulletsCount0:i = 0
		bulletsCount1:i = 0
		bulletsCount2:i = 0
		bulletsCount3:i = 0
		props {
			army:i = 2
			count:i = 1
			free_distance:r = 70
			floating_distance:r = 50
			minimum_distance_to_earth:r = 20
			altLimit:r = 6000
			attack_type:t = "fire_at_will"
			skill:i = 4
			plane {
				wing_formation:t = "Diamond"
				row_distances:r = 1.5
				col_distances:r = 1.5
				super_formation:t = "Diamond"
				super_row_distances:r = 1.5
				super_col_distances:r = 1.5
				ai_skill:t = "NORMAL"
				task:t = "FLY_WAYPOINT"
			}
		}
		way {

		}
	}
	armada {
		name:t = "t1_player14"
		tm:m = [[-0.130526, 0.0, -0.991445] [0.0, 1.0, 0.0] [0.991445, 0.0, -0.130526] [15796.8, 27.1, -5346.2]]
		unit_class:t = "dummy_plane"
		closed_waypoints:b = false
		weapons:t = ""
		bullets0:t = ""
		bullets1:t = ""
		bullets2:t = ""
		bullets3:t = ""
		bulletsCount0:i = 0
		bulletsCount1:i = 0
		bulletsCount2:i = 0
		bulletsCount3:i = 0
		props {
			army:i = 2
			count:i = 1
			free_distance:r = 70
			floating_distance:r = 50
			minimum_distance_to_earth:r = 20
			altLimit:r = 6000
			attack_type:t = "fire_at_will"
			skill:i = 4
			plane {
				wing_formation:t = "Diamond"
				row_distances:r = 1.5
				col_distances:r = 1.5
				super_formation:t = "Diamond"
				super_row_distances:r = 1.5
				super_col_distances:r = 1.5
				ai_skill:t = "NORMAL"
				task:t = "FLY_WAYPOINT"
			}
		}
		way {

		}
	}
	armada {
		name:t = "t1_player15"
		tm:m = [[-0.130526, 0.0, -0.991445] [0.0, 1.0, 0.0] [0.991445, 0.0, -0.130526] [15652.3, 27.1, -5400.3]]
		unit_class:t = "dummy_plane"
		closed_waypoints:b = false
		weapons:t = ""
		bullets0:t = ""
		bullets1:t = ""
		bullets2:t = ""
		bullets3:t = ""
		bulletsCount0:i = 0
		bulletsCount1:i = 0
		bulletsCount2:i = 0
		bulletsCount3:i = 0
		props {
			army:i = 2
			count:i = 1
			free_distance:r = 70
			floating_distance:r = 50
			minimum_distance_to_earth:r = 20
			altLimit:r = 6000
			attack_type:t = "fire_at_will"
			skill:i = 4
			plane {
				wing_formation:t = "Diamond"
				row_distances:r = 1.5
				col_distances:r = 1.5
				super_formation:t = "Diamond"
				super_row_distances:r = 1.5
				super_col_distances:r = 1.5
				ai_skill:t = "NORMAL"
				task:t = "FLY_WAYPOINT"
			}
		}
		way {

		}
	}
	armada {
		name:t = "t1_player16"
		tm:m = [[-0.130526, 0.0, -0.991445] [0.0, 1.0, 0.0] [0.991445, 0.0, -0.130526] [15507.7, 27.1, -5454.4]]
		unit_class:t = "dummy_plane"
		closed_waypoints:b = false
		weapons:t = ""
		bullets0:t = ""
		bullets1:t = ""
		bullets2:t = ""
		bullets3:t = ""
		bulletsCount0:i = 0
		bulletsCount1:i = 0
		bulletsCount2:i = 0
		bulletsCount3:i = 0
		props {
			army:i = 2
			count:i = 1
			free_distance:r = 70
			floating_distance:r = 50
			minimum_distance_to_earth:r = 20
			altLimit:r = 6000
			attack_type:t = "fire_at_will"
			skill:i = 4
			plane {
				wing_formation:t = "Diamond"
				row_distances:r = 1.5
				col_distances:r = 1.5
				super_formation:t = "Diamond"
				super_row_distances:r = 1.5
				super_col_distances:r = 1.5
				ai_skill:t = "NORMAL"
				task:t = "FLY_WAYPOINT"
			}
		}
		way {

		}
	}
	armada {
		name:t = "t1_player17"
		tm:m = [[-0.130526, 0.0, -0.991445] [0.0, 1.0, 0.0] [0.991445, 0.0, -0.130526] [15407.7, 27.1, -5854.4]]
		unit_class:t = "dummy_plane"
		closed_waypoints:b = false
		weapons:t = ""
		bullets0:t = ""
		bullets1:t = ""
		bullets2:t = ""
		bullets3:t = ""
		bulletsCount0:i = 0
		bulletsCount1:i = 0
		bulletsCount2:i = 0
		bulletsCount3:i = 0
		props {
			army:i = 2
			count:i = 1
			free_distance:r = 70
			floating_distance:r = 50
			minimum_distance_to_earth:r = 20
			altLimit:r = 6000
			attack_type:t = "fire_at_will"
			skill:i = 4
			player:b = true
			plane {
				wing_formation:t = "Diamond"
				row_distances:r = 1.5
				col_distances:r = 1.5
				super_formation:t = "Diamond"
				super_row_distances:r = 1.5
				super_col_distances:r = 1.5
				ai_skill:t = "NORMAL"
				task:t = "FLY_WAYPOINT"
			}
		}
		way {

		}
	}
	armada {
		name:t = "t2_player09"
		tm:m = [[0.843391, 0.0, 0.5373] [0.0, 1.0, 0.0] [-0.5373, 0.0, 0.843391] [19127.4, 27.1, 22788.5]]
		unit_class:t = "dummy_plane"
		closed_waypoints:b = false
		weapons:t = ""
		bullets0:t = ""
		bullets1:t = ""
		bullets2:t = ""
		bullets3:t = ""
		bulletsCount0:i = 0
		bulletsCount1:i = 0
		bulletsCount2:i = 0
		bulletsCount3:i = 0
		props {
			army:i = 2
			free_distance:r = 70
			floating_distance:r = 50
			minimum_distance_to_earth:r = 20
			altLimit:r = 6000
			attack_type:t = "fire_at_will"
			skill:i = 4
			count:i = 1
			plane {
				wing_formation:t = "Diamond"
				row_distances:r = 1.5
				col_distances:r = 1.5
				super_formation:t = "Diamond"
				super_row_distances:r = 1.5
				super_col_distances:r = 1.5
				ai_skill:t = "NORMAL"
				task:t = "FLY_WAYPOINT"
			}
		}
		way {

		}
	}
	armada {
		name:t = "t2_player10"
		tm:m = [[0.843391, 0.0, 0.5373] [0.0, 1.0, 0.0] [-0.5373, 0.0, 0.843391] [19168.8, 27.1, 22762.4]]
		unit_class:t = "dummy_plane"
		closed_waypoints:b = false
		weapons:t = ""
		bullets0:t = ""
		bullets1:t = ""
		bullets2:t = ""
		bullets3:t = ""
		bulletsCount0:i = 0
		bulletsCount1:i = 0
		bulletsCount2:i = 0
		bulletsCount3:i = 0
		props {
			army:i = 2
			free_distance:r = 70
			floating_distance:r = 50
			minimum_distance_to_earth:r = 20
			altLimit:r = 6000
			attack_type:t = "fire_at_will"
			skill:i = 4
			count:i = 1
			plane {
				wing_formation:t = "Diamond"
				row_distances:r = 1.5
				col_distances:r = 1.5
				super_formation:t = "Diamond"
				super_row_distances:r = 1.5
				super_col_distances:r = 1.5
				ai_skill:t = "NORMAL"
				task:t = "FLY_WAYPOINT"
			}
		}
		way {

		}
	}
	armada {
		name:t = "t2_player11"
		tm:m = [[0.843391, 0.0, 0.5373] [0.0, 1.0, 0.0] [-0.5373, 0.0, 0.843391] [19210.2, 27.1, 22736.4]]
		unit_class:t = "dummy_plane"
		closed_waypoints:b = false
		weapons:t = ""
		bullets0:t = ""
		bullets1:t = ""
		bullets2:t = ""
		bullets3:t = ""
		bulletsCount0:i = 0
		bulletsCount1:i = 0
		bulletsCount2:i = 0
		bulletsCount3:i = 0
		props {
			army:i = 2
			free_distance:r = 70
			floating_distance:r = 50
			minimum_distance_to_earth:r = 20
			altLimit:r = 6000
			attack_type:t = "fire_at_will"
			skill:i = 4
			count:i = 1
			plane {
				wing_formation:t = "Diamond"
				row_distances:r = 1.5
				col_distances:r = 1.5
				super_formation:t = "Diamond"
				super_row_distances:r = 1.5
				super_col_distances:r = 1.5
				ai_skill:t = "NORMAL"
				task:t = "FLY_WAYPOINT"
			}
		}
		way {

		}
	}
	armada {
		name:t = "t2_player12"
		tm:m = [[0.843391, 0.0, 0.5373] [0.0, 1.0, 0.0] [-0.5373, 0.0, 0.843391] [19251.6, 27.1, 22710.3]]
		unit_class:t = "dummy_plane"
		closed_waypoints:b = false
		weapons:t = ""
		bullets0:t = ""
		bullets1:t = ""
		bullets2:t = ""
		bullets3:t = ""
		bulletsCount0:i = 0
		bulletsCount1:i = 0
		bulletsCount2:i = 0
		bulletsCount3:i = 0
		props {
			army:i = 2
			count:i = 1
			free_distance:r = 70
			floating_distance:r = 50
			minimum_distance_to_earth:r = 20
			altLimit:r = 6000
			attack_type:t = "fire_at_will"
			skill:i = 4
			plane {
				wing_formation:t = "Diamond"
				row_distances:r = 1.5
				col_distances:r = 1.5
				super_formation:t = "Diamond"
				super_row_distances:r = 1.5
				super_col_distances:r = 1.5
				ai_skill:t = "NORMAL"
				task:t = "FLY_WAYPOINT"
			}
		}
		way {

		}
	}
	armada {
		name:t = "t2_player13"
		tm:m = [[0.843391, 0.0, 0.5373] [0.0, 1.0, 0.0] [-0.5373, 0.0, 0.843391] [19293.0, 27.1, 22684.3]]
		unit_class:t = "dummy_plane"
		closed_waypoints:b = false
		weapons:t = ""
		bullets0:t = ""
		bullets1:t = ""
		bullets2:t = ""
		bullets3:t = ""
		bulletsCount0:i = 0
		bulletsCount1:i = 0
		bulletsCount2:i = 0
		bulletsCount3:i = 0
		props {
			army:i = 2
			count:i = 1
			free_distance:r = 70
			floating_distance:r = 50
			minimum_distance_to_earth:r = 20
			altLimit:r = 6000
			attack_type:t = "fire_at_will"
			skill:i = 4
			plane {
				wing_formation:t = "Diamond"
				row_distances:r = 1.5
				col_distances:r = 1.5
				super_formation:t = "Diamond"
				super_row_distances:r = 1.5
				super_col_distances:r = 1.5
				ai_skill:t = "NORMAL"
				task:t = "FLY_WAYPOINT"
			}
		}
		way {

		}
	}
	armada {
		name:t = "t2_player14"
		tm:m = [[0.843391, 0.0, 0.5373] [0.0, 1.0, 0.0] [-0.5373, 0.0, 0.843391] [19334.4, 27.1, 22658.2]]
		unit_class:t = "dummy_plane"
		closed_waypoints:b = false
		weapons:t = ""
		bullets0:t = ""
		bullets1:t = ""
		bullets2:t = ""
		bullets3:t = ""
		bulletsCount0:i = 0
		bulletsCount1:i = 0
		bulletsCount2:i = 0
		bulletsCount3:i = 0
		props {
			army:i = 2
			count:i = 1
			free_distance:r = 70
			floating_distance:r = 50
			minimum_distance_to_earth:r = 20
			altLimit:r = 6000
			attack_type:t = "fire_at_will"
			skill:i = 4
			plane {
				wing_formation:t = "Diamond"
				row_distances:r = 1.5
				col_distances:r = 1.5
				super_formation:t = "Diamond"
				super_row_distances:r = 1.5
				super_col_distances:r = 1.5
				ai_skill:t = "NORMAL"
				task:t = "FLY_WAYPOINT"
			}
		}
		way {

		}
	}
	armada {
		name:t = "t2_player15"
		tm:m = [[0.843391, 0.0, 0.5373] [0.0, 1.0, 0.0] [-0.5373, 0.0, 0.843391] [19375.8, 27.1, 22632.2]]
		unit_class:t = "dummy_plane"
		closed_waypoints:b = false
		weapons:t = ""
		bullets0:t = ""
		bullets1:t = ""
		bullets2:t = ""
		bullets3:t = ""
		bulletsCount0:i = 0
		bulletsCount1:i = 0
		bulletsCount2:i = 0
		bulletsCount3:i = 0
		props {
			army:i = 2
			count:i = 1
			free_distance:r = 70
			floating_distance:r = 50
			minimum_distance_to_earth:r = 20
			altLimit:r = 6000
			attack_type:t = "fire_at_will"
			skill:i = 4
			plane {
				wing_formation:t = "Diamond"
				row_distances:r = 1.5
				col_distances:r = 1.5
				super_formation:t = "Diamond"
				super_row_distances:r = 1.5
				super_col_distances:r = 1.5
				ai_skill:t = "NORMAL"
				task:t = "FLY_WAYPOINT"
			}
		}
		way {

		}
	}
	armada {
		name:t = "t2_player16"
		tm:m = [[0.843391, 0.0, 0.5373] [0.0, 1.0, 0.0] [-0.5373, 0.0, 0.843391] [19435.4, 27.1, 22589.0]]
		unit_class:t = "dummy_plane"
		closed_waypoints:b = false
		weapons:t = ""
		bullets0:t = ""
		bullets1:t = ""
		bullets2:t = ""
		bullets3:t = ""
		bulletsCount0:i = 0
		bulletsCount1:i = 0
		bulletsCount2:i = 0
		bulletsCount3:i = 0
		props {
			army:i = 2
			count:i = 1
			free_distance:r = 70
			floating_distance:r = 50
			minimum_distance_to_earth:r = 20
			altLimit:r = 6000
			attack_type:t = "fire_at_will"
			skill:i = 4
			plane {
				wing_formation:t = "Diamond"
				row_distances:r = 1.5
				col_distances:r = 1.5
				super_formation:t = "Diamond"
				super_row_distances:r = 1.5
				super_col_distances:r = 1.5
				ai_skill:t = "NORMAL"
				task:t = "FLY_WAYPOINT"
			}
		}
		way {

		}
	}
	squad {
		name:t = "t1_players_sq"
		tm:m = [[0.984808, 0.0, -0.173648] [0.0, 1.0, 0.0] [0.173648, 0.0, 0.984808] [5178.18, 84.35, -15881.2]]
		props {
			squad_members:t = "t1_player01"
			squad_members:t = "t1_player02"
			squad_members:t = "t1_player03"
			squad_members:t = "t1_player04"
			squad_members:t = "t1_player05"
			squad_members:t = "t1_player06"
			squad_members:t = "t1_player07"
			squad_members:t = "t1_player08"
			squad_members:t = "t1_player09"
			squad_members:t = "t1_player10"
			squad_members:t = "t1_player11"
			squad_members:t = "t1_player12"
			squad_members:t = "t1_player13"
			squad_members:t = "t1_player14"
			squad_members:t = "t1_player15"
			squad_members:t = "t1_player16"
		}
	}
	squad {
		name:t = "t2_players_sq"
		tm:m = [[0.984808, 0.0, -0.173648] [0.0, 1.0, 0.0] [0.173648, 0.0, 0.984808] [6325.9, 84.35, -5954.4]]
		props {
			squad_members:t = "t2_player01"
			squad_members:t = "t2_player02"
			squad_members:t = "t2_player03"
			squad_members:t = "t2_player04"
			squad_members:t = "t2_player05"
			squad_members:t = "t2_player06"
			squad_members:t = "t2_player07"
			squad_members:t = "t2_player08"
			squad_members:t = "t2_player09"
			squad_members:t = "t2_player10"
			squad_members:t = "t2_player11"
			squad_members:t = "t2_player12"
			squad_members:t = "t2_player13"
			squad_members:t = "t2_player14"
			squad_members:t = "t2_player15"
			squad_members:t = "t2_player16"
		}
	}
	ships {
		name:t = "t2_cv01"
		tm:m = [[0.92388, 0.0, -0.382683] [0.0, 1.0, 0.0] [0.382683, 0.0, 0.92388] [-5739.2, 1.0, -2944.0]]
		unit_class:t = "ijn_cv_soryu"
		closed_waypoints:b = false
		weapons:t = ""
		bullets0:t = ""
		bullets1:t = ""
		bullets2:t = ""
		bullets3:t = ""
		bulletsCount0:i = 0
		bulletsCount1:i = 0
		bulletsCount2:i = 0
		bulletsCount3:i = 0
		props {
			army:i = 2
			count:i = 1
			formation_type:t = "rows"
			formation_div:i = 3
			formation_step:p2 = 2.5, 2
			formation_noise:p2 = 0.1, 0.1
			uniqueName:t = ""
			attack_type:t = "fire_at_will"
		}
		way {

		}
	}
	ships {
		name:t = "t2_cv02"
		tm:m = [[0.92388, 0.0, -0.382683] [0.0, 1.0, 0.0] [0.382683, 0.0, 0.92388] [-5611.45, 1.0, -2319.7]]
		unit_class:t = "ijn_cv_soryu"
		closed_waypoints:b = false
		weapons:t = ""
		bullets0:t = ""
		bullets1:t = ""
		bullets2:t = ""
		bullets3:t = ""
		bulletsCount0:i = 0
		bulletsCount1:i = 0
		bulletsCount2:i = 0
		bulletsCount3:i = 0
		props {
			army:i = 2
			count:i = 1
			formation_type:t = "rows"
			formation_div:i = 3
			formation_step:p2 = 2.5, 2
			formation_noise:p2 = 0.1, 0.1
			uniqueName:t = ""
			attack_type:t = "fire_at_will"
		}
		way {

		}
	}
	ships {
		name:t = "t2_cv03"
		tm:m = [[0.92388, 0.0, -0.382683] [0.0, 1.0, 0.0] [0.382683, 0.0, 0.92388] [-6102.15, 1.0, -3540.05]]
		unit_class:t = "ijn_cv_soryu"
		closed_waypoints:b = false
		weapons:t = ""
		bullets0:t = ""
		bullets1:t = ""
		bullets2:t = ""
		bullets3:t = ""
		bulletsCount0:i = 0
		bulletsCount1:i = 0
		bulletsCount2:i = 0
		bulletsCount3:i = 0
		props {
			army:i = 2
			count:i = 1
			formation_type:t = "rows"
			formation_div:i = 3
			formation_step:p2 = 2.5, 2
			formation_noise:p2 = 0.1, 0.1
			uniqueName:t = ""
			attack_type:t = "fire_at_will"
		}
		way {

		}
	}
	ships {
		name:t = "t2_cv04"
		tm:m = [[0.92388, 0.0, -0.382683] [0.0, 1.0, 0.0] [0.382683, 0.0, 0.92388] [-6404.95, 1.0, -4231.1]]
		unit_class:t = "ijn_cv_soryu"
		closed_waypoints:b = false
		weapons:t = ""
		bullets0:t = ""
		bullets1:t = ""
		bullets2:t = ""
		bullets3:t = ""
		bulletsCount0:i = 0
		bulletsCount1:i = 0
		bulletsCount2:i = 0
		bulletsCount3:i = 0
		props {
			army:i = 2
			count:i = 1
			formation_type:t = "rows"
			formation_div:i = 3
			formation_step:p2 = 2.5, 2
			formation_noise:p2 = 0.1, 0.1
			uniqueName:t = ""
			attack_type:t = "fire_at_will"
		}
		way {

		}
	}
	ships {
		name:t = "t2_def01"
		tm:m = [[0.92388, 0.0, -0.382683] [0.0, 1.0, 0.0] [0.382683, 0.0, 0.92388] [-6558.25, 1.0, -5097.5]]
		unit_class:t = "ijn_dd_shiratsuyu"
		closed_waypoints:b = false
		weapons:t = ""
		bullets0:t = ""
		bullets1:t = ""
		bullets2:t = ""
		bullets3:t = ""
		bulletsCount0:i = 0
		bulletsCount1:i = 0
		bulletsCount2:i = 0
		bulletsCount3:i = 0
