selected_tag:t = ""
bin_dump_file:t = ""
mission_settings {
	player {
		army:i = 1
	}
	player_teamB {
		army:i = 2
	}
	mission {
		level:t = "levels/berlin.bin"
		type:t = "domination"
		environment:t = "Day"
		weather:t = "clear"
	}
}
imports {

}
triggers {
	isCategory:b = true
	is_enabled:b = true
}
mission_objectives {
	isCategory:b = true
	is_enabled:b = true
}
variables {

}
dialogs {

}
airfields {

}
effects {

}
units {
	air_defence {
		name:t = "t1_def_small_aaa_low_01"
		tm:m = [[-0.850278, 0.0, -0.526333] [0.0, 1.0, 0.0] [0.526333, 0.0, -0.850278] [-17360.8, 110.596, 4599.76]]
		unit_class:t = "ussr_37mm_61k_airfield"
		closed_waypoints:b = false
		isShipSpline:b = false
		shipTurnRadius:r = 100
		weapons:t = ""
		bullets0:t = ""
		bullets1:t = ""
		bullets2:t = ""
		bullets3:t = ""
		bulletsCount0:i = 0
		bulletsCount1:i = 0
		bulletsCount2:i = 0
		bulletsCount3:i = 0
		crewSkillK:r = 0
		applyAllMods:b = false
		props {
			army:i = 1
			count:i = 1
			formation_type:t = "rows"
			formation_div:i = 3
			formation_step:p2 = 2.5, 2
			formation_noise:p2 = 0.1, 0.1
			uniqueName:t = ""
			attack_type:t = "fire_at_will"
		}
		way {

		}
	}
	air_defence {
		name:t = "t1_def_small_aaa_low_02"
		tm:m = [[-0.850278, 0.0, -0.526333] [0.0, 1.0, 0.0] [0.526333, 0.0, -0.850278] [-17383.2, 137.396, 3696.97]]
		unit_class:t = "ussr_37mm_61k_airfield"
		closed_waypoints:b = false
		isShipSpline:b = false
		shipTurnRadius:r = 100
		weapons:t = ""
		bullets0:t = ""
		bullets1:t = ""
		bullets2:t = ""
		bullets3:t = ""
		bulletsCount0:i = 0
		bulletsCount1:i = 0
		bulletsCount2:i = 0
		bulletsCount3:i = 0
		crewSkillK:r = 0
		applyAllMods:b = false
		props {
			army:i = 1
			count:i = 1
			formation_type:t = "rows"
			formation_div:i = 3
			formation_step:p2 = 2.5, 2
			formation_noise:p2 = 0.1, 0.1
			uniqueName:t = ""
			attack_type:t = "fire_at_will"
		}
		way {

		}
	}
	air_defence {
		name:t = "t1_def_small_aaa_low_03"
		tm:m = [[-0.850278, 0.0, -0.526333] [0.0, 1.0, 0.0] [0.526333, 0.0, -0.850278] [-18028.7, 75.3875, 3878.31]]
		unit_class:t = "ussr_37mm_61k_airfield"
		closed_waypoints:b = false
		isShipSpline:b = false
		shipTurnRadius:r = 100
		weapons:t = ""
		bullets0:t = ""
		bullets1:t = ""
		bullets2:t = ""
		bullets3:t = ""
		bulletsCount0:i = 0
		bulletsCount1:i = 0
		bulletsCount2:i = 0
		bulletsCount3:i = 0
		crewSkillK:r = 0
		applyAllMods:b = false
		props {
			army:i = 1
			count:i = 1
			formation_type:t = "rows"
			formation_div:i = 3
			formation_step:p2 = 2.5, 2
			formation_noise:p2 = 0.1, 0.1
			uniqueName:t = ""
			attack_type:t = "fire_at_will"
		}
		way {

		}
	}
	air_defence {
		name:t = "t1_def_small_aaa_low_04"
		tm:m = [[-0.850278, 0.0, -0.526333] [0.0, 1.0, 0.0] [0.526333, 0.0, -0.850278] [-19061.1, 99.2744, 3906.39]]
		unit_class:t = "ussr_37mm_61k_airfield"
		closed_waypoints:b = false
		isShipSpline:b = false
		shipTurnRadius:r = 100
		weapons:t = ""
		bullets0:t = ""
		bullets1:t = ""
		bullets2:t = ""
		bullets3:t = ""
		bulletsCount0:i = 0
		bulletsCount1:i = 0
		bulletsCount2:i = 0
		bulletsCount3:i = 0
		crewSkillK:r = 0
		applyAllMods:b = false
		props {
			army:i = 1
			count:i = 1
			formation_type:t = "rows"
			formation_div:i = 3
			formation_step:p2 = 2.5, 2
			formation_noise:p2 = 0.1, 0.1
			uniqueName:t = ""
			attack_type:t = "fire_at_will"
		}
		way {

		}
	}
	air_defence {
		name:t = "t1_def_small_aaa_low_05"
		tm:m = [[-0.850278, 0.0, -0.526333] [0.0, 1.0, 0.0] [0.526333, 0.0, -0.850278] [-19027.2, 75.0089, 4637.11]]
		unit_class:t = "ussr_37mm_61k_airfield"
		closed_waypoints:b = false
		isShipSpline:b = false
		shipTurnRadius:r = 100
		weapons:t = ""
		bullets0:t = ""
		bullets1:t = ""
		bullets2:t = ""
		bullets3:t = ""
		bulletsCount0:i = 0
		bulletsCount1:i = 0
		bulletsCount2:i = 0
		bulletsCount3:i = 0
		crewSkillK:r = 0
		applyAllMods:b = false
		props {
			army:i = 1
			count:i = 1
			formation_type:t = "rows"
			formation_div:i = 3
			formation_step:p2 = 2.5, 2
			formation_noise:p2 = 0.1, 0.1
			uniqueName:t = ""
			attack_type:t = "fire_at_will"
		}
		way {

		}
	}
	air_defence {
		name:t = "t1_def_small_aaa_low_06"
		tm:m = [[-0.850278, 0.0, -0.526333] [0.0, 1.0, 0.0] [0.526333, 0.0, -0.850278] [-17901.8, 101.696, 4905.82]]
		unit_class:t = "ussr_37mm_61k_airfield"
		closed_waypoints:b = false
		isShipSpline:b = false
		shipTurnRadius:r = 100
		weapons:t = ""
		bullets0:t = ""
		bullets1:t = ""
		bullets2:t = ""
		bullets3:t = ""
		bulletsCount0:i = 0
		bulletsCount1:i = 0
		bulletsCount2:i = 0
		bulletsCount3:i = 0
		crewSkillK:r = 0
		applyAllMods:b = false
		props {
			army:i = 1
			count:i = 1
			formation_type:t = "rows"
			formation_div:i = 3
			formation_step:p2 = 2.5, 2
			formation_noise:p2 = 0.1, 0.1
			uniqueName:t = ""
			attack_type:t = "fire_at_will"
		}
		way {

		}
	}
	air_defence {
		name:t = "t1_def_big_aaa_low_01"
		tm:m = [[-0.044507, 0.0, -0.999009] [0.0, 1.0, 0.0] [0.999009, 0.0, -0.044507] [-17720.4, 115.994, 4724.05]]
		unit_class:t = "ussr_85mm_52k"
		closed_waypoints:b = false
		isShipSpline:b = false
		shipTurnRadius:r = 100
		weapons:t = ""
		bullets0:t = ""
		bullets1:t = ""
		bullets2:t = ""
		bullets3:t = ""
		bulletsCount0:i = 0
		bulletsCount1:i = 0
		bulletsCount2:i = 0
		bulletsCount3:i = 0
		crewSkillK:r = 0
		applyAllMods:b = false
		props {
			army:i = 1
			count:i = 1
			formation_type:t = "rows"
			formation_div:i = 3
			formation_step:p2 = 2.5, 2
			formation_noise:p2 = 0.1, 0.1
			uniqueName:t = ""
			attack_type:t = "fire_at_will"
		}
		way {

		}
	}
	air_defence {
		name:t = "t1_def_big_aaa_low_02"
		tm:m = [[-0.850278, 0.0, -0.526333] [0.0, 1.0, 0.0] [0.526333, 0.0, -0.850278] [-17679.9, 77.6526, 3772.24]]
		unit_class:t = "ussr_85mm_52k"
		closed_waypoints:b = false
		isShipSpline:b = false
		shipTurnRadius:r = 100
		weapons:t = ""
		bullets0:t = ""
		bullets1:t = ""
		bullets2:t = ""
		bullets3:t = ""
		bulletsCount0:i = 0
		bulletsCount1:i = 0
		bulletsCount2:i = 0
		bulletsCount3:i = 0
		crewSkillK:r = 0
		applyAllMods:b = false
		props {
			army:i = 1
			count:i = 1
			formation_type:t = "rows"
			formation_div:i = 3
			formation_step:p2 = 2.5, 2
			formation_noise:p2 = 0.1, 0.1
			uniqueName:t = ""
			attack_type:t = "fire_at_will"
		}
		way {

		}
	}
	air_defence {
		name:t = "t1_def_big_aaa_low_03"
		tm:m = [[-0.850278, 0.0, -0.526333] [0.0, 1.0, 0.0] [0.526333, 0.0, -0.850278] [-18617.8, 120.246, 4605.12]]
		unit_class:t = "ussr_85mm_52k"
		closed_waypoints:b = false
		isShipSpline:b = false
		shipTurnRadius:r = 100
		weapons:t = ""
		bullets0:t = ""
		bullets1:t = ""
		bullets2:t = ""
		bullets3:t = ""
		bulletsCount0:i = 0
		bulletsCount1:i = 0
		bulletsCount2:i = 0
		bulletsCount3:i = 0
		crewSkillK:r = 0
		applyAllMods:b = false
		props {
			army:i = 1
			count:i = 1
			formation_type:t = "rows"
			formation_div:i = 3
			formation_step:p2 = 2.5, 2
			formation_noise:p2 = 0.1, 0.1
			uniqueName:t = ""
			attack_type:t = "fire_at_will"
		}
		way {

		}
	}
	air_defence {
		name:t = "t1_def_big_aaa_low_04"
		tm:m = [[-0.850278, 0.0, -0.526333] [0.0, 1.0, 0.0] [0.526333, 0.0, -0.850278] [-18297.6, 118.196, 4612.11]]
		unit_class:t = "ussr_85mm_52k"
		closed_waypoints:b = false
		isShipSpline:b = false
		shipTurnRadius:r = 100
		weapons:t = ""
		bullets0:t = ""
		bullets1:t = ""
		bullets2:t = ""
		bullets3:t = ""
		bulletsCount0:i = 0
		bulletsCount1:i = 0
		bulletsCount2:i = 0
		bulletsCount3:i = 0
		crewSkillK:r = 0
		applyAllMods:b = false
		props {
			army:i = 1
			count:i = 1
			formation_type:t = "rows"
			formation_div:i = 3
			formation_step:p2 = 2.5, 2
			formation_noise:p2 = 0.1, 0.1
			uniqueName:t = ""
			attack_type:t = "fire_at_will"
		}
		way {

		}
	}
	squad {
		name:t = "t1_def_aaa_low_squad"
		tm:m = [[-0.912984, 0.0, -0.407994] [0.0, 1.0, 0.0] [0.407994, 0.0, -0.912984] [-21569.6, 93.7827, 4487.07]]
		props {
			object_marking:i = 0
			squad_members:t = "t1_def_small_aaa_low_01"
			squad_members:t = "t1_def_small_aaa_low_02"
			squad_members:t = "t1_def_small_aaa_low_03"
			squad_members:t = "t1_def_small_aaa_low_04"
			squad_members:t = "t1_def_small_aaa_low_05"
			squad_members:t = "t1_def_small_aaa_low_06"
			squad_members:t = "t1_def_big_aaa_low_01"
			squad_members:t = "t1_def_big_aaa_low_02"
			squad_members:t = "t1_def_big_aaa_low_03"
			squad_members:t = "t1_def_big_aaa_low_04"
			squad_members:t = "t1_def_small_aaa_low_07"
			squad_members:t = "t1_def_small_aaa_low_08"
			squad_members:t = "t1_def_small_aaa_low_09"
		}
	}
	objectGroups {
		name:t = "t1_airfield_low"
		tm:m = [[-0.99956, 0.0, -0.0296467] [0.0, 1.0, 0.0] [0.0296467, 0.0, -0.99956] [-18079.0, 116.245, 4210.43]]
		unit_class:t = "dynAF_kh_gol_airfield_gumrak_small"
		props {
			army:i = 1
			active:b = true
		}
	}
	air_defence {
		name:t = "t2_def_small_aaa_low_07"
		tm:m = [[-0.997254, 0.0, 0.07407] [0.0, 1.0, 0.0] [-0.07407, 0.0, -0.997254] [7263.73, 71.9504, -740.284]]
		unit_class:t = "germ_37mm_flak43_airfield"
		closed_waypoints:b = false
		isShipSpline:b = false
		shipTurnRadius:r = 100
		weapons:t = ""
		bullets0:t = ""
		bullets1:t = ""
		bullets2:t = ""
		bullets3:t = ""
		bulletsCount0:i = 0
		bulletsCount1:i = 0
		bulletsCount2:i = 0
		bulletsCount3:i = 0
		crewSkillK:r = 0
		applyAllMods:b = false
		props {
			army:i = 2
			count:i = 1
			formation_type:t = "rows"
			formation_div:i = 3
			formation_step:p2 = 2.5, 2
			formation_noise:p2 = 0.1, 0.1
			uniqueName:t = ""
			attack_type:t = "fire_at_will"
		}
		way {

		}
	}
	air_defence {
		name:t = "t2_def_small_aaa_low_08"
		tm:m = [[-0.997254, 0.0, 0.07407] [0.0, 1.0, 0.0] [-0.07407, 0.0, -0.997254] [6612.74, 71.9504, -710.569]]
		unit_class:t = "germ_37mm_flak43_airfield"
		closed_waypoints:b = false
		isShipSpline:b = false
		shipTurnRadius:r = 100
		weapons:t = ""
		bullets0:t = ""
		bullets1:t = ""
		bullets2:t = ""
		bullets3:t = ""
		bulletsCount0:i = 0
		bulletsCount1:i = 0
		bulletsCount2:i = 0
		bulletsCount3:i = 0
		crewSkillK:r = 0
		applyAllMods:b = false
		props {
			army:i = 2
			count:i = 1
			formation_type:t = "rows"
			formation_div:i = 3
			formation_step:p2 = 2.5, 2
			formation_noise:p2 = 0.1, 0.1
			uniqueName:t = ""
			attack_type:t = "fire_at_will"
		}
		way {

		}
	}
	air_defence {
		name:t = "t2_def_small_aaa_low_09"
		tm:m = [[-0.997254, 0.0, 0.07407] [0.0, 1.0, 0.0] [-0.07407, 0.0, -0.997254] [6470.24, 71.95, 342.421]]
		unit_class:t = "germ_37mm_flak43_airfield"
		closed_waypoints:b = false
		isShipSpline:b = false
		shipTurnRadius:r = 100
		weapons:t = ""
		bullets0:t = ""
		bullets1:t = ""
		bullets2:t = ""
		bullets3:t = ""
		bulletsCount0:i = 0
		bulletsCount1:i = 0
		bulletsCount2:i = 0
		bulletsCount3:i = 0
		crewSkillK:r = 0
		applyAllMods:b = false
		props {
			army:i = 2
			count:i = 1
			formation_type:t = "rows"
			formation_div:i = 3
			formation_step:p2 = 2.5, 2
			formation_noise:p2 = 0.1, 0.1
			uniqueName:t = ""
			attack_type:t = "fire_at_will"
		}
		way {

		}
	}
	air_defence {
		name:t = "t2_def_small_aaa_low_10"
		tm:m = [[-0.997254, 0.0, 0.07407] [0.0, 1.0, 0.0] [-0.07407, 0.0, -0.997254] [7480.94, 71.9499, 6.02124]]
		unit_class:t = "germ_37mm_flak43_airfield"
		closed_waypoints:b = false
		isShipSpline:b = false
		shipTurnRadius:r = 100
		weapons:t = ""
		bullets0:t = ""
		bullets1:t = ""
		bullets2:t = ""
		bullets3:t = ""
		bulletsCount0:i = 0
		bulletsCount1:i = 0
		bulletsCount2:i = 0
		bulletsCount3:i = 0
		crewSkillK:r = 0
		applyAllMods:b = false
		props {
			army:i = 2
			count:i = 1
			formation_type:t = "rows"
			formation_div:i = 3
			formation_step:p2 = 2.5, 2
			formation_noise:p2 = 0.1, 0.1
			uniqueName:t = ""
			attack_type:t = "fire_at_will"
		}
		way {

		}
	}
	air_defence {
		name:t = "t2_def_small_aaa_low_11"
		tm:m = [[-0.997254, 0.0, 0.07407] [0.0, 1.0, 0.0] [-0.07407, 0.0, -0.997254] [7428.77, 71.9504, -1072.98]]
		unit_class:t = "germ_37mm_flak43_airfield"
		closed_waypoints:b = false
		isShipSpline:b = false
		shipTurnRadius:r = 100
		weapons:t = ""
		bullets0:t = ""
		bullets1:t = ""
		bullets2:t = ""
		bullets3:t = ""
		bulletsCount0:i = 0
		bulletsCount1:i = 0
		bulletsCount2:i = 0
		bulletsCount3:i = 0
		crewSkillK:r = 0
		applyAllMods:b = false
		props {
			army:i = 2
			count:i = 1
			formation_type:t = "rows"
			formation_div:i = 3
			formation_step:p2 = 2.5, 2
			formation_noise:p2 = 0.1, 0.1
			uniqueName:t = ""
			attack_type:t = "fire_at_will"
		}
		way {

		}
	}
	air_defence {
		name:t = "t2_def_small_aaa_low_12"
		tm:m = [[-0.997254, 0.0, 0.07407] [0.0, 1.0, 0.0] [-0.07407, 0.0, -0.997254] [7536.59, 71.9504, -752.085]]
		unit_class:t = "germ_37mm_flak43_airfield"
		closed_waypoints:b = false
		isShipSpline:b = false
		shipTurnRadius:r = 100
		weapons:t = ""
		bullets0:t = ""
		bullets1:t = ""
		bullets2:t = ""
		bullets3:t = ""
		bulletsCount0:i = 0
		bulletsCount1:i = 0
		bulletsCount2:i = 0
		bulletsCount3:i = 0
		crewSkillK:r = 0
		applyAllMods:b = false
		props {
			army:i = 2
			count:i = 1
			formation_type:t = "rows"
			formation_div:i = 3
			formation_step:p2 = 2.5, 2
			formation_noise:p2 = 0.1, 0.1
			uniqueName:t = ""
			attack_type:t = "fire_at_will"
		}
		way {

		}
	}
	air_defence {
		name:t = "t2_def_big_aaa_low_05"
		tm:m = [[-0.997254, 0.0, 0.07407] [0.0, 1.0, 0.0] [-0.07407, 0.0, -0.997254] [7650.07, 52.1515, -141.289]]
		unit_class:t = "germ_37mm_flak43_airfield"
		closed_waypoints:b = false
		isShipSpline:b = false
		shipTurnRadius:r = 100
		weapons:t = ""
		bullets0:t = ""
		bullets1:t = ""
		bullets2:t = ""
		bullets3:t = ""
		bulletsCount0:i = 0
		bulletsCount1:i = 0
		bulletsCount2:i = 0
		bulletsCount3:i = 0
		crewSkillK:r = 0
		applyAllMods:b = false
		props {
			army:i = 2
			count:i = 1
			formation_type:t = "rows"
			formation_div:i = 3
			formation_step:p2 = 2.5, 2
			formation_noise:p2 = 0.1, 0.1
			uniqueName:t = ""
			attack_type:t = "fire_at_will"
		}
		way {

		}
	}
	air_defence {
		name:t = "t2_def_big_aaa_low_06"
		tm:m = [[-0.997254, 0.0, 0.07407] [0.0, 1.0, 0.0] [-0.07407, 0.0, -0.997254] [6747.41, 77.0004, -856.203]]
		unit_class:t = "germ_37mm_flak43_airfield"
		closed_waypoints:b = false
		isShipSpline:b = false
		shipTurnRadius:r = 100
		weapons:t = ""
		bullets0:t = ""
		bullets1:t = ""
		bullets2:t = ""
		bullets3:t = ""
		bulletsCount0:i = 0
		bulletsCount1:i = 0
		bulletsCount2:i = 0
		bulletsCount3:i = 0
		crewSkillK:r = 0
		applyAllMods:b = false
		props {
			army:i = 2
			count:i = 1
			formation_type:t = "rows"
			formation_div:i = 3
			formation_step:p2 = 2.5, 2
			formation_noise:p2 = 0.1, 0.1
			uniqueName:t = ""
			attack_type:t = "fire_at_will"
		}
		way {

		}
	}
	air_defence {
		name:t = "t2_def_big_aaa_low_07"
		tm:m = [[-0.997254, 0.0, 0.07407] [0.0, 1.0, 0.0] [-0.07407, 0.0, -0.997254] [6767.08, 76.9999, 379.378]]
		unit_class:t = "germ_37mm_flak43_airfield"
		closed_waypoints:b = false
		isShipSpline:b = false
		shipTurnRadius:r = 100
		weapons:t = ""
		bullets0:t = ""
		bullets1:t = ""
		bullets2:t = ""
		bullets3:t = ""
		bulletsCount0:i = 0
		bulletsCount1:i = 0
		bulletsCount2:i = 0
		bulletsCount3:i = 0
		crewSkillK:r = 0
		applyAllMods:b = false
		props {
			army:i = 2
			count:i = 1
			formation_type:t = "rows"
			formation_div:i = 3
			formation_step:p2 = 2.5, 2
			formation_noise:p2 = 0.1, 0.1
			uniqueName:t = ""
			attack_type:t = "fire_at_will"
		}
		way {

		}
	}
	air_defence {
		name:t = "t2_def_big_aaa_low_08"
		tm:m = [[-0.997254, 0.0, 0.07407] [0.0, 1.0, 0.0] [-0.07407, 0.0, -0.997254] [7049.36, 77.0004, -926.806]]
		unit_class:t = "germ_37mm_flak43_airfield"
		closed_waypoints:b = false
		isShipSpline:b = false
		shipTurnRadius:r = 100
		weapons:t = ""
		bullets0:t = ""
		bullets1:t = ""
		bullets2:t = ""
		bullets3:t = ""
		bulletsCount0:i = 0
		bulletsCount1:i = 0
		bulletsCount2:i = 0
		bulletsCount3:i = 0
		crewSkillK:r = 0
		applyAllMods:b = false
		props {
			army:i = 2
			count:i = 1
			formation_type:t = "rows"
			formation_div:i = 3
			formation_step:p2 = 2.5, 2
			formation_noise:p2 = 0.1, 0.1
			uniqueName:t = ""
			attack_type:t = "fire_at_will"
		}
		way {

		}
	}
	air_defence {
		name:t = "t2_def_small_aaa_low_13"
		tm:m = [[-0.997254, 0.0, 0.07407] [0.0, 1.0, 0.0] [-0.07407, 0.0, -0.997254] [6001.55, 76.9999, 461.558]]
		unit_class:t = "germ_20mmx4_flak38"
		closed_waypoints:b = false
		isShipSpline:b = false
		shipTurnRadius:r = 100
		weapons:t = ""
		bullets0:t = ""
		bullets1:t = ""
		bullets2:t = ""
		bullets3:t = ""
		bulletsCount0:i = 0
		bulletsCount1:i = 0
		bulletsCount2:i = 0
		bulletsCount3:i = 0
		crewSkillK:r = 0
		applyAllMods:b = false
		props {
			army:i = 2
			count:i = 1
			formation_type:t = "rows"
			formation_div:i = 3
			formation_step:p2 = 2.5, 2
			formation_noise:p2 = 0.1, 0.1
			uniqueName:t = ""
			attack_type:t = "fire_at_will"
		}
		way {

		}
	}
	air_defence {
		name:t = "t2_def_small_aaa_low_14"
		tm:m = [[-0.997254, 0.0, 0.07407] [0.0, 1.0, 0.0] [-0.07407, 0.0, -0.997254] [6932.05, 77.0004, -754.512]]
		unit_class:t = "germ_20mmx4_flak38"
		closed_waypoints:b = false
		isShipSpline:b = false
		shipTurnRadius:r = 100
		weapons:t = ""
		bullets0:t = ""
		bullets1:t = ""
		bullets2:t = ""
		bullets3:t = ""
		bulletsCount0:i = 0
		bulletsCount1:i = 0
		bulletsCount2:i = 0
		bulletsCount3:i = 0
		crewSkillK:r = 0
		applyAllMods:b = false
		props {
			army:i = 2
			count:i = 1
			formation_type:t = "rows"
			formation_div:i = 3
			formation_step:p2 = 2.5, 2
			formation_noise:p2 = 0.1, 0.1
			uniqueName:t = ""
			attack_type:t = "fire_at_will"
		}
		way {

		}
	}
	air_defence {
		name:t = "t2_def_small_aaa_low_15"
		tm:m = [[-0.997254, 0.0, 0.07407] [0.0, 1.0, 0.0] [-0.07407, 0.0, -0.997254] [7158.97, 76.9999, 377.133]]
		unit_class:t = "germ_20mmx4_flak38"
		closed_waypoints:b = false
		isShipSpline:b = false
		shipTurnRadius:r = 100
		weapons:t = ""
		bullets0:t = ""
		bullets1:t = ""
		bullets2:t = ""
		bullets3:t = ""
		bulletsCount0:i = 0
		bulletsCount1:i = 0
		bulletsCount2:i = 0
		bulletsCount3:i = 0
		crewSkillK:r = 0
		applyAllMods:b = false
		props {
			army:i = 2
			count:i = 1
			formation_type:t = "rows"
			formation_div:i = 3
			formation_step:p2 = 2.5, 2
			formation_noise:p2 = 0.1, 0.1
			uniqueName:t = ""
			attack_type:t = "fire_at_will"
		}
		way {

		}
	}
	air_defence {
		name:t = "t2_def_small_aaa_low_16"
		tm:m = [[-0.997254, 0.0, 0.07407] [0.0, 1.0, 0.0] [-0.07407, 0.0, -0.997254] [7292.74, 76.9998, 155.491]]
		unit_class:t = "germ_20mmx4_flak38"
		closed_waypoints:b = false
		isShipSpline:b = false
		shipTurnRadius:r = 100
		weapons:t = ""
		bullets0:t = ""
		bullets1:t = ""
		bullets2:t = ""
		bullets3:t = ""
		bulletsCount0:i = 0
		bulletsCount1:i = 0
		bulletsCount2:i = 0
		bulletsCount3:i = 0
		crewSkillK:r = 0
		applyAllMods:b = false
		props {
			army:i = 2
			count:i = 1
			formation_type:t = "rows"
			formation_div:i = 3
			formation_step:p2 = 2.5, 2
			formation_noise:p2 = 0.1, 0.1
			uniqueName:t = ""
			attack_type:t = "fire_at_will"
		}
		way {

		}
	}
	air_defence {
		name:t = "t1_def_small_aaa_low_07"
		tm:m = [[-0.850278, 0.0, -0.526333] [0.0, 1.0, 0.0] [0.526333, 0.0, -0.850278] [-18845.4, 78.5735, 3975.66]]
		unit_class:t = "ussr_25mm_72k"
		closed_waypoints:b = false
		isShipSpline:b = false
		shipTurnRadius:r = 100
		weapons:t = ""
		bullets0:t = ""
		bullets1:t = ""
		bullets2:t = ""
		bullets3:t = ""
		bulletsCount0:i = 0
		bulletsCount1:i = 0
		bulletsCount2:i = 0
		bulletsCount3:i = 0
		crewSkillK:r = 0
		applyAllMods:b = false
		props {
			army:i = 1
			count:i = 1
			formation_type:t = "rows"
			formation_div:i = 3
			formation_step:p2 = 2.5, 2
			formation_noise:p2 = 0.1, 0.1
			uniqueName:t = ""
			attack_type:t = "fire_at_will"
		}
		way {

		}
	}
	air_defence {
		name:t = "t1_def_small_aaa_low_08"
		tm:m = [[-0.850278, 0.0, -0.526333] [0.0, 1.0, 0.0] [0.526333, 0.0, -0.850278] [-18444.3, 111.996, 4103.05]]
		unit_class:t = "ussr_25mm_72k"
		closed_waypoints:b = false
		isShipSpline:b = false
		shipTurnRadius:r = 100
		weapons:t = ""
		bullets0:t = ""
		bullets1:t = ""
		bullets2:t = ""
		bullets3:t = ""
		bulletsCount0:i = 0
		bulletsCount1:i = 0
		bulletsCount2:i = 0
		bulletsCount3:i = 0
		crewSkillK:r = 0
		applyAllMods:b = false
		props {
			army:i = 1
			count:i = 1
			formation_type:t = "rows"
			formation_div:i = 3
			formation_step:p2 = 2.5, 2
			formation_noise:p2 = 0.1, 0.1
			uniqueName:t = ""
			attack_type:t = "fire_at_will"
		}
		way {

		}
	}
	air_defence {
		name:t = "t1_def_small_aaa_low_09"
		tm:m = [[-0.850278, 0.0, -0.526333] [0.0, 1.0, 0.0] [0.526333, 0.0, -0.850278] [-18759.3, 111.996, 4126.33]]
		unit_class:t = "ussr_25mm_72k"
		closed_waypoints:b = false
		isShipSpline:b = false
		shipTurnRadius:r = 100
		weapons:t = ""
		bullets0:t = ""
		bullets1:t = ""
		bullets2:t = ""
		bullets3:t = ""
		bulletsCount0:i = 0
		bulletsCount1:i = 0
		bulletsCount2:i = 0
		bulletsCount3:i = 0
		crewSkillK:r = 0
		applyAllMods:b = false
		props {
			army:i = 1
			count:i = 1
			formation_type:t = "rows"
			formation_div:i = 3
			formation_step:p2 = 2.5, 2
			formation_noise:p2 = 0.1, 0.1
			uniqueName:t = ""
			attack_type:t = "fire_at_will"
		}
		way {

		}
	}
	squad {
		name:t = "t2_def_aaa_low_squad"
		tm:m = [[-2.50362, 0.0, -2.50362] [0.0, 0.0, 0.0] [0.0, 0.0, -1.16769e17] [-20151.2, 74.8501, 8598.1]]
		props {
			object_marking:i = 0
			squad_members:t = "t2_def_small_aaa_low_16"
			squad_members:t = "t2_def_small_aaa_low_07"
			squad_members:t = "t2_def_small_aaa_low_08"
			squad_members:t = "t2_def_small_aaa_low_09"
			squad_members:t = "t2_def_small_aaa_low_10"
			squad_members:t = "t2_def_small_aaa_low_11"
			squad_members:t = "t2_def_small_aaa_low_12"
			squad_members:t = "t2_def_big_aaa_low_05"
			squad_members:t = "t2_def_big_aaa_low_06"
			squad_members:t = "t2_def_big_aaa_low_07"
			squad_members:t = "t2_def_big_aaa_low_08"
			squad_members:t = "t2_def_small_aaa_low_13"
			squad_members:t = "t2_def_small_aaa_low_14"
			squad_members:t = "t2_def_small_aaa_low_15"
		}
	}
	objectGroups {
		name:t = "t2_airfield_low"
		tm:m = [[0.978447, 0.0, -0.206497] [0.0, 1.0, 0.0] [0.206497, 0.0, 0.978447] [6883.93, 70.3242, -151.959]]
		unit_class:t = "dynAF_kh_gol_airfield_gumrak_small"
		props {
			army:i = 2
			active:b = true
		}
	}
}
areas {
	t1_interceptor_low_area {
		type:t = "Sphere"
		tm:m = [[24.0957, 0.0, 5999.95] [0.0, 6000.0, 0.0] [-5999.95, 0.0, 24.0957] [-18264.6, 1999.99, 4030.63]]
		props {

		}
	}
	t1_assault_low_spawn {
		type:t = "Sphere"
		tm:m = [[299.658, 0.0, -14.2894] [0.0, 300.0, 0.0] [14.2894, 0.0, 299.658] [-13264.2, 999.993, 4011.34]]
		props {

		}
	}
	t1_aaa_fighter_low_area {
		type:t = "Sphere"
		tm:m = [[16.0651, 0.0, 3999.96] [0.0, 4000.0, 0.0] [-3999.96, 0.0, 16.0651] [-18264.6, 3000.0, 4030.63]]
		props {

		}
	}
	t1_assault_low_area {
		type:t = "Sphere"
		tm:m = [[40.1636, 0.0, 9999.92] [0.0, 10000.0, 0.0] [-9999.92, 0.0, 40.1636] [-18264.6, 999.997, 4030.63]]
		props {

		}
	}
	t1_interceptor_low_spawn {
		type:t = "Sphere"
		tm:m = [[299.658, 0.0, -14.2894] [0.0, 300.0, 0.0] [14.2894, 0.0, 299.658] [-21245.6, 999.997, 4042.28]]
		props {

		}
	}
	t1_aaa_fighter_low_spawn {
		type:t = "Sphere"
		tm:m = [[299.658, 0.0, -14.2894] [0.0, 300.0, 0.0] [14.2894, 0.0, 299.658] [-20257.7, 1999.99, 4038.35]]
		props {

		}
	}
	t1_far_bomber_low_spawn {
		type:t = "Sphere"
		tm:m = [[299.658, 0.0, -14.2894] [0.0, 300.0, 0.0] [14.2894, 0.0, 299.658] [-16262.6, 4500.0, 4021.72]]
		props {

		}
	}
	t1_main_bomber_low_spawn {
		type:t = "Sphere"
		tm:m = [[299.658, 0.0, -14.2894] [0.0, 300.0, 0.0] [14.2894, 0.0, 299.658] [-15764.9, 3500.0, 4020.34]]
		props {

		}
	}
	t1_far_bomber_low_area {
		type:t = "Sphere"
		tm:m = [[16.0651, 0.0, 3999.96] [0.0, 4000.0, 0.0] [-3999.96, 0.0, 16.0651] [-18264.6, 4500.0, 4030.63]]
		props {

		}
	}
	t1_main_bomber_low_area {
		type:t = "Sphere"
		tm:m = [[20.0818, 0.0, 4999.96] [0.0, 5000.0, 0.0] [-4999.96, 0.0, 20.0818] [-18264.6, 3500.0, 4030.62]]
		props {

		}
	}
	t2_interceptor_low_area {
		type:t = "Sphere"
		tm:m = [[-2350.25, 0.0, -5520.53] [0.0, 6000.0, 0.0] [5520.53, 0.0, -2350.25] [7136.66, 2000.0, -586.792]]
		objLayer:i = 4
		props {

		}
	}
	t2_assault_low_spawn {
		type:t = "Sphere"
		tm:m = [[-270.638, 0.0, 129.44] [0.0, 300.0, 0.0] [-129.44, 0.0, -270.638] [2521.02, 999.998, 1384.01]]
		objLayer:i = 4
		props {

		}
	}
	t2_aaa_fighter_low_area {
		type:t = "Sphere"
		tm:m = [[-1566.84, 0.0, -3680.36] [0.0, 4000.0, 0.0] [3680.36, 0.0, -1566.84] [7136.65, 3000.0, -586.802]]
		objLayer:i = 4
		props {

		}
	}
	t2_assault_low_area {
		type:t = "Sphere"
		tm:m = [[-3917.07, 0.0, -9200.9] [0.0, 10000.0, 0.0] [9200.9, 0.0, -3917.07] [7136.65, 999.998, -586.792]]
		objLayer:i = 4
		props {

		}
	}
	t2_interceptor_low_spawn {
		type:t = "Sphere"
		tm:m = [[-270.638, 0.0, 129.44] [0.0, 300.0, 0.0] [-129.44, 0.0, -270.638] [9879.53, 999.998, -1754.21]]
		objLayer:i = 4
		props {

		}
	}
	t2_aaa_fighter_low_spawn {
		type:t = "Sphere"
		tm:m = [[-270.638, 0.0, 129.44] [0.0, 300.0, 0.0] [-129.44, 0.0, -270.638] [8970.65, 2000.0, -1367.2]]
		objLayer:i = 4
		props {

		}
	}
	t2_far_bomber_low_spawn {
		type:t = "Sphere"
		tm:m = [[-300.0, 0.0, -0.434105] [0.0, 300.0, 0.0] [0.434105, 0.0, -300.0] [5052.72, 4500.0, 2571.42]]
		objLayer:i = 4
		props {

		}
	}
	t2_main_bomber_low_spawn {
		type:t = "Sphere"
		tm:m = [[-270.638, 0.0, 129.44] [0.0, 300.0, 0.0] [-129.44, 0.0, -270.638] [4836.81, 3500.0, 392.638]]
		objLayer:i = 4
		props {

		}
	}
	t2_far_bomber_low_area {
		type:t = "Sphere"
		tm:m = [[-1566.84, 0.0, -3680.36] [0.0, 4000.0, 0.0] [3680.36, 0.0, -1566.84] [7136.65, 4500.0, -586.802]]
		objLayer:i = 4
		props {

		}
	}
	t2_main_bomber_low_area {
		type:t = "Sphere"
		tm:m = [[-1958.53, 0.0, -4600.44] [0.0, 5000.0, 0.0] [4600.44, 0.0, -1958.53] [7136.65, 3500.0, -586.802]]
		objLayer:i = 4
		props {

		}
	}
	t2_airfield_low_spawn_01 {
		type:t = "Sphere"
		tm:m = [[3.81329, 0.0, 11.694] [0.0, 12.3, 0.0] [-11.694, 0.0, 3.81329] [6409.72, 71.9984, -1510.36]]
		objLayer:i = 4
		props {

		}
	}
	t2_airfield_low_spawn_02 {
		type:t = "Sphere"
		tm:m = [[3.81329, 0.0, 11.694] [0.0, 12.3, 0.0] [-11.694, 0.0, 3.81329] [6429.66, 71.9984, -1517.66]]
		objLayer:i = 4
		props {

		}
	}
	t2_airfield_low_spawn_03 {
		type:t = "Sphere"
		tm:m = [[3.81329, 0.0, 11.694] [0.0, 12.3, 0.0] [-11.694, 0.0, 3.81329] [6682.28, 71.9984, -1611.43]]
		objLayer:i = 4
		props {

		}
	}
	t2_airfield_low_spawn_04 {
		type:t = "Sphere"
		tm:m = [[3.81329, 0.0, 11.694] [0.0, 12.3, 0.0] [-11.694, 0.0, 3.81329] [6702.55, 71.9984, -1618.74]]
		objLayer:i = 4
		props {

		}
	}
	t2_airfield_low_spawn_05 {
		type:t = "Sphere"
		tm:m = [[3.81329, 0.0, 11.694] [0.0, 12.3, 0.0] [-11.694, 0.0, 3.81329] [6820.28, 71.9984, -1673.58]]
		objLayer:i = 4
		props {

		}
	}
	t2_airfield_low_spawn_06 {
		type:t = "Sphere"
		tm:m = [[3.81329, 0.0, 11.694] [0.0, 12.3, 0.0] [-11.694, 0.0, 3.81329] [6840.35, 71.9984, -1681.52]]
		objLayer:i = 4
		props {

		}
	}
	t2_airfield_low_spawn_07 {
		type:t = "Sphere"
		tm:m = [[3.81329, 0.0, 11.694] [0.0, 12.3, 0.0] [-11.694, 0.0, 3.81329] [6832.68, 71.9984, -1701.63]]
		objLayer:i = 4
		props {

		}
	}
	t2_airfield_low_spawn_08 {
		type:t = "Sphere"
		tm:m = [[3.81329, 0.0, 11.694] [0.0, 12.3, 0.0] [-11.694, 0.0, 3.81329] [6813.06, 71.9984, -1693.92]]
		objLayer:i = 4
		props {

		}
	}
	t2_airfield_low_spawn_09 {
		type:t = "Sphere"
		tm:m = [[3.81329, 0.0, 11.694] [0.0, 12.3, 0.0] [-11.694, 0.0, 3.81329] [6694.66, 71.9984, -1638.87]]
		objLayer:i = 4
		props {

		}
	}
	t2_airfield_low_spawn_10 {
		type:t = "Sphere"
		tm:m = [[3.81329, 0.0, 11.694] [0.0, 12.3, 0.0] [-11.694, 0.0, 3.81329] [6674.91, 71.9984, -1631.97]]
		objLayer:i = 4
		props {

		}
	}
	t2_airfield_low_spawn_11 {
		type:t = "Sphere"
		tm:m = [[3.81329, 0.0, 11.694] [0.0, 12.3, 0.0] [-11.694, 0.0, 3.81329] [6422.33, 71.9984, -1538.0]]
		objLayer:i = 4
		props {

		}
	}
	t2_airfield_low_spawn_12 {
		type:t = "Sphere"
		tm:m = [[3.81329, 0.0, 11.694] [0.0, 12.3, 0.0] [-11.694, 0.0, 3.81329] [6402.33, 71.9984, -1530.17]]
		objLayer:i = 4
		props {

		}
	}
	t2_airfield_low_spawn_13 {
		type:t = "Sphere"
		tm:m = [[3.81329, 0.0, 11.694] [0.0, 12.3, 0.0] [-11.694, 0.0, 3.81329] [6394.56, 71.9984, -1550.6]]
		objLayer:i = 4
		props {

		}
	}
	t2_airfield_low_spawn_14 {
		type:t = "Sphere"
		tm:m = [[3.81329, 0.0, 11.694] [0.0, 12.3, 0.0] [-11.694, 0.0, 3.81329] [6415.53, 71.9984, -1558.01]]
		objLayer:i = 4
		props {

		}
	}
	t2_airfield_low_spawn_15 {
		type:t = "Sphere"
		tm:m = [[3.81329, 0.0, 11.694] [0.0, 12.3, 0.0] [-11.694, 0.0, 3.81329] [6668.03, 71.9984, -1651.18]]
		objLayer:i = 4
		props {

		}
	}
	t2_airfield_low_spawn_16 {
		type:t = "Sphere"
		tm:m = [[3.81329, 0.0, 11.694] [0.0, 12.3, 0.0] [-11.694, 0.0, 3.81329] [6687.28, 71.9984, -1659.41]]
		objLayer:i = 4
		props {

		}
	}
	t1_airfield_low_bombing_zone {
		type:t = "Box"
		tm:m = [[-1999.82, 0.0, 26.2042] [0.0, 350.0, 0.0] [-9.82945, -1.10978e-5, -749.936] [-18171.8, 17.6215, 4296.32]]
		props {

		}
	}
	airfields_area_12km {
		type:t = "Sphere"
		tm:m = [[-23989.5, 0.0, -708.565] [0.0, 24000.0, 0.0] [708.565, 0.0, -23989.5] [-5767.8, 150.75, 748.0]]
		objLayer:i = 3
		props {

		}
	}
	t1_common_fighters_low_spawn {
		type:t = "Sphere"
		tm:m = [[299.658, 0.0, -14.2894] [0.0, 300.0, 0.0] [14.2894, 0.0, 299.658] [-21245.6, 499.996, 4042.28]]
		props {

		}
	}
	t2_common_fighters_low_spawn {
		type:t = "Sphere"
		tm:m = [[-270.638, 0.0, 129.44] [0.0, 300.0, 0.0] [-129.44, 0.0, -270.638] [9879.53, 499.998, -1754.21]]
		objLayer:i = 4
		props {

		}
	}
	t2_airfield_low_bombing_zone {
		type:t = "Box"
		tm:m = [[1955.43, 0.0, -419.864] [0.0, 350.0, 0.0] [157.45, -1.10978e-5, 733.289] [7011.18, 19.1941, -309.434]]
		props {

		}
	}
}
objLayers {
	layer {
		enabled:b = true
	}
	layer {
		enabled:b = true
	}
	layer {
		enabled:b = true
	}
	layer {
		enabled:b = true
	}
	layer {
		enabled:b = true
	}
}
wayPoints {

}