selected_tag:t = ""
bin_dump_file:t = ""
mission_settings {
	player {
		army:i = 1
	}
	player_teamB {
		army:i = 2
	}
	mission {
		level:t = "levels/avg_egypt_sinai.bin"
		type:t = "domination"
		environment:t = "Day"
		weather:t = "clear"
	}
}
imports {

}
triggers {
	isCategory:b = true
	is_enabled:b = true
	airfileds_top_init {
		is_enabled:b = true
		comments:t = ""
		props {
			actionsType:t = "PERFORM_ONE_BY_ONE"
			conditionsType:t = "ALL"
			enableAfterComplete:b = false
		}
		events {
			initMission {

			}
		}
		conditions {

		}
		actions {
			unitSetProperties {
				object:t = "t1_def_aaa_top_squad"
				object:t = "t2_def_aaa_top_squad"
				object_marking:i = 0
				object_var_name:t = ""
				object_var_comp_op:t = "equal"
				object_var_value:i = 0
				accuracy:r = 0.9
				checkVisibilityTarget:b = true
				effShootingRate:r = 1
				airEffShootingRate:r = 1
				useSearchRadar:b = true
				fireRandom:b = true
				targetChangeInterval:r = 5
				targetChangeProb:r = 0.25
			}
			comment {
				value:t = "air spawns for top ranks"
			}
			varSetBool {
				value:b = true
				var:t = "force_air_spawn"
			}
		}
		else_actions {

		}
	}
}
mission_objectives {
	isCategory:b = true
	is_enabled:b = true
}
variables {

}
dialogs {

}
airfields {

}
effects {

}
units {
	objectGroups {
		name:t = "t1_airfield_top"
		tm:m = [[0.148575, 0.0, -0.988901] [0.0, 1.0, 0.0] [0.988901, 0.0, 0.148575] [-8320.63, 101.943, -41145.1]]
		unit_class:t = "dynaf_pg_1line_3000_sand"
		objLayer:i = 2
		props {
			army:i = 1
			active:b = true
		}
	}
	objectGroups {
		name:t = "t2_airfield_top"
		tm:m = [[-0.0397091, 0.0, 0.999212] [0.0, 1.0, 0.0] [-0.999212, 0.0, -0.0397091] [-15900.4, 465.06, 56944.0]]
		unit_class:t = "dynaf_pg_1line_3000_sand"
		objLayer:i = 2
		props {
			army:i = 2
			active:b = true
		}
	}
	objectGroups {
		name:t = "t1_airfield_top_reload"
		tm:m = [[0.320828, 0.0, -0.947138] [0.0, 1.0, 0.0] [0.947138, 0.0, 0.320828] [-13659.7, 69.8531, -19901.9]]
		unit_class:t = "dynaf_pg_1line_3000_sand"
		objLayer:i = 2
		props {
			army:i = 1
			active:b = true
		}
	}
	objectGroups {
		name:t = "t2_airfield_top_reload"
		tm:m = [[-0.185978, 0.0, 0.982555] [0.0, 1.0, 0.0] [-0.982555, 0.0, -0.185978] [-20585.4, 458.025, 35388.2]]
		unit_class:t = "dynaf_pg_1line_3000_sand"
		objLayer:i = 2
		props {
			army:i = 2
			active:b = true
		}
	}
	tankModels {
		name:t = "t2_aaa_top_light_01"
		tm:m = [[-0.0722834, 0.0, 0.997382] [0.0, 1.0, 0.0] [-0.997382, 0.0, -0.0722834] [-15034.3, 532.875, 58142.0]]
		unit_class:t = "ussr_zsu_23_4"
		objLayer:i = 1
		closed_waypoints:b = false
		isShipSpline:b = false
		shipTurnRadius:r = 100
		weapons:t = ""
		bullets0:t = ""
		bullets1:t = ""
		bullets2:t = ""
		bullets3:t = ""
		bulletsCount0:i = 0
		bulletsCount1:i = 0
		bulletsCount2:i = 0
		bulletsCount3:i = 0
		crewSkillK:r = 0
		applyAllMods:b = false
		props {
			army:i = 2
			count:i = 1
			formation_type:t = "rows"
			formation_div:i = 3
			formation_step:p2 = 2.5, 2
			formation_noise:p2 = 0.1, 0.1
			uniqueName:t = ""
			attack_type:t = "fire_at_will"
		}
		way {

		}
	}
	tankModels {
		name:t = "t2_aaa_top_heavy_01"
		tm:m = [[-0.0722834, 0.0, 0.997382] [0.0, 1.0, 0.0] [-0.997382, 0.0, -0.0722834] [-16202.2, 507.294, 58398.0]]
		unit_class:t = "ussr_9a35_m2"
		objLayer:i = 1
		closed_waypoints:b = false
		isShipSpline:b = false
		shipTurnRadius:r = 100
		weapons:t = ""
		bullets0:t = ""
		bullets1:t = ""
		bullets2:t = ""
		bullets3:t = ""
		bulletsCount0:i = 0
		bulletsCount1:i = 0
		bulletsCount2:i = 0
		bulletsCount3:i = 0
		crewSkillK:r = 0
		applyAllMods:b = false
		props {
			army:i = 2
			count:i = 1
			formation_type:t = "rows"
			formation_div:i = 3
			formation_step:p2 = 2.5, 2
			formation_noise:p2 = 0.1, 0.1
			uniqueName:t = ""
			attack_type:t = "fire_at_will"
		}
		way {

		}
	}
	tankModels {
		name:t = "t2_aaa_top_light_02"
		tm:m = [[0.115721, 0.0, -0.993281] [0.0, 1.0, 0.0] [0.993281, 0.0, 0.115721] [-16254.3, 490.71, 57086.1]]
		unit_class:t = "ussr_zsu_23_4"
		objLayer:i = 1
		closed_waypoints:b = false
		isShipSpline:b = false
		shipTurnRadius:r = 100
		weapons:t = ""
		bullets0:t = ""
		bullets1:t = ""
		bullets2:t = ""
		bullets3:t = ""
		bulletsCount0:i = 0
		bulletsCount1:i = 0
		bulletsCount2:i = 0
		bulletsCount3:i = 0
		crewSkillK:r = 0
		applyAllMods:b = false
		props {
			army:i = 2
			count:i = 1
			formation_type:t = "rows"
			formation_div:i = 3
			formation_step:p2 = 2.5, 2
			formation_noise:p2 = 0.1, 0.1
			uniqueName:t = ""
			attack_type:t = "fire_at_will"
		}
		way {

		}
	}
	tankModels {
		name:t = "t2_aaa_top_light_03"
		tm:m = [[-0.0722834, 0.0, 0.997382] [0.0, 1.0, 0.0] [-0.997382, 0.0, -0.0722834] [-15012.2, 522.655, 56120.4]]
		unit_class:t = "ussr_zsu_23_4"
		objLayer:i = 1
		closed_waypoints:b = false
		isShipSpline:b = false
		shipTurnRadius:r = 100
		weapons:t = ""
		bullets0:t = ""
		bullets1:t = ""
		bullets2:t = ""
		bullets3:t = ""
		bulletsCount0:i = 0
		bulletsCount1:i = 0
		bulletsCount2:i = 0
		bulletsCount3:i = 0
		crewSkillK:r = 0
		applyAllMods:b = false
		props {
			army:i = 2
			count:i = 1
			formation_type:t = "rows"
			formation_div:i = 3
			formation_step:p2 = 2.5, 2
			formation_noise:p2 = 0.1, 0.1
			uniqueName:t = ""
			attack_type:t = "fire_at_will"
		}
		way {

		}
	}
	tankModels {
		name:t = "t2_aaa_top_light_04"
		tm:m = [[0.286445, 0.0, -0.958095] [0.0, 1.0, 0.0] [0.958095, 0.0, 0.286445] [-16288.9, 541.155, 56300.6]]
		unit_class:t = "ussr_zsu_23_4"
		objLayer:i = 1
		closed_waypoints:b = false
		isShipSpline:b = false
		shipTurnRadius:r = 100
		weapons:t = ""
		bullets0:t = ""
		bullets1:t = ""
		bullets2:t = ""
		bullets3:t = ""
		bulletsCount0:i = 0
		bulletsCount1:i = 0
		bulletsCount2:i = 0
		bulletsCount3:i = 0
		crewSkillK:r = 0
		applyAllMods:b = false
		props {
			army:i = 2
			count:i = 1
			formation_type:t = "rows"
			formation_div:i = 3
			formation_step:p2 = 2.5, 2
			formation_noise:p2 = 0.1, 0.1
			uniqueName:t = ""
			attack_type:t = "fire_at_will"
		}
		way {

		}
	}
	tankModels {
		name:t = "t2_aaa_top_heavy_02"
		tm:m = [[0.115721, 0.0, -0.993281] [0.0, 1.0, 0.0] [0.993281, 0.0, 0.115721] [-15156.0, 512.767, 57224.7]]
		unit_class:t = "ussr_9a35_m2"
		objLayer:i = 1
		closed_waypoints:b = false
		isShipSpline:b = false
		shipTurnRadius:r = 100
		weapons:t = ""
		bullets0:t = ""
		bullets1:t = ""
		bullets2:t = ""
		bullets3:t = ""
		bulletsCount0:i = 0
		bulletsCount1:i = 0
		bulletsCount2:i = 0
		bulletsCount3:i = 0
		crewSkillK:r = 0
		applyAllMods:b = false
		props {
			army:i = 2
			count:i = 1
			formation_type:t = "rows"
			formation_div:i = 3
			formation_step:p2 = 2.5, 2
			formation_noise:p2 = 0.1, 0.1
			uniqueName:t = ""
			attack_type:t = "fire_at_will"
		}
		way {

		}
	}
	squad {
		name:t = "t2_def_aaa_top_squad"
		tm:m = [[0.648277, 0.0, -0.761405] [0.0, 1.0, 0.0] [0.761405, 0.0, 0.648277] [-54382.1, 231.493, -3293.56]]
		props {
			squad_members:t = "t2_aaa_top_light_01"
			squad_members:t = "t2_aaa_top_light_02"
			squad_members:t = "t2_aaa_top_light_03"
			squad_members:t = "t2_aaa_top_light_04"
			squad_members:t = "t2_aaa_top_light_05"
			squad_members:t = "t2_aaa_top_light_06"
			squad_members:t = "t2_aaa_top_light_07"
			squad_members:t = "t2_aaa_top_light_08"
			squad_members:t = "t2_aaa_top_heavy_01"
			squad_members:t = "t2_aaa_top_heavy_02"
			squad_members:t = "t2_aaa_top_heavy_03"
			squad_members:t = "t2_aaa_top_heavy_04"
			squad_members:t = "t2_aaa_top_heavy_05"
			object_marking:i = 0
		}
	}
	tankModels {
		name:t = "t1_aaa_top_light_01"
		tm:m = [[0.248672, 0.0, 0.968587] [0.0, 1.0, 0.0] [-0.968587, 0.0, 0.248672] [-8631.9, 73.0736, -41860.0]]
		unit_class:t = "ussr_zsu_23_4"
		objLayer:i = 1
		closed_waypoints:b = false
		isShipSpline:b = false
		shipTurnRadius:r = 100
		weapons:t = ""
		bullets0:t = ""
		bullets1:t = ""
		bullets2:t = ""
		bullets3:t = ""
		bulletsCount0:i = 0
		bulletsCount1:i = 0
		bulletsCount2:i = 0
		bulletsCount3:i = 0
		crewSkillK:r = 0
		applyAllMods:b = false
		props {
			army:i = 1
			count:i = 1
			formation_type:t = "rows"
			formation_div:i = 3
			formation_step:p2 = 2.5, 2
			formation_noise:p2 = 0.1, 0.1
			uniqueName:t = ""
			attack_type:t = "fire_at_will"
		}
		way {

		}
	}
	tankModels {
		name:t = "t1_aaa_top_heavy_01"
		tm:m = [[0.248672, 0.0, 0.968587] [0.0, 1.0, 0.0] [-0.968587, 0.0, 0.248672] [-7923.17, 77.7978, -42015.5]]
		unit_class:t = "ussr_9a35_m2"
		objLayer:i = 1
		closed_waypoints:b = false
		isShipSpline:b = false
		shipTurnRadius:r = 100
		weapons:t = ""
		bullets0:t = ""
		bullets1:t = ""
		bullets2:t = ""
		bullets3:t = ""
		bulletsCount0:i = 0
		bulletsCount1:i = 0
		bulletsCount2:i = 0
		bulletsCount3:i = 0
		crewSkillK:r = 0
		applyAllMods:b = false
		props {
			army:i = 1
			count:i = 1
			formation_type:t = "rows"
			formation_div:i = 3
			formation_step:p2 = 2.5, 2
			formation_noise:p2 = 0.1, 0.1
			uniqueName:t = ""
			attack_type:t = "fire_at_will"
		}
		way {

		}
	}
	tankModels {
		name:t = "t1_aaa_top_light_02"
		tm:m = [[-0.290686, 0.0, -0.956817] [0.0, 1.0, 0.0] [0.956817, 0.0, -0.290686] [-8042.36, 79.7408, -41134.6]]
		unit_class:t = "ussr_zsu_23_4"
		objLayer:i = 1
		closed_waypoints:b = false
		isShipSpline:b = false
		shipTurnRadius:r = 100
		weapons:t = ""
		bullets0:t = ""
		bullets1:t = ""
		bullets2:t = ""
		bullets3:t = ""
		bulletsCount0:i = 0
		bulletsCount1:i = 0
		bulletsCount2:i = 0
		bulletsCount3:i = 0
		crewSkillK:r = 0
		applyAllMods:b = false
		props {
			army:i = 1
			count:i = 1
			formation_type:t = "rows"
			formation_div:i = 3
			formation_step:p2 = 2.5, 2
			formation_noise:p2 = 0.1, 0.1
			uniqueName:t = ""
			attack_type:t = "fire_at_will"
		}
		way {

		}
	}
	tankModels {
		name:t = "t1_aaa_top_light_03"
		tm:m = [[0.248672, 0.0, 0.968587] [0.0, 1.0, 0.0] [-0.968587, 0.0, 0.248672] [-8827.03, 62.6266, -40394.6]]
		unit_class:t = "ussr_zsu_23_4"
		objLayer:i = 1
		closed_waypoints:b = false
		isShipSpline:b = false
		shipTurnRadius:r = 100
		weapons:t = ""
		bullets0:t = ""
		bullets1:t = ""
		bullets2:t = ""
		bullets3:t = ""
		bulletsCount0:i = 0
		bulletsCount1:i = 0
		bulletsCount2:i = 0
		bulletsCount3:i = 0
		crewSkillK:r = 0
		applyAllMods:b = false
		props {
			army:i = 1
			count:i = 1
			formation_type:t = "rows"
			formation_div:i = 3
			formation_step:p2 = 2.5, 2
			formation_noise:p2 = 0.1, 0.1
			uniqueName:t = ""
			attack_type:t = "fire_at_will"
		}
		way {

		}
	}
	tankModels {
		name:t = "t1_aaa_top_light_04"
		tm:m = [[-0.206185, 0.0, -0.978514] [0.0, 1.0, 0.0] [0.978514, 0.0, -0.206185] [-8218.97, 142.602, -40129.8]]
		unit_class:t = "ussr_zsu_23_4"
		objLayer:i = 1
		closed_waypoints:b = false
		isShipSpline:b = false
		shipTurnRadius:r = 100
		weapons:t = ""
		bullets0:t = ""
		bullets1:t = ""
		bullets2:t = ""
		bullets3:t = ""
		bulletsCount0:i = 0
		bulletsCount1:i = 0
		bulletsCount2:i = 0
		bulletsCount3:i = 0
		crewSkillK:r = 0
		applyAllMods:b = false
		props {
			army:i = 1
			count:i = 1
			formation_type:t = "rows"
			formation_div:i = 3
			formation_step:p2 = 2.5, 2
			formation_noise:p2 = 0.1, 0.1
			uniqueName:t = ""
			attack_type:t = "fire_at_will"
		}
		way {

		}
	}
	tankModels {
		name:t = "t1_aaa_top_heavy_02"
		tm:m = [[-0.290686, 0.0, -0.956817] [0.0, 1.0, 0.0] [0.956817, 0.0, -0.290686] [-8710.61, 66.4959, -41023.8]]
		unit_class:t = "ussr_9a35_m2"
		objLayer:i = 1
		closed_waypoints:b = false
		isShipSpline:b = false
		shipTurnRadius:r = 100
		weapons:t = ""
		bullets0:t = ""
		bullets1:t = ""
		bullets2:t = ""
		bullets3:t = ""
		bulletsCount0:i = 0
		bulletsCount1:i = 0
		bulletsCount2:i = 0
		bulletsCount3:i = 0
		crewSkillK:r = 0
		applyAllMods:b = false
		props {
			army:i = 1
			count:i = 1
			formation_type:t = "rows"
			formation_div:i = 3
			formation_step:p2 = 2.5, 2
			formation_noise:p2 = 0.1, 0.1
			uniqueName:t = ""
			attack_type:t = "fire_at_will"
		}
		way {

		}
	}
	squad {
		name:t = "t1_def_aaa_top_squad"
		tm:m = [[0.279522, 0.0, 0.960139] [0.0, 1.0, 0.0] [-0.960139, 0.0, 0.279522] [-228.379, 554.405, -38095.1]]
		props {
			squad_members:t = "t1_aaa_top_light_01"
			squad_members:t = "t1_aaa_top_light_02"
			squad_members:t = "t1_aaa_top_light_03"
			squad_members:t = "t1_aaa_top_light_04"
			squad_members:t = "t1_aaa_top_light_05"
			squad_members:t = "t1_aaa_top_light_06"
			squad_members:t = "t1_aaa_top_light_07"
			squad_members:t = "t1_aaa_top_light_08"
			squad_members:t = "t1_aaa_top_heavy_01"
			squad_members:t = "t1_aaa_top_heavy_02"
			squad_members:t = "t1_aaa_top_heavy_03"
			squad_members:t = "t1_aaa_top_heavy_04"
			squad_members:t = "t1_aaa_top_heavy_05"
			object_marking:i = 0
		}
	}
	tankModels {
		name:t = "t1_aaa_top_heavy_03"
		tm:m = [[0.855181, 0.0, -0.518326] [0.0, 1.0, 0.0] [0.518326, 0.0, 0.855181] [51175.1, 297.019, 14821.9]]
		unit_class:t = "fr_crotale_ng"
		objLayer:i = 1
		closed_waypoints:b = false
		isShipSpline:b = false
		shipTurnRadius:r = 100
		weapons:t = ""
		bullets0:t = ""
		bullets1:t = ""
		bullets2:t = ""
		bullets3:t = ""
		bulletsCount0:i = 0
		bulletsCount1:i = 0
		bulletsCount2:i = 0
		bulletsCount3:i = 0
		crewSkillK:r = 0
		applyAllMods:b = false
		props {
			army:i = 1
			count:i = 1
			formation_type:t = "rows"
			formation_div:i = 3
			formation_step:p2 = 2.5, 2
			formation_noise:p2 = 0.1, 0.1
			uniqueName:t = ""
			attack_type:t = "fire_at_will"
		}
		way {

		}
	}
	tankModels {
		name:t = "t1_aaa_top_heavy_04"
		tm:m = [[0.855181, 0.0, -0.518326] [0.0, 1.0, 0.0] [0.518326, 0.0, 0.855181] [50753.4, 297.019, 14868.3]]
		unit_class:t = "fr_crotale_ng"
		objLayer:i = 1
		closed_waypoints:b = false
		isShipSpline:b = false
		shipTurnRadius:r = 100
		weapons:t = ""
		bullets0:t = ""
		bullets1:t = ""
		bullets2:t = ""
		bullets3:t = ""
		bulletsCount0:i = 0
		bulletsCount1:i = 0
		bulletsCount2:i = 0
		bulletsCount3:i = 0
		crewSkillK:r = 0
		applyAllMods:b = false
		props {
			army:i = 1
			count:i = 1
			formation_type:t = "rows"
			formation_div:i = 3
			formation_step:p2 = 2.5, 2
			formation_noise:p2 = 0.1, 0.1
			uniqueName:t = ""
			attack_type:t = "fire_at_will"
		}
		way {

		}
	}
	tankModels {
		name:t = "t1_aaa_top_heavy_05"
		tm:m = [[0.855181, 0.0, -0.518326] [0.0, 1.0, 0.0] [0.518326, 0.0, 0.855181] [50337.8, 297.019, 15081.9]]
		unit_class:t = "fr_crotale_ng"
		objLayer:i = 1
		closed_waypoints:b = false
		isShipSpline:b = false
		shipTurnRadius:r = 100
		weapons:t = ""
		bullets0:t = ""
		bullets1:t = ""
		bullets2:t = ""
		bullets3:t = ""
		bulletsCount0:i = 0
		bulletsCount1:i = 0
		bulletsCount2:i = 0
		bulletsCount3:i = 0
		crewSkillK:r = 0
		applyAllMods:b = false
		props {
			army:i = 1
			count:i = 1
			formation_type:t = "rows"
			formation_div:i = 3
			formation_step:p2 = 2.5, 2
			formation_noise:p2 = 0.1, 0.1
			uniqueName:t = ""
			attack_type:t = "fire_at_will"
		}
		way {

		}
	}
	tankModels {
		name:t = "t2_aaa_top_heavy_03"
		tm:m = [[0.938698, 0.0, 0.344737] [0.0, 1.0, 0.0] [-0.344737, 0.0, 0.938698] [-35464.8, -493.535, -20633.5]]
		unit_class:t = "fr_crotale_ng"
		objLayer:i = 1
		closed_waypoints:b = false
		isShipSpline:b = false
		shipTurnRadius:r = 100
		weapons:t = ""
		bullets0:t = ""
		bullets1:t = ""
		bullets2:t = ""
		bullets3:t = ""
		bulletsCount0:i = 0
		bulletsCount1:i = 0
		bulletsCount2:i = 0
		bulletsCount3:i = 0
		crewSkillK:r = 0
		applyAllMods:b = false
		props {
			army:i = 2
			count:i = 1
			formation_type:t = "rows"
			formation_div:i = 3
			formation_step:p2 = 2.5, 2
			formation_noise:p2 = 0.1, 0.1
			uniqueName:t = ""
			attack_type:t = "fire_at_will"
		}
		way {

		}
	}
	tankModels {
		name:t = "t2_aaa_top_heavy_04"
		tm:m = [[0.938698, 0.0, 0.344737] [0.0, 1.0, 0.0] [-0.344737, 0.0, 0.938698] [-37040.1, -493.535, -20479.7]]
		unit_class:t = "fr_crotale_ng"
		objLayer:i = 1
		closed_waypoints:b = false
		isShipSpline:b = false
		shipTurnRadius:r = 100
		weapons:t = ""
		bullets0:t = ""
		bullets1:t = ""
		bullets2:t = ""
		bullets3:t = ""
		bulletsCount0:i = 0
		bulletsCount1:i = 0
		bulletsCount2:i = 0
		bulletsCount3:i = 0
		crewSkillK:r = 0
		applyAllMods:b = false
		props {
			army:i = 2
			count:i = 1
			formation_type:t = "rows"
			formation_div:i = 3
			formation_step:p2 = 2.5, 2
			formation_noise:p2 = 0.1, 0.1
			uniqueName:t = ""
			attack_type:t = "fire_at_will"
		}
		way {

		}
	}
	tankModels {
		name:t = "t2_aaa_top_heavy_05"
		tm:m = [[0.938698, 0.0, 0.344737] [0.0, 1.0, 0.0] [-0.344737, 0.0, 0.938698] [-35557.7, -493.534, -23709.6]]
		unit_class:t = "fr_crotale_ng"
		objLayer:i = 1
		closed_waypoints:b = false
		isShipSpline:b = false
		shipTurnRadius:r = 100
		weapons:t = ""
		bullets0:t = ""
		bullets1:t = ""
		bullets2:t = ""
		bullets3:t = ""
		bulletsCount0:i = 0
		bulletsCount1:i = 0
		bulletsCount2:i = 0
		bulletsCount3:i = 0
		crewSkillK:r = 0
		applyAllMods:b = false
		props {
			army:i = 2
			count:i = 1
			formation_type:t = "rows"
			formation_div:i = 3
			formation_step:p2 = 2.5, 2
			formation_noise:p2 = 0.1, 0.1
			uniqueName:t = ""
			attack_type:t = "fire_at_will"
		}
		way {

		}
	}
	tankModels {
		name:t = "t1_aaa_top_light_05"
		tm:m = [[-0.133798, 0.0, 0.991008] [0.0, 1.0, 0.0] [-0.991008, 0.0, -0.133798] [33253.0, 591.98, 23067.9]]
		unit_class:t = "ussr_zsu_23_4"
		objLayer:i = 1
		closed_waypoints:b = false
		isShipSpline:b = false
		shipTurnRadius:r = 100
		weapons:t = ""
		bullets0:t = ""
		bullets1:t = ""
		bullets2:t = ""
		bullets3:t = ""
		bulletsCount0:i = 0
		bulletsCount1:i = 0
		bulletsCount2:i = 0
		bulletsCount3:i = 0
		crewSkillK:r = 0
		applyAllMods:b = false
		props {
			army:i = 1
			count:i = 1
			formation_type:t = "rows"
			formation_div:i = 3
			formation_step:p2 = 2.5, 2
			formation_noise:p2 = 0.1, 0.1
			uniqueName:t = ""
			attack_type:t = "fire_at_will"
		}
		way {

		}
	}
	tankModels {
		name:t = "t1_aaa_top_light_06"
		tm:m = [[-0.921087, 0.0, 0.389353] [0.0, 1.0, 0.0] [-0.389353, 0.0, -0.921087] [33096.8, 1324.83, 23504.4]]
		unit_class:t = "ussr_zsu_23_4"
		objLayer:i = 1
		closed_waypoints:b = false
		isShipSpline:b = false
		shipTurnRadius:r = 100
		weapons:t = ""
		bullets0:t = ""
		bullets1:t = ""
		bullets2:t = ""
		bullets3:t = ""
		bulletsCount0:i = 0
		bulletsCount1:i = 0
		bulletsCount2:i = 0
		bulletsCount3:i = 0
		crewSkillK:r = 0
		applyAllMods:b = false
		props {
			army:i = 1
			count:i = 1
			formation_type:t = "rows"
			formation_div:i = 3
			formation_step:p2 = 2.5, 2
			formation_noise:p2 = 0.1, 0.1
			uniqueName:t = ""
			attack_type:t = "fire_at_will"
		}
		way {

		}
	}
	tankModels {
		name:t = "t1_aaa_top_light_07"
		tm:m = [[-0.921087, 0.0, 0.389353] [0.0, 1.0, 0.0] [-0.389353, 0.0, -0.921087] [29937.9, 1324.83, 23438.1]]
		unit_class:t = "ussr_zsu_23_4"
		objLayer:i = 1
		closed_waypoints:b = false
		isShipSpline:b = false
		shipTurnRadius:r = 100
		weapons:t = ""
		bullets0:t = ""
		bullets1:t = ""
		bullets2:t = ""
		bullets3:t = ""
		bulletsCount0:i = 0
		bulletsCount1:i = 0
		bulletsCount2:i = 0
		bulletsCount3:i = 0
		crewSkillK:r = 0
		applyAllMods:b = false
		props {
			army:i = 1
			count:i = 1
			formation_type:t = "rows"
			formation_div:i = 3
			formation_step:p2 = 2.5, 2
			formation_noise:p2 = 0.1, 0.1
			uniqueName:t = ""
			attack_type:t = "fire_at_will"
		}
		way {

		}
	}
	tankModels {
		name:t = "t1_aaa_top_light_08"
		tm:m = [[-0.133798, 0.0, 0.991008] [0.0, 1.0, 0.0] [-0.991008, 0.0, -0.133798] [33343.0, 591.98, 21881.7]]
		unit_class:t = "ussr_zsu_23_4"
		objLayer:i = 1
		closed_waypoints:b = false
		isShipSpline:b = false
		shipTurnRadius:r = 100
		weapons:t = ""
		bullets0:t = ""
		bullets1:t = ""
		bullets2:t = ""
		bullets3:t = ""
		bulletsCount0:i = 0
		bulletsCount1:i = 0
		bulletsCount2:i = 0
		bulletsCount3:i = 0
		crewSkillK:r = 0
		applyAllMods:b = false
		props {
			army:i = 1
			count:i = 1
			formation_type:t = "rows"
			formation_div:i = 3
			formation_step:p2 = 2.5, 2
			formation_noise:p2 = 0.1, 0.1
			uniqueName:t = ""
			attack_type:t = "fire_at_will"
		}
		way {

		}
	}
	tankModels {
		name:t = "t2_aaa_top_light_05"
		tm:m = [[-0.127577, 0.0, 0.991828] [0.0, 1.0, 0.0] [-0.991828, 0.0, -0.127577] [-53530.1, 674.93, 1874.41]]
		unit_class:t = "ussr_zsu_23_4"
		objLayer:i = 1
		closed_waypoints:b = false
		isShipSpline:b = false
		shipTurnRadius:r = 100
		weapons:t = ""
		bullets0:t = ""
		bullets1:t = ""
		bullets2:t = ""
		bullets3:t = ""
		bulletsCount0:i = 0
		bulletsCount1:i = 0
		bulletsCount2:i = 0
		bulletsCount3:i = 0
		crewSkillK:r = 0
		applyAllMods:b = false
		props {
			army:i = 2
			count:i = 1
			formation_type:t = "rows"
			formation_div:i = 3
			formation_step:p2 = 2.5, 2
			formation_noise:p2 = 0.1, 0.1
			uniqueName:t = ""
			attack_type:t = "fire_at_will"
		}
		way {

		}
	}
	tankModels {
		name:t = "t2_aaa_top_light_06"
		tm:m = [[-0.127577, 0.0, 0.991828] [0.0, 1.0, 0.0] [-0.991828, 0.0, -0.127577] [-58000.9, 642.634, 2046.89]]
		unit_class:t = "ussr_zsu_23_4"
		objLayer:i = 1
		closed_waypoints:b = false
		isShipSpline:b = false
		shipTurnRadius:r = 100
		weapons:t = ""
		bullets0:t = ""
		bullets1:t = ""
		bullets2:t = ""
		bullets3:t = ""
		bulletsCount0:i = 0
		bulletsCount1:i = 0
		bulletsCount2:i = 0
		bulletsCount3:i = 0
		crewSkillK:r = 0
		applyAllMods:b = false
		props {
			army:i = 2
			count:i = 1
			formation_type:t = "rows"
			formation_div:i = 3
			formation_step:p2 = 2.5, 2
			formation_noise:p2 = 0.1, 0.1
			uniqueName:t = ""
			attack_type:t = "fire_at_will"
		}
		way {

		}
	}
	tankModels {
		name:t = "t2_aaa_top_light_07"
		tm:m = [[-0.127577, 0.0, 0.991828] [0.0, 1.0, 0.0] [-0.991828, 0.0, -0.127577] [-58049.3, 614.307, 901.595]]
		unit_class:t = "ussr_zsu_23_4"
		objLayer:i = 1
		closed_waypoints:b = false
		isShipSpline:b = false
		shipTurnRadius:r = 100
		weapons:t = ""
		bullets0:t = ""
		bullets1:t = ""
		bullets2:t = ""
		bullets3:t = ""
		bulletsCount0:i = 0
		bulletsCount1:i = 0
		bulletsCount2:i = 0
		bulletsCount3:i = 0
		crewSkillK:r = 0
		applyAllMods:b = false
		props {
			army:i = 2
			count:i = 1
			formation_type:t = "rows"
			formation_div:i = 3
			formation_step:p2 = 2.5, 2
			formation_noise:p2 = 0.1, 0.1
			uniqueName:t = ""
			attack_type:t = "fire_at_will"
		}
		way {

		}
	}
	tankModels {
		name:t = "t2_aaa_top_light_08"
		tm:m = [[-0.127577, 0.0, 0.991828] [0.0, 1.0, 0.0] [-0.991828, 0.0, -0.127577] [-55391.6, 592.519, 502.683]]
		unit_class:t = "ussr_zsu_23_4"
		objLayer:i = 1
		closed_waypoints:b = false
		isShipSpline:b = false
		shipTurnRadius:r = 100
		weapons:t = ""
		bullets0:t = ""
		bullets1:t = ""
		bullets2:t = ""
		bullets3:t = ""
		bulletsCount0:i = 0
		bulletsCount1:i = 0
		bulletsCount2:i = 0
		bulletsCount3:i = 0
		crewSkillK:r = 0
		applyAllMods:b = false
		props {
			army:i = 2
			count:i = 1
			formation_type:t = "rows"
			formation_div:i = 3
			formation_step:p2 = 2.5, 2
			formation_noise:p2 = 0.1, 0.1
			uniqueName:t = ""
			attack_type:t = "fire_at_will"
		}
		way {

		}
	}
}
areas {
	t2_bombers_area_top {
		type:t = "Sphere"
		tm:m = [[5997.84, 0.0, -161.071] [0.0, 6000.0, 0.0] [161.071, 0.0, 5997.84] [-15596.3, 2500.0, 56974.3]]
		props {

		}
	}
	t2_fighters_area_top {
		type:t = "Sphere"
		tm:m = [[3998.58, 0.0, -107.378] [0.0, 4000.0, 0.0] [107.378, 0.0, 3998.58] [-15596.3, 1500.0, 56974.2]]
		props {

		}
	}
	t1_bombers_area_top {
		type:t = "Sphere"
		tm:m = [[-5981.98, 0.0, -464.765] [0.0, 6000.0, 0.0] [464.765, 0.0, -5981.98] [-8385.88, 2500.0, -41210.9]]
		props {

		}
	}
	t1_fighters_area_top {
		type:t = "Sphere"
		tm:m = [[-3988.0, 0.0, -309.867] [0.0, 4000.0, 0.0] [309.867, 0.0, -3988.0] [-8385.88, 1500.0, -41210.9]]
		props {

		}
	}
	airfields_area_46km {
		type:t = "Sphere"
		tm:m = [[-91233.7, 0.0, -11849.2] [0.0, 92000.0, 0.0] [11849.2, 0.0, -91233.7] [-18377.3, 847.5, 7875.0]]
		objLayer:i = 4
		props {

		}
	}
	mission_top_border {
		type:t = "Box"
		tm:m = [[115200.0, 0.0, -0.000540866] [0.0, 1000.0, 0.0] [0.000540866, 0.0, 115200.0] [-17714.8, 468.85, 6973.75]]
		objLayer:i = 4
		props {

		}
	}
	t2_air_spawn_bomber_top {
		type:t = "Box"
		tm:m = [[-2.6177, 0.0, -99.9657] [0.0, 100.0, 0.0] [29989.7, 0.0, -785.31] [-15516.5, 2500.0, 59954.2]]
		props {

		}
	}
	t2_air_spawn_top {
		type:t = "Box"
		tm:m = [[-2.6177, 0.0, -99.9657] [0.0, 100.0, 0.0] [29989.7, 0.0, -785.31] [-15542.9, 1500.0, 58966.6]]
		props {

		}
	}
	t1_air_spawn_bomber_top {
		type:t = "Box"
		tm:m = [[-7.67191, 0.0, 99.7053] [0.0, 100.0, 0.0] [-29911.6, 0.0, -2301.57] [-8154.6, 2500.0, -44182.6]]
		props {

		}
	}
	t1_air_spawn_top {
		type:t = "Box"
		tm:m = [[-7.67191, 0.0, 99.7053] [0.0, 100.0, 0.0] [-29911.6, 0.0, -2301.57] [-8231.2, 1500.0, -43197.9]]
		props {

		}
	}
}
objLayers {
	layer {
		enabled:b = true
	}
	layer {
		enabled:b = true
	}
	layer {
		enabled:b = true
	}
	layer {
		enabled:b = true
	}
	layer {
		enabled:b = false
	}
}
wayPoints {

}