selected_tag:t = ""
bin_dump_file:t = ""
mission_settings {
	player {
		army:i = 1
	}
	player_teamB {
		army:i = 2
	}
	mission {
		level:t = "levels/ruhr.bin"
		type:t = "domination"
		environment:t = "Day"
		weather:t = "clear"
	}
}
imports {

}
triggers {
	isCategory:b = true
	is_enabled:b = true
	airfileds_low_init {
		is_enabled:b = true
		comments:t = ""
		props {
			actionsType:t = "PERFORM_ONE_BY_ONE"
			conditionsType:t = "ALL"
			enableAfterComplete:b = false
		}
		events {
			initMission {

			}
		}
		conditions {

		}
		actions {
			unitSetProperties {
				object:t = "t1_def_aaa_low_squad"
				object:t = "t2_def_aaa_low_squad"
				object_marking:i = 0
				object_var_name:t = ""
				object_var_comp_op:t = "equal"
				object_var_value:i = 0
				accuracy:r = 0.9
				checkVisibilityTarget:b = true
				effShootingRate:r = 1
				airEffShootingRate:r = 1
				useSearchRadar:b = true
				fireRandom:b = true
				targetChangeInterval:r = 5
				targetChangeProb:r = 0.25
			}
		}
		else_actions {

		}
	}
}
mission_objectives {
	isCategory:b = true
	is_enabled:b = true
}
variables {

}
dialogs {

}
airfields {

}
effects {

}
units {
	objectGroups {
		name:t = "t1_airfield_low"
		tm:m = [[-0.0848423, 0.0, -0.996395] [0.0, 1.0, 0.0] [0.996395, 0.0, -0.0848423] [-18676.5, 135.302, -4914.39]]
		unit_class:t = "dynaf_pg_1line_ground"
		objLayer:i = 2
		props {
			army:i = 1
			active:b = true
		}
	}
	objectGroups {
		name:t = "t2_airfield_low"
		tm:m = [[0.583117, 0.0, 0.812389] [0.0, 1.0, 0.0] [-0.812389, 0.0, 0.583117] [-16907.4, 329.602, 21234.0]]
		unit_class:t = "dynaf_pg_1line_ground"
		objLayer:i = 2
		props {
			army:i = 2
			active:b = true
		}
	}
	air_defence {
		name:t = "t2_aaa_low_light_01"
		tm:m = [[0.556304, 0.0, 0.830977] [0.0, 1.0, 0.0] [-0.830977, 0.0, 0.556304] [-15487.8, 341.352, 21646.0]]
		unit_class:t = "germ_37mm_flak43_airfield"
		objLayer:i = 1
		closed_waypoints:b = false
		isShipSpline:b = false
		shipTurnRadius:r = 100
		weapons:t = ""
		bullets0:t = ""
		bullets1:t = ""
		bullets2:t = ""
		bullets3:t = ""
		bulletsCount0:i = 0
		bulletsCount1:i = 0
		bulletsCount2:i = 0
		bulletsCount3:i = 0
		crewSkillK:r = 0
		applyAllMods:b = false
		props {
			army:i = 2
			count:i = 1
			formation_type:t = "rows"
			formation_div:i = 3
			formation_step:p2 = 2.5, 2
			formation_noise:p2 = 0.1, 0.1
			uniqueName:t = ""
			attack_type:t = "fire_at_will"
		}
		way {

		}
	}
	air_defence {
		name:t = "t2_aaa_low_heavy_01"
		tm:m = [[0.556304, 0.0, 0.830977] [0.0, 1.0, 0.0] [-0.830977, 0.0, 0.556304] [-16938.7, 325.184, 21761.9]]
		unit_class:t = "germ_88mm_flak36"
		objLayer:i = 1
		closed_waypoints:b = false
		isShipSpline:b = false
		shipTurnRadius:r = 100
		weapons:t = ""
		bullets0:t = ""
		bullets1:t = ""
		bullets2:t = ""
		bullets3:t = ""
		bulletsCount0:i = 0
		bulletsCount1:i = 0
		bulletsCount2:i = 0
		bulletsCount3:i = 0
		crewSkillK:r = 0
		applyAllMods:b = false
		props {
			army:i = 2
			count:i = 1
			formation_type:t = "rows"
			formation_div:i = 3
			formation_step:p2 = 2.5, 2
			formation_noise:p2 = 0.1, 0.1
			uniqueName:t = ""
			attack_type:t = "fire_at_will"
		}
		way {

		}
	}
	air_defence {
		name:t = "t2_aaa_low_light_02"
		tm:m = [[-0.519527, 0.0, -0.854453] [0.0, 1.0, 0.0] [0.854453, 0.0, -0.519527] [-17159.0, 339.17, 21695.4]]
		unit_class:t = "germ_37mm_flak43_airfield"
		objLayer:i = 1
		closed_waypoints:b = false
		isShipSpline:b = false
		shipTurnRadius:r = 100
		weapons:t = ""
		bullets0:t = ""
		bullets1:t = ""
		bullets2:t = ""
		bullets3:t = ""
		bulletsCount0:i = 0
		bulletsCount1:i = 0
		bulletsCount2:i = 0
		bulletsCount3:i = 0
		crewSkillK:r = 0
		applyAllMods:b = false
		props {
			army:i = 2
			count:i = 1
			formation_type:t = "rows"
			formation_div:i = 3
			formation_step:p2 = 2.5, 2
			formation_noise:p2 = 0.1, 0.1
			uniqueName:t = ""
			attack_type:t = "fire_at_will"
		}
		way {

		}
	}
	air_defence {
		name:t = "t2_aaa_low_light_03"
		tm:m = [[0.556304, 0.0, 0.830977] [0.0, 1.0, 0.0] [-0.830977, 0.0, 0.556304] [-16713.5, 343.012, 20038.2]]
		unit_class:t = "germ_37mm_flak43_airfield"
		objLayer:i = 1
		closed_waypoints:b = false
		isShipSpline:b = false
		shipTurnRadius:r = 100
		weapons:t = ""
		bullets0:t = ""
		bullets1:t = ""
		bullets2:t = ""
		bullets3:t = ""
		bulletsCount0:i = 0
		bulletsCount1:i = 0
		bulletsCount2:i = 0
		bulletsCount3:i = 0
		crewSkillK:r = 0
		applyAllMods:b = false
		props {
			army:i = 2
			count:i = 1
			formation_type:t = "rows"
			formation_div:i = 3
			formation_step:p2 = 2.5, 2
			formation_noise:p2 = 0.1, 0.1
			uniqueName:t = ""
			attack_type:t = "fire_at_will"
		}
		way {

		}
	}
	air_defence {
		name:t = "t2_aaa_low_light_04"
		tm:m = [[-0.363259, 0.0, -0.931686] [0.0, 1.0, 0.0] [0.931686, 0.0, -0.363259] [-17585.1, 342.597, 21139.2]]
		unit_class:t = "germ_37mm_flak43_airfield"
		objLayer:i = 1
		closed_waypoints:b = false
		isShipSpline:b = false
		shipTurnRadius:r = 100
		weapons:t = ""
		bullets0:t = ""
		bullets1:t = ""
		bullets2:t = ""
		bullets3:t = ""
		bulletsCount0:i = 0
		bulletsCount1:i = 0
		bulletsCount2:i = 0
		bulletsCount3:i = 0
		crewSkillK:r = 0
		applyAllMods:b = false
		props {
			army:i = 2
			count:i = 1
			formation_type:t = "rows"
			formation_div:i = 3
			formation_step:p2 = 2.5, 2
			formation_noise:p2 = 0.1, 0.1
			uniqueName:t = ""
			attack_type:t = "fire_at_will"
		}
		way {

		}
	}
	air_defence {
		name:t = "t2_aaa_low_heavy_02"
		tm:m = [[-0.519527, 0.0, -0.854453] [0.0, 1.0, 0.0] [0.854453, 0.0, -0.519527] [-16147.8, 343.368, 20997.5]]
		unit_class:t = "germ_88mm_flak36"
		objLayer:i = 1
		closed_waypoints:b = false
		isShipSpline:b = false
		shipTurnRadius:r = 100
		weapons:t = ""
		bullets0:t = ""
		bullets1:t = ""
		bullets2:t = ""
		bullets3:t = ""
		bulletsCount0:i = 0
		bulletsCount1:i = 0
		bulletsCount2:i = 0
		bulletsCount3:i = 0
		crewSkillK:r = 0
		applyAllMods:b = false
		props {
			army:i = 2
			count:i = 1
			formation_type:t = "rows"
			formation_div:i = 3
			formation_step:p2 = 2.5, 2
			formation_noise:p2 = 0.1, 0.1
			uniqueName:t = ""
			attack_type:t = "fire_at_will"
		}
		way {

		}
	}
	squad {
		name:t = "t2_def_aaa_low_squad"
		tm:m = [[-0.0707393, 0.0, -0.997495] [0.0, 1.0, 0.0] [0.997495, 0.0, -0.0707393] [-34180.7, 231.493, 15152.0]]
		props {
			squad_members:t = "t2_aaa_low_light_01"
			squad_members:t = "t2_aaa_low_light_02"
			squad_members:t = "t2_aaa_low_light_03"
			squad_members:t = "t2_aaa_low_light_04"
			squad_members:t = "t2_aaa_low_heavy_01"
			squad_members:t = "t2_aaa_low_heavy_02"
			object_marking:i = 0
		}
	}
	air_defence {
		name:t = "t1_aaa_low_light_01"
		tm:m = [[0.466545, 0.0, 0.884497] [0.0, 1.0, 0.0] [-0.884497, 0.0, 0.466545] [-19145.0, 168.901, -5537.51]]
		unit_class:t = "us_40mm_bofors_airfield"
		objLayer:i = 1
		closed_waypoints:b = false
		isShipSpline:b = false
		shipTurnRadius:r = 100
		weapons:t = ""
		bullets0:t = ""
		bullets1:t = ""
		bullets2:t = ""
		bullets3:t = ""
		bulletsCount0:i = 0
		bulletsCount1:i = 0
		bulletsCount2:i = 0
		bulletsCount3:i = 0
		crewSkillK:r = 0
		applyAllMods:b = false
		props {
			army:i = 1
			count:i = 1
			formation_type:t = "rows"
			formation_div:i = 3
			formation_step:p2 = 2.5, 2
			formation_noise:p2 = 0.1, 0.1
			uniqueName:t = ""
			attack_type:t = "fire_at_will"
		}
		way {

		}
	}
	air_defence {
		name:t = "t1_aaa_low_heavy_01"
		tm:m = [[0.466545, 0.0, 0.884497] [0.0, 1.0, 0.0] [-0.884497, 0.0, 0.466545] [-18410.9, 169.713, -5851.72]]
		unit_class:t = "germ_88mm_flak36"
		objLayer:i = 1
		closed_waypoints:b = false
		isShipSpline:b = false
		shipTurnRadius:r = 100
		weapons:t = ""
		bullets0:t = ""
		bullets1:t = ""
		bullets2:t = ""
		bullets3:t = ""
		bulletsCount0:i = 0
		bulletsCount1:i = 0
		bulletsCount2:i = 0
		bulletsCount3:i = 0
		crewSkillK:r = 0
		applyAllMods:b = false
		props {
			army:i = 1
			count:i = 1
			formation_type:t = "rows"
			formation_div:i = 3
			formation_step:p2 = 2.5, 2
			formation_noise:p2 = 0.1, 0.1
			uniqueName:t = ""
			attack_type:t = "fire_at_will"
		}
		way {

		}
	}
	air_defence {
		name:t = "t1_aaa_low_light_02"
		tm:m = [[-0.504682, 0.0, -0.863303] [0.0, 1.0, 0.0] [0.863303, 0.0, -0.504682] [-18285.3, 169.836, -4902.55]]
		unit_class:t = "us_40mm_bofors_airfield"
		objLayer:i = 1
		closed_waypoints:b = false
		isShipSpline:b = false
		shipTurnRadius:r = 100
		weapons:t = ""
		bullets0:t = ""
		bullets1:t = ""
		bullets2:t = ""
		bullets3:t = ""
		bulletsCount0:i = 0
		bulletsCount1:i = 0
		bulletsCount2:i = 0
		bulletsCount3:i = 0
		crewSkillK:r = 0
		applyAllMods:b = false
		props {
			army:i = 1
			count:i = 1
			formation_type:t = "rows"
			formation_div:i = 3
			formation_step:p2 = 2.5, 2
			formation_noise:p2 = 0.1, 0.1
			uniqueName:t = ""
			attack_type:t = "fire_at_will"
		}
		way {

		}
	}
	air_defence {
		name:t = "t1_aaa_low_light_03"
		tm:m = [[0.466545, 0.0, 0.884497] [0.0, 1.0, 0.0] [-0.884497, 0.0, 0.466545] [-19055.7, 169.044, -4048.82]]
		unit_class:t = "us_40mm_bofors_airfield"
		objLayer:i = 1
		closed_waypoints:b = false
		isShipSpline:b = false
		shipTurnRadius:r = 100
		weapons:t = ""
		bullets0:t = ""
		bullets1:t = ""
		bullets2:t = ""
		bullets3:t = ""
		bulletsCount0:i = 0
		bulletsCount1:i = 0
		bulletsCount2:i = 0
		bulletsCount3:i = 0
		crewSkillK:r = 0
		applyAllMods:b = false
		props {
			army:i = 1
			count:i = 1
			formation_type:t = "rows"
			formation_div:i = 3
			formation_step:p2 = 2.5, 2
			formation_noise:p2 = 0.1, 0.1
			uniqueName:t = ""
			attack_type:t = "fire_at_will"
		}
		way {

		}
	}
	air_defence {
		name:t = "t1_aaa_low_light_04"
		tm:m = [[-0.427518, 0.0, -0.904008] [0.0, 1.0, 0.0] [0.904008, 0.0, -0.427518] [-18254.1, 170.279, -4148.91]]
		unit_class:t = "us_40mm_bofors_airfield"
		objLayer:i = 1
		closed_waypoints:b = false
		isShipSpline:b = false
		shipTurnRadius:r = 100
		weapons:t = ""
		bullets0:t = ""
		bullets1:t = ""
		bullets2:t = ""
		bullets3:t = ""
		bulletsCount0:i = 0
		bulletsCount1:i = 0
		bulletsCount2:i = 0
		bulletsCount3:i = 0
		crewSkillK:r = 0
		applyAllMods:b = false
		props {
			army:i = 1
			count:i = 1
			formation_type:t = "rows"
			formation_div:i = 3
			formation_step:p2 = 2.5, 2
			formation_noise:p2 = 0.1, 0.1
			uniqueName:t = ""
			attack_type:t = "fire_at_will"
		}
		way {

		}
	}
	air_defence {
		name:t = "t1_aaa_low_heavy_02"
		tm:m = [[-0.504682, 0.0, -0.863303] [0.0, 1.0, 0.0] [0.863303, 0.0, -0.504682] [-19088.6, 168.287, -4688.02]]
		unit_class:t = "germ_88mm_flak36"
		objLayer:i = 1
		closed_waypoints:b = false
		isShipSpline:b = false
		shipTurnRadius:r = 100
		weapons:t = ""
		bullets0:t = ""
		bullets1:t = ""
		bullets2:t = ""
		bullets3:t = ""
		bulletsCount0:i = 0
		bulletsCount1:i = 0
		bulletsCount2:i = 0
		bulletsCount3:i = 0
		crewSkillK:r = 0
		applyAllMods:b = false
		props {
			army:i = 1
			count:i = 1
			formation_type:t = "rows"
			formation_div:i = 3
			formation_step:p2 = 2.5, 2
			formation_noise:p2 = 0.1, 0.1
			uniqueName:t = ""
			attack_type:t = "fire_at_will"
		}
		way {

		}
	}
	squad {
		name:t = "t1_def_aaa_low_squad"
		tm:m = [[0.753168, 0.0, 0.657828] [0.0, 1.0, 0.0] [-0.657828, 0.0, 0.753168] [-9240.21, 554.407, -27131.0]]
		props {
			squad_members:t = "t1_aaa_low_light_01"
			squad_members:t = "t1_aaa_low_light_02"
			squad_members:t = "t1_aaa_low_light_03"
			squad_members:t = "t1_aaa_low_light_04"
			squad_members:t = "t1_aaa_low_heavy_01"
			squad_members:t = "t1_aaa_low_heavy_02"
			object_marking:i = 0
		}
	}
}
areas {
	t2_interceptor_area_low {
		type:t = "Sphere"
		tm:m = [[5989.03, 0.0, -362.689] [0.0, 6000.0, 0.0] [362.689, 0.0, 5989.03] [-17436.9, 3000.0, 21247.3]]
		props {

		}
	}
	t2_assault_low_spawn {
		type:t = "Sphere"
		tm:m = [[-31.1782, 0.0, -298.376] [0.0, 300.0, 0.0] [298.376, 0.0, -31.1782] [-17738.6, 2000.0, 16256.8]]
		props {

		}
	}
	t2_aaa_fighter_area_low {
		type:t = "Sphere"
		tm:m = [[3992.71, 0.0, -241.791] [0.0, 4000.0, 0.0] [241.791, 0.0, 3992.71] [-17437.0, 4000.0, 21247.1]]
		props {

		}
	}
	t2_assault_area_low {
		type:t = "Sphere"
		tm:m = [[9981.73, 0.0, -604.479] [0.0, 10000.0, 0.0] [604.479, 0.0, 9981.73] [-17437.0, 2000.0, 21247.1]]
		props {

		}
	}
	t2_interceptor_low_spawn {
		type:t = "Sphere"
		tm:m = [[-31.1782, 0.0, -298.376] [0.0, 300.0, 0.0] [298.376, 0.0, -31.1782] [-17257.0, 2000.0, 24222.8]]
		props {

		}
	}
	t2_aaa_fighter_low_spawn {
		type:t = "Sphere"
		tm:m = [[-31.1782, 0.0, -298.376] [0.0, 300.0, 0.0] [298.376, 0.0, -31.1782] [-17316.8, 3000.0, 23236.7]]
		props {

		}
	}
	t2_far_bomber_low_spawn {
		type:t = "Sphere"
		tm:m = [[-31.1782, 0.0, -298.376] [0.0, 300.0, 0.0] [298.376, 0.0, -31.1782] [-17557.9, 5500.0, 19252.0]]
		props {

		}
	}
	t2_main_bomber_low_spawn {
		type:t = "Sphere"
		tm:m = [[-31.1782, 0.0, -298.376] [0.0, 300.0, 0.0] [298.376, 0.0, -31.1782] [-17588.2, 4500.0, 18752.2]]
		props {

		}
	}
	t2_far_bomber_area_low {
		type:t = "Sphere"
		tm:m = [[3992.71, 0.0, -241.791] [0.0, 4000.0, 0.0] [241.791, 0.0, 3992.71] [-17437.0, 5500.0, 21247.1]]
		props {

		}
	}
	t2_main_bomber_area_low {
		type:t = "Sphere"
		tm:m = [[4990.85, 0.0, -302.236] [0.0, 5000.0, 0.0] [302.236, 0.0, 4990.85] [-17437.0, 4500.0, 21247.1]]
		props {

		}
	}
	t1_interceptor_area_low {
		type:t = "Sphere"
		tm:m = [[-5994.1, 0.0, 266.177] [0.0, 6000.0, 0.0] [-266.177, 0.0, -5994.1] [-19169.9, 3000.0, -4932.5]]
		props {

		}
	}
	t1_assault_low_spawn {
		type:t = "Sphere"
		tm:m = [[26.3683, 0.0, 298.837] [0.0, 300.0, 0.0] [-298.837, 0.0, 26.3683] [-18947.8, 1999.99, 63.5352]]
		props {

		}
	}
	t1_aaa_fighter_area_low {
		type:t = "Sphere"
		tm:m = [[-3996.09, 0.0, 177.438] [0.0, 4000.0, 0.0] [-177.438, 0.0, -3996.09] [-19169.9, 3999.99, -4932.5]]
		props {

		}
	}
	t1_assault_area_low {
		type:t = "Sphere"
		tm:m = [[-9990.15, 0.0, 443.614] [0.0, 10000.0, 0.0] [-443.614, 0.0, -9990.15] [-19169.9, 1999.99, -4932.5]]
		props {

		}
	}
	t1_interceptor_low_spawn {
		type:t = "Sphere"
		tm:m = [[26.3683, 0.0, 298.837] [0.0, 300.0, 0.0] [-298.837, 0.0, 26.3683] [-19301.7, 1999.99, -7910.43]]
		props {

		}
	}
	t1_aaa_fighter_low_spawn {
		type:t = "Sphere"
		tm:m = [[26.3683, 0.0, 298.837] [0.0, 300.0, 0.0] [-298.837, 0.0, 26.3683] [-19258.0, 2999.99, -6923.64]]
		props {

		}
	}
	t1_far_bomber_low_spawn {
		type:t = "Sphere"
		tm:m = [[26.3683, 0.0, 298.837] [0.0, 300.0, 0.0] [-298.837, 0.0, 26.3683] [-19080.8, 5500.0, -2935.28]]
		props {

		}
	}
	t1_main_bomber_low_spawn {
		type:t = "Sphere"
		tm:m = [[26.3683, 0.0, 298.837] [0.0, 300.0, 0.0] [-298.837, 0.0, 26.3683] [-19058.7, 4499.99, -2435.14]]
		props {

		}
	}
	t1_far_bomber_area_low {
		type:t = "Sphere"
		tm:m = [[-3996.09, 0.0, 177.438] [0.0, 4000.0, 0.0] [-177.438, 0.0, -3996.09] [-19169.9, 5499.99, -4932.5]]
		props {

		}
	}
	t1_main_bomber_area_low {
		type:t = "Sphere"
		tm:m = [[-4995.05, 0.0, 221.795] [0.0, 5000.0, 0.0] [-221.795, 0.0, -4995.05] [-19169.8, 4499.99, -4932.5]]
		props {

		}
	}
	airfields_area_12km {
		type:t = "Sphere"
		tm:m = [[-23800.2, 0.0, -3091.1] [0.0, 24000.0, 0.0] [3091.1, 0.0, -23800.2] [-18377.3, 847.5, 7875.0]]
		objLayer:i = 3
		props {

		}
	}
	t1_common_fighters_low_spawn {
		type:t = "Sphere"
		tm:m = [[26.3683, 0.0, 298.837] [0.0, 300.0, 0.0] [-298.837, 0.0, 26.3683] [-19301.7, 1500.0, -7910.43]]
		props {

		}
	}
	t2_common_fighters_low_spawn {
		type:t = "Sphere"
		tm:m = [[-31.1782, 0.0, -298.376] [0.0, 300.0, 0.0] [298.376, 0.0, -31.1782] [-17257.0, 1500.0, 24222.8]]
		props {

		}
	}
	mission_low_border {
		type:t = "Box"
		tm:m = [[58000.0, 0.0, -0.000272311] [0.0, 1000.0, 0.0] [0.000272311, 0.0, 58000.0] [-18377.3, 468.85, 7875.0]]
		objLayer:i = 4
		props {

		}
	}
}
objLayers {
	layer {
		enabled:b = true
	}
	layer {
		enabled:b = true
	}
	layer {
		enabled:b = true
	}
	layer {
		enabled:b = true
	}
	layer {
		enabled:b = false
	}
}
wayPoints {

}