selected_tag:t = ""
bin_dump_file:t = ""
mission_settings {
	player {
		army:i = 1
	}
	player_teamB {
		army:i = 2
	}
	mission {
		level:t = "levels/ruhr.bin"
		type:t = "domination"
		environment:t = "Day"
		weather:t = "clear"
	}
}
imports {

}
triggers {
	isCategory:b = true
	is_enabled:b = true
	airfileds_high_init {
		is_enabled:b = true
		comments:t = ""
		props {
			actionsType:t = "PERFORM_ONE_BY_ONE"
			conditionsType:t = "ALL"
			enableAfterComplete:b = false
		}
		events {
			initMission {

			}
		}
		conditions {

		}
		actions {
			unitSetProperties {
				object:t = "t1_def_aaa_high_squad"
				object:t = "t2_def_aaa_high_squad"
				object_marking:i = 0
				object_var_name:t = ""
				object_var_comp_op:t = "equal"
				object_var_value:i = 0
				accuracy:r = 0.9
				checkVisibilityTarget:b = true
				effShootingRate:r = 1
				airEffShootingRate:r = 1
				useSearchRadar:b = true
				fireRandom:b = true
				targetChangeInterval:r = 5
				targetChangeProb:r = 0.25
			}
		}
		else_actions {

		}
	}
}
mission_objectives {
	isCategory:b = true
	is_enabled:b = true
}
variables {

}
dialogs {

}
airfields {

}
effects {

}
units {
	objectGroups {
		name:t = "t1_airfield_high"
		tm:m = [[0.320828, 0.0, -0.947138] [0.0, 1.0, 0.0] [0.947138, 0.0, 0.320828] [-13659.7, 69.8531, -19901.9]]
		unit_class:t = "dynaf_pg_1line_3000_sand"
		objLayer:i = 2
		props {
			army:i = 1
			active:b = true
		}
	}
	objectGroups {
		name:t = "t2_airfield_high"
		tm:m = [[-0.185978, 0.0, 0.982555] [0.0, 1.0, 0.0] [-0.982555, 0.0, -0.185978] [-20585.4, 458.025, 35388.2]]
		unit_class:t = "dynaf_pg_1line_3000_sand"
		objLayer:i = 2
		props {
			army:i = 2
			active:b = true
		}
	}
	objectGroups {
		name:t = "t1_airfield_high_reload"
		tm:m = [[0.933755, 0.0, -0.357914] [0.0, 1.0, 0.0] [0.357914, 0.0, 0.933755] [-4036.21, 410.0, -8840.51]]
		unit_class:t = "dynaf_pg_1line_3000_sand"
		objLayer:i = 2
		props {
			army:i = 1
			active:b = true
		}
	}
	objectGroups {
		name:t = "t2_airfield_high_reload"
		tm:m = [[-0.718515, 0.0, 0.695512] [0.0, 1.0, 0.0] [-0.695512, 0.0, -0.718515] [-31339.9, 68.1806, 25103.2]]
		unit_class:t = "dynaf_pg_1line_3000_sand"
		objLayer:i = 2
		props {
			army:i = 2
			active:b = true
		}
	}
	tankModels {
		name:t = "t2_aaa_high_light_01"
		tm:m = [[-0.0432597, 0.0, 0.999062] [0.0, 1.0, 0.0] [-0.999062, 0.0, -0.0432597] [-19728.6, 819.45, 36536.6]]
		unit_class:t = "sw_veak_40"
		objLayer:i = 1
		closed_waypoints:b = false
		isShipSpline:b = false
		shipTurnRadius:r = 100
		weapons:t = ""
		bullets0:t = "40mm_sw_kan_HE"
		bullets1:t = ""
		bullets2:t = ""
		bullets3:t = ""
		bulletsCount0:i = 0
		bulletsCount1:i = 0
		bulletsCount2:i = 0
		bulletsCount3:i = 0
		crewSkillK:r = 0
		applyAllMods:b = false
		props {
			army:i = 2
			count:i = 1
			formation_type:t = "rows"
			formation_div:i = 3
			formation_step:p2 = 2.5, 2
			formation_noise:p2 = 0.1, 0.1
			uniqueName:t = ""
			attack_type:t = "fire_at_will"
		}
		way {

		}
	}
	tankModels {
		name:t = "t2_aaa_high_heavy_01"
		tm:m = [[-0.0432597, 0.0, 0.999062] [0.0, 1.0, 0.0] [-0.999062, 0.0, -0.0432597] [-20966.8, 803.282, 35771.4]]
		unit_class:t = "fr_amx_30_roland"
		objLayer:i = 1
		closed_waypoints:b = false
		isShipSpline:b = false
		shipTurnRadius:r = 100
		weapons:t = ""
		bullets0:t = ""
		bullets1:t = ""
		bullets2:t = ""
		bullets3:t = ""
		bulletsCount0:i = 0
		bulletsCount1:i = 0
		bulletsCount2:i = 0
		bulletsCount3:i = 0
		crewSkillK:r = 0
		applyAllMods:b = false
		props {
			army:i = 2
			count:i = 1
			formation_type:t = "rows"
			formation_div:i = 3
			formation_step:p2 = 2.5, 2
			formation_noise:p2 = 0.1, 0.1
			uniqueName:t = ""
			attack_type:t = "fire_at_will"
		}
		way {

		}
	}
	tankModels {
		name:t = "t2_aaa_high_light_02"
		tm:m = [[0.0867984, 0.0, -0.996225] [0.0, 1.0, 0.0] [0.996225, 0.0, 0.0867984] [-21104.9, 817.268, 35587.4]]
		unit_class:t = "sw_veak_40"
		objLayer:i = 1
		closed_waypoints:b = false
		isShipSpline:b = false
		shipTurnRadius:r = 100
		weapons:t = ""
		bullets0:t = "40mm_sw_kan_HE"
		bullets1:t = ""
		bullets2:t = ""
		bullets3:t = ""
		bulletsCount0:i = 0
		bulletsCount1:i = 0
		bulletsCount2:i = 0
		bulletsCount3:i = 0
		crewSkillK:r = 0
		applyAllMods:b = false
		props {
			army:i = 2
			count:i = 1
			formation_type:t = "rows"
			formation_div:i = 3
			formation_step:p2 = 2.5, 2
			formation_noise:p2 = 0.1, 0.1
			uniqueName:t = ""
			attack_type:t = "fire_at_will"
		}
		way {

		}
	}
	tankModels {
		name:t = "t2_aaa_high_light_03"
		tm:m = [[-0.0432597, 0.0, 0.999062] [0.0, 1.0, 0.0] [-0.999062, 0.0, -0.0432597] [-19765.2, 821.11, 34515.2]]
		unit_class:t = "sw_veak_40"
		objLayer:i = 1
		closed_waypoints:b = false
		isShipSpline:b = false
		shipTurnRadius:r = 100
		weapons:t = ""
		bullets0:t = "40mm_sw_kan_HE"
		bullets1:t = ""
		bullets2:t = ""
		bullets3:t = ""
		bulletsCount0:i = 0
		bulletsCount1:i = 0
		bulletsCount2:i = 0
		bulletsCount3:i = 0
		crewSkillK:r = 0
		applyAllMods:b = false
		props {
			army:i = 2
			count:i = 1
			formation_type:t = "rows"
			formation_div:i = 3
			formation_step:p2 = 2.5, 2
			formation_noise:p2 = 0.1, 0.1
			uniqueName:t = ""
			attack_type:t = "fire_at_will"
		}
		way {

		}
	}
	tankModels {
		name:t = "t2_aaa_high_light_04"
		tm:m = [[0.258472, 0.0, -0.966017] [0.0, 1.0, 0.0] [0.966017, 0.0, 0.258472] [-21119.4, 820.695, 34887.0]]
		unit_class:t = "sw_veak_40"
		objLayer:i = 1
		closed_waypoints:b = false
		isShipSpline:b = false
		shipTurnRadius:r = 100
		weapons:t = ""
		bullets0:t = "40mm_sw_kan_HE"
		bullets1:t = ""
		bullets2:t = ""
		bullets3:t = ""
		bulletsCount0:i = 0
		bulletsCount1:i = 0
		bulletsCount2:i = 0
		bulletsCount3:i = 0
		crewSkillK:r = 0
		applyAllMods:b = false
		props {
			army:i = 2
			count:i = 1
			formation_type:t = "rows"
			formation_div:i = 3
			formation_step:p2 = 2.5, 2
			formation_noise:p2 = 0.1, 0.1
			uniqueName:t = ""
			attack_type:t = "fire_at_will"
		}
		way {

		}
	}
	tankModels {
		name:t = "t2_aaa_high_heavy_02"
		tm:m = [[0.0867984, 0.0, -0.996225] [0.0, 1.0, 0.0] [0.996225, 0.0, 0.0867984] [-19876.8, 821.466, 35623.2]]
		unit_class:t = "fr_amx_30_roland"
		objLayer:i = 1
		closed_waypoints:b = false
		isShipSpline:b = false
		shipTurnRadius:r = 100
		weapons:t = ""
		bullets0:t = ""
		bullets1:t = ""
		bullets2:t = ""
		bullets3:t = ""
		bulletsCount0:i = 0
		bulletsCount1:i = 0
		bulletsCount2:i = 0
		bulletsCount3:i = 0
		crewSkillK:r = 0
		applyAllMods:b = false
		props {
			army:i = 2
			count:i = 1
			formation_type:t = "rows"
			formation_div:i = 3
			formation_step:p2 = 2.5, 2
			formation_noise:p2 = 0.1, 0.1
			uniqueName:t = ""
			attack_type:t = "fire_at_will"
		}
		way {

		}
	}
	squad {
		name:t = "t2_def_aaa_high_squad"
		tm:m = [[0.62587, 0.0, -0.779928] [0.0, 1.0, 0.0] [0.779928, 0.0, 0.62587] [-54691.6, 231.493, -2242.21]]
		props {
			squad_members:t = "t2_aaa_high_light_01"
			squad_members:t = "t2_aaa_high_light_02"
			squad_members:t = "t2_aaa_high_light_03"
			squad_members:t = "t2_aaa_high_light_04"
			squad_members:t = "t2_aaa_high_heavy_01"
			squad_members:t = "t2_aaa_high_heavy_02"
			object_marking:i = 0
		}
	}
	tankModels {
		name:t = "t1_aaa_high_light_01"
		tm:m = [[0.0737664, 0.0, 0.997275] [0.0, 1.0, 0.0] [-0.997275, 0.0, 0.0737664] [-13734.8, 267.699, -20929.7]]
		unit_class:t = "sw_veak_40"
		objLayer:i = 1
		closed_waypoints:b = false
		isShipSpline:b = false
		shipTurnRadius:r = 100
		weapons:t = ""
		bullets0:t = "40mm_sw_kan_HE"
		bullets1:t = ""
		bullets2:t = ""
		bullets3:t = ""
		bulletsCount0:i = 0
		bulletsCount1:i = 0
		bulletsCount2:i = 0
		bulletsCount3:i = 0
		crewSkillK:r = 0
		applyAllMods:b = false
		props {
			army:i = 1
			count:i = 1
			formation_type:t = "rows"
			formation_div:i = 3
			formation_step:p2 = 2.5, 2
			formation_noise:p2 = 0.1, 0.1
			uniqueName:t = ""
			attack_type:t = "fire_at_will"
		}
		way {

		}
	}
	tankModels {
		name:t = "t1_aaa_high_heavy_01"
		tm:m = [[0.0737664, 0.0, 0.997275] [0.0, 1.0, 0.0] [-0.997275, 0.0, 0.0737664] [-13198.4, 268.511, -20670.7]]
		unit_class:t = "fr_amx_30_roland"
		objLayer:i = 1
		closed_waypoints:b = false
		isShipSpline:b = false
		shipTurnRadius:r = 100
		weapons:t = ""
		bullets0:t = ""
		bullets1:t = ""
		bullets2:t = ""
		bullets3:t = ""
		bulletsCount0:i = 0
		bulletsCount1:i = 0
		bulletsCount2:i = 0
		bulletsCount3:i = 0
		crewSkillK:r = 0
		applyAllMods:b = false
		props {
			army:i = 1
			count:i = 1
			formation_type:t = "rows"
			formation_div:i = 3
			formation_step:p2 = 2.5, 2
			formation_noise:p2 = 0.1, 0.1
			uniqueName:t = ""
			attack_type:t = "fire_at_will"
		}
		way {

		}
	}
	tankModels {
		name:t = "t1_aaa_high_light_02"
		tm:m = [[-0.117198, 0.0, -0.993106] [0.0, 1.0, 0.0] [0.993106, 0.0, -0.117198] [-13466.7, 268.634, -19850.5]]
		unit_class:t = "sw_veak_40"
		objLayer:i = 1
		closed_waypoints:b = false
		isShipSpline:b = false
		shipTurnRadius:r = 100
		weapons:t = ""
		bullets0:t = "40mm_sw_kan_HE"
		bullets1:t = ""
		bullets2:t = ""
		bullets3:t = ""
		bulletsCount0:i = 0
		bulletsCount1:i = 0
		bulletsCount2:i = 0
		bulletsCount3:i = 0
		crewSkillK:r = 0
		applyAllMods:b = false
		props {
			army:i = 1
			count:i = 1
			formation_type:t = "rows"
			formation_div:i = 3
			formation_step:p2 = 2.5, 2
			formation_noise:p2 = 0.1, 0.1
			uniqueName:t = ""
			attack_type:t = "fire_at_will"
		}
		way {

		}
	}
	tankModels {
		name:t = "t1_aaa_high_light_03"
		tm:m = [[0.0737664, 0.0, 0.997275] [0.0, 1.0, 0.0] [-0.997275, 0.0, 0.0737664] [-14342.0, 267.842, -19273.2]]
		unit_class:t = "sw_veak_40"
		objLayer:i = 1
		closed_waypoints:b = false
		isShipSpline:b = false
		shipTurnRadius:r = 100
		weapons:t = ""
		bullets0:t = "40mm_sw_kan_HE"
		bullets1:t = ""
		bullets2:t = ""
		bullets3:t = ""
		bulletsCount0:i = 0
		bulletsCount1:i = 0
		bulletsCount2:i = 0
		bulletsCount3:i = 0
		crewSkillK:r = 0
		applyAllMods:b = false
		props {
			army:i = 1
			count:i = 1
			formation_type:t = "rows"
			formation_div:i = 3
			formation_step:p2 = 2.5, 2
			formation_noise:p2 = 0.1, 0.1
			uniqueName:t = ""
			attack_type:t = "fire_at_will"
		}
		way {

		}
	}
	tankModels {
		name:t = "t1_aaa_high_light_04"
		tm:m = [[-0.0301936, 0.0, -0.999545] [0.0, 1.0, 0.0] [0.999545, 0.0, -0.0301936] [-13676.8, 269.077, -19165.2]]
		unit_class:t = "sw_veak_40"
		objLayer:i = 1
		closed_waypoints:b = false
		isShipSpline:b = false
		shipTurnRadius:r = 100
		weapons:t = ""
		bullets0:t = "40mm_sw_kan_HE"
		bullets1:t = ""
		bullets2:t = ""
		bullets3:t = ""
		bulletsCount0:i = 0
		bulletsCount1:i = 0
		bulletsCount2:i = 0
		bulletsCount3:i = 0
		crewSkillK:r = 0
		applyAllMods:b = false
		props {
			army:i = 1
			count:i = 1
			formation_type:t = "rows"
			formation_div:i = 3
			formation_step:p2 = 2.5, 2
			formation_noise:p2 = 0.1, 0.1
			uniqueName:t = ""
			attack_type:t = "fire_at_will"
		}
		way {

		}
	}
	tankModels {
		name:t = "t1_aaa_high_heavy_02"
		tm:m = [[-0.117198, 0.0, -0.993106] [0.0, 1.0, 0.0] [0.993106, 0.0, -0.117198] [-14073.9, 267.085, -20018.2]]
		unit_class:t = "fr_amx_30_roland"
		objLayer:i = 1
		closed_waypoints:b = false
		isShipSpline:b = false
		shipTurnRadius:r = 100
		weapons:t = ""
		bullets0:t = ""
		bullets1:t = ""
		bullets2:t = ""
		bullets3:t = ""
		bulletsCount0:i = 0
		bulletsCount1:i = 0
		bulletsCount2:i = 0
		bulletsCount3:i = 0
		crewSkillK:r = 0
		applyAllMods:b = false
		props {
			army:i = 1
			count:i = 1
			formation_type:t = "rows"
			formation_div:i = 3
			formation_step:p2 = 2.5, 2
			formation_noise:p2 = 0.1, 0.1
			uniqueName:t = ""
			attack_type:t = "fire_at_will"
		}
		way {

		}
	}
	squad {
		name:t = "t1_def_aaa_high_squad"
		tm:m = [[0.105623, 0.0, 0.994406] [0.0, 1.0, 0.0] [-0.994406, 0.0, 0.105623] [-7662.0, 554.407, -16319.5]]
		props {
			squad_members:t = "t1_aaa_high_light_01"
			squad_members:t = "t1_aaa_high_light_02"
			squad_members:t = "t1_aaa_high_light_03"
			squad_members:t = "t1_aaa_high_light_04"
			squad_members:t = "t1_aaa_high_heavy_01"
			squad_members:t = "t1_aaa_high_heavy_02"
			object_marking:i = 0
		}
	}
}
areas {
	t2_interceptor_area_high {
		type:t = "Sphere"
		tm:m = [[5990.63, 0.0, -335.356] [0.0, 6000.0, 0.0] [335.356, 0.0, 5990.63] [-20409.1, 3000.0, 35435.6]]
		props {

		}
	}
	t2_assault_high_spawn {
		type:t = "Sphere"
		tm:m = [[-29.8164, 0.0, -298.515] [0.0, 300.0, 0.0] [298.515, 0.0, -29.8164] [-20688.0, 2000.0, 30443.8]]
		props {

		}
	}
	t2_aaa_fighter_area_high {
		type:t = "Sphere"
		tm:m = [[3993.77, 0.0, -223.569] [0.0, 4000.0, 0.0] [223.569, 0.0, 3993.77] [-20409.2, 4000.0, 35435.5]]
		props {

		}
	}
	t2_assault_area_high {
		type:t = "Sphere"
		tm:m = [[9984.38, 0.0, -558.925] [0.0, 10000.0, 0.0] [558.925, 0.0, 9984.38] [-20409.2, 2000.0, 35435.5]]
		props {

		}
	}
	t2_interceptor_high_spawn {
		type:t = "Sphere"
		tm:m = [[-29.8164, 0.0, -298.515] [0.0, 300.0, 0.0] [298.515, 0.0, -29.8164] [-20242.7, 2000.0, 38411.9]]
		props {

		}
	}
	t2_aaa_fighter_high_spawn {
		type:t = "Sphere"
		tm:m = [[-29.8164, 0.0, -298.515] [0.0, 300.0, 0.0] [298.515, 0.0, -29.8164] [-20297.9, 3000.0, 37425.5]]
		props {

		}
	}
	t2_far_bomber_high_spawn {
		type:t = "Sphere"
		tm:m = [[-29.8164, 0.0, -298.515] [0.0, 300.0, 0.0] [298.515, 0.0, -29.8164] [-20520.9, 5500.0, 33439.7]]
		props {

		}
	}
	t2_main_bomber_high_spawn {
		type:t = "Sphere"
		tm:m = [[-29.8164, 0.0, -298.515] [0.0, 300.0, 0.0] [298.515, 0.0, -29.8164] [-20548.9, 4500.0, 32939.8]]
		props {

		}
	}
	t2_far_bomber_area_high {
		type:t = "Sphere"
		tm:m = [[3993.77, 0.0, -223.569] [0.0, 4000.0, 0.0] [223.569, 0.0, 3993.77] [-20409.2, 5500.0, 35435.5]]
		props {

		}
	}
	t2_main_bomber_area_high {
		type:t = "Sphere"
		tm:m = [[4992.18, 0.0, -279.458] [0.0, 5000.0, 0.0] [279.458, 0.0, 4992.18] [-20409.2, 4500.0, 35435.5]]
		props {

		}
	}
	t1_interceptor_area_high {
		type:t = "Sphere"
		tm:m = [[-5805.97, 0.0, -1513.56] [0.0, 6000.0, 0.0] [1513.56, 0.0, -5805.97] [-13335.5, 3000.01, -19574.6]]
		props {

		}
	}
	t1_assault_high_spawn {
		type:t = "Sphere"
		tm:m = [[-62.9434, 0.0, 293.321] [0.0, 300.0, 0.0] [-293.321, 0.0, -62.9434] [-14596.8, 2000.0, -14735.3]]
		props {

		}
	}
	t1_aaa_fighter_area_high {
		type:t = "Sphere"
		tm:m = [[-3870.66, 0.0, -1009.06] [0.0, 4000.0, 0.0] [1009.06, 0.0, -3870.66] [-13335.5, 4000.0, -19574.6]]
		props {

		}
	}
	t1_assault_area_high {
		type:t = "Sphere"
		tm:m = [[-9676.58, 0.0, -2522.61] [0.0, 10000.0, 0.0] [2522.61, 0.0, -9676.58] [-13335.5, 2000.0, -19574.6]]
		props {

		}
	}
	t1_interceptor_high_spawn {
		type:t = "Sphere"
		tm:m = [[-62.9434, 0.0, 293.321] [0.0, 300.0, 0.0] [-293.321, 0.0, -62.9434] [-12583.2, 2000.0, -22458.9]]
		props {

		}
	}
	t1_aaa_fighter_high_spawn {
		type:t = "Sphere"
		tm:m = [[-62.9434, 0.0, 293.321] [0.0, 300.0, 0.0] [-293.321, 0.0, -62.9434] [-12832.4, 3000.0, -21503.1]]
		props {

		}
	}
	t1_far_bomber_high_spawn {
		type:t = "Sphere"
		tm:m = [[-62.9434, 0.0, 293.321] [0.0, 300.0, 0.0] [-293.321, 0.0, -62.9434] [-13839.5, 5500.01, -17640.0]]
		props {

		}
	}
	t1_main_bomber_high_spawn {
		type:t = "Sphere"
		tm:m = [[-62.9434, 0.0, 293.321] [0.0, 300.0, 0.0] [-293.321, 0.0, -62.9434] [-13965.8, 4500.0, -17155.5]]
		props {

		}
	}
	t1_far_bomber_area_high {
		type:t = "Sphere"
		tm:m = [[-3870.66, 0.0, -1009.06] [0.0, 4000.0, 0.0] [1009.06, 0.0, -3870.66] [-13335.5, 5500.0, -19574.6]]
		props {

		}
	}
	t1_main_bomber_area_high {
		type:t = "Sphere"
		tm:m = [[-4838.27, 0.0, -1261.31] [0.0, 5000.0, 0.0] [1261.31, 0.0, -4838.27] [-13335.5, 4500.0, -19574.6]]
		props {

		}
	}
	airfields_area_26km {
		type:t = "Sphere"
		tm:m = [[-51566.9, 0.0, -6697.37] [0.0, 52000.0, 0.0] [6697.37, 0.0, -51566.9] [-18377.3, 847.5, 7875.0]]
		objLayer:i = 3
		props {

		}
	}
	t1_common_fighters_high_spawn {
		type:t = "Sphere"
		tm:m = [[-62.9434, 0.0, 293.321] [0.0, 300.0, 0.0] [-293.321, 0.0, -62.9434] [-12583.2, 1500.01, -22458.9]]
		props {

		}
	}
	t2_common_fighters_high_spawn {
		type:t = "Sphere"
		tm:m = [[-29.8164, 0.0, -298.515] [0.0, 300.0, 0.0] [298.515, 0.0, -29.8164] [-20242.7, 1500.0, 38411.9]]
		props {

		}
	}
	mission_high_border {
		type:t = "Box"
		tm:m = [[58000.0, 0.0, -0.000272311] [0.0, 1000.0, 0.0] [0.000272311, 0.0, 58000.0] [-18377.3, 468.85, 7875.0]]
		objLayer:i = 4
		props {

		}
	}
	airfields_reload_high_area_20km {
		type:t = "Sphere"
		tm:m = [[-39666.8, 0.0, -5151.82] [0.0, 40000.0, 0.0] [5151.82, 0.0, -39666.8] [-18377.3, 847.5, 7875.0]]
		objLayer:i = 3
		props {

		}
	}
}
objLayers {
	layer {
		enabled:b = true
	}
	layer {
		enabled:b = true
	}
	layer {
		enabled:b = true
	}
	layer {
		enabled:b = true
	}
	layer {
		enabled:b = true
	}
}
wayPoints {

}