selected_tag:t = ""
bin_dump_file:t = ""
mission_settings {
	player {
		army:i = 1
	}
	player_teamB {
		army:i = 2
	}
	mission {
		type:t = "domination"
		level:t = "levels/air_kamchatka.bin"
		environment:t = "Day"
		weather:t = "hazy"
		allowedUnitTypes {
			isAirplanesAllowed:b = false
			isTanksAllowed:b = false
			isShipsAllowed:b = false
			isHelicoptersAllowed:b = false
		}
	}
}
imports {

}
triggers {
	isCategory:b = true
	is_enabled:b = true
}
mission_objectives {
	isCategory:b = true
	is_enabled:b = true
}
variables {

}
dialogs {

}
airfields {

}
effects {

}
units {
	objectGroups {
		name:t = "t1_airfield_top"
		tm:m = [[-0.0269466, 0.0, 0.999637] [0.0, 1.0, 0.0] [-0.999637, 0.0, -0.0269466] [48334.4, 8.38086, 47947.7]]
		unit_class:t = "dynaf_pg_1line_3000_green"
		objLayer:i = 2
		props {
			army:i = 1
			active:b = true
		}
	}
	objectGroups {
		name:t = "t2_airfield_top"
		tm:m = [[-0.0888444, 0.0, -0.996046] [0.0, 1.0, 0.0] [0.996046, 0.0, -0.0888444] [50771.3, 358.028, -48069.7]]
		unit_class:t = "dynaf_pg_1line_3000_green"
		objLayer:i = 2
		props {
			army:i = 2
			active:b = true
		}
	}
	tankModels {
		name:t = "t1_aaa_top_light_01"
		tm:m = [[-0.993483, 0.0, -0.113968] [0.0, 1.0, 0.0] [0.113968, 0.0, -0.993483] [49040.3, 116.544, 46672.3]]
		unit_class:t = "ussr_zsu_23_4"
		objLayer:i = 1
		closed_waypoints:b = false
		isShipSpline:b = false
		shipTurnRadius:r = 100
		weapons:t = ""
		bullets0:t = ""
		bullets1:t = ""
		bullets2:t = ""
		bullets3:t = ""
		bulletsCount0:i = 0
		bulletsCount1:i = 0
		bulletsCount2:i = 0
		bulletsCount3:i = 0
		crewSkillK:r = 0
		applyAllMods:b = false
		props {
			army:i = 1
			count:i = 1
			formation_type:t = "rows"
			formation_div:i = 3
			formation_step:p2 = 2.5, 2
			formation_noise:p2 = 0.1, 0.1
			uniqueName:t = ""
			attack_type:t = "fire_at_will"
		}
		way {

		}
	}
	tankModels {
		name:t = "t1_aaa_top_light_02"
		tm:m = [[-0.993483, 0.0, -0.113968] [0.0, 1.0, 0.0] [0.113968, 0.0, -0.993483] [47962.8, 126.042, 48048.2]]
		unit_class:t = "ussr_zsu_23_4"
		objLayer:i = 1
		closed_waypoints:b = false
		isShipSpline:b = false
		shipTurnRadius:r = 100
		weapons:t = ""
		bullets0:t = ""
		bullets1:t = ""
		bullets2:t = ""
		bullets3:t = ""
		bulletsCount0:i = 0
		bulletsCount1:i = 0
		bulletsCount2:i = 0
		bulletsCount3:i = 0
		crewSkillK:r = 0
		applyAllMods:b = false
		props {
			army:i = 1
			count:i = 1
			formation_type:t = "rows"
			formation_div:i = 3
			formation_step:p2 = 2.5, 2
			formation_noise:p2 = 0.1, 0.1
			uniqueName:t = ""
			attack_type:t = "fire_at_will"
		}
		way {

		}
	}
	tankModels {
		name:t = "t1_aaa_top_light_03"
		tm:m = [[-0.993483, 0.0, -0.113968] [0.0, 1.0, 0.0] [0.113968, 0.0, -0.993483] [47952.9, 173.792, 49024.6]]
		unit_class:t = "ussr_zsu_23_4"
		objLayer:i = 1
		closed_waypoints:b = false
		isShipSpline:b = false
		shipTurnRadius:r = 100
		weapons:t = ""
		bullets0:t = ""
		bullets1:t = ""
		bullets2:t = ""
		bullets3:t = ""
		bulletsCount0:i = 0
		bulletsCount1:i = 0
		bulletsCount2:i = 0
		bulletsCount3:i = 0
		crewSkillK:r = 0
		applyAllMods:b = false
		props {
			army:i = 1
			count:i = 1
			formation_type:t = "rows"
			formation_div:i = 3
			formation_step:p2 = 2.5, 2
			formation_noise:p2 = 0.1, 0.1
			uniqueName:t = ""
			attack_type:t = "fire_at_will"
		}
		way {

		}
	}
	tankModels {
		name:t = "t1_aaa_top_light_04"
		tm:m = [[-0.993483, 0.0, -0.113968] [0.0, 1.0, 0.0] [0.113968, 0.0, -0.993483] [49052.0, 198.992, 49484.3]]
		unit_class:t = "ussr_zsu_23_4"
		objLayer:i = 1
		closed_waypoints:b = false
		isShipSpline:b = false
		shipTurnRadius:r = 100
		weapons:t = ""
		bullets0:t = ""
		bullets1:t = ""
		bullets2:t = ""
		bullets3:t = ""
		bulletsCount0:i = 0
		bulletsCount1:i = 0
		bulletsCount2:i = 0
		bulletsCount3:i = 0
		crewSkillK:r = 0
		applyAllMods:b = false
		props {
			army:i = 1
			count:i = 1
			formation_type:t = "rows"
			formation_div:i = 3
			formation_step:p2 = 2.5, 2
			formation_noise:p2 = 0.1, 0.1
			uniqueName:t = ""
			attack_type:t = "fire_at_will"
		}
		way {

		}
	}
	tankModels {
		name:t = "t1_aaa_top_heavy_01"
		tm:m = [[-0.993483, 0.0, -0.113968] [0.0, 1.0, 0.0] [0.113968, 0.0, -0.993483] [47981.3, 103.141, 46505.5]]
		unit_class:t = "ussr_9a35_m2"
		objLayer:i = 1
		closed_waypoints:b = false
		isShipSpline:b = false
		shipTurnRadius:r = 100
		weapons:t = ""
		bullets0:t = ""
		bullets1:t = ""
		bullets2:t = ""
		bullets3:t = ""
		bulletsCount0:i = 0
		bulletsCount1:i = 0
		bulletsCount2:i = 0
		bulletsCount3:i = 0
		crewSkillK:r = 0
		applyAllMods:b = false
		props {
			army:i = 1
			count:i = 1
			formation_type:t = "rows"
			formation_div:i = 3
			formation_step:p2 = 2.5, 2
			formation_noise:p2 = 0.1, 0.1
			uniqueName:t = ""
			attack_type:t = "fire_at_will"
		}
		way {

		}
	}
	tankModels {
		name:t = "t1_aaa_top_heavy_02"
		tm:m = [[-0.993483, 0.0, -0.113968] [0.0, 1.0, 0.0] [0.113968, 0.0, -0.993483] [49237.2, 151.042, 47708.5]]
		unit_class:t = "ussr_9a35_m2"
		objLayer:i = 1
		closed_waypoints:b = false
		isShipSpline:b = false
		shipTurnRadius:r = 100
		weapons:t = ""
		bullets0:t = ""
		bullets1:t = ""
		bullets2:t = ""
		bullets3:t = ""
		bulletsCount0:i = 0
		bulletsCount1:i = 0
		bulletsCount2:i = 0
		bulletsCount3:i = 0
		crewSkillK:r = 0
		applyAllMods:b = false
		props {
			army:i = 1
			count:i = 1
			formation_type:t = "rows"
			formation_div:i = 3
			formation_step:p2 = 2.5, 2
			formation_noise:p2 = 0.1, 0.1
			uniqueName:t = ""
			attack_type:t = "fire_at_will"
		}
		way {

		}
	}
	squad {
		name:t = "t1_def_aaa_top_squad"
		tm:m = [[-0.993483, 0.0, -0.113968] [0.0, 1.0, 0.0] [0.113968, 0.0, -0.993483] [46767.0, 283.331, 48703.3]]
		props {
			squad_members:t = "t1_aaa_top_light_01"
			squad_members:t = "t1_aaa_top_light_02"
			squad_members:t = "t1_aaa_top_light_03"
			squad_members:t = "t1_aaa_top_light_04"
			squad_members:t = "t1_aaa_top_light_05"
			squad_members:t = "t1_aaa_top_light_06"
			squad_members:t = "t1_aaa_top_light_07"
			squad_members:t = "t1_aaa_top_light_08"
			squad_members:t = "t1_aaa_top_heavy_01"
			squad_members:t = "t1_aaa_top_heavy_02"
			squad_members:t = "t1_aaa_top_heavy_03"
			squad_members:t = "t1_aaa_top_heavy_04"
			squad_members:t = "t1_aaa_top_heavy_05"
		}
	}
	tankModels {
		name:t = "t2_aaa_top_light_01"
		tm:m = [[-0.953204, 0.0, 0.302326] [0.0, 1.0, 0.0] [-0.302326, 0.0, -0.953204] [49908.5, 423.281, -49375.1]]
		unit_class:t = "ussr_zsu_23_4"
		objLayer:i = 1
		closed_waypoints:b = false
		isShipSpline:b = false
		shipTurnRadius:r = 100
		weapons:t = ""
		bullets0:t = ""
		bullets1:t = ""
		bullets2:t = ""
		bullets3:t = ""
		bulletsCount0:i = 0
		bulletsCount1:i = 0
		bulletsCount2:i = 0
		bulletsCount3:i = 0
		crewSkillK:r = 0
		applyAllMods:b = false
		props {
			army:i = 2
			count:i = 1
			formation_type:t = "rows"
			formation_div:i = 3
			formation_step:p2 = 2.5, 2
			formation_noise:p2 = 0.1, 0.1
			uniqueName:t = ""
			attack_type:t = "fire_at_will"
		}
		way {

		}
	}
	tankModels {
		name:t = "t2_aaa_top_light_02"
		tm:m = [[-0.953204, 0.0, 0.302326] [0.0, 1.0, 0.0] [-0.302326, 0.0, -0.953204] [51441.4, 423.281, -47900.9]]
		unit_class:t = "ussr_zsu_23_4"
		objLayer:i = 1
		closed_waypoints:b = false
		isShipSpline:b = false
		shipTurnRadius:r = 100
		weapons:t = ""
		bullets0:t = ""
		bullets1:t = ""
		bullets2:t = ""
		bullets3:t = ""
		bulletsCount0:i = 0
		bulletsCount1:i = 0
		bulletsCount2:i = 0
		bulletsCount3:i = 0
		crewSkillK:r = 0
		applyAllMods:b = false
		props {
			army:i = 2
			count:i = 1
			formation_type:t = "rows"
			formation_div:i = 3
			formation_step:p2 = 2.5, 2
			formation_noise:p2 = 0.1, 0.1
			uniqueName:t = ""
			attack_type:t = "fire_at_will"
		}
		way {

		}
	}
	tankModels {
		name:t = "t2_aaa_top_light_03"
		tm:m = [[-0.953204, 0.0, 0.302326] [0.0, 1.0, 0.0] [-0.302326, 0.0, -0.953204] [51142.7, 423.284, -49884.1]]
		unit_class:t = "ussr_zsu_23_4"
		objLayer:i = 1
		closed_waypoints:b = false
		isShipSpline:b = false
		shipTurnRadius:r = 100
		weapons:t = ""
		bullets0:t = ""
		bullets1:t = ""
		bullets2:t = ""
		bullets3:t = ""
		bulletsCount0:i = 0
		bulletsCount1:i = 0
		bulletsCount2:i = 0
		bulletsCount3:i = 0
		crewSkillK:r = 0
		applyAllMods:b = false
		props {
			army:i = 2
			count:i = 1
			formation_type:t = "rows"
			formation_div:i = 3
			formation_step:p2 = 2.5, 2
			formation_noise:p2 = 0.1, 0.1
			uniqueName:t = ""
			attack_type:t = "fire_at_will"
		}
		way {

		}
	}
	tankModels {
		name:t = "t2_aaa_top_light_04"
		tm:m = [[-0.953204, 0.0, 0.302326] [0.0, 1.0, 0.0] [-0.302326, 0.0, -0.953204] [50055.7, 423.281, -47199.8]]
		unit_class:t = "ussr_zsu_23_4"
		objLayer:i = 1
		closed_waypoints:b = false
		isShipSpline:b = false
		shipTurnRadius:r = 100
		weapons:t = ""
		bullets0:t = ""
		bullets1:t = ""
		bullets2:t = ""
		bullets3:t = ""
		bulletsCount0:i = 0
		bulletsCount1:i = 0
		bulletsCount2:i = 0
		bulletsCount3:i = 0
		crewSkillK:r = 0
		applyAllMods:b = false
		props {
			army:i = 2
			count:i = 1
			formation_type:t = "rows"
			formation_div:i = 3
			formation_step:p2 = 2.5, 2
			formation_noise:p2 = 0.1, 0.1
			uniqueName:t = ""
			attack_type:t = "fire_at_will"
		}
		way {

		}
	}
	tankModels {
		name:t = "t2_aaa_top_heavy_01"
		tm:m = [[-0.953204, 0.0, 0.302326] [0.0, 1.0, 0.0] [-0.302326, 0.0, -0.953204] [51458.9, 423.281, -47130.8]]
		unit_class:t = "ussr_9a35_m2"
		objLayer:i = 1
		closed_waypoints:b = false
		isShipSpline:b = false
		shipTurnRadius:r = 100
		weapons:t = ""
		bullets0:t = ""
		bullets1:t = ""
		bullets2:t = ""
		bullets3:t = ""
		bulletsCount0:i = 0
		bulletsCount1:i = 0
		bulletsCount2:i = 0
		bulletsCount3:i = 0
		crewSkillK:r = 0
		applyAllMods:b = false
		props {
			army:i = 2
			count:i = 1
			formation_type:t = "rows"
			formation_div:i = 3
			formation_step:p2 = 2.5, 2
			formation_noise:p2 = 0.1, 0.1
			uniqueName:t = ""
			attack_type:t = "fire_at_will"
		}
		way {

		}
	}
	tankModels {
		name:t = "t2_aaa_top_heavy_02"
		tm:m = [[-0.953204, 0.0, 0.302326] [0.0, 1.0, 0.0] [-0.302326, 0.0, -0.953204] [49817.6, 423.281, -48222.7]]
		unit_class:t = "ussr_9a35_m2"
		objLayer:i = 1
		closed_waypoints:b = false
		isShipSpline:b = false
		shipTurnRadius:r = 100
		weapons:t = ""
		bullets0:t = ""
		bullets1:t = ""
		bullets2:t = ""
		bullets3:t = ""
		bulletsCount0:i = 0
		bulletsCount1:i = 0
		bulletsCount2:i = 0
		bulletsCount3:i = 0
		crewSkillK:r = 0
		applyAllMods:b = false
		props {
			army:i = 2
			count:i = 1
			formation_type:t = "rows"
			formation_div:i = 3
			formation_step:p2 = 2.5, 2
			formation_noise:p2 = 0.1, 0.1
			uniqueName:t = ""
			attack_type:t = "fire_at_will"
		}
		way {

		}
	}
	squad {
		name:t = "t2_def_aaa_top_squad"
		tm:m = [[-0.865205, 0.0, -0.501419] [0.0, 1.0, 0.0] [0.501419, 0.0, -0.865205] [46005.5, 986.107, -47295.7]]
		props {
			squad_members:t = "t2_aaa_top_light_01"
			squad_members:t = "t2_aaa_top_light_02"
			squad_members:t = "t2_aaa_top_light_03"
			squad_members:t = "t2_aaa_top_light_04"
			squad_members:t = "t2_aaa_top_light_05"
			squad_members:t = "t2_aaa_top_light_06"
			squad_members:t = "t2_aaa_top_light_07"
			squad_members:t = "t2_aaa_top_light_08"
			squad_members:t = "t2_aaa_top_heavy_01"
			squad_members:t = "t2_aaa_top_heavy_02"
			squad_members:t = "t2_aaa_top_heavy_03"
			squad_members:t = "t2_aaa_top_heavy_04"
			squad_members:t = "t2_aaa_top_heavy_05"
			object_marking:i = 0
		}
	}
	tankModels {
		name:t = "t1_aaa_top_light_05"
		tm:m = [[-0.993483, 0.0, -0.113968] [0.0, 1.0, 0.0] [0.113968, 0.0, -0.993483] [48673.0, 1141.99, 50794.4]]
		unit_class:t = "ussr_zsu_23_4"
		objLayer:i = 1
		closed_waypoints:b = false
		isShipSpline:b = false
		shipTurnRadius:r = 100
		weapons:t = ""
		bullets0:t = ""
		bullets1:t = ""
		bullets2:t = ""
		bullets3:t = ""
		bulletsCount0:i = 0
		bulletsCount1:i = 0
		bulletsCount2:i = 0
		bulletsCount3:i = 0
		crewSkillK:r = 0
		applyAllMods:b = false
		props {
			army:i = 1
			count:i = 1
			formation_type:t = "rows"
			formation_div:i = 3
			formation_step:p2 = 2.5, 2
			formation_noise:p2 = 0.1, 0.1
			uniqueName:t = ""
			attack_type:t = "fire_at_will"
		}
		way {

		}
	}
	tankModels {
		name:t = "t1_aaa_top_light_06"
		tm:m = [[-0.407681, 0.0, -0.913122] [0.0, 1.0, 0.0] [0.913122, 0.0, -0.407681] [47062.9, 875.04, 51124.6]]
		unit_class:t = "ussr_zsu_23_4"
		objLayer:i = 1
		closed_waypoints:b = false
		isShipSpline:b = false
		shipTurnRadius:r = 100
		weapons:t = ""
		bullets0:t = ""
		bullets1:t = ""
		bullets2:t = ""
		bullets3:t = ""
		bulletsCount0:i = 0
		bulletsCount1:i = 0
		bulletsCount2:i = 0
		bulletsCount3:i = 0
		crewSkillK:r = 0
		applyAllMods:b = false
		props {
			army:i = 1
			count:i = 1
			formation_type:t = "rows"
			formation_div:i = 3
			formation_step:p2 = 2.5, 2
			formation_noise:p2 = 0.1, 0.1
			uniqueName:t = ""
			attack_type:t = "fire_at_will"
		}
		way {

		}
	}
	tankModels {
		name:t = "t1_aaa_top_light_07"
		tm:m = [[-0.407681, 0.0, -0.913122] [0.0, 1.0, 0.0] [0.913122, 0.0, -0.407681] [47066.1, 875.04, 47965.1]]
		unit_class:t = "ussr_zsu_23_4"
		objLayer:i = 1
		closed_waypoints:b = false
		isShipSpline:b = false
		shipTurnRadius:r = 100
		weapons:t = ""
		bullets0:t = ""
		bullets1:t = ""
		bullets2:t = ""
		bullets3:t = ""
		bulletsCount0:i = 0
		bulletsCount1:i = 0
		bulletsCount2:i = 0
		bulletsCount3:i = 0
		crewSkillK:r = 0
		applyAllMods:b = false
		props {
			army:i = 1
			count:i = 1
			formation_type:t = "rows"
			formation_div:i = 3
			formation_step:p2 = 2.5, 2
			formation_noise:p2 = 0.1, 0.1
			uniqueName:t = ""
			attack_type:t = "fire_at_will"
		}
		way {

		}
	}
	tankModels {
		name:t = "t1_aaa_top_light_08"
		tm:m = [[-0.993483, 0.0, -0.113968] [0.0, 1.0, 0.0] [0.113968, 0.0, -0.993483] [49860.6, 1141.99, 50860.5]]
		unit_class:t = "ussr_zsu_23_4"
		objLayer:i = 1
		closed_waypoints:b = false
		isShipSpline:b = false
		shipTurnRadius:r = 100
		weapons:t = ""
		bullets0:t = ""
		bullets1:t = ""
		bullets2:t = ""
		bullets3:t = ""
		bulletsCount0:i = 0
		bulletsCount1:i = 0
		bulletsCount2:i = 0
		bulletsCount3:i = 0
		crewSkillK:r = 0
		applyAllMods:b = false
		props {
			army:i = 1
			count:i = 1
			formation_type:t = "rows"
			formation_div:i = 3
			formation_step:p2 = 2.5, 2
			formation_noise:p2 = 0.1, 0.1
			uniqueName:t = ""
			attack_type:t = "fire_at_will"
		}
		way {

		}
	}
	tankModels {
		name:t = "t2_aaa_top_light_05"
		tm:m = [[-0.953204, 0.0, 0.302326] [0.0, 1.0, 0.0] [-0.302326, 0.0, -0.953204] [48809.4, 383.428, -48206.9]]
		unit_class:t = "ussr_zsu_23_4"
		objLayer:i = 1
		closed_waypoints:b = false
		isShipSpline:b = false
		shipTurnRadius:r = 100
		weapons:t = ""
		bullets0:t = ""
		bullets1:t = ""
		bullets2:t = ""
		bullets3:t = ""
		bulletsCount0:i = 0
		bulletsCount1:i = 0
		bulletsCount2:i = 0
		bulletsCount3:i = 0
		crewSkillK:r = 0
		applyAllMods:b = false
		props {
			army:i = 2
			count:i = 1
			formation_type:t = "rows"
			formation_div:i = 3
			formation_step:p2 = 2.5, 2
			formation_noise:p2 = 0.1, 0.1
			uniqueName:t = ""
			attack_type:t = "fire_at_will"
		}
		way {

		}
	}
	tankModels {
		name:t = "t2_aaa_top_light_06"
		tm:m = [[-0.953204, 0.0, 0.302326] [0.0, 1.0, 0.0] [-0.302326, 0.0, -0.953204] [49597.2, 351.133, -50174.7]]
		unit_class:t = "ussr_zsu_23_4"
		objLayer:i = 1
		closed_waypoints:b = false
		isShipSpline:b = false
		shipTurnRadius:r = 100
		weapons:t = ""
		bullets0:t = ""
		bullets1:t = ""
		bullets2:t = ""
		bullets3:t = ""
		bulletsCount0:i = 0
		bulletsCount1:i = 0
		bulletsCount2:i = 0
		bulletsCount3:i = 0
		crewSkillK:r = 0
		applyAllMods:b = false
		props {
			army:i = 2
			count:i = 1
			formation_type:t = "rows"
			formation_div:i = 3
			formation_step:p2 = 2.5, 2
			formation_noise:p2 = 0.1, 0.1
			uniqueName:t = ""
			attack_type:t = "fire_at_will"
		}
		way {

		}
	}
	tankModels {
		name:t = "t2_aaa_top_light_07"
		tm:m = [[-0.953204, 0.0, 0.302326] [0.0, 1.0, 0.0] [-0.302326, 0.0, -0.953204] [50825.9, 322.806, -50723.4]]
		unit_class:t = "ussr_zsu_23_4"
		objLayer:i = 1
		closed_waypoints:b = false
		isShipSpline:b = false
		shipTurnRadius:r = 100
		weapons:t = ""
		bullets0:t = ""
		bullets1:t = ""
		bullets2:t = ""
		bullets3:t = ""
		bulletsCount0:i = 0
		bulletsCount1:i = 0
		bulletsCount2:i = 0
		bulletsCount3:i = 0
		crewSkillK:r = 0
		applyAllMods:b = false
		props {
			army:i = 2
			count:i = 1
			formation_type:t = "rows"
			formation_div:i = 3
			formation_step:p2 = 2.5, 2
			formation_noise:p2 = 0.1, 0.1
			uniqueName:t = ""
			attack_type:t = "fire_at_will"
		}
		way {

		}
	}
	tankModels {
		name:t = "t2_aaa_top_light_08"
		tm:m = [[-0.953204, 0.0, 0.302326] [0.0, 1.0, 0.0] [-0.302326, 0.0, -0.953204] [52307.9, 301.018, -48481.4]]
		unit_class:t = "ussr_zsu_23_4"
		objLayer:i = 1
		closed_waypoints:b = false
		isShipSpline:b = false
		shipTurnRadius:r = 100
		weapons:t = ""
		bullets0:t = ""
		bullets1:t = ""
		bullets2:t = ""
		bullets3:t = ""
		bulletsCount0:i = 0
		bulletsCount1:i = 0
		bulletsCount2:i = 0
		bulletsCount3:i = 0
		crewSkillK:r = 0
		applyAllMods:b = false
		props {
			army:i = 2
			count:i = 1
			formation_type:t = "rows"
			formation_div:i = 3
			formation_step:p2 = 2.5, 2
			formation_noise:p2 = 0.1, 0.1
			uniqueName:t = ""
			attack_type:t = "fire_at_will"
		}
		way {

		}
	}
	tankModels {
		name:t = "t1_aaa_top_heavy_03"
		tm:m = [[0.855181, 0.0, -0.518326] [0.0, 1.0, 0.0] [0.518326, 0.0, 0.855181] [51175.1, 297.019, 14821.9]]
		unit_class:t = "fr_crotale_ng"
		objLayer:i = 1
		closed_waypoints:b = false
		isShipSpline:b = false
		shipTurnRadius:r = 100
		weapons:t = ""
		bullets0:t = ""
		bullets1:t = ""
		bullets2:t = ""
		bullets3:t = ""
		bulletsCount0:i = 0
		bulletsCount1:i = 0
		bulletsCount2:i = 0
		bulletsCount3:i = 0
		crewSkillK:r = 0
		applyAllMods:b = false
		props {
			army:i = 1
			count:i = 1
			formation_type:t = "rows"
			formation_div:i = 3
			formation_step:p2 = 2.5, 2
			formation_noise:p2 = 0.1, 0.1
			uniqueName:t = ""
			attack_type:t = "fire_at_will"
		}
		way {

		}
	}
	tankModels {
		name:t = "t1_aaa_top_heavy_04"
		tm:m = [[0.855181, 0.0, -0.518326] [0.0, 1.0, 0.0] [0.518326, 0.0, 0.855181] [50753.4, 297.019, 14868.3]]
		unit_class:t = "fr_crotale_ng"
		objLayer:i = 1
		closed_waypoints:b = false
		isShipSpline:b = false
		shipTurnRadius:r = 100
		weapons:t = ""
		bullets0:t = ""
		bullets1:t = ""
		bullets2:t = ""
		bullets3:t = ""
		bulletsCount0:i = 0
		bulletsCount1:i = 0
		bulletsCount2:i = 0
		bulletsCount3:i = 0
		crewSkillK:r = 0
		applyAllMods:b = false
		props {
			army:i = 1
			count:i = 1
			formation_type:t = "rows"
			formation_div:i = 3
			formation_step:p2 = 2.5, 2
			formation_noise:p2 = 0.1, 0.1
			uniqueName:t = ""
			attack_type:t = "fire_at_will"
		}
		way {

		}
	}
	tankModels {
		name:t = "t1_aaa_top_heavy_05"
		tm:m = [[0.855181, 0.0, -0.518326] [0.0, 1.0, 0.0] [0.518326, 0.0, 0.855181] [50337.8, 297.019, 15081.9]]
		unit_class:t = "fr_crotale_ng"
		objLayer:i = 1
		closed_waypoints:b = false
		isShipSpline:b = false
		shipTurnRadius:r = 100
		weapons:t = ""
		bullets0:t = ""
		bullets1:t = ""
		bullets2:t = ""
		bullets3:t = ""
		bulletsCount0:i = 0
		bulletsCount1:i = 0
		bulletsCount2:i = 0
		bulletsCount3:i = 0
		crewSkillK:r = 0
		applyAllMods:b = false
		props {
			army:i = 1
			count:i = 1
			formation_type:t = "rows"
			formation_div:i = 3
			formation_step:p2 = 2.5, 2
			formation_noise:p2 = 0.1, 0.1
			uniqueName:t = ""
			attack_type:t = "fire_at_will"
		}
		way {

		}
	}
	tankModels {
		name:t = "t2_aaa_top_heavy_03"
		tm:m = [[0.938698, 0.0, 0.344737] [0.0, 1.0, 0.0] [-0.344737, 0.0, 0.938698] [-35464.8, -493.535, -20633.5]]
		unit_class:t = "fr_crotale_ng"
		objLayer:i = 1
		closed_waypoints:b = false
		isShipSpline:b = false
		shipTurnRadius:r = 100
		weapons:t = ""
		bullets0:t = ""
		bullets1:t = ""
		bullets2:t = ""
		bullets3:t = ""
		bulletsCount0:i = 0
		bulletsCount1:i = 0
		bulletsCount2:i = 0
		bulletsCount3:i = 0
		crewSkillK:r = 0
		applyAllMods:b = false
		props {
			army:i = 2
			count:i = 1
			formation_type:t = "rows"
			formation_div:i = 3
			formation_step:p2 = 2.5, 2
			formation_noise:p2 = 0.1, 0.1
			uniqueName:t = ""
			attack_type:t = "fire_at_will"
		}
		way {

		}
	}
	tankModels {
		name:t = "t2_aaa_top_heavy_04"
		tm:m = [[0.938698, 0.0, 0.344737] [0.0, 1.0, 0.0] [-0.344737, 0.0, 0.938698] [-37040.1, -493.535, -20479.7]]
		unit_class:t = "fr_crotale_ng"
		objLayer:i = 1
		closed_waypoints:b = false
		isShipSpline:b = false
		shipTurnRadius:r = 100
		weapons:t = ""
		bullets0:t = ""
		bullets1:t = ""
		bullets2:t = ""
		bullets3:t = ""
		bulletsCount0:i = 0
		bulletsCount1:i = 0
		bulletsCount2:i = 0
		bulletsCount3:i = 0
		crewSkillK:r = 0
		applyAllMods:b = false
		props {
			army:i = 2
			count:i = 1
			formation_type:t = "rows"
			formation_div:i = 3
			formation_step:p2 = 2.5, 2
			formation_noise:p2 = 0.1, 0.1
			uniqueName:t = ""
			attack_type:t = "fire_at_will"
		}
		way {

		}
	}
	tankModels {
		name:t = "t2_aaa_top_heavy_05"
		tm:m = [[0.938698, 0.0, 0.344737] [0.0, 1.0, 0.0] [-0.344737, 0.0, 0.938698] [-35557.7, -493.534, -23709.6]]
		unit_class:t = "fr_crotale_ng"
		objLayer:i = 1
		closed_waypoints:b = false
		isShipSpline:b = false
		shipTurnRadius:r = 100
		weapons:t = ""
		bullets0:t = ""
		bullets1:t = ""
		bullets2:t = ""
		bullets3:t = ""
		bulletsCount0:i = 0
		bulletsCount1:i = 0
		bulletsCount2:i = 0
		bulletsCount3:i = 0
		crewSkillK:r = 0
		applyAllMods:b = false
		props {
			army:i = 2
			count:i = 1
			formation_type:t = "rows"
			formation_div:i = 3
			formation_step:p2 = 2.5, 2
			formation_noise:p2 = 0.1, 0.1
			uniqueName:t = ""
			attack_type:t = "fire_at_will"
		}
		way {

		}
	}
}
areas {
	airfields_area_46_km {
		type:t = "Sphere"
		tm:m = [[-92000.0, 0.0, -0.00585938] [0.0, 92000.0, 0.0] [0.00585938, 0.0, -92000.0] [54430.8, 1165.72, 0.0]]
		objLayer:i = 3
		props {

		}
	}
	t2_interceptor_area_top {
		type:t = "Sphere"
		tm:m = [[-5964.59, 0.0, 650.857] [0.0, 6000.0, 0.0] [-650.857, 0.0, -5964.59] [50914.6, 3000.0, -47757.9]]
		props {

		}
	}
	t2_assault_top_spawn {
		type:t = "Sphere"
		tm:m = [[45.5195, 0.0, 296.527] [0.0, 300.0, 0.0] [-296.527, 0.0, 45.5195] [51456.2, 2000.0, -42787.8]]
		props {

		}
	}
	t2_aaa_fighter_area_top {
		type:t = "Sphere"
		tm:m = [[-3976.41, 0.0, 433.91] [0.0, 4000.0, 0.0] [-433.91, 0.0, -3976.41] [50914.6, 4000.0, -47758.0]]
		props {

		}
	}
	t2_assault_area_top {
		type:t = "Sphere"
		tm:m = [[-9941.0, 0.0, 1084.76] [0.0, 10000.0, 0.0] [-1084.76, 0.0, -9941.0] [50914.4, 2000.0, -47757.9]]
		props {

		}
	}
	t2_interceptor_top_spawn {
		type:t = "Sphere"
		tm:m = [[45.5195, 0.0, 296.527] [0.0, 300.0, 0.0] [-296.527, 0.0, 45.5195] [50591.3, 2000.0, -50721.4]]
		props {

		}
	}
	t2_aaa_fighter_top_spawn {
		type:t = "Sphere"
		tm:m = [[45.5195, 0.0, 296.527] [0.0, 300.0, 0.0] [-296.527, 0.0, 45.5195] [50698.5, 3000.0, -49739.2]]
		props {

		}
	}
	t2_far_bomber_top_spawn {
		type:t = "Sphere"
		tm:m = [[45.5195, 0.0, 296.527] [0.0, 300.0, 0.0] [-296.527, 0.0, 45.5195] [51131.5, 5500.0, -45770.8]]
		props {

		}
	}
	t2_main_bomber_top_spawn {
		type:t = "Sphere"
		tm:m = [[45.5195, 0.0, 296.527] [0.0, 300.0, 0.0] [-296.527, 0.0, 45.5195] [51185.7, 4500.0, -45273.1]]
		props {

		}
	}
	t2_far_bomber_area_top {
		type:t = "Sphere"
		tm:m = [[-3976.41, 0.0, 433.91] [0.0, 4000.0, 0.0] [-433.91, 0.0, -3976.41] [50914.6, 5500.0, -47758.0]]
		props {

		}
	}
	t2_main_bomber_area_top {
		type:t = "Sphere"
		tm:m = [[-4970.49, 0.0, 542.378] [0.0, 5000.0, 0.0] [-542.378, 0.0, -4970.49] [50914.6, 4500.0, -47758.0]]
		props {

		}
	}
	t1_interceptor_area_top {
		type:t = "Sphere"
		tm:m = [[5952.58, 0.0, 753.08] [0.0, 6000.0, 0.0] [-753.08, 0.0, 5952.58] [48451.4, 3000.0, 47823.9]]
		props {

		}
	}
	t1_assault_top_spawn {
		type:t = "Sphere"
		tm:m = [[24.6365, 0.0, -298.986] [0.0, 300.0, 0.0] [298.986, 0.0, 24.6365] [49078.9, 1999.99, 42862.4]]
		props {

		}
	}
	t1_aaa_fighter_area_top {
		type:t = "Sphere"
		tm:m = [[3968.39, 0.0, 502.082] [0.0, 4000.0, 0.0] [-502.082, 0.0, 3968.39] [48451.4, 3999.99, 47823.9]]
		props {

		}
	}
	t1_assault_area_top {
		type:t = "Sphere"
		tm:m = [[9920.92, 0.0, 1255.16] [0.0, 10000.0, 0.0] [-1255.16, 0.0, 9920.92] [48451.5, 1999.99, 47823.8]]
		props {

		}
	}
	t1_interceptor_top_spawn {
		type:t = "Sphere"
		tm:m = [[24.6365, 0.0, -298.986] [0.0, 300.0, 0.0] [298.986, 0.0, 24.6365] [48076.9, 1999.99, 50781.0]]
		props {

		}
	}
	t1_aaa_fighter_top_spawn {
		type:t = "Sphere"
		tm:m = [[24.6365, 0.0, -298.986] [0.0, 300.0, 0.0] [298.986, 0.0, 24.6365] [48200.9, 2999.99, 49801.1]]
		props {

		}
	}
	t1_far_bomber_top_spawn {
		type:t = "Sphere"
		tm:m = [[24.6365, 0.0, -298.986] [0.0, 300.0, 0.0] [298.986, 0.0, 24.6365] [48702.0, 5500.0, 45840.5]]
		props {

		}
	}
	t1_main_bomber_top_spawn {
		type:t = "Sphere"
		tm:m = [[24.6365, 0.0, -298.986] [0.0, 300.0, 0.0] [298.986, 0.0, 24.6365] [48764.9, 4499.99, 45343.7]]
		props {

		}
	}
	t1_far_bomber_area_top {
		type:t = "Sphere"
		tm:m = [[3968.39, 0.0, 502.082] [0.0, 4000.0, 0.0] [-502.082, 0.0, 3968.39] [48451.4, 5499.99, 47823.9]]
		props {

		}
	}
	t1_main_bomber_area_top {
		type:t = "Sphere"
		tm:m = [[4960.43, 0.0, 627.581] [0.0, 5000.0, 0.0] [-627.581, 0.0, 4960.43] [48451.4, 4499.99, 47823.9]]
		props {

		}
	}
	t1_common_fighters_top_spawn {
		type:t = "Sphere"
		tm:m = [[24.6365, 0.0, -298.986] [0.0, 300.0, 0.0] [298.986, 0.0, 24.6365] [48076.9, 1500.0, 50781.0]]
		props {

		}
	}
	t2_common_fighters_top_spawn {
		type:t = "Sphere"
		tm:m = [[45.5195, 0.0, 296.527] [0.0, 300.0, 0.0] [-296.527, 0.0, 45.5195] [50591.3, 1500.0, -50721.4]]
		props {

		}
	}
}
objLayers {
	layer {
		enabled:b = true
	}
	layer {
		enabled:b = true
	}
	layer {
		enabled:b = true
	}
	layer {
		enabled:b = true
	}
}
wayPoints {

}