selected_tag:t = ""
bin_dump_file:t = ""
mission_settings {
	player {
		army:i = 1
	}
	player_teamB {
		army:i = 2
	}
	mission {
		type:t = "domination"
		level:t = "levels/air_kamchatka.bin"
		environment:t = "Day"
		weather:t = "hazy"
	}
}
imports {

}
triggers {
	isCategory:b = true
	is_enabled:b = true
}
mission_objectives {
	isCategory:b = true
	is_enabled:b = true
}
variables {

}
dialogs {

}
airfields {

}
effects {

}
units {
	objectGroups {
		name:t = "t1_airfield_low"
		tm:m = [[-0.191483, 0.0, 0.981496] [0.0, 1.0, 0.0] [-0.981496, 0.0, -0.191483] [49894.8, 106.926, 13592.5]]
		unit_class:t = "dynaf_pg_1line_ground"
		objLayer:i = 2
		props {
			army:i = 1
			active:b = true
		}
	}
	objectGroups {
		name:t = "t2_airfield_low"
		tm:m = [[-0.46543, 0.0, -0.885085] [0.0, 1.0, 0.0] [0.885085, 0.0, -0.46543] [45126.8, 328.307, -11477.8]]
		unit_class:t = "dynaf_pg_1line_ground"
		objLayer:i = 2
		props {
			army:i = 2
			active:b = true
		}
	}
	air_defence {
		name:t = "t1_aaa_low_light_01"
		tm:m = [[-0.961072, 0.0, -0.276297] [0.0, 1.0, 0.0] [0.276297, 0.0, -0.961072] [50402.0, 152.273, 12725.3]]
		unit_class:t = "germ_20mm_flak38_airfield"
		objLayer:i = 1
		closed_waypoints:b = false
		isShipSpline:b = false
		shipTurnRadius:r = 100
		weapons:t = ""
		bullets0:t = ""
		bullets1:t = ""
		bullets2:t = ""
		bullets3:t = ""
		bulletsCount0:i = 0
		bulletsCount1:i = 0
		bulletsCount2:i = 0
		bulletsCount3:i = 0
		crewSkillK:r = 0
		applyAllMods:b = false
		props {
			army:i = 1
			count:i = 1
			formation_type:t = "rows"
			formation_div:i = 3
			formation_step:p2 = 2.5, 2
			formation_noise:p2 = 0.1, 0.1
			uniqueName:t = ""
			attack_type:t = "fire_at_will"
		}
		way {

		}
	}
	air_defence {
		name:t = "t1_aaa_low_light_02"
		tm:m = [[-0.961072, 0.0, -0.276297] [0.0, 1.0, 0.0] [0.276297, 0.0, -0.961072] [49651.9, 151.597, 12720.8]]
		unit_class:t = "germ_20mm_flak38_airfield"
		objLayer:i = 1
		closed_waypoints:b = false
		isShipSpline:b = false
		shipTurnRadius:r = 100
		weapons:t = ""
		bullets0:t = ""
		bullets1:t = ""
		bullets2:t = ""
		bullets3:t = ""
		bulletsCount0:i = 0
		bulletsCount1:i = 0
		bulletsCount2:i = 0
		bulletsCount3:i = 0
		crewSkillK:r = 0
		applyAllMods:b = false
		props {
			army:i = 1
			count:i = 1
			formation_type:t = "rows"
			formation_div:i = 3
			formation_step:p2 = 2.5, 2
			formation_noise:p2 = 0.1, 0.1
			uniqueName:t = ""
			attack_type:t = "fire_at_will"
		}
		way {

		}
	}
	air_defence {
		name:t = "t1_aaa_low_light_03"
		tm:m = [[-0.961072, 0.0, -0.276297] [0.0, 1.0, 0.0] [0.276297, 0.0, -0.961072] [49265.5, 143.961, 14581.3]]
		unit_class:t = "germ_20mm_flak38_airfield"
		objLayer:i = 1
		closed_waypoints:b = false
		isShipSpline:b = false
		shipTurnRadius:r = 100
		weapons:t = ""
		bullets0:t = ""
		bullets1:t = ""
		bullets2:t = ""
		bullets3:t = ""
		bulletsCount0:i = 0
		bulletsCount1:i = 0
		bulletsCount2:i = 0
		bulletsCount3:i = 0
		crewSkillK:r = 0
		applyAllMods:b = false
		props {
			army:i = 1
			count:i = 1
			formation_type:t = "rows"
			formation_div:i = 3
			formation_step:p2 = 2.5, 2
			formation_noise:p2 = 0.1, 0.1
			uniqueName:t = ""
			attack_type:t = "fire_at_will"
		}
		way {

		}
	}
	air_defence {
		name:t = "t1_aaa_low_light_04"
		tm:m = [[-0.961072, 0.0, -0.276297] [0.0, 1.0, 0.0] [0.276297, 0.0, -0.961072] [49921.3, 151.291, 14582.6]]
		unit_class:t = "germ_20mm_flak38_airfield"
		objLayer:i = 1
		closed_waypoints:b = false
		isShipSpline:b = false
		shipTurnRadius:r = 100
		weapons:t = ""
		bullets0:t = ""
		bullets1:t = ""
		bullets2:t = ""
		bullets3:t = ""
		bulletsCount0:i = 0
		bulletsCount1:i = 0
		bulletsCount2:i = 0
		bulletsCount3:i = 0
		crewSkillK:r = 0
		applyAllMods:b = false
		props {
			army:i = 1
			count:i = 1
			formation_type:t = "rows"
			formation_div:i = 3
			formation_step:p2 = 2.5, 2
			formation_noise:p2 = 0.1, 0.1
			uniqueName:t = ""
			attack_type:t = "fire_at_will"
		}
		way {

		}
	}
	air_defence {
		name:t = "t1_aaa_low_heavy_01"
		tm:m = [[-0.961072, 0.0, -0.276297] [0.0, 1.0, 0.0] [0.276297, 0.0, -0.961072] [49459.1, 151.674, 13592.6]]
		unit_class:t = "germ_88mm_flak36"
		objLayer:i = 1
		closed_waypoints:b = false
		isShipSpline:b = false
		shipTurnRadius:r = 100
		weapons:t = ""
		bullets0:t = ""
		bullets1:t = ""
		bullets2:t = ""
		bullets3:t = ""
		bulletsCount0:i = 0
		bulletsCount1:i = 0
		bulletsCount2:i = 0
		bulletsCount3:i = 0
		crewSkillK:r = 0
		applyAllMods:b = false
		props {
			army:i = 1
			count:i = 1
			formation_type:t = "rows"
			formation_div:i = 3
			formation_step:p2 = 2.5, 2
			formation_noise:p2 = 0.1, 0.1
			uniqueName:t = ""
			attack_type:t = "fire_at_will"
		}
		way {

		}
	}
	air_defence {
		name:t = "t1_aaa_low_heavy_02"
		tm:m = [[-0.961072, 0.0, -0.276297] [0.0, 1.0, 0.0] [0.276297, 0.0, -0.961072] [50236.6, 152.273, 13807.4]]
		unit_class:t = "germ_88mm_flak36"
		objLayer:i = 1
		closed_waypoints:b = false
		isShipSpline:b = false
		shipTurnRadius:r = 100
		weapons:t = ""
		bullets0:t = ""
		bullets1:t = ""
		bullets2:t = ""
		bullets3:t = ""
		bulletsCount0:i = 0
		bulletsCount1:i = 0
		bulletsCount2:i = 0
		bulletsCount3:i = 0
		crewSkillK:r = 0
		applyAllMods:b = false
		props {
			army:i = 1
			count:i = 1
			formation_type:t = "rows"
			formation_div:i = 3
			formation_step:p2 = 2.5, 2
			formation_noise:p2 = 0.1, 0.1
			uniqueName:t = ""
			attack_type:t = "fire_at_will"
		}
		way {

		}
	}
	squad {
		name:t = "t1_def_aaa_low_squad"
		tm:m = [[-0.961072, 0.0, -0.276297] [0.0, 1.0, 0.0] [0.276297, 0.0, -0.961072] [49588.2, 468.766, 12672.6]]
		props {
			squad_members:t = "t1_aaa_low_light_01"
			squad_members:t = "t1_aaa_low_light_02"
			squad_members:t = "t1_aaa_low_light_03"
			squad_members:t = "t1_aaa_low_light_04"
			squad_members:t = "t1_aaa_low_heavy_01"
			squad_members:t = "t1_aaa_low_heavy_02"
		}
	}
	air_defence {
		name:t = "t2_aaa_low_light_01"
		tm:m = [[-0.763366, 0.0, 0.645966] [0.0, 1.0, 0.0] [-0.645966, 0.0, -0.763366] [44256.3, 369.795, -12259.1]]
		unit_class:t = "germ_20mm_flak38_airfield"
		objLayer:i = 1
		closed_waypoints:b = false
		isShipSpline:b = false
		shipTurnRadius:r = 100
		weapons:t = ""
		bullets0:t = ""
		bullets1:t = ""
		bullets2:t = ""
		bullets3:t = ""
		bulletsCount0:i = 0
		bulletsCount1:i = 0
		bulletsCount2:i = 0
		bulletsCount3:i = 0
		crewSkillK:r = 0
		applyAllMods:b = false
		props {
			army:i = 2
			count:i = 1
			formation_type:t = "rows"
			formation_div:i = 3
			formation_step:p2 = 2.5, 2
			formation_noise:p2 = 0.1, 0.1
			uniqueName:t = ""
			attack_type:t = "fire_at_will"
		}
		way {

		}
	}
	air_defence {
		name:t = "t2_aaa_low_light_02"
		tm:m = [[-0.763366, 0.0, 0.645966] [0.0, 1.0, 0.0] [-0.645966, 0.0, -0.763366] [44922.7, 369.794, -12694.8]]
		unit_class:t = "germ_20mm_flak38_airfield"
		objLayer:i = 1
		closed_waypoints:b = false
		isShipSpline:b = false
		shipTurnRadius:r = 100
		weapons:t = ""
		bullets0:t = ""
		bullets1:t = ""
		bullets2:t = ""
		bullets3:t = ""
		bulletsCount0:i = 0
		bulletsCount1:i = 0
		bulletsCount2:i = 0
		bulletsCount3:i = 0
		crewSkillK:r = 0
		applyAllMods:b = false
		props {
			army:i = 2
			count:i = 1
			formation_type:t = "rows"
			formation_div:i = 3
			formation_step:p2 = 2.5, 2
			formation_noise:p2 = 0.1, 0.1
			uniqueName:t = ""
			attack_type:t = "fire_at_will"
		}
		way {

		}
	}
	air_defence {
		name:t = "t2_aaa_low_light_03"
		tm:m = [[-0.763366, 0.0, 0.645966] [0.0, 1.0, 0.0] [-0.645966, 0.0, -0.763366] [45487.3, 369.794, -11695.6]]
		unit_class:t = "germ_20mm_flak38_airfield"
		objLayer:i = 1
		closed_waypoints:b = false
		isShipSpline:b = false
		shipTurnRadius:r = 100
		weapons:t = ""
		bullets0:t = ""
		bullets1:t = ""
		bullets2:t = ""
		bullets3:t = ""
		bulletsCount0:i = 0
		bulletsCount1:i = 0
		bulletsCount2:i = 0
		bulletsCount3:i = 0
		crewSkillK:r = 0
		applyAllMods:b = false
		props {
			army:i = 2
			count:i = 1
			formation_type:t = "rows"
			formation_div:i = 3
			formation_step:p2 = 2.5, 2
			formation_noise:p2 = 0.1, 0.1
			uniqueName:t = ""
			attack_type:t = "fire_at_will"
		}
		way {

		}
	}
	air_defence {
		name:t = "t2_aaa_low_light_04"
		tm:m = [[-0.763366, 0.0, 0.645966] [0.0, 1.0, 0.0] [-0.645966, 0.0, -0.763366] [44819.1, 369.794, -11170.2]]
		unit_class:t = "germ_20mm_flak38_airfield"
		objLayer:i = 1
		closed_waypoints:b = false
		isShipSpline:b = false
		shipTurnRadius:r = 100
		weapons:t = ""
		bullets0:t = ""
		bullets1:t = ""
		bullets2:t = ""
		bullets3:t = ""
		bulletsCount0:i = 0
		bulletsCount1:i = 0
		bulletsCount2:i = 0
		bulletsCount3:i = 0
		crewSkillK:r = 0
		applyAllMods:b = false
		props {
			army:i = 2
			count:i = 1
			formation_type:t = "rows"
			formation_div:i = 3
			formation_step:p2 = 2.5, 2
			formation_noise:p2 = 0.1, 0.1
			uniqueName:t = ""
			attack_type:t = "fire_at_will"
		}
		way {

		}
	}
	air_defence {
		name:t = "t2_aaa_low_heavy_01"
		tm:m = [[-0.763366, 0.0, 0.645966] [0.0, 1.0, 0.0] [-0.645966, 0.0, -0.763366] [46000.0, 363.691, -10682.9]]
		unit_class:t = "germ_88mm_flak36"
		objLayer:i = 1
		closed_waypoints:b = false
		isShipSpline:b = false
		shipTurnRadius:r = 100
		weapons:t = ""
		bullets0:t = ""
		bullets1:t = ""
		bullets2:t = ""
		bullets3:t = ""
		bulletsCount0:i = 0
		bulletsCount1:i = 0
		bulletsCount2:i = 0
		bulletsCount3:i = 0
		crewSkillK:r = 0
		applyAllMods:b = false
		props {
			army:i = 2
			count:i = 1
			formation_type:t = "rows"
			formation_div:i = 3
			formation_step:p2 = 2.5, 2
			formation_noise:p2 = 0.1, 0.1
			uniqueName:t = ""
			attack_type:t = "fire_at_will"
		}
		way {

		}
	}
	air_defence {
		name:t = "t2_aaa_low_heavy_02"
		tm:m = [[-0.763366, 0.0, 0.645966] [0.0, 1.0, 0.0] [-0.645966, 0.0, -0.763366] [45280.8, 369.788, -10315.7]]
		unit_class:t = "germ_88mm_flak36"
		objLayer:i = 1
		closed_waypoints:b = false
		isShipSpline:b = false
		shipTurnRadius:r = 100
		weapons:t = ""
		bullets0:t = ""
		bullets1:t = ""
		bullets2:t = ""
		bullets3:t = ""
		bulletsCount0:i = 0
		bulletsCount1:i = 0
		bulletsCount2:i = 0
		bulletsCount3:i = 0
		crewSkillK:r = 0
		applyAllMods:b = false
		props {
			army:i = 2
			count:i = 1
			formation_type:t = "rows"
			formation_div:i = 3
			formation_step:p2 = 2.5, 2
			formation_noise:p2 = 0.1, 0.1
			uniqueName:t = ""
			attack_type:t = "fire_at_will"
		}
		way {

		}
	}
	squad {
		name:t = "t2_def_aaa_low_squad"
		tm:m = [[-0.999526, 0.0, 0.0307826] [0.0, 1.0, 0.0] [-0.0307826, 0.0, -0.999526] [41831.6, 1072.05, -9833.36]]
		props {
			squad_members:t = "t2_aaa_low_light_01"
			squad_members:t = "t2_aaa_low_light_02"
			squad_members:t = "t2_aaa_low_light_03"
			squad_members:t = "t2_aaa_low_light_04"
			squad_members:t = "t2_aaa_low_heavy_01"
			squad_members:t = "t2_aaa_low_heavy_02"
			object_marking:i = 0
		}
	}
}
areas {
	airfields_area_12_km {
		type:t = "Sphere"
		tm:m = [[-24000.0, 0.0, 0.0] [0.0, 24000.0, 0.0] [0.0, 0.0, -24000.0] [54430.8, 1165.72, 0.0]]
		objLayer:i = 3
		props {

		}
	}
	t2_interceptor_area_low {
		type:t = "Sphere"
		tm:m = [[-5092.06, 0.0, 3173.47] [0.0, 6000.0, 0.0] [-3173.47, 0.0, -5092.06] [45285.6, 3000.0, -11459.8]]
		props {

		}
	}
	t2_assault_low_spawn {
		type:t = "Sphere"
		tm:m = [[169.627, 0.0, 247.44] [0.0, 300.0, 0.0] [-247.44, 0.0, 169.627] [47929.5, 2000.0, -7216.49]]
		props {

		}
	}
	t2_aaa_fighter_area_low {
		type:t = "Sphere"
		tm:m = [[-3394.72, 0.0, 2115.66] [0.0, 4000.0, 0.0] [-2115.66, 0.0, -3394.72] [45285.7, 4000.0, -11459.7]]
		props {

		}
	}
	t2_assault_area_low {
		type:t = "Sphere"
		tm:m = [[-8486.78, 0.0, 5289.12] [0.0, 10000.0, 0.0] [-5289.12, 0.0, -8486.78] [45285.7, 2000.0, -11459.7]]
		props {

		}
	}
	t2_interceptor_low_spawn {
		type:t = "Sphere"
		tm:m = [[169.627, 0.0, 247.44] [0.0, 300.0, 0.0] [-247.44, 0.0, 169.627] [43709.0, 2000.0, -13989.9]]
		props {

		}
	}
	t2_aaa_fighter_low_spawn {
		type:t = "Sphere"
		tm:m = [[169.627, 0.0, 247.44] [0.0, 300.0, 0.0] [-247.44, 0.0, 169.627] [44231.5, 3000.0, -13151.2]]
		props {

		}
	}
	t2_far_bomber_low_spawn {
		type:t = "Sphere"
		tm:m = [[169.627, 0.0, 247.44] [0.0, 300.0, 0.0] [-247.44, 0.0, 169.627] [46343.0, 5500.0, -9763.41]]
		props {

		}
	}
	t2_main_bomber_low_spawn {
		type:t = "Sphere"
		tm:m = [[169.627, 0.0, 247.44] [0.0, 300.0, 0.0] [-247.44, 0.0, 169.627] [46607.8, 4500.0, -9338.49]]
		props {

		}
	}
	t2_far_bomber_area_low {
		type:t = "Sphere"
		tm:m = [[-3394.72, 0.0, 2115.66] [0.0, 4000.0, 0.0] [-2115.66, 0.0, -3394.72] [45285.7, 5500.0, -11459.7]]
		props {

		}
	}
	t2_main_bomber_area_low {
		type:t = "Sphere"
		tm:m = [[-4243.38, 0.0, 2644.56] [0.0, 5000.0, 0.0] [-2644.56, 0.0, -4243.38] [45285.7, 4500.0, -11459.7]]
		props {

		}
	}
	t1_interceptor_area_low {
		type:t = "Sphere"
		tm:m = [[5791.94, 0.0, 1566.42] [0.0, 6000.0, 0.0] [-1566.42, 0.0, 5791.94] [50001.5, 3000.01, 13527.7]]
		props {

		}
	}
	t1_assault_low_spawn {
		type:t = "Sphere"
		tm:m = [[65.616, 0.0, -292.734] [0.0, 300.0, 0.0] [292.734, 0.0, 65.616] [51306.9, 2000.0, 8700.01]]
		props {

		}
	}
	t1_aaa_fighter_area_low {
		type:t = "Sphere"
		tm:m = [[3861.28, 0.0, 1044.31] [0.0, 4000.0, 0.0] [-1044.31, 0.0, 3861.28] [50001.5, 4000.0, 13527.7]]
		props {

		}
	}
	t1_assault_area_low {
		type:t = "Sphere"
		tm:m = [[9653.18, 0.0, 2610.71] [0.0, 10000.0, 0.0] [-2610.71, 0.0, 9653.18] [50001.6, 2000.0, 13527.5]]
		props {

		}
	}
	t1_interceptor_low_spawn {
		type:t = "Sphere"
		tm:m = [[65.616, 0.0, -292.734] [0.0, 300.0, 0.0] [292.734, 0.0, 65.616] [49222.9, 2000.0, 16405.0]]
		props {

		}
	}
	t1_aaa_fighter_low_spawn {
		type:t = "Sphere"
		tm:m = [[65.616, 0.0, -292.734] [0.0, 300.0, 0.0] [292.734, 0.0, 65.616] [49480.9, 3000.0, 15451.6]]
		props {

		}
	}
	t1_far_bomber_low_spawn {
		type:t = "Sphere"
		tm:m = [[74.3512, 0.0, -290.64] [0.0, 300.0, 0.0] [290.64, 0.0, 74.3512] [50523.2, 5500.0, 11596.5]]
		props {

		}
	}
	t1_main_bomber_low_spawn {
		type:t = "Sphere"
		tm:m = [[65.616, 0.0, -292.734] [0.0, 300.0, 0.0] [292.734, 0.0, 65.616] [50653.9, 4500.0, 11114.4]]
		props {

		}
	}
	t1_far_bomber_area_low {
		type:t = "Sphere"
		tm:m = [[3861.28, 0.0, 1044.31] [0.0, 4000.0, 0.0] [-1044.31, 0.0, 3861.28] [50001.5, 5500.0, 13527.7]]
		props {

		}
	}
	t1_main_bomber_area_low {
		type:t = "Sphere"
		tm:m = [[4826.57, 0.0, 1305.37] [0.0, 5000.0, 0.0] [-1305.37, 0.0, 4826.57] [50001.5, 4500.0, 13527.8]]
		props {

		}
	}
	t1_common_fighters_low_spawn {
		type:t = "Sphere"
		tm:m = [[65.616, 0.0, -292.734] [0.0, 300.0, 0.0] [292.734, 0.0, 65.616] [49222.9, 1500.01, 16405.0]]
		props {

		}
	}
	t2_common_fighters_low_spawn {
		type:t = "Sphere"
		tm:m = [[169.627, 0.0, 247.44] [0.0, 300.0, 0.0] [-247.44, 0.0, 169.627] [43709.0, 1500.0, -13989.9]]
		props {

		}
	}
}
objLayers {
	layer {
		enabled:b = true
	}
	layer {
		enabled:b = true
	}
	layer {
		enabled:b = true
	}
	layer {
		enabled:b = false
	}
}
wayPoints {

}