selected_tag:t = ""
bin_dump_file:t = ""
mission_settings {
	player {
		army:i = 1
	}
	player_teamB {
		army:i = 2
	}
	mission {
		level:t = "levels/korsun.bin"
		type:t = "domination"
		environment:t = "Day"
		weather:t = "clear"
	}
}
imports {

}
triggers {
	isCategory:b = true
	is_enabled:b = true
	airfileds_high_init {
		is_enabled:b = true
		comments:t = ""
		props {
			actionsType:t = "PERFORM_ONE_BY_ONE"
			conditionsType:t = "ALL"
			enableAfterComplete:b = false
		}
		events {
			periodicEvent {
				time:r = 1
			}
		}
		conditions {

		}
		actions {
			unitSetProperties {
				object_marking:i = 0
				object_var_name:t = ""
				object_var_comp_op:t = "equal"
				object_var_value:i = 0
				object:t = "t1_def_aaa_high_squad"
				object:t = "t2_def_aaa_high_squad"
				accuracy:r = 0.9
				checkVisibilityTarget:b = true
				effShootingRate:r = 1
				airEffShootingRate:r = 1
				useSearchRadar:b = true
				fireRandom:b = true
				targetChangeInterval:r = 5
				targetChangeProb:r = 0.25
			}
		}
		else_actions {

		}
	}
}
mission_objectives {
	isCategory:b = true
	is_enabled:b = true
}
variables {

}
dialogs {

}
airfields {

}
effects {

}
units {
	objectGroups {
		name:t = "t1_airfield_high"
		tm:m = [[0.558491, 0.0, -0.829511] [0.0, 1.0, 0.0] [0.829511, 0.0, 0.558491] [9769.47, 69.1213, -23341.4]]
		unit_class:t = "dynaf_universal_1line_3000_a"
		objLayer:i = 2
		props {
			army:i = 1
			active:b = true
		}
	}
	objectGroups {
		name:t = "t2_airfield_high"
		tm:m = [[-0.577777, 0.0, 0.816196] [0.0, 1.0, 0.0] [-0.816196, 0.0, -0.577777] [-25463.5, 115.391, 20374.8]]
		unit_class:t = "dynaf_universal_1line_3000_a"
		objLayer:i = 2
		props {
			army:i = 2
			active:b = true
		}
	}
	tankModels {
		name:t = "t1_aaa_high_light_01"
		tm:m = [[0.585254, 0.0, -0.810849] [0.0, 1.0, 0.0] [0.810849, 0.0, 0.585254] [9487.56, 278.632, -24263.7]]
		unit_class:t = "sw_veak_40"
		objLayer:i = 1
		closed_waypoints:b = false
		isShipSpline:b = false
		shipTurnRadius:r = 100
		weapons:t = ""
		bullets0:t = "40mm_sw_kan_HE"
		bullets1:t = ""
		bullets2:t = ""
		bullets3:t = ""
		bulletsCount0:i = 0
		bulletsCount1:i = 0
		bulletsCount2:i = 0
		bulletsCount3:i = 0
		crewSkillK:r = 0
		applyAllMods:b = false
		props {
			army:i = 1
			count:i = 1
			formation_type:t = "rows"
			formation_div:i = 3
			formation_step:p2 = 2.5, 2
			formation_noise:p2 = 0.1, 0.1
			uniqueName:t = ""
			attack_type:t = "fire_at_will"
		}
		way {

		}
	}
	tankModels {
		name:t = "t1_aaa_high_heavy_01"
		tm:m = [[0.585254, 0.0, -0.810849] [0.0, 1.0, 0.0] [0.810849, 0.0, 0.585254] [10383.0, 262.464, -23643.1]]
		unit_class:t = "fr_amx_30_roland"
		objLayer:i = 1
		closed_waypoints:b = false
		isShipSpline:b = false
		shipTurnRadius:r = 100
		weapons:t = ""
		bullets0:t = ""
		bullets1:t = ""
		bullets2:t = ""
		bullets3:t = ""
		bulletsCount0:i = 0
		bulletsCount1:i = 0
		bulletsCount2:i = 0
		bulletsCount3:i = 0
		crewSkillK:r = 0
		applyAllMods:b = false
		props {
			army:i = 1
			count:i = 1
			formation_type:t = "rows"
			formation_div:i = 3
			formation_step:p2 = 2.5, 2
			formation_noise:p2 = 0.1, 0.1
			uniqueName:t = ""
			attack_type:t = "fire_at_will"
		}
		way {

		}
	}
	tankModels {
		name:t = "t1_aaa_high_light_02"
		tm:m = [[-0.620067, 0.0, 0.784549] [0.0, 1.0, 0.0] [-0.784549, 0.0, -0.620067] [10397.1, 276.45, -23413.5]]
		unit_class:t = "sw_veak_40"
		objLayer:i = 1
		closed_waypoints:b = false
		isShipSpline:b = false
		shipTurnRadius:r = 100
		weapons:t = ""
		bullets0:t = "40mm_sw_kan_HE"
		bullets1:t = ""
		bullets2:t = ""
		bullets3:t = ""
		bulletsCount0:i = 0
		bulletsCount1:i = 0
		bulletsCount2:i = 0
		bulletsCount3:i = 0
		crewSkillK:r = 0
		applyAllMods:b = false
		props {
			army:i = 1
			count:i = 1
			formation_type:t = "rows"
			formation_div:i = 3
			formation_step:p2 = 2.5, 2
			formation_noise:p2 = 0.1, 0.1
			uniqueName:t = ""
			attack_type:t = "fire_at_will"
		}
		way {

		}
	}
	tankModels {
		name:t = "t1_aaa_high_light_03"
		tm:m = [[0.585254, 0.0, -0.810849] [0.0, 1.0, 0.0] [0.810849, 0.0, 0.585254] [9228.57, 280.291, -23910.5]]
		unit_class:t = "sw_veak_40"
		objLayer:i = 1
		closed_waypoints:b = false
		isShipSpline:b = false
		shipTurnRadius:r = 100
		weapons:t = ""
		bullets0:t = "40mm_sw_kan_HE"
		bullets1:t = ""
		bullets2:t = ""
		bullets3:t = ""
		bulletsCount0:i = 0
		bulletsCount1:i = 0
		bulletsCount2:i = 0
		bulletsCount3:i = 0
		crewSkillK:r = 0
		applyAllMods:b = false
		props {
			army:i = 1
			count:i = 1
			formation_type:t = "rows"
			formation_div:i = 3
			formation_step:p2 = 2.5, 2
			formation_noise:p2 = 0.1, 0.1
			uniqueName:t = ""
			attack_type:t = "fire_at_will"
		}
		way {

		}
	}
	tankModels {
		name:t = "t1_aaa_high_light_04"
		tm:m = [[-0.746882, 0.0, 0.664956] [0.0, 1.0, 0.0] [-0.664956, 0.0, -0.746882] [10024.2, 279.877, -22820.5]]
		unit_class:t = "sw_veak_40"
		objLayer:i = 1
		closed_waypoints:b = false
		isShipSpline:b = false
		shipTurnRadius:r = 100
		weapons:t = ""
		bullets0:t = "40mm_sw_kan_HE"
		bullets1:t = ""
		bullets2:t = ""
		bullets3:t = ""
		bulletsCount0:i = 0
		bulletsCount1:i = 0
		bulletsCount2:i = 0
		bulletsCount3:i = 0
		crewSkillK:r = 0
		applyAllMods:b = false
		props {
			army:i = 1
			count:i = 1
			formation_type:t = "rows"
			formation_div:i = 3
			formation_step:p2 = 2.5, 2
			formation_noise:p2 = 0.1, 0.1
			uniqueName:t = ""
			attack_type:t = "fire_at_will"
		}
		way {

		}
	}
	tankModels {
		name:t = "t1_aaa_high_heavy_02"
		tm:m = [[-0.620067, 0.0, 0.784549] [0.0, 1.0, 0.0] [-0.784549, 0.0, -0.620067] [9390.89, 280.648, -24118.4]]
		unit_class:t = "fr_amx_30_roland"
		objLayer:i = 1
		closed_waypoints:b = false
		isShipSpline:b = false
		shipTurnRadius:r = 100
		weapons:t = ""
		bullets0:t = ""
		bullets1:t = ""
		bullets2:t = ""
		bullets3:t = ""
		bulletsCount0:i = 0
		bulletsCount1:i = 0
		bulletsCount2:i = 0
		bulletsCount3:i = 0
		crewSkillK:r = 0
		applyAllMods:b = false
		props {
			army:i = 1
			count:i = 1
			formation_type:t = "rows"
			formation_div:i = 3
			formation_step:p2 = 2.5, 2
			formation_noise:p2 = 0.1, 0.1
			uniqueName:t = ""
			attack_type:t = "fire_at_will"
		}
		way {

		}
	}
	squad {
		name:t = "t1_def_aaa_high_squad"
		tm:m = [[0.991368, 0.0, -0.131104] [0.0, 1.0, 0.0] [0.131104, 0.0, 0.991368] [12684.5, 231.492, -18824.6]]
		props {
			object_marking:i = 0
			squad_members:t = "t1_aaa_high_light_01"
			squad_members:t = "t1_aaa_high_heavy_01"
			squad_members:t = "t1_aaa_high_light_02"
			squad_members:t = "t1_aaa_high_light_03"
			squad_members:t = "t1_aaa_high_light_04"
			squad_members:t = "t1_aaa_high_heavy_02"
		}
	}
	tankModels {
		name:t = "t2_aaa_high_light_01"
		tm:m = [[0.221452, 0.0, -0.975171] [0.0, 1.0, 0.0] [0.975171, 0.0, 0.221452] [-25426.0, 291.989, 20900.0]]
		unit_class:t = "sw_veak_40"
		objLayer:i = 1
		closed_waypoints:b = false
		isShipSpline:b = false
		shipTurnRadius:r = 100
		weapons:t = ""
		bullets0:t = "40mm_sw_kan_HE"
		bullets1:t = ""
		bullets2:t = ""
		bullets3:t = ""
		bulletsCount0:i = 0
		bulletsCount1:i = 0
		bulletsCount2:i = 0
		bulletsCount3:i = 0
		crewSkillK:r = 0
		applyAllMods:b = false
		props {
			army:i = 2
			count:i = 1
			formation_type:t = "rows"
			formation_div:i = 3
			formation_step:p2 = 2.5, 2
			formation_noise:p2 = 0.1, 0.1
			uniqueName:t = ""
			attack_type:t = "fire_at_will"
		}
		way {

		}
	}
	tankModels {
		name:t = "t2_aaa_high_heavy_01"
		tm:m = [[0.221452, 0.0, -0.975171] [0.0, 1.0, 0.0] [0.975171, 0.0, 0.221452] [-25823.0, 298.374, 20645.5]]
		unit_class:t = "fr_amx_30_roland"
		objLayer:i = 1
		closed_waypoints:b = false
		isShipSpline:b = false
		shipTurnRadius:r = 100
		weapons:t = ""
		bullets0:t = ""
		bullets1:t = ""
		bullets2:t = ""
		bullets3:t = ""
		bulletsCount0:i = 0
		bulletsCount1:i = 0
		bulletsCount2:i = 0
		bulletsCount3:i = 0
		crewSkillK:r = 0
		applyAllMods:b = false
		props {
			army:i = 2
			count:i = 1
			formation_type:t = "rows"
			formation_div:i = 3
			formation_step:p2 = 2.5, 2
			formation_noise:p2 = 0.1, 0.1
			uniqueName:t = ""
			attack_type:t = "fire_at_will"
		}
		way {

		}
	}
	tankModels {
		name:t = "t2_aaa_high_light_02"
		tm:m = [[-0.178703, 0.0, 0.983901] [0.0, 1.0, 0.0] [-0.983901, 0.0, -0.178703] [-25785.3, 332.653, 20407.5]]
		unit_class:t = "sw_veak_40"
		objLayer:i = 1
		closed_waypoints:b = false
		isShipSpline:b = false
		shipTurnRadius:r = 100
		weapons:t = ""
		bullets0:t = "40mm_sw_kan_HE"
		bullets1:t = ""
		bullets2:t = ""
		bullets3:t = ""
		bulletsCount0:i = 0
		bulletsCount1:i = 0
		bulletsCount2:i = 0
		bulletsCount3:i = 0
		crewSkillK:r = 0
		applyAllMods:b = false
		props {
			army:i = 2
			count:i = 1
			formation_type:t = "rows"
			formation_div:i = 3
			formation_step:p2 = 2.5, 2
			formation_noise:p2 = 0.1, 0.1
			uniqueName:t = ""
			attack_type:t = "fire_at_will"
		}
		way {

		}
	}
	tankModels {
		name:t = "t2_aaa_high_light_03"
		tm:m = [[0.221452, 0.0, -0.975171] [0.0, 1.0, 0.0] [0.975171, 0.0, 0.221452] [-25122.3, 323.727, 20403.4]]
		unit_class:t = "sw_veak_40"
		objLayer:i = 1
		closed_waypoints:b = false
		isShipSpline:b = false
		shipTurnRadius:r = 100
		weapons:t = ""
		bullets0:t = "40mm_sw_kan_HE"
		bullets1:t = ""
		bullets2:t = ""
		bullets3:t = ""
		bulletsCount0:i = 0
		bulletsCount1:i = 0
		bulletsCount2:i = 0
		bulletsCount3:i = 0
		crewSkillK:r = 0
		applyAllMods:b = false
		props {
			army:i = 2
			count:i = 1
			formation_type:t = "rows"
			formation_div:i = 3
			formation_step:p2 = 2.5, 2
			formation_noise:p2 = 0.1, 0.1
			uniqueName:t = ""
			attack_type:t = "fire_at_will"
		}
		way {

		}
	}
	tankModels {
		name:t = "t2_aaa_high_light_04"
		tm:m = [[-0.263779, 0.0, 0.964584] [0.0, 1.0, 0.0] [-0.964584, 0.0, -0.263779] [-25318.5, 311.937, 19815.0]]
		unit_class:t = "sw_veak_40"
		objLayer:i = 1
		closed_waypoints:b = false
		isShipSpline:b = false
		shipTurnRadius:r = 100
		weapons:t = ""
		bullets0:t = "40mm_sw_kan_HE"
		bullets1:t = ""
		bullets2:t = ""
		bullets3:t = ""
		bulletsCount0:i = 0
		bulletsCount1:i = 0
		bulletsCount2:i = 0
		bulletsCount3:i = 0
		crewSkillK:r = 0
		applyAllMods:b = false
		props {
			army:i = 2
			count:i = 1
			formation_type:t = "rows"
			formation_div:i = 3
			formation_step:p2 = 2.5, 2
			formation_noise:p2 = 0.1, 0.1
			uniqueName:t = ""
			attack_type:t = "fire_at_will"
		}
		way {

		}
	}
	tankModels {
		name:t = "t2_aaa_high_heavy_02"
		tm:m = [[-0.178703, 0.0, 0.983901] [0.0, 1.0, 0.0] [-0.983901, 0.0, -0.178703] [-25150.3, 313.832, 20709.9]]
		unit_class:t = "fr_amx_30_roland"
		objLayer:i = 1
		closed_waypoints:b = false
		isShipSpline:b = false
		shipTurnRadius:r = 100
		weapons:t = ""
		bullets0:t = ""
		bullets1:t = ""
		bullets2:t = ""
		bullets3:t = ""
		bulletsCount0:i = 0
		bulletsCount1:i = 0
		bulletsCount2:i = 0
		bulletsCount3:i = 0
		crewSkillK:r = 0
		applyAllMods:b = false
		props {
			army:i = 2
			count:i = 1
			formation_type:t = "rows"
			formation_div:i = 3
			formation_step:p2 = 2.5, 2
			formation_noise:p2 = 0.1, 0.1
			uniqueName:t = ""
			attack_type:t = "fire_at_will"
		}
		way {

		}
	}
	squad {
		name:t = "t2_def_aaa_high_squad"
		tm:m = [[0.329439, 0.0, -0.944176] [0.0, 1.0, 0.0] [0.944176, 0.0, 0.329439] [-26391.0, 331.623, 20320.5]]
		props {
			object_marking:i = 0
			squad_members:t = "t2_aaa_high_light_01"
			squad_members:t = "t2_aaa_high_heavy_01"
			squad_members:t = "t2_aaa_high_light_02"
			squad_members:t = "t2_aaa_high_light_03"
			squad_members:t = "t2_aaa_high_light_04"
			squad_members:t = "t2_aaa_high_heavy_02"
		}
	}
}
areas {
	t1_interceptor_area_high {
		type:t = "Sphere"
		tm:m = [[-5242.98, 0.0, -2917.38] [0.0, 6000.0, 0.0] [2917.38, 0.0, -5242.98] [9700.4, 2000.01, -23364.1]]
		props {

		}
	}
	t1_assault_high_spawn {
		type:t = "Sphere"
		tm:m = [[-134.295, 0.0, 268.262] [0.0, 300.0, 0.0] [-268.262, 0.0, -134.295] [7268.97, 1000.01, -18995.6]]
		props {

		}
	}
	t1_aaa_fighter_area_high {
		type:t = "Sphere"
		tm:m = [[-3495.33, 0.0, -1944.92] [0.0, 4000.0, 0.0] [1944.92, 0.0, -3495.33] [9700.4, 3000.01, -23364.1]]
		props {

		}
	}
	t1_assault_area_high {
		type:t = "Sphere"
		tm:m = [[-8738.31, 0.0, -4862.3] [0.0, 10000.0, 0.0] [4862.3, 0.0, -8738.31] [9700.4, 1000.01, -23364.1]]
		props {

		}
	}
	t1_interceptor_high_spawn {
		type:t = "Sphere"
		tm:m = [[-134.295, 0.0, 268.262] [0.0, 300.0, 0.0] [-268.262, 0.0, -134.295] [11150.0, 1000.01, -25968.8]]
		props {

		}
	}
	t1_aaa_fighter_high_spawn {
		type:t = "Sphere"
		tm:m = [[-134.295, 0.0, 268.262] [0.0, 300.0, 0.0] [-268.262, 0.0, -134.295] [10669.8, 2000.01, -25105.7]]
		props {

		}
	}
	t1_far_bomber_high_spawn {
		type:t = "Sphere"
		tm:m = [[-134.295, 0.0, 268.262] [0.0, 300.0, 0.0] [-268.262, 0.0, -134.295] [8728.65, 4500.01, -21617.1]]
		props {

		}
	}
	t1_main_bomber_high_spawn {
		type:t = "Sphere"
		tm:m = [[-134.295, 0.0, 268.262] [0.0, 300.0, 0.0] [-268.262, 0.0, -134.295] [8485.16, 3500.01, -21179.7]]
		props {

		}
	}
	t1_far_bomber_area_high {
		type:t = "Sphere"
		tm:m = [[-3495.33, 0.0, -1944.92] [0.0, 4000.0, 0.0] [1944.92, 0.0, -3495.33] [9700.4, 4500.01, -23364.1]]
		props {

		}
	}
	t1_main_bomber_area_high {
		type:t = "Sphere"
		tm:m = [[-4369.15, 0.0, -2431.15] [0.0, 5000.0, 0.0] [2431.15, 0.0, -4369.15] [9700.4, 3500.01, -23364.1]]
		props {

		}
	}
	t2_interceptor_area_high {
		type:t = "Sphere"
		tm:m = [[4477.41, 0.0, 3994.1] [0.0, 6000.0, 0.0] [-3994.1, 0.0, 4477.41] [-25535.3, 2000.01, 20256.0]]
		props {

		}
	}
	t2_assault_high_spawn {
		type:t = "Sphere"
		tm:m = [[189.75, 0.0, -232.368] [0.0, 300.0, 0.0] [232.368, 0.0, 189.75] [-22206.5, 1000.01, 16524.2]]
		props {

		}
	}
	t2_aaa_fighter_area_high {
		type:t = "Sphere"
		tm:m = [[2984.94, 0.0, 2662.74] [0.0, 4000.0, 0.0] [-2662.74, 0.0, 2984.94] [-25535.3, 3000.01, 20256.0]]
		props {

		}
	}
	t2_assault_area_high {
		type:t = "Sphere"
		tm:m = [[7462.34, 0.0, 6656.83] [0.0, 10000.0, 0.0] [-6656.83, 0.0, 7462.34] [-25535.3, 1000.01, 20256.0]]
		props {

		}
	}
	t2_interceptor_high_spawn {
		type:t = "Sphere"
		tm:m = [[189.75, 0.0, -232.368] [0.0, 300.0, 0.0] [232.368, 0.0, 189.75] [-27520.0, 1000.01, 22480.4]]
		props {

		}
	}
	t2_aaa_fighter_high_spawn {
		type:t = "Sphere"
		tm:m = [[189.75, 0.0, -232.368] [0.0, 300.0, 0.0] [232.368, 0.0, 189.75] [-26862.4, 2000.01, 21743.2]]
		props {

		}
	}
	t2_far_bomber_high_spawn {
		type:t = "Sphere"
		tm:m = [[189.75, 0.0, -232.368] [0.0, 300.0, 0.0] [232.368, 0.0, 189.75] [-24204.8, 4500.01, 18764.0]]
		props {

		}
	}
	t2_main_bomber_high_spawn {
		type:t = "Sphere"
		tm:m = [[189.75, 0.0, -232.368] [0.0, 300.0, 0.0] [232.368, 0.0, 189.75] [-23871.5, 3500.01, 18390.5]]
		props {

		}
	}
	t2_far_bomber_area_high {
		type:t = "Sphere"
		tm:m = [[2984.94, 0.0, 2662.74] [0.0, 4000.0, 0.0] [-2662.74, 0.0, 2984.94] [-25535.3, 4500.01, 20256.0]]
		props {

		}
	}
	t2_main_bomber_area_high {
		type:t = "Sphere"
		tm:m = [[3731.16, 0.0, 3328.4] [0.0, 5000.0, 0.0] [-3328.4, 0.0, 3731.16] [-25535.3, 3500.01, 20256.0]]
		props {

		}
	}
	airfields_area_26km {
		type:t = "Sphere"
		tm:m = [[31013.6, 0.0, -41739.2] [0.0, 52000.0, 0.0] [41739.2, 0.0, 31013.6] [-8894.0, 339.242, -2818.0]]
		objLayer:i = 4
		props {

		}
	}
	t2_airfield_high_bombing_zone {
		type:t = "Box"
		tm:m = [[-2554.55, 0.0, 3704.63] [0.0, 300.0, 0.0] [-617.438, 7.34303e-6, -425.759] [-25470.1, 41.8706, 20373.5]]
		objLayer:i = 0
		props {

		}
	}
	t1_airfield_high_bombing_zone {
		type:t = "Box"
		tm:m = [[-2541.13, 0.0, 3713.84] [0.0, 300.0, 0.0] [-618.974, 7.34302e-6, -423.523] [9700.97, 20.9325, -23229.8]]
		objLayer:i = 0
		props {

		}
	}
	t2_common_fighters_high_spawn {
		type:t = "Sphere"
		tm:m = [[189.75, 0.0, -232.368] [0.0, 300.0, 0.0] [232.368, 0.0, 189.75] [-27520.0, 500.01, 22480.4]]
		props {

		}
	}
	t1_common_fighters_high_spawn {
		type:t = "Sphere"
		tm:m = [[-134.295, 0.0, 268.262] [0.0, 300.0, 0.0] [-268.262, 0.0, -134.295] [11150.0, 500.012, -25968.8]]
		props {

		}
	}
	airfields_area_20km01 {
		type:t = "Box"
		tm:m = [[56000.0, 0.0, 0.0] [0.0, 4000.0, 0.0] [0.0, 0.0, 56000.0] [0.0, 137.834, 0.0]]
		objLayer:i = 3
		props {

		}
	}
}
objLayers {
	layer {
		enabled:b = true
	}
	layer {
		enabled:b = true
	}
	layer {
		enabled:b = true
	}
	layer {
		enabled:b = true
	}
	layer {
		enabled:b = true
	}
}
wayPoints {

}