selected_tag:t = ""
bin_dump_file:t = ""
mission_settings {
	player {
		army:i = 1
	}
	player_teamB {
		army:i = 2
	}
	mission {
		level:t = "levels/avg_africa_desert.bin"
		type:t = "domination"
		environment:t = "Day"
		weather:t = "hazy"
		locName:t = "missions/el_amain_BfD_norespawn"
		locDesc:t = "missions/_BfD_norespawn/desc"
		scoreLimit:i = 2900
		timeLimit:i = 60
		deathPenaltyMul:r = 0
		country_axis:t = "germany"
		country_allies:t = "usa"
		restoreType:t = "attempts"
		optionalTakeOff:b = false
		allowedUnitTypes {
			isAirplanesAllowed:b = true
			isTanksAllowed:b = false
			isShipsAllowed:b = false
			isHelicoptersAllowed:b = false
		}
	}
}
imports {

}
triggers {
	isCategory:b = true
	is_enabled:b = true
}
mission_objectives {
	isCategory:b = true
	is_enabled:b = true
}
variables {

}
dialogs {

}
airfields {

}
effects {

}
units {
	objectGroups {
		name:t = "t1_airfield_mid"
		tm:m = [[0.937269, 0.0, -0.348605] [0.0, 1.0, 0.0] [0.348605, 0.0, 0.937269] [19552.9, 30.819, -17293.0]]
		unit_class:t = "dynaf_universal_1line_a"
		objLayer:i = 2
		props {
			army:i = 1
			active:b = true
		}
	}
	objectGroups {
		name:t = "t2_airfield_mid"
		tm:m = [[-0.918393, 0.0, 0.39567] [0.0, 1.0, 0.0] [-0.39567, 0.0, -0.918393] [-19628.7, 159.994, -3353.45]]
		unit_class:t = "dynaf_universal_1line_a"
		objLayer:i = 2
		props {
			army:i = 2
			active:b = true
		}
	}
	air_defence {
		name:t = "t1_def_aaa_mid_01"
		tm:m = [[-0.776762, 0.0, 0.629794] [0.0, 1.0, 0.0] [-0.629794, 0.0, -0.776762] [19738.6, 64.1217, -16737.6]]
		unit_class:t = "us_90mm_m1"
		objLayer:i = 1
		closed_waypoints:b = false
		isShipSpline:b = false
		shipTurnRadius:r = 100
		weapons:t = ""
		bullets0:t = ""
		bullets1:t = ""
		bullets2:t = ""
		bullets3:t = ""
		bulletsCount0:i = 0
		bulletsCount1:i = 0
		bulletsCount2:i = 0
		bulletsCount3:i = 0
		crewSkillK:r = 0
		applyAllMods:b = false
		props {
			army:i = 1
			count:i = 1
			formation_type:t = "rows"
			formation_div:i = 3
			formation_step:p2 = 2.5, 2
			formation_noise:p2 = 0.1, 0.1
			uniqueName:t = ""
			attack_type:t = "fire_at_will"
		}
		way {

		}
	}
	air_defence {
		name:t = "t1_def_aaa_mid_02"
		tm:m = [[-0.776762, 0.0, 0.629794] [0.0, 1.0, 0.0] [-0.629794, 0.0, -0.776762] [18703.6, 64.1216, -16390.9]]
		unit_class:t = "us_90mm_m1"
		objLayer:i = 1
		closed_waypoints:b = false
		isShipSpline:b = false
		shipTurnRadius:r = 100
		weapons:t = ""
		bullets0:t = ""
		bullets1:t = ""
		bullets2:t = ""
		bullets3:t = ""
		bulletsCount0:i = 0
		bulletsCount1:i = 0
		bulletsCount2:i = 0
		bulletsCount3:i = 0
		crewSkillK:r = 0
		applyAllMods:b = false
		props {
			army:i = 1
			count:i = 1
			formation_type:t = "rows"
			formation_div:i = 3
			formation_step:p2 = 2.5, 2
			formation_noise:p2 = 0.1, 0.1
			uniqueName:t = ""
			attack_type:t = "fire_at_will"
		}
		way {

		}
	}
	air_defence {
		name:t = "t1_def_aaa_mid_03"
		tm:m = [[-0.776762, 0.0, 0.629794] [0.0, 1.0, 0.0] [-0.629794, 0.0, -0.776762] [20096.7, 64.1217, -18398.9]]
		unit_class:t = "us_90mm_m1"
		objLayer:i = 1
		closed_waypoints:b = false
		isShipSpline:b = false
		shipTurnRadius:r = 100
		weapons:t = ""
		bullets0:t = ""
		bullets1:t = ""
		bullets2:t = ""
		bullets3:t = ""
		bulletsCount0:i = 0
		bulletsCount1:i = 0
		bulletsCount2:i = 0
		bulletsCount3:i = 0
		crewSkillK:r = 0
		applyAllMods:b = false
		props {
			army:i = 1
			count:i = 1
			formation_type:t = "rows"
			formation_div:i = 3
			formation_step:p2 = 2.5, 2
			formation_noise:p2 = 0.1, 0.1
			uniqueName:t = ""
			attack_type:t = "fire_at_will"
		}
		way {

		}
	}
	air_defence {
		name:t = "t1_def_aaa_mid_04"
		tm:m = [[-0.776762, 0.0, 0.629794] [0.0, 1.0, 0.0] [-0.629794, 0.0, -0.776762] [20717.5, 64.1217, -17202.8]]
		unit_class:t = "us_90mm_m1"
		objLayer:i = 1
		closed_waypoints:b = false
		isShipSpline:b = false
		shipTurnRadius:r = 100
		weapons:t = ""
		bullets0:t = ""
		bullets1:t = ""
		bullets2:t = ""
		bullets3:t = ""
		bulletsCount0:i = 0
		bulletsCount1:i = 0
		bulletsCount2:i = 0
		bulletsCount3:i = 0
		crewSkillK:r = 0
		applyAllMods:b = false
		props {
			army:i = 1
			count:i = 1
			formation_type:t = "rows"
			formation_div:i = 3
			formation_step:p2 = 2.5, 2
			formation_noise:p2 = 0.1, 0.1
			uniqueName:t = ""
			attack_type:t = "fire_at_will"
		}
		way {

		}
	}
	air_defence {
		name:t = "t1_def_aaa_mid_05"
		tm:m = [[-0.776762, 0.0, 0.629794] [0.0, 1.0, 0.0] [-0.629794, 0.0, -0.776762] [18840.6, 64.1216, -17519.2]]
		unit_class:t = "us_40mm_bofors_airfield"
		objLayer:i = 1
		closed_waypoints:b = false
		isShipSpline:b = false
		shipTurnRadius:r = 100
		weapons:t = ""
		bullets0:t = ""
		bullets1:t = ""
		bullets2:t = ""
		bullets3:t = ""
		bulletsCount0:i = 0
		bulletsCount1:i = 0
		bulletsCount2:i = 0
		bulletsCount3:i = 0
		crewSkillK:r = 0
		applyAllMods:b = false
		props {
			army:i = 1
			count:i = 1
			formation_type:t = "rows"
			formation_div:i = 3
			formation_step:p2 = 2.5, 2
			formation_noise:p2 = 0.1, 0.1
			uniqueName:t = ""
			attack_type:t = "fire_at_will"
		}
		way {

		}
	}
	air_defence {
		name:t = "t1_def_aaa_mid_06"
		tm:m = [[-0.776762, 0.0, 0.629794] [0.0, 1.0, 0.0] [-0.629794, 0.0, -0.776762] [19674.7, 64.1217, -16908.0]]
		unit_class:t = "us_40mm_bofors_airfield"
		objLayer:i = 1
		closed_waypoints:b = false
		isShipSpline:b = false
		shipTurnRadius:r = 100
		weapons:t = ""
		bullets0:t = ""
		bullets1:t = ""
		bullets2:t = ""
		bullets3:t = ""
		bulletsCount0:i = 0
		bulletsCount1:i = 0
		bulletsCount2:i = 0
		bulletsCount3:i = 0
		crewSkillK:r = 0
		applyAllMods:b = false
		props {
			army:i = 1
			count:i = 1
			formation_type:t = "rows"
			formation_div:i = 3
			formation_step:p2 = 2.5, 2
			formation_noise:p2 = 0.1, 0.1
			uniqueName:t = ""
			attack_type:t = "fire_at_will"
		}
		way {

		}
	}
	air_defence {
		name:t = "t1_def_aaa_mid_07"
		tm:m = [[-0.776762, 0.0, 0.629794] [0.0, 1.0, 0.0] [-0.629794, 0.0, -0.776762] [18971.2, 64.1216, -17714.2]]
		unit_class:t = "us_40mm_bofors_airfield"
		objLayer:i = 1
		closed_waypoints:b = false
		isShipSpline:b = false
		shipTurnRadius:r = 100
		weapons:t = ""
		bullets0:t = ""
		bullets1:t = ""
		bullets2:t = ""
		bullets3:t = ""
		bulletsCount0:i = 0
		bulletsCount1:i = 0
		bulletsCount2:i = 0
		bulletsCount3:i = 0
		crewSkillK:r = 0
		applyAllMods:b = false
		props {
			army:i = 1
			count:i = 1
			formation_type:t = "rows"
			formation_div:i = 3
			formation_step:p2 = 2.5, 2
			formation_noise:p2 = 0.1, 0.1
			uniqueName:t = ""
			attack_type:t = "fire_at_will"
		}
		way {

		}
	}
	air_defence {
		name:t = "t1_def_aaa_mid_08"
		tm:m = [[-0.776762, 0.0, 0.629794] [0.0, 1.0, 0.0] [-0.629794, 0.0, -0.776762] [19849.6, 64.1217, -17039.7]]
		unit_class:t = "us_40mm_bofors_airfield"
		objLayer:i = 1
		closed_waypoints:b = false
		isShipSpline:b = false
		shipTurnRadius:r = 100
		weapons:t = ""
		bullets0:t = ""
		bullets1:t = ""
		bullets2:t = ""
		bullets3:t = ""
		bulletsCount0:i = 0
		bulletsCount1:i = 0
		bulletsCount2:i = 0
		bulletsCount3:i = 0
		crewSkillK:r = 0
		applyAllMods:b = false
		props {
			army:i = 1
			count:i = 1
			formation_type:t = "rows"
			formation_div:i = 3
			formation_step:p2 = 2.5, 2
			formation_noise:p2 = 0.1, 0.1
			uniqueName:t = ""
			attack_type:t = "fire_at_will"
		}
		way {

		}
	}
	air_defence {
		name:t = "t1_def_aaa_mid_09"
		tm:m = [[-0.776762, 0.0, 0.629794] [0.0, 1.0, 0.0] [-0.629794, 0.0, -0.776762] [19651.5, 64.1216, -17891.3]]
		unit_class:t = "us_40mm_bofors_airfield"
		objLayer:i = 1
		closed_waypoints:b = false
		isShipSpline:b = false
		shipTurnRadius:r = 100
		weapons:t = ""
		bullets0:t = ""
		bullets1:t = ""
		bullets2:t = ""
		bullets3:t = ""
		bulletsCount0:i = 0
		bulletsCount1:i = 0
		bulletsCount2:i = 0
		bulletsCount3:i = 0
		crewSkillK:r = 0
		applyAllMods:b = false
		props {
			army:i = 1
			count:i = 1
			formation_type:t = "rows"
			formation_div:i = 3
			formation_step:p2 = 2.5, 2
			formation_noise:p2 = 0.1, 0.1
			uniqueName:t = ""
			attack_type:t = "fire_at_will"
		}
		way {

		}
	}
	air_defence {
		name:t = "t1_def_aaa_mid_10"
		tm:m = [[-0.776762, 0.0, 0.629794] [0.0, 1.0, 0.0] [-0.629794, 0.0, -0.776762] [19930.3, 64.1216, -18066.7]]
		unit_class:t = "us_40mm_bofors_airfield"
		objLayer:i = 1
		closed_waypoints:b = false
		isShipSpline:b = false
		shipTurnRadius:r = 100
		weapons:t = ""
		bullets0:t = ""
		bullets1:t = ""
		bullets2:t = ""
		bullets3:t = ""
		bulletsCount0:i = 0
		bulletsCount1:i = 0
		bulletsCount2:i = 0
		bulletsCount3:i = 0
		crewSkillK:r = 0
		applyAllMods:b = false
		props {
			army:i = 1
			count:i = 1
			formation_type:t = "rows"
			formation_div:i = 3
			formation_step:p2 = 2.5, 2
			formation_noise:p2 = 0.1, 0.1
			uniqueName:t = ""
			attack_type:t = "fire_at_will"
		}
		way {

		}
	}
	air_defence {
		name:t = "t1_def_aaa_mid_11"
		tm:m = [[-0.776762, 0.0, 0.629794] [0.0, 1.0, 0.0] [-0.629794, 0.0, -0.776762] [20432.3, 64.1217, -17291.2]]
		unit_class:t = "us_12mm_m2"
		objLayer:i = 1
		closed_waypoints:b = false
		isShipSpline:b = false
		shipTurnRadius:r = 100
		weapons:t = ""
		bullets0:t = ""
		bullets1:t = ""
		bullets2:t = ""
		bullets3:t = ""
		bulletsCount0:i = 0
		bulletsCount1:i = 0
		bulletsCount2:i = 0
		bulletsCount3:i = 0
		crewSkillK:r = 0
		applyAllMods:b = false
		props {
			army:i = 1
			count:i = 1
			formation_type:t = "rows"
			formation_div:i = 3
			formation_step:p2 = 2.5, 2
			formation_noise:p2 = 0.1, 0.1
			uniqueName:t = ""
			attack_type:t = "fire_at_will"
		}
		way {

		}
	}
	air_defence {
		name:t = "t1_def_aaa_mid_12"
		tm:m = [[-0.776762, 0.0, 0.629794] [0.0, 1.0, 0.0] [-0.629794, 0.0, -0.776762] [19450.9, 64.1216, -17904.8]]
		unit_class:t = "us_12mm_m2"
		objLayer:i = 1
		closed_waypoints:b = false
		isShipSpline:b = false
		shipTurnRadius:r = 100
		weapons:t = ""
		bullets0:t = ""
		bullets1:t = ""
		bullets2:t = ""
		bullets3:t = ""
		bulletsCount0:i = 0
		bulletsCount1:i = 0
		bulletsCount2:i = 0
		bulletsCount3:i = 0
		crewSkillK:r = 0
		applyAllMods:b = false
		props {
			army:i = 1
			count:i = 1
			formation_type:t = "rows"
			formation_div:i = 3
			formation_step:p2 = 2.5, 2
			formation_noise:p2 = 0.1, 0.1
			uniqueName:t = ""
			attack_type:t = "fire_at_will"
		}
		way {

		}
	}
	air_defence {
		name:t = "t1_def_aaa_mid_13"
		tm:m = [[-0.776762, 0.0, 0.629794] [0.0, 1.0, 0.0] [-0.629794, 0.0, -0.776762] [20196.8, 64.1216, -18084.2]]
		unit_class:t = "us_12mm_m2"
		objLayer:i = 1
		closed_waypoints:b = false
		isShipSpline:b = false
		shipTurnRadius:r = 100
		weapons:t = ""
		bullets0:t = ""
		bullets1:t = ""
		bullets2:t = ""
		bullets3:t = ""
		bulletsCount0:i = 0
		bulletsCount1:i = 0
		bulletsCount2:i = 0
		bulletsCount3:i = 0
		crewSkillK:r = 0
		applyAllMods:b = false
		props {
			army:i = 1
			count:i = 1
			formation_type:t = "rows"
			formation_div:i = 3
			formation_step:p2 = 2.5, 2
			formation_noise:p2 = 0.1, 0.1
			uniqueName:t = ""
			attack_type:t = "fire_at_will"
		}
		way {

		}
	}
	air_defence {
		name:t = "t1_def_aaa_mid_14"
		tm:m = [[-0.776762, 0.0, 0.629794] [0.0, 1.0, 0.0] [-0.629794, 0.0, -0.776762] [19142.6, 64.1211, -16610.4]]
		unit_class:t = "us_12mm_m2"
		objLayer:i = 1
		closed_waypoints:b = false
		isShipSpline:b = false
		shipTurnRadius:r = 100
		weapons:t = ""
		bullets0:t = ""
		bullets1:t = ""
		bullets2:t = ""
		bullets3:t = ""
		bulletsCount0:i = 0
		bulletsCount1:i = 0
		bulletsCount2:i = 0
		bulletsCount3:i = 0
		crewSkillK:r = 0
		applyAllMods:b = false
		props {
			army:i = 1
			count:i = 1
			formation_type:t = "rows"
			formation_div:i = 3
			formation_step:p2 = 2.5, 2
			formation_noise:p2 = 0.1, 0.1
			uniqueName:t = ""
			attack_type:t = "fire_at_will"
		}
		way {

		}
	}
	squad {
		name:t = "t1_def_aaa_mid_squad"
		tm:m = [[-9.27894e-35, 0.0, -9.27894e-35] [0.0, 0.0, 0.0] [0.0, 0.0, -6.52345e-34] [-13109.3, 64.1995, -25410.7]]
		props {
			object_marking:i = 0
			squad_members:t = "t1_def_aaa_mid_14"
			squad_members:t = "t1_def_aaa_mid_01"
			squad_members:t = "t1_def_aaa_mid_02"
			squad_members:t = "t1_def_aaa_mid_03"
			squad_members:t = "t1_def_aaa_mid_04"
			squad_members:t = "t1_def_aaa_mid_05"
			squad_members:t = "t1_def_aaa_mid_06"
			squad_members:t = "t1_def_aaa_mid_07"
			squad_members:t = "t1_def_aaa_mid_08"
			squad_members:t = "t1_def_aaa_mid_09"
			squad_members:t = "t1_def_aaa_mid_10"
			squad_members:t = "t1_def_aaa_mid_11"
			squad_members:t = "t1_def_aaa_mid_12"
			squad_members:t = "t1_def_aaa_mid_13"
		}
	}
	air_defence {
		name:t = "t2_def_aaa_mid_01"
		tm:m = [[-0.780809, 0.0, 0.624769] [0.0, 1.0, 0.0] [-0.624769, 0.0, -0.780809] [-20473.9, 156.923, -2593.83]]
		unit_class:t = "germ_88mm_flak36"
		objLayer:i = 1
		closed_waypoints:b = false
		isShipSpline:b = false
		shipTurnRadius:r = 100
		weapons:t = ""
		bullets0:t = ""
		bullets1:t = ""
		bullets2:t = ""
		bullets3:t = ""
		bulletsCount0:i = 0
		bulletsCount1:i = 0
		bulletsCount2:i = 0
		bulletsCount3:i = 0
		crewSkillK:r = 0
		applyAllMods:b = false
		props {
			army:i = 2
			count:i = 1
			formation_type:t = "rows"
			formation_div:i = 3
			formation_step:p2 = 2.5, 2
			formation_noise:p2 = 0.1, 0.1
			uniqueName:t = ""
			attack_type:t = "fire_at_will"
		}
		way {

		}
	}
	air_defence {
		name:t = "t2_def_aaa_mid_02"
		tm:m = [[-0.780809, 0.0, 0.624769] [0.0, 1.0, 0.0] [-0.624769, 0.0, -0.780809] [-20966.5, 155.978, -3332.49]]
		unit_class:t = "germ_88mm_flak36"
		objLayer:i = 1
		closed_waypoints:b = false
		isShipSpline:b = false
		shipTurnRadius:r = 100
		weapons:t = ""
		bullets0:t = ""
		bullets1:t = ""
		bullets2:t = ""
		bullets3:t = ""
		bulletsCount0:i = 0
		bulletsCount1:i = 0
		bulletsCount2:i = 0
		bulletsCount3:i = 0
		crewSkillK:r = 0
		applyAllMods:b = false
		props {
			army:i = 2
			count:i = 1
			formation_type:t = "rows"
			formation_div:i = 3
			formation_step:p2 = 2.5, 2
			formation_noise:p2 = 0.1, 0.1
			uniqueName:t = ""
			attack_type:t = "fire_at_will"
		}
		way {

		}
	}
	air_defence {
		name:t = "t2_def_aaa_mid_03"
		tm:m = [[-0.780809, 0.0, 0.624769] [0.0, 1.0, 0.0] [-0.624769, 0.0, -0.780809] [-18927.8, 186.315, -4012.17]]
		unit_class:t = "germ_88mm_flak36"
		objLayer:i = 1
		closed_waypoints:b = false
		isShipSpline:b = false
		shipTurnRadius:r = 100
		weapons:t = ""
		bullets0:t = ""
		bullets1:t = ""
		bullets2:t = ""
		bullets3:t = ""
		bulletsCount0:i = 0
		bulletsCount1:i = 0
		bulletsCount2:i = 0
		bulletsCount3:i = 0
		crewSkillK:r = 0
		applyAllMods:b = false
		props {
			army:i = 2
			count:i = 1
			formation_type:t = "rows"
			formation_div:i = 3
			formation_step:p2 = 2.5, 2
			formation_noise:p2 = 0.1, 0.1
			uniqueName:t = ""
			attack_type:t = "fire_at_will"
		}
		way {

		}
	}
	air_defence {
		name:t = "t2_def_aaa_mid_04"
		tm:m = [[-0.780809, 0.0, 0.624769] [0.0, 1.0, 0.0] [-0.624769, 0.0, -0.780809] [-18649.8, 171.174, -3407.63]]
		unit_class:t = "germ_88mm_flak36"
		objLayer:i = 1
		closed_waypoints:b = false
		isShipSpline:b = false
		shipTurnRadius:r = 100
		weapons:t = ""
		bullets0:t = ""
		bullets1:t = ""
		bullets2:t = ""
		bullets3:t = ""
		bulletsCount0:i = 0
		bulletsCount1:i = 0
		bulletsCount2:i = 0
		bulletsCount3:i = 0
		crewSkillK:r = 0
		applyAllMods:b = false
		props {
			army:i = 2
			count:i = 1
			formation_type:t = "rows"
			formation_div:i = 3
			formation_step:p2 = 2.5, 2
			formation_noise:p2 = 0.1, 0.1
			uniqueName:t = ""
			attack_type:t = "fire_at_will"
		}
		way {

		}
	}
	air_defence {
		name:t = "t2_def_aaa_mid_05"
		tm:m = [[-0.780809, 0.0, 0.624769] [0.0, 1.0, 0.0] [-0.624769, 0.0, -0.780809] [-18798.6, 183.034, -3399.12]]
		unit_class:t = "germ_37mm_flak43"
		objLayer:i = 1
		closed_waypoints:b = false
		isShipSpline:b = false
		shipTurnRadius:r = 100
		weapons:t = ""
		bullets0:t = ""
		bullets1:t = ""
		bullets2:t = ""
		bullets3:t = ""
		bulletsCount0:i = 0
		bulletsCount1:i = 0
		bulletsCount2:i = 0
		bulletsCount3:i = 0
		crewSkillK:r = 0
		applyAllMods:b = false
		props {
			army:i = 2
			count:i = 1
			formation_type:t = "rows"
			formation_div:i = 3
			formation_step:p2 = 2.5, 2
			formation_noise:p2 = 0.1, 0.1
			uniqueName:t = ""
			attack_type:t = "fire_at_will"
		}
		way {

		}
	}
	air_defence {
		name:t = "t2_def_aaa_mid_06"
		tm:m = [[-0.780809, 0.0, 0.624769] [0.0, 1.0, 0.0] [-0.624769, 0.0, -0.780809] [-19155.6, 206.57, -4160.49]]
		unit_class:t = "germ_37mm_flak43"
		objLayer:i = 1
		closed_waypoints:b = false
		isShipSpline:b = false
		shipTurnRadius:r = 100
		weapons:t = ""
		bullets0:t = ""
		bullets1:t = ""
		bullets2:t = ""
		bullets3:t = ""
		bulletsCount0:i = 0
		bulletsCount1:i = 0
		bulletsCount2:i = 0
		bulletsCount3:i = 0
		crewSkillK:r = 0
		applyAllMods:b = false
		props {
			army:i = 2
			count:i = 1
			formation_type:t = "rows"
			formation_div:i = 3
			formation_step:p2 = 2.5, 2
			formation_noise:p2 = 0.1, 0.1
			uniqueName:t = ""
			attack_type:t = "fire_at_will"
		}
		way {

		}
	}
	air_defence {
		name:t = "t2_def_aaa_mid_07"
		tm:m = [[-0.780809, 0.0, 0.624769] [0.0, 1.0, 0.0] [-0.624769, 0.0, -0.780809] [-19389.3, 184.703, -3201.47]]
		unit_class:t = "germ_37mm_flak43"
		objLayer:i = 1
		closed_waypoints:b = false
		isShipSpline:b = false
		shipTurnRadius:r = 100
		weapons:t = ""
		bullets0:t = ""
		bullets1:t = ""
		bullets2:t = ""
		bullets3:t = ""
		bulletsCount0:i = 0
		bulletsCount1:i = 0
		bulletsCount2:i = 0
		bulletsCount3:i = 0
		crewSkillK:r = 0
		applyAllMods:b = false
		props {
			army:i = 2
			count:i = 1
			formation_type:t = "rows"
			formation_div:i = 3
			formation_step:p2 = 2.5, 2
			formation_noise:p2 = 0.1, 0.1
			uniqueName:t = ""
			attack_type:t = "fire_at_will"
		}
		way {

		}
	}
	air_defence {
		name:t = "t2_def_aaa_mid_08"
		tm:m = [[-0.780809, 0.0, 0.624769] [0.0, 1.0, 0.0] [-0.624769, 0.0, -0.780809] [-19778.9, 154.147, -3783.99]]
		unit_class:t = "germ_37mm_flak43"
		objLayer:i = 1
		closed_waypoints:b = false
		isShipSpline:b = false
		shipTurnRadius:r = 100
		weapons:t = ""
		bullets0:t = ""
		bullets1:t = ""
		bullets2:t = ""
		bullets3:t = ""
		bulletsCount0:i = 0
		bulletsCount1:i = 0
		bulletsCount2:i = 0
		bulletsCount3:i = 0
		crewSkillK:r = 0
		applyAllMods:b = false
		props {
			army:i = 2
			count:i = 1
			formation_type:t = "rows"
			formation_div:i = 3
			formation_step:p2 = 2.5, 2
			formation_noise:p2 = 0.1, 0.1
			uniqueName:t = ""
			attack_type:t = "fire_at_will"
		}
		way {

		}
	}
	air_defence {
		name:t = "t2_def_aaa_mid_09"
		tm:m = [[-0.780809, 0.0, 0.624769] [0.0, 1.0, 0.0] [-0.624769, 0.0, -0.780809] [-20245.1, 149.685, -3573.98]]
		unit_class:t = "germ_37mm_flak43"
		objLayer:i = 1
		closed_waypoints:b = false
		isShipSpline:b = false
		shipTurnRadius:r = 100
		weapons:t = ""
		bullets0:t = ""
		bullets1:t = ""
		bullets2:t = ""
		bullets3:t = ""
		bulletsCount0:i = 0
		bulletsCount1:i = 0
		bulletsCount2:i = 0
		bulletsCount3:i = 0
		crewSkillK:r = 0
		applyAllMods:b = false
		props {
			army:i = 2
			count:i = 1
			formation_type:t = "rows"
			formation_div:i = 3
			formation_step:p2 = 2.5, 2
			formation_noise:p2 = 0.1, 0.1
			uniqueName:t = ""
			attack_type:t = "fire_at_will"
		}
		way {

		}
	}
	air_defence {
		name:t = "t2_def_aaa_mid_10"
		tm:m = [[-0.780809, 0.0, 0.624769] [0.0, 1.0, 0.0] [-0.624769, 0.0, -0.780809] [-20093.4, 185.414, -2867.83]]
		unit_class:t = "germ_37mm_flak43"
		objLayer:i = 1
		closed_waypoints:b = false
		isShipSpline:b = false
		shipTurnRadius:r = 100
		weapons:t = ""
		bullets0:t = ""
		bullets1:t = ""
		bullets2:t = ""
		bullets3:t = ""
		bulletsCount0:i = 0
		bulletsCount1:i = 0
		bulletsCount2:i = 0
		bulletsCount3:i = 0
		crewSkillK:r = 0
		applyAllMods:b = false
		props {
			army:i = 2
			count:i = 1
			formation_type:t = "rows"
			formation_div:i = 3
			formation_step:p2 = 2.5, 2
			formation_noise:p2 = 0.1, 0.1
			uniqueName:t = ""
			attack_type:t = "fire_at_will"
		}
		way {

		}
	}
	air_defence {
		name:t = "t2_def_aaa_mid_11"
		tm:m = [[-0.780809, 0.0, 0.624769] [0.0, 1.0, 0.0] [-0.624769, 0.0, -0.780809] [-19829.0, 181.054, -3014.06]]
		unit_class:t = "germ_20mm_flak38_airfield"
		objLayer:i = 1
		closed_waypoints:b = false
		isShipSpline:b = false
		shipTurnRadius:r = 100
		weapons:t = ""
		bullets0:t = ""
		bullets1:t = ""
		bullets2:t = ""
		bullets3:t = ""
		bulletsCount0:i = 0
		bulletsCount1:i = 0
		bulletsCount2:i = 0
		bulletsCount3:i = 0
		crewSkillK:r = 0
		applyAllMods:b = false
		props {
			army:i = 2
			count:i = 1
			formation_type:t = "rows"
			formation_div:i = 3
			formation_step:p2 = 2.5, 2
			formation_noise:p2 = 0.1, 0.1
			uniqueName:t = ""
			attack_type:t = "fire_at_will"
		}
		way {

		}
	}
	air_defence {
		name:t = "t2_def_aaa_mid_12"
		tm:m = [[-0.780809, 0.0, 0.624769] [0.0, 1.0, 0.0] [-0.624769, 0.0, -0.780809] [-19098.4, 186.867, -3307.54]]
		unit_class:t = "germ_20mm_flak38_airfield"
		objLayer:i = 1
		closed_waypoints:b = false
		isShipSpline:b = false
		shipTurnRadius:r = 100
		weapons:t = ""
		bullets0:t = ""
		bullets1:t = ""
		bullets2:t = ""
		bullets3:t = ""
		bulletsCount0:i = 0
		bulletsCount1:i = 0
		bulletsCount2:i = 0
		bulletsCount3:i = 0
		crewSkillK:r = 0
		applyAllMods:b = false
		props {
			army:i = 2
			count:i = 1
			formation_type:t = "rows"
			formation_div:i = 3
			formation_step:p2 = 2.5, 2
			formation_noise:p2 = 0.1, 0.1
			uniqueName:t = ""
			attack_type:t = "fire_at_will"
		}
		way {

		}
	}
	air_defence {
		name:t = "t2_def_aaa_mid_13"
		tm:m = [[-0.780809, 0.0, 0.624769] [0.0, 1.0, 0.0] [-0.624769, 0.0, -0.780809] [-19584.3, 155.672, -3956.89]]
		unit_class:t = "germ_20mm_flak38_airfield"
		objLayer:i = 1
		closed_waypoints:b = false
		isShipSpline:b = false
		shipTurnRadius:r = 100
		weapons:t = ""
		bullets0:t = ""
		bullets1:t = ""
		bullets2:t = ""
		bullets3:t = ""
		bulletsCount0:i = 0
		bulletsCount1:i = 0
		bulletsCount2:i = 0
		bulletsCount3:i = 0
		crewSkillK:r = 0
		applyAllMods:b = false
		props {
			army:i = 2
			count:i = 1
			formation_type:t = "rows"
			formation_div:i = 3
			formation_step:p2 = 2.5, 2
			formation_noise:p2 = 0.1, 0.1
			uniqueName:t = ""
			attack_type:t = "fire_at_will"
		}
		way {

		}
	}
	air_defence {
		name:t = "t2_def_aaa_mid_14"
		tm:m = [[-0.780809, 0.0, 0.624769] [0.0, 1.0, 0.0] [-0.624769, 0.0, -0.780809] [-20660.5, 160.321, -3561.43]]
		unit_class:t = "germ_20mm_flak38_airfield"
		objLayer:i = 1
		closed_waypoints:b = false
		isShipSpline:b = false
		shipTurnRadius:r = 100
		weapons:t = ""
		bullets0:t = ""
		bullets1:t = ""
		bullets2:t = ""
		bullets3:t = ""
		bulletsCount0:i = 0
		bulletsCount1:i = 0
		bulletsCount2:i = 0
		bulletsCount3:i = 0
		crewSkillK:r = 0
		applyAllMods:b = false
		props {
			army:i = 2
			count:i = 1
			formation_type:t = "rows"
			formation_div:i = 3
			formation_step:p2 = 2.5, 2
			formation_noise:p2 = 0.1, 0.1
			uniqueName:t = ""
			attack_type:t = "fire_at_will"
		}
		way {

		}
	}
	squad {
		name:t = "t2_def_aaa_mid_squad"
		tm:m = [[-1.29762e-34, 0.0, -1.29762e-34] [0.0, 0.0, 0.0] [0.0, 0.0, -6.52192e-34] [14320.0, 190.014, -3587.56]]
		props {
			object_marking:i = 0
			squad_members:t = "t2_def_aaa_mid_14"
			squad_members:t = "t2_def_aaa_mid_05"
			squad_members:t = "t2_def_aaa_mid_06"
			squad_members:t = "t2_def_aaa_mid_07"
			squad_members:t = "t2_def_aaa_mid_08"
			squad_members:t = "t2_def_aaa_mid_09"
			squad_members:t = "t2_def_aaa_mid_10"
			squad_members:t = "t2_def_aaa_mid_11"
			squad_members:t = "t2_def_aaa_mid_12"
			squad_members:t = "t2_def_aaa_mid_13"
			squad_members:t = "t2_def_aaa_mid_02"
			squad_members:t = "t2_def_aaa_mid_01"
			squad_members:t = "t2_def_aaa_mid_03"
			squad_members:t = "t2_def_aaa_mid_04"
		}
	}
}
areas {
	t1_interceptor_area_mid {
		type:t = "Sphere"
		tm:m = [[21.6099, 0.0, -5999.97] [0.0, 6000.0, 0.0] [5999.97, 0.0, 21.6099] [19674.7, 2000.0, -17289.6]]
		objLayer:i = 4
		props {

		}
	}
	t1_assault_mid_spawn {
		type:t = "Sphere"
		tm:m = [[-299.759, 0.0, 12.007] [0.0, 300.0, 0.0] [-12.007, 0.0, -299.759] [14675.0, 1000.0, -17308.4]]
		objLayer:i = 4
		props {

		}
	}
	t1_aaa_fighter_area_mid {
		type:t = "Sphere"
		tm:m = [[14.4003, 0.0, -3999.96] [0.0, 4000.0, 0.0] [3999.96, 0.0, 14.4003] [19674.7, 3000.0, -17289.6]]
		objLayer:i = 4
		props {

		}
	}
	t1_assault_area_mid {
		type:t = "Sphere"
		tm:m = [[36.0015, 0.0, -9999.93] [0.0, 10000.0, 0.0] [9999.93, 0.0, 36.0015] [19674.7, 1000.0, -17289.6]]
		objLayer:i = 4
		props {

		}
	}
	t1_interceptor_mid_spawn {
		type:t = "Sphere"
		tm:m = [[-299.759, 0.0, 12.007] [0.0, 300.0, 0.0] [-12.007, 0.0, -299.759] [22655.7, 1000.0, -17278.4]]
		objLayer:i = 4
		props {

		}
	}
	t1_aaa_fighter_mid_spawn {
		type:t = "Sphere"
		tm:m = [[-299.759, 0.0, 12.007] [0.0, 300.0, 0.0] [-12.007, 0.0, -299.759] [21667.8, 2000.0, -17282.2]]
		objLayer:i = 4
		props {

		}
	}
	t1_far_bomber_mid_spawn {
		type:t = "Sphere"
		tm:m = [[-299.759, 0.0, 12.007] [0.0, 300.0, 0.0] [-12.007, 0.0, -299.759] [17675.5, 4500.0, -17296.5]]
		objLayer:i = 4
		props {

		}
	}
	t1_main_bomber_mid_spawn {
		type:t = "Sphere"
		tm:m = [[-299.759, 0.0, 12.007] [0.0, 300.0, 0.0] [-12.007, 0.0, -299.759] [17174.9, 3500.0, -17298.3]]
		objLayer:i = 4
		props {

		}
	}
	t1_far_bomber_area_mid {
		type:t = "Sphere"
		tm:m = [[14.4003, 0.0, -3999.96] [0.0, 4000.0, 0.0] [3999.96, 0.0, 14.4003] [19674.7, 4500.0, -17289.6]]
		objLayer:i = 4
		props {

		}
	}
	t1_main_bomber_area_mid {
		type:t = "Sphere"
		tm:m = [[18.0127, 0.0, -4999.98] [0.0, 5000.0, 0.0] [4999.98, 0.0, 18.0127] [19674.7, 3500.0, -17289.6]]
		objLayer:i = 4
		props {

		}
	}
	t2_interceptor_area_mid {
		type:t = "Sphere"
		tm:m = [[2790.34, 0.0, 5311.69] [0.0, 6000.0, 0.0] [-5311.69, 0.0, 2790.34] [-19788.8, 2007.86, -3302.03]]
		objLayer:i = 4
		props {

		}
	}
	t2_assault_mid_spawn {
		type:t = "Sphere"
		tm:m = [[259.246, 0.0, -150.968] [0.0, 300.0, 0.0] [150.968, 0.0, 259.246] [-15361.5, 1007.86, -5627.23]]
		objLayer:i = 4
		props {

		}
	}
	t2_aaa_fighter_area_mid {
		type:t = "Sphere"
		tm:m = [[1860.23, 0.0, 3541.12] [0.0, 4000.0, 0.0] [-3541.12, 0.0, 1860.23] [-19788.8, 3007.86, -3302.03]]
		objLayer:i = 4
		props {

		}
	}
	t2_assault_area_mid {
		type:t = "Sphere"
		tm:m = [[4650.57, 0.0, 8852.81] [0.0, 10000.0, 0.0] [-8852.81, 0.0, 4650.57] [-19788.8, 1007.86, -3302.03]]
		objLayer:i = 4
		props {

		}
	}
	t2_interceptor_mid_spawn {
		type:t = "Sphere"
		tm:m = [[259.246, 0.0, -150.968] [0.0, 300.0, 0.0] [150.968, 0.0, 259.246] [-22427.9, 1007.86, -1915.99]]
		objLayer:i = 4
		props {

		}
	}
	t2_aaa_fighter_mid_spawn {
		type:t = "Sphere"
		tm:m = [[259.246, 0.0, -150.968] [0.0, 300.0, 0.0] [150.968, 0.0, 259.246] [-21553.4, 2007.86, -2375.36]]
		objLayer:i = 4
		props {

		}
	}
	t2_far_bomber_mid_spawn {
		type:t = "Sphere"
		tm:m = [[259.246, 0.0, -150.968] [0.0, 300.0, 0.0] [150.968, 0.0, 259.246] [-18019.2, 4507.85, -4231.97]]
		objLayer:i = 4
		props {

		}
	}
	t2_main_bomber_mid_spawn {
		type:t = "Sphere"
		tm:m = [[259.246, 0.0, -150.968] [0.0, 300.0, 0.0] [150.968, 0.0, 259.246] [-17575.9, 3507.86, -4464.8]]
		objLayer:i = 4
		props {

		}
	}
	t2_far_bomber_area_mid {
		type:t = "Sphere"
		tm:m = [[1860.23, 0.0, 3541.12] [0.0, 4000.0, 0.0] [-3541.12, 0.0, 1860.23] [-19788.8, 4507.85, -3302.03]]
		objLayer:i = 4
		props {

		}
	}
	t2_main_bomber_area_mid {
		type:t = "Sphere"
		tm:m = [[2325.29, 0.0, 4426.41] [0.0, 5000.0, 0.0] [-4426.41, 0.0, 2325.29] [-19788.8, 3507.86, -3302.03]]
		objLayer:i = 4
		props {

		}
	}
	t1_airfield_mid_bombing_zone {
		type:t = "Box"
		tm:m = [[-2344.45, 0.0, 868.051] [0.0, 250.0, 0.0] [-260.416, 0.0, -703.338] [19559.5, -6.44288, -17304.6]]
		objLayer:i = 0
		props {

		}
	}
	t2_airfield_mid_bombing_zone {
		type:t = "Box"
		tm:m = [[-2289.46, 0.0, 1004.16] [0.0, 250.0, 0.0] [-301.248, 0.0, -686.84] [-19629.1, 96.0414, -3303.29]]
		objLayer:i = 0
		props {

		}
	}
	t1_common_fighters_mid_spawn {
		type:t = "Sphere"
		tm:m = [[-299.759, 0.0, 12.007] [0.0, 300.0, 0.0] [-12.007, 0.0, -299.759] [22655.7, 500.001, -17278.4]]
		objLayer:i = 4
		props {

		}
	}
	t2_common_fighters_mid_spawn {
		type:t = "Sphere"
		tm:m = [[259.246, 0.0, -150.968] [0.0, 300.0, 0.0] [150.968, 0.0, 259.246] [-22427.9, 507.856, -1915.99]]
		objLayer:i = 4
		props {

		}
	}
	airfields_area_mid_20km {
		type:t = "Sphere"
		tm:m = [[11743.1, 0.0, 38237.5] [0.0, 40000.1, 0.0] [-38237.5, 0.0, 11743.1] [-1167.4, 242.355, -13523.3]]
		objLayer:i = 4
		props {

		}
	}
}
objLayers {
	layer {
		enabled:b = true
	}
	layer {
		enabled:b = true
	}
	layer {
		enabled:b = true
	}
	layer {
		enabled:b = true
	}
	layer {
		enabled:b = true
	}
}
wayPoints {

}