selected_tag:t = ""
bin_dump_file:t = ""
mission_settings {
	player {
		army:i = 1
	}
	player_teamB {
		army:i = 2
	}
	mission {
		level:t = "levels/avg_africa_desert.bin"
		type:t = "domination"
		environment:t = "Day"
		weather:t = "hazy"
		locName:t = "missions/el_amain_BfD_norespawn"
		locDesc:t = "missions/_BfD_norespawn/desc"
		scoreLimit:i = 2900
		timeLimit:i = 60
		deathPenaltyMul:r = 0
		country_axis:t = "germany"
		country_allies:t = "usa"
		restoreType:t = "attempts"
		optionalTakeOff:b = false
		allowedUnitTypes {
			isAirplanesAllowed:b = true
			isTanksAllowed:b = false
			isShipsAllowed:b = false
			isHelicoptersAllowed:b = false
		}
	}
}
imports {

}
triggers {
	isCategory:b = true
	is_enabled:b = true
}
mission_objectives {
	isCategory:b = true
	is_enabled:b = true
}
variables {

}
dialogs {

}
airfields {

}
effects {

}
units {
	objectGroups {
		name:t = "t1_airfield_low"
		tm:m = [[0.645233, 0.0, -0.763985] [0.0, 1.0, 0.0] [0.763985, 0.0, 0.645233] [11436.8, 38.4714, -17326.3]]
		unit_class:t = "dynAF_kh_gol_airfield_gumrak_small"
		objLayer:i = 2
		props {
			army:i = 1
			active:b = true
		}
	}
	objectGroups {
		name:t = "t2_airfield_low"
		tm:m = [[-0.600529, 0.0, 0.799603] [0.0, 1.0, 0.0] [-0.799603, 0.0, -0.600529] [-13065.3, 98.2933, -7576.12]]
		unit_class:t = "dynAF_kh_gol_airfield_gumrak"
		objLayer:i = 2
		props {
			army:i = 2
			active:b = true
		}
	}
	air_defence {
		name:t = "t1_def_aaa_low_01"
		tm:m = [[-0.367318, 0.0, 0.930096] [0.0, 1.0, 0.0] [-0.930096, 0.0, -0.367318] [11796.7, 64.1215, -16825.2]]
		unit_class:t = "us_90mm_m1"
		objLayer:i = 1
		closed_waypoints:b = false
		isShipSpline:b = false
		shipTurnRadius:r = 100
		weapons:t = ""
		bullets0:t = ""
		bullets1:t = ""
		bullets2:t = ""
		bullets3:t = ""
		bulletsCount0:i = 0
		bulletsCount1:i = 0
		bulletsCount2:i = 0
		bulletsCount3:i = 0
		crewSkillK:r = 0
		applyAllMods:b = false
		props {
			army:i = 1
			count:i = 1
			formation_type:t = "rows"
			formation_div:i = 3
			formation_step:p2 = 2.5, 2
			formation_noise:p2 = 0.1, 0.1
			uniqueName:t = ""
			attack_type:t = "fire_at_will"
		}
		way {

		}
	}
	air_defence {
		name:t = "t1_def_aaa_low_02"
		tm:m = [[-0.367318, 0.0, 0.930096] [0.0, 1.0, 0.0] [-0.930096, 0.0, -0.367318] [11065.4, 64.1214, -16014.8]]
		unit_class:t = "us_90mm_m1"
		objLayer:i = 1
		closed_waypoints:b = false
		isShipSpline:b = false
		shipTurnRadius:r = 100
		weapons:t = ""
		bullets0:t = ""
		bullets1:t = ""
		bullets2:t = ""
		bullets3:t = ""
		bulletsCount0:i = 0
		bulletsCount1:i = 0
		bulletsCount2:i = 0
		bulletsCount3:i = 0
		crewSkillK:r = 0
		applyAllMods:b = false
		props {
			army:i = 1
			count:i = 1
			formation_type:t = "rows"
			formation_div:i = 3
			formation_step:p2 = 2.5, 2
			formation_noise:p2 = 0.1, 0.1
			uniqueName:t = ""
			attack_type:t = "fire_at_will"
		}
		way {

		}
	}
	air_defence {
		name:t = "t1_def_aaa_low_03"
		tm:m = [[-0.367318, 0.0, 0.930096] [0.0, 1.0, 0.0] [-0.930096, 0.0, -0.367318] [11292.8, 64.1215, -18448.2]]
		unit_class:t = "us_90mm_m1"
		objLayer:i = 1
		closed_waypoints:b = false
		isShipSpline:b = false
		shipTurnRadius:r = 100
		weapons:t = ""
		bullets0:t = ""
		bullets1:t = ""
		bullets2:t = ""
		bullets3:t = ""
		bulletsCount0:i = 0
		bulletsCount1:i = 0
		bulletsCount2:i = 0
		bulletsCount3:i = 0
		crewSkillK:r = 0
		applyAllMods:b = false
		props {
			army:i = 1
			count:i = 1
			formation_type:t = "rows"
			formation_div:i = 3
			formation_step:p2 = 2.5, 2
			formation_noise:p2 = 0.1, 0.1
			uniqueName:t = ""
			attack_type:t = "fire_at_will"
		}
		way {

		}
	}
	air_defence {
		name:t = "t1_def_aaa_low_04"
		tm:m = [[-0.367318, 0.0, 0.930096] [0.0, 1.0, 0.0] [-0.930096, 0.0, -0.367318] [12420.9, 64.1215, -17711.2]]
		unit_class:t = "us_90mm_m1"
		objLayer:i = 1
		closed_waypoints:b = false
		isShipSpline:b = false
		shipTurnRadius:r = 100
		weapons:t = ""
		bullets0:t = ""
		bullets1:t = ""
		bullets2:t = ""
		bullets3:t = ""
		bulletsCount0:i = 0
		bulletsCount1:i = 0
		bulletsCount2:i = 0
		bulletsCount3:i = 0
		crewSkillK:r = 0
		applyAllMods:b = false
		props {
			army:i = 1
			count:i = 1
			formation_type:t = "rows"
			formation_div:i = 3
			formation_step:p2 = 2.5, 2
			formation_noise:p2 = 0.1, 0.1
			uniqueName:t = ""
			attack_type:t = "fire_at_will"
		}
		way {

		}
	}
	air_defence {
		name:t = "t1_def_aaa_low_05"
		tm:m = [[-0.367318, 0.0, 0.930096] [0.0, 1.0, 0.0] [-0.930096, 0.0, -0.367318] [10630.6, 64.1214, -17065.1]]
		unit_class:t = "us_40mm_bofors_airfield"
		objLayer:i = 1
		closed_waypoints:b = false
		isShipSpline:b = false
		shipTurnRadius:r = 100
		weapons:t = ""
		bullets0:t = ""
		bullets1:t = ""
		bullets2:t = ""
		bullets3:t = ""
		bulletsCount0:i = 0
		bulletsCount1:i = 0
		bulletsCount2:i = 0
		bulletsCount3:i = 0
		crewSkillK:r = 0
		applyAllMods:b = false
		props {
			army:i = 1
			count:i = 1
			formation_type:t = "rows"
			formation_div:i = 3
			formation_step:p2 = 2.5, 2
			formation_noise:p2 = 0.1, 0.1
			uniqueName:t = ""
			attack_type:t = "fire_at_will"
		}
		way {

		}
	}
	air_defence {
		name:t = "t1_def_aaa_low_06"
		tm:m = [[-0.367318, 0.0, 0.930096] [0.0, 1.0, 0.0] [-0.930096, 0.0, -0.367318] [11657.3, 64.1215, -16942.3]]
		unit_class:t = "us_40mm_bofors_airfield"
		objLayer:i = 1
		closed_waypoints:b = false
		isShipSpline:b = false
		shipTurnRadius:r = 100
		weapons:t = ""
		bullets0:t = ""
		bullets1:t = ""
		bullets2:t = ""
		bullets3:t = ""
		bulletsCount0:i = 0
		bulletsCount1:i = 0
		bulletsCount2:i = 0
		bulletsCount3:i = 0
		crewSkillK:r = 0
		applyAllMods:b = false
		props {
			army:i = 1
			count:i = 1
			formation_type:t = "rows"
			formation_div:i = 3
			formation_step:p2 = 2.5, 2
			formation_noise:p2 = 0.1, 0.1
			uniqueName:t = ""
			attack_type:t = "fire_at_will"
		}
		way {

		}
	}
	air_defence {
		name:t = "t1_def_aaa_low_07"
		tm:m = [[-0.367318, 0.0, 0.930096] [0.0, 1.0, 0.0] [-0.930096, 0.0, -0.367318] [10648.7, 64.1214, -17299.1]]
		unit_class:t = "us_40mm_bofors_airfield"
		objLayer:i = 1
		closed_waypoints:b = false
		isShipSpline:b = false
		shipTurnRadius:r = 100
		weapons:t = ""
		bullets0:t = ""
		bullets1:t = ""
		bullets2:t = ""
		bullets3:t = ""
		bulletsCount0:i = 0
		bulletsCount1:i = 0
		bulletsCount2:i = 0
		bulletsCount3:i = 0
		crewSkillK:r = 0
		applyAllMods:b = false
		props {
			army:i = 1
			count:i = 1
			formation_type:t = "rows"
			formation_div:i = 3
			formation_step:p2 = 2.5, 2
			formation_noise:p2 = 0.1, 0.1
			uniqueName:t = ""
			attack_type:t = "fire_at_will"
		}
		way {

		}
	}
	air_defence {
		name:t = "t1_def_aaa_low_08"
		tm:m = [[-0.367318, 0.0, 0.930096] [0.0, 1.0, 0.0] [-0.930096, 0.0, -0.367318] [11745.2, 64.1215, -17142.9]]
		unit_class:t = "us_40mm_bofors_airfield"
		objLayer:i = 1
		closed_waypoints:b = false
		isShipSpline:b = false
		shipTurnRadius:r = 100
		weapons:t = ""
		bullets0:t = ""
		bullets1:t = ""
		bullets2:t = ""
		bullets3:t = ""
		bulletsCount0:i = 0
		bulletsCount1:i = 0
		bulletsCount2:i = 0
		bulletsCount3:i = 0
		crewSkillK:r = 0
		applyAllMods:b = false
		props {
			army:i = 1
			count:i = 1
			formation_type:t = "rows"
			formation_div:i = 3
			formation_step:p2 = 2.5, 2
			formation_noise:p2 = 0.1, 0.1
			uniqueName:t = ""
			attack_type:t = "fire_at_will"
		}
		way {

		}
	}
	air_defence {
		name:t = "t1_def_aaa_low_09"
		tm:m = [[-0.367318, 0.0, 0.930096] [0.0, 1.0, 0.0] [-0.930096, 0.0, -0.367318] [11154.3, 64.1214, -17787.5]]
		unit_class:t = "us_40mm_bofors_airfield"
		objLayer:i = 1
		closed_waypoints:b = false
		isShipSpline:b = false
		shipTurnRadius:r = 100
		weapons:t = ""
		bullets0:t = ""
		bullets1:t = ""
		bullets2:t = ""
		bullets3:t = ""
		bulletsCount0:i = 0
		bulletsCount1:i = 0
		bulletsCount2:i = 0
		bulletsCount3:i = 0
		crewSkillK:r = 0
		applyAllMods:b = false
		props {
			army:i = 1
			count:i = 1
			formation_type:t = "rows"
			formation_div:i = 3
			formation_step:p2 = 2.5, 2
			formation_noise:p2 = 0.1, 0.1
			uniqueName:t = ""
			attack_type:t = "fire_at_will"
		}
		way {

		}
	}
	air_defence {
		name:t = "t1_def_aaa_low_10"
		tm:m = [[-0.367318, 0.0, 0.930096] [0.0, 1.0, 0.0] [-0.930096, 0.0, -0.367318] [11311.0, 64.1214, -18077.2]]
		unit_class:t = "us_40mm_bofors_airfield"
		objLayer:i = 1
		closed_waypoints:b = false
		isShipSpline:b = false
		shipTurnRadius:r = 100
		weapons:t = ""
		bullets0:t = ""
		bullets1:t = ""
		bullets2:t = ""
		bullets3:t = ""
		bulletsCount0:i = 0
		bulletsCount1:i = 0
		bulletsCount2:i = 0
		bulletsCount3:i = 0
		crewSkillK:r = 0
		applyAllMods:b = false
		props {
			army:i = 1
			count:i = 1
			formation_type:t = "rows"
			formation_div:i = 3
			formation_step:p2 = 2.5, 2
			formation_noise:p2 = 0.1, 0.1
			uniqueName:t = ""
			attack_type:t = "fire_at_will"
		}
		way {

		}
	}
	air_defence {
		name:t = "t1_def_aaa_low_11"
		tm:m = [[-0.367318, 0.0, 0.930096] [0.0, 1.0, 0.0] [-0.930096, 0.0, -0.367318] [12129.1, 64.1215, -17648.1]]
		unit_class:t = "us_12mm_m2"
		objLayer:i = 1
		closed_waypoints:b = false
		isShipSpline:b = false
		shipTurnRadius:r = 100
		weapons:t = ""
		bullets0:t = ""
		bullets1:t = ""
		bullets2:t = ""
		bullets3:t = ""
		bulletsCount0:i = 0
		bulletsCount1:i = 0
		bulletsCount2:i = 0
		bulletsCount3:i = 0
		crewSkillK:r = 0
		applyAllMods:b = false
		props {
			army:i = 1
			count:i = 1
			formation_type:t = "rows"
			formation_div:i = 3
			formation_step:p2 = 2.5, 2
			formation_noise:p2 = 0.1, 0.1
			uniqueName:t = ""
			attack_type:t = "fire_at_will"
		}
		way {

		}
	}
	air_defence {
		name:t = "t1_def_aaa_low_12"
		tm:m = [[-0.367318, 0.0, 0.930096] [0.0, 1.0, 0.0] [-0.930096, 0.0, -0.367318] [10972.8, 64.1214, -17700.6]]
		unit_class:t = "us_12mm_m2"
		objLayer:i = 1
		closed_waypoints:b = false
		isShipSpline:b = false
		shipTurnRadius:r = 100
		weapons:t = ""
		bullets0:t = ""
		bullets1:t = ""
		bullets2:t = ""
		bullets3:t = ""
		bulletsCount0:i = 0
		bulletsCount1:i = 0
		bulletsCount2:i = 0
		bulletsCount3:i = 0
		crewSkillK:r = 0
		applyAllMods:b = false
		props {
			army:i = 1
			count:i = 1
			formation_type:t = "rows"
			formation_div:i = 3
			formation_step:p2 = 2.5, 2
			formation_noise:p2 = 0.1, 0.1
			uniqueName:t = ""
			attack_type:t = "fire_at_will"
		}
		way {

		}
	}
	air_defence {
		name:t = "t1_def_aaa_low_13"
		tm:m = [[-0.367318, 0.0, 0.930096] [0.0, 1.0, 0.0] [-0.930096, 0.0, -0.367318] [11534.5, 64.1214, -18223.3]]
		unit_class:t = "us_12mm_m2"
		objLayer:i = 1
		closed_waypoints:b = false
		isShipSpline:b = false
		shipTurnRadius:r = 100
		weapons:t = ""
		bullets0:t = ""
		bullets1:t = ""
		bullets2:t = ""
		bullets3:t = ""
		bulletsCount0:i = 0
		bulletsCount1:i = 0
		bulletsCount2:i = 0
		bulletsCount3:i = 0
		crewSkillK:r = 0
		applyAllMods:b = false
		props {
			army:i = 1
			count:i = 1
			formation_type:t = "rows"
			formation_div:i = 3
			formation_step:p2 = 2.5, 2
			formation_noise:p2 = 0.1, 0.1
			uniqueName:t = ""
			attack_type:t = "fire_at_will"
		}
		way {

		}
	}
	air_defence {
		name:t = "t1_def_aaa_low_14"
		tm:m = [[-0.367318, 0.0, 0.930096] [0.0, 1.0, 0.0] [-0.930096, 0.0, -0.367318] [11340.1, 64.1209, -16421.8]]
		unit_class:t = "us_12mm_m2"
		objLayer:i = 1
		closed_waypoints:b = false
		isShipSpline:b = false
		shipTurnRadius:r = 100
		weapons:t = ""
		bullets0:t = ""
		bullets1:t = ""
		bullets2:t = ""
		bullets3:t = ""
		bulletsCount0:i = 0
		bulletsCount1:i = 0
		bulletsCount2:i = 0
		bulletsCount3:i = 0
		crewSkillK:r = 0
		applyAllMods:b = false
		props {
			army:i = 1
			count:i = 1
			formation_type:t = "rows"
			formation_div:i = 3
			formation_step:p2 = 2.5, 2
			formation_noise:p2 = 0.1, 0.1
			uniqueName:t = ""
			attack_type:t = "fire_at_will"
		}
		way {

		}
	}
	squad {
		name:t = "t1_def_aaa_low_squad"
		tm:m = [[-9.27894e-35, 0.0, -9.27894e-35] [0.0, 0.0, 0.0] [0.0, 0.0, -6.52345e-34] [-9453.7, 64.1998, -23076.9]]
		props {
			object_marking:i = 0
			squad_members:t = "t1_def_aaa_low_14"
			squad_members:t = "t1_def_aaa_low_01"
			squad_members:t = "t1_def_aaa_low_02"
			squad_members:t = "t1_def_aaa_low_03"
			squad_members:t = "t1_def_aaa_low_04"
			squad_members:t = "t1_def_aaa_low_05"
			squad_members:t = "t1_def_aaa_low_06"
			squad_members:t = "t1_def_aaa_low_07"
			squad_members:t = "t1_def_aaa_low_08"
			squad_members:t = "t1_def_aaa_low_09"
			squad_members:t = "t1_def_aaa_low_10"
			squad_members:t = "t1_def_aaa_low_11"
			squad_members:t = "t1_def_aaa_low_12"
			squad_members:t = "t1_def_aaa_low_13"
		}
	}
	air_defence {
		name:t = "t2_def_aaa_low_01"
		tm:m = [[-0.367318, 0.0, 0.930096] [0.0, 1.0, 0.0] [-0.930096, 0.0, -0.367318] [-13228.6, 6.29227, -6037.52]]
		unit_class:t = "germ_88mm_flak36"
		objLayer:i = 1
		closed_waypoints:b = false
		isShipSpline:b = false
		shipTurnRadius:r = 100
		weapons:t = ""
		bullets0:t = ""
		bullets1:t = ""
		bullets2:t = ""
		bullets3:t = ""
		bulletsCount0:i = 0
		bulletsCount1:i = 0
		bulletsCount2:i = 0
		bulletsCount3:i = 0
		crewSkillK:r = 0
		applyAllMods:b = false
		props {
			army:i = 2
			count:i = 1
			formation_type:t = "rows"
			formation_div:i = 3
			formation_step:p2 = 2.5, 2
			formation_noise:p2 = 0.1, 0.1
			uniqueName:t = ""
			attack_type:t = "fire_at_will"
		}
		way {

		}
	}
	air_defence {
		name:t = "t2_def_aaa_low_02"
		tm:m = [[-0.367318, 0.0, 0.930096] [0.0, 1.0, 0.0] [-0.930096, 0.0, -0.367318] [-14216.1, 57.6939, -6893.4]]
		unit_class:t = "germ_88mm_flak36"
		objLayer:i = 1
		closed_waypoints:b = false
		isShipSpline:b = false
		shipTurnRadius:r = 100
		weapons:t = ""
		bullets0:t = ""
		bullets1:t = ""
		bullets2:t = ""
		bullets3:t = ""
		bulletsCount0:i = 0
		bulletsCount1:i = 0
		bulletsCount2:i = 0
		bulletsCount3:i = 0
		crewSkillK:r = 0
		applyAllMods:b = false
		props {
			army:i = 2
			count:i = 1
			formation_type:t = "rows"
			formation_div:i = 3
			formation_step:p2 = 2.5, 2
			formation_noise:p2 = 0.1, 0.1
			uniqueName:t = ""
			attack_type:t = "fire_at_will"
		}
		way {

		}
	}
	air_defence {
		name:t = "t2_def_aaa_low_03"
		tm:m = [[-0.367318, 0.0, 0.930096] [0.0, 1.0, 0.0] [-0.930096, 0.0, -0.367318] [-12365.4, 26.2976, -6843.45]]
		unit_class:t = "germ_88mm_flak36"
		objLayer:i = 1
		closed_waypoints:b = false
		isShipSpline:b = false
		shipTurnRadius:r = 100
		weapons:t = ""
		bullets0:t = ""
		bullets1:t = ""
		bullets2:t = ""
		bullets3:t = ""
		bulletsCount0:i = 0
		bulletsCount1:i = 0
		bulletsCount2:i = 0
		bulletsCount3:i = 0
		crewSkillK:r = 0
		applyAllMods:b = false
		props {
			army:i = 2
			count:i = 1
			formation_type:t = "rows"
			formation_div:i = 3
			formation_step:p2 = 2.5, 2
			formation_noise:p2 = 0.1, 0.1
			uniqueName:t = ""
			attack_type:t = "fire_at_will"
		}
		way {

		}
	}
	air_defence {
		name:t = "t2_def_aaa_low_04"
		tm:m = [[-0.367318, 0.0, 0.930096] [0.0, 1.0, 0.0] [-0.930096, 0.0, -0.367318] [-11991.9, 32.3444, -7362.31]]
		unit_class:t = "germ_88mm_flak36"
		objLayer:i = 1
		closed_waypoints:b = false
		isShipSpline:b = false
		shipTurnRadius:r = 100
		weapons:t = ""
		bullets0:t = ""
		bullets1:t = ""
		bullets2:t = ""
		bullets3:t = ""
		bulletsCount0:i = 0
		bulletsCount1:i = 0
		bulletsCount2:i = 0
		bulletsCount3:i = 0
		crewSkillK:r = 0
		applyAllMods:b = false
		props {
			army:i = 2
			count:i = 1
			formation_type:t = "rows"
			formation_div:i = 3
			formation_step:p2 = 2.5, 2
			formation_noise:p2 = 0.1, 0.1
			uniqueName:t = ""
			attack_type:t = "fire_at_will"
		}
		way {

		}
	}
	air_defence {
		name:t = "t2_def_aaa_low_05"
		tm:m = [[-0.367318, 0.0, 0.930096] [0.0, 1.0, 0.0] [-0.930096, 0.0, -0.367318] [-12307.4, 17.0201, -7777.43]]
		unit_class:t = "germ_37mm_flak43"
		objLayer:i = 1
		closed_waypoints:b = false
		isShipSpline:b = false
		shipTurnRadius:r = 100
		weapons:t = ""
		bullets0:t = ""
		bullets1:t = ""
		bullets2:t = ""
		bullets3:t = ""
		bulletsCount0:i = 0
		bulletsCount1:i = 0
		bulletsCount2:i = 0
		bulletsCount3:i = 0
		crewSkillK:r = 0
		applyAllMods:b = false
		props {
			army:i = 2
			count:i = 1
			formation_type:t = "rows"
			formation_div:i = 3
			formation_step:p2 = 2.5, 2
			formation_noise:p2 = 0.1, 0.1
			uniqueName:t = ""
			attack_type:t = "fire_at_will"
		}
		way {

		}
	}
	air_defence {
		name:t = "t2_def_aaa_low_06"
		tm:m = [[-0.367318, 0.0, 0.930096] [0.0, 1.0, 0.0] [-0.930096, 0.0, -0.367318] [-13055.7, 44.3641, -8511.52]]
		unit_class:t = "germ_37mm_flak43"
		objLayer:i = 1
		closed_waypoints:b = false
		isShipSpline:b = false
		shipTurnRadius:r = 100
		weapons:t = ""
		bullets0:t = ""
		bullets1:t = ""
		bullets2:t = ""
		bullets3:t = ""
		bulletsCount0:i = 0
		bulletsCount1:i = 0
		bulletsCount2:i = 0
		bulletsCount3:i = 0
		crewSkillK:r = 0
		applyAllMods:b = false
		props {
			army:i = 2
			count:i = 1
			formation_type:t = "rows"
			formation_div:i = 3
			formation_step:p2 = 2.5, 2
			formation_noise:p2 = 0.1, 0.1
			uniqueName:t = ""
			attack_type:t = "fire_at_will"
		}
		way {

		}
	}
	air_defence {
		name:t = "t2_def_aaa_low_07"
		tm:m = [[-0.367318, 0.0, 0.930096] [0.0, 1.0, 0.0] [-0.930096, 0.0, -0.367318] [-12721.9, 64.5921, -7312.38]]
		unit_class:t = "germ_37mm_flak43"
		objLayer:i = 1
		closed_waypoints:b = false
		isShipSpline:b = false
		shipTurnRadius:r = 100
		weapons:t = ""
		bullets0:t = ""
		bullets1:t = ""
		bullets2:t = ""
		bullets3:t = ""
		bulletsCount0:i = 0
		bulletsCount1:i = 0
		bulletsCount2:i = 0
		bulletsCount3:i = 0
		crewSkillK:r = 0
		applyAllMods:b = false
		props {
			army:i = 2
			count:i = 1
			formation_type:t = "rows"
			formation_div:i = 3
			formation_step:p2 = 2.5, 2
			formation_noise:p2 = 0.1, 0.1
			uniqueName:t = ""
			attack_type:t = "fire_at_will"
		}
		way {

		}
	}
	air_defence {
		name:t = "t2_def_aaa_low_08"
		tm:m = [[-0.367318, 0.0, 0.930096] [0.0, 1.0, 0.0] [-0.930096, 0.0, -0.367318] [-13409.5, 32.9075, -7875.2]]
		unit_class:t = "germ_37mm_flak43"
		objLayer:i = 1
		closed_waypoints:b = false
		isShipSpline:b = false
		shipTurnRadius:r = 100
		weapons:t = ""
		bullets0:t = ""
		bullets1:t = ""
		bullets2:t = ""
		bullets3:t = ""
		bulletsCount0:i = 0
		bulletsCount1:i = 0
		bulletsCount2:i = 0
		bulletsCount3:i = 0
		crewSkillK:r = 0
		applyAllMods:b = false
		props {
			army:i = 2
			count:i = 1
			formation_type:t = "rows"
			formation_div:i = 3
			formation_step:p2 = 2.5, 2
			formation_noise:p2 = 0.1, 0.1
			uniqueName:t = ""
			attack_type:t = "fire_at_will"
		}
		way {

		}
	}
	air_defence {
		name:t = "t2_def_aaa_low_09"
		tm:m = [[-0.367318, 0.0, 0.930096] [0.0, 1.0, 0.0] [-0.930096, 0.0, -0.367318] [-13709.9, 77.6648, -7461.36]]
		unit_class:t = "germ_37mm_flak43"
		objLayer:i = 1
		closed_waypoints:b = false
		isShipSpline:b = false
		shipTurnRadius:r = 100
		weapons:t = ""
		bullets0:t = ""
		bullets1:t = ""
		bullets2:t = ""
		bullets3:t = ""
		bulletsCount0:i = 0
		bulletsCount1:i = 0
		bulletsCount2:i = 0
		bulletsCount3:i = 0
		crewSkillK:r = 0
		applyAllMods:b = false
		props {
			army:i = 2
			count:i = 1
			formation_type:t = "rows"
			formation_div:i = 3
			formation_step:p2 = 2.5, 2
			formation_noise:p2 = 0.1, 0.1
			uniqueName:t = ""
			attack_type:t = "fire_at_will"
		}
		way {

		}
	}
	air_defence {
		name:t = "t2_def_aaa_low_10"
		tm:m = [[-0.367318, 0.0, 0.930096] [0.0, 1.0, 0.0] [-0.930096, 0.0, -0.367318] [-13167.3, 13.6319, -6673.12]]
		unit_class:t = "germ_37mm_flak43"
		objLayer:i = 1
		closed_waypoints:b = false
		isShipSpline:b = false
		shipTurnRadius:r = 100
		weapons:t = ""
		bullets0:t = ""
		bullets1:t = ""
		bullets2:t = ""
		bullets3:t = ""
		bulletsCount0:i = 0
		bulletsCount1:i = 0
		bulletsCount2:i = 0
		bulletsCount3:i = 0
		crewSkillK:r = 0
		applyAllMods:b = false
		props {
			army:i = 2
			count:i = 1
			formation_type:t = "rows"
			formation_div:i = 3
			formation_step:p2 = 2.5, 2
			formation_noise:p2 = 0.1, 0.1
			uniqueName:t = ""
			attack_type:t = "fire_at_will"
		}
		way {

		}
	}
	air_defence {
		name:t = "t2_def_aaa_low_11"
		tm:m = [[-0.367318, 0.0, 0.930096] [0.0, 1.0, 0.0] [-0.930096, 0.0, -0.367318] [-13010.4, 51.6786, -6931.38]]
		unit_class:t = "germ_20mm_flak38_airfield"
		objLayer:i = 1
		closed_waypoints:b = false
		isShipSpline:b = false
		shipTurnRadius:r = 100
		weapons:t = ""
		bullets0:t = ""
		bullets1:t = ""
		bullets2:t = ""
		bullets3:t = ""
		bulletsCount0:i = 0
		bulletsCount1:i = 0
		bulletsCount2:i = 0
		bulletsCount3:i = 0
		crewSkillK:r = 0
		applyAllMods:b = false
		props {
			army:i = 2
			count:i = 1
			formation_type:t = "rows"
			formation_div:i = 3
			formation_step:p2 = 2.5, 2
			formation_noise:p2 = 0.1, 0.1
			uniqueName:t = ""
			attack_type:t = "fire_at_will"
		}
		way {

		}
	}
	air_defence {
		name:t = "t2_def_aaa_low_12"
		tm:m = [[-0.367318, 0.0, 0.930096] [0.0, 1.0, 0.0] [-0.930096, 0.0, -0.367318] [-12522.2, 13.0715, -7548.99]]
		unit_class:t = "germ_20mm_flak38_airfield"
		objLayer:i = 1
		closed_waypoints:b = false
		isShipSpline:b = false
		shipTurnRadius:r = 100
		weapons:t = ""
		bullets0:t = ""
		bullets1:t = ""
		bullets2:t = ""
		bullets3:t = ""
		bulletsCount0:i = 0
		bulletsCount1:i = 0
		bulletsCount2:i = 0
		bulletsCount3:i = 0
		crewSkillK:r = 0
		applyAllMods:b = false
		props {
			army:i = 2
			count:i = 1
			formation_type:t = "rows"
			formation_div:i = 3
			formation_step:p2 = 2.5, 2
			formation_noise:p2 = 0.1, 0.1
			uniqueName:t = ""
			attack_type:t = "fire_at_will"
		}
		way {

		}
	}
	air_defence {
		name:t = "t2_def_aaa_low_13"
		tm:m = [[-0.367318, 0.0, 0.930096] [0.0, 1.0, 0.0] [-0.930096, 0.0, -0.367318] [-13326.5, 26.6765, -8121.91]]
		unit_class:t = "germ_20mm_flak38_airfield"
		objLayer:i = 1
		closed_waypoints:b = false
		isShipSpline:b = false
		shipTurnRadius:r = 100
		weapons:t = ""
		bullets0:t = ""
		bullets1:t = ""
		bullets2:t = ""
		bullets3:t = ""
		bulletsCount0:i = 0
		bulletsCount1:i = 0
		bulletsCount2:i = 0
		bulletsCount3:i = 0
		crewSkillK:r = 0
		applyAllMods:b = false
		props {
			army:i = 2
			count:i = 1
			formation_type:t = "rows"
			formation_div:i = 3
			formation_step:p2 = 2.5, 2
			formation_noise:p2 = 0.1, 0.1
			uniqueName:t = ""
			attack_type:t = "fire_at_will"
		}
		way {

		}
	}
	air_defence {
		name:t = "t2_def_aaa_low_14"
		tm:m = [[-0.367318, 0.0, 0.930096] [0.0, 1.0, 0.0] [-0.930096, 0.0, -0.367318] [-14064.2, 16.9827, -7244.02]]
		unit_class:t = "germ_20mm_flak38_airfield"
		objLayer:i = 1
		closed_waypoints:b = false
		isShipSpline:b = false
		shipTurnRadius:r = 100
		weapons:t = ""
		bullets0:t = ""
		bullets1:t = ""
		bullets2:t = ""
		bullets3:t = ""
		bulletsCount0:i = 0
		bulletsCount1:i = 0
		bulletsCount2:i = 0
		bulletsCount3:i = 0
		crewSkillK:r = 0
		applyAllMods:b = false
		props {
			army:i = 2
			count:i = 1
			formation_type:t = "rows"
			formation_div:i = 3
			formation_step:p2 = 2.5, 2
			formation_noise:p2 = 0.1, 0.1
			uniqueName:t = ""
			attack_type:t = "fire_at_will"
		}
		way {

		}
	}
	squad {
		name:t = "t2_def_aaa_low_squad"
		tm:m = [[-1.29762e-34, 0.0, -1.29762e-34] [0.0, 0.0, 0.0] [0.0, 0.0, -6.52192e-34] [9197.66, 358.771, -5243.49]]
		props {
			object_marking:i = 0
			squad_members:t = "t2_def_aaa_low_14"
			squad_members:t = "t2_def_aaa_low_05"
			squad_members:t = "t2_def_aaa_low_06"
			squad_members:t = "t2_def_aaa_low_07"
			squad_members:t = "t2_def_aaa_low_08"
			squad_members:t = "t2_def_aaa_low_09"
			squad_members:t = "t2_def_aaa_low_10"
			squad_members:t = "t2_def_aaa_low_11"
			squad_members:t = "t2_def_aaa_low_12"
			squad_members:t = "t2_def_aaa_low_13"
			squad_members:t = "t2_def_aaa_low_02"
			squad_members:t = "t2_def_aaa_low_01"
			squad_members:t = "t2_def_aaa_low_03"
			squad_members:t = "t2_def_aaa_low_04"
		}
	}
}
areas {
	t1_interceptor_area_low {
		type:t = "Sphere"
		tm:m = [[-2927.94, 0.0, -5237.1] [0.0, 6000.0, 0.0] [5237.1, 0.0, -2927.94] [11470.0, 2000.0, -17274.7]]
		objLayer:i = 4
		props {

		}
	}
	t1_assault_low_spawn {
		type:t = "Sphere"
		tm:m = [[-255.219, 0.0, 157.679] [0.0, 300.0, 0.0] [-157.679, 0.0, -255.219] [7105.66, 1000.0, -14835.6]]
		objLayer:i = 4
		props {

		}
	}
	t1_aaa_fighter_area_low {
		type:t = "Sphere"
		tm:m = [[-1951.95, 0.0, -3491.39] [0.0, 4000.0, 0.0] [3491.39, 0.0, -1951.95] [11470.0, 3000.0, -17274.7]]
		objLayer:i = 4
		props {

		}
	}
	t1_assault_area_low {
		type:t = "Sphere"
		tm:m = [[-4879.9, 0.0, -8728.49] [0.0, 10000.0, 0.0] [8728.49, 0.0, -4879.9] [11470.0, 1000.0, -17274.7]]
		objLayer:i = 4
		props {

		}
	}
	t1_interceptor_low_spawn {
		type:t = "Sphere"
		tm:m = [[-255.219, 0.0, 157.679] [0.0, 300.0, 0.0] [-157.679, 0.0, -255.219] [14072.2, 1000.0, -18729.1]]
		objLayer:i = 4
		props {

		}
	}
	t1_aaa_fighter_low_spawn {
		type:t = "Sphere"
		tm:m = [[-255.219, 0.0, 157.679] [0.0, 300.0, 0.0] [-157.679, 0.0, -255.219] [13209.8, 2000.0, -18247.0]]
		objLayer:i = 4
		props {

		}
	}
	t1_far_bomber_low_spawn {
		type:t = "Sphere"
		tm:m = [[-255.219, 0.0, 157.679] [0.0, 300.0, 0.0] [-157.679, 0.0, -255.219] [9725.07, 4500.0, -16298.9]]
		objLayer:i = 4
		props {

		}
	}
	t1_main_bomber_low_spawn {
		type:t = "Sphere"
		tm:m = [[-255.219, 0.0, 157.679] [0.0, 300.0, 0.0] [-157.679, 0.0, -255.219] [9288.15, 3500.0, -16054.6]]
		objLayer:i = 4
		props {

		}
	}
	t1_far_bomber_area_low {
		type:t = "Sphere"
		tm:m = [[-1951.95, 0.0, -3491.39] [0.0, 4000.0, 0.0] [3491.39, 0.0, -1951.95] [11470.0, 4500.0, -17274.7]]
		objLayer:i = 4
		props {

		}
	}
	t1_main_bomber_area_low {
		type:t = "Sphere"
		tm:m = [[-2439.94, 0.0, -4364.25] [0.0, 5000.0, 0.0] [4364.25, 0.0, -2439.94] [11470.0, 3500.0, -17274.7]]
		objLayer:i = 4
		props {

		}
	}
	t2_interceptor_area_low {
		type:t = "Sphere"
		tm:m = [[2518.78, 0.0, 5445.71] [0.0, 6000.0, 0.0] [-5445.71, 0.0, 2518.78] [-13093.7, 2000.0, -7693.16]]
		objLayer:i = 4
		props {

		}
	}
	t2_assault_low_spawn {
		type:t = "Sphere"
		tm:m = [[266.533, 0.0, -137.695] [0.0, 300.0, 0.0] [137.695, 0.0, 266.533] [-8554.82, 1000.0, -9791.97]]
		objLayer:i = 4
		props {

		}
	}
	t2_aaa_fighter_area_low {
		type:t = "Sphere"
		tm:m = [[1679.19, 0.0, 3630.47] [0.0, 4000.0, 0.0] [-3630.47, 0.0, 1679.19] [-13093.7, 3000.0, -7693.16]]
		objLayer:i = 4
		props {

		}
	}
	t2_assault_area_low {
		type:t = "Sphere"
		tm:m = [[4197.97, 0.0, 9076.18] [0.0, 10000.0, 0.0] [-9076.18, 0.0, 4197.97] [-13093.7, 1000.0, -7693.16]]
		objLayer:i = 4
		props {

		}
	}
	t2_interceptor_low_spawn {
		type:t = "Sphere"
		tm:m = [[266.533, 0.0, -137.695] [0.0, 300.0, 0.0] [137.695, 0.0, 266.533] [-15799.5, 1000.0, -6441.98]]
		objLayer:i = 4
		props {

		}
	}
	t2_aaa_fighter_low_spawn {
		type:t = "Sphere"
		tm:m = [[266.533, 0.0, -137.695] [0.0, 300.0, 0.0] [137.695, 0.0, 266.533] [-14902.9, 2000.0, -6856.7]]
		objLayer:i = 4
		props {

		}
	}
	t2_far_bomber_low_spawn {
		type:t = "Sphere"
		tm:m = [[266.533, 0.0, -137.695] [0.0, 300.0, 0.0] [137.695, 0.0, 266.533] [-11279.5, 4500.0, -8532.63]]
		objLayer:i = 4
		props {

		}
	}
	t2_main_bomber_low_spawn {
		type:t = "Sphere"
		tm:m = [[266.533, 0.0, -137.695] [0.0, 300.0, 0.0] [137.695, 0.0, 266.533] [-10825.0, 3500.0, -8742.77]]
		objLayer:i = 4
		props {

		}
	}
	t2_far_bomber_area_low {
		type:t = "Sphere"
		tm:m = [[1679.19, 0.0, 3630.47] [0.0, 4000.0, 0.0] [-3630.47, 0.0, 1679.19] [-13093.7, 4500.0, -7693.16]]
		objLayer:i = 4
		props {

		}
	}
	t2_main_bomber_area_low {
		type:t = "Sphere"
		tm:m = [[2098.98, 0.0, 4538.1] [0.0, 5000.0, 0.0] [-4538.1, 0.0, 2098.98] [-13093.7, 3500.0, -7693.16]]
		objLayer:i = 4
		props {

		}
	}
	t1_airfield_low_bombing_zone {
		type:t = "Box"
		tm:m = [[-1292.72, 0.0, 1526.06] [0.0, 250.0, 0.0] [-572.275, 0.0, -484.771] [11334.0, -6.44324, -17406.5]]
		objLayer:i = 0
		props {

		}
	}
	t2_airfield_low_bombing_zone {
		type:t = "Box"
		tm:m = [[-1186.16, 0.0, 1610.29] [0.0, 250.0, 0.0] [-603.856, 0.0, -444.811] [-13003.8, 8.88989, -7468.04]]
		objLayer:i = 0
		props {

		}
	}
	t1_common_fighters_low_spawn {
		type:t = "Sphere"
		tm:m = [[-255.219, 0.0, 157.679] [0.0, 300.0, 0.0] [-157.679, 0.0, -255.219] [14072.2, 500.001, -18729.1]]
		objLayer:i = 4
		props {

		}
	}
	t2_common_fighters_low_spawn {
		type:t = "Sphere"
		tm:m = [[266.533, 0.0, -137.695] [0.0, 300.0, 0.0] [137.695, 0.0, 266.533] [-15799.5, 500.0, -6441.98]]
		objLayer:i = 4
		props {

		}
	}
	airfields_area_low_12km {
		type:t = "Sphere"
		tm:m = [[5879.26, 0.0, 23268.7] [0.0, 24000.0, 0.0] [-23268.7, 0.0, 5879.26] [-1167.42, 242.355, -13523.3]]
		objLayer:i = 4
		props {

		}
	}
}
objLayers {
	layer {
		enabled:b = true
	}
	layer {
		enabled:b = true
	}
	layer {
		enabled:b = true
	}
	layer {
		enabled:b = true
	}
	layer {
		enabled:b = true
	}
}
wayPoints {

}