selected_tag:t = ""
bin_dump_file:t = ""
mission_settings {
	player {
		army:i = 1
	}
	player_teamB {
		army:i = 2
	}
	mission {
		level:t = "levels/air_south_eastern_city.bin"
		type:t = "domination"
		environment:t = "Day"
		weather:t = "clear"
	}
}
imports {

}
triggers {
	isCategory:b = true
	is_enabled:b = true
	airfileds_high_init {
		is_enabled:b = true
		comments:t = ""
		props {
			actionsType:t = "PERFORM_ONE_BY_ONE"
			conditionsType:t = "ALL"
			enableAfterComplete:b = false
		}
		events {
			initMission {

			}
		}
		conditions {

		}
		actions {
			unitSetProperties {
				object:t = "t1_def_aaa_high_squad"
				object:t = "t2_def_aaa_high_squad"
				object_marking:i = 0
				object_var_name:t = ""
				object_var_comp_op:t = "equal"
				object_var_value:i = 0
				accuracy:r = 0.9
				checkVisibilityTarget:b = true
				effShootingRate:r = 1
				airEffShootingRate:r = 1
				useSearchRadar:b = true
				fireRandom:b = true
				targetChangeInterval:r = 5
				targetChangeProb:r = 0.25
			}
		}
		else_actions {

		}
	}
}
mission_objectives {
	isCategory:b = true
	is_enabled:b = true
}
variables {

}
dialogs {

}
airfields {

}
effects {

}
units {
	objectGroups {
		name:t = "t1_airfield_high"
		tm:m = [[-0.923685, 0.0, -0.383152] [0.0, 1.0, 0.0] [0.383152, 0.0, -0.923685] [-24404.6, 67.9941, -9671.64]]
		unit_class:t = "dynaf_pg_1line_3000_universal"
		objLayer:i = 2
		props {
			army:i = 1
			active:b = true
		}
	}
	objectGroups {
		name:t = "t2_airfield_high"
		tm:m = [[0.978589, 0.0, 0.205826] [0.0, 1.0, 0.0] [-0.205826, 0.0, 0.978589] [28416.8, 75.6084, 8980.97]]
		unit_class:t = "dynaf_pg_1line_3000_universal"
		objLayer:i = 2
		props {
			army:i = 2
			active:b = true
		}
	}
	objectGroups {
		name:t = "t1_airfield_high_reload"
		tm:m = [[-0.765108, 0.0, -0.643901] [0.0, 1.0, 0.0] [0.643901, 0.0, -0.765108] [-20845.4, 52.8164, -1815.54]]
		unit_class:t = "dynaf_pg_1line_ground"
		objLayer:i = 2
		props {
			army:i = 1
			active:b = true
		}
	}
	objectGroups {
		name:t = "t2_airfield_high_reload"
		tm:m = [[0.998508, 0.0, 0.0546134] [0.0, 1.0, 0.0] [-0.0546134, 0.0, 0.998508] [20672.0, 36.4437, 7571.95]]
		unit_class:t = "dynaf_pg_1line_ground"
		objLayer:i = 2
		props {
			army:i = 2
			active:b = true
		}
	}
	tankModels {
		name:t = "t2_aaa_high_light_01"
		tm:m = [[0.971352, 0.0, 0.237639] [0.0, 1.0, 0.0] [-0.237639, 0.0, 0.971352] [30531.0, 92.0327, 8581.67]]
		unit_class:t = "sw_veak_40"
		objLayer:i = 1
		closed_waypoints:b = false
		isShipSpline:b = false
		shipTurnRadius:r = 100
		weapons:t = ""
		bullets0:t = "40mm_sw_kan_HE"
		bullets1:t = ""
		bullets2:t = ""
		bullets3:t = ""
		bulletsCount0:i = 0
		bulletsCount1:i = 0
		bulletsCount2:i = 0
		bulletsCount3:i = 0
		crewSkillK:r = 0
		applyAllMods:b = false
		props {
			army:i = 2
			count:i = 1
			formation_type:t = "rows"
			formation_div:i = 3
			formation_step:p2 = 2.5, 2
			formation_noise:p2 = 0.1, 0.1
			uniqueName:t = ""
			attack_type:t = "fire_at_will"
		}
		way {

		}
	}
	tankModels {
		name:t = "t2_aaa_high_heavy_01"
		tm:m = [[0.971352, 0.0, 0.237639] [0.0, 1.0, 0.0] [-0.237639, 0.0, 0.971352] [30187.8, 64.6587, 9980.82]]
		unit_class:t = "fr_amx_30_roland"
		objLayer:i = 1
		closed_waypoints:b = false
		isShipSpline:b = false
		shipTurnRadius:r = 100
		weapons:t = ""
		bullets0:t = ""
		bullets1:t = ""
		bullets2:t = ""
		bullets3:t = ""
		bulletsCount0:i = 0
		bulletsCount1:i = 0
		bulletsCount2:i = 0
		bulletsCount3:i = 0
		crewSkillK:r = 0
		applyAllMods:b = false
		props {
			army:i = 2
			count:i = 1
			formation_type:t = "rows"
			formation_div:i = 3
			formation_step:p2 = 2.5, 2
			formation_noise:p2 = 0.1, 0.1
			uniqueName:t = ""
			attack_type:t = "fire_at_will"
		}
		way {

		}
	}
	tankModels {
		name:t = "t2_aaa_high_light_02"
		tm:m = [[-0.960062, 0.0, -0.279784] [0.0, 1.0, 0.0] [0.279784, 0.0, -0.960062] [28621.7, 67.2002, 9841.41]]
		unit_class:t = "sw_veak_40"
		objLayer:i = 1
		closed_waypoints:b = false
		isShipSpline:b = false
		shipTurnRadius:r = 100
		weapons:t = ""
		bullets0:t = "40mm_sw_kan_HE"
		bullets1:t = ""
		bullets2:t = ""
		bullets3:t = ""
		bulletsCount0:i = 0
		bulletsCount1:i = 0
		bulletsCount2:i = 0
		bulletsCount3:i = 0
		crewSkillK:r = 0
		applyAllMods:b = false
		props {
			army:i = 2
			count:i = 1
			formation_type:t = "rows"
			formation_div:i = 3
			formation_step:p2 = 2.5, 2
			formation_noise:p2 = 0.1, 0.1
			uniqueName:t = ""
			attack_type:t = "fire_at_will"
		}
		way {

		}
	}
	tankModels {
		name:t = "t2_aaa_high_light_03"
		tm:m = [[0.971352, 0.0, 0.237639] [0.0, 1.0, 0.0] [-0.237639, 0.0, 0.971352] [26996.3, 93.5, 7869.79]]
		unit_class:t = "sw_veak_40"
		objLayer:i = 1
		closed_waypoints:b = false
		isShipSpline:b = false
		shipTurnRadius:r = 100
		weapons:t = ""
		bullets0:t = "40mm_sw_kan_HE"
		bullets1:t = ""
		bullets2:t = ""
		bullets3:t = ""
		bulletsCount0:i = 0
		bulletsCount1:i = 0
		bulletsCount2:i = 0
		bulletsCount3:i = 0
		crewSkillK:r = 0
		applyAllMods:b = false
		props {
			army:i = 2
			count:i = 1
			formation_type:t = "rows"
			formation_div:i = 3
			formation_step:p2 = 2.5, 2
			formation_noise:p2 = 0.1, 0.1
			uniqueName:t = ""
			attack_type:t = "fire_at_will"
		}
		way {

		}
	}
	tankModels {
		name:t = "t2_aaa_high_light_04"
		tm:m = [[-0.896892, 0.0, -0.442246] [0.0, 1.0, 0.0] [0.442246, 0.0, -0.896892] [26445.6, 79.392, 9047.02]]
		unit_class:t = "sw_veak_40"
		objLayer:i = 1
		closed_waypoints:b = false
		isShipSpline:b = false
		shipTurnRadius:r = 100
		weapons:t = ""
		bullets0:t = "40mm_sw_kan_HE"
		bullets1:t = ""
		bullets2:t = ""
		bullets3:t = ""
		bulletsCount0:i = 0
		bulletsCount1:i = 0
		bulletsCount2:i = 0
		bulletsCount3:i = 0
		crewSkillK:r = 0
		applyAllMods:b = false
		props {
			army:i = 2
			count:i = 1
			formation_type:t = "rows"
			formation_div:i = 3
			formation_step:p2 = 2.5, 2
			formation_noise:p2 = 0.1, 0.1
			uniqueName:t = ""
			attack_type:t = "fire_at_will"
		}
		way {

		}
	}
	tankModels {
		name:t = "t2_aaa_high_heavy_02"
		tm:m = [[-0.960062, 0.0, -0.279784] [0.0, 1.0, 0.0] [0.279784, 0.0, -0.960062] [28817.8, 72.8129, 8293.76]]
		unit_class:t = "fr_amx_30_roland"
		objLayer:i = 1
		closed_waypoints:b = false
		isShipSpline:b = false
		shipTurnRadius:r = 100
		weapons:t = ""
		bullets0:t = ""
		bullets1:t = ""
		bullets2:t = ""
		bullets3:t = ""
		bulletsCount0:i = 0
		bulletsCount1:i = 0
		bulletsCount2:i = 0
		bulletsCount3:i = 0
		crewSkillK:r = 0
		applyAllMods:b = false
		props {
			army:i = 2
			count:i = 1
			formation_type:t = "rows"
			formation_div:i = 3
			formation_step:p2 = 2.5, 2
			formation_noise:p2 = 0.1, 0.1
			uniqueName:t = ""
			attack_type:t = "fire_at_will"
		}
		way {

		}
	}
	squad {
		name:t = "t2_def_aaa_high_squad"
		tm:m = [[-0.0707393, 0.0, -0.997495] [0.0, 1.0, 0.0] [0.997495, 0.0, -0.0707393] [-34180.7, 231.493, 15152.8]]
		props {
			squad_members:t = "t2_aaa_high_light_01"
			squad_members:t = "t2_aaa_high_light_02"
			squad_members:t = "t2_aaa_high_light_03"
			squad_members:t = "t2_aaa_high_light_04"
			squad_members:t = "t2_aaa_high_heavy_01"
			squad_members:t = "t2_aaa_high_heavy_02"
			object_marking:i = 0
		}
	}
	tankModels {
		name:t = "t1_aaa_high_light_01"
		tm:m = [[0.992466, 0.0, 0.122519] [0.0, 1.0, 0.0] [-0.122519, 0.0, 0.992466] [-25232.1, 296.008, -9545.01]]
		unit_class:t = "sw_veak_40"
		objLayer:i = 1
		closed_waypoints:b = false
		isShipSpline:b = false
		shipTurnRadius:r = 100
		weapons:t = ""
		bullets0:t = "40mm_sw_kan_HE"
		bullets1:t = ""
		bullets2:t = ""
		bullets3:t = ""
		bulletsCount0:i = 0
		bulletsCount1:i = 0
		bulletsCount2:i = 0
		bulletsCount3:i = 0
		crewSkillK:r = 0
		applyAllMods:b = false
		props {
			army:i = 1
			count:i = 1
			formation_type:t = "rows"
			formation_div:i = 3
			formation_step:p2 = 2.5, 2
			formation_noise:p2 = 0.1, 0.1
			uniqueName:t = ""
			attack_type:t = "fire_at_will"
		}
		way {

		}
	}
	tankModels {
		name:t = "t1_aaa_high_heavy_01"
		tm:m = [[0.992466, 0.0, 0.122519] [0.0, 1.0, 0.0] [-0.122519, 0.0, 0.992466] [-25070.5, 296.82, -10327.2]]
		unit_class:t = "fr_amx_30_roland"
		objLayer:i = 1
		closed_waypoints:b = false
		isShipSpline:b = false
		shipTurnRadius:r = 100
		weapons:t = ""
		bullets0:t = ""
		bullets1:t = ""
		bullets2:t = ""
		bullets3:t = ""
		bulletsCount0:i = 0
		bulletsCount1:i = 0
		bulletsCount2:i = 0
		bulletsCount3:i = 0
		crewSkillK:r = 0
		applyAllMods:b = false
		props {
			army:i = 1
			count:i = 1
			formation_type:t = "rows"
			formation_div:i = 3
			formation_step:p2 = 2.5, 2
			formation_noise:p2 = 0.1, 0.1
			uniqueName:t = ""
			attack_type:t = "fire_at_will"
		}
		way {

		}
	}
	tankModels {
		name:t = "t1_aaa_high_light_02"
		tm:m = [[-0.996864, 0.0, -0.0791105] [0.0, 1.0, 0.0] [0.0791105, 0.0, -0.996864] [-24219.8, 296.943, -9887.82]]
		unit_class:t = "sw_veak_40"
		objLayer:i = 1
		closed_waypoints:b = false
		isShipSpline:b = false
		shipTurnRadius:r = 100
		weapons:t = ""
		bullets0:t = "40mm_sw_kan_HE"
		bullets1:t = ""
		bullets2:t = ""
		bullets3:t = ""
		bulletsCount0:i = 0
		bulletsCount1:i = 0
		bulletsCount2:i = 0
		bulletsCount3:i = 0
		crewSkillK:r = 0
		applyAllMods:b = false
		props {
			army:i = 1
			count:i = 1
			formation_type:t = "rows"
			formation_div:i = 3
			formation_step:p2 = 2.5, 2
			formation_noise:p2 = 0.1, 0.1
			uniqueName:t = ""
			attack_type:t = "fire_at_will"
		}
		way {

		}
	}
	tankModels {
		name:t = "t1_aaa_high_light_03"
		tm:m = [[0.992466, 0.0, 0.122519] [0.0, 1.0, 0.0] [-0.122519, 0.0, 0.992466] [-23182.5, 296.151, -8795.44]]
		unit_class:t = "sw_veak_40"
		objLayer:i = 1
		closed_waypoints:b = false
		isShipSpline:b = false
		shipTurnRadius:r = 100
		weapons:t = ""
		bullets0:t = "40mm_sw_kan_HE"
		bullets1:t = ""
		bullets2:t = ""
		bullets3:t = ""
		bulletsCount0:i = 0
		bulletsCount1:i = 0
		bulletsCount2:i = 0
		bulletsCount3:i = 0
		crewSkillK:r = 0
		applyAllMods:b = false
		props {
			army:i = 1
			count:i = 1
			formation_type:t = "rows"
			formation_div:i = 3
			formation_step:p2 = 2.5, 2
			formation_noise:p2 = 0.1, 0.1
			uniqueName:t = ""
			attack_type:t = "fire_at_will"
		}
		way {

		}
	}
	tankModels {
		name:t = "t1_aaa_high_light_04"
		tm:m = [[-0.986178, 0.0, -0.165696] [0.0, 1.0, 0.0] [0.165696, 0.0, -0.986178] [-22734.2, 297.386, -9272.94]]
		unit_class:t = "sw_veak_40"
		objLayer:i = 1
		closed_waypoints:b = false
		isShipSpline:b = false
		shipTurnRadius:r = 100
		weapons:t = ""
		bullets0:t = "40mm_sw_kan_HE"
		bullets1:t = ""
		bullets2:t = ""
		bullets3:t = ""
		bulletsCount0:i = 0
		bulletsCount1:i = 0
		bulletsCount2:i = 0
		bulletsCount3:i = 0
		crewSkillK:r = 0
		applyAllMods:b = false
		props {
			army:i = 1
			count:i = 1
			formation_type:t = "rows"
			formation_div:i = 3
			formation_step:p2 = 2.5, 2
			formation_noise:p2 = 0.1, 0.1
			uniqueName:t = ""
			attack_type:t = "fire_at_will"
		}
		way {

		}
	}
	tankModels {
		name:t = "t1_aaa_high_heavy_02"
		tm:m = [[-0.996864, 0.0, -0.0791105] [0.0, 1.0, 0.0] [0.0791105, 0.0, -0.996864] [-24233.6, 295.395, -9121.08]]
		unit_class:t = "fr_amx_30_roland"
		objLayer:i = 1
		closed_waypoints:b = false
		isShipSpline:b = false
		shipTurnRadius:r = 100
		weapons:t = ""
		bullets0:t = ""
		bullets1:t = ""
		bullets2:t = ""
		bullets3:t = ""
		bulletsCount0:i = 0
		bulletsCount1:i = 0
		bulletsCount2:i = 0
		bulletsCount3:i = 0
		crewSkillK:r = 0
		applyAllMods:b = false
		props {
			army:i = 1
			count:i = 1
			formation_type:t = "rows"
			formation_div:i = 3
			formation_step:p2 = 2.5, 2
			formation_noise:p2 = 0.1, 0.1
			uniqueName:t = ""
			attack_type:t = "fire_at_will"
		}
		way {

		}
	}
	squad {
		name:t = "t1_def_aaa_high_squad"
		tm:m = [[0.995877, 0.0, 0.0907157] [0.0, 1.0, 0.0] [-0.0907157, 0.0, 0.995877] [-23423.6, 554.407, -11513.7]]
		props {
			squad_members:t = "t1_aaa_high_light_01"
			squad_members:t = "t1_aaa_high_light_02"
			squad_members:t = "t1_aaa_high_light_03"
			squad_members:t = "t1_aaa_high_light_04"
			squad_members:t = "t1_aaa_high_heavy_01"
			squad_members:t = "t1_aaa_high_heavy_02"
			object_marking:i = 0
		}
	}
}
areas {
	t2_interceptor_area_high {
		type:t = "Sphere"
		tm:m = [[841.653, 0.0, -5940.68] [0.0, 6000.0, 0.0] [5940.68, 0.0, 841.653] [28218.5, 3000.0, 9162.26]]
		props {

		}
	}
	t2_assault_high_spawn {
		type:t = "Sphere"
		tm:m = [[-298.587, 0.0, -29.087] [0.0, 300.0, 0.0] [29.087, 0.0, -298.587] [23268.5, 2000.0, 8460.36]]
		props {

		}
	}
	t2_aaa_fighter_area_high {
		type:t = "Sphere"
		tm:m = [[561.107, 0.0, -3960.47] [0.0, 4000.0, 0.0] [3960.47, 0.0, 561.107] [28218.4, 4000.0, 9162.26]]
		props {

		}
	}
	t2_assault_area_high {
		type:t = "Sphere"
		tm:m = [[1402.76, 0.0, -9901.14] [0.0, 10000.0, 0.0] [9901.14, 0.0, 1402.76] [28218.5, 2000.0, 9162.26]]
		props {

		}
	}
	t2_interceptor_high_spawn {
		type:t = "Sphere"
		tm:m = [[-298.587, 0.0, -29.087] [0.0, 300.0, 0.0] [29.087, 0.0, -298.587] [31170.0, 2000.0, 9580.66]]
		props {

		}
	}
	t2_aaa_fighter_high_spawn {
		type:t = "Sphere"
		tm:m = [[-298.587, 0.0, -29.087] [0.0, 300.0, 0.0] [29.087, 0.0, -298.587] [30191.9, 3000.0, 9442.06]]
		props {

		}
	}
	t2_far_bomber_high_spawn {
		type:t = "Sphere"
		tm:m = [[-298.587, 0.0, -29.087] [0.0, 300.0, 0.0] [29.087, 0.0, -298.587] [26239.3, 5500.0, 8881.86]]
		props {

		}
	}
	t2_main_bomber_high_spawn {
		type:t = "Sphere"
		tm:m = [[-298.587, 0.0, -29.087] [0.0, 300.0, 0.0] [29.087, 0.0, -298.587] [25743.6, 4500.0, 8811.76]]
		props {

		}
	}
	t2_far_bomber_area_high {
		type:t = "Sphere"
		tm:m = [[561.107, 0.0, -3960.47] [0.0, 4000.0, 0.0] [3960.47, 0.0, 561.107] [28218.4, 5500.0, 9162.26]]
		props {

		}
	}
	t2_main_bomber_area_high {
		type:t = "Sphere"
		tm:m = [[701.381, 0.0, -4950.56] [0.0, 5000.0, 0.0] [4950.56, 0.0, 701.381] [28218.4, 4500.0, 9162.26]]
		props {

		}
	}
	t1_interceptor_area_high {
		type:t = "Sphere"
		tm:m = [[-2618.84, 0.0, 5398.31] [0.0, 6000.0, 0.0] [-5398.31, 0.0, -2618.84] [-24240.5, 3000.01, -9408.16]]
		props {

		}
	}
	t1_assault_high_spawn {
		type:t = "Sphere"
		tm:m = [[275.368, 0.0, 119.044] [0.0, 300.0, 0.0] [-119.044, 0.0, 275.368] [-19740.8, 2000.0, -7225.66]]
		props {

		}
	}
	t1_aaa_fighter_area_high {
		type:t = "Sphere"
		tm:m = [[-1745.92, 0.0, 3598.88] [0.0, 4000.0, 0.0] [-3598.88, 0.0, -1745.92] [-24240.5, 4000.0, -9408.16]]
		props {

		}
	}
	t1_assault_area_high {
		type:t = "Sphere"
		tm:m = [[-4364.75, 0.0, 8997.16] [0.0, 10000.0, 0.0] [-8997.16, 0.0, -4364.75] [-24240.5, 2000.0, -9408.16]]
		props {

		}
	}
	t1_interceptor_high_spawn {
		type:t = "Sphere"
		tm:m = [[275.368, 0.0, 119.044] [0.0, 300.0, 0.0] [-119.044, 0.0, 275.368] [-26922.2, 2000.0, -10709.6]]
		props {

		}
	}
	t1_aaa_fighter_high_spawn {
		type:t = "Sphere"
		tm:m = [[275.368, 0.0, 119.044] [0.0, 300.0, 0.0] [-119.044, 0.0, 275.368] [-26033.5, 3000.0, -10278.5]]
		props {

		}
	}
	t1_far_bomber_high_spawn {
		type:t = "Sphere"
		tm:m = [[275.368, 0.0, 119.044] [0.0, 300.0, 0.0] [-119.044, 0.0, 275.368] [-22441.6, 5500.01, -8535.91]]
		props {

		}
	}
	t1_main_bomber_high_spawn {
		type:t = "Sphere"
		tm:m = [[275.368, 0.0, 119.044] [0.0, 300.0, 0.0] [-119.044, 0.0, 275.368] [-21991.0, 4500.0, -8317.35]]
		props {

		}
	}
	t1_far_bomber_area_high {
		type:t = "Sphere"
		tm:m = [[-1745.92, 0.0, 3598.88] [0.0, 4000.0, 0.0] [-3598.88, 0.0, -1745.92] [-24240.5, 5500.0, -9408.16]]
		props {

		}
	}
	t1_main_bomber_area_high {
		type:t = "Sphere"
		tm:m = [[-2182.38, 0.0, 4498.56] [0.0, 5000.0, 0.0] [-4498.56, 0.0, -2182.38] [-24240.5, 4500.0, -9408.16]]
		props {

		}
	}
	airfields_area_26km {
		type:t = "Sphere"
		tm:m = [[51999.9, 0.0, 0.00585938] [0.0, 52000.0, 0.0] [-0.00585938, 0.0, 51999.9] [-500.0, 847.5, 4850.2]]
		objLayer:i = 3
		props {

		}
	}
	t1_common_fighters_high_spawn {
		type:t = "Sphere"
		tm:m = [[275.368, 0.0, 119.044] [0.0, 300.0, 0.0] [-119.044, 0.0, 275.368] [-26922.2, 1500.01, -10709.6]]
		props {

		}
	}
	t2_common_fighters_high_spawn {
		type:t = "Sphere"
		tm:m = [[-298.587, 0.0, -29.087] [0.0, 300.0, 0.0] [29.087, 0.0, -298.587] [31170.0, 1500.0, 9580.66]]
		props {

		}
	}
}
objLayers {
	layer {
		enabled:b = true
	}
	layer {
		enabled:b = true
	}
	layer {
		enabled:b = true
	}
	layer {
		enabled:b = false
	}
	layer {
		enabled:b = false
	}
}
wayPoints {

}