selected_tag:t = ""
bin_dump_file:t = ""
mission_settings {
	player {
		army:i = 1
	}
	player_teamB {
		army:i = 2
	}
	mission {
		level:t = "levels/ruhr.bin"
		type:t = "domination"
		environment:t = "Day"
		weather:t = "clear"
	}
}
imports {

}
triggers {
	isCategory:b = true
	is_enabled:b = true
	airfileds_low_init {
		is_enabled:b = true
		comments:t = ""
		props {
			actionsType:t = "PERFORM_ONE_BY_ONE"
			conditionsType:t = "ALL"
			enableAfterComplete:b = false
		}
		events {
			initMission {

			}
		}
		conditions {

		}
		actions {
			unitSetProperties {
				object:t = "t1_def_aaa_low_squad"
				object:t = "t2_def_aaa_low_squad"
				object_marking:i = 0
				object_var_name:t = ""
				object_var_comp_op:t = "equal"
				object_var_value:i = 0
				accuracy:r = 0.9
				checkVisibilityTarget:b = true
				effShootingRate:r = 1
				airEffShootingRate:r = 1
				useSearchRadar:b = true
				fireRandom:b = true
				targetChangeInterval:r = 5
				targetChangeProb:r = 0.25
			}
		}
		else_actions {

		}
	}
}
mission_objectives {
	isCategory:b = true
	is_enabled:b = true
}
variables {

}
dialogs {

}
airfields {

}
effects {

}
units {
	objectGroups {
		name:t = "t1_airfield_low"
		tm:m = [[-0.847744, 0.0, 0.530405] [0.0, 1.0, 0.0] [-0.530405, 0.0, -0.847744] [-13703.9, 136.022, 6140.24]]
		unit_class:t = "dynaf_pg_1line_ground"
		objLayer:i = 2
		props {
			army:i = 1
			active:b = true
		}
	}
	objectGroups {
		name:t = "t2_airfield_low"
		tm:m = [[0.869622, 0.0, -0.49372] [0.0, 1.0, 0.0] [0.49372, 0.0, 0.869622] [11237.7, 96.4506, -549.884]]
		unit_class:t = "dynaf_pg_1line_ground"
		objLayer:i = 2
		props {
			army:i = 2
			active:b = true
		}
	}
	air_defence {
		name:t = "t2_aaa_low_light_01"
		tm:m = [[0.885262, 0.0, -0.465088] [0.0, 1.0, 0.0] [0.465088, 0.0, 0.885262] [10660.0, 95.0464, -856.439]]
		unit_class:t = "germ_88mm_flak36"
		objLayer:i = 1
		closed_waypoints:b = false
		isShipSpline:b = false
		shipTurnRadius:r = 100
		weapons:t = ""
		bullets0:t = ""
		bullets1:t = ""
		bullets2:t = ""
		bullets3:t = ""
		bulletsCount0:i = 0
		bulletsCount1:i = 0
		bulletsCount2:i = 0
		bulletsCount3:i = 0
		crewSkillK:r = 0
		applyAllMods:b = false
		props {
			army:i = 2
			count:i = 1
			formation_type:t = "rows"
			formation_div:i = 3
			formation_step:p2 = 2.5, 2
			formation_noise:p2 = 0.1, 0.1
			uniqueName:t = ""
			attack_type:t = "fire_at_will"
		}
		way {

		}
	}
	air_defence {
		name:t = "t2_aaa_low_heavy_01"
		tm:m = [[0.885262, 0.0, -0.465088] [0.0, 1.0, 0.0] [0.465088, 0.0, 0.885262] [12151.7, 78.8784, -652.165]]
		unit_class:t = "germ_88mm_flak36"
		objLayer:i = 1
		closed_waypoints:b = false
		isShipSpline:b = false
		shipTurnRadius:r = 100
		weapons:t = ""
		bullets0:t = ""
		bullets1:t = ""
		bullets2:t = ""
		bullets3:t = ""
		bulletsCount0:i = 0
		bulletsCount1:i = 0
		bulletsCount2:i = 0
		bulletsCount3:i = 0
		crewSkillK:r = 0
		applyAllMods:b = false
		props {
			army:i = 2
			count:i = 1
			formation_type:t = "rows"
			formation_div:i = 3
			formation_step:p2 = 2.5, 2
			formation_noise:p2 = 0.1, 0.1
			uniqueName:t = ""
			attack_type:t = "fire_at_will"
		}
		way {

		}
	}
	air_defence {
		name:t = "t2_aaa_low_light_02"
		tm:m = [[-0.904709, 0.0, 0.42603] [0.0, 1.0, 0.0] [-0.42603, 0.0, -0.904709] [11582.9, 92.8643, -244.451]]
		unit_class:t = "germ_88mm_flak36"
		objLayer:i = 1
		closed_waypoints:b = false
		isShipSpline:b = false
		shipTurnRadius:r = 100
		weapons:t = ""
		bullets0:t = ""
		bullets1:t = ""
		bullets2:t = ""
		bullets3:t = ""
		bulletsCount0:i = 0
		bulletsCount1:i = 0
		bulletsCount2:i = 0
		bulletsCount3:i = 0
		crewSkillK:r = 0
		applyAllMods:b = false
		props {
			army:i = 2
			count:i = 1
			formation_type:t = "rows"
			formation_div:i = 3
			formation_step:p2 = 2.5, 2
			formation_noise:p2 = 0.1, 0.1
			uniqueName:t = ""
			attack_type:t = "fire_at_will"
		}
		way {

		}
	}
	air_defence {
		name:t = "t2_aaa_low_light_03"
		tm:m = [[0.885262, 0.0, -0.465088] [0.0, 1.0, 0.0] [0.465088, 0.0, 0.885262] [10231.3, 96.7063, -343.469]]
		unit_class:t = "germ_88mm_flak36"
		objLayer:i = 1
		closed_waypoints:b = false
		isShipSpline:b = false
		shipTurnRadius:r = 100
		weapons:t = ""
		bullets0:t = ""
		bullets1:t = ""
		bullets2:t = ""
		bullets3:t = ""
		bulletsCount0:i = 0
		bulletsCount1:i = 0
		bulletsCount2:i = 0
		bulletsCount3:i = 0
		crewSkillK:r = 0
		applyAllMods:b = false
		props {
			army:i = 2
			count:i = 1
			formation_type:t = "rows"
			formation_div:i = 3
			formation_step:p2 = 2.5, 2
			formation_noise:p2 = 0.1, 0.1
			uniqueName:t = ""
			attack_type:t = "fire_at_will"
		}
		way {

		}
	}
	air_defence {
		name:t = "t2_aaa_low_light_04"
		tm:m = [[-0.964943, 0.0, 0.262456] [0.0, 1.0, 0.0] [-0.262456, 0.0, -0.964943] [10713.7, 96.2913, 296.355]]
		unit_class:t = "germ_88mm_flak36"
		objLayer:i = 1
		closed_waypoints:b = false
		isShipSpline:b = false
		shipTurnRadius:r = 100
		weapons:t = ""
		bullets0:t = ""
		bullets1:t = ""
		bullets2:t = ""
		bullets3:t = ""
		bulletsCount0:i = 0
		bulletsCount1:i = 0
		bulletsCount2:i = 0
		bulletsCount3:i = 0
		crewSkillK:r = 0
		applyAllMods:b = false
		props {
			army:i = 2
			count:i = 1
			formation_type:t = "rows"
			formation_div:i = 3
			formation_step:p2 = 2.5, 2
			formation_noise:p2 = 0.1, 0.1
			uniqueName:t = ""
			attack_type:t = "fire_at_will"
		}
		way {

		}
	}
	air_defence {
		name:t = "t2_aaa_low_heavy_02"
		tm:m = [[-0.904709, 0.0, 0.42603] [0.0, 1.0, 0.0] [-0.42603, 0.0, -0.904709] [11125.0, 97.0624, -1128.57]]
		unit_class:t = "germ_88mm_flak36"
		objLayer:i = 1
		closed_waypoints:b = false
		isShipSpline:b = false
		shipTurnRadius:r = 100
		weapons:t = ""
		bullets0:t = ""
		bullets1:t = ""
		bullets2:t = ""
		bullets3:t = ""
		bulletsCount0:i = 0
		bulletsCount1:i = 0
		bulletsCount2:i = 0
		bulletsCount3:i = 0
		crewSkillK:r = 0
		applyAllMods:b = false
		props {
			army:i = 2
			count:i = 1
			formation_type:t = "rows"
			formation_div:i = 3
			formation_step:p2 = 2.5, 2
			formation_noise:p2 = 0.1, 0.1
			uniqueName:t = ""
			attack_type:t = "fire_at_will"
		}
		way {

		}
	}
	squad {
		name:t = "t2_def_aaa_low_squad"
		tm:m = [[-0.971628, 0.0, -0.236515] [0.0, 1.0, 0.0] [0.236515, 0.0, -0.971628] [5096.42, 231.493, 37180.6]]
		props {
			squad_members:t = "t2_aaa_low_light_01"
			squad_members:t = "t2_aaa_low_light_02"
			squad_members:t = "t2_aaa_low_light_03"
			squad_members:t = "t2_aaa_low_light_04"
			squad_members:t = "t2_aaa_low_heavy_01"
			squad_members:t = "t2_aaa_low_heavy_02"
			object_marking:i = 0
		}
	}
	air_defence {
		name:t = "t1_aaa_low_light_01"
		tm:m = [[0.573917, 0.0, -0.818913] [0.0, 1.0, 0.0] [0.818913, 0.0, 0.573917] [-14044.4, 169.792, 6841.61]]
		unit_class:t = "germ_88mm_flak36"
		objLayer:i = 1
		closed_waypoints:b = false
		isShipSpline:b = false
		shipTurnRadius:r = 100
		weapons:t = ""
		bullets0:t = ""
		bullets1:t = ""
		bullets2:t = ""
		bullets3:t = ""
		bulletsCount0:i = 0
		bulletsCount1:i = 0
		bulletsCount2:i = 0
		bulletsCount3:i = 0
		crewSkillK:r = 0
		applyAllMods:b = false
		props {
			army:i = 1
			count:i = 1
			formation_type:t = "rows"
			formation_div:i = 3
			formation_step:p2 = 2.5, 2
			formation_noise:p2 = 0.1, 0.1
			uniqueName:t = ""
			attack_type:t = "fire_at_will"
		}
		way {

		}
	}
	air_defence {
		name:t = "t1_aaa_low_heavy_01"
		tm:m = [[0.573917, 0.0, -0.818913] [0.0, 1.0, 0.0] [0.818913, 0.0, 0.573917] [-14659.1, 170.604, 6331.9]]
		unit_class:t = "germ_88mm_flak36"
		objLayer:i = 1
		closed_waypoints:b = false
		isShipSpline:b = false
		shipTurnRadius:r = 100
		weapons:t = ""
		bullets0:t = ""
		bullets1:t = ""
		bullets2:t = ""
		bullets3:t = ""
		bulletsCount0:i = 0
		bulletsCount1:i = 0
		bulletsCount2:i = 0
		bulletsCount3:i = 0
		crewSkillK:r = 0
		applyAllMods:b = false
		props {
			army:i = 1
			count:i = 1
			formation_type:t = "rows"
			formation_div:i = 3
			formation_step:p2 = 2.5, 2
			formation_noise:p2 = 0.1, 0.1
			uniqueName:t = ""
			attack_type:t = "fire_at_will"
		}
		way {

		}
	}
	air_defence {
		name:t = "t1_aaa_low_light_02"
		tm:m = [[-0.537648, 0.0, 0.843167] [0.0, 1.0, 0.0] [-0.843167, 0.0, -0.537648] [-13871.9, 170.727, 5786.88]]
		unit_class:t = "germ_88mm_flak36"
		objLayer:i = 1
		closed_waypoints:b = false
		isShipSpline:b = false
		shipTurnRadius:r = 100
		weapons:t = ""
		bullets0:t = ""
		bullets1:t = ""
		bullets2:t = ""
		bullets3:t = ""
		bulletsCount0:i = 0
		bulletsCount1:i = 0
		bulletsCount2:i = 0
		bulletsCount3:i = 0
		crewSkillK:r = 0
		applyAllMods:b = false
		props {
			army:i = 1
			count:i = 1
			formation_type:t = "rows"
			formation_div:i = 3
			formation_step:p2 = 2.5, 2
			formation_noise:p2 = 0.1, 0.1
			uniqueName:t = ""
			attack_type:t = "fire_at_will"
		}
		way {

		}
	}
	air_defence {
		name:t = "t1_aaa_low_light_03"
		tm:m = [[0.573917, 0.0, -0.818913] [0.0, 1.0, 0.0] [0.818913, 0.0, 0.573917] [-12760.6, 169.935, 6082.47]]
		unit_class:t = "germ_88mm_flak36"
		objLayer:i = 1
		closed_waypoints:b = false
		isShipSpline:b = false
		shipTurnRadius:r = 100
		weapons:t = ""
		bullets0:t = ""
		bullets1:t = ""
		bullets2:t = ""
		bullets3:t = ""
		bulletsCount0:i = 0
		bulletsCount1:i = 0
		bulletsCount2:i = 0
		bulletsCount3:i = 0
		crewSkillK:r = 0
		applyAllMods:b = false
		props {
			army:i = 1
			count:i = 1
			formation_type:t = "rows"
			formation_div:i = 3
			formation_step:p2 = 2.5, 2
			formation_noise:p2 = 0.1, 0.1
			uniqueName:t = ""
			attack_type:t = "fire_at_will"
		}
		way {

		}
	}
	air_defence {
		name:t = "t1_aaa_low_light_04"
		tm:m = [[-0.609093, 0.0, 0.793099] [0.0, 1.0, 0.0] [-0.793099, 0.0, -0.609093] [-13215.7, 171.17, 5414.92]]
		unit_class:t = "germ_88mm_flak36"
		objLayer:i = 1
		closed_waypoints:b = false
		isShipSpline:b = false
		shipTurnRadius:r = 100
		weapons:t = ""
		bullets0:t = ""
		bullets1:t = ""
		bullets2:t = ""
		bullets3:t = ""
		bulletsCount0:i = 0
		bulletsCount1:i = 0
		bulletsCount2:i = 0
		bulletsCount3:i = 0
		crewSkillK:r = 0
		applyAllMods:b = false
		props {
			army:i = 1
			count:i = 1
			formation_type:t = "rows"
			formation_div:i = 3
			formation_step:p2 = 2.5, 2
			formation_noise:p2 = 0.1, 0.1
			uniqueName:t = ""
			attack_type:t = "fire_at_will"
		}
		way {

		}
	}
	air_defence {
		name:t = "t1_aaa_low_heavy_02"
		tm:m = [[-0.537648, 0.0, 0.843167] [0.0, 1.0, 0.0] [-0.843167, 0.0, -0.537648] [-13314.4, 169.178, 6403.47]]
		unit_class:t = "germ_88mm_flak36"
		objLayer:i = 1
		closed_waypoints:b = false
		isShipSpline:b = false
		shipTurnRadius:r = 100
		weapons:t = ""
		bullets0:t = ""
		bullets1:t = ""
		bullets2:t = ""
		bullets3:t = ""
		bulletsCount0:i = 0
		bulletsCount1:i = 0
		bulletsCount2:i = 0
		bulletsCount3:i = 0
		crewSkillK:r = 0
		applyAllMods:b = false
		props {
			army:i = 1
			count:i = 1
			formation_type:t = "rows"
			formation_div:i = 3
			formation_step:p2 = 2.5, 2
			formation_noise:p2 = 0.1, 0.1
			uniqueName:t = ""
			attack_type:t = "fire_at_will"
		}
		way {

		}
	}
	squad {
		name:t = "t1_def_aaa_low_squad"
		tm:m = [[0.753168, 0.0, 0.657828] [0.0, 1.0, 0.0] [-0.657828, 0.0, 0.753168] [-9240.21, 554.407, -27131.0]]
		props {
			squad_members:t = "t1_aaa_low_light_01"
			squad_members:t = "t1_aaa_low_light_02"
			squad_members:t = "t1_aaa_low_light_03"
			squad_members:t = "t1_aaa_low_light_04"
			squad_members:t = "t1_aaa_low_heavy_01"
			squad_members:t = "t1_aaa_low_heavy_02"
			object_marking:i = 0
		}
	}
}
areas {
	t2_interceptor_area_low {
		type:t = "Sphere"
		tm:m = [[-2070.24, 0.0, -5631.54] [0.0, 6000.0, 0.0] [5631.54, 0.0, -2070.24] [11039.1, 3000.0, -565.75]]
		props {

		}
	}
	t2_assault_low_spawn {
		type:t = "Sphere"
		tm:m = [[-276.794, 0.0, 115.694] [0.0, 300.0, 0.0] [-115.694, 0.0, -276.794] [6346.42, 2000.0, 1158.78]]
		props {

		}
	}
	t2_aaa_fighter_area_low {
		type:t = "Sphere"
		tm:m = [[-1380.16, 0.0, -3754.37] [0.0, 4000.0, 0.0] [3754.37, 0.0, -1380.16] [11039.0, 4000.0, -565.576]]
		props {

		}
	}
	t2_assault_area_low {
		type:t = "Sphere"
		tm:m = [[-3450.39, 0.0, -9385.9] [0.0, 10000.0, 0.0] [9385.9, 0.0, -3450.39] [11039.1, 2000.0, -565.571]]
		props {

		}
	}
	t2_interceptor_low_spawn {
		type:t = "Sphere"
		tm:m = [[-276.794, 0.0, 115.694] [0.0, 300.0, 0.0] [-115.694, 0.0, -276.794] [13837.1, 2000.0, -1594.07]]
		props {

		}
	}
	t2_aaa_fighter_low_spawn {
		type:t = "Sphere"
		tm:m = [[-276.794, 0.0, 115.694] [0.0, 300.0, 0.0] [-115.694, 0.0, -276.794] [12909.9, 3000.0, -1253.1]]
		props {

		}
	}
	t2_far_bomber_low_spawn {
		type:t = "Sphere"
		tm:m = [[-276.794, 0.0, 115.694] [0.0, 300.0, 0.0] [-115.694, 0.0, -276.794] [9162.94, 5500.0, 124.1]]
		props {

		}
	}
	t2_main_bomber_low_spawn {
		type:t = "Sphere"
		tm:m = [[-276.794, 0.0, 115.694] [0.0, 300.0, 0.0] [-115.694, 0.0, -276.794] [8693.07, 4500.0, 296.884]]
		props {

		}
	}
	t2_far_bomber_area_low {
		type:t = "Sphere"
		tm:m = [[-1380.16, 0.0, -3754.37] [0.0, 4000.0, 0.0] [3754.37, 0.0, -1380.16] [11039.0, 5500.0, -565.576]]
		props {

		}
	}
	t2_main_bomber_area_low {
		type:t = "Sphere"
		tm:m = [[-1725.19, 0.0, -4692.94] [0.0, 5000.0, 0.0] [4692.94, 0.0, -1725.19] [11039.1, 4500.0, -565.571]]
		props {

		}
	}
	t1_interceptor_area_low {
		type:t = "Sphere"
		tm:m = [[923.232, 0.0, 5928.56] [0.0, 6000.0, 0.0] [-5928.56, 0.0, 923.232] [-13508.1, 3000.0, 6062.75]]
		props {

		}
	}
	t1_assault_low_spawn {
		type:t = "Sphere"
		tm:m = [[294.13, 0.0, -59.0465] [0.0, 300.0, 0.0] [59.0465, 0.0, 294.13] [-8566.74, 1999.99, 5293.03]]
		props {

		}
	}
	t1_aaa_fighter_area_low {
		type:t = "Sphere"
		tm:m = [[615.47, 0.0, 3952.38] [0.0, 4000.0, 0.0] [-3952.38, 0.0, 615.47] [-13508.1, 3999.99, 6062.75]]
		props {

		}
	}
	t1_assault_area_low {
		type:t = "Sphere"
		tm:m = [[1538.69, 0.0, 9880.91] [0.0, 10000.0, 0.0] [-9880.91, 0.0, 1538.69] [-13508.1, 1999.99, 6062.75]]
		props {

		}
	}
	t1_interceptor_low_spawn {
		type:t = "Sphere"
		tm:m = [[294.13, 0.0, -59.0465] [0.0, 300.0, 0.0] [59.0465, 0.0, 294.13] [-16453.4, 1999.99, 6521.0]]
		props {

		}
	}
	t1_aaa_fighter_low_spawn {
		type:t = "Sphere"
		tm:m = [[294.13, 0.0, -59.0465] [0.0, 300.0, 0.0] [59.0465, 0.0, 294.13] [-15477.4, 2999.99, 6369.11]]
		props {

		}
	}
	t1_far_bomber_low_spawn {
		type:t = "Sphere"
		tm:m = [[294.13, 0.0, -59.0465] [0.0, 300.0, 0.0] [59.0465, 0.0, 294.13] [-11532.8, 5500.0, 5754.79]]
		props {

		}
	}
	t1_main_bomber_low_spawn {
		type:t = "Sphere"
		tm:m = [[294.13, 0.0, -59.0465] [0.0, 300.0, 0.0] [59.0465, 0.0, 294.13] [-11038.1, 4499.99, 5677.78]]
		props {

		}
	}
	t1_far_bomber_area_low {
		type:t = "Sphere"
		tm:m = [[615.47, 0.0, 3952.38] [0.0, 4000.0, 0.0] [-3952.38, 0.0, 615.47] [-13508.1, 5499.99, 6062.75]]
		props {

		}
	}
	t1_main_bomber_area_low {
		type:t = "Sphere"
		tm:m = [[769.327, 0.0, 4940.43] [0.0, 5000.0, 0.0] [-4940.43, 0.0, 769.327] [-13508.1, 4499.99, 6062.75]]
		props {

		}
	}
	airfields_area_12km {
		type:t = "Sphere"
		tm:m = [[24000.0, 0.0, 0.000976562] [0.0, 24000.0, 0.0] [-0.000976562, 0.0, 24000.0] [-500.0, 847.5, 4850.2]]
		objLayer:i = 3
		props {

		}
	}
	t1_common_fighters_low_spawn {
		type:t = "Sphere"
		tm:m = [[294.13, 0.0, -59.0465] [0.0, 300.0, 0.0] [59.0465, 0.0, 294.13] [-16453.4, 1500.0, 6521.0]]
		props {

		}
	}
	t2_common_fighters_low_spawn {
		type:t = "Sphere"
		tm:m = [[-276.794, 0.0, 115.694] [0.0, 300.0, 0.0] [-115.694, 0.0, -276.794] [13837.1, 1500.0, -1594.07]]
		props {

		}
	}
}
objLayers {
	layer {
		enabled:b = true
	}
	layer {
		enabled:b = true
	}
	layer {
		enabled:b = true
	}
	layer {
		enabled:b = false
	}
	layer {
		enabled:b = false
	}
}
wayPoints {

}