selected_tag:t = ""
bin_dump_file:t = ""
mission_settings {
	player {
		army:i = 1
	}
	player_teamB {
		army:i = 2
	}
	mission {
		type:t = "domination"
		level:t = "levels/air_israel.bin"
		environment:t = "Day"
		weather:t = "hazy"
	}
}
imports {

}
triggers {
	isCategory:b = true
	is_enabled:b = true
}
mission_objectives {
	isCategory:b = true
	is_enabled:b = true
}
variables {

}
dialogs {

}
airfields {

}
effects {

}
units {

}
areas {
	rank_05_movable_zone_24x9 {
		type:t = "Box"
		tm:m = [[-22405.9, 0.0, 8600.82] [0.0, 1000.0, 0.0] [-3225.34, 0.0, -8402.21] [-24223.5, 299.16, 1709.37]]
		objLayer:i = 3
		props {

		}
	}
	t1_road_01_spawn_tank {
		type:t = "Point"
		tm:m = [[-0.610775, 0.0, -0.791805] [0.0, 1.0, 0.0] [0.791805, 0.0, -0.610775] [-30979.2, 331.43, 9254.25]]
		objLayer:i = 0
		props {

		}
	}
	t1_road_01_spawn_acar {
		type:t = "Point"
		tm:m = [[-0.610775, 0.0, -0.791805] [0.0, 1.0, 0.0] [0.791805, 0.0, -0.610775] [-30893.9, 333.491, 9348.1]]
		objLayer:i = 0
		props {

		}
	}
	t1_road_01_spawn_truck {
		type:t = "Point"
		tm:m = [[-0.610775, 0.0, -0.791805] [0.0, 1.0, 0.0] [0.791805, 0.0, -0.610775] [-30821.0, 338.423, 9440.01]]
		objLayer:i = 0
		props {

		}
	}
	t1_road_02_spawn_tank {
		type:t = "Point"
		tm:m = [[0.0206853, 0.0, -0.999786] [0.0, 1.0, 0.0] [0.999786, 0.0, 0.0206853] [-13598.2, 16.65, 2764.15]]
		objLayer:i = 0
		props {

		}
	}
	t1_road_02_spawn_acar {
		type:t = "Point"
		tm:m = [[0.0206853, 0.0, -0.999786] [0.0, 1.0, 0.0] [0.999786, 0.0, 0.0206853] [-13591.9, 16.7692, 2862.77]]
		objLayer:i = 0
		props {

		}
	}
	t1_road_02_spawn_truck {
		type:t = "Point"
		tm:m = [[0.0206853, 0.0, -0.999786] [0.0, 1.0, 0.0] [0.999786, 0.0, 0.0206853] [-13593.5, 16.8839, 2954.7]]
		objLayer:i = 0
		props {

		}
	}
	t1_road_03_spawn_truck {
		type:t = "Point"
		tm:m = [[-0.393421, 0.0, -0.919358] [0.0, 1.0, 0.0] [0.919358, 0.0, -0.393421] [-21798.7, 4.17065, 6081.95]]
		objLayer:i = 0
		props {

		}
	}
	t1_road_03_spawn_acar {
		type:t = "Point"
		tm:m = [[-0.393421, 0.0, -0.919358] [0.0, 1.0, 0.0] [0.919358, 0.0, -0.393421] [-21834.6, 3.72209, 6003.15]]
		objLayer:i = 0
		props {

		}
	}
	t1_road_03_spawn_tank {
		type:t = "Point"
		tm:m = [[-0.393421, 0.0, -0.919358] [0.0, 1.0, 0.0] [0.919358, 0.0, -0.393421] [-21878.4, 3.2203, 5912.35]]
		objLayer:i = 0
		props {

		}
	}
	t2_road_01_spawn_tank {
		type:t = "Point"
		tm:m = [[0.931244, 0.0, 0.364396] [0.0, 1.0, 0.0] [-0.364396, 0.0, 0.931244] [-36623.9, 979.36, 1678.25]]
		objLayer:i = 0
		props {

		}
	}
	t2_road_01_spawn_acar {
		type:t = "Point"
		tm:m = [[0.931244, 0.0, 0.364396] [0.0, 1.0, 0.0] [-0.364396, 0.0, 0.931244] [-36718.6, 995.034, 1650.27]]
		objLayer:i = 0
		props {

		}
	}
	t2_road_01_spawn_truck {
		type:t = "Point"
		tm:m = [[0.931244, 0.0, 0.364396] [0.0, 1.0, 0.0] [-0.364396, 0.0, 0.931244] [-36812.2, 1010.69, 1587.9]]
		objLayer:i = 0
		props {

		}
	}
	t2_road_02_spawn_tank {
		type:t = "Point"
		tm:m = [[0.117059, 0.0, 0.993124] [0.0, 1.0, 0.0] [-0.993124, 0.0, 0.117059] [-25704.9, 175.65, -2880.25]]
		objLayer:i = 0
		props {

		}
	}
	t2_road_02_spawn_acar {
		type:t = "Point"
		tm:m = [[0.117059, 0.0, 0.993124] [0.0, 1.0, 0.0] [-0.993124, 0.0, 0.117059] [-25724.8, 180.631, -2976.99]]
		objLayer:i = 0
		props {

		}
	}
	t2_road_02_spawn_truck {
		type:t = "Point"
		tm:m = [[0.117059, 0.0, 0.993124] [0.0, 1.0, 0.0] [-0.993124, 0.0, 0.117059] [-25752.0, 186.283, -3067.36]]
		objLayer:i = 0
		props {

		}
	}
	t2_road_03_spawn_tank {
		type:t = "Point"
		tm:m = [[0.416983, 0.0, 0.908914] [0.0, 1.0, 0.0] [-0.908914, 0.0, 0.416983] [-16096.0, 2.84546, -6615.8]]
		objLayer:i = 0
		props {

		}
	}
	t2_road_03_spawn_acar {
		type:t = "Point"
		tm:m = [[0.416983, 0.0, 0.908914] [0.0, 1.0, 0.0] [-0.908914, 0.0, 0.416983] [-16160.8, 2.51038, -6737.1]]
		objLayer:i = 0
		props {

		}
	}
	t2_road_03_spawn_truck {
		type:t = "Point"
		tm:m = [[0.416983, 0.0, 0.908914] [0.0, 1.0, 0.0] [-0.908914, 0.0, 0.416983] [-16235.3, 2.95325, -6878.3]]
		objLayer:i = 0
		props {

		}
	}
}
objLayers {
	layer {
		enabled:b = true
	}
	layer {
		enabled:b = true
	}
	layer {
		enabled:b = true
	}
	layer {
		enabled:b = false
	}
	layer {
		enabled:b = false
	}
}
wayPoints {
	t1_road_01 {
		closed_waypoints:b = false
		isShipSpline:b = false
		shipTurnRadius:r = 100
		way {
			way_points_01_wp_04 {
				type:t = "normal"
				tm:m = [[1.0, 0.0, 0.0] [0.0, 1.0, 0.0] [0.0, 0.0, 1.0] [-31058.3, 343.75, 9176.35]]
				props {
					speed:r = 30
					moveType:t = "GATHER_TO"
				}
			}
			t1_road_01_wp_01 {
				type:t = "normal"
				tm:m = [[1.0, 0.0, 0.0] [0.0, 1.0, 0.0] [0.0, 0.0, 1.0] [-31239.6, 327.15, 8889.0]]
				props {
					speed:r = 30
					moveType:t = "USE_SPLINES"
				}
			}
			t1_road_01_wp_02 {
				type:t = "normal"
				tm:m = [[1.0, 0.0, 0.0] [0.0, 1.0, 0.0] [0.0, 0.0, 1.0] [-31491.2, 247.05, 7412.95]]
				props {
					speed:r = 30
					moveType:t = "USE_SPLINES"
				}
			}
			t1_road_01_wp_03 {
				type:t = "normal"
				tm:m = [[1.0, 0.0, 0.0] [0.0, 1.0, 0.0] [0.0, 0.0, 1.0] [-32031.9, 428.8, 3896.4]]
				props {
					speed:r = 30
					moveType:t = "USE_SPLINES"
				}
			}
			t1_road_01_wp_04 {
				type:t = "normal"
				tm:m = [[1.0, 0.0, 0.0] [0.0, 1.0, 0.0] [0.0, 0.0, 1.0] [-32024.0, 426.25, 3738.05]]
				props {
					speed:r = 30
					moveType:t = "MOVETO_STRAIGHT"
				}
			}
		}
	}
	t1_road_02 {
		closed_waypoints:b = false
		isShipSpline:b = false
		shipTurnRadius:r = 100
		way {
			way_points_01_wp_01 {
				type:t = "normal"
				tm:m = [[1.0, 0.0, 0.0] [0.0, 1.0, 0.0] [0.0, 0.0, 1.0] [-13598.1, 47.15, 2664.9]]
				props {
					speed:r = 30
					moveType:t = "GATHER_TO"
				}
			}
			t1_road_02_wp_01 {
				type:t = "normal"
				tm:m = [[1.0, 0.0, 0.0] [0.0, 1.0, 0.0] [0.0, 0.0, 1.0] [-13595.2, 8.45, 2493.45]]
				props {
					speed:r = 30
					moveType:t = "USE_SPLINES"
				}
			}
			t1_road_02_wp_02 {
				type:t = "normal"
				tm:m = [[1.0, 0.0, 0.0] [0.0, 1.0, 0.0] [0.0, 0.0, 1.0] [-13836.4, 3.35, -375.3]]
				props {
					speed:r = 30
					moveType:t = "USE_SPLINES"
				}
			}
			t1_road_02_wp_03 {
				type:t = "normal"
				tm:m = [[1.0, 0.0, 0.0] [0.0, 1.0, 0.0] [0.0, 0.0, 1.0] [-13853.6, 4.5, -1425.55]]
				props {
					speed:r = 30
					moveType:t = "USE_SPLINES"
				}
			}
			t1_road_02_wp_04 {
				type:t = "normal"
				tm:m = [[1.0, 0.0, 0.0] [0.0, 1.0, 0.0] [0.0, 0.0, 1.0] [-16314.6, 4.2, -3049.25]]
				props {
					speed:r = 30
					moveType:t = "USE_SPLINES"
				}
			}
			t1_road_02_wp_05 {
				type:t = "normal"
				tm:m = [[1.0, 0.0, 0.0] [0.0, 1.0, 0.0] [0.0, 0.0, 1.0] [-15689.5, 2.65, -4037.4]]
				props {
					speed:r = 30
					moveType:t = "USE_SPLINES"
				}
			}
			t1_road_02_wp_06 {
				type:t = "normal"
				tm:m = [[1.0, 0.0, 0.0] [0.0, 1.0, 0.0] [0.0, 0.0, 1.0] [-15726.2, 2.4, -4198.05]]
				props {
					speed:r = 30
					moveType:t = "MOVETO_STRAIGHT"
				}
			}
		}
	}
	t2_road_01 {
		closed_waypoints:b = false
		isShipSpline:b = false
		shipTurnRadius:r = 100
		way {
			way_points_01_wp_05 {
				type:t = "normal"
				tm:m = [[1.0, 0.0, 0.0] [0.0, 1.0, 0.0] [0.0, 0.0, 1.0] [-36596.4, 980.8, 1681.35]]
				props {
					speed:r = 30
					moveType:t = "GATHER_TO"
				}
			}
			t2_road_01_wp_01 {
				type:t = "normal"
				tm:m = [[1.0, 0.0, 0.0] [0.0, 1.0, 0.0] [0.0, 0.0, 1.0] [-35857.4, 865.4, 1896.25]]
				props {
					speed:r = 30
					moveType:t = "USE_SPLINES"
				}
			}
			t2_road_01_wp_02 {
				type:t = "normal"
				tm:m = [[1.0, 0.0, 0.0] [0.0, 1.0, 0.0] [0.0, 0.0, 1.0] [-34785.4, 675.25, 2523.1]]
				props {
					speed:r = 30
					moveType:t = "USE_SPLINES"
				}
			}
			t2_road_01_wp_03 {
				type:t = "normal"
				tm:m = [[1.0, 0.0, 0.0] [0.0, 1.0, 0.0] [0.0, 0.0, 1.0] [-32497.8, 460.05, 3491.75]]
				props {
					speed:r = 30
					moveType:t = "USE_SPLINES"
				}
			}
			t2_road_01_wp_04 {
				type:t = "normal"
				tm:m = [[1.0, 0.0, 0.0] [0.0, 1.0, 0.0] [0.0, 0.0, 1.0] [-31452.4, 245.8, 7372.2]]
				props {
					speed:r = 30
					moveType:t = "USE_SPLINES"
				}
			}
			t2_road_01_wp_05 {
				type:t = "normal"
				tm:m = [[1.0, 0.0, 0.0] [0.0, 1.0, 0.0] [0.0, 0.0, 1.0] [-31504.7, 250.05, 7548.45]]
				props {
					speed:r = 30
					moveType:t = "MOVETO_STRAIGHT"
				}
			}
		}
	}
	t2_road_02 {
		closed_waypoints:b = false
		isShipSpline:b = false
		shipTurnRadius:r = 100
		way {
			way_points_01_wp_06 {
				type:t = "normal"
				tm:m = [[1.0, 0.0, 0.0] [0.0, 1.0, 0.0] [0.0, 0.0, 1.0] [-25670.4, 186.5, -2818.0]]
				props {
					speed:r = 30
					moveType:t = "GATHER_TO"
				}
			}
			t2_road_02_wp_01 {
				type:t = "normal"
				tm:m = [[1.0, 0.0, 0.0] [0.0, 1.0, 0.0] [0.0, 0.0, 1.0] [-23544.8, 34.55, 2653.0]]
				props {
					speed:r = 30
					moveType:t = "USE_SPLINES"
				}
			}
			t2_road_02_wp_02 {
				type:t = "normal"
				tm:m = [[1.0, 0.0, 0.0] [0.0, 1.0, 0.0] [0.0, 0.0, 1.0] [-23464.8, 41.55, 3477.05]]
				props {
					speed:r = 30
					moveType:t = "USE_SPLINES"
				}
			}
			t2_road_02_wp_03 {
				type:t = "normal"
				tm:m = [[1.0, 0.0, 0.0] [0.0, 1.0, 0.0] [0.0, 0.0, 1.0] [-23246.8, 23.4, 3741.1]]
				props {
					speed:r = 30
					moveType:t = "MOVETO_STRAIGHT"
				}
			}
		}
	}
	t2_road_03 {
		closed_waypoints:b = false
		isShipSpline:b = false
		shipTurnRadius:r = 100
		way {
			way_points_01_wp_07 {
				type:t = "normal"
				tm:m = [[1.0, 0.0, 0.0] [0.0, 1.0, 0.0] [0.0, 0.0, 1.0] [-16045.9, 12.75, -6525.65]]
				props {
					speed:r = 30
					moveType:t = "GATHER_TO"
				}
			}
			t2_road_03_wp_01 {
				type:t = "normal"
				tm:m = [[1.0, 0.0, 0.0] [0.0, 1.0, 0.0] [0.0, 0.0, 1.0] [-15506.5, 2.35, -4321.85]]
				props {
					speed:r = 30
					moveType:t = "USE_SPLINES"
				}
			}
			t2_road_03_wp_02 {
				type:t = "normal"
				tm:m = [[1.0, 0.0, 0.0] [0.0, 1.0, 0.0] [0.0, 0.0, 1.0] [-16323.7, 4.2, -3065.75]]
				props {
					speed:r = 30
					moveType:t = "USE_SPLINES"
				}
			}
			t2_road_03_wp_03 {
				type:t = "normal"
				tm:m = [[1.0, 0.0, 0.0] [0.0, 1.0, 0.0] [0.0, 0.0, 1.0] [-13872.7, 4.6, -1451.5]]
				props {
					speed:r = 30
					moveType:t = "USE_SPLINES"
				}
			}
			t2_road_03_wp_04 {
				type:t = "normal"
				tm:m = [[1.0, 0.0, 0.0] [0.0, 1.0, 0.0] [0.0, 0.0, 1.0] [-13838.2, 3.05, -436.8]]
				props {
					speed:r = 30
					moveType:t = "USE_SPLINES"
				}
			}
			t2_road_03_wp_05 {
				type:t = "normal"
				tm:m = [[1.0, 0.0, 0.0] [0.0, 1.0, 0.0] [0.0, 0.0, 1.0] [-13787.2, 7.15, 528.9]]
				props {
					speed:r = 30
					moveType:t = "USE_SPLINES"
				}
			}
			t2_road_03_wp_06 {
				type:t = "normal"
				tm:m = [[1.0, 0.0, 0.0] [0.0, 1.0, 0.0] [0.0, 0.0, 1.0] [-13613.0, 8.55, 688.65]]
				props {
					speed:r = 30
					moveType:t = "MOVETO_STRAIGHT"
				}
			}
		}
	}
	t1_road_03 {
		closed_waypoints:b = false
		isShipSpline:b = false
		shipTurnRadius:r = 100
		way {
			way_points_01_wp_02 {
				type:t = "normal"
				tm:m = [[1.0, 0.0, 0.0] [0.0, 1.0, 0.0] [0.0, 0.0, 1.0] [-21904.6, 2.66913, 5841.3]]
				props {
					speed:r = 30
					moveType:t = "GATHER_TO"
				}
			}
			t1_road_03_wp_01 {
				type:t = "normal"
				tm:m = [[1.0, 0.0, 0.0] [0.0, 1.0, 0.0] [0.0, 0.0, 1.0] [-23452.1, 37.8, 1455.3]]
				props {
					speed:r = 30
					moveType:t = "USE_SPLINES"
				}
			}
			t1_road_03_wp_02 {
				type:t = "normal"
				tm:m = [[1.0, 0.0, 0.0] [0.0, 1.0, 0.0] [0.0, 0.0, 1.0] [-22845.2, 25.8, -673.2]]
				props {
					speed:r = 30
					moveType:t = "USE_SPLINES"
				}
			}
			t1_road_03_wp_03 {
				type:t = "normal"
				tm:m = [[1.0, 0.0, 0.0] [0.0, 1.0, 0.0] [0.0, 0.0, 1.0] [-22655.0, 16.85, -749.65]]
				props {
					speed:r = 30
					moveType:t = "MOVETO_STRAIGHT"
				}
			}
		}
	}
}