selected_tag:t = ""
bin_dump_file:t = ""
mission_settings {
	player {
		army:i = 1
	}
	player_teamB {
		army:i = 2
	}
	mission {
		type:t = "singleMission"
		level:t = "levels/avn_north_sea.bin"
		environment:t = "Day"
		weather:t = "hazy"
		restoreType:t = "attempts"
		optionalTakeOff:b = false
		allowedUnitTypes {
			isAirplanesAllowed:b = true
			isTanksAllowed:b = false
			isShipsAllowed:b = true
			isHelicoptersAllowed:b = false
		}
	}
	spectator_points {

	}
}
imports {
	import_record {
		file:t = "gameData/missions/templates/navy_templates/air_spawn_template.blk"
		importAreas:b = true
		importUnits:b = true
		importTriggers:b = true
		importMissionObjectives:b = true
		importWayPoints:b = true
		showAreas:b = true
		showUnits:b = true
		showTriggers:b = true
		showMissionObjectives:b = true
		showWayPoints:b = true
		excludes {

		}
	}
	import_record {
		file:t = "gameData/missions/cta/ships/north_sea/mainareas/north_sea_NDom_airspawns.blk"
		rankRange:ip2 = 6, 50
		importAreas:b = true
		importUnits:b = true
		importTriggers:b = true
		importMissionObjectives:b = true
		importWayPoints:b = true
		showAreas:b = true
		showUnits:b = true
		showTriggers:b = true
		showMissionObjectives:b = true
		showWayPoints:b = true
		excludes {

		}
	}
	import_record {
		file:t = "gameData/missions/cta/ships/north_sea/mainareas/north_sea_NDom_newbie_airspawns.blk"
		rankRange:ip2 = 0, 5
		importAreas:b = true
		importUnits:b = true
		importTriggers:b = true
		importMissionObjectives:b = true
		importWayPoints:b = true
		showAreas:b = true
		showUnits:b = true
		showTriggers:b = true
		showMissionObjectives:b = true
		showWayPoints:b = true
		excludes {

		}
	}
}
triggers {
	isCategory:b = true
	is_enabled:b = true
}
mission_objectives {
	isCategory:b = true
	is_enabled:b = true
}
variables {

}
dialogs {

}
airfields {

}
effects {

}
units {
	air_defence {
		name:t = "t1_airfield_aaa01"
		tm:m = [[-0.343905, 0.0, -0.939004] [0.0, 1.0, 0.0] [0.939004, 0.0, -0.343905] [-3248.47, 901.025, -2737.23]]
		unit_class:t = "ussr_37mm_61k_airfield"
		objLayer:i = 1
		closed_waypoints:b = false
		isShipSpline:b = false
		shipTurnRadius:r = 100
		weapons:t = ""
		bullets0:t = ""
		bullets1:t = ""
		bullets2:t = ""
		bullets3:t = ""
		bulletsCount0:i = 0
		bulletsCount1:i = 0
		bulletsCount2:i = 0
		bulletsCount3:i = 0
		crewSkillK:r = 0
		applyAllMods:b = false
		props {
			army:i = 1
			count:i = 1
			formation_type:t = "rows"
			formation_div:i = 3
			formation_step:p2 = 2.5, 2
			formation_noise:p2 = 0.1, 0.1
			uniqueName:t = ""
			attack_type:t = "fire_at_will"
		}
		way {

		}
	}
	air_defence {
		name:t = "t1_airfield_aaa02"
		tm:m = [[-0.343905, 0.0, -0.939004] [0.0, 1.0, 0.0] [0.939004, 0.0, -0.343905] [-3088.75, 921.256, -2300.67]]
		unit_class:t = "ussr_37mm_61k_airfield"
		objLayer:i = 1
		closed_waypoints:b = false
		isShipSpline:b = false
		shipTurnRadius:r = 100
		weapons:t = ""
		bullets0:t = ""
		bullets1:t = ""
		bullets2:t = ""
		bullets3:t = ""
		bulletsCount0:i = 0
		bulletsCount1:i = 0
		bulletsCount2:i = 0
		bulletsCount3:i = 0
		crewSkillK:r = 0
		applyAllMods:b = false
		props {
			army:i = 1
			count:i = 1
			formation_type:t = "rows"
			formation_div:i = 3
			formation_step:p2 = 2.5, 2
			formation_noise:p2 = 0.1, 0.1
			uniqueName:t = ""
			attack_type:t = "fire_at_will"
		}
		way {

		}
	}
	air_defence {
		name:t = "t1_airfield_aaa03"
		tm:m = [[-0.343905, 0.0, -0.939004] [0.0, 1.0, 0.0] [0.939004, 0.0, -0.343905] [-2915.04, 914.057, -2416.71]]
		unit_class:t = "ussr_37mm_61k_airfield"
		objLayer:i = 1
		closed_waypoints:b = false
		isShipSpline:b = false
		shipTurnRadius:r = 100
		weapons:t = ""
		bullets0:t = ""
		bullets1:t = ""
		bullets2:t = ""
		bullets3:t = ""
		bulletsCount0:i = 0
		bulletsCount1:i = 0
		bulletsCount2:i = 0
		bulletsCount3:i = 0
		crewSkillK:r = 0
		applyAllMods:b = false
		props {
			army:i = 1
			count:i = 1
			formation_type:t = "rows"
			formation_div:i = 3
			formation_step:p2 = 2.5, 2
			formation_noise:p2 = 0.1, 0.1
			uniqueName:t = ""
			attack_type:t = "fire_at_will"
		}
		way {

		}
	}
	air_defence {
		name:t = "t1_airfield_aaa04"
		tm:m = [[-0.343905, 0.0, -0.939004] [0.0, 1.0, 0.0] [0.939004, 0.0, -0.343905] [-2618.98, 907.523, -2669.41]]
		unit_class:t = "ussr_37mm_61k_airfield"
		objLayer:i = 1
		closed_waypoints:b = false
		isShipSpline:b = false
		shipTurnRadius:r = 100
		weapons:t = ""
		bullets0:t = ""
		bullets1:t = ""
		bullets2:t = ""
		bullets3:t = ""
		bulletsCount0:i = 0
		bulletsCount1:i = 0
		bulletsCount2:i = 0
		bulletsCount3:i = 0
		crewSkillK:r = 0
		applyAllMods:b = false
		props {
			army:i = 1
			count:i = 1
			formation_type:t = "rows"
			formation_div:i = 3
			formation_step:p2 = 2.5, 2
			formation_noise:p2 = 0.1, 0.1
			uniqueName:t = ""
			attack_type:t = "fire_at_will"
		}
		way {

		}
	}
	air_defence {
		name:t = "t1_airfield_aaa05"
		tm:m = [[-0.343905, 0.0, -0.939004] [0.0, 1.0, 0.0] [0.939004, 0.0, -0.343905] [-3268.3, 936.93, -2194.3]]
		unit_class:t = "ussr_37mm_61k_airfield"
		objLayer:i = 1
		closed_waypoints:b = false
		isShipSpline:b = false
		shipTurnRadius:r = 100
		weapons:t = ""
		bullets0:t = ""
		bullets1:t = ""
		bullets2:t = ""
		bullets3:t = ""
		bulletsCount0:i = 0
		bulletsCount1:i = 0
		bulletsCount2:i = 0
		bulletsCount3:i = 0
		crewSkillK:r = 0
		applyAllMods:b = false
		props {
			army:i = 1
			count:i = 1
			formation_type:t = "rows"
			formation_div:i = 3
			formation_step:p2 = 2.5, 2
			formation_noise:p2 = 0.1, 0.1
			uniqueName:t = ""
			attack_type:t = "fire_at_will"
		}
		way {

		}
	}
	air_defence {
		name:t = "t1_airfield_aaa06"
		tm:m = [[-0.343905, 0.0, -0.939004] [0.0, 1.0, 0.0] [0.939004, 0.0, -0.343905] [-2931.82, 903.54, -2896.71]]
		unit_class:t = "ussr_37mm_61k_airfield"
		objLayer:i = 1
		closed_waypoints:b = false
		isShipSpline:b = false
		shipTurnRadius:r = 100
		weapons:t = ""
		bullets0:t = ""
		bullets1:t = ""
		bullets2:t = ""
		bullets3:t = ""
		bulletsCount0:i = 0
		bulletsCount1:i = 0
		bulletsCount2:i = 0
		bulletsCount3:i = 0
		crewSkillK:r = 0
		applyAllMods:b = false
		props {
			army:i = 1
			count:i = 1
			formation_type:t = "rows"
			formation_div:i = 3
			formation_step:p2 = 2.5, 2
			formation_noise:p2 = 0.1, 0.1
			uniqueName:t = ""
			attack_type:t = "fire_at_will"
		}
		way {

		}
	}
	air_defence {
		name:t = "t1_airfield_aaa07"
		tm:m = [[-0.343905, 0.0, -0.939004] [0.0, 1.0, 0.0] [0.939004, 0.0, -0.343905] [-2749.7, 881.719, -3191.62]]
		unit_class:t = "ussr_37mm_61k_airfield"
		objLayer:i = 1
		closed_waypoints:b = false
		isShipSpline:b = false
		shipTurnRadius:r = 100
		weapons:t = ""
		bullets0:t = ""
		bullets1:t = ""
		bullets2:t = ""
		bullets3:t = ""
		bulletsCount0:i = 0
		bulletsCount1:i = 0
		bulletsCount2:i = 0
		bulletsCount3:i = 0
		crewSkillK:r = 0
		applyAllMods:b = false
		props {
			army:i = 1
			count:i = 1
			formation_type:t = "rows"
			formation_div:i = 3
			formation_step:p2 = 2.5, 2
			formation_noise:p2 = 0.1, 0.1
			uniqueName:t = ""
			attack_type:t = "fire_at_will"
		}
		way {

		}
	}
	air_defence {
		name:t = "t1_airfield_aaa08"
		tm:m = [[-0.343905, 0.0, -0.939004] [0.0, 1.0, 0.0] [0.939004, 0.0, -0.343905] [-3578.14, 925.146, -2532.26]]
		unit_class:t = "ussr_37mm_61k_airfield"
		objLayer:i = 1
		closed_waypoints:b = false
		isShipSpline:b = false
		shipTurnRadius:r = 100
		weapons:t = ""
		bullets0:t = ""
		bullets1:t = ""
		bullets2:t = ""
		bullets3:t = ""
		bulletsCount0:i = 0
		bulletsCount1:i = 0
		bulletsCount2:i = 0
		bulletsCount3:i = 0
		crewSkillK:r = 0
		applyAllMods:b = false
		props {
			army:i = 1
			count:i = 1
			formation_type:t = "rows"
			formation_div:i = 3
			formation_step:p2 = 2.5, 2
			formation_noise:p2 = 0.1, 0.1
			uniqueName:t = ""
			attack_type:t = "fire_at_will"
		}
		way {

		}
	}
	air_defence {
		name:t = "t1_airfield_aaa09"
		tm:m = [[-0.343905, 0.0, -0.939004] [0.0, 1.0, 0.0] [0.939004, 0.0, -0.343905] [-3048.6, 899.585, -2959.52]]
		unit_class:t = "ussr_37mm_61k_airfield"
		objLayer:i = 1
		closed_waypoints:b = false
		isShipSpline:b = false
		shipTurnRadius:r = 100
		weapons:t = ""
		bullets0:t = ""
		bullets1:t = ""
		bullets2:t = ""
		bullets3:t = ""
		bulletsCount0:i = 0
		bulletsCount1:i = 0
		bulletsCount2:i = 0
		bulletsCount3:i = 0
		crewSkillK:r = 0
		applyAllMods:b = false
		props {
			army:i = 1
			count:i = 1
			formation_type:t = "rows"
			formation_div:i = 3
			formation_step:p2 = 2.5, 2
			formation_noise:p2 = 0.1, 0.1
			uniqueName:t = ""
			attack_type:t = "fire_at_will"
		}
		way {

		}
	}
	air_defence {
		name:t = "t1_airfield_aaa10"
		tm:m = [[-0.343905, 0.0, -0.939004] [0.0, 1.0, 0.0] [0.939004, 0.0, -0.343905] [-2501.18, 901.345, -2821.73]]
		unit_class:t = "ussr_37mm_61k_airfield"
		objLayer:i = 1
		closed_waypoints:b = false
		isShipSpline:b = false
		shipTurnRadius:r = 100
		weapons:t = ""
		bullets0:t = ""
		bullets1:t = ""
		bullets2:t = ""
		bullets3:t = ""
		bulletsCount0:i = 0
		bulletsCount1:i = 0
		bulletsCount2:i = 0
		bulletsCount3:i = 0
		crewSkillK:r = 0
		applyAllMods:b = false
		props {
			army:i = 1
			count:i = 1
			formation_type:t = "rows"
			formation_div:i = 3
			formation_step:p2 = 2.5, 2
			formation_noise:p2 = 0.1, 0.1
			uniqueName:t = ""
			attack_type:t = "fire_at_will"
		}
		way {

		}
	}
	air_defence {
		name:t = "t2_airfield_aaa01"
		tm:m = [[0.41583, 0.0, -0.909443] [0.0, 1.0, 0.0] [0.909443, 0.0, 0.41583] [6955.04, 189.818, -6217.88]]
		unit_class:t = "germ_37mm_flak43_airfield"
		objLayer:i = 1
		closed_waypoints:b = false
		isShipSpline:b = false
		shipTurnRadius:r = 100
		weapons:t = ""
		bullets0:t = ""
		bullets1:t = ""
		bullets2:t = ""
		bullets3:t = ""
		bulletsCount0:i = 0
		bulletsCount1:i = 0
		bulletsCount2:i = 0
		bulletsCount3:i = 0
		crewSkillK:r = 0
		applyAllMods:b = false
		props {
			army:i = 2
			count:i = 1
			formation_type:t = "rows"
			formation_div:i = 3
			formation_step:p2 = 2.5, 2
			formation_noise:p2 = 0.1, 0.1
			uniqueName:t = ""
			attack_type:t = "fire_at_will"
		}
		way {

		}
	}
	air_defence {
		name:t = "t2_airfield_aaa02"
		tm:m = [[0.41583, 0.0, -0.909443] [0.0, 1.0, 0.0] [0.909443, 0.0, 0.41583] [6680.62, -17.0083, -7551.46]]
		unit_class:t = "germ_37mm_flak43_airfield"
		objLayer:i = 1
		closed_waypoints:b = false
		isShipSpline:b = false
		shipTurnRadius:r = 100
		weapons:t = ""
		bullets0:t = ""
		bullets1:t = ""
		bullets2:t = ""
		bullets3:t = ""
		bulletsCount0:i = 0
		bulletsCount1:i = 0
		bulletsCount2:i = 0
		bulletsCount3:i = 0
		crewSkillK:r = 0
		applyAllMods:b = false
		props {
			army:i = 2
			count:i = 1
			formation_type:t = "rows"
			formation_div:i = 3
			formation_step:p2 = 2.5, 2
			formation_noise:p2 = 0.1, 0.1
			uniqueName:t = ""
			attack_type:t = "fire_at_will"
		}
		way {

		}
	}
	air_defence {
		name:t = "t2_airfield_aaa03"
		tm:m = [[0.41583, 0.0, -0.909443] [0.0, 1.0, 0.0] [0.909443, 0.0, 0.41583] [6154.14, -16.8723, -6720.22]]
		unit_class:t = "germ_37mm_flak43_airfield"
		objLayer:i = 1
		closed_waypoints:b = false
		isShipSpline:b = false
		shipTurnRadius:r = 100
		weapons:t = ""
		bullets0:t = ""
		bullets1:t = ""
		bullets2:t = ""
		bullets3:t = ""
		bulletsCount0:i = 0
		bulletsCount1:i = 0
		bulletsCount2:i = 0
		bulletsCount3:i = 0
		crewSkillK:r = 0
		applyAllMods:b = false
		props {
			army:i = 2
			count:i = 1
			formation_type:t = "rows"
			formation_div:i = 3
			formation_step:p2 = 2.5, 2
			formation_noise:p2 = 0.1, 0.1
			uniqueName:t = ""
			attack_type:t = "fire_at_will"
		}
		way {

		}
	}
	air_defence {
		name:t = "t2_airfield_aaa04"
		tm:m = [[0.41583, 0.0, -0.909443] [0.0, 1.0, 0.0] [0.909443, 0.0, 0.41583] [6488.44, 169.34, -7137.33]]
		unit_class:t = "germ_37mm_flak43_airfield"
		objLayer:i = 1
		closed_waypoints:b = false
		isShipSpline:b = false
		shipTurnRadius:r = 100
		weapons:t = ""
		bullets0:t = ""
		bullets1:t = ""
		bullets2:t = ""
		bullets3:t = ""
		bulletsCount0:i = 0
		bulletsCount1:i = 0
		bulletsCount2:i = 0
		bulletsCount3:i = 0
		crewSkillK:r = 0
		applyAllMods:b = false
		props {
			army:i = 2
			count:i = 1
			formation_type:t = "rows"
			formation_div:i = 3
			formation_step:p2 = 2.5, 2
			formation_noise:p2 = 0.1, 0.1
			uniqueName:t = ""
			attack_type:t = "fire_at_will"
		}
		way {

		}
	}
	air_defence {
		name:t = "t2_airfield_aaa05"
		tm:m = [[0.41583, 0.0, -0.909443] [0.0, 1.0, 0.0] [0.909443, 0.0, 0.41583] [7066.23, 188.704, -6533.69]]
		unit_class:t = "germ_37mm_flak43_airfield"
		objLayer:i = 1
		closed_waypoints:b = false
		isShipSpline:b = false
		shipTurnRadius:r = 100
		weapons:t = ""
		bullets0:t = ""
		bullets1:t = ""
		bullets2:t = ""
		bullets3:t = ""
		bulletsCount0:i = 0
		bulletsCount1:i = 0
		bulletsCount2:i = 0
		bulletsCount3:i = 0
		crewSkillK:r = 0
		applyAllMods:b = false
		props {
			army:i = 2
			count:i = 1
			formation_type:t = "rows"
			formation_div:i = 3
			formation_step:p2 = 2.5, 2
			formation_noise:p2 = 0.1, 0.1
			uniqueName:t = ""
			attack_type:t = "fire_at_will"
		}
		way {

		}
	}
	air_defence {
		name:t = "t2_airfield_aaa06"
		tm:m = [[0.41583, 0.0, -0.909443] [0.0, 1.0, 0.0] [0.909443, 0.0, 0.41583] [7180.82, -17.4608, -7213.29]]
		unit_class:t = "germ_37mm_flak43_airfield"
		objLayer:i = 1
		closed_waypoints:b = false
		isShipSpline:b = false
		shipTurnRadius:r = 100
		weapons:t = ""
		bullets0:t = ""
		bullets1:t = ""
		bullets2:t = ""
		bullets3:t = ""
		bulletsCount0:i = 0
		bulletsCount1:i = 0
		bulletsCount2:i = 0
		bulletsCount3:i = 0
		crewSkillK:r = 0
		applyAllMods:b = false
		props {
			army:i = 2
			count:i = 1
			formation_type:t = "rows"
			formation_div:i = 3
			formation_step:p2 = 2.5, 2
			formation_noise:p2 = 0.1, 0.1
			uniqueName:t = ""
			attack_type:t = "fire_at_will"
		}
		way {

		}
	}
	air_defence {
		name:t = "t2_airfield_aaa08"
		tm:m = [[0.41583, 0.0, -0.909443] [0.0, 1.0, 0.0] [0.909443, 0.0, 0.41583] [6296.86, 185.874, -6955.5]]
		unit_class:t = "germ_37mm_flak43_airfield"
		objLayer:i = 1
		closed_waypoints:b = false
		isShipSpline:b = false
		shipTurnRadius:r = 100
		weapons:t = ""
		bullets0:t = ""
		bullets1:t = ""
		bullets2:t = ""
		bullets3:t = ""
		bulletsCount0:i = 0
		bulletsCount1:i = 0
		bulletsCount2:i = 0
		bulletsCount3:i = 0
		crewSkillK:r = 0
		applyAllMods:b = false
		props {
			army:i = 2
			count:i = 1
			formation_type:t = "rows"
			formation_div:i = 3
			formation_step:p2 = 2.5, 2
			formation_noise:p2 = 0.1, 0.1
			uniqueName:t = ""
			attack_type:t = "fire_at_will"
		}
		way {

		}
	}
	air_defence {
		name:t = "t2_airfield_aaa09"
		tm:m = [[0.41583, 0.0, -0.909443] [0.0, 1.0, 0.0] [0.909443, 0.0, 0.41583] [6894.67, -17.1231, -7681.86]]
		unit_class:t = "germ_37mm_flak43_airfield"
		objLayer:i = 1
		closed_waypoints:b = false
		isShipSpline:b = false
		shipTurnRadius:r = 100
		weapons:t = ""
		bullets0:t = ""
		bullets1:t = ""
		bullets2:t = ""
		bullets3:t = ""
		bulletsCount0:i = 0
		bulletsCount1:i = 0
		bulletsCount2:i = 0
		bulletsCount3:i = 0
		crewSkillK:r = 0
		applyAllMods:b = false
		props {
			army:i = 2
			count:i = 1
			formation_type:t = "rows"
			formation_div:i = 3
			formation_step:p2 = 2.5, 2
			formation_noise:p2 = 0.1, 0.1
			uniqueName:t = ""
			attack_type:t = "fire_at_will"
		}
		way {

		}
	}
	air_defence {
		name:t = "t2_airfield_aaa10"
		tm:m = [[0.41583, 0.0, -0.909443] [0.0, 1.0, 0.0] [0.909443, 0.0, 0.41583] [6998.18, 175.465, -6923.3]]
		unit_class:t = "germ_37mm_flak43_airfield"
		objLayer:i = 1
		closed_waypoints:b = false
		isShipSpline:b = false
		shipTurnRadius:r = 100
		weapons:t = ""
		bullets0:t = ""
		bullets1:t = ""
		bullets2:t = ""
		bullets3:t = ""
		bulletsCount0:i = 0
		bulletsCount1:i = 0
		bulletsCount2:i = 0
		bulletsCount3:i = 0
		crewSkillK:r = 0
		applyAllMods:b = false
		props {
			army:i = 2
			count:i = 1
			formation_type:t = "rows"
			formation_div:i = 3
			formation_step:p2 = 2.5, 2
			formation_noise:p2 = 0.1, 0.1
			uniqueName:t = ""
			attack_type:t = "fire_at_will"
		}
		way {

		}
	}
	squad {
		name:t = "t1_airfield_aaa_squad"
		tm:m = [[0.818764, 0.0, -0.57413] [0.0, 1.0, 0.0] [0.57413, 0.0, 0.818764] [-2107.03, 868.342, -2049.85]]
		props {
			squad_members:t = "t1_airfield_aaa01"
			squad_members:t = "t1_airfield_aaa02"
			squad_members:t = "t1_airfield_aaa03"
			squad_members:t = "t1_airfield_aaa04"
			squad_members:t = "t1_airfield_aaa05"
			squad_members:t = "t1_airfield_aaa06"
			squad_members:t = "t1_airfield_aaa07"
			squad_members:t = "t1_airfield_aaa08"
			squad_members:t = "t1_airfield_aaa09"
			squad_members:t = "t1_airfield_aaa10"
		}
	}
	squad {
		name:t = "t2_airfield_aaa_squad"
		tm:m = [[0.725963, 0.0, -0.687734] [0.0, 1.0, 0.0] [0.687734, 0.0, 0.725963] [12031.1, -39.5005, -3783.46]]
		props {
			squad_members:t = "t2_airfield_aaa01"
			squad_members:t = "t2_airfield_aaa02"
			squad_members:t = "t2_airfield_aaa03"
			squad_members:t = "t2_airfield_aaa04"
			squad_members:t = "t2_airfield_aaa05"
			squad_members:t = "t2_airfield_aaa06"
			squad_members:t = "t2_airfield_aaa07"
			squad_members:t = "t2_airfield_aaa08"
			squad_members:t = "t2_airfield_aaa09"
			squad_members:t = "t2_airfield_aaa10"
		}
	}
	objectGroups {
		name:t = "t2_airfield"
		tm:m = [[0.357324, 0.0, -0.933981] [0.0, 1.0, 0.0] [0.933981, 0.0, 0.357324] [6669.92, 185.95, -6749.99]]
		unit_class:t = "dynaf_universal_1line_a"
		objLayer:i = 2
		props {
			army:i = 2
			active:b = true
		}
	}
	objectGroups {
		name:t = "t1_airfield"
		tm:m = [[-0.847578, 0.0, 0.530672] [0.0, 1.0, 0.0] [-0.530672, 0.0, -0.847578] [-2925.99, 903.635, -2713.98]]
		unit_class:t = "dynaf_universal_1line_a"
		objLayer:i = 2
		props {
			army:i = 1
			active:b = true
		}
	}
	air_defence {
		name:t = "t2_airfield_aaa07"
		tm:m = [[0.41583, 0.0, -0.909443] [0.0, 1.0, 0.0] [0.909443, 0.0, 0.41583] [5956.12, 188.704, -6240.71]]
		unit_class:t = "germ_37mm_flak43_airfield"
		objLayer:i = 1
		closed_waypoints:b = false
		isShipSpline:b = false
		shipTurnRadius:r = 100
		weapons:t = ""
		bullets0:t = ""
		bullets1:t = ""
		bullets2:t = ""
		bullets3:t = ""
		bulletsCount0:i = 0
		bulletsCount1:i = 0
		bulletsCount2:i = 0
		bulletsCount3:i = 0
		crewSkillK:r = 0
		applyAllMods:b = false
		props {
			army:i = 2
			count:i = 1
			formation_type:t = "rows"
			formation_div:i = 3
			formation_step:p2 = 2.5, 2
			formation_noise:p2 = 0.1, 0.1
			uniqueName:t = ""
			attack_type:t = "fire_at_will"
		}
		way {

		}
	}
}
areas {
	t1_start {
		type:t = "Sphere"
		tm:m = [[123.643, 0.0, -112.851] [0.0, 167.4, 0.0] [112.851, 0.0, 123.643] [-3092.36, 0.000366271, 7623.85]]
		objLayer:i = 0
		props {

		}
	}
	t1_end {
		type:t = "Sphere"
		tm:m = [[124.905, 0.0, -111.453] [0.0, 167.4, 0.0] [111.453, 0.0, 124.905] [-779.692, 0.000366211, 5681.69]]
		objLayer:i = 0
		props {

		}
	}
	t2_end {
		type:t = "Sphere"
		tm:m = [[-101.191, 0.0, 133.353] [0.0, 167.4, 0.0] [-133.353, 0.0, -101.191] [10547.3, -0.000488281, -3474.65]]
		objLayer:i = 0
		props {

		}
	}
	t2_start {
		type:t = "Sphere"
		tm:m = [[-109.109, 0.0, 126.956] [0.0, 167.4, 0.0] [-126.956, 0.0, -109.109] [12456.8, -0.000488281, -5788.59]]
		objLayer:i = 0
		props {

		}
	}
	t2_waterfield {
		type:t = "Box"
		tm:m = [[1927.93, 0.0, -2298.49] [0.0, 296.7, 0.0] [306.465, 0.0, 257.057] [11509.1, -0.000488281, -4627.56]]
		objLayer:i = 0
		props {

		}
	}
}
objLayers {
	layer {
		enabled:b = true
	}
	layer {
		enabled:b = true
	}
	layer {
		enabled:b = true
	}
	layer {
		enabled:b = false
	}
}
wayPoints {

}