selected_tag:t = ""
bin_dump_file:t = ""
mission_settings {
	player {
		army:i = 1
		wing:t = "t1_player01"
		wing:t = "t1_player02"
		wing:t = "t1_player03"
		wing:t = "t1_player04"
		wing:t = "t1_player05"
		wing:t = "t1_player06"
		wing:t = "t1_player07"
		wing:t = "t1_player08"
		wing:t = "t1_player09"
		wing:t = "t1_player10"
		wing:t = "t1_player11"
		wing:t = "t1_player12"
		wing:t = "t1_player13"
		wing:t = "t1_player14"
		wing:t = "t1_player15"
		wing:t = "t1_player16"
		wing:t = "t1_player17"
		wing:t = "t1_player18"
		wing:t = "t1_player19"
		wing:t = "t1_player20"
		wing:t = "t1_player21"
		wing:t = "t1_player22"
		wing:t = "t1_player23"
		wing:t = "t1_player24"
		wing:t = "t1_player25"
		wing:t = "t1_player26"
		wing:t = "t1_player27"
		wing:t = "t1_player28"
		wing:t = "t1_player29"
		wing:t = "t1_player30"
		wing:t = "t1_player31"
		wing:t = "t1_player32"
	}
	player_teamB {
		army:i = 2
		wing:t = "t2_player01"
		wing:t = "t2_player02"
		wing:t = "t2_player03"
		wing:t = "t2_player04"
		wing:t = "t2_player05"
		wing:t = "t2_player06"
		wing:t = "t2_player07"
		wing:t = "t2_player08"
		wing:t = "t2_player09"
		wing:t = "t2_player10"
		wing:t = "t2_player11"
		wing:t = "t2_player12"
		wing:t = "t2_player13"
		wing:t = "t2_player14"
		wing:t = "t2_player15"
		wing:t = "t2_player16"
		wing:t = "t2_player17"
		wing:t = "t2_player18"
		wing:t = "t2_player19"
		wing:t = "t2_player20"
		wing:t = "t2_player21"
		wing:t = "t2_player22"
		wing:t = "t2_player23"
		wing:t = "t2_player24"
		wing:t = "t2_player25"
		wing:t = "t2_player26"
		wing:t = "t2_player27"
		wing:t = "t2_player28"
		wing:t = "t2_player29"
		wing:t = "t2_player30"
		wing:t = "t2_player31"
		wing:t = "t2_player32"
		wing:t = "t2_player33"
	}
	mission {
		level:t = "levels/avg_fulda.bin"
		type:t = "domination"
		environment:t = "Day"
		weather:t = "hazy"
		locName:t = "missions/_CnvB;fulda/name"
		locDesc:t = "fulda/desc;missions/_Cnv/desc"
		scoreLimit:i = 10000
		timeLimit:i = 25
		deathPenaltyMul:r = 0
		postfix:t = "_CnvB"
		allowedKillStreaks:b = true
		randomSpawnTeams:b = false
		remapAiTankModels:b = true
		country_axis:t = "germany"
		country_allies:t = "ussr"
		restoreType:t = "attempts"
		optionalTakeOff:b = false
		showTacticalMapCellSize:b = true
		allowedUnitTypes {
			isAirplanesAllowed:b = true
			isTanksAllowed:b = true
			isShipsAllowed:b = false
			isHelicoptersAllowed:b = true
		}
	}
	spectator_points {

	}
	briefing {
		place_loc:t = ""
		date_loc:t = ""
		objective_loc:t = ""
		music:t = "action_01"
		part {
			event:t = ""
			minTime:i = 0
			slide {
				map:b = true
				minTime:i = 4
				picture:t = ""
				showAirMap:b = false
				arrow {
					width:i = 1
					side:t = "enemy"
					point:t = "briefing_tanks"
					point:t = "convoy_waypoint01"
					point:t = "convoy_waypoint02"
					point:t = "convoy_waypoint03"
					point:t = "convoy_waypoint04"
					point:t = "convoy_waypoint04"
				}
				icon {
					icontype:t = "bomber"
					side:t = "ally"
					target:t = "briefing_bombers"
					lookAt:t = "briefing_tanks"
				}
				icon {
					icontype:t = "tank"
					side:t = "enemy"
					target:t = "briefing_tanks"
				}
				icon {
					icontype:t = "tank"
					side:t = "ally"
					target:t = "t1_tanks_spawn"
				}
			}
		}
	}
}
imports {
	import_record {
		file:t = "gameData/missions/templates/tank_templates/tank_base_logic_template.blk"
		importAreas:b = true
		importUnits:b = true
		importTriggers:b = true
		importMissionObjectives:b = true
		importWayPoints:b = true
		showAreas:b = true
		showUnits:b = true
		showTriggers:b = true
		showMissionObjectives:b = true
		showWayPoints:b = true
		excludes {

		}
	}
	import_record {
		file:t = "gameData/missions/templates/tank_convoy_template.blk"
		importAreas:b = true
		importUnits:b = true
		importTriggers:b = true
		importMissionObjectives:b = true
		importWayPoints:b = true
		showAreas:b = true
		showUnits:b = true
		showTriggers:b = true
		showMissionObjectives:b = true
		showWayPoints:b = true
		excludes {

		}
	}
	import_record {
		file:t = "gameData/missions/cta/tanks/fulda/template_fulda_air_spawns.blk"
		importAreas:b = true
		importUnits:b = true
		importTriggers:b = true
		importMissionObjectives:b = true
		importWayPoints:b = true
		showAreas:b = true
		showUnits:b = true
		showTriggers:b = true
		showMissionObjectives:b = true
		showWayPoints:b = true
		excludes {

		}
	}
}
triggers {
	isCategory:b = true
	is_enabled:b = true
	fulda_CnvB_init {
		is_enabled:b = true
		comments:t = ""
		props {
			actionsType:t = "PERFORM_ONE_BY_ONE"
			conditionsType:t = "ALL"
			enableAfterComplete:b = false
		}
		events {
			initMission {

			}
		}
		conditions {

		}
		actions {
			missionMarkAsRespawnPoint {
				loc_name:t = "missions/spawn"
				spawnEffect:b = false
				isStrictSpawn:b = false
				isAirfield:b = false
				isUnit:b = false
				useExisting:b = false
				isIndividual:b = true
				removeAreas:b = false
				canSpawnOnNeutral:b = false
				showOnMap:b = true
				radius:r = 50
				onlyOnePlayerPerSpawnPoint:b = false
				resetStrictSpawnIndex:b = false
				forceCreate:b = false
				replaceAreas:b = false
				target:t = "t2_tanks_spawn00"
				team:t = "B"
				offset:p3 = 0, 0, 100
				tags {
					tank:b = true
					type_heavy_tank:b = true
					type_medium_tank:b = true
					type_light_tank:b = true
					type_tank_destroyer:b = true
					type_spaa:b = true
				}
			}
			missionMarkAsRespawnPoint {
				loc_name:t = "missions/spawn"
				spawnEffect:b = false
				isStrictSpawn:b = false
				isAirfield:b = false
				isUnit:b = false
				useExisting:b = false
				isIndividual:b = true
				removeAreas:b = false
				canSpawnOnNeutral:b = false
				showOnMap:b = true
				radius:r = -1
				onlyOnePlayerPerSpawnPoint:b = false
				resetStrictSpawnIndex:b = false
				forceCreate:b = false
				replaceAreas:b = false
				target:t = "t1_tanks_spawn"
				team:t = "A"
				offset:p3 = 0, 0, 0
				tags {
					tank:b = true
					type_heavy_tank:b = true
					type_medium_tank:b = true
					type_light_tank:b = true
					type_tank_destroyer:b = true
					type_spaa:b = true
				}
			}
		}
		else_actions {

		}
	}
}
mission_objectives {
	isCategory:b = true
	is_enabled:b = true
}
variables {
	waypoints_num:i = 4
	defenseMissionTeam:t = "teamB"
}
dialogs {

}
airfields {

}
effects {

}
units {
	tankModels {
		name:t = "t1_player01"
		tm:m = [[0.840211, 0.0, -0.542259] [0.0, 1.0, 0.0] [0.542259, 0.0, 0.840211] [1645.25, 190.273, 3497.85]]
		unit_class:t = "aaa_dummy"
		objLayer:i = 1
		closed_waypoints:b = false
		isShipSpline:b = false
		shipTurnRadius:r = 100
		weapons:t = ""
		bullets0:t = ""
		bullets1:t = ""
		bullets2:t = ""
		bullets3:t = ""
		bulletsCount0:i = 0
		bulletsCount1:i = 0
		bulletsCount2:i = 0
		bulletsCount3:i = 0
		props {
			army:i = 2
			count:i = 1
			formation_type:t = "rows"
			formation_div:i = 3
			formation_step:p2 = 2.5, 2
			formation_noise:p2 = 0.1, 0.1
			uniqueName:t = ""
			attack_type:t = "fire_at_will"
		}
		way {

		}
	}
	area_squad {
		name:t = "t2_tanks_spawn00"
		tm:m = [[-0.585893, 0.0, 0.810389] [0.0, 1.0, 0.0] [-0.810389, 0.0, -0.585893] [2736.2, 185.646, 3394.3]]
		props {
			squad_members:t = "t2_tanks_spawn00_01"
			squad_members:t = "t2_tanks_spawn00_02"
			squad_members:t = "t2_tanks_spawn00_03"
			squad_members:t = "t2_tanks_spawn00_04"
			squad_members:t = "t2_tanks_spawn00_05"
			squad_members:t = "t2_tanks_spawn00_06"
			squad_members:t = "t2_tanks_spawn00_07"
			squad_members:t = "t2_tanks_spawn00_08"
			squad_members:t = "t2_tanks_spawn00_09"
			squad_members:t = "t2_tanks_spawn00_10"
			squad_members:t = "t2_tanks_spawn00_11"
			squad_members:t = "t2_tanks_spawn00_12"
			squad_members:t = "t2_tanks_spawn00_13"
			squad_members:t = "t2_tanks_spawn00_14"
			squad_members:t = "t2_tanks_spawn00_15"
			squad_members:t = "t2_tanks_spawn00_16"
			squad_members:t = "t2_tanks_spawn00_17"
			squad_members:t = "t2_tanks_spawn00_18"
			squad_members:t = "t2_tanks_spawn00_19"
			squad_members:t = "t2_tanks_spawn00_20"
		}
	}
	area_squad {
		name:t = "t2_tanks_spawn01"
		tm:m = [[0.831815, 0.0, 0.55505] [0.0, 1.0, 0.0] [-0.55505, 0.0, 0.831815] [3037.5, 202.355, 2887.5]]
		props {
			squad_members:t = "t2_tanks_spawn01_01"
			squad_members:t = "t2_tanks_spawn01_02"
			squad_members:t = "t2_tanks_spawn01_03"
			squad_members:t = "t2_tanks_spawn01_04"
			squad_members:t = "t2_tanks_spawn01_05"
			squad_members:t = "t2_tanks_spawn01_06"
			squad_members:t = "t2_tanks_spawn01_07"
			squad_members:t = "t2_tanks_spawn01_08"
			squad_members:t = "t2_tanks_spawn01_09"
			squad_members:t = "t2_tanks_spawn01_10"
			squad_members:t = "t2_tanks_spawn01_11"
			squad_members:t = "t2_tanks_spawn01_12"
			squad_members:t = "t2_tanks_spawn01_13"
			squad_members:t = "t2_tanks_spawn01_14"
			squad_members:t = "t2_tanks_spawn01_15"
			squad_members:t = "t2_tanks_spawn01_16"
			squad_members:t = "t2_tanks_spawn01_17"
			squad_members:t = "t2_tanks_spawn01_18"
			squad_members:t = "t2_tanks_spawn01_19"
			squad_members:t = "t2_tanks_spawn01_20"
		}
	}
	area_squad {
		name:t = "t2_tanks_spawn02"
		tm:m = [[0.644919, 0.0, -0.76425] [0.0, 1.0, 0.0] [0.76425, 0.0, 0.644919] [3605.15, 135.313, 2338.1]]
		props {
			squad_members:t = "t2_tanks_spawn02_01"
			squad_members:t = "t2_tanks_spawn02_02"
			squad_members:t = "t2_tanks_spawn02_03"
			squad_members:t = "t2_tanks_spawn02_04"
			squad_members:t = "t2_tanks_spawn02_05"
			squad_members:t = "t2_tanks_spawn02_06"
			squad_members:t = "t2_tanks_spawn02_07"
			squad_members:t = "t2_tanks_spawn02_08"
			squad_members:t = "t2_tanks_spawn02_09"
			squad_members:t = "t2_tanks_spawn02_10"
			squad_members:t = "t2_tanks_spawn02_11"
			squad_members:t = "t2_tanks_spawn02_12"
			squad_members:t = "t2_tanks_spawn02_13"
			squad_members:t = "t2_tanks_spawn02_14"
			squad_members:t = "t2_tanks_spawn02_15"
			squad_members:t = "t2_tanks_spawn02_16"
			squad_members:t = "t2_tanks_spawn02_17"
			squad_members:t = "t2_tanks_spawn02_18"
			squad_members:t = "t2_tanks_spawn02_19"
			squad_members:t = "t2_tanks_spawn02_20"
		}
	}
	area_squad {
		name:t = "t2_tanks_spawn03"
		tm:m = [[0.424046, 0.0, -0.905641] [0.0, 1.0, 0.0] [0.905641, 0.0, 0.424046] [3449.55, 125.572, 1479.8]]
		props {
			squad_members:t = "t2_tanks_spawn03_01"
			squad_members:t = "t2_tanks_spawn03_02"
			squad_members:t = "t2_tanks_spawn03_03"
			squad_members:t = "t2_tanks_spawn03_04"
			squad_members:t = "t2_tanks_spawn03_05"
			squad_members:t = "t2_tanks_spawn03_06"
			squad_members:t = "t2_tanks_spawn03_07"
			squad_members:t = "t2_tanks_spawn03_08"
			squad_members:t = "t2_tanks_spawn03_09"
			squad_members:t = "t2_tanks_spawn03_10"
			squad_members:t = "t2_tanks_spawn03_11"
			squad_members:t = "t2_tanks_spawn03_12"
			squad_members:t = "t2_tanks_spawn03_13"
			squad_members:t = "t2_tanks_spawn03_14"
			squad_members:t = "t2_tanks_spawn03_15"
			squad_members:t = "t2_tanks_spawn03_16"
			squad_members:t = "t2_tanks_spawn03_17"
			squad_members:t = "t2_tanks_spawn03_18"
			squad_members:t = "t2_tanks_spawn03_19"
			squad_members:t = "t2_tanks_spawn03_20"
		}
	}
	area_squad {
		name:t = "t2_tanks_spawn04"
		tm:m = [[-0.904844, 0.0, 0.425742] [0.0, 1.0, 0.0] [-0.425742, 0.0, -0.904844] [3415.25, 118.151, 822.4]]
		props {
			squad_members:t = "t2_tanks_spawn04_01"
			squad_members:t = "t2_tanks_spawn04_02"
			squad_members:t = "t2_tanks_spawn04_03"
			squad_members:t = "t2_tanks_spawn04_04"
			squad_members:t = "t2_tanks_spawn04_05"
			squad_members:t = "t2_tanks_spawn04_06"
			squad_members:t = "t2_tanks_spawn04_07"
			squad_members:t = "t2_tanks_spawn04_08"
			squad_members:t = "t2_tanks_spawn04_09"
			squad_members:t = "t2_tanks_spawn04_10"
			squad_members:t = "t2_tanks_spawn04_11"
			squad_members:t = "t2_tanks_spawn04_12"
			squad_members:t = "t2_tanks_spawn04_13"
			squad_members:t = "t2_tanks_spawn04_14"
			squad_members:t = "t2_tanks_spawn04_15"
			squad_members:t = "t2_tanks_spawn04_16"
			squad_members:t = "t2_tanks_spawn04_17"
			squad_members:t = "t2_tanks_spawn04_18"
			squad_members:t = "t2_tanks_spawn04_19"
			squad_members:t = "t2_tanks_spawn04_20"
		}
	}
	area_squad {
		name:t = "t1_tanks_spawn"
		tm:m = [[0.772639, 0.0, -0.634846] [0.0, 1.0, 0.0] [0.634846, 0.0, 0.772639] [2270.35, 237.253, 2102.65]]
		props {
			squad_members:t = "t1_tanks_spawn01"
			squad_members:t = "t1_tanks_spawn02"
			squad_members:t = "t1_tanks_spawn03"
			squad_members:t = "t1_tanks_spawn04"
			squad_members:t = "t1_tanks_spawn05"
			squad_members:t = "t1_tanks_spawn06"
			squad_members:t = "t1_tanks_spawn07"
			squad_members:t = "t1_tanks_spawn08"
			squad_members:t = "t1_tanks_spawn09"
			squad_members:t = "t1_tanks_spawn10"
			squad_members:t = "t1_tanks_spawn11"
			squad_members:t = "t1_tanks_spawn12"
			squad_members:t = "t1_tanks_spawn13"
			squad_members:t = "t1_tanks_spawn14"
			squad_members:t = "t1_tanks_spawn15"
			squad_members:t = "t1_tanks_spawn16"
			squad_members:t = "t1_tanks_spawn17"
			squad_members:t = "t1_tanks_spawn18"
			squad_members:t = "t1_tanks_spawn19"
			squad_members:t = "t1_tanks_spawn20"
		}
	}
	objectGroups {
		name:t = "notree01"
		tm:m = [[0.500753, 0.0, -0.865591] [0.0, 1.0, 0.0] [0.865591, 0.0, 0.500753] [2060.95, 170.5, 3880.15]]
		unit_class:t = "noTreeObjectGroup100"
		objLayer:i = 2
		props {
			army:i = 2
			active:b = true
		}
	}
	area_squad {
		name:t = "t2_rearm_zone"
		tm:m = [[1.0, 0.0, 0.0] [0.0, 1.0, 0.0] [0.0, 0.0, 1.0] [-822.154, 23.2117, -95.1837]]
		props {
			squad_members:t = "t2_rearm_zone_01"
			squad_members:t = "t2_rearm_zone_02"
		}
	}
	area_squad {
		name:t = "t1_rearm_zone"
		tm:m = [[1.0, 0.0, 0.0] [0.0, 1.0, 0.0] [0.0, 0.0, 1.0] [562.478, 23.2117, -501.735]]
		props {
			squad_members:t = "t1_rearm_zone_01"
			squad_members:t = "t1_rearm_zone_02"
		}
	}
	objectGroups {
		name:t = "notree05"
		tm:m = [[0.500753, 0.0, -0.865591] [0.0, 1.0, 0.0] [0.865591, 0.0, 0.500753] [2106.75, 170.5, 3796.55]]
		unit_class:t = "noTreeObjectGroup100"
		objLayer:i = 2
		props {
			army:i = 2
			active:b = true
		}
	}
	objectGroups {
		name:t = "notree08"
		tm:m = [[0.390428, 0.0, -0.920634] [0.0, 1.0, 0.0] [0.920634, 0.0, 0.390428] [2143.2, 170.5, 3713.6]]
		unit_class:t = "noTreeObjectGroup100"
		objLayer:i = 2
		props {
			army:i = 2
			active:b = true
		}
	}
	objectGroups {
		name:t = "notree10"
		tm:m = [[0.569328, 0.0, -0.822111] [0.0, 1.0, 0.0] [0.822111, 0.0, 0.569328] [2183.9, 170.5, 3636.9]]
		unit_class:t = "noTreeObjectGroup100"
		objLayer:i = 2
		props {
			army:i = 2
			active:b = true
		}
	}
	objectGroups {
		name:t = "notree14"
		tm:m = [[0.822287, 0.0, -0.569074] [0.0, 1.0, 0.0] [0.569074, 0.0, 0.822287] [2240.55, 170.5, 3581.55]]
		unit_class:t = "noTreeObjectGroup100"
		objLayer:i = 2
		props {
			army:i = 2
			active:b = true
		}
	}
	objectGroups {
		name:t = "notree17"
		tm:m = [[0.887298, 0.0, -0.461198] [0.0, 1.0, 0.0] [0.461198, 0.0, 0.887298] [2317.4, 170.5, 3536.15]]
		unit_class:t = "noTreeObjectGroup100"
		objLayer:i = 2
		props {
			army:i = 2
			active:b = true
		}
	}
	objectGroups {
		name:t = "notree19"
		tm:m = [[0.887298, 0.0, -0.461198] [0.0, 1.0, 0.0] [0.461198, 0.0, 0.887298] [2404.25, 170.5, 3491.85]]
		unit_class:t = "noTreeObjectGroup100"
		objLayer:i = 2
		props {
			army:i = 2
			active:b = true
		}
	}
	objectGroups {
		name:t = "notree22"
		tm:m = [[0.799481, 0.0, -0.600691] [0.0, 1.0, 0.0] [0.600691, 0.0, 0.799481] [2484.6, 170.5, 3448.75]]
		unit_class:t = "noTreeObjectGroup100"
		objLayer:i = 2
		props {
			army:i = 2
			active:b = true
		}
	}
	objectGroups {
		name:t = "notree25"
		tm:m = [[0.799481, 0.0, -0.600691] [0.0, 1.0, 0.0] [0.600691, 0.0, 0.799481] [2560.6, 170.5, 3391.75]]
		unit_class:t = "noTreeObjectGroup100"
		objLayer:i = 2
		props {
			army:i = 2
			active:b = true
		}
	}
	objectGroups {
		name:t = "notree28"
		tm:m = [[0.593177, 0.0, -0.805072] [0.0, 1.0, 0.0] [0.805072, 0.0, 0.593177] [2618.6, 170.5, 3333.65]]
		unit_class:t = "noTreeObjectGroup100"
		objLayer:i = 2
		props {
			army:i = 2
			active:b = true
		}
	}
	objectGroups {
		name:t = "notree31"
		tm:m = [[0.552334, 0.0, -0.833623] [0.0, 1.0, 0.0] [0.833623, 0.0, 0.552334] [2674.8, 170.5, 3253.25]]
		unit_class:t = "noTreeObjectGroup100"
		objLayer:i = 2
		props {
			army:i = 2
			active:b = true
		}
	}
	objectGroups {
		name:t = "notree34"
		tm:m = [[0.552334, 0.0, -0.833623] [0.0, 1.0, 0.0] [0.833623, 0.0, 0.552334] [2726.65, 170.5, 3171.75]]
		unit_class:t = "noTreeObjectGroup100"
		objLayer:i = 2
		props {
			army:i = 2
			active:b = true
		}
	}
	objectGroups {
		name:t = "notree37"
		tm:m = [[0.552334, 0.0, -0.833623] [0.0, 1.0, 0.0] [0.833623, 0.0, 0.552334] [2779.1, 170.5, 3091.4]]
		unit_class:t = "noTreeObjectGroup100"
		objLayer:i = 2
		props {
			army:i = 2
			active:b = true
		}
	}
	objectGroups {
		name:t = "notree40"
		tm:m = [[0.552334, 0.0, -0.833623] [0.0, 1.0, 0.0] [0.833623, 0.0, 0.552334] [2828.9, 170.5, 3012.5]]
		unit_class:t = "noTreeObjectGroup100"
		objLayer:i = 2
		props {
			army:i = 2
			active:b = true
		}
	}
	objectGroups {
		name:t = "notree43"
		tm:m = [[0.552334, 0.0, -0.833623] [0.0, 1.0, 0.0] [0.833623, 0.0, 0.552334] [2877.55, 170.5, 2929.25]]
		unit_class:t = "noTreeObjectGroup100"
		objLayer:i = 2
		props {
			army:i = 2
			active:b = true
		}
	}
	objectGroups {
		name:t = "notree46"
		tm:m = [[0.552334, 0.0, -0.833623] [0.0, 1.0, 0.0] [0.833623, 0.0, 0.552334] [2928.5, 170.5, 2846.9]]
		unit_class:t = "noTreeObjectGroup100"
		objLayer:i = 2
		props {
			army:i = 2
			active:b = true
		}
	}
	objectGroups {
		name:t = "notree49"
		tm:m = [[0.645833, 0.0, -0.76348] [0.0, 1.0, 0.0] [0.76348, 0.0, 0.645833] [2978.8, 170.5, 2769.4]]
		unit_class:t = "noTreeObjectGroup100"
		objLayer:i = 2
		props {
			army:i = 2
			active:b = true
		}
	}
	objectGroups {
		name:t = "notree52"
		tm:m = [[0.725924, 0.0, -0.687776] [0.0, 1.0, 0.0] [0.687776, 0.0, 0.725924] [3037.85, 170.5, 2697.35]]
		unit_class:t = "noTreeObjectGroup100"
		objLayer:i = 2
		props {
			army:i = 2
			active:b = true
		}
	}
	objectGroups {
		name:t = "notree55"
		tm:m = [[0.758926, 0.0, -0.651178] [0.0, 1.0, 0.0] [0.651178, 0.0, 0.758926] [3101.3, 170.5, 2635.5]]
		unit_class:t = "noTreeObjectGroup100"
		objLayer:i = 2
		props {
			army:i = 2
			active:b = true
		}
	}
	objectGroups {
		name:t = "notree58"
		tm:m = [[0.758926, 0.0, -0.651178] [0.0, 1.0, 0.0] [0.651178, 0.0, 0.758926] [3172.35, 170.5, 2574.1]]
		unit_class:t = "noTreeObjectGroup100"
		objLayer:i = 2
		props {
			army:i = 2
			active:b = true
		}
	}
	objectGroups {
		name:t = "notree61"
		tm:m = [[0.758926, 0.0, -0.651178] [0.0, 1.0, 0.0] [0.651178, 0.0, 0.758926] [3242.7, 157.95, 2513.55]]
		unit_class:t = "noTreeObjectGroup100"
		objLayer:i = 2
		props {
			army:i = 2
			active:b = true
		}
	}
	objectGroups {
		name:t = "notree64"
		tm:m = [[0.758926, 0.0, -0.651178] [0.0, 1.0, 0.0] [0.651178, 0.0, 0.758926] [3315.1, 157.95, 2450.05]]
		unit_class:t = "noTreeObjectGroup100"
		objLayer:i = 2
		props {
			army:i = 2
			active:b = true
		}
	}
	objectGroups {
		name:t = "notree67"
		tm:m = [[0.691592, 0.0, -0.72229] [0.0, 1.0, 0.0] [0.72229, 0.0, 0.691592] [3385.15, 157.95, 2388.4]]
		unit_class:t = "noTreeObjectGroup100"
		objLayer:i = 2
		props {
			army:i = 2
			active:b = true
		}
	}
	objectGroups {
		name:t = "notree70"
		tm:m = [[0.577009, 0.0, -0.816738] [0.0, 1.0, 0.0] [0.816738, 0.0, 0.577009] [3444.15, 144.3, 2319.7]]
		unit_class:t = "noTreeObjectGroup100"
		objLayer:i = 2
		props {
			army:i = 2
			active:b = true
		}
	}
	objectGroups {
		name:t = "notree74"
		tm:m = [[0.455739, 0.0, -0.890114] [0.0, 1.0, 0.0] [0.890114, 0.0, 0.455739] [3488.85, 130.85, 2237.6]]
		unit_class:t = "noTreeObjectGroup100"
		objLayer:i = 2
		props {
			army:i = 2
			active:b = true
		}
	}
	objectGroups {
		name:t = "notree77"
		tm:m = [[0.357801, 0.0, -0.933798] [0.0, 1.0, 0.0] [0.933798, 0.0, 0.357801] [3524.25, 121.9, 2154.85]]
		unit_class:t = "noTreeObjectGroup100"
		objLayer:i = 2
		props {
			army:i = 2
			active:b = true
		}
	}
	objectGroups {
		name:t = "notree80"
		tm:m = [[0.276536, 0.0, -0.961004] [0.0, 1.0, 0.0] [0.961004, 0.0, 0.276536] [3551.7, 119.7, 2068.3]]
		unit_class:t = "noTreeObjectGroup100"
		objLayer:i = 2
		props {
			army:i = 2
			active:b = true
		}
	}
	objectGroups {
		name:t = "notree83"
		tm:m = [[0.276536, 0.0, -0.961004] [0.0, 1.0, 0.0] [0.961004, 0.0, 0.276536] [3576.2, 116.55, 1976.9]]
		unit_class:t = "noTreeObjectGroup100"
		objLayer:i = 2
		props {
			army:i = 2
			active:b = true
		}
	}
	objectGroups {
		name:t = "notree86"
		tm:m = [[0.276536, 0.0, -0.961004] [0.0, 1.0, 0.0] [0.961004, 0.0, 0.276536] [3600.65, 111.0, 1878.1]]
		unit_class:t = "noTreeObjectGroup100"
		objLayer:i = 2
		props {
			army:i = 2
			active:b = true
		}
	}
	objectGroups {
		name:t = "notree88"
		tm:m = [[0.276536, 0.0, -0.961004] [0.0, 1.0, 0.0] [0.961004, 0.0, 0.276536] [3621.85, 107.85, 1786.05]]
		unit_class:t = "noTreeObjectGroup100"
		objLayer:i = 2
		props {
			army:i = 2
			active:b = true
		}
	}
	objectGroups {
		name:t = "notree91"
		tm:m = [[0.159876, 0.0, -0.987138] [0.0, 1.0, 0.0] [0.987138, 0.0, 0.159876] [3643.05, 107.85, 1696.3]]
		unit_class:t = "noTreeObjectGroup100"
		objLayer:i = 2
		props {
			army:i = 2
			active:b = true
		}
	}
	objectGroups {
		name:t = "notree94"
		tm:m = [[0.0427258, 0.0, -0.999088] [0.0, 1.0, 0.0] [0.999088, 0.0, 0.0427258] [3656.35, 99.9, 1604.1]]
		unit_class:t = "noTreeObjectGroup100"
		objLayer:i = 2
		props {
			army:i = 2
			active:b = true
		}
	}
	objectGroups {
		name:t = "notree98"
		tm:m = [[0.0427258, 0.0, -0.999088] [0.0, 1.0, 0.0] [0.999088, 0.0, 0.0427258] [3659.8, 99.9, 1506.35]]
		unit_class:t = "noTreeObjectGroup100"
		objLayer:i = 2
		props {
			army:i = 2
			active:b = true
		}
	}
	objectGroups {
		name:t = "notree100"
		tm:m = [[-0.0880469, 0.0, -0.996118] [0.0, 1.0, 0.0] [0.996118, 0.0, -0.0880469] [3657.9, 99.9, 1414.2]]
		unit_class:t = "noTreeObjectGroup100"
		objLayer:i = 2
		props {
			army:i = 2
			active:b = true
		}
	}
	objectGroups {
		name:t = "notree103"
		tm:m = [[-0.174529, 0.0, -0.984653] [0.0, 1.0, 0.0] [0.984653, 0.0, -0.174529] [3646.95, 99.9, 1321.45]]
		unit_class:t = "noTreeObjectGroup100"
		objLayer:i = 2
		props {
			army:i = 2
			active:b = true
		}
	}
	objectGroups {
		name:t = "notree106"
		tm:m = [[-0.174529, 0.0, -0.984653] [0.0, 1.0, 0.0] [0.984653, 0.0, -0.174529] [3628.9, 99.9, 1227.9]]
		unit_class:t = "noTreeObjectGroup100"
		objLayer:i = 2
		props {
			army:i = 2
			active:b = true
		}
	}
	objectGroups {
		name:t = "notree109"
		tm:m = [[-0.174529, 0.0, -0.984653] [0.0, 1.0, 0.0] [0.984653, 0.0, -0.174529] [3611.5, 99.9, 1133.4]]
		unit_class:t = "noTreeObjectGroup100"
		objLayer:i = 2
		props {
			army:i = 2
			active:b = true
		}
	}
	objectGroups {
		name:t = "notree112"
		tm:m = [[-0.044513, 0.0, -0.99901] [0.0, 1.0, 0.0] [0.99901, 0.0, -0.044513] [3598.3, 99.9, 1044.4]]
		unit_class:t = "noTreeObjectGroup100"
		objLayer:i = 2
		props {
			army:i = 2
			active:b = true
		}
	}
	objectGroups {
		name:t = "notree116"
		tm:m = [[-0.044513, 0.0, -0.99901] [0.0, 1.0, 0.0] [0.99901, 0.0, -0.044513] [3593.7, 99.9, 949.85]]
		unit_class:t = "noTreeObjectGroup100"
		objLayer:i = 2
		props {
			army:i = 2
			active:b = true
		}
	}
	objectGroups {
		name:t = "notree119"
		tm:m = [[-0.044513, 0.0, -0.99901] [0.0, 1.0, 0.0] [0.99901, 0.0, -0.044513] [3587.7, 99.9, 857.15]]
		unit_class:t = "noTreeObjectGroup100"
		objLayer:i = 2
		props {
			army:i = 2
			active:b = true
		}
	}
	objectGroups {
		name:t = "notree122"
		tm:m = [[-0.044513, 0.0, -0.99901] [0.0, 1.0, 0.0] [0.99901, 0.0, -0.044513] [3582.0, 99.9, 763.8]]
		unit_class:t = "noTreeObjectGroup100"
		objLayer:i = 2
		props {
			army:i = 2
			active:b = true
		}
	}
	objectGroups {
		name:t = "notree125"
		tm:m = [[-0.044513, 0.0, -0.99901] [0.0, 1.0, 0.0] [0.99901, 0.0, -0.044513] [3576.35, 99.9, 673.6]]
		unit_class:t = "noTreeObjectGroup100"
		objLayer:i = 2
		props {
			army:i = 2
			active:b = true
		}
	}
	objectGroups {
		name:t = "notree128"
		tm:m = [[-0.174529, 0.0, -0.984653] [0.0, 1.0, 0.0] [0.984653, 0.0, -0.174529] [3567.0, 99.9, 589.6]]
		unit_class:t = "noTreeObjectGroup100"
		objLayer:i = 2
		props {
			army:i = 2
			active:b = true
		}
	}
	objectGroups {
		name:t = "notree131"
		tm:m = [[-0.301559, 0.0, -0.953449] [0.0, 1.0, 0.0] [0.953449, 0.0, -0.301559] [3545.75, 99.9, 501.45]]
		unit_class:t = "noTreeObjectGroup100"
		objLayer:i = 2
		props {
			army:i = 2
			active:b = true
		}
	}
	objectGroups {
		name:t = "notree134"
		tm:m = [[-0.423429, 0.0, -0.905931] [0.0, 1.0, 0.0] [0.905931, 0.0, -0.423429] [3513.8, 99.9, 419.2]]
		unit_class:t = "noTreeObjectGroup100"
		objLayer:i = 2
		props {
			army:i = 2
			active:b = true
		}
	}
	objectGroups {
		name:t = "notree136"
		tm:m = [[-0.538055, 0.0, -0.842912] [0.0, 1.0, 0.0] [0.842912, 0.0, -0.538055] [3473.4, 99.9, 342.45]]
		unit_class:t = "noTreeObjectGroup100"
		objLayer:i = 2
		props {
			army:i = 2
			active:b = true
		}
	}
	objectGroups {
		name:t = "notree139"
		tm:m = [[-0.626213, 0.0, -0.779654] [0.0, 1.0, 0.0] [0.779654, 0.0, -0.626213] [3420.6, 99.9, 269.975]]
		unit_class:t = "noTreeObjectGroup100"
		objLayer:i = 2
		props {
			army:i = 2
			active:b = true
		}
	}
	objectGroups {
		name:t = "notree143"
		tm:m = [[-0.580808, 0.0, -0.814043] [0.0, 1.0, 0.0] [0.814043, 0.0, -0.580808] [3367.55, 99.9, 200.105]]
		unit_class:t = "noTreeObjectGroup100"
		objLayer:i = 2
		props {
			army:i = 2
			active:b = true
		}
	}
	objectGroups {
		name:t = "notree146"
		tm:m = [[-0.475584, 0.0, -0.879673] [0.0, 1.0, 0.0] [0.879673, 0.0, -0.475584] [3315.01, 99.9, 124.178]]
		unit_class:t = "noTreeObjectGroup100"
		objLayer:i = 2
		props {
			army:i = 2
			active:b = true
		}
	}
	objectGroups {
		name:t = "notree148"
		tm:m = [[0.498771, 0.0, -0.866736] [0.0, 1.0, 0.0] [0.866736, 0.0, 0.498771] [2017.77, 155.012, 3964.85]]
		unit_class:t = "noTreeObjectGroup100"
		objLayer:i = 2
		props {
			army:i = 2
			active:b = true
		}
	}
}
areas {
	briefing_bombers {
		type:t = "Point"
		tm:m = [[0.975571, 0.0, -0.219689] [0.0, 1.0, 0.0] [0.219689, 0.0, 0.975571] [2582.9, 181.746, 3947.1]]
		objLayer:i = 0
		props {

		}
	}
	briefing_tanks {
		type:t = "Point"
		tm:m = [[1.0, 0.0, 0.0] [0.0, 1.0, 0.0] [0.0, 0.0, 1.0] [2141.14, 193.2, 3687.44]]
		objLayer:i = 0
		props {

		}
	}
	convoy_waypoint01 {
		type:t = "Point"
		tm:m = [[-37.4081, 0.0, -92.7396] [0.0, 100.0, 0.0] [92.7396, 0.0, -37.4081] [2688.81, 198.35, 3217.78]]
		objLayer:i = 0
		props {

		}
	}
	convoy_waypoint02 {
		type:t = "Point"
		tm:m = [[-36.388, 0.0, -93.1446] [0.0, 100.0, 0.0] [93.1446, 0.0, -36.388] [3370.43, 165.357, 2391.74]]
		objLayer:i = 0
		props {

		}
	}
	convoy_waypoint03 {
		type:t = "Point"
		tm:m = [[85.5085, 0.0, -51.8488] [0.0, 100.0, 0.0] [51.8488, 0.0, 85.5085] [3638.71, 109.7, 1320.19]]
		objLayer:i = 0
		props {

		}
	}
	convoy_waypoint04 {
		type:t = "Point"
		tm:m = [[6.32057, 0.0, 99.8] [0.0, 100.0, 0.0] [-99.8, 0.0, 6.32057] [3351.16, 122.259, 197.666]]
		objLayer:i = 0
		props {

		}
	}
	convoy_waypoint00 {
		type:t = "Point"
		tm:m = [[-49.0877, 0.0, -87.1229] [0.0, 100.0, 0.0] [87.1229, 0.0, -49.0877] [2142.02, 191.5, 3686.46]]
		objLayer:i = 0
		props {

		}
	}
	convoy_starting_point {
		type:t = "Point"
		tm:m = [[245.966, 0.0, -435.317] [0.0, 500.0, 0.0] [435.317, 0.0, 245.966] [1934.52, 151.744, 4101.1]]
		objLayer:i = 0
		props {

		}
	}
	convoy_lookat_point {
		type:t = "Point"
		tm:m = [[0.475134, 0.0, -0.879914] [0.0, 1.0, 0.0] [0.879914, 0.0, 0.475134] [2108.0, 181.15, 3768.45]]
		objLayer:i = 0
		props {

		}
	}
	t2_tanks_spawn00_01 {
		type:t = "Sphere"
		tm:m = [[-1.80987, 0.0, -5.72053] [0.0, 6.0, 0.0] [5.72053, 0.0, -1.80987] [2707.04, 185.766, 3432.51]]
		objLayer:i = 0
		props {

		}
	}
	t2_tanks_spawn00_02 {
		type:t = "Sphere"
		tm:m = [[-1.80987, 0.0, -5.72053] [0.0, 6.0, 0.0] [5.72053, 0.0, -1.80987] [2781.05, 181.168, 3428.4]]
		objLayer:i = 0
		props {

		}
	}
	t2_tanks_spawn00_03 {
		type:t = "Sphere"
		tm:m = [[-1.80987, 0.0, -5.72053] [0.0, 6.0, 0.0] [5.72053, 0.0, -1.80987] [2733.84, 186.074, 3381.0]]
		objLayer:i = 0
		props {

		}
	}
	t2_tanks_spawn00_04 {
		type:t = "Sphere"
		tm:m = [[-1.80987, 0.0, -5.72053] [0.0, 6.0, 0.0] [5.72053, 0.0, -1.80987] [2739.41, 185.209, 3401.46]]
		objLayer:i = 0
		props {

		}
	}
	t2_tanks_spawn00_05 {
		type:t = "Sphere"
		tm:m = [[-1.80987, 0.0, -5.72053] [0.0, 6.0, 0.0] [5.72053, 0.0, -1.80987] [2744.8, 184.155, 3417.97]]
		objLayer:i = 0
		props {

		}
	}
	t2_tanks_spawn00_06 {
		type:t = "Sphere"
		tm:m = [[-1.80987, 0.0, -5.72053] [0.0, 6.0, 0.0] [5.72053, 0.0, -1.80987] [2750.62, 183.588, 3438.45]]
		objLayer:i = 0
		props {

		}
	}
	t2_tanks_spawn00_07 {
		type:t = "Sphere"
		tm:m = [[-1.80987, 0.0, -5.72053] [0.0, 6.0, 0.0] [5.72053, 0.0, -1.80987] [2703.5, 187.303, 3403.07]]
		objLayer:i = 0
		props {

		}
	}
	t2_tanks_spawn00_08 {
		type:t = "Sphere"
		tm:m = [[-1.80987, 0.0, -5.72053] [0.0, 6.0, 0.0] [5.72053, 0.0, -1.80987] [2760.61, 182.689, 3427.41]]
		objLayer:i = 0
		props {

		}
	}
	t2_tanks_spawn00_09 {
		type:t = "Sphere"
		tm:m = [[-1.80987, 0.0, -5.72053] [0.0, 6.0, 0.0] [5.72053, 0.0, -1.80987] [2752.65, 184.721, 3384.91]]
		objLayer:i = 0
		props {

		}
	}
	t2_tanks_spawn00_10 {
		type:t = "Sphere"
		tm:m = [[-1.80987, 0.0, -5.72053] [0.0, 6.0, 0.0] [5.72053, 0.0, -1.80987] [2760.9, 182.756, 3404.66]]
		objLayer:i = 0
		props {

		}
	}
	t2_tanks_spawn00_11 {
		type:t = "Sphere"
		tm:m = [[-1.80987, 0.0, -5.72053] [0.0, 6.0, 0.0] [5.72053, 0.0, -1.80987] [2769.87, 181.612, 3419.36]]
		objLayer:i = 0
		props {

		}
	}
	t2_tanks_spawn00_12 {
		type:t = "Sphere"
		tm:m = [[-1.80987, 0.0, -5.72053] [0.0, 6.0, 0.0] [5.72053, 0.0, -1.80987] [2768.7, 182.283, 3434.76]]
		objLayer:i = 0
		props {

		}
	}
	t2_tanks_spawn00_13 {
		type:t = "Sphere"
		tm:m = [[-1.80987, 0.0, -5.72053] [0.0, 6.0, 0.0] [5.72053, 0.0, -1.80987] [2711.54, 188.121, 3378.37]]
		objLayer:i = 0
		props {

		}
	}
	t2_tanks_spawn00_14 {
		type:t = "Sphere"
		tm:m = [[-1.80987, 0.0, -5.72053] [0.0, 6.0, 0.0] [5.72053, 0.0, -1.80987] [2718.44, 186.6, 3394.67]]
		objLayer:i = 0
		props {

		}
	}
	t2_tanks_spawn00_15 {
		type:t = "Sphere"
		tm:m = [[-1.80987, 0.0, -5.72053] [0.0, 6.0, 0.0] [5.72053, 0.0, -1.80987] [2721.18, 185.888, 3414.89]]
		objLayer:i = 0
		props {

		}
	}
	t2_tanks_spawn00_16 {
		type:t = "Sphere"
		tm:m = [[-1.80987, 0.0, -5.72053] [0.0, 6.0, 0.0] [5.72053, 0.0, -1.80987] [2720.54, 185.189, 3433.46]]
		objLayer:i = 0
		props {

		}
	}
	t2_tanks_spawn00_17 {
		type:t = "Sphere"
		tm:m = [[-1.80987, 0.0, -5.72053] [0.0, 6.0, 0.0] [5.72053, 0.0, -1.80987] [2785.0, 179.985, 3411.09]]
		objLayer:i = 0
		props {

		}
	}
	t2_tanks_spawn00_18 {
		type:t = "Sphere"
		tm:m = [[-1.80987, 0.0, -5.72053] [0.0, 6.0, 0.0] [5.72053, 0.0, -1.80987] [2780.26, 181.321, 3391.95]]
		objLayer:i = 0
		props {

		}
	}
	t2_tanks_spawn00_19 {
		type:t = "Sphere"
		tm:m = [[-1.80987, 0.0, -5.72053] [0.0, 6.0, 0.0] [5.72053, 0.0, -1.80987] [2689.6, 190.648, 3387.55]]
		objLayer:i = 0
		props {

		}
	}
	t2_tanks_spawn00_20 {
		type:t = "Sphere"
		tm:m = [[-1.80987, 0.0, -5.72053] [0.0, 6.0, 0.0] [5.72053, 0.0, -1.80987] [2698.92, 186.772, 3418.48]]
		objLayer:i = 0
		props {

		}
	}
	t2_tanks_spawn01_01 {
		type:t = "Sphere"
		tm:m = [[-3.84145, 0.0, -4.60904] [0.0, 6.0, 0.0] [4.60904, 0.0, -3.84145] [3042.77, 200.979, 2858.96]]
		objLayer:i = 0
		props {

		}
	}
	t2_tanks_spawn01_02 {
		type:t = "Sphere"
		tm:m = [[-3.84145, 0.0, -4.60904] [0.0, 6.0, 0.0] [4.60904, 0.0, -3.84145] [3046.09, 201.835, 2875.13]]
		objLayer:i = 0
		props {

		}
	}
	t2_tanks_spawn01_03 {
		type:t = "Sphere"
		tm:m = [[-3.84145, 0.0, -4.60904] [0.0, 6.0, 0.0] [4.60904, 0.0, -3.84145] [3048.69, 202.398, 2889.34]]
		objLayer:i = 0
		props {

		}
	}
	t2_tanks_spawn01_04 {
		type:t = "Sphere"
		tm:m = [[-3.84145, 0.0, -4.60904] [0.0, 6.0, 0.0] [4.60904, 0.0, -3.84145] [3052.85, 203.03, 2909.4]]
		objLayer:i = 0
		props {

		}
	}
	t2_tanks_spawn01_05 {
		type:t = "Sphere"
		tm:m = [[-3.84145, 0.0, -4.60904] [0.0, 6.0, 0.0] [4.60904, 0.0, -3.84145] [3056.32, 203.39, 2925.52]]
		objLayer:i = 0
		props {

		}
	}
	t2_tanks_spawn01_06 {
		type:t = "Sphere"
		tm:m = [[-3.84145, 0.0, -4.60904] [0.0, 6.0, 0.0] [4.60904, 0.0, -3.84145] [3060.42, 203.586, 2943.07]]
		objLayer:i = 0
		props {

		}
	}
	t2_tanks_spawn01_07 {
		type:t = "Sphere"
		tm:m = [[-3.84145, 0.0, -4.60904] [0.0, 6.0, 0.0] [4.60904, 0.0, -3.84145] [3058.96, 201.332, 2863.23]]
		objLayer:i = 0
		props {

		}
	}
	t2_tanks_spawn01_08 {
		type:t = "Sphere"
		tm:m = [[-3.84145, 0.0, -4.60904] [0.0, 6.0, 0.0] [4.60904, 0.0, -3.84145] [3061.99, 202.102, 2879.93]]
		objLayer:i = 0
		props {

		}
	}
	t2_tanks_spawn01_09 {
		type:t = "Sphere"
		tm:m = [[-3.84145, 0.0, -4.60904] [0.0, 6.0, 0.0] [4.60904, 0.0, -3.84145] [3065.41, 202.724, 2897.92]]
		objLayer:i = 0
		props {

		}
	}
	t2_tanks_spawn01_10 {
		type:t = "Sphere"
		tm:m = [[-3.84145, 0.0, -4.60904] [0.0, 6.0, 0.0] [4.60904, 0.0, -3.84145] [3069.21, 203.267, 2914.65]]
		objLayer:i = 0
		props {

		}
	}
	t2_tanks_spawn01_11 {
		type:t = "Sphere"
		tm:m = [[-3.84145, 0.0, -4.60904] [0.0, 6.0, 0.0] [4.60904, 0.0, -3.84145] [3075.42, 201.911, 2870.78]]
		objLayer:i = 0
		props {

		}
	}
	t2_tanks_spawn01_12 {
		type:t = "Sphere"
		tm:m = [[-3.84145, 0.0, -4.60904] [0.0, 6.0, 0.0] [4.60904, 0.0, -3.84145] [3080.69, 202.555, 2889.39]]
		objLayer:i = 0
		props {

		}
	}
	t2_tanks_spawn01_13 {
		type:t = "Sphere"
		tm:m = [[-3.84145, 0.0, -4.60904] [0.0, 6.0, 0.0] [4.60904, 0.0, -3.84145] [3092.05, 201.863, 2860.24]]
		objLayer:i = 0
		props {

		}
	}
	t2_tanks_spawn01_14 {
		type:t = "Sphere"
		tm:m = [[-3.84145, 0.0, -4.60904] [0.0, 6.0, 0.0] [4.60904, 0.0, -3.84145] [3026.91, 201.849, 2868.45]]
		objLayer:i = 0
		props {

		}
	}
	t2_tanks_spawn01_15 {
		type:t = "Sphere"
		tm:m = [[-3.84145, 0.0, -4.60904] [0.0, 6.0, 0.0] [4.60904, 0.0, -3.84145] [3030.17, 202.451, 2888.32]]
		objLayer:i = 0
		props {

		}
	}
	t2_tanks_spawn01_16 {
		type:t = "Sphere"
		tm:m = [[-3.84145, 0.0, -4.60904] [0.0, 6.0, 0.0] [4.60904, 0.0, -3.84145] [3034.17, 203.034, 2908.44]]
		objLayer:i = 0
		props {

		}
	}
	t2_tanks_spawn01_17 {
		type:t = "Sphere"
		tm:m = [[-3.84145, 0.0, -4.60904] [0.0, 6.0, 0.0] [4.60904, 0.0, -3.84145] [3037.89, 203.307, 2927.45]]
		objLayer:i = 0
		props {

		}
	}
	t2_tanks_spawn01_18 {
		type:t = "Sphere"
		tm:m = [[-3.84145, 0.0, -4.60904] [0.0, 6.0, 0.0] [4.60904, 0.0, -3.84145] [3055.82, 199.919, 2844.46]]
		objLayer:i = 0
		props {

		}
	}
	t2_tanks_spawn01_19 {
		type:t = "Sphere"
		tm:m = [[-3.84145, 0.0, -4.60904] [0.0, 6.0, 0.0] [4.60904, 0.0, -3.84145] [3009.38, 202.805, 2880.42]]
		objLayer:i = 0
		props {

		}
	}
	t2_tanks_spawn01_20 {
		type:t = "Sphere"
		tm:m = [[-3.84145, 0.0, -4.60904] [0.0, 6.0, 0.0] [4.60904, 0.0, -3.84145] [3016.46, 203.222, 2900.99]]
		objLayer:i = 0
		props {

		}
	}
	t2_tanks_spawn02_01 {
		type:t = "Sphere"
		tm:m = [[-4.83146, 0.0, -3.55766] [0.0, 6.0, 0.0] [3.55766, 0.0, -4.83146] [3580.06, 137.664, 2332.56]]
		objLayer:i = 0
		props {

		}
	}
	t2_tanks_spawn02_02 {
		type:t = "Sphere"
		tm:m = [[-4.38747, 0.0, -4.09269] [0.0, 6.0, 0.0] [4.09269, 0.0, -4.38747] [3596.44, 136.244, 2330.93]]
		objLayer:i = 0
		props {

		}
	}
	t2_tanks_spawn02_03 {
		type:t = "Sphere"
		tm:m = [[-4.21233, 0.0, -4.27272] [0.0, 6.0, 0.0] [4.27272, 0.0, -4.21233] [3612.8, 133.605, 2329.31]]
		objLayer:i = 0
		props {

		}
	}
	t2_tanks_spawn02_04 {
		type:t = "Sphere"
		tm:m = [[-4.63354, 0.0, -3.81186] [0.0, 6.0, 0.0] [3.81186, 0.0, -4.63354] [3634.1, 130.434, 2327.7]]
		objLayer:i = 0
		props {

		}
	}
	t2_tanks_spawn02_05 {
		type:t = "Sphere"
		tm:m = [[-5.04178, 0.0, -3.25273] [0.0, 6.0, 0.0] [3.25273, 0.0, -5.04178] [3650.51, 129.281, 2325.97]]
		objLayer:i = 0
		props {

		}
	}
	t2_tanks_spawn02_06 {
		type:t = "Sphere"
		tm:m = [[-5.21052, 0.0, -2.97497] [0.0, 6.0, 0.0] [2.97497, 0.0, -5.21052] [3595.95, 138.332, 2380.0]]
		objLayer:i = 0
		props {

		}
	}
	t2_tanks_spawn02_07 {
		type:t = "Sphere"
		tm:m = [[-4.63823, 0.0, -3.80616] [0.0, 6.0, 0.0] [3.80616, 0.0, -4.63823] [3585.97, 136.557, 2315.19]]
		objLayer:i = 0
		props {

		}
	}
	t2_tanks_spawn02_08 {
		type:t = "Sphere"
		tm:m = [[-4.15369, 0.0, -4.32976] [0.0, 6.0, 0.0] [4.32976, 0.0, -4.15369] [3603.84, 134.737, 2314.58]]
		objLayer:i = 0
		props {

		}
	}
	t2_tanks_spawn02_09 {
		type:t = "Sphere"
		tm:m = [[-4.29931, 0.0, -4.1852] [0.0, 6.0, 0.0] [4.1852, 0.0, -4.29931] [3620.17, 131.737, 2313.09]]
		objLayer:i = 0
		props {

		}
	}
	t2_tanks_spawn02_10 {
		type:t = "Sphere"
		tm:m = [[-4.71896, 0.0, -3.7056] [0.0, 6.0, 0.0] [3.7056, 0.0, -4.71896] [3637.89, 129.364, 2312.42]]
		objLayer:i = 0
		props {

		}
	}
	t2_tanks_spawn02_11 {
		type:t = "Sphere"
		tm:m = [[-5.18822, 0.0, -3.01371] [0.0, 6.0, 0.0] [3.01371, 0.0, -5.18822] [3615.05, 135.833, 2369.9]]
		objLayer:i = 0
		props {

		}
	}
	t2_tanks_spawn02_12 {
		type:t = "Sphere"
		tm:m = [[-3.98245, 0.0, -4.48777] [0.0, 6.0, 0.0] [4.48777, 0.0, -3.98245] [3591.27, 137.68, 2347.93]]
		objLayer:i = 0
		props {

		}
	}
	t2_tanks_spawn02_13 {
		type:t = "Sphere"
		tm:m = [[-4.73878, 0.0, -3.6802] [0.0, 6.0, 0.0] [3.6802, 0.0, -4.73878] [3605.61, 135.838, 2347.8]]
		objLayer:i = 0
		props {

		}
	}
	t2_tanks_spawn02_14 {
		type:t = "Sphere"
		tm:m = [[-4.33138, 0.0, -4.15199] [0.0, 6.0, 0.0] [4.15199, 0.0, -4.33138] [3622.49, 133.3, 2346.54]]
		objLayer:i = 0
		props {

		}
	}
	t2_tanks_spawn02_15 {
		type:t = "Sphere"
		tm:m = [[-4.79429, 0.0, -3.6076] [0.0, 6.0, 0.0] [3.6076, 0.0, -4.79429] [3637.39, 131.538, 2345.12]]
		objLayer:i = 0
		props {

		}
	}
	t2_tanks_spawn02_16 {
		type:t = "Sphere"
		tm:m = [[-5.10183, 0.0, -3.15772] [0.0, 6.0, 0.0] [3.15772, 0.0, -5.10183] [3657.39, 130.314, 2344.29]]
		objLayer:i = 0
		props {

		}
	}
	t2_tanks_spawn02_17 {
		type:t = "Sphere"
		tm:m = [[-4.57362, 0.0, -3.88355] [0.0, 6.0, 0.0] [3.88355, 0.0, -4.57362] [3572.35, 139.202, 2351.97]]
		objLayer:i = 0
		props {

		}
	}
	t2_tanks_spawn02_18 {
		type:t = "Sphere"
		tm:m = [[-4.29241, 0.0, -4.19229] [0.0, 6.0, 0.0] [4.19229, 0.0, -4.29241] [3584.97, 138.989, 2365.3]]
		objLayer:i = 0
		props {

		}
	}
	t2_tanks_spawn02_19 {
		type:t = "Sphere"
		tm:m = [[-4.60923, 0.0, -3.84122] [0.0, 6.0, 0.0] [3.84122, 0.0, -4.60923] [3565.58, 140.843, 2371.38]]
		objLayer:i = 0
		props {

		}
	}
	t2_tanks_spawn02_20 {
		type:t = "Sphere"
		tm:m = [[-5.12982, 0.0, -3.11205] [0.0, 6.0, 0.0] [3.11205, 0.0, -5.12982] [3576.55, 140.442, 2383.26]]
		objLayer:i = 0
		props {

		}
	}
	t2_tanks_spawn03_01 {
		type:t = "Sphere"
		tm:m = [[-2.60752, 0.0, 5.40378] [0.0, 6.0, 0.0] [-5.40378, 0.0, -2.60752] [3469.54, 120.86, 1426.89]]
		objLayer:i = 0
		props {

		}
	}
	t2_tanks_spawn03_02 {
		type:t = "Sphere"
		tm:m = [[-3.38868, 0.0, 4.95146] [0.0, 6.0, 0.0] [-4.95146, 0.0, -3.38868] [3443.27, 126.127, 1481.13]]
		objLayer:i = 0
		props {

		}
	}
	t2_tanks_spawn03_03 {
		type:t = "Sphere"
		tm:m = [[-3.9809, 0.0, 4.48913] [0.0, 6.0, 0.0] [-4.48913, 0.0, -3.9809] [3459.13, 124.457, 1472.3]]
		objLayer:i = 0
		props {

		}
	}
	t2_tanks_spawn03_04 {
		type:t = "Sphere"
		tm:m = [[-3.9809, 0.0, 4.48913] [0.0, 6.0, 0.0] [-4.48913, 0.0, -3.9809] [3475.69, 121.82, 1463.34]]
		objLayer:i = 0
		props {

		}
	}
	t2_tanks_spawn03_05 {
		type:t = "Sphere"
		tm:m = [[-3.9809, 0.0, 4.48913] [0.0, 6.0, 0.0] [-4.48913, 0.0, -3.9809] [3489.63, 119.641, 1455.5]]
		objLayer:i = 0
		props {

		}
	}
	t2_tanks_spawn03_06 {
		type:t = "Sphere"
		tm:m = [[-3.9809, 0.0, 4.48913] [0.0, 6.0, 0.0] [-4.48913, 0.0, -3.9809] [3509.38, 116.542, 1450.28]]
		objLayer:i = 0
		props {

		}
	}
	t2_tanks_spawn03_07 {
		type:t = "Sphere"
		tm:m = [[-2.46384, 0.0, 5.47078] [0.0, 6.0, 0.0] [-5.47078, 0.0, -2.46384] [3521.41, 114.681, 1440.49]]
		objLayer:i = 0
		props {

		}
	}
