selected_tag:t = ""
bin_dump_file:t = ""
mission_settings {
	player {
		army:i = 1
		wing:t = "t1_player01"
		wing:t = "t1_player02"
		wing:t = "t1_player03"
		wing:t = "t1_player04"
		wing:t = "t1_player05"
		wing:t = "t1_player06"
		wing:t = "t1_player07"
		wing:t = "t1_player08"
		wing:t = "t1_player09"
		wing:t = "t1_player10"
		wing:t = "t1_player11"
		wing:t = "t1_player12"
		wing:t = "t1_player13"
		wing:t = "t1_player14"
		wing:t = "t1_player15"
		wing:t = "t1_player16"
		wing:t = "t1_player17"
		wing:t = "t1_player18"
		wing:t = "t1_player19"
		wing:t = "t1_player20"
		wing:t = "t1_player21"
		wing:t = "t1_player22"
		wing:t = "t1_player23"
		wing:t = "t1_player24"
		wing:t = "t1_player25"
		wing:t = "t1_player26"
		wing:t = "t1_player27"
		wing:t = "t1_player28"
		wing:t = "t1_player29"
		wing:t = "t1_player30"
		wing:t = "t1_player31"
		wing:t = "t1_player32"
	}
	player_teamB {
		army:i = 2
		wing:t = "t2_player01"
		wing:t = "t2_player02"
		wing:t = "t2_player03"
		wing:t = "t2_player04"
		wing:t = "t2_player05"
		wing:t = "t2_player06"
		wing:t = "t2_player07"
		wing:t = "t2_player08"
		wing:t = "t2_player09"
		wing:t = "t2_player10"
		wing:t = "t2_player11"
		wing:t = "t2_player12"
		wing:t = "t2_player13"
		wing:t = "t2_player14"
		wing:t = "t2_player15"
		wing:t = "t2_player16"
		wing:t = "t2_player17"
		wing:t = "t2_player18"
		wing:t = "t2_player19"
		wing:t = "t2_player20"
		wing:t = "t2_player21"
		wing:t = "t2_player22"
		wing:t = "t2_player23"
		wing:t = "t2_player24"
		wing:t = "t2_player25"
		wing:t = "t2_player26"
		wing:t = "t2_player27"
		wing:t = "t2_player28"
		wing:t = "t2_player29"
		wing:t = "t2_player30"
		wing:t = "t2_player31"
		wing:t = "t2_player32"
		wing:t = "t2_player33"
	}
	mission {
		level:t = "levels/avg_fulda.bin"
		type:t = "domination"
		environment:t = "Day"
		weather:t = "hazy"
		locName:t = "missions/_CnvA;fulda/name"
		locDesc:t = "fulda/desc;missions/_Cnv/desc"
		scoreLimit:i = 10000
		timeLimit:i = 25
		deathPenaltyMul:r = 0
		postfix:t = "_CnvA"
		allowedKillStreaks:b = true
		randomSpawnTeams:b = false
		remapAiTankModels:b = true
		country_axis:t = "germany"
		country_allies:t = "ussr"
		restoreType:t = "attempts"
		optionalTakeOff:b = false
		showTacticalMapCellSize:b = true
		allowedUnitTypes {
			isAirplanesAllowed:b = true
			isTanksAllowed:b = true
			isShipsAllowed:b = false
			isHelicoptersAllowed:b = true
		}
	}
	spectator_points {

	}
	briefing {
		place_loc:t = ""
		date_loc:t = ""
		objective_loc:t = ""
		music:t = "action_01"
		part {
			event:t = ""
			minTime:i = 0
			slide {
				map:b = true
				minTime:i = 4
				picture:t = ""
				showAirMap:b = false
				arrow {
					width:i = 1
					side:t = "ally"
					point:t = "briefing_tanks"
					point:t = "convoy_waypoint01"
					point:t = "convoy_waypoint02"
					point:t = "convoy_waypoint03"
					point:t = "convoy_waypoint04"
					point:t = "convoy_waypoint04"
				}
				icon {
					icontype:t = "bomber"
					side:t = "enemy"
					target:t = "briefing_bombers"
					lookAt:t = "briefing_tanks"
				}
				icon {
					icontype:t = "tank"
					side:t = "ally"
					target:t = "briefing_tanks"
				}
				icon {
					icontype:t = "tank"
					side:t = "enemy"
					target:t = "t2_tanks_spawn"
				}
			}
		}
	}
}
imports {
	import_record {
		file:t = "gameData/missions/templates/tank_templates/tank_base_logic_template.blk"
		importAreas:b = true
		importUnits:b = true
		importTriggers:b = true
		importMissionObjectives:b = true
		importWayPoints:b = true
		showAreas:b = true
		showUnits:b = true
		showTriggers:b = true
		showMissionObjectives:b = true
		showWayPoints:b = true
		excludes {

		}
	}
	import_record {
		file:t = "gameData/missions/templates/tank_convoy_template.blk"
		importAreas:b = true
		importUnits:b = true
		importTriggers:b = true
		importMissionObjectives:b = true
		importWayPoints:b = true
		showAreas:b = true
		showUnits:b = true
		showTriggers:b = true
		showMissionObjectives:b = true
		showWayPoints:b = true
		excludes {

		}
	}
	import_record {
		file:t = "gameData/missions/cta/tanks/fulda/template_fulda_air_spawns.blk"
		importAreas:b = true
		importUnits:b = true
		importTriggers:b = true
		importMissionObjectives:b = true
		importWayPoints:b = true
		showAreas:b = true
		showUnits:b = true
		showTriggers:b = true
		showMissionObjectives:b = true
		showWayPoints:b = true
		excludes {

		}
	}
}
triggers {
	isCategory:b = true
	is_enabled:b = true
	fulda_CnvA_init {
		is_enabled:b = true
		comments:t = ""
		props {
			actionsType:t = "PERFORM_ONE_BY_ONE"
			conditionsType:t = "ALL"
			enableAfterComplete:b = false
		}
		events {
			initMission {

			}
		}
		conditions {

		}
		actions {
			missionMarkAsRespawnPoint {
				loc_name:t = "missions/spawn"
				spawnEffect:b = false
				isStrictSpawn:b = false
				isAirfield:b = false
				isUnit:b = false
				useExisting:b = false
				isIndividual:b = true
				removeAreas:b = false
				canSpawnOnNeutral:b = false
				showOnMap:b = true
				radius:r = 50
				onlyOnePlayerPerSpawnPoint:b = false
				resetStrictSpawnIndex:b = false
				forceCreate:b = false
				replaceAreas:b = false
				target:t = "t1_tanks_spawn00"
				team:t = "A"
				offset:p3 = 0, 0, 100
				tags {
					tank:b = true
					type_heavy_tank:b = true
					type_medium_tank:b = true
					type_light_tank:b = true
					type_tank_destroyer:b = true
					type_spaa:b = true
				}
			}
			missionMarkAsRespawnPoint {
				loc_name:t = "missions/spawn"
				spawnEffect:b = false
				isStrictSpawn:b = false
				isAirfield:b = false
				isUnit:b = false
				useExisting:b = false
				isIndividual:b = true
				removeAreas:b = false
				canSpawnOnNeutral:b = false
				showOnMap:b = true
				radius:r = -1
				onlyOnePlayerPerSpawnPoint:b = false
				resetStrictSpawnIndex:b = false
				forceCreate:b = false
				replaceAreas:b = false
				target:t = "t2_tanks_spawn"
				team:t = "B"
				offset:p3 = 0, 0, 0
				tags {
					tank:b = true
					type_heavy_tank:b = true
					type_medium_tank:b = true
					type_light_tank:b = true
					type_tank_destroyer:b = true
					type_spaa:b = true
				}
			}
		}
		else_actions {

		}
	}
}
mission_objectives {
	isCategory:b = true
	is_enabled:b = true
}
variables {
	waypoints_num:i = 4
	defenseMissionTeam:t = "teamA"
}
dialogs {

}
airfields {

}
effects {

}
units {
	tankModels {
		name:t = "t1_player01"
		tm:m = [[1.0, 0.0, 0.0] [0.0, 1.0, 0.0] [0.0, 0.0, 1.0] [172.25, 203.75, 1334.95]]
		unit_class:t = "aaa_dummy"
		objLayer:i = 1
		closed_waypoints:b = false
		isShipSpline:b = false
		shipTurnRadius:r = 100
		weapons:t = ""
		bullets0:t = ""
		bullets1:t = ""
		bullets2:t = ""
		bullets3:t = ""
		bulletsCount0:i = 0
		bulletsCount1:i = 0
		bulletsCount2:i = 0
		bulletsCount3:i = 0
		props {
			army:i = 2
			count:i = 1
			formation_type:t = "rows"
			formation_div:i = 3
			formation_step:p2 = 2.5, 2
			formation_noise:p2 = 0.1, 0.1
			uniqueName:t = ""
			attack_type:t = "fire_at_will"
		}
		way {

		}
	}
	area_squad {
		name:t = "t1_tanks_spawn00"
		tm:m = [[0.795101, 0.0, -0.606478] [0.0, 1.0, 0.0] [0.606478, 0.0, 0.795101] [591.78, 188.186, 1095.23]]
		props {
			squad_members:t = "t1_tanks_spawn00_01"
			squad_members:t = "t1_tanks_spawn00_02"
			squad_members:t = "t1_tanks_spawn00_03"
			squad_members:t = "t1_tanks_spawn00_04"
			squad_members:t = "t1_tanks_spawn00_05"
			squad_members:t = "t1_tanks_spawn00_06"
			squad_members:t = "t1_tanks_spawn00_07"
			squad_members:t = "t1_tanks_spawn00_08"
			squad_members:t = "t1_tanks_spawn00_09"
			squad_members:t = "t1_tanks_spawn00_10"
			squad_members:t = "t1_tanks_spawn00_11"
			squad_members:t = "t1_tanks_spawn00_12"
			squad_members:t = "t1_tanks_spawn00_13"
			squad_members:t = "t1_tanks_spawn00_14"
			squad_members:t = "t1_tanks_spawn00_15"
			squad_members:t = "t1_tanks_spawn00_16"
			squad_members:t = "t1_tanks_spawn00_17"
			squad_members:t = "t1_tanks_spawn00_18"
			squad_members:t = "t1_tanks_spawn00_19"
			squad_members:t = "t1_tanks_spawn00_20"
		}
	}
	area_squad {
		name:t = "t1_tanks_spawn01"
		tm:m = [[-0.208371, 0.0, -0.97805] [0.0, 1.0, 0.0] [0.97805, 0.0, -0.208371] [1338.55, 220.112, 1114.69]]
		props {
			squad_members:t = "t1_tanks_spawn01_01"
			squad_members:t = "t1_tanks_spawn01_02"
			squad_members:t = "t1_tanks_spawn01_03"
			squad_members:t = "t1_tanks_spawn01_04"
			squad_members:t = "t1_tanks_spawn01_05"
			squad_members:t = "t1_tanks_spawn01_06"
			squad_members:t = "t1_tanks_spawn01_07"
			squad_members:t = "t1_tanks_spawn01_08"
			squad_members:t = "t1_tanks_spawn01_09"
			squad_members:t = "t1_tanks_spawn01_10"
			squad_members:t = "t1_tanks_spawn01_11"
			squad_members:t = "t1_tanks_spawn01_12"
			squad_members:t = "t1_tanks_spawn01_13"
			squad_members:t = "t1_tanks_spawn01_14"
			squad_members:t = "t1_tanks_spawn01_15"
			squad_members:t = "t1_tanks_spawn01_16"
			squad_members:t = "t1_tanks_spawn01_17"
			squad_members:t = "t1_tanks_spawn01_18"
			squad_members:t = "t1_tanks_spawn01_19"
			squad_members:t = "t1_tanks_spawn01_20"
		}
	}
	area_squad {
		name:t = "t1_tanks_spawn02"
		tm:m = [[-0.805618, 0.0, 0.592435] [0.0, 1.0, 0.0] [-0.592435, 0.0, -0.805618] [2197.07, 193.456, 1189.76]]
		props {
			squad_members:t = "t1_tanks_spawn02_01"
			squad_members:t = "t1_tanks_spawn02_02"
			squad_members:t = "t1_tanks_spawn02_03"
			squad_members:t = "t1_tanks_spawn02_04"
			squad_members:t = "t1_tanks_spawn02_05"
			squad_members:t = "t1_tanks_spawn02_06"
			squad_members:t = "t1_tanks_spawn02_07"
			squad_members:t = "t1_tanks_spawn02_08"
			squad_members:t = "t1_tanks_spawn02_09"
			squad_members:t = "t1_tanks_spawn02_10"
			squad_members:t = "t1_tanks_spawn02_11"
			squad_members:t = "t1_tanks_spawn02_12"
			squad_members:t = "t1_tanks_spawn02_13"
			squad_members:t = "t1_tanks_spawn02_14"
			squad_members:t = "t1_tanks_spawn02_15"
			squad_members:t = "t1_tanks_spawn02_16"
			squad_members:t = "t1_tanks_spawn02_17"
			squad_members:t = "t1_tanks_spawn02_18"
			squad_members:t = "t1_tanks_spawn02_19"
			squad_members:t = "t1_tanks_spawn02_20"
		}
	}
	area_squad {
		name:t = "t1_tanks_spawn03"
		tm:m = [[0.974381, 0.0, -0.224902] [0.0, 1.0, 0.0] [0.224902, 0.0, 0.974381] [3032.15, 191.309, 2180.13]]
		props {
			squad_members:t = "t1_tanks_spawn03_01"
			squad_members:t = "t1_tanks_spawn03_02"
			squad_members:t = "t1_tanks_spawn03_03"
			squad_members:t = "t1_tanks_spawn03_04"
			squad_members:t = "t1_tanks_spawn03_05"
			squad_members:t = "t1_tanks_spawn03_06"
			squad_members:t = "t1_tanks_spawn03_07"
			squad_members:t = "t1_tanks_spawn03_08"
			squad_members:t = "t1_tanks_spawn03_09"
			squad_members:t = "t1_tanks_spawn03_10"
			squad_members:t = "t1_tanks_spawn03_11"
			squad_members:t = "t1_tanks_spawn03_12"
			squad_members:t = "t1_tanks_spawn03_13"
			squad_members:t = "t1_tanks_spawn03_14"
			squad_members:t = "t1_tanks_spawn03_15"
			squad_members:t = "t1_tanks_spawn03_16"
			squad_members:t = "t1_tanks_spawn03_17"
			squad_members:t = "t1_tanks_spawn03_18"
			squad_members:t = "t1_tanks_spawn03_19"
			squad_members:t = "t1_tanks_spawn03_20"
		}
	}
	area_squad {
		name:t = "t1_tanks_spawn04"
		tm:m = [[-0.0873051, 0.0, -0.996182] [0.0, 1.0, 0.0] [0.996182, 0.0, -0.0873051] [3597.15, 111.297, 1651.55]]
		props {
			squad_members:t = "t1_tanks_spawn04_01"
			squad_members:t = "t1_tanks_spawn04_02"
			squad_members:t = "t1_tanks_spawn04_03"
			squad_members:t = "t1_tanks_spawn04_04"
			squad_members:t = "t1_tanks_spawn04_05"
			squad_members:t = "t1_tanks_spawn04_06"
			squad_members:t = "t1_tanks_spawn04_07"
			squad_members:t = "t1_tanks_spawn04_08"
			squad_members:t = "t1_tanks_spawn04_09"
			squad_members:t = "t1_tanks_spawn04_10"
			squad_members:t = "t1_tanks_spawn04_11"
			squad_members:t = "t1_tanks_spawn04_12"
			squad_members:t = "t1_tanks_spawn04_13"
			squad_members:t = "t1_tanks_spawn04_14"
			squad_members:t = "t1_tanks_spawn04_15"
			squad_members:t = "t1_tanks_spawn04_16"
			squad_members:t = "t1_tanks_spawn04_17"
			squad_members:t = "t1_tanks_spawn04_18"
			squad_members:t = "t1_tanks_spawn04_19"
			squad_members:t = "t1_tanks_spawn04_20"
		}
	}
	area_squad {
		name:t = "t2_tanks_spawn"
		tm:m = [[-0.445726, 0.0, 0.89517] [0.0, 1.0, 0.0] [-0.89517, 0.0, -0.445726] [1932.6, 233.217, 1854.35]]
		props {
			squad_members:t = "t2_tanks_spawn01"
			squad_members:t = "t2_tanks_spawn02"
			squad_members:t = "t2_tanks_spawn03"
			squad_members:t = "t2_tanks_spawn04"
			squad_members:t = "t2_tanks_spawn05"
			squad_members:t = "t2_tanks_spawn06"
			squad_members:t = "t2_tanks_spawn07"
			squad_members:t = "t2_tanks_spawn08"
			squad_members:t = "t2_tanks_spawn09"
			squad_members:t = "t2_tanks_spawn10"
			squad_members:t = "t2_tanks_spawn11"
			squad_members:t = "t2_tanks_spawn12"
			squad_members:t = "t2_tanks_spawn13"
			squad_members:t = "t2_tanks_spawn14"
			squad_members:t = "t2_tanks_spawn15"
			squad_members:t = "t2_tanks_spawn16"
			squad_members:t = "t2_tanks_spawn17"
			squad_members:t = "t2_tanks_spawn18"
			squad_members:t = "t2_tanks_spawn19"
			squad_members:t = "t2_tanks_spawn20"
		}
	}
	objectGroups {
		name:t = "notree01"
		tm:m = [[1.0, 0.0, 0.0] [0.0, 1.0, 0.0] [0.0, 0.0, 1.0] [100.2, 156.95, 1446.95]]
		unit_class:t = "noTreeObjectGroup100"
		objLayer:i = 2
		props {
			army:i = 2
			active:b = true
		}
	}
	area_squad {
		name:t = "t1_rearm_zone"
		tm:m = [[1.0, 0.0, 0.0] [0.0, 1.0, 0.0] [0.0, 0.0, 1.0] [-822.154, 23.2117, -95.1837]]
		props {
			squad_members:t = "t1_rearm_zone_01"
			squad_members:t = "t1_rearm_zone_02"
		}
	}
	area_squad {
		name:t = "t2_rearm_zone"
		tm:m = [[1.0, 0.0, 0.0] [0.0, 1.0, 0.0] [0.0, 0.0, 1.0] [562.478, 23.2117, -501.735]]
		props {
			squad_members:t = "t2_rearm_zone_01"
			squad_members:t = "t2_rearm_zone_02"
		}
	}
	objectGroups {
		name:t = "notree04"
		tm:m = [[0.912387, 0.0, -0.40933] [0.0, 1.0, 0.0] [0.40933, 0.0, 0.912387] [155.15, 156.95, 1422.55]]
		unit_class:t = "noTreeObjectGroup100"
		objLayer:i = 2
		props {
			army:i = 2
			active:b = true
		}
	}
	objectGroups {
		name:t = "notree07"
		tm:m = [[0.912387, 0.0, -0.40933] [0.0, 1.0, 0.0] [0.40933, 0.0, 0.912387] [244.65, 156.95, 1381.0]]
		unit_class:t = "noTreeObjectGroup100"
		objLayer:i = 2
		props {
			army:i = 2
			active:b = true
		}
	}
	objectGroups {
		name:t = "notree10"
		tm:m = [[0.997757, 0.0, -0.0669429] [0.0, 1.0, 0.0] [0.0669429, 0.0, 0.997757] [319.25, 156.95, 1351.4]]
		unit_class:t = "noTreeObjectGroup100"
		objLayer:i = 2
		props {
			army:i = 2
			active:b = true
		}
	}
	objectGroups {
		name:t = "notree14"
		tm:m = [[0.997757, 0.0, -0.0669429] [0.0, 1.0, 0.0] [0.0669429, 0.0, 0.997757] [413.7, 156.95, 1343.05]]
		unit_class:t = "noTreeObjectGroup100"
		objLayer:i = 2
		props {
			army:i = 2
			active:b = true
		}
	}
	objectGroups {
		name:t = "notree17"
		tm:m = [[0.987635, 0.0, -0.156772] [0.0, 1.0, 0.0] [0.156772, 0.0, 0.987635] [493.4, 156.95, 1328.7]]
		unit_class:t = "noTreeObjectGroup100"
		objLayer:i = 2
		props {
			army:i = 2
			active:b = true
		}
	}
	objectGroups {
		name:t = "notree20"
		tm:m = [[0.940455, 0.0, -0.339918] [0.0, 1.0, 0.0] [0.339918, 0.0, 0.940455] [578.45, 156.95, 1308.25]]
		unit_class:t = "noTreeObjectGroup100"
		objLayer:i = 2
		props {
			army:i = 2
			active:b = true
		}
	}
	objectGroups {
		name:t = "notree23"
		tm:m = [[0.940455, 0.0, -0.339918] [0.0, 1.0, 0.0] [0.339918, 0.0, 0.940455] [668.95, 156.95, 1272.9]]
		unit_class:t = "noTreeObjectGroup100"
		objLayer:i = 2
		props {
			army:i = 2
			active:b = true
		}
	}
	objectGroups {
		name:t = "notree26"
		tm:m = [[0.940455, 0.0, -0.339918] [0.0, 1.0, 0.0] [0.339918, 0.0, 0.940455] [757.95, 178.45, 1237.8]]
		unit_class:t = "noTreeObjectGroup100"
		objLayer:i = 2
		props {
			army:i = 2
			active:b = true
		}
	}
	objectGroups {
		name:t = "notree29"
		tm:m = [[0.940455, 0.0, -0.339918] [0.0, 1.0, 0.0] [0.339918, 0.0, 0.940455] [849.3, 185.8, 1205.15]]
		unit_class:t = "noTreeObjectGroup100"
		objLayer:i = 2
		props {
			army:i = 2
			active:b = true
		}
	}
	objectGroups {
		name:t = "notree32"
		tm:m = [[0.986113, 0.0, -0.166073] [0.0, 1.0, 0.0] [0.166073, 0.0, 0.986113] [934.45, 190.15, 1175.3]]
		unit_class:t = "noTreeObjectGroup100"
		objLayer:i = 2
		props {
			army:i = 2
			active:b = true
		}
	}
	objectGroups {
		name:t = "notree34"
		tm:m = [[0.999645, 0.0, -0.0266408] [0.0, 1.0, 0.0] [0.0266408, 0.0, 0.999645] [1025.8, 193.05, 1168.8]]
		unit_class:t = "noTreeObjectGroup100"
		objLayer:i = 2
		props {
			army:i = 2
			active:b = true
		}
	}
	objectGroups {
		name:t = "notree38"
		tm:m = [[0.98504, 0.0, 0.172328] [0.0, 1.0, 0.0] [-0.172328, 0.0, 0.98504] [1098.5, 193.05, 1181.05]]
		unit_class:t = "noTreeObjectGroup100"
		objLayer:i = 2
		props {
			army:i = 2
			active:b = true
		}
	}
	objectGroups {
		name:t = "notree41"
		tm:m = [[0.98504, 0.0, 0.172328] [0.0, 1.0, 0.0] [-0.172328, 0.0, 0.98504] [1180.5, 193.05, 1202.4]]
		unit_class:t = "noTreeObjectGroup100"
		objLayer:i = 2
		props {
			army:i = 2
			active:b = true
		}
	}
	objectGroups {
		name:t = "notree44"
		tm:m = [[0.98504, 0.0, 0.172328] [0.0, 1.0, 0.0] [-0.172328, 0.0, 0.98504] [1271.2, 193.05, 1221.4]]
		unit_class:t = "noTreeObjectGroup100"
		objLayer:i = 2
		props {
			army:i = 2
			active:b = true
		}
	}
	objectGroups {
		name:t = "notree47"
		tm:m = [[0.992726, 0.0, 0.120393] [0.0, 1.0, 0.0] [-0.120393, 0.0, 0.992726] [1357.75, 193.05, 1237.3]]
		unit_class:t = "noTreeObjectGroup100"
		objLayer:i = 2
		props {
			army:i = 2
			active:b = true
		}
	}
	objectGroups {
		name:t = "notree50"
		tm:m = [[0.992726, 0.0, 0.120393] [0.0, 1.0, 0.0] [-0.120393, 0.0, 0.992726] [1454.2, 193.05, 1248.25]]
		unit_class:t = "noTreeObjectGroup100"
		objLayer:i = 2
		props {
			army:i = 2
			active:b = true
		}
	}
	objectGroups {
		name:t = "notree53"
		tm:m = [[0.992726, 0.0, 0.120393] [0.0, 1.0, 0.0] [-0.120393, 0.0, 0.992726] [1550.05, 193.05, 1261.25]]
		unit_class:t = "noTreeObjectGroup100"
		objLayer:i = 2
		props {
			army:i = 2
			active:b = true
		}
	}
	objectGroups {
		name:t = "notree56"
		tm:m = [[0.992726, 0.0, 0.120393] [0.0, 1.0, 0.0] [-0.120393, 0.0, 0.992726] [1647.25, 193.05, 1275.0]]
		unit_class:t = "noTreeObjectGroup100"
		objLayer:i = 2
		props {
			army:i = 2
			active:b = true
		}
	}
	objectGroups {
		name:t = "notree59"
		tm:m = [[0.992726, 0.0, 0.120393] [0.0, 1.0, 0.0] [-0.120393, 0.0, 0.992726] [1740.95, 193.05, 1286.4]]
		unit_class:t = "noTreeObjectGroup100"
		objLayer:i = 2
		props {
			army:i = 2
			active:b = true
		}
	}
	objectGroups {
		name:t = "notree62"
		tm:m = [[0.983819, 0.0, 0.179165] [0.0, 1.0, 0.0] [-0.179165, 0.0, 0.983819] [1827.45, 193.05, 1299.95]]
		unit_class:t = "noTreeObjectGroup100"
		objLayer:i = 2
		props {
			army:i = 2
			active:b = true
		}
	}
	objectGroups {
		name:t = "notree65"
		tm:m = [[0.983819, 0.0, 0.179165] [0.0, 1.0, 0.0] [-0.179165, 0.0, 0.983819] [1918.95, 193.05, 1314.95]]
		unit_class:t = "noTreeObjectGroup100"
		objLayer:i = 2
		props {
			army:i = 2
			active:b = true
		}
	}
	objectGroups {
		name:t = "notree68"
		tm:m = [[0.983819, 0.0, 0.179165] [0.0, 1.0, 0.0] [-0.179165, 0.0, 0.983819] [2008.75, 193.05, 1331.4]]
		unit_class:t = "noTreeObjectGroup100"
		objLayer:i = 2
		props {
			army:i = 2
			active:b = true
		}
	}
	objectGroups {
		name:t = "notree71"
		tm:m = [[0.983819, 0.0, 0.179165] [0.0, 1.0, 0.0] [-0.179165, 0.0, 0.983819] [2101.85, 187.15, 1348.25]]
		unit_class:t = "noTreeObjectGroup100"
		objLayer:i = 2
		props {
			army:i = 2
			active:b = true
		}
	}
	objectGroups {
		name:t = "notree74"
		tm:m = [[0.983819, 0.0, 0.179165] [0.0, 1.0, 0.0] [-0.179165, 0.0, 0.983819] [2193.85, 180.45, 1366.8]]
		unit_class:t = "noTreeObjectGroup100"
		objLayer:i = 2
		props {
			army:i = 2
			active:b = true
		}
	}
	objectGroups {
		name:t = "notree77"
		tm:m = [[0.983819, 0.0, 0.179165] [0.0, 1.0, 0.0] [-0.179165, 0.0, 0.983819] [2283.75, 173.45, 1391.05]]
		unit_class:t = "noTreeObjectGroup100"
		objLayer:i = 2
		props {
			army:i = 2
			active:b = true
		}
	}
	objectGroups {
		name:t = "notree80"
		tm:m = [[0.993913, 0.0, -0.110164] [0.0, 1.0, 0.0] [0.110164, 0.0, 0.993913] [2459.5, 157.05, 1440.1]]
		unit_class:t = "noTreeObjectGroup100"
		objLayer:i = 2
		props {
			army:i = 2
			active:b = true
		}
	}
	objectGroups {
		name:t = "notree83"
		tm:m = [[0.993913, 0.0, -0.110164] [0.0, 1.0, 0.0] [0.110164, 0.0, 0.993913] [2315.0, 157.05, 1408.2]]
		unit_class:t = "noTreeObjectGroup100"
		objLayer:i = 2
		props {
			army:i = 2
			active:b = true
		}
	}
	objectGroups {
		name:t = "notree85"
		tm:m = [[0.86864, 0.0, -0.495443] [0.0, 1.0, 0.0] [0.495443, 0.0, 0.86864] [2486.45, 157.05, 1480.9]]
		unit_class:t = "noTreeObjectGroup100"
		objLayer:i = 2
		props {
			army:i = 2
			active:b = true
		}
	}
	objectGroups {
		name:t = "notree88"
		tm:m = [[0.959544, 0.0, -0.281559] [0.0, 1.0, 0.0] [0.281559, 0.0, 0.959544] [2521.05, 157.05, 1549.7]]
		unit_class:t = "noTreeObjectGroup100"
		objLayer:i = 2
		props {
			army:i = 2
			active:b = true
		}
	}
	objectGroups {
		name:t = "notree91"
		tm:m = [[0.959544, 0.0, -0.281559] [0.0, 1.0, 0.0] [0.281559, 0.0, 0.959544] [2548.65, 174.35, 1638.65]]
		unit_class:t = "noTreeObjectGroup100"
		objLayer:i = 2
		props {
			army:i = 2
			active:b = true
		}
	}
	objectGroups {
		name:t = "notree95"
		tm:m = [[0.674455, 0.0, -0.738316] [0.0, 1.0, 0.0] [0.738316, 0.0, 0.674455] [2585.9, 174.35, 1693.3]]
		unit_class:t = "noTreeObjectGroup100"
		objLayer:i = 2
		props {
			army:i = 2
			active:b = true
		}
	}
	objectGroups {
		name:t = "notree98"
		tm:m = [[0.674455, 0.0, -0.738316] [0.0, 1.0, 0.0] [0.738316, 0.0, 0.674455] [2652.65, 174.35, 1763.35]]
		unit_class:t = "noTreeObjectGroup100"
		objLayer:i = 2
		props {
			army:i = 2
			active:b = true
		}
	}
	objectGroups {
		name:t = "notree101"
		tm:m = [[0.674455, 0.0, -0.738316] [0.0, 1.0, 0.0] [0.738316, 0.0, 0.674455] [2724.55, 163.4, 1828.2]]
		unit_class:t = "noTreeObjectGroup100"
		objLayer:i = 2
		props {
			army:i = 2
			active:b = true
		}
	}
	objectGroups {
		name:t = "notree103"
		tm:m = [[0.508369, 0.0, -0.861139] [0.0, 1.0, 0.0] [0.861139, 0.0, 0.508369] [2785.55, 163.4, 1881.3]]
		unit_class:t = "noTreeObjectGroup100"
		objLayer:i = 2
		props {
			army:i = 2
			active:b = true
		}
	}
	objectGroups {
		name:t = "notree106"
		tm:m = [[0.401837, 0.0, -0.915711] [0.0, 1.0, 0.0] [0.915711, 0.0, 0.401837] [2867.85, 163.4, 1923.0]]
		unit_class:t = "noTreeObjectGroup100"
		objLayer:i = 2
		props {
			army:i = 2
			active:b = true
		}
	}
	objectGroups {
		name:t = "notree109"
		tm:m = [[0.345699, 0.0, -0.938346] [0.0, 1.0, 0.0] [0.938346, 0.0, 0.345699] [2955.95, 163.4, 1956.15]]
		unit_class:t = "noTreeObjectGroup100"
		objLayer:i = 2
		props {
			army:i = 2
			active:b = true
		}
	}
	objectGroups {
		name:t = "notree113"
		tm:m = [[0.345699, 0.0, -0.938346] [0.0, 1.0, 0.0] [0.938346, 0.0, 0.345699] [3045.45, 163.4, 1986.1]]
		unit_class:t = "noTreeObjectGroup100"
		objLayer:i = 2
		props {
			army:i = 2
			active:b = true
		}
	}
	objectGroups {
		name:t = "notree116"
		tm:m = [[0.345699, 0.0, -0.938346] [0.0, 1.0, 0.0] [0.938346, 0.0, 0.345699] [3132.2, 163.4, 2017.6]]
		unit_class:t = "noTreeObjectGroup100"
		objLayer:i = 2
		props {
			army:i = 2
			active:b = true
		}
	}
	objectGroups {
		name:t = "notree119"
		tm:m = [[0.0765821, 0.0, -0.997063] [0.0, 1.0, 0.0] [0.997063, 0.0, 0.0765821] [3212.65, 151.85, 2035.1]]
		unit_class:t = "noTreeObjectGroup100"
		objLayer:i = 2
		props {
			army:i = 2
			active:b = true
		}
	}
	objectGroups {
		name:t = "notree121"
		tm:m = [[-0.442044, 0.0, -0.896994] [0.0, 1.0, 0.0] [0.896994, 0.0, -0.442044] [3268.85, 142.55, 2012.15]]
		unit_class:t = "noTreeObjectGroup100"
		objLayer:i = 2
		props {
			army:i = 2
			active:b = true
		}
	}
	objectGroups {
		name:t = "notree124"
		tm:m = [[-0.5713, 0.0, -0.820741] [0.0, 1.0, 0.0] [0.820741, 0.0, -0.5713] [3342.6, 128.9, 1967.9]]
		unit_class:t = "noTreeObjectGroup100"
		objLayer:i = 2
		props {
			army:i = 2
			active:b = true
		}
	}
	objectGroups {
		name:t = "notree127"
		tm:m = [[-0.693566, 0.0, -0.720393] [0.0, 1.0, 0.0] [0.720393, 0.0, -0.693566] [3399.65, 125.85, 1916.25]]
		unit_class:t = "noTreeObjectGroup100"
		objLayer:i = 2
		props {
			army:i = 2
			active:b = true
		}
	}
	objectGroups {
		name:t = "notree130"
		tm:m = [[-0.80232, 0.0, -0.596894] [0.0, 1.0, 0.0] [0.596894, 0.0, -0.80232] [3450.05, 118.65, 1853.0]]
		unit_class:t = "noTreeObjectGroup100"
		objLayer:i = 2
		props {
			army:i = 2
			active:b = true
		}
	}
	objectGroups {
		name:t = "notree134"
		tm:m = [[-0.80232, 0.0, -0.596894] [0.0, 1.0, 0.0] [0.596894, 0.0, -0.80232] [3504.35, 109.75, 1771.75]]
		unit_class:t = "noTreeObjectGroup100"
		objLayer:i = 2
		props {
			army:i = 2
			active:b = true
		}
	}
	objectGroups {
		name:t = "notree137"
		tm:m = [[-0.870372, 0.0, -0.492394] [0.0, 1.0, 0.0] [0.492394, 0.0, -0.870372] [3554.1, 109.75, 1692.5]]
		unit_class:t = "noTreeObjectGroup100"
		objLayer:i = 2
		props {
			army:i = 2
			active:b = true
		}
	}
	objectGroups {
		name:t = "notree140"
		tm:m = [[-0.870372, 0.0, -0.492394] [0.0, 1.0, 0.0] [0.492394, 0.0, -0.870372] [3594.2, 109.75, 1607.35]]
		unit_class:t = "noTreeObjectGroup100"
		objLayer:i = 2
		props {
			army:i = 2
			active:b = true
		}
	}
	objectGroups {
		name:t = "notree143"
		tm:m = [[-0.870372, 0.0, -0.492394] [0.0, 1.0, 0.0] [0.492394, 0.0, -0.870372] [3634.55, 109.75, 1523.45]]
		unit_class:t = "noTreeObjectGroup100"
		objLayer:i = 2
		props {
			army:i = 2
			active:b = true
		}
	}
}
areas {
	briefing_bombers {
		type:t = "Point"
		tm:m = [[-0.588825, 0.0, 0.808261] [0.0, 1.0, 0.0] [-0.808261, 0.0, -0.588825] [2842.23, 72.0269, 3548.92]]
		objLayer:i = 0
		props {

		}
	}
	convoy_waypoint01 {
		type:t = "Point"
		tm:m = [[-28.0762, 0.0, 95.9777] [0.0, 100.0, 0.0] [-95.9777, 0.0, -28.0762] [1455.7, 222.735, 1247.39]]
		objLayer:i = 0
		props {

		}
	}
	convoy_waypoint02 {
		type:t = "Point"
		tm:m = [[-29.1279, 0.0, 95.6638] [0.0, 100.0, 0.0] [-95.6638, 0.0, -29.1279] [2348.62, 176.453, 1404.08]]
		objLayer:i = 0
		props {

		}
	}
	convoy_waypoint03 {
		type:t = "Point"
		tm:m = [[50.4298, 0.0, 86.353] [0.0, 100.0, 0.0] [-86.353, 0.0, 50.4298] [3226.3, 159.7, 2032.45]]
		objLayer:i = 0
		props {

		}
	}
	convoy_waypoint04 {
		type:t = "Point"
		tm:m = [[79.174, 0.0, 61.0857] [0.0, 100.0, 0.0] [-61.0857, 0.0, 79.174] [3651.11, 112.85, 1464.88]]
		objLayer:i = 0
		props {

		}
	}
	convoy_waypoint00 {
		type:t = "Point"
		tm:m = [[-15.4279, 0.0, 98.8027] [0.0, 100.0, 0.0] [-98.8027, 0.0, -15.4279] [564.85, 179.2, 1310.05]]
		objLayer:i = 0
		props {

		}
	}
	briefing_tanks {
		type:t = "Point"
		tm:m = [[0.903895, 0.0, -0.427754] [0.0, 1.0, 0.0] [0.427754, 0.0, 0.903895] [572.827, 160.8, 1305.46]]
		objLayer:i = 0
		props {

		}
	}
	convoy_starting_point {
		type:t = "Point"
		tm:m = [[494.536, 0.0, -73.7157] [0.0, 500.0, 0.0] [73.7157, 0.0, 494.536] [-126.716, 179.776, 1477.16]]
		objLayer:i = 0
		props {

		}
	}
	convoy_lookat_point {
		type:t = "Point"
		tm:m = [[1.0, 0.0, 0.0] [0.0, 1.0, 0.0] [0.0, 0.0, 1.0] [332.7, 193.45, 1353.3]]
		objLayer:i = 0
		props {

		}
	}
	t1_tanks_spawn00_01 {
		type:t = "Sphere"
		tm:m = [[0.0793553, 0.0, 5.99948] [0.0, 6.0, 0.0] [-5.99948, 0.0, 0.0793553] [590.8, 186.432, 1144.75]]
		objLayer:i = 0
		props {

		}
	}
	t1_tanks_spawn00_02 {
		type:t = "Sphere"
		tm:m = [[0.0793553, 0.0, 5.99948] [0.0, 6.0, 0.0] [-5.99948, 0.0, 0.0793553] [590.44, 187.057, 1125.56]]
		objLayer:i = 0
		props {

		}
	}
	t1_tanks_spawn00_03 {
		type:t = "Sphere"
		tm:m = [[0.0793553, 0.0, 5.99948] [0.0, 6.0, 0.0] [-5.99948, 0.0, 0.0793553] [590.2, 187.654, 1108.64]]
		objLayer:i = 0
		props {

		}
	}
	t1_tanks_spawn00_04 {
		type:t = "Sphere"
		tm:m = [[0.0793553, 0.0, 5.99948] [0.0, 6.0, 0.0] [-5.99948, 0.0, 0.0793553] [590.78, 188.699, 1087.45]]
		objLayer:i = 0
		props {

		}
	}
	t1_tanks_spawn00_05 {
		type:t = "Sphere"
		tm:m = [[0.0793553, 0.0, 5.99948] [0.0, 6.0, 0.0] [-5.99948, 0.0, 0.0793553] [590.39, 189.933, 1070.07]]
		objLayer:i = 0
		props {

		}
	}
	t1_tanks_spawn00_06 {
		type:t = "Sphere"
		tm:m = [[0.0793553, 0.0, 5.99948] [0.0, 6.0, 0.0] [-5.99948, 0.0, 0.0793553] [590.73, 191.634, 1048.78]]
		objLayer:i = 0
		props {

		}
	}
	t1_tanks_spawn00_07 {
		type:t = "Sphere"
		tm:m = [[0.0793553, 0.0, 5.99948] [0.0, 6.0, 0.0] [-5.99948, 0.0, 0.0793553] [565.31, 189.531, 1134.54]]
		objLayer:i = 0
		props {

		}
	}
	t1_tanks_spawn00_08 {
		type:t = "Sphere"
		tm:m = [[0.0793553, 0.0, 5.99948] [0.0, 6.0, 0.0] [-5.99948, 0.0, 0.0793553] [570.06, 189.481, 1117.11]]
		objLayer:i = 0
		props {

		}
	}
	t1_tanks_spawn00_09 {
		type:t = "Sphere"
		tm:m = [[0.0793553, 0.0, 5.99948] [0.0, 6.0, 0.0] [-5.99948, 0.0, 0.0793553] [573.32, 189.579, 1099.45]]
		objLayer:i = 0
		props {

		}
	}
	t1_tanks_spawn00_10 {
		type:t = "Sphere"
		tm:m = [[0.0793553, 0.0, 5.99948] [0.0, 6.0, 0.0] [-5.99948, 0.0, 0.0793553] [571.13, 190.844, 1078.17]]
		objLayer:i = 0
		props {

		}
	}
	t1_tanks_spawn00_11 {
		type:t = "Sphere"
		tm:m = [[0.0793553, 0.0, 5.99948] [0.0, 6.0, 0.0] [-5.99948, 0.0, 0.0793553] [566.78, 192.439, 1061.5]]
		objLayer:i = 0
		props {

		}
	}
	t1_tanks_spawn00_12 {
		type:t = "Sphere"
		tm:m = [[0.0793553, 0.0, 5.99948] [0.0, 6.0, 0.0] [-5.99948, 0.0, 0.0793553] [617.93, 184.336, 1134.62]]
		objLayer:i = 0
		props {

		}
	}
	t1_tanks_spawn00_13 {
		type:t = "Sphere"
		tm:m = [[0.0793553, 0.0, 5.99948] [0.0, 6.0, 0.0] [-5.99948, 0.0, 0.0793553] [610.78, 185.764, 1117.6]]
		objLayer:i = 0
		props {

		}
	}
	t1_tanks_spawn00_14 {
		type:t = "Sphere"
		tm:m = [[0.0793553, 0.0, 5.99948] [0.0, 6.0, 0.0] [-5.99948, 0.0, 0.0793553] [608.89, 187.025, 1100.0]]
		objLayer:i = 0
		props {

		}
	}
	t1_tanks_spawn00_15 {
		type:t = "Sphere"
		tm:m = [[0.0793553, 0.0, 5.99948] [0.0, 6.0, 0.0] [-5.99948, 0.0, 0.0793553] [612.11, 188.58, 1079.85]]
		objLayer:i = 0
		props {

		}
	}
	t1_tanks_spawn00_16 {
		type:t = "Sphere"
		tm:m = [[0.0793553, 0.0, 5.99948] [0.0, 6.0, 0.0] [-5.99948, 0.0, 0.0793553] [618.09, 190.327, 1062.26]]
		objLayer:i = 0
		props {

		}
	}
	t1_tanks_spawn00_17 {
		type:t = "Sphere"
		tm:m = [[0.0793553, 0.0, 5.99948] [0.0, 6.0, 0.0] [-5.99948, 0.0, 0.0793553] [549.41, 191.617, 1115.56]]
		objLayer:i = 0
		props {

		}
	}
	t1_tanks_spawn00_18 {
		type:t = "Sphere"
		tm:m = [[0.0793553, 0.0, 5.99948] [0.0, 6.0, 0.0] [-5.99948, 0.0, 0.0793553] [548.92, 193.139, 1084.75]]
		objLayer:i = 0
		props {

		}
	}
	t1_tanks_spawn00_19 {
		type:t = "Sphere"
		tm:m = [[0.0793553, 0.0, 5.99948] [0.0, 6.0, 0.0] [-5.99948, 0.0, 0.0793553] [634.44, 185.135, 1115.16]]
		objLayer:i = 0
		props {

		}
	}
	t1_tanks_spawn00_20 {
		type:t = "Sphere"
		tm:m = [[0.0793553, 0.0, 5.99948] [0.0, 6.0, 0.0] [-5.99948, 0.0, 0.0793553] [634.45, 188.15, 1082.85]]
		objLayer:i = 0
		props {

		}
	}
	t1_tanks_spawn01_01 {
		type:t = "Sphere"
		tm:m = [[-0.465432, 0.0, 5.98192] [0.0, 6.0, 0.0] [-5.98192, 0.0, -0.465432] [1314.86, 220.52, 1131.46]]
		objLayer:i = 0
		props {

		}
	}
	t1_tanks_spawn01_02 {
		type:t = "Sphere"
		tm:m = [[-0.465432, 0.0, 5.98192] [0.0, 6.0, 0.0] [-5.98192, 0.0, -0.465432] [1323.76, 220.163, 1117.56]]
		objLayer:i = 0
		props {

		}
	}
	t1_tanks_spawn01_03 {
		type:t = "Sphere"
		tm:m = [[-0.465432, 0.0, 5.98192] [0.0, 6.0, 0.0] [-5.98192, 0.0, -0.465432] [1331.83, 219.762, 1105.57]]
		objLayer:i = 0
		props {

		}
	}
	t1_tanks_spawn01_04 {
		type:t = "Sphere"
		tm:m = [[-0.465432, 0.0, 5.98192] [0.0, 6.0, 0.0] [-5.98192, 0.0, -0.465432] [1342.85, 219.301, 1088.3]]
		objLayer:i = 0
		props {

		}
	}
	t1_tanks_spawn01_05 {
		type:t = "Sphere"
		tm:m = [[-0.465432, 0.0, 5.98192] [0.0, 6.0, 0.0] [-5.98192, 0.0, -0.465432] [1351.61, 219.455, 1074.33]]
		objLayer:i = 0
		props {

		}
	}
	t1_tanks_spawn01_06 {
		type:t = "Sphere"
		tm:m = [[-0.465432, 0.0, 5.98192] [0.0, 6.0, 0.0] [-5.98192, 0.0, -0.465432] [1360.92, 219.354, 1058.91]]
		objLayer:i = 0
		props {

		}
	}
	t1_tanks_spawn01_07 {
		type:t = "Sphere"
		tm:m = [[-0.465432, 0.0, 5.98192] [0.0, 6.0, 0.0] [-5.98192, 0.0, -0.465432] [1306.25, 220.259, 1117.11]]
		objLayer:i = 0
		props {

		}
	}
	t1_tanks_spawn01_08 {
		type:t = "Sphere"
		tm:m = [[-0.465432, 0.0, 5.98192] [0.0, 6.0, 0.0] [-5.98192, 0.0, -0.465432] [1315.73, 219.752, 1103.03]]
		objLayer:i = 0
		props {

		}
	}
	t1_tanks_spawn01_09 {
		type:t = "Sphere"
		tm:m = [[-0.465432, 0.0, 5.98192] [0.0, 6.0, 0.0] [-5.98192, 0.0, -0.465432] [1325.83, 219.053, 1087.76]]
		objLayer:i = 0
		props {

		}
	}
	t1_tanks_spawn01_10 {
		type:t = "Sphere"
		tm:m = [[-0.465432, 0.0, 5.98192] [0.0, 6.0, 0.0] [-5.98192, 0.0, -0.465432] [1334.8, 218.315, 1073.12]]
		objLayer:i = 0
		props {

		}
	}
	t1_tanks_spawn01_11 {
		type:t = "Sphere"
		tm:m = [[-0.465432, 0.0, 5.98192] [0.0, 6.0, 0.0] [-5.98192, 0.0, -0.465432] [1299.72, 219.45, 1100.21]]
		objLayer:i = 0
		props {

		}
	}
	t1_tanks_spawn01_12 {
		type:t = "Sphere"
		tm:m = [[-0.465432, 0.0, 5.98192] [0.0, 6.0, 0.0] [-5.98192, 0.0, -0.465432] [1308.94, 219.049, 1083.2]]
		objLayer:i = 0
		props {

		}
	}
	t1_tanks_spawn01_13 {
		type:t = "Sphere"
		tm:m = [[-0.465432, 0.0, 5.98192] [0.0, 6.0, 0.0] [-5.98192, 0.0, -0.465432] [1280.46, 218.605, 1096.15]]
		objLayer:i = 0
		props {

		}
	}
	t1_tanks_spawn01_14 {
		type:t = "Sphere"
		tm:m = [[-0.465432, 0.0, 5.98192] [0.0, 6.0, 0.0] [-5.98192, 0.0, -0.465432] [1332.84, 220.599, 1135.72]]
		objLayer:i = 0
		props {

		}
	}
	t1_tanks_spawn01_15 {
		type:t = "Sphere"
		tm:m = [[-0.465432, 0.0, 5.98192] [0.0, 6.0, 0.0] [-5.98192, 0.0, -0.465432] [1344.38, 220.518, 1119.23]]
		objLayer:i = 0
		props {

		}
	}
	t1_tanks_spawn01_16 {
		type:t = "Sphere"
		tm:m = [[-0.465432, 0.0, 5.98192] [0.0, 6.0, 0.0] [-5.98192, 0.0, -0.465432] [1355.55, 220.881, 1102.02]]
		objLayer:i = 0
		props {

		}
	}
	t1_tanks_spawn01_17 {
		type:t = "Sphere"
		tm:m = [[-0.465432, 0.0, 5.98192] [0.0, 6.0, 0.0] [-5.98192, 0.0, -0.465432] [1366.15, 221.006, 1085.82]]
		objLayer:i = 0
		props {

		}
	}
	t1_tanks_spawn01_18 {
		type:t = "Sphere"
		tm:m = [[-0.465432, 0.0, 5.98192] [0.0, 6.0, 0.0] [-5.98192, 0.0, -0.465432] [1295.4, 220.267, 1132.73]]
		objLayer:i = 0
		props {

		}
	}
	t1_tanks_spawn01_19 {
		type:t = "Sphere"
		tm:m = [[-0.465432, 0.0, 5.98192] [0.0, 6.0, 0.0] [-5.98192, 0.0, -0.465432] [1353.75, 221.524, 1139.4]]
		objLayer:i = 0
		props {

		}
	}
	t1_tanks_spawn01_20 {
		type:t = "Sphere"
		tm:m = [[-0.465432, 0.0, 5.98192] [0.0, 6.0, 0.0] [-5.98192, 0.0, -0.465432] [1363.04, 221.516, 1119.72]]
		objLayer:i = 0
		props {

		}
	}
	t1_tanks_spawn02_01 {
		type:t = "Sphere"
		tm:m = [[3.86661, 0.0, 4.58794] [0.0, 6.0, 0.0] [-4.58794, 0.0, 3.86661] [2220.18, 193.663, 1201.01]]
		objLayer:i = 0
		props {

		}
	}
	t1_tanks_spawn02_02 {
		type:t = "Sphere"
		tm:m = [[3.30992, 0.0, 5.00444] [0.0, 6.0, 0.0] [-5.00444, 0.0, 3.30992] [2203.88, 193.471, 1198.77]]
		objLayer:i = 0
		props {

		}
	}
	t1_tanks_spawn02_03 {
		type:t = "Sphere"
		tm:m = [[3.09756, 0.0, 5.13857] [0.0, 6.0, 0.0] [-5.13857, 0.0, 3.09756] [2187.6, 193.246, 1196.52]]
		objLayer:i = 0
		props {

		}
	}
	t1_tanks_spawn02_04 {
		type:t = "Sphere"
		tm:m = [[3.61478, 0.0, 4.78887] [0.0, 6.0, 0.0] [-4.78887, 0.0, 3.61478] [2166.5, 193.136, 1193.11]]
		objLayer:i = 0
		props {

		}
	}
	t1_tanks_spawn02_05 {
		type:t = "Sphere"
		tm:m = [[4.14235, 0.0, 4.3406] [0.0, 6.0, 0.0] [-4.3406, 0.0, 4.14235] [2150.13, 193.279, 1190.97]]
		objLayer:i = 0
		props {

		}
	}
	t1_tanks_spawn02_06 {
		type:t = "Sphere"
		tm:m = [[4.37131, 0.0, 4.10993] [0.0, 6.0, 0.0] [-4.10993, 0.0, 4.37131] [2226.36, 193.709, 1211.13]]
		objLayer:i = 0
		props {

		}
	}
	t1_tanks_spawn02_07 {
		type:t = "Sphere"
		tm:m = [[3.62066, 0.0, 4.78443] [0.0, 6.0, 0.0] [-4.78443, 0.0, 3.62066] [2210.36, 192.866, 1216.52]]
		objLayer:i = 0
		props {

		}
	}
	t1_tanks_spawn02_08 {
		type:t = "Sphere"
		tm:m = [[3.02722, 0.0, 5.18034] [0.0, 6.0, 0.0] [-5.18034, 0.0, 3.02722] [2192.85, 192.904, 1212.95]]
		objLayer:i = 0
		props {

		}
	}
	t1_tanks_spawn02_09 {
		type:t = "Sphere"
		tm:m = [[3.20258, 0.0, 5.0738] [0.0, 6.0, 0.0] [-5.0738, 0.0, 3.20258] [2176.64, 192.944, 1210.58]]
		objLayer:i = 0
		props {

		}
	}
	t1_tanks_spawn02_10 {
		type:t = "Sphere"
		tm:m = [[3.72266, 0.0, 4.70551] [0.0, 6.0, 0.0] [-4.70551, 0.0, 3.72266] [2159.25, 193.109, 1207.08]]
		objLayer:i = 0
		props {

		}
	}
	t1_tanks_spawn02_11 {
		type:t = "Sphere"
		tm:m = [[4.34057, 0.0, 4.14239] [0.0, 6.0, 0.0] [-4.14239, 0.0, 4.34057] [2142.93, 193.398, 1204.92]]
		objLayer:i = 0
		props {

		}
	}
	t1_tanks_spawn02_12 {
		type:t = "Sphere"
		tm:m = [[2.82381, 0.0, 5.29396] [0.0, 6.0, 0.0] [-5.29396, 0.0, 2.82381] [2212.87, 193.718, 1183.46]]
		objLayer:i = 0
		props {

		}
	}
	t1_tanks_spawn02_13 {
		type:t = "Sphere"
		tm:m = [[3.74787, 0.0, 4.68544] [0.0, 6.0, 0.0] [-4.68544, 0.0, 3.74787] [2191.06, 193.227, 1172.94]]
		objLayer:i = 0
		props {

		}
	}
	t1_tanks_spawn02_14 {
		type:t = "Sphere"
		tm:m = [[3.24153, 0.0, 5.04899] [0.0, 6.0, 0.0] [-5.04899, 0.0, 3.24153] [2182.19, 193.154, 1177.51]]
		objLayer:i = 0
		props {

		}
	}
	t1_tanks_spawn02_15 {
		type:t = "Sphere"
		tm:m = [[3.8188, 0.0, 4.62782] [0.0, 6.0, 0.0] [-4.62782, 0.0, 3.8188] [2167.37, 193.013, 1175.4]]
		objLayer:i = 0
		props {

		}
	}
	t1_tanks_spawn02_16 {
		type:t = "Sphere"
		tm:m = [[4.22294, 0.0, 4.26224] [0.0, 6.0, 0.0] [-4.26224, 0.0, 4.22294] [2147.72, 193.149, 1171.54]]
		objLayer:i = 0
		props {

		}
	}
	t1_tanks_spawn02_17 {
		type:t = "Sphere"
		tm:m = [[3.53978, 0.0, 4.84458] [0.0, 6.0, 0.0] [-4.84458, 0.0, 3.53978] [2232.21, 193.809, 1183.94]]
		objLayer:i = 0
		props {

		}
	}
	t1_tanks_spawn02_18 {
		type:t = "Sphere"
		tm:m = [[3.19422, 0.0, 5.07907] [0.0, 6.0, 0.0] [-5.07907, 0.0, 3.19422] [2162.92, 192.789, 1156.91]]
		objLayer:i = 0
		props {

		}
	}
	t1_tanks_spawn02_19 {
		type:t = "Sphere"
		tm:m = [[3.58429, 0.0, 4.81174] [0.0, 6.0, 0.0] [-4.81174, 0.0, 3.58429] [2210.77, 193.236, 1165.76]]
		objLayer:i = 0
		props {

		}
	}
	t1_tanks_spawn02_20 {
		type:t = "Sphere"
		tm:m = [[4.26083, 0.0, 4.22436] [0.0, 6.0, 0.0] [-4.22436, 0.0, 4.26083] [2188.72, 192.939, 1160.26]]
		objLayer:i = 0
		props {

		}
	}
	t1_tanks_spawn03_01 {
		type:t = "Sphere"
		tm:m = [[-4.9055, 0.0, 3.45485] [0.0, 6.0, 0.0] [-3.45485, 0.0, -4.9055] [3062.64, 188.197, 2151.93]]
		objLayer:i = 0
		props {

		}
	}
	t1_tanks_spawn03_02 {
		type:t = "Sphere"
		tm:m = [[-4.17282, 0.0, 4.31134] [0.0, 6.0, 0.0] [-4.31134, 0.0, -4.17282] [3027.24, 191.393, 2176.01]]
		objLayer:i = 0
		props {

		}
	}
	t1_tanks_spawn03_03 {
		type:t = "Sphere"
		tm:m = [[-4.23331, 0.0, 4.25194] [0.0, 6.0, 0.0] [-4.25194, 0.0, -4.23331] [3043.96, 190.771, 2183.04]]
		objLayer:i = 0
		props {

		}
	}
	t1_tanks_spawn03_04 {
		type:t = "Sphere"
		tm:m = [[-4.46918, 0.0, 4.00331] [0.0, 6.0, 0.0] [-4.00331, 0.0, -4.46918] [3061.24, 190.311, 2190.55]]
		objLayer:i = 0
		props {

		}
	}
	t1_tanks_spawn03_05 {
		type:t = "Sphere"
		tm:m = [[-4.37089, 0.0, 4.1104] [0.0, 6.0, 0.0] [-4.1104, 0.0, -4.37089] [3075.99, 190.04, 2196.67]]
		objLayer:i = 0
		props {

		}
	}
	t1_tanks_spawn03_06 {
		type:t = "Sphere"
		tm:m = [[-4.77201, 0.0, 3.63702] [0.0, 6.0, 0.0] [-3.63702, 0.0, -4.77201] [3092.29, 190.174, 2209.01]]
		objLayer:i = 0
		props {

		}
	}
	t1_tanks_spawn03_07 {
		type:t = "Sphere"
		tm:m = [[-4.77648, 0.0, 3.63112] [0.0, 6.0, 0.0] [-3.63112, 0.0, -4.77648] [3107.42, 190.001, 2212.44]]
		objLayer:i = 0
		props {

		}
	}
	t1_tanks_spawn03_08 {
		type:t = "Sphere"
		tm:m = [[-4.84732, 0.0, 3.536] [0.0, 6.0, 0.0] [-3.536, 0.0, -4.84732] [3088.53, 187.796, 2169.33]]
		objLayer:i = 0
		props {

		}
	}
	t1_tanks_spawn03_09 {
		type:t = "Sphere"
		tm:m = [[-4.82606, 0.0, 3.56498] [0.0, 6.0, 0.0] [-3.56498, 0.0, -4.82606] [3029.52, 190.276, 2155.82]]
		objLayer:i = 0
		props {

		}
	}
	t1_tanks_spawn03_10 {
		type:t = "Sphere"
