selected_tag:t = ""
bin_dump_file:t = ""
mission_settings {
	player {
		army:i = 1
		wing:t = "t1_player01"
		wing:t = "t1_player02"
		wing:t = "t1_player03"
		wing:t = "t1_player04"
		wing:t = "t1_player05"
		wing:t = "t1_player06"
		wing:t = "t1_player07"
		wing:t = "t1_player08"
		wing:t = "t1_player09"
		wing:t = "t1_player10"
		wing:t = "t1_player11"
		wing:t = "t1_player12"
		wing:t = "t1_player13"
		wing:t = "t1_player14"
		wing:t = "t1_player15"
		wing:t = "t1_player16"
	}
	player_teamB {
		army:i = 2
		wing:t = "t2_player01"
		wing:t = "t2_player02"
		wing:t = "t2_player03"
		wing:t = "t2_player04"
		wing:t = "t2_player05"
		wing:t = "t2_player06"
		wing:t = "t2_player07"
		wing:t = "t2_player08"
		wing:t = "t2_player09"
		wing:t = "t2_player10"
		wing:t = "t2_player11"
		wing:t = "t2_player12"
		wing:t = "t2_player13"
		wing:t = "t2_player14"
		wing:t = "t2_player15"
		wing:t = "t2_player16"
		wing:t = "t2_player17"
	}
	mission {
		level:t = "levels/britain.bin"
		type:t = "domination"
		environment:t = "Day"
		weather:t = "hazy"
		locName:t = "missions/_GS/medium_tank;location/britain"
		locDesc:t = "missions/_GS/desc"
		scoreLimit:i = 3600
		timeLimit:i = 25
		deathPenaltyMul:r = 0
		country_axis:t = "germany"
		country_allies:t = "britain"
		restoreType:t = "attempts"
		optionalTakeOff:b = false
		allowedUnitTypes {
			isAirplanesAllowed:b = true
			isTanksAllowed:b = false
			isShipsAllowed:b = false
			isHelicoptersAllowed:b = false
		}
	}
	spectator_points {
		spectatorPoint:t = "spectator_point_01"
		spectatorPoint:t = "spectator_point_02"
		spectatorPoint:t = "spectator_point_03"
		spectatorPoint:t = "spectator_point_04"
	}
	briefing {
		place_loc:t = ""
		date_loc:t = ""
		objective_loc:t = ""
		music:t = "action_01"
		part {
			event:t = ""
			minTime:i = 0
			slide {
				map:b = true
				minTime:i = 4
				picture:t = ""
				showAirMap:b = false
				arrow {
					width:i = 1
					side:t = "ally"
					point:t = "t1_tank_01"
					point:t = "area_01"
				}
				arrow {
					width:i = 1
					side:t = "enemy"
					point:t = "t2_tank_05"
					point:t = "area_01"
					point:t = "area_01"
				}
				icon {
					icontype:t = "fighter"
					side:t = "ally"
					target:t = "t1_fighters_spawn"
					lookAt:t = "area_01"
				}
				icon {
					icontype:t = "fighter"
					side:t = "enemy"
					target:t = "t2_fighters_spawn"
					lookAt:t = "area_01"
				}
				icon {
					icontype:t = "tank"
					side:t = "ally"
					target:t = "t1_tank_01"
				}
				icon {
					icontype:t = "tank"
					side:t = "enemy"
					target:t = "t2_tank_05"
				}
				icon {
					icontype:t = "artillery"
					side:t = "ally"
					target:t = "t1_bunker_light_06"
				}
				icon {
					icontype:t = "artillery"
					side:t = "enemy"
					target:t = "t2_bunker_light_06"
				}
			}
		}
	}
}
imports {
	import_record {
		file:t = "gameData/missions/bridges/britain_bridges.blk"
		importAreas:b = true
		importUnits:b = true
		importTriggers:b = true
		importMissionObjectives:b = true
		importWayPoints:b = true
		showAreas:b = true
		showUnits:b = true
		showTriggers:b = true
		showMissionObjectives:b = true
		showWayPoints:b = true
		excludes {

		}
	}
	import_record {
		file:t = "gameData/missions/templates/base_logic_template.blk"
		importAreas:b = true
		importUnits:b = true
		importTriggers:b = true
		importMissionObjectives:b = true
		importWayPoints:b = true
		showAreas:b = true
		showUnits:b = true
		showTriggers:b = true
		showMissionObjectives:b = true
		showWayPoints:b = true
		excludes {

		}
	}
	import_record {
		file:t = "gameData/missions/templates/land_units_death_template.blk"
		importAreas:b = true
		importUnits:b = true
		importTriggers:b = true
		importMissionObjectives:b = true
		importWayPoints:b = true
		showAreas:b = true
		showUnits:b = true
		showTriggers:b = true
		showMissionObjectives:b = true
		showWayPoints:b = true
		excludes {

		}
	}
	import_record {
		file:t = "gameData/missions/templates/land_units_move_template.blk"
		importAreas:b = true
		importUnits:b = true
		importTriggers:b = true
		importMissionObjectives:b = true
		importWayPoints:b = true
		showAreas:b = true
		showUnits:b = true
		showTriggers:b = true
		showMissionObjectives:b = true
		showWayPoints:b = true
		excludes {

		}
	}
	import_record {
		file:t = "gameData/missions/templates/gs_objectives_template.blk"
		importAreas:b = true
		importUnits:b = true
		importTriggers:b = true
		importMissionObjectives:b = true
		importWayPoints:b = true
		showAreas:b = true
		showUnits:b = true
		showTriggers:b = true
		showMissionObjectives:b = true
		showWayPoints:b = true
		excludes {

		}
	}
	import_record {
		file:t = "gameData/missions/templates/air_templates/aat_aaa_template.blk"
		importAreas:b = true
		importUnits:b = true
		importTriggers:b = true
		importMissionObjectives:b = true
		importWayPoints:b = true
		showAreas:b = true
		showUnits:b = true
		showTriggers:b = true
		showMissionObjectives:b = true
		showWayPoints:b = true
		excludes {

		}
	}
}
triggers {
	isCategory:b = true
	is_enabled:b = true
	start_mission {
		is_enabled:b = true
		comments:t = ""
		props {
			actionsType:t = "PERFORM_ONE_BY_ONE"
			conditionsType:t = "ALL"
			enableAfterComplete:b = false
		}
		events {
			initMission {

			}
		}
		conditions {

		}
		actions {
			comment {
				value:t = "zadaem nachal'nuyu skorost' unichtozheniya nazemki"
			}
			varSetReal {
				value:r = 1200
				var:t = "arcade_destroy_timer"
				var:t = "historical_destroy_timer"
			}
			comment {
				value:t = "zadaem znacheniya dlya predotvrashcheniya dlinnyh sessij"
			}
			varSetInt {
				value:i = 360
				var:t = "long_time_is"
			}
			varSetInt {
				value:i = 600
				var:t = "long_time_arcade_timer"
			}
			varSetInt {
				value:i = 32000
				var:t = "long_time_arcade_distance"
			}
			comment {
				value:t = "nachinaetsya logika missii"
			}
			unitSetIndication {
				set:b = true
				target_marking:i = 0
				object_var_name:t = ""
				object_var_comp_op:t = "equal"
				object_var_value:i = 0
				target:t = "t1_quest_units_squad"
				team:t = "B"
			}
			unitSetIndication {
				set:b = true
				target_marking:i = 0
				object_var_name:t = ""
				object_var_comp_op:t = "equal"
				object_var_value:i = 0
				target:t = "t2_quest_units_squad"
				team:t = "A"
			}
			unitSetProperties {
				object:t = "t1_tanks_squad"
				object:t = "t1_bunkers_squad"
				object:t = "t2_tanks_squad"
				object:t = "t2_bunkers_squad"
				object_marking:i = 0
				object_var_name:t = ""
				object_var_comp_op:t = "equal"
				object_var_value:i = 0
				effShootingRate:r = 0
			}
			unitSetProperties {
				object:t = "t1_aaa_squad"
				object:t = "t2_aaa_squad"
				object_marking:i = 0
				object_var_name:t = ""
				object_var_comp_op:t = "equal"
				object_var_value:i = 0
				accuracy:r = 0.1
				effShootingRate:r = 0
				airEffShootingRate:r = 0.1
			}
			unitSetProperties {
				object:t = "t1_trucks_squad"
				object:t = "t2_trucks_squad"
				object_marking:i = 0
				object_var_name:t = ""
				object_var_comp_op:t = "equal"
				object_var_value:i = 0
				accuracy:r = 0.1
				effShootingRate:r = 0
				airEffShootingRate:r = 0.1
			}
			unitSetProperties {
				object:t = "t1_ships_squad"
				object:t = "t2_ships_squad"
				object_marking:i = 0
				object_var_name:t = ""
				object_var_comp_op:t = "equal"
				object_var_value:i = 0
				targetGnd:b = false
				accuracy:r = 0.1
				effShootingRate:r = 0
				airEffShootingRate:r = 0.1
			}
			unitSetProperties {
				object:t = "t1_def_aaa_squad"
				object:t = "t2_def_aaa_squad"
				object_marking:i = 0
				object_var_name:t = ""
				object_var_comp_op:t = "equal"
				object_var_value:i = 0
				accuracy:r = 0.6
				effShootingRate:r = 0.6
				airEffShootingRate:r = 0.6
			}
			missionMarkAsRespawnPoint {
				loc_name:t = "missions/fighters_spawn"
				spawnEffect:b = false
				isAirfield:b = false
				isUnit:b = false
				radius:r = -1
				isStrictSpawn:b = false
				useExisting:b = false
				isIndividual:b = false
				removeAreas:b = false
				canSpawnOnNeutral:b = false
				showOnMap:b = true
				onlyOnePlayerPerSpawnPoint:b = false
				resetStrictSpawnIndex:b = false
				replaceAreas:b = false
				forceCreate:b = false
				ignoreTeamsOnReuse:b = false
				target:t = "t1_fighters_spawn"
				team:t = "A"
				offset:p3 = 0, 0, 0
				tags {
					type_bomber:b = false
					tank:b = false
				}
			}
			missionMarkAsRespawnPoint {
				loc_name:t = "missions/bombers_spawn"
				spawnEffect:b = false
				isAirfield:b = false
				isUnit:b = false
				radius:r = -1
				isStrictSpawn:b = false
				useExisting:b = false
				isIndividual:b = false
				removeAreas:b = false
				canSpawnOnNeutral:b = false
				showOnMap:b = true
				onlyOnePlayerPerSpawnPoint:b = false
				resetStrictSpawnIndex:b = false
				replaceAreas:b = false
				forceCreate:b = false
				ignoreTeamsOnReuse:b = false
				target:t = "t1_bombers_spawn"
				team:t = "A"
				offset:p3 = 0, 0, 0
				tags {
					type_bomber:b = true
					tank:b = false
				}
			}
			missionMarkAsRespawnPoint {
				loc_name:t = "missions/fighters_spawn"
				spawnEffect:b = false
				isAirfield:b = false
				isUnit:b = false
				radius:r = -1
				isStrictSpawn:b = false
				useExisting:b = false
				isIndividual:b = false
				removeAreas:b = false
				canSpawnOnNeutral:b = false
				showOnMap:b = true
				onlyOnePlayerPerSpawnPoint:b = false
				resetStrictSpawnIndex:b = false
				replaceAreas:b = false
				forceCreate:b = false
				ignoreTeamsOnReuse:b = false
				target:t = "t2_fighters_spawn"
				team:t = "B"
				offset:p3 = 0, 0, 0
				tags {
					type_bomber:b = false
					tank:b = false
				}
			}
			missionMarkAsRespawnPoint {
				loc_name:t = "missions/bombers_spawn"
				spawnEffect:b = false
				isAirfield:b = false
				isUnit:b = false
				radius:r = -1
				isStrictSpawn:b = false
				useExisting:b = false
				isIndividual:b = false
				removeAreas:b = false
				canSpawnOnNeutral:b = false
				showOnMap:b = true
				onlyOnePlayerPerSpawnPoint:b = false
				resetStrictSpawnIndex:b = false
				replaceAreas:b = false
				forceCreate:b = false
				ignoreTeamsOnReuse:b = false
				target:t = "t2_bombers_spawn"
				team:t = "B"
				offset:p3 = 0, 0, 0
				tags {
					type_bomber:b = true
					tank:b = false
				}
			}
			missionMarkAsRespawnPoint {
				loc_name:t = "missions/airfield_spawn"
				spawnEffect:b = false
				isAirfield:b = true
				isUnit:b = false
				radius:r = -1
				isStrictSpawn:b = false
				useExisting:b = false
				destructionAwardMultiplier:r = 1
				isIndividual:b = false
				removeAreas:b = false
				canSpawnOnNeutral:b = false
				showOnMap:b = true
				onlyOnePlayerPerSpawnPoint:b = false
				resetStrictSpawnIndex:b = false
				replaceAreas:b = false
				forceCreate:b = false
				ignoreTeamsOnReuse:b = false
				target:t = "t1_airfield"
				team:t = "A"
				offset:p3 = 0, 0, 0
				tags {
					type_hydroplane:b = false
					tank:b = false
				}
			}
			missionMarkAsRespawnPoint {
				loc_name:t = "missions/airfield_spawn"
				spawnEffect:b = false
				isAirfield:b = true
				isUnit:b = false
				radius:r = -1
				isStrictSpawn:b = false
				useExisting:b = false
				destructionAwardMultiplier:r = 1
				isIndividual:b = false
				removeAreas:b = false
				canSpawnOnNeutral:b = false
				showOnMap:b = true
				onlyOnePlayerPerSpawnPoint:b = false
				resetStrictSpawnIndex:b = false
				replaceAreas:b = false
				forceCreate:b = false
				ignoreTeamsOnReuse:b = false
				target:t = "t2_airfield"
				team:t = "B"
				offset:p3 = 0, 0, 0
				tags {
					type_hydroplane:b = false
					tank:b = false
				}
			}
			unitSetProperties {
				object:t = "t1_movable_units_squad"
				object:t = "t2_movable_units_squad"
				object_marking:i = 0
				object_var_name:t = ""
				object_var_comp_op:t = "equal"
				object_var_value:i = 0
				minDistBetween:r = 50
			}
		}
		else_actions {

		}
	}
	update_indicators {
		is_enabled:b = true
		comments:t = ""
		props {
			actionsType:t = "PERFORM_ONE_BY_ONE"
			conditionsType:t = "ALL"
			enableAfterComplete:b = true
		}
		events {
			periodicEvent {
				time:r = 1
			}
		}
		conditions {

		}
		actions {
			missionSetTargetsIndicator {
				target_type:t = "isAlive"
				target_marking:i = 0
				delta:i = 0
				icon:t = "tank"
				"icon army":i = 1
				set:b = true
				object_var_name:t = ""
				object_var_comp_op:t = "equal"
				object_var_value:i = 0
				target:t = "t1_quest_units_squad"
			}
			missionSetTargetsIndicator {
				target_type:t = "isAlive"
				target_marking:i = 0
				delta:i = 0
				icon:t = "tank"
				"icon army":i = 2
				set:b = true
				object_var_name:t = ""
				object_var_comp_op:t = "equal"
				object_var_value:i = 0
				target:t = "t2_quest_units_squad"
			}
		}
		else_actions {

		}
	}
	ships_stop {
		is_enabled:b = true
		comments:t = ""
		props {
			actionsType:t = "PERFORM_ONE_BY_ONE"
			conditionsType:t = "ALL"
			enableAfterComplete:b = false
		}
		events {
			periodicEvent {
				time:r = 1
			}
		}
		conditions {
			unitDistanceBetween {
				value:r = 1500
				math:t = "2D"
				object_type:t = "isAlive"
				object_marking:i = 0
				target_type:t = "isAlive"
				target_marking:i = 0
				check_objects:t = "any"
				check_targets:t = "any"
				object_var_name:t = ""
				object_var_comp_op:t = "equal"
				object:t = "t1_ships_squad"
				target:t = "t2_ships_squad"
				object_var_value:i = 0
			}
		}
		actions {
			unitSetProperties {
				object:t = "t1_ships_squad"
				object:t = "t2_ships_squad"
				object_marking:i = 0
				object_var_name:t = ""
				object_var_comp_op:t = "equal"
				object_var_value:i = 0
				speed:r = 0
				lockSpeed:b = true
			}
			triggerEnable {
				target:t = "ships_go"
			}
		}
		else_actions {

		}
	}
	ships_go {
		is_enabled:b = false
		comments:t = ""
		props {
			actionsType:t = "PERFORM_ONE_BY_ONE"
			conditionsType:t = "ALL"
			enableAfterComplete:b = false
		}
		events {
			periodicEvent {
				time:r = 20
			}
		}
		conditions {
			unitDistanceBetween {
				value:r = 1500
				math:t = "notNear2D"
				object_type:t = "isAlive"
				object_marking:i = 0
				target_type:t = "isAlive"
				target_marking:i = 0
				check_objects:t = "all"
				check_targets:t = "all"
				object_var_name:t = ""
				object_var_comp_op:t = "equal"
				object:t = "t1_ships_squad"
				target:t = "t2_ships_squad"
				object_var_value:i = 0
			}
		}
		actions {
			unitSetProperties {
				object:t = "t1_ships_squad"
				object:t = "t2_ships_squad"
				object_marking:i = 0
				object_var_name:t = ""
				object_var_comp_op:t = "equal"
				object_var_value:i = 0
				speed:r = 35
				lockSpeed:b = true
			}
			triggerEnable {
				target:t = "ships_stop"
			}
		}
		else_actions {

		}
	}
}
mission_objectives {
	isCategory:b = true
	is_enabled:b = true
}
variables {

}
dialogs {

}
airfields {

}
effects {

}
units {
	objectGroups {
		name:t = "t1_trench_01"
		tm:m = [[-0.449621, 0.0220051, -0.892947] [0.0488431, 0.998805, 2.01932e-5] [0.891882, -0.0436053, -0.450159] [5383.9, 4.00003, 26049.6]]
		unit_class:t = "dynTrench_small_bunker_axis"
		props {
			army:i = 0
			active:b = true
		}
	}
	objectGroups {
		name:t = "t1_trench_02"
		tm:m = [[-0.21644, 0.0, -0.976296] [0.0, 1.0, 0.0] [0.976296, 0.0, -0.21644] [5218.25, 12.1, 25502.8]]
		unit_class:t = "dynTrench_small_bunker_axis"
		props {
			army:i = 0
			active:b = true
		}
	}
	objectGroups {
		name:t = "t1_trench_03"
		tm:m = [[0.173646, 0.024061, -0.984514] [1.22753e-8, 0.999701, 0.0244322] [0.984808, -0.00424255, 0.173594] [5326.55, 12.4001, 25150.3]]
		unit_class:t = "dynTrench_small_bunker_axis"
		props {
			army:i = 0
			active:b = true
		}
	}
	objectGroups {
		name:t = "t1_trench_04"
		tm:m = [[-0.0871557, 0.0, -0.996195] [0.0, 1.0, 0.0] [0.996195, 0.0, -0.0871557] [5530.8, 15.55, 24884.7]]
		unit_class:t = "dynTrench_small_bunker_axis"
		props {
			army:i = 0
			active:b = true
		}
	}
	objectGroups {
		name:t = "t1_trench_05"
		tm:m = [[-0.34161, 0.0292248, -0.939387] [0.0279201, 0.99939, 0.0209383] [0.939427, -0.019075, -0.342218] [5259.5, 18.4002, 24543.2]]
		unit_class:t = "dynTrench_small_bunker_axis"
		props {
			army:i = 0
			active:b = true
		}
	}
	objectGroups {
		name:t = "t1_trench_06"
		tm:m = [[-0.737277, 0.0, -0.67559] [0.0, 1.0, 0.0] [0.67559, 0.0, -0.737277] [5082.7, 20.1, 24248.5]]
		unit_class:t = "dynTrench_small_bunker_axis"
		props {
			army:i = 0
			active:b = true
		}
	}
	objectGroups {
		name:t = "t1_trench_07"
		tm:m = [[0.5, 0.0, -0.866025] [0.0, 1.0, 0.0] [0.866025, 0.0, 0.5] [3272.05, 27.55, 24969.1]]
		unit_class:t = "dynTrench_small_bunker_axis"
		props {
			army:i = 0
			active:b = true
		}
	}
	objectGroups {
		name:t = "t1_trench_08"
		tm:m = [[0.5, 0.0, -0.866025] [0.0, 1.0, 0.0] [0.866025, 0.0, 0.5] [2453.5, 6.34993, 25163.2]]
		unit_class:t = "dynTrench_small_bunker_axis"
		props {
			army:i = 0
			active:b = true
		}
	}
	objectGroups {
		name:t = "t1_trench_09"
		tm:m = [[0.5, 0.0, -0.866025] [0.0, 1.0, 0.0] [0.866025, 0.0, 0.5] [2535.9, 14.5469, 24529.7]]
		unit_class:t = "dynTrench_small_bunker_axis"
		props {
			army:i = 0
			active:b = true
		}
	}
	objectGroups {
		name:t = "t1_trench_10"
		tm:m = [[0.5, 0.0754791, -0.86273] [0.0, 0.996195, 0.0871557] [0.866025, -0.0435779, 0.498097] [1691.15, 30.088, 23989.2]]
		unit_class:t = "dynTrench_small_bunker_axis"
		props {
			army:i = 0
			active:b = true
		}
	}
	objectGroups {
		name:t = "t2_trench_01"
		tm:m = [[0.382683, 0.0, 0.92388] [0.0, 1.0, 0.0] [-0.92388, 0.0, 0.382683] [6732.2, 22.65, 25869.9]]
		unit_class:t = "dynTrench_small_bunker_axis"
		props {
			army:i = 0
			active:b = true
		}
	}
	objectGroups {
		name:t = "t2_trench_02"
		tm:m = [[-1.49012e-7, 0.0, 1.0] [0.0, 1.0, 0.0] [-1.0, 0.0, -1.49012e-7] [6550.35, 17.7, 25365.3]]
		unit_class:t = "dynTrench_small_bunker_axis"
		props {
			army:i = 0
			active:b = true
		}
	}
	objectGroups {
		name:t = "t2_trench_03"
		tm:m = [[0.0191972, 0.00697998, 0.999792] [1.45641e-9, 0.999976, -0.00698126] [-0.999816, 0.000134022, 0.0191968] [6752.55, 12.45, 25167.0]]
		unit_class:t = "dynTrench_small_bunker_axis"
		props {
			army:i = 0
			active:b = true
		}
	}
	objectGroups {
		name:t = "t2_trench_04"
		tm:m = [[-0.000210603, -0.00349338, 0.999993] [-0.0209414, 0.999773, 0.00348819] [-0.99978, -0.0209405, -0.000283712] [6768.5, 11.05, 24841.5]]
		unit_class:t = "dynTrench_small_bunker_axis"
		props {
			army:i = 0
			active:b = true
		}
	}
	objectGroups {
		name:t = "t2_trench_05"
		tm:m = [[0.258819, 0.0, 0.965926] [0.0, 1.0, 0.0] [-0.965926, 0.0, 0.258819] [6900.05, 16.6, 24532.7]]
		unit_class:t = "dynTrench_small_bunker_axis"
		props {
			army:i = 0
			active:b = true
		}
	}
	objectGroups {
		name:t = "t2_trench_06"
		tm:m = [[-0.21644, 0.0, 0.976296] [0.0, 1.0, 0.0] [-0.976296, 0.0, -0.21644] [6509.35, 21.4, 24173.7]]
		unit_class:t = "dynTrench_small_bunker_axis"
		props {
			army:i = 0
			active:b = true
		}
	}
	objectGroups {
		name:t = "t2_trench_07"
		tm:m = [[-0.21644, 0.0, 0.976296] [0.0, 1.0, 0.0] [-0.976296, 0.0, -0.21644] [8577.85, 24.6516, 25878.9]]
		unit_class:t = "dynTrench_small_bunker_axis"
		props {
			army:i = 0
			active:b = true
		}
	}
	objectGroups {
		name:t = "t2_trench_08"
		tm:m = [[-0.461749, 0.0, 0.887011] [0.0, 1.0, 0.0] [-0.887011, 0.0, -0.461749] [9261.25, 9.92919, 26189.3]]
		unit_class:t = "dynTrench_small_bunker_axis"
		props {
			army:i = 0
			active:b = true
		}
	}
	objectGroups {
		name:t = "t2_trench_09"
		tm:m = [[0.0871556, 0.0, 0.996195] [0.0, 1.0, 0.0] [-0.996195, 0.0, 0.0871556] [9478.55, 17.4661, 25626.1]]
		unit_class:t = "dynTrench_small_bunker_axis"
		props {
			army:i = 0
			active:b = true
		}
	}
	objectGroups {
		name:t = "t2_trench_10"
		tm:m = [[-0.0871559, 0.0, 0.996195] [0.0, 1.0, 0.0] [-0.996195, 0.0, -0.0871559] [10555.3, 55.8105, 25463.4]]
		unit_class:t = "dynTrench_small_bunker_axis"
		props {
			army:i = 0
			active:b = true
		}
	}
	objectGroups {
		name:t = "t1_airfield"
		tm:m = [[-1.3, 0.0, 0.0] [0.0, 1.3, 0.0] [0.0, 0.0, -1.3] [-1386.15, 6.50513, 22108.0]]
		unit_class:t = "dynAF_britain_ally"
		props {
			army:i = 1
			active:b = true
		}
	}
	objectGroups {
		name:t = "t2_airfield"
		tm:m = [[1.3, 0.0, -1.1365e-7] [0.0, 1.3, 0.0] [1.1365e-7, 0.0, 1.3] [12240.5, 50.4984, 24889.3]]
		unit_class:t = "dynAF_britain_ally"
		props {
			army:i = 2
			active:b = true
		}
	}
	armada {
		name:t = "t1_player01"
		tm:m = [[1.0, 0.0, 0.0] [0.0, 1.0, 0.0] [0.0, 0.0, 1.0] [4854.45, 1399.0, 26176.9]]
		unit_class:t = "yak-3"
		closed_waypoints:b = false
		isShipSpline:b = false
		shipTurnRadius:r = 100
		weapons:t = ""
		bullets0:t = ""
		bullets1:t = ""
		bullets2:t = ""
		bullets3:t = ""
		bulletsCount0:i = 0
		bulletsCount1:i = 0
		bulletsCount2:i = 0
		bulletsCount3:i = 0
		crewSkillK:r = 0
		applyAllMods:b = false
		props {
			army:i = 2
			count:i = 1
			free_distance:r = 70
			floating_distance:r = 50
			minimum_distance_to_earth:r = 20
			altLimit:r = 6000
			attack_type:t = "fire_at_will"
			skill:i = 4
			plane {
				wing_formation:t = "Diamond"
				row_distances:r = 3
				col_distances:r = 3
				super_formation:t = "Diamond"
				super_row_distances:r = 1.5
				super_col_distances:r = 1.5
				ai_skill:t = "NORMAL"
				task:t = "FLY_WAYPOINT"
			}
		}
		way {

		}
	}
	air_defence {
		name:t = "t1_big_aaa_01"
		tm:m = [[1.0, 0.0, 0.0] [0.0, 1.0, 0.0] [0.0, 0.0, 1.0] [1655.6, 45.2, 23956.8]]
		unit_class:t = "germ_88mm_flak36_noground"
		closed_waypoints:b = false
		isShipSpline:b = false
		shipTurnRadius:r = 100
		weapons:t = ""
		bullets0:t = ""
		bullets1:t = ""
		bullets2:t = ""
		bullets3:t = ""
		bulletsCount0:i = 0
		bulletsCount1:i = 0
		bulletsCount2:i = 0
		bulletsCount3:i = 0
		crewSkillK:r = 0
		applyAllMods:b = false
		props {
			army:i = 1
			count:i = 1
			formation_type:t = "rows"
			formation_div:i = 3
			formation_step:p2 = 2.5, 2
			formation_noise:p2 = 0.1, 0.1
			uniqueName:t = ""
			attack_type:t = "fire_at_will"
		}
		way {

		}
	}
	air_defence {
		name:t = "t1_big_aaa_02"
		tm:m = [[1.0, 0.0, 0.0] [0.0, 1.0, 0.0] [0.0, 0.0, 1.0] [2416.95, 49.0, 25130.8]]
		unit_class:t = "germ_88mm_flak36_noground"
		closed_waypoints:b = false
		isShipSpline:b = false
		shipTurnRadius:r = 100
		weapons:t = ""
		bullets0:t = ""
		bullets1:t = ""
		bullets2:t = ""
		bullets3:t = ""
		bulletsCount0:i = 0
		bulletsCount1:i = 0
		bulletsCount2:i = 0
		bulletsCount3:i = 0
		crewSkillK:r = 0
		applyAllMods:b = false
		props {
			army:i = 1
			count:i = 1
			formation_type:t = "rows"
			formation_div:i = 3
			formation_step:p2 = 2.5, 2
			formation_noise:p2 = 0.1, 0.1
			uniqueName:t = ""
			attack_type:t = "fire_at_will"
		}
		way {

		}
	}
	air_defence {
		name:t = "t1_big_aaa_03"
		tm:m = [[1.0, 0.0, 0.0] [0.0, 1.0, 0.0] [0.0, 0.0, 1.0] [2499.35, 45.8, 24497.3]]
		unit_class:t = "germ_88mm_flak36_noground"
		closed_waypoints:b = false
		isShipSpline:b = false
		shipTurnRadius:r = 100
		weapons:t = ""
		bullets0:t = ""
		bullets1:t = ""
		bullets2:t = ""
		bullets3:t = ""
		bulletsCount0:i = 0
		bulletsCount1:i = 0
		bulletsCount2:i = 0
		bulletsCount3:i = 0
		crewSkillK:r = 0
		applyAllMods:b = false
		props {
			army:i = 1
			count:i = 1
			formation_type:t = "rows"
			formation_div:i = 3
			formation_step:p2 = 2.5, 2
			formation_noise:p2 = 0.1, 0.1
			uniqueName:t = ""
			attack_type:t = "fire_at_will"
		}
		way {

		}
	}
	air_defence {
		name:t = "t1_big_aaa_04"
		tm:m = [[0.766044, 0.0, 0.642788] [0.0, 1.0, 0.0] [-0.642788, 0.0, 0.766044] [3235.8, 41.5639, 24936.2]]
		unit_class:t = "germ_88mm_flak36_noground"
		closed_waypoints:b = false
		isShipSpline:b = false
		shipTurnRadius:r = 100
		weapons:t = ""
		bullets0:t = ""
		bullets1:t = ""
		bullets2:t = ""
		bullets3:t = ""
		bulletsCount0:i = 0
		bulletsCount1:i = 0
		bulletsCount2:i = 0
		bulletsCount3:i = 0
		crewSkillK:r = 0
		applyAllMods:b = false
		props {
			army:i = 1
			count:i = 1
			formation_type:t = "rows"
			formation_div:i = 3
			formation_step:p2 = 2.5, 2
			formation_noise:p2 = 0.1, 0.1
			uniqueName:t = ""
			attack_type:t = "fire_at_will"
		}
		way {

		}
	}
	air_defence {
		name:t = "t1_small_aaa_01"
		tm:m = [[0.819152, 0.0, 0.573577] [0.0, 1.0, 0.0] [-0.573577, 0.0, 0.819152] [5337.11, 24.3, 26062.6]]
		unit_class:t = "germ_37mm_flak43_noground"
		closed_waypoints:b = false
		isShipSpline:b = false
		shipTurnRadius:r = 100
		weapons:t = ""
		bullets0:t = ""
		bullets1:t = ""
		bullets2:t = ""
		bullets3:t = ""
		bulletsCount0:i = 0
		bulletsCount1:i = 0
		bulletsCount2:i = 0
		bulletsCount3:i = 0
		crewSkillK:r = 0
		applyAllMods:b = false
		props {
			army:i = 1
			count:i = 1
			formation_type:t = "rows"
			formation_div:i = 3
			formation_step:p2 = 2.5, 2
			formation_noise:p2 = 0.1, 0.1
			uniqueName:t = ""
			attack_type:t = "fire_at_will"
		}
		way {

		}
	}
	air_defence {
		name:t = "t1_small_aaa_02"
		tm:m = [[0.766044, 0.0, 0.642788] [0.0, 1.0, 0.0] [-0.642788, 0.0, 0.766044] [5169.4, 32.35, 25502.8]]
		unit_class:t = "germ_37mm_flak43_noground"
		closed_waypoints:b = false
		isShipSpline:b = false
		shipTurnRadius:r = 100
		weapons:t = ""
		bullets0:t = ""
		bullets1:t = ""
		bullets2:t = ""
		bullets3:t = ""
		bulletsCount0:i = 0
		bulletsCount1:i = 0
		bulletsCount2:i = 0
		bulletsCount3:i = 0
		crewSkillK:r = 0
		applyAllMods:b = false
		props {
			army:i = 1
			count:i = 1
			formation_type:t = "rows"
			formation_div:i = 3
			formation_step:p2 = 2.5, 2
			formation_noise:p2 = 0.1, 0.1
			uniqueName:t = ""
			attack_type:t = "fire_at_will"
		}
		way {

		}
	}
	air_defence {
		name:t = "t1_small_aaa_03"
		tm:m = [[0.766044, 0.0, 0.642788] [0.0, 1.0, 0.0] [-0.642788, 0.0, 0.766044] [5282.15, 28.05, 25131.9]]
		unit_class:t = "germ_37mm_flak43_noground"
		closed_waypoints:b = false
		isShipSpline:b = false
		shipTurnRadius:r = 100
		weapons:t = ""
		bullets0:t = ""
		bullets1:t = ""
		bullets2:t = ""
		bullets3:t = ""
		bulletsCount0:i = 0
		bulletsCount1:i = 0
		bulletsCount2:i = 0
		bulletsCount3:i = 0
		crewSkillK:r = 0
		applyAllMods:b = false
		props {
			army:i = 1
			count:i = 1
			formation_type:t = "rows"
			formation_div:i = 3
			formation_step:p2 = 2.5, 2
			formation_noise:p2 = 0.1, 0.1
			uniqueName:t = ""
			attack_type:t = "fire_at_will"
		}
		way {

		}
	}
	air_defence {
		name:t = "t1_small_aaa_04"
		tm:m = [[0.766044, 0.0, 0.642788] [0.0, 1.0, 0.0] [-0.642788, 0.0, 0.766044] [5482.7, 32.587, 24878.6]]
		unit_class:t = "germ_37mm_flak43_noground"
		closed_waypoints:b = false
		isShipSpline:b = false
		shipTurnRadius:r = 100
		weapons:t = ""
		bullets0:t = ""
		bullets1:t = ""
		bullets2:t = ""
		bullets3:t = ""
		bulletsCount0:i = 0
		bulletsCount1:i = 0
		bulletsCount2:i = 0
		bulletsCount3:i = 0
		crewSkillK:r = 0
		applyAllMods:b = false
		props {
			army:i = 1
			count:i = 1
			formation_type:t = "rows"
			formation_div:i = 3
			formation_step:p2 = 2.5, 2
			formation_noise:p2 = 0.1, 0.1
			uniqueName:t = ""
			attack_type:t = "fire_at_will"
		}
		way {

		}
	}
	air_defence {
		name:t = "t1_small_aaa_05"
		tm:m = [[0.766044, 0.0, 0.642788] [0.0, 1.0, 0.0] [-0.642788, 0.0, 0.766044] [5211.8, 31.1857, 24549.6]]
		unit_class:t = "germ_37mm_flak43_noground"
		closed_waypoints:b = false
		isShipSpline:b = false
		shipTurnRadius:r = 100
		weapons:t = ""
		bullets0:t = ""
		bullets1:t = ""
		bullets2:t = ""
		bullets3:t = ""
		bulletsCount0:i = 0
		bulletsCount1:i = 0
		bulletsCount2:i = 0
		bulletsCount3:i = 0
		crewSkillK:r = 0
		applyAllMods:b = false
		props {
			army:i = 1
			count:i = 1
			formation_type:t = "rows"
			formation_div:i = 3
			formation_step:p2 = 2.5, 2
			formation_noise:p2 = 0.1, 0.1
			uniqueName:t = ""
			attack_type:t = "fire_at_will"
		}
		way {

		}
	}
	air_defence {
		name:t = "t1_small_aaa_06"
		tm:m = [[0.92388, 0.0, -0.382683] [0.0, 1.0, 0.0] [0.382683, 0.0, 0.92388] [5043.25, 35.9102, 24276.4]]
		unit_class:t = "germ_37mm_flak43_noground"
		closed_waypoints:b = false
		isShipSpline:b = false
		shipTurnRadius:r = 100
		weapons:t = ""
		bullets0:t = ""
		bullets1:t = ""
		bullets2:t = ""
		bullets3:t = ""
		bulletsCount0:i = 0
		bulletsCount1:i = 0
		bulletsCount2:i = 0
		bulletsCount3:i = 0
		crewSkillK:r = 0
		applyAllMods:b = false
		props {
			army:i = 1
			count:i = 1
			formation_type:t = "rows"
			formation_div:i = 3
			formation_step:p2 = 2.5, 2
			formation_noise:p2 = 0.1, 0.1
			uniqueName:t = ""
			attack_type:t = "fire_at_will"
		}
		way {

		}
	}
	squad {
		name:t = "t1_aaa_squad"
		tm:m = [[1.0, 0.0, 0.0] [0.0, 1.0, 0.0] [0.0, 0.0, 1.0] [4161.05, 29.85, 23529.4]]
		props {
			squad_members:t = "t1_big_aaa_01"
			squad_members:t = "t1_big_aaa_02"
			squad_members:t = "t1_big_aaa_03"
			squad_members:t = "t1_big_aaa_04"
			squad_members:t = "t1_small_aaa_01"
			squad_members:t = "t1_small_aaa_02"
			squad_members:t = "t1_small_aaa_03"
			squad_members:t = "t1_small_aaa_04"
			squad_members:t = "t1_small_aaa_05"
			squad_members:t = "t1_small_aaa_06"
		}
	}
	air_defence {
		name:t = "t2_big_aaa_01"
		tm:m = [[-0.906308, 0.0, -0.422618] [0.0, 1.0, 0.0] [0.422618, 0.0, -0.906308] [10601.7, 69.7, 25477.6]]
		unit_class:t = "germ_88mm_flak36_noground"
		closed_waypoints:b = false
		isShipSpline:b = false
		shipTurnRadius:r = 100
		weapons:t = ""
		bullets0:t = ""
		bullets1:t = ""
		bullets2:t = ""
		bullets3:t = ""
		bulletsCount0:i = 0
		bulletsCount1:i = 0
		bulletsCount2:i = 0
		bulletsCount3:i = 0
		crewSkillK:r = 0
		applyAllMods:b = false
		props {
			army:i = 2
			count:i = 1
			formation_type:t = "rows"
			formation_div:i = 3
			formation_step:p2 = 2.5, 2
			formation_noise:p2 = 0.1, 0.1
			uniqueName:t = ""
			attack_type:t = "fire_at_will"
		}
		way {

		}
	}
	air_defence {
		name:t = "t2_big_aaa_02"
		tm:m = [[-0.906308, 0.0, -0.422618] [0.0, 1.0, 0.0] [0.422618, 0.0, -0.906308] [9526.7, 58.4, 25632.5]]
		unit_class:t = "germ_88mm_flak36_noground"
		closed_waypoints:b = false
		isShipSpline:b = false
		shipTurnRadius:r = 100
		weapons:t = ""
		bullets0:t = ""
		bullets1:t = ""
		bullets2:t = ""
		bullets3:t = ""
		bulletsCount0:i = 0
		bulletsCount1:i = 0
		bulletsCount2:i = 0
		bulletsCount3:i = 0
		crewSkillK:r = 0
		applyAllMods:b = false
		props {
			army:i = 2
			count:i = 1
			formation_type:t = "rows"
			formation_div:i = 3
			formation_step:p2 = 2.5, 2
			formation_noise:p2 = 0.1, 0.1
			uniqueName:t = ""
			attack_type:t = "fire_at_will"
		}
		way {

		}
	}
	air_defence {
		name:t = "t2_big_aaa_03"
		tm:m = [[-0.906308, 0.0, -0.422618] [0.0, 1.0, 0.0] [0.422618, 0.0, -0.906308] [9298.95, 28.95, 26220.3]]
		unit_class:t = "germ_88mm_flak36_noground"
		closed_waypoints:b = false
		isShipSpline:b = false
		shipTurnRadius:r = 100
		weapons:t = ""
		bullets0:t = ""
		bullets1:t = ""
		bullets2:t = ""
		bullets3:t = ""
		bulletsCount0:i = 0
		bulletsCount1:i = 0
		bulletsCount2:i = 0
		bulletsCount3:i = 0
		crewSkillK:r = 0
		applyAllMods:b = false
		props {
			army:i = 2
			count:i = 1
			formation_type:t = "rows"
			formation_div:i = 3
			formation_step:p2 = 2.5, 2
			formation_noise:p2 = 0.1, 0.1
			uniqueName:t = ""
			attack_type:t = "fire_at_will"
		}
		way {

		}
	}
	air_defence {
		name:t = "t2_big_aaa_04"
		tm:m = [[-0.906308, 0.0, -0.422618] [0.0, 1.0, 0.0] [0.422618, 0.0, -0.906308] [8621.7, 38.05, 25899.3]]
		unit_class:t = "germ_88mm_flak36_noground"
		closed_waypoints:b = false
		isShipSpline:b = false
		shipTurnRadius:r = 100
		weapons:t = ""
		bullets0:t = ""
		bullets1:t = ""
		bullets2:t = ""
		bullets3:t = ""
		bulletsCount0:i = 0
		bulletsCount1:i = 0
		bulletsCount2:i = 0
		bulletsCount3:i = 0
		crewSkillK:r = 0
		applyAllMods:b = false
		props {
			army:i = 2
			count:i = 1
			formation_type:t = "rows"
			formation_div:i = 3
			formation_step:p2 = 2.5, 2
			formation_noise:p2 = 0.1, 0.1
			uniqueName:t = ""
			attack_type:t = "fire_at_will"
		}
		way {

		}
	}
	air_defence {
		name:t = "t2_small_aaa_01"
		tm:m = [[-0.906308, 0.0, -0.422618] [0.0, 1.0, 0.0] [0.422618, 0.0, -0.906308] [6779.6, 49.9872, 25861.1]]
		unit_class:t = "germ_37mm_flak43_noground"
		closed_waypoints:b = false
		isShipSpline:b = false
		shipTurnRadius:r = 100
		weapons:t = ""
		bullets0:t = ""
		bullets1:t = ""
		bullets2:t = ""
		bullets3:t = ""
		bulletsCount0:i = 0
		bulletsCount1:i = 0
		bulletsCount2:i = 0
		bulletsCount3:i = 0
		crewSkillK:r = 0
		applyAllMods:b = false
		props {
			army:i = 2
			count:i = 1
			formation_type:t = "rows"
			formation_div:i = 3
			formation_step:p2 = 2.5, 2
			formation_noise:p2 = 0.1, 0.1
			uniqueName:t = ""
			attack_type:t = "fire_at_will"
		}
		way {

		}
	}
	air_defence {
		name:t = "t2_small_aaa_02"
		tm:m = [[-0.906308, 0.0, -0.422618] [0.0, 1.0, 0.0] [0.422618, 0.0, -0.906308] [6598.05, 48.1242, 25375.3]]
		unit_class:t = "germ_37mm_flak43_noground"
		closed_waypoints:b = false
		isShipSpline:b = false
		shipTurnRadius:r = 100
		weapons:t = ""
		bullets0:t = ""
		bullets1:t = ""
		bullets2:t = ""
		bullets3:t = ""
		bulletsCount0:i = 0
		bulletsCount1:i = 0
		bulletsCount2:i = 0
		bulletsCount3:i = 0
		crewSkillK:r = 0
		applyAllMods:b = false
		props {
			army:i = 2
			count:i = 1
			formation_type:t = "rows"
			formation_div:i = 3
			formation_step:p2 = 2.5, 2
			formation_noise:p2 = 0.1, 0.1
			uniqueName:t = ""
			attack_type:t = "fire_at_will"
		}
		way {

		}
	}
	air_defence {
		name:t = "t2_small_aaa_03"
		tm:m = [[-0.843392, 0.0, -0.537299] [0.0, 1.0, 0.0] [0.537299, 0.0, -0.843392] [6800.17, 25.9926, 25174.9]]
		unit_class:t = "germ_37mm_flak43_noground"
		closed_waypoints:b = false
		isShipSpline:b = false
		shipTurnRadius:r = 100
		weapons:t = ""
		bullets0:t = ""
		bullets1:t = ""
		bullets2:t = ""
		bullets3:t = ""
		bulletsCount0:i = 0
		bulletsCount1:i = 0
		bulletsCount2:i = 0
		bulletsCount3:i = 0
		crewSkillK:r = 0
		applyAllMods:b = false
		props {
			army:i = 2
			count:i = 1
			formation_type:t = "rows"
			formation_div:i = 3
			formation_step:p2 = 2.5, 2
			formation_noise:p2 = 0.1, 0.1
			uniqueName:t = ""
			attack_type:t = "fire_at_will"
		}
		way {

		}
	}
	air_defence {
		name:t = "t2_small_aaa_04"
		tm:m = [[-0.906308, 0.0, -0.422618] [0.0, 1.0, 0.0] [0.422618, 0.0, -0.906308] [6816.5, 22.4808, 24852.0]]
		unit_class:t = "germ_37mm_flak43_noground"
		closed_waypoints:b = false
		isShipSpline:b = false
		shipTurnRadius:r = 100
		weapons:t = ""
		bullets0:t = ""
		bullets1:t = ""
		bullets2:t = ""
		bullets3:t = ""
		bulletsCount0:i = 0
		bulletsCount1:i = 0
		bulletsCount2:i = 0
		bulletsCount3:i = 0
		crewSkillK:r = 0
		applyAllMods:b = false
		props {
			army:i = 2
			count:i = 1
			formation_type:t = "rows"
			formation_div:i = 3
			formation_step:p2 = 2.5, 2
			formation_noise:p2 = 0.1, 0.1
			uniqueName:t = ""
			attack_type:t = "fire_at_will"
		}
		way {

		}
	}
	air_defence {
		name:t = "t2_small_aaa_05"
		tm:m = [[-0.906308, 0.0, -0.422618] [0.0, 1.0, 0.0] [0.422618, 0.0, -0.906308] [6948.85, 51.6222, 24531.2]]
		unit_class:t = "germ_37mm_flak43_noground"
		closed_waypoints:b = false
		isShipSpline:b = false
		shipTurnRadius:r = 100
		weapons:t = ""
		bullets0:t = ""
		bullets1:t = ""
		bullets2:t = ""
		bullets3:t = ""
		bulletsCount0:i = 0
		bulletsCount1:i = 0
		bulletsCount2:i = 0
		bulletsCount3:i = 0
		crewSkillK:r = 0
		applyAllMods:b = false
		props {
			army:i = 2
			count:i = 1
			formation_type:t = "rows"
			formation_div:i = 3
			formation_step:p2 = 2.5, 2
			formation_noise:p2 = 0.1, 0.1
			uniqueName:t = ""
			attack_type:t = "fire_at_will"
		}
		way {

		}
	}
	air_defence {
		name:t = "t2_small_aaa_06"
		tm:m = [[-0.906308, 0.0, -0.422618] [0.0, 1.0, 0.0] [0.422618, 0.0, -0.906308] [6553.85, 49.2821, 24194.5]]
		unit_class:t = "germ_37mm_flak43_noground"
		closed_waypoints:b = false
		isShipSpline:b = false
		shipTurnRadius:r = 100
		weapons:t = ""
		bullets0:t = ""
		bullets1:t = ""
		bullets2:t = ""
		bullets3:t = ""
		bulletsCount0:i = 0
		bulletsCount1:i = 0
		bulletsCount2:i = 0
		bulletsCount3:i = 0
		crewSkillK:r = 0
		applyAllMods:b = false
		props {
			army:i = 2
			count:i = 1
			formation_type:t = "rows"
			formation_div:i = 3
			formation_step:p2 = 2.5, 2
			formation_noise:p2 = 0.1, 0.1
			uniqueName:t = ""
			attack_type:t = "fire_at_will"
		}
		way {

		}
	}
	squad {
		name:t = "t2_aaa_squad"
		tm:m = [[1.0, 0.0, 0.0] [0.0, 1.0, 0.0] [0.0, 0.0, 1.0] [8192.25, 29.85, 23579.3]]
		props {
			squad_members:t = "t2_big_aaa_01"
			squad_members:t = "t2_big_aaa_02"
			squad_members:t = "t2_big_aaa_03"
			squad_members:t = "t2_big_aaa_04"
			squad_members:t = "t2_small_aaa_01"
			squad_members:t = "t2_small_aaa_02"
			squad_members:t = "t2_small_aaa_03"
			squad_members:t = "t2_small_aaa_04"
			squad_members:t = "t2_small_aaa_05"
			squad_members:t = "t2_small_aaa_06"
		}
	}
	wheeled_vehicles {
		name:t = "t1_tank_01"
		tm:m = [[0.173648, 0.0, 0.984808] [0.0, 1.0, 0.0] [-0.984808, 0.0, 0.173648] [2206.05, 9.25, 25167.1]]
		unit_class:t = "germ_sdKfz_232"
		closed_waypoints:b = false
		isShipSpline:b = false
		shipTurnRadius:r = 100
		weapons:t = ""
		bullets0:t = ""
		bullets1:t = ""
		bullets2:t = ""
		bullets3:t = ""
		bulletsCount0:i = 0
		bulletsCount1:i = 0
		bulletsCount2:i = 0
		bulletsCount3:i = 0
		crewSkillK:r = 0
		applyAllMods:b = false
		props {
			army:i = 1
			count:i = 3
			formation_type:t = "rows"
			formation_div:i = 1
			formation_step:p2 = 12, 12
			formation_noise:p2 = 0.4, 0.5
			uniqueName:t = ""
			attack_type:t = "fire_at_will"
		}
		way {
			t1_tank_01_wp_01 {
				type:t = "normal"
				tm:m = [[1.0, 0.0, 0.0] [0.0, 1.0, 0.0] [0.0, 0.0, 1.0] [2248.65, 7.3, 25353.1]]
				props {
					speed:r = 40
					moveType:t = "GATHER_TO"
					tas:b = false
					shouldKeepFormation:b = false
					canUsePathFinder:b = false
				}
			}
			t1_tank_01_wp_02 {
				type:t = "normal"
				tm:m = [[1.0, 0.0, 0.0] [0.0, 1.0, 0.0] [0.0, 0.0, 1.0] [2354.65, 8.75, 25543.5]]
				props {
					speed:r = 40
					moveType:t = "USE_SPLINES"
					tas:b = false
					shouldKeepFormation:b = false
					canUsePathFinder:b = false
				}
			}
			t1_tank_01_wp_03 {
				type:t = "normal"
				tm:m = [[1.0, 0.0, 0.0] [0.0, 1.0, 0.0] [0.0, 0.0, 1.0] [5408.25, 12.2, 25774.0]]
				props {
					speed:r = 40
					moveType:t = "USE_SPLINES"
					tas:b = false
					shouldKeepFormation:b = false
					canUsePathFinder:b = false
				}
			}
			t1_tank_01_wp_04 {
				type:t = "normal"
				tm:m = [[1.0, 0.0, 0.0] [0.0, 1.0, 0.0] [0.0, 0.0, 1.0] [5546.7, 13.6, 25712.4]]
				props {
					speed:r = 40
					moveType:t = "USE_SPLINES"
					tas:b = false
					shouldKeepFormation:b = false
					canUsePathFinder:b = false
				}
			}
			t1_tank_01_wp_05 {
				type:t = "normal"
				tm:m = [[1.0, 0.0, 0.0] [0.0, 1.0, 0.0] [0.0, 0.0, 1.0] [6309.95, 18.35, 25448.1]]
				props {
					speed:r = 35
					moveType:t = "MOVETO_STRAIGHT"
					tas:b = false
					shouldKeepFormation:b = false
					canUsePathFinder:b = false
				}
			}
			t1_tank_01_wp_06 {
				type:t = "normal"
				tm:m = [[1.0, 0.0, 0.0] [0.0, 1.0, 0.0] [0.0, 0.0, 1.0] [6886.65, 18.4, 25791.6]]
				props {
					speed:r = 35
					moveType:t = "MOVETO_STRAIGHT"
					tas:b = false
					shouldKeepFormation:b = false
					canUsePathFinder:b = false
				}
			}
			t1_tank_01_wp_07 {
				type:t = "normal"
				tm:m = [[1.0, 0.0, 0.0] [0.0, 1.0, 0.0] [0.0, 0.0, 1.0] [7265.3, 10.3, 25996.0]]
				props {
					speed:r = 35
					moveType:t = "USE_SPLINES"
					tas:b = false
					shouldKeepFormation:b = false
					canUsePathFinder:b = false
				}
			}
			t1_tank_01_wp_08 {
				type:t = "normal"
				tm:m = [[1.0, 0.0, 0.0] [0.0, 1.0, 0.0] [0.0, 0.0, 1.0] [8131.7, 23.05, 26062.2]]
				props {
					speed:r = 35
					moveType:t = "USE_SPLINES"
					tas:b = false
					shouldKeepFormation:b = false
					canUsePathFinder:b = false
				}
			}
			t1_tank_01_wp_09 {
				type:t = "normal"
				tm:m = [[1.0, 0.0, 0.0] [0.0, 1.0, 0.0] [0.0, 0.0, 1.0] [9567.6, 14.9, 26413.5]]
				props {
					speed:r = 35
					moveType:t = "USE_SPLINES"
					tas:b = false
