selected_tag:t = ""
bin_dump_file:t = ""
mission_settings {
	player {
		army:i = 1
		wing:t = "t1_player01"
		wing:t = "t1_player02"
		wing:t = "t1_player03"
		wing:t = "t1_player04"
		wing:t = "t1_player05"
		wing:t = "t1_player06"
		wing:t = "t1_player07"
		wing:t = "t1_player08"
		wing:t = "t1_player09"
		wing:t = "t1_player10"
		wing:t = "t1_player11"
		wing:t = "t1_player12"
		wing:t = "t1_player13"
		wing:t = "t1_player14"
		wing:t = "t1_player15"
		wing:t = "t1_player16"
	}
	player_teamB {
		army:i = 2
		wing:t = "t2_player01"
		wing:t = "t2_player02"
		wing:t = "t2_player03"
		wing:t = "t2_player04"
		wing:t = "t2_player05"
		wing:t = "t2_player06"
		wing:t = "t2_player07"
		wing:t = "t2_player08"
		wing:t = "t2_player09"
		wing:t = "t2_player10"
		wing:t = "t2_player11"
		wing:t = "t2_player12"
		wing:t = "t2_player13"
		wing:t = "t2_player14"
		wing:t = "t2_player15"
		wing:t = "t2_player16"
		wing:t = "t2_player17"
	}
	mission {
		level:t = "levels/stalingrad.bin"
		type:t = "domination"
		environment:t = "Day"
		weather:t = "hazy"
		locName:t = "missions/_GS/medium_tank;location/stalingrad"
		locDesc:t = "missions/_GS/desc"
		scoreLimit:i = 6800
		timeLimit:i = 25
		deathPenaltyMul:r = 0
		allowEmptyTeams:b = false
		country_axis:t = "germany"
		country_allies:t = "ussr"
		restoreType:t = "attempts"
		optionalTakeOff:b = false
		allowedUnitTypes {
			isAirplanesAllowed:b = true
			isTanksAllowed:b = false
			isShipsAllowed:b = false
			isHelicoptersAllowed:b = false
		}
	}
	atmosphere {
		pressure:r = 760
		temperature:r = 20
	}
	spectator_points {

	}
	briefing {
		place_loc:t = ""
		date_loc:t = ""
		objective_loc:t = ""
		music:t = "action_01"
		part {
			event:t = ""
			minTime:i = 0
			slide {
				map:b = true
				minTime:i = 4
				picture:t = ""
				showAirMap:b = false
				arrow {
					width:i = 1
					side:t = "enemy"
					point:t = "t1_briefing_atk_02"
					point:t = "t1_briefing_arrows_point"
				}
				arrow {
					width:i = 1
					side:t = "enemy"
					point:t = "t1_briefing_atk_03"
					point:t = "t1_briefing_arrows_point"
					point:t = "t1_briefing_arrows_point"
				}
				icon {
					icontype:t = "fighter"
					side:t = "ally"
					target:t = "t1_bombers_spawn"
					lookAt:t = "area_01"
				}
				icon {
					icontype:t = "fighter"
					side:t = "enemy"
					target:t = "t2_bombers_spawn"
					lookAt:t = "area_01"
				}
				icon {
					icontype:t = "artillery"
					side:t = "ally"
					target:t = "t1_briefing_def_01"
				}
				icon {
					icontype:t = "artillery"
					side:t = "ally"
					target:t = "t1_briefing_def_02"
				}
				icon {
					icontype:t = "artillery"
					side:t = "ally"
					target:t = "t1_briefing_def_03"
				}
				icon {
					icontype:t = "tank"
					side:t = "enemy"
					target:t = "t1_briefing_atk_02"
				}
				icon {
					icontype:t = "tank"
					side:t = "enemy"
					target:t = "t1_briefing_atk_03"
				}
			}
		}
	}
}
imports {
	import_record {
		file:t = "gameData/missions/templates/land_units_move_template.blk"
		importAreas:b = true
		importUnits:b = true
		importTriggers:b = true
		importMissionObjectives:b = true
		importWayPoints:b = true
		showAreas:b = true
		showUnits:b = true
		showTriggers:b = true
		showMissionObjectives:b = true
		showWayPoints:b = true
		excludes {

		}
	}
	import_record {
		file:t = "gameData/missions/templates/land_units_death_template.blk"
		importAreas:b = true
		importUnits:b = true
		importTriggers:b = true
		importMissionObjectives:b = true
		importWayPoints:b = true
		showAreas:b = true
		showUnits:b = true
		showTriggers:b = true
		showMissionObjectives:b = true
		showWayPoints:b = true
		excludes {

		}
	}
	import_record {
		file:t = "gameData/missions/bridges/stalingrad_bridges_without_airfield.blk"
		importAreas:b = true
		importUnits:b = true
		importTriggers:b = true
		importMissionObjectives:b = true
		importWayPoints:b = true
		showAreas:b = true
		showUnits:b = true
		showTriggers:b = true
		showMissionObjectives:b = true
		showWayPoints:b = true
		excludes {

		}
	}
	import_record {
		file:t = "gameData/missions/templates/base_logic_template.blk"
		importAreas:b = true
		importUnits:b = true
		importTriggers:b = true
		importMissionObjectives:b = true
		importWayPoints:b = true
		showAreas:b = true
		showUnits:b = true
		showTriggers:b = true
		showMissionObjectives:b = true
		showWayPoints:b = true
		excludes {

		}
	}
	import_record {
		file:t = "gameData/missions/templates/air_templates/aat_aaa_template.blk"
		importAreas:b = true
		importUnits:b = true
		importTriggers:b = true
		importMissionObjectives:b = true
		importWayPoints:b = true
		showAreas:b = true
		showUnits:b = true
		showTriggers:b = true
		showMissionObjectives:b = true
		showWayPoints:b = true
		excludes {

		}
	}
}
triggers {
	isCategory:b = true
	is_enabled:b = true
	start_mission {
		is_enabled:b = true
		comments:t = ""
		props {
			actionsType:t = "PERFORM_ONE_BY_ONE"
			conditionsType:t = "ALL"
			enableAfterComplete:b = false
		}
		events {
			initMission {
				area:t = "clean_zone_01"
				area:t = "clean_zone_02"
				area:t = "clean_zone_03"
				area:t = "clean_zone_04"
				area:t = "clean_zone_05"
				target_type:t = "ALL"
			}
		}
		conditions {

		}
		actions {
			comment {
				value:t = "zadaem nachal'nuyu skorost' unichtozheniya nazemki"
			}
			varSetReal {
				value:r = 1200
				var:t = "arcade_destroy_timer"
				var:t = "historical_destroy_timer"
			}
			comment {
				value:t = "zadaem znacheniya dlya predotvrashcheniya dlinnyh sessij"
			}
			varSetInt {
				value:i = 390
				var:t = "long_time_is"
			}
			varSetInt {
				value:i = 540
				var:t = "long_time_arcade_timer"
			}
			varSetInt {
				value:i = 32000
				var:t = "long_time_arcade_distance"
			}
			comment {
				value:t = "nachinaetsya logika missii"
			}
			unitMoveTo {
				target:t = "t2_move_point"
				follow_target:b = false
				teleportHeightType:t = "absolute"
				useUnitHeightForTele:b = true
				shouldKeepFormation:b = false
				teleportHeightValue:r = 1000
				horizontalDirectionForTeleport:b = true
				waypointReachedDist:r = 10
				recalculatePathDist:r = -1
				object_marking:i = 0
				target_marking:i = 0
				object_var_name:t = ""
				object_var_comp_op:t = "equal"
				object_var_value:i = 0
				target_var_name:t = ""
				target_var_comp_op:t = "equal"
				target_var_value:i = 0
				fastClimb:b = false
				destTimeMode:b = false
				object:t = "t2_trucks_squad"
				object:t = "t2_truck_aaa_squad"
				speed:r = 10
			}
			unitMoveTo {
				target:t = "t1_move_point"
				follow_target:b = false
				teleportHeightType:t = "absolute"
				useUnitHeightForTele:b = true
				shouldKeepFormation:b = false
				teleportHeightValue:r = 1000
				horizontalDirectionForTeleport:b = true
				waypointReachedDist:r = 10
				recalculatePathDist:r = -1
				object_marking:i = 0
				target_marking:i = 0
				object_var_name:t = ""
				object_var_comp_op:t = "equal"
				object_var_value:i = 0
				target_var_name:t = ""
				target_var_comp_op:t = "equal"
				target_var_value:i = 0
				fastClimb:b = false
				destTimeMode:b = false
				object:t = "t1_trucks_squad"
				object:t = "t1_truck_aaa_squad"
				speed:r = 20
			}
			unitSetProperties {
				object:t = "t1_artillery_squad"
				object:t = "t2_trucks_squad"
				object:t = "t2_artillery_squad"
				object:t = "t1_trucks_squad"
				object_marking:i = 0
				object_var_name:t = ""
				object_var_comp_op:t = "equal"
				object_var_value:i = 0
				targetAir:b = false
				accuracy:r = 0
				effShootingRate:r = 0
			}
			unitSetProperties {
				object:t = "t1_aaa_squad"
				object:t = "t1_def_aaa_squad"
				object:t = "t2_aaa_squad"
				object:t = "t2_def_aaa_squad"
				object:t = "t1_truck_aaa_squad"
				object_marking:i = 0
				object_var_name:t = ""
				object_var_comp_op:t = "equal"
				object_var_value:i = 0
				accuracy:r = 0.1
				effShootingRate:r = 0
				airEffShootingRate:r = 0.1
			}
			missionMarkAsRespawnPoint {
				loc_name:t = "missions/fighters_spawn"
				spawnEffect:b = false
				isAirfield:b = false
				isUnit:b = false
				radius:r = -1
				isStrictSpawn:b = false
				useExisting:b = false
				canSpawnOnNeutral:b = false
				isIndividual:b = false
				removeAreas:b = false
				showOnMap:b = true
				onlyOnePlayerPerSpawnPoint:b = false
				resetStrictSpawnIndex:b = false
				forceCreate:b = false
				ignoreTeamsOnReuse:b = false
				replaceAreas:b = false
				target:t = "t1_fighters_spawn"
				team:t = "A"
				offset:p3 = 0, 0, 0
				tags {
					type_bomber:b = false
					tank:b = false
				}
			}
			missionMarkAsRespawnPoint {
				loc_name:t = "missions/bombers_spawn"
				spawnEffect:b = false
				isAirfield:b = false
				isUnit:b = false
				radius:r = -1
				isStrictSpawn:b = false
				useExisting:b = false
				canSpawnOnNeutral:b = false
				isIndividual:b = false
				removeAreas:b = false
				showOnMap:b = true
				onlyOnePlayerPerSpawnPoint:b = false
				resetStrictSpawnIndex:b = false
				forceCreate:b = false
				ignoreTeamsOnReuse:b = false
				replaceAreas:b = false
				target:t = "t1_bombers_spawn"
				team:t = "A"
				offset:p3 = 0, 0, 0
				tags {
					type_bomber:b = true
					tank:b = false
				}
			}
			missionMarkAsRespawnPoint {
				loc_name:t = "missions/airfield_spawn"
				spawnEffect:b = false
				isAirfield:b = true
				isUnit:b = false
				radius:r = -1
				isStrictSpawn:b = false
				useExisting:b = false
				canSpawnOnNeutral:b = false
				isIndividual:b = false
				removeAreas:b = false
				showOnMap:b = true
				onlyOnePlayerPerSpawnPoint:b = false
				resetStrictSpawnIndex:b = false
				forceCreate:b = false
				ignoreTeamsOnReuse:b = false
				replaceAreas:b = false
				target:t = "t1_airfield"
				team:t = "A"
				offset:p3 = 0, 0, 0
				tags {
					none_can_spawn:b = true
				}
			}
			missionMarkAsRespawnPoint {
				loc_name:t = "missions/fighters_spawn"
				spawnEffect:b = false
				isAirfield:b = false
				isUnit:b = false
				radius:r = -1
				isStrictSpawn:b = false
				useExisting:b = false
				canSpawnOnNeutral:b = false
				isIndividual:b = false
				removeAreas:b = false
				showOnMap:b = true
				onlyOnePlayerPerSpawnPoint:b = false
				resetStrictSpawnIndex:b = false
				forceCreate:b = false
				ignoreTeamsOnReuse:b = false
				replaceAreas:b = false
				target:t = "t2_fighters_spawn"
				team:t = "B"
				offset:p3 = 0, 0, 0
				tags {
					type_bomber:b = false
					tank:b = false
				}
			}
			missionMarkAsRespawnPoint {
				loc_name:t = "missions/bombers_spawn"
				spawnEffect:b = false
				isAirfield:b = false
				isUnit:b = false
				radius:r = -1
				isStrictSpawn:b = false
				useExisting:b = false
				canSpawnOnNeutral:b = false
				isIndividual:b = false
				removeAreas:b = false
				showOnMap:b = true
				onlyOnePlayerPerSpawnPoint:b = false
				resetStrictSpawnIndex:b = false
				forceCreate:b = false
				ignoreTeamsOnReuse:b = false
				replaceAreas:b = false
				target:t = "t2_bombers_spawn"
				team:t = "B"
				offset:p3 = 0, 0, 0
				tags {
					type_bomber:b = true
					tank:b = false
				}
			}
			missionMarkAsRespawnPoint {
				loc_name:t = "missions/airfield_spawn"
				spawnEffect:b = false
				isAirfield:b = true
				isUnit:b = false
				radius:r = -1
				isStrictSpawn:b = false
				useExisting:b = false
				canSpawnOnNeutral:b = false
				isIndividual:b = false
				removeAreas:b = false
				showOnMap:b = true
				onlyOnePlayerPerSpawnPoint:b = false
				resetStrictSpawnIndex:b = false
				forceCreate:b = false
				ignoreTeamsOnReuse:b = false
				replaceAreas:b = false
				target:t = "t2_airfield"
				team:t = "B"
				offset:p3 = 0, 0, 0
				tags {
					none_can_spawn:b = true
				}
			}
			unitSetIndication {
				set:b = true
				target_marking:i = 0
				object_var_name:t = ""
				object_var_comp_op:t = "equal"
				object_var_value:i = 0
				target:t = "t1_quest_units_squad"
				team:t = "B"
			}
			unitSetIndication {
				set:b = true
				target_marking:i = 0
				object_var_name:t = ""
				object_var_comp_op:t = "equal"
				object_var_value:i = 0
				target:t = "t2_quest_units_squad"
				team:t = "A"
			}
		}
		else_actions {

		}
	}
	update_indicators {
		is_enabled:b = true
		comments:t = ""
		props {
			actionsType:t = "PERFORM_ONE_BY_ONE"
			conditionsType:t = "ALL"
			enableAfterComplete:b = true
		}
		events {
			periodicEvent {
				time:r = 1
			}
		}
		conditions {

		}
		actions {
			missionSetTargetsIndicator {
				target_type:t = "isAlive"
				target_marking:i = 0
				delta:i = 0
				icon:t = "cannon"
				"icon army":i = 1
				set:b = true
				object_var_name:t = ""
				object_var_comp_op:t = "equal"
				object_var_value:i = 0
				target:t = "t1_quest_units_squad"
			}
			missionSetTargetsIndicator {
				target_type:t = "isAlive"
				target_marking:i = 0
				delta:i = 0
				icon:t = "tank"
				"icon army":i = 2
				set:b = true
				object_var_name:t = ""
				object_var_comp_op:t = "equal"
				object_var_value:i = 0
				target:t = "t2_quest_units_squad"
			}
		}
		else_actions {

		}
	}
	trees_cleaning_on_demand {
		is_enabled:b = true
		comments:t = ""
		props {
			actionsType:t = "PERFORM_ONE_BY_ONE"
			conditionsType:t = "ALL"
			enableAfterComplete:b = false
		}
		events {
			initMission {

			}
		}
		conditions {

		}
		actions {
			missionDestroyArea {
				target_type:t = "rendinsts"
				area:t = "clean_zones_squad"
			}
		}
		else_actions {

		}
	}
}
mission_objectives {
	isCategory:b = true
	is_enabled:b = true
	gsn_main_objective {
		is_enabled:b = true
		comments:t = ""
		type:t = "abstractMissionObjective"
		props {
			isPrimary:b = true
			timeLimit:i = 1800
			scoreConst:i = 100
			scoreTime:i = 400
		}
		onSuccess {

		}
		onFailed {

		}
	}
}
variables {

}
dialogs {

}
airfields {

}
effects {

}
units {
	objectGroups {
		name:t = "objectGroups_01"
		tm:m = [[-0.965927, -0.00608155, -0.258743] [-0.00349069, 0.999938, -0.0104715] [0.258791, -0.00921152, -0.96589] [-17811.8, 182.5, 1614.25]]
		unit_class:t = "dynTrench_small_bunker_axis"
		props {
			army:i = 0
			active:b = true
		}
	}
	objectGroups {
		name:t = "objectGroups_02"
		tm:m = [[-0.99617, -0.00695469, -0.0871521] [-0.00698126, 0.999975, 3.10627e-8] [0.08715, 0.000608462, -0.996195] [-18669.3, 160.5, 1567.85]]
		unit_class:t = "dynTrench_small_bunker_axis"
		props {
			army:i = 0
			active:b = true
		}
	}
	objectGroups {
		name:t = "objectGroups_03"
		tm:m = [[-0.784807, -0.123324, -0.607345] [-0.15236, 0.988318, -0.00380355] [0.600719, 0.0895504, -0.794428] [-19412.8, 125.5, 1151.1]]
		unit_class:t = "dynTrench_small_bunker_axis"
		props {
			army:i = 0
			active:b = true
		}
	}
	objectGroups {
		name:t = "objectGroups_04"
		tm:m = [[-0.573102, 0.0791071, -0.815656] [0.0218097, 0.996449, 0.0813174] [0.819193, 0.028814, -0.572793] [-19769.3, 147.1, 522.2]]
		unit_class:t = "dynTrench_small_bunker_axis"
		props {
			army:i = 0
			active:b = true
		}
	}
	objectGroups {
		name:t = "objectGroups_05"
		tm:m = [[-0.818515, -0.0400159, -0.573091] [-0.052348, 0.998616, 0.00503776] [0.572097, 0.0341236, -0.819477] [-18405.2, 178.35, 2167.6]]
		unit_class:t = "dynTrench_st_mod_01"
		props {
			army:i = 0
			active:b = true
		}
	}
	objectGroups {
		name:t = "objectGroups_06"
		tm:m = [[-0.425083, 0.0618469, -0.903039] [-0.05645, 0.993909, 0.0946426] [0.903392, 0.0912074, -0.419002] [-20473.8, 129.85, 745.45]]
		unit_class:t = "dynTrench_st_mod_01"
		props {
			army:i = 0
			active:b = true
		}
	}
	objectGroups {
		name:t = "objectGroups_07"
		tm:m = [[-0.932849, -0.0602513, -0.355194] [-0.0471798, 0.997856, -0.0453569] [0.357166, -0.0255532, -0.933692] [-19439.6, 145.6, 2514.6]]
		unit_class:t = "dynTrench_small_bunker_axis"
		props {
			army:i = 0
			active:b = true
		}
	}
	air_defence {
		name:t = "t1_aaa_01"
		tm:m = [[0.793353, 0.0, -0.608761] [0.0, 1.0, 0.0] [0.608761, 0.0, 0.793353] [-17835.0, 202.95, 1657.55]]
		unit_class:t = "germ_20mm_flak38_noground_light"
		closed_waypoints:b = false
		isShipSpline:b = false
		shipTurnRadius:r = 100
		weapons:t = ""
		bullets0:t = ""
		bullets1:t = ""
		bullets2:t = ""
		bullets3:t = ""
		bulletsCount0:i = 0
		bulletsCount1:i = 0
		bulletsCount2:i = 0
		bulletsCount3:i = 0
		crewSkillK:r = 0
		applyAllMods:b = false
		props {
			army:i = 1
			count:i = 1
			formation_type:t = "rows"
			formation_div:i = 3
			formation_step:p2 = 2.5, 2
			formation_noise:p2 = 0.1, 0.1
			uniqueName:t = ""
			attack_type:t = "fire_at_will"
		}
		way {

		}
	}
	air_defence {
		name:t = "t1_aaa_02"
		tm:m = [[0.766045, 0.0, -0.642788] [0.0, 1.0, 0.0] [0.642788, 0.0, 0.766045] [-18684.3, 175.25, 1614.87]]
		unit_class:t = "germ_20mm_flak38_noground_light"
		closed_waypoints:b = false
		isShipSpline:b = false
		shipTurnRadius:r = 100
		weapons:t = ""
		bullets0:t = ""
		bullets1:t = ""
		bullets2:t = ""
		bullets3:t = ""
		bulletsCount0:i = 0
		bulletsCount1:i = 0
		bulletsCount2:i = 0
		bulletsCount3:i = 0
		crewSkillK:r = 0
		applyAllMods:b = false
		props {
			army:i = 1
			count:i = 1
			formation_type:t = "rows"
			formation_div:i = 3
			formation_step:p2 = 2.5, 2
			formation_noise:p2 = 0.1, 0.1
			uniqueName:t = ""
			attack_type:t = "fire_at_will"
		}
		way {

		}
	}
	air_defence {
		name:t = "t1_aaa_03"
		tm:m = [[0.996195, 0.0871557, 0.0] [-0.0871557, 0.996195, 0.0] [0.0, 0.0, 1.0] [-19451.7, 135.704, 1182.5]]
		unit_class:t = "germ_20mm_flak38_noground_light"
		closed_waypoints:b = false
		isShipSpline:b = false
		shipTurnRadius:r = 100
		weapons:t = ""
		bullets0:t = ""
		bullets1:t = ""
		bullets2:t = ""
		bullets3:t = ""
		bulletsCount0:i = 0
		bulletsCount1:i = 0
		bulletsCount2:i = 0
		bulletsCount3:i = 0
		crewSkillK:r = 0
		applyAllMods:b = false
		props {
			army:i = 1
			count:i = 1
			formation_type:t = "rows"
			formation_div:i = 3
			formation_step:p2 = 2.5, 2
			formation_noise:p2 = 0.1, 0.1
			uniqueName:t = ""
			attack_type:t = "fire_at_will"
		}
		way {

		}
	}
	air_defence {
		name:t = "t1_aaa_04"
		tm:m = [[0.996195, 0.0, -0.0871557] [0.0, 1.0, 0.0] [0.0871557, 0.0, 0.996195] [-19815.0, 161.75, 541.25]]
		unit_class:t = "germ_20mm_flak38_noground_light"
		closed_waypoints:b = false
		isShipSpline:b = false
		shipTurnRadius:r = 100
		weapons:t = ""
		bullets0:t = ""
		bullets1:t = ""
		bullets2:t = ""
		bullets3:t = ""
		bulletsCount0:i = 0
		bulletsCount1:i = 0
		bulletsCount2:i = 0
		bulletsCount3:i = 0
		crewSkillK:r = 0
		applyAllMods:b = false
		props {
			army:i = 1
			count:i = 1
			formation_type:t = "rows"
			formation_div:i = 3
			formation_step:p2 = 2.5, 2
			formation_noise:p2 = 0.1, 0.1
			uniqueName:t = ""
			attack_type:t = "fire_at_will"
		}
		way {

		}
	}
	air_defence {
		name:t = "t1_aaa_05"
		tm:m = [[0.736575, 0.0321596, -0.675591] [-0.0436194, 0.999048, 0.0] [0.674948, 0.0294689, 0.737277] [-19469.2, 174.537, 2555.02]]
		unit_class:t = "germ_20mm_flak38_noground_light"
		closed_waypoints:b = false
		isShipSpline:b = false
		shipTurnRadius:r = 100
		weapons:t = ""
		bullets0:t = ""
		bullets1:t = ""
		bullets2:t = ""
		bullets3:t = ""
		bulletsCount0:i = 0
		bulletsCount1:i = 0
		bulletsCount2:i = 0
		bulletsCount3:i = 0
		crewSkillK:r = 0
		applyAllMods:b = false
		props {
			army:i = 1
			count:i = 1
			formation_type:t = "rows"
			formation_div:i = 3
			formation_step:p2 = 2.5, 2
			formation_noise:p2 = 0.1, 0.1
			uniqueName:t = ""
			attack_type:t = "fire_at_will"
		}
		way {

		}
	}
	air_defence {
		name:t = "t1_aaa_06"
		tm:m = [[0.976296, 0.0, 0.216439] [0.0, 1.0, 0.0] [-0.216439, 0.0, 0.976296] [-18377.2, 213.574, 2205.57]]
		unit_class:t = "germ_20mm_flak38_noground_light"
		closed_waypoints:b = false
		isShipSpline:b = false
		shipTurnRadius:r = 100
		weapons:t = ""
		bullets0:t = ""
		bullets1:t = ""
		bullets2:t = ""
		bullets3:t = ""
		bulletsCount0:i = 0
		bulletsCount1:i = 0
		bulletsCount2:i = 0
		bulletsCount3:i = 0
		crewSkillK:r = 0
		applyAllMods:b = false
		props {
			army:i = 1
			count:i = 1
			formation_type:t = "rows"
			formation_div:i = 3
			formation_step:p2 = 2.5, 2
			formation_noise:p2 = 0.1, 0.1
			uniqueName:t = ""
			attack_type:t = "fire_at_will"
		}
		way {

		}
	}
	air_defence {
		name:t = "t1_aaa_07"
		tm:m = [[0.976296, 0.0, 0.216439] [0.0, 1.0, 0.0] [-0.216439, 0.0, 0.976296] [-18529.8, 206.674, 2281.75]]
		unit_class:t = "germ_20mm_flak38_noground_light"
		closed_waypoints:b = false
		isShipSpline:b = false
		shipTurnRadius:r = 100
		weapons:t = ""
		bullets0:t = ""
		bullets1:t = ""
		bullets2:t = ""
		bullets3:t = ""
		bulletsCount0:i = 0
		bulletsCount1:i = 0
		bulletsCount2:i = 0
		bulletsCount3:i = 0
		crewSkillK:r = 0
		applyAllMods:b = false
		props {
			army:i = 1
			count:i = 1
			formation_type:t = "rows"
			formation_div:i = 3
			formation_step:p2 = 2.5, 2
			formation_noise:p2 = 0.1, 0.1
			uniqueName:t = ""
			attack_type:t = "fire_at_will"
		}
		way {

		}
	}
	air_defence {
		name:t = "t1_aaa_08"
		tm:m = [[0.975367, -0.0425854, 0.21644] [0.0436194, 0.999048, 0.0] [-0.216234, 0.00944098, 0.976296] [-20425.0, 177.369, 749.023]]
		unit_class:t = "germ_20mm_flak38_noground_light"
		closed_waypoints:b = false
		isShipSpline:b = false
		shipTurnRadius:r = 100
		weapons:t = ""
		bullets0:t = ""
		bullets1:t = ""
		bullets2:t = ""
		bullets3:t = ""
		bulletsCount0:i = 0
		bulletsCount1:i = 0
		bulletsCount2:i = 0
		bulletsCount3:i = 0
		crewSkillK:r = 0
		applyAllMods:b = false
		props {
			army:i = 1
			count:i = 1
			formation_type:t = "rows"
			formation_div:i = 3
			formation_step:p2 = 2.5, 2
			formation_noise:p2 = 0.1, 0.1
			uniqueName:t = ""
			attack_type:t = "fire_at_will"
		}
		way {

		}
	}
	air_defence {
		name:t = "t1_aaa_09"
		tm:m = [[0.975367, -0.0425854, 0.21644] [0.0436194, 0.999048, 0.0] [-0.216234, 0.00944098, 0.976296] [-20637.3, 173.129, 782.9]]
		unit_class:t = "germ_20mm_flak38_noground_light"
		closed_waypoints:b = false
		isShipSpline:b = false
		shipTurnRadius:r = 100
		weapons:t = ""
		bullets0:t = ""
		bullets1:t = ""
		bullets2:t = ""
		bullets3:t = ""
		bulletsCount0:i = 0
		bulletsCount1:i = 0
		bulletsCount2:i = 0
		bulletsCount3:i = 0
		crewSkillK:r = 0
		applyAllMods:b = false
		props {
			army:i = 1
			count:i = 1
			formation_type:t = "rows"
			formation_div:i = 3
			formation_step:p2 = 2.5, 2
			formation_noise:p2 = 0.1, 0.1
			uniqueName:t = ""
			attack_type:t = "fire_at_will"
		}
		way {

		}
	}
	squad {
		name:t = "t1_aaa_squad"
		tm:m = [[1.0, 0.0, 0.0] [0.0, 1.0, 0.0] [0.0, 0.0, 1.0] [-19710.2, 177.801, 3057.48]]
		props {
			squad_members:t = "t1_aaa_01"
			squad_members:t = "t1_aaa_02"
			squad_members:t = "t1_aaa_03"
			squad_members:t = "t1_aaa_04"
			squad_members:t = "t1_aaa_05"
			squad_members:t = "t1_aaa_06"
			squad_members:t = "t1_aaa_07"
			squad_members:t = "t1_aaa_08"
			squad_members:t = "t1_aaa_09"
			squad_members:t = "t1_aaa_10"
			squad_members:t = "t1_aaa_11"
		}
	}
	structures {
		name:t = "t1_art_01"
		tm:m = [[0.573576, 0.0, -0.819152] [0.0, 1.0, 0.0] [0.819152, 0.0, 0.573576] [-17732.0, 201.65, 1637.6]]
		unit_class:t = "germ_37mm_pak36_noground_light"
		closed_waypoints:b = false
		isShipSpline:b = false
		shipTurnRadius:r = 100
		weapons:t = ""
		bullets0:t = ""
		bullets1:t = ""
		bullets2:t = ""
		bullets3:t = ""
		bulletsCount0:i = 0
		bulletsCount1:i = 0
		bulletsCount2:i = 0
		bulletsCount3:i = 0
		crewSkillK:r = 0
		applyAllMods:b = false
		props {
			army:i = 1
			count:i = 1
			formation_type:t = "rows"
			formation_div:i = 3
			formation_step:p2 = 2.5, 2
			formation_noise:p2 = 0.1, 0.1
			uniqueName:t = ""
			attack_type:t = "fire_at_will"
		}
		way {

		}
	}
	structures {
		name:t = "t1_art_02"
		tm:m = [[0.952809, -0.0416006, -0.300706] [0.0436194, 0.999048, 0.0] [0.30042, -0.0131166, 0.953717] [-20326.2, 184.67, 721.905]]
		unit_class:t = "germ_37mm_pak36_noground_light"
		closed_waypoints:b = false
		isShipSpline:b = false
		shipTurnRadius:r = 100
		weapons:t = ""
		bullets0:t = ""
		bullets1:t = ""
		bullets2:t = ""
		bullets3:t = ""
		bulletsCount0:i = 0
		bulletsCount1:i = 0
		bulletsCount2:i = 0
		bulletsCount3:i = 0
		crewSkillK:r = 0
		applyAllMods:b = false
		props {
			army:i = 1
			count:i = 1
			formation_type:t = "rows"
			formation_div:i = 3
			formation_step:p2 = 2.5, 2
			formation_noise:p2 = 0.1, 0.1
			uniqueName:t = ""
			attack_type:t = "fire_at_will"
		}
		way {

		}
	}
	structures {
		name:t = "t1_art_03"
		tm:m = [[0.0871555, 0.0, -0.996195] [0.0, 1.0, 0.0] [0.996195, 0.0, 0.0871555] [-18749.3, 174.85, 1531.9]]
		unit_class:t = "germ_37mm_pak36_noground_light"
		closed_waypoints:b = false
		isShipSpline:b = false
		shipTurnRadius:r = 100
		weapons:t = ""
		bullets0:t = ""
		bullets1:t = ""
		bullets2:t = ""
		bullets3:t = ""
		bulletsCount0:i = 0
		bulletsCount1:i = 0
		bulletsCount2:i = 0
		bulletsCount3:i = 0
		crewSkillK:r = 0
		applyAllMods:b = false
		props {
			army:i = 1
			count:i = 1
			formation_type:t = "rows"
			formation_div:i = 3
			formation_step:p2 = 2.5, 2
			formation_noise:p2 = 0.1, 0.1
			uniqueName:t = ""
			attack_type:t = "fire_at_will"
		}
		way {

		}
	}
	structures {
		name:t = "t1_art_04"
		tm:m = [[0.173647, 0.0, -0.984807] [0.0, 1.0, 0.0] [0.984807, 0.0, 0.173647] [-18370.3, 207.724, 2043.56]]
		unit_class:t = "germ_37mm_pak36_noground_light"
		closed_waypoints:b = false
		isShipSpline:b = false
		shipTurnRadius:r = 100
		weapons:t = ""
		bullets0:t = ""
		bullets1:t = ""
		bullets2:t = ""
		bullets3:t = ""
		bulletsCount0:i = 0
		bulletsCount1:i = 0
		bulletsCount2:i = 0
		bulletsCount3:i = 0
		crewSkillK:r = 0
		applyAllMods:b = false
		props {
			army:i = 1
			count:i = 1
			formation_type:t = "rows"
			formation_div:i = 3
			formation_step:p2 = 2.5, 2
			formation_noise:p2 = 0.1, 0.1
			uniqueName:t = ""
			attack_type:t = "fire_at_will"
		}
		way {

		}
	}
	structures {
		name:t = "t1_art_05"
		tm:m = [[0.939693, 0.0, -0.342021] [0.0, 1.0, 0.0] [0.342021, 0.0, 0.939693] [-19722.5, 158.0, 592.0]]
		unit_class:t = "germ_37mm_pak36_noground_light"
		closed_waypoints:b = false
		isShipSpline:b = false
		shipTurnRadius:r = 100
		weapons:t = ""
		bullets0:t = ""
		bullets1:t = ""
		bullets2:t = ""
		bullets3:t = ""
		bulletsCount0:i = 0
		bulletsCount1:i = 0
		bulletsCount2:i = 0
		bulletsCount3:i = 0
		crewSkillK:r = 0
		applyAllMods:b = false
		props {
			army:i = 1
			count:i = 1
			formation_type:t = "rows"
			formation_div:i = 3
			formation_step:p2 = 2.5, 2
			formation_noise:p2 = 0.1, 0.1
			uniqueName:t = ""
			attack_type:t = "fire_at_will"
		}
		way {

		}
	}
	structures {
		name:t = "t1_art_06"
		tm:m = [[0.765315, 0.0334144, -0.642788] [-0.0436194, 0.999048, 0.0] [0.642176, 0.028038, 0.766044] [-19365.9, 192.01, 2548.08]]
		unit_class:t = "germ_37mm_pak36_noground_light"
		closed_waypoints:b = false
		isShipSpline:b = false
		shipTurnRadius:r = 100
		weapons:t = ""
		bullets0:t = ""
		bullets1:t = ""
		bullets2:t = ""
		bullets3:t = ""
		bulletsCount0:i = 0
		bulletsCount1:i = 0
		bulletsCount2:i = 0
		bulletsCount3:i = 0
		crewSkillK:r = 0
		applyAllMods:b = false
		props {
			army:i = 1
			count:i = 1
			formation_type:t = "rows"
			formation_div:i = 3
			formation_step:p2 = 2.5, 2
			formation_noise:p2 = 0.1, 0.1
			uniqueName:t = ""
			attack_type:t = "fire_at_will"
		}
		way {

		}
	}
	structures {
		name:t = "t1_art_08"
		tm:m = [[0.173648, 0.0, -0.984807] [0.0, 1.0, 0.0] [0.984807, 0.0, 0.173648] [-18586.6, 175.9, 1576.63]]
		unit_class:t = "germ_37mm_pak36_noground_light"
		closed_waypoints:b = false
		isShipSpline:b = false
		shipTurnRadius:r = 100
		weapons:t = ""
		bullets0:t = ""
		bullets1:t = ""
		bullets2:t = ""
		bullets3:t = ""
		bulletsCount0:i = 0
		bulletsCount1:i = 0
		bulletsCount2:i = 0
		bulletsCount3:i = 0
		crewSkillK:r = 0
		applyAllMods:b = false
		props {
			army:i = 1
			count:i = 1
			formation_type:t = "rows"
			formation_div:i = 3
			formation_step:p2 = 2.5, 2
			formation_noise:p2 = 0.1, 0.1
			uniqueName:t = ""
			attack_type:t = "fire_at_will"
		}
		way {

		}
	}
	structures {
		name:t = "t1_art_09"
		tm:m = [[0.734471, 0.0642579, -0.67559] [-0.0871557, 0.996195, 0.0] [0.673019, 0.0588815, 0.737277] [-19462.1, 133.087, 1077.9]]
		unit_class:t = "germ_37mm_pak36_noground_light"
		closed_waypoints:b = false
		isShipSpline:b = false
		shipTurnRadius:r = 100
		weapons:t = ""
		bullets0:t = ""
		bullets1:t = ""
		bullets2:t = ""
		bullets3:t = ""
		bulletsCount0:i = 0
		bulletsCount1:i = 0
		bulletsCount2:i = 0
		bulletsCount3:i = 0
		crewSkillK:r = 0
		applyAllMods:b = false
		props {
			army:i = 1
			count:i = 1
			formation_type:t = "rows"
			formation_div:i = 3
			formation_step:p2 = 2.5, 2
			formation_noise:p2 = 0.1, 0.1
			uniqueName:t = ""
			attack_type:t = "fire_at_will"
		}
		way {

		}
	}
	structures {
		name:t = "t1_art_10"
		tm:m = [[0.865201, -0.0377755, -0.5] [0.0436194, 0.999048, 0.0] [0.499524, -0.0218097, 0.866025] [-20380.0, 187.766, 656.918]]
		unit_class:t = "germ_37mm_pak36_noground_light"
		closed_waypoints:b = false
		isShipSpline:b = false
		shipTurnRadius:r = 100
		weapons:t = ""
		bullets0:t = ""
		bullets1:t = ""
		bullets2:t = ""
		bullets3:t = ""
		bulletsCount0:i = 0
		bulletsCount1:i = 0
		bulletsCount2:i = 0
		bulletsCount3:i = 0
		crewSkillK:r = 0
		applyAllMods:b = false
		props {
			army:i = 1
			count:i = 1
			formation_type:t = "rows"
			formation_div:i = 3
			formation_step:p2 = 2.5, 2
			formation_noise:p2 = 0.1, 0.1
			uniqueName:t = ""
			attack_type:t = "fire_at_will"
		}
		way {

		}
	}
	structures {
		name:t = "t1_art_11"
		tm:m = [[0.5, 0.0, -0.866025] [0.0, 1.0, 0.0] [0.866025, 0.0, 0.5] [-17884.1, 198.55, 1564.65]]
		unit_class:t = "germ_37mm_pak36_noground_light"
		closed_waypoints:b = false
		isShipSpline:b = false
		shipTurnRadius:r = 100
		weapons:t = ""
		bullets0:t = ""
		bullets1:t = ""
		bullets2:t = ""
		bullets3:t = ""
		bulletsCount0:i = 0
		bulletsCount1:i = 0
		bulletsCount2:i = 0
		bulletsCount3:i = 0
		crewSkillK:r = 0
		applyAllMods:b = false
		props {
			army:i = 1
			count:i = 1
			formation_type:t = "rows"
			formation_div:i = 3
			formation_step:p2 = 2.5, 2
			formation_noise:p2 = 0.1, 0.1
			uniqueName:t = ""
			attack_type:t = "fire_at_will"
		}
		way {

		}
	}
	structures {
		name:t = "t1_art_12"
		tm:m = [[0.536789, 0.0234367, -0.843391] [-0.0436194, 0.999048, 0.0] [0.842588, 0.0367882, 0.5373] [-19447.7, 190.939, 2501.9]]
		unit_class:t = "germ_37mm_pak36_noground_light"
		closed_waypoints:b = false
		isShipSpline:b = false
		shipTurnRadius:r = 100
		weapons:t = ""
		bullets0:t = ""
		bullets1:t = ""
		bullets2:t = ""
		bullets3:t = ""
		bulletsCount0:i = 0
		bulletsCount1:i = 0
		bulletsCount2:i = 0
		bulletsCount3:i = 0
		crewSkillK:r = 0
		applyAllMods:b = false
		props {
			army:i = 1
			count:i = 1
			formation_type:t = "rows"
			formation_div:i = 3
			formation_step:p2 = 2.5, 2
			formation_noise:p2 = 0.1, 0.1
			uniqueName:t = ""
			attack_type:t = "fire_at_will"
		}
		way {

		}
	}
	structures {
		name:t = "t1_art_13"
		tm:m = [[0.819153, 0.0, -0.573576] [0.0, 1.0, 0.0] [0.573576, 0.0, 0.819153] [-18291.2, 212.374, 2073.42]]
		unit_class:t = "germ_37mm_pak36_noground_light"
		closed_waypoints:b = false
		isShipSpline:b = false
		shipTurnRadius:r = 100
		weapons:t = ""
		bullets0:t = ""
		bullets1:t = ""
		bullets2:t = ""
		bullets3:t = ""
		bulletsCount0:i = 0
		bulletsCount1:i = 0
		bulletsCount2:i = 0
		bulletsCount3:i = 0
		crewSkillK:r = 0
		applyAllMods:b = false
		props {
			army:i = 1
			count:i = 1
			formation_type:t = "rows"
			formation_div:i = 3
			formation_step:p2 = 2.5, 2
			formation_noise:p2 = 0.1, 0.1
			uniqueName:t = ""
			attack_type:t = "fire_at_will"
		}
		way {

		}
	}
	structures {
		name:t = "t1_art_14"
		tm:m = [[0.906307, 0.0, -0.422618] [0.0, 1.0, 0.0] [0.422618, 0.0, 0.906307] [-19767.7, 171.85, 509.2]]
		unit_class:t = "germ_37mm_pak36_noground_light"
		closed_waypoints:b = false
		isShipSpline:b = false
		shipTurnRadius:r = 100
		weapons:t = ""
		bullets0:t = ""
		bullets1:t = ""
		bullets2:t = ""
		bullets3:t = ""
		bulletsCount0:i = 0
		bulletsCount1:i = 0
		bulletsCount2:i = 0
		bulletsCount3:i = 0
		crewSkillK:r = 0
		applyAllMods:b = false
		props {
			army:i = 1
			count:i = 1
			formation_type:t = "rows"
			formation_div:i = 3
			formation_step:p2 = 2.5, 2
			formation_noise:p2 = 0.1, 0.1
			uniqueName:t = ""
			attack_type:t = "fire_at_will"
		}
		way {

		}
	}
	structures {
		name:t = "t1_art_15"
		tm:m = [[0.9905, -0.0432462, -0.130526] [0.0436194, 0.999048, 0.0] [0.130402, -0.00569346, 0.991444] [-20414.8, 183.73, 793.424]]
		unit_class:t = "germ_37mm_pak36_noground_light"
		closed_waypoints:b = false
		isShipSpline:b = false
		shipTurnRadius:r = 100
		weapons:t = ""
		bullets0:t = ""
		bullets1:t = ""
		bullets2:t = ""
		bullets3:t = ""
		bulletsCount0:i = 0
		bulletsCount1:i = 0
		bulletsCount2:i = 0
		bulletsCount3:i = 0
		crewSkillK:r = 0
		applyAllMods:b = false
		props {
			army:i = 1
			count:i = 1
			formation_type:t = "rows"
			formation_div:i = 3
			formation_step:p2 = 2.5, 2
			formation_noise:p2 = 0.1, 0.1
			uniqueName:t = ""
			attack_type:t = "fire_at_will"
		}
		way {

		}
	}
	structures {
		name:t = "t1_art_16"
		tm:m = [[0.704416, 0.0616284, -0.707106] [-0.0871557, 0.996195, 0.0] [0.704415, 0.0616283, 0.707107] [-19417.9, 146.789, 1137.15]]
		unit_class:t = "germ_37mm_pak36_noground_light"
		closed_waypoints:b = false
		isShipSpline:b = false
		shipTurnRadius:r = 100
		weapons:t = ""
		bullets0:t = ""
		bullets1:t = ""
		bullets2:t = ""
		bullets3:t = ""
		bulletsCount0:i = 0
		bulletsCount1:i = 0
		bulletsCount2:i = 0
		bulletsCount3:i = 0
		crewSkillK:r = 0
		applyAllMods:b = false
		props {
			army:i = 1
			count:i = 1
			formation_type:t = "rows"
			formation_div:i = 3
			formation_step:p2 = 2.5, 2
			formation_noise:p2 = 0.1, 0.1
			uniqueName:t = ""
			attack_type:t = "fire_at_will"
		}
		way {

		}
	}
	structures {
		name:t = "t1_art_17"
		tm:m = [[0.642175, 0.028038, -0.766044] [-0.0436194, 0.999048, 0.0] [0.765315, 0.0334144, 0.642787] [-19506.8, 158.28, 2457.05]]
		unit_class:t = "germ_37mm_pak36_noground_light"
		closed_waypoints:b = false
		isShipSpline:b = false
		shipTurnRadius:r = 100
		weapons:t = ""
		bullets0:t = ""
		bullets1:t = ""
		bullets2:t = ""
		bullets3:t = ""
		bulletsCount0:i = 0
		bulletsCount1:i = 0
		bulletsCount2:i = 0
		bulletsCount3:i = 0
		crewSkillK:r = 0
		applyAllMods:b = false
		props {
			army:i = 1
			count:i = 1
			formation_type:t = "rows"
			formation_div:i = 3
			formation_step:p2 = 2.5, 2
			formation_noise:p2 = 0.1, 0.1
			uniqueName:t = ""
			attack_type:t = "fire_at_will"
		}
		way {

		}
	}
	structures {
		name:t = "t1_art_18"
		tm:m = [[0.382683, 0.0, -0.923879] [0.0, 1.0, 0.0] [0.923879, 0.0, 0.382683] [-17819.1, 209.75, 1602.15]]
		unit_class:t = "germ_37mm_pak36_noground_light"
		closed_waypoints:b = false
		isShipSpline:b = false
		shipTurnRadius:r = 100
		weapons:t = ""
		bullets0:t = ""
		bullets1:t = ""
		bullets2:t = ""
		bullets3:t = ""
		bulletsCount0:i = 0
		bulletsCount1:i = 0
		bulletsCount2:i = 0
		bulletsCount3:i = 0
		crewSkillK:r = 0
		applyAllMods:b = false
		props {
			army:i = 1
			count:i = 1
			formation_type:t = "rows"
			formation_div:i = 3
			formation_step:p2 = 2.5, 2
			formation_noise:p2 = 0.1, 0.1
			uniqueName:t = ""
			attack_type:t = "fire_at_will"
		}
		way {

		}
	}
	structures {
		name:t = "t1_art_19"
		tm:m = [[0.887011, 0.0, -0.461748] [0.0, 1.0, 0.0] [0.461748, 0.0, 0.887011] [-19793.3, 166.65, 438.45]]
		unit_class:t = "germ_37mm_pak36_noground_light"
		closed_waypoints:b = false
		isShipSpline:b = false
		shipTurnRadius:r = 100
		weapons:t = ""
		bullets0:t = ""
		bullets1:t = ""
		bullets2:t = ""
		bullets3:t = ""
		bulletsCount0:i = 0
		bulletsCount1:i = 0
		bulletsCount2:i = 0
		bulletsCount3:i = 0
		crewSkillK:r = 0
		applyAllMods:b = false
		props {
			army:i = 1
			count:i = 1
			formation_type:t = "rows"
			formation_div:i = 3
			formation_step:p2 = 2.5, 2
			formation_noise:p2 = 0.1, 0.1
			uniqueName:t = ""
			attack_type:t = "fire_at_will"
		}
		way {

		}
	}
	structures {
		name:t = "t1_art_20"
		tm:m = [[0.258819, 0.0, -0.965926] [0.0, 1.0, 0.0] [0.965926, 0.0, 0.258819] [-18678.5, 179.2, 1557.33]]
		unit_class:t = "germ_37mm_pak36_noground_light"
		closed_waypoints:b = false
		isShipSpline:b = false
		shipTurnRadius:r = 100
		weapons:t = ""
		bullets0:t = ""
		bullets1:t = ""
		bullets2:t = ""
		bullets3:t = ""
		bulletsCount0:i = 0
		bulletsCount1:i = 0
		bulletsCount2:i = 0
		bulletsCount3:i = 0
		crewSkillK:r = 0
		applyAllMods:b = false
		props {
			army:i = 1
			count:i = 1
			formation_type:t = "rows"
			formation_div:i = 3
			formation_step:p2 = 2.5, 2
			formation_noise:p2 = 0.1, 0.1
			uniqueName:t = ""
			attack_type:t = "fire_at_will"
		}
		way {

		}
	}
	structures {
		name:t = "t1_art_21"
		tm:m = [[0.920363, 0.0805214, -0.382683] [-0.0871557, 0.996195, 0.0] [0.381227, 0.033353, 0.923879] [-19352.6, 156.019, 1203.9]]
		unit_class:t = "germ_37mm_pak36_noground_light"
		closed_waypoints:b = false
		isShipSpline:b = false
		shipTurnRadius:r = 100
		weapons:t = ""
		bullets0:t = ""
		bullets1:t = ""
		bullets2:t = ""
		bullets3:t = ""
		bulletsCount0:i = 0
		bulletsCount1:i = 0
		bulletsCount2:i = 0
		bulletsCount3:i = 0
		crewSkillK:r = 0
		applyAllMods:b = false
		props {
			army:i = 1
			count:i = 1
			formation_type:t = "rows"
			formation_div:i = 3
			formation_step:p2 = 2.5, 2
			formation_noise:p2 = 0.1, 0.1
			uniqueName:t = ""
			attack_type:t = "fire_at_will"
		}
		way {

		}
	}
	structures {
		name:t = "t1_art_22"
		tm:m = [[-0.537299, 0.0, -0.843392] [0.0, 1.0, 0.0] [0.843392, 0.0, -0.537299] [-18438.6, 212.074, 2102.08]]
		unit_class:t = "germ_37mm_pak36_noground_light"
		closed_waypoints:b = false
		isShipSpline:b = false
		shipTurnRadius:r = 100
		weapons:t = ""
		bullets0:t = ""
		bullets1:t = ""
		bullets2:t = ""
		bullets3:t = ""
		bulletsCount0:i = 0
		bulletsCount1:i = 0
		bulletsCount2:i = 0
		bulletsCount3:i = 0
		crewSkillK:r = 0
		applyAllMods:b = false
		props {
			army:i = 1
			count:i = 1
			formation_type:t = "rows"
			formation_div:i = 3
			formation_step:p2 = 2.5, 2
			formation_noise:p2 = 0.1, 0.1
			uniqueName:t = ""
			attack_type:t = "fire_at_will"
		}
		way {

		}
	}
	structures {
		name:t = "t1_art_23"
		tm:m = [[-0.130402, 0.00569346, -0.991444] [0.0436194, 0.999048, 0.0] [0.9905, -0.0432462, -0.130526] [-20468.7, 185.436, 673.754]]
		unit_class:t = "germ_37mm_pak36_noground_light"
		closed_waypoints:b = false
		isShipSpline:b = false
		shipTurnRadius:r = 100
		weapons:t = ""
		bullets0:t = ""
		bullets1:t = ""
		bullets2:t = ""
		bullets3:t = ""
		bulletsCount0:i = 0
		bulletsCount1:i = 0
		bulletsCount2:i = 0
		bulletsCount3:i = 0
		crewSkillK:r = 0
		applyAllMods:b = false
		props {
			army:i = 1
			count:i = 1
			formation_type:t = "rows"
			formation_div:i = 3
			formation_step:p2 = 2.5, 2
			formation_noise:p2 = 0.1, 0.1
			uniqueName:t = ""
			attack_type:t = "fire_at_will"
		}
		way {

		}
	}
	squad {
		name:t = "t1_artillery_squad"
		tm:m = [[1.0, 0.0, 0.0] [0.0, 1.0, 0.0] [0.0, 0.0, 1.0] [-20062.9, 166.11, 2606.12]]
		props {
			squad_members:t = "t1_art_01"
			squad_members:t = "t1_art_02"
			squad_members:t = "t1_art_03"
			squad_members:t = "t1_art_04"
			squad_members:t = "t1_art_05"
			squad_members:t = "t1_art_06"
			squad_members:t = "t1_art_08"
			squad_members:t = "t1_art_09"
			squad_members:t = "t1_art_10"
			squad_members:t = "t1_art_11"
			squad_members:t = "t1_art_12"
			squad_members:t = "t1_art_13"
			squad_members:t = "t1_art_14"
			squad_members:t = "t1_art_15"
			squad_members:t = "t1_art_16"
			squad_members:t = "t1_art_17"
			squad_members:t = "t1_art_18"
			squad_members:t = "t1_art_19"
			squad_members:t = "t1_art_20"
			squad_members:t = "t1_art_21"
			squad_members:t = "t1_art_22"
			squad_members:t = "t1_art_23"
			squad_members:t = "t1_art_24"
			squad_members:t = "t1_art_25"
			squad_members:t = "t1_art_26"
			squad_members:t = "t1_art_27"
