selected_tag:t = ""
bin_dump_file:t = ""
mission_settings {
	player {
		army:i = 1
	}
	player_teamB {
		army:i = 2
	}
	mission {
		level:t = "levels/ruhr.bin"
		type:t = "domination"
		environment:t = "Day"
		weather:t = "clear"
		locName:t = "missions/ruhr_BfD_norespawn"
		locDesc:t = "missions/_BfD_norespawn/desc"
		scoreLimit:i = 2900
		timeLimit:i = 25
		deathPenaltyMul:r = 0
		allowEmptyTeams:b = false
		country_axis:t = "germany"
		country_allies:t = "usa"
		restoreType:t = "attempts"
		optionalTakeOff:b = false
		allowedUnitTypes {
			isAirplanesAllowed:b = true
			isTanksAllowed:b = false
			isShipsAllowed:b = false
			isHelicoptersAllowed:b = false
		}
	}
}
imports {

}
triggers {
	isCategory:b = true
	is_enabled:b = true
}
mission_objectives {
	isCategory:b = true
	is_enabled:b = true
}
variables {

}
dialogs {

}
airfields {

}
effects {

}
units {
	tankModels {
		name:t = "t2_tank_01_01"
		tm:m = [[0.216439, 0.0, -0.976295] [0.0, 1.0, 0.0] [0.976295, 0.0, 0.216439] [24796.0, 22.8984, 40338.4]]
		unit_class:t = "germ_leopard_I_a1"
		objLayer:i = 1
		closed_waypoints:b = false
		isShipSpline:b = false
		shipTurnRadius:r = 100
		weapons:t = ""
		bullets0:t = ""
		bullets1:t = ""
		bullets2:t = ""
		bullets3:t = ""
		bulletsCount0:i = 0
		bulletsCount1:i = 0
		bulletsCount2:i = 0
		bulletsCount3:i = 0
		crewSkillK:r = 0
		applyAllMods:b = false
		props {
			army:i = 2
			count:i = 1
			formation_type:t = "rows"
			formation_div:i = 1
			formation_step:p2 = 12, 6
			formation_noise:p2 = 0.4, 0.5
			uniqueName:t = ""
			attack_type:t = "fire_at_will"
			isDelayed:b = true
		}
		way {

		}
	}
	tankModels {
		name:t = "t1_tank_02_01"
		tm:m = [[0.09027, 0.0, 0.995918] [0.0, 1.0, 0.0] [-0.995918, 0.0, 0.09027] [-12288.4, 25.1621, -46398.0]]
		unit_class:t = "us_m60a1"
		objLayer:i = 1
		closed_waypoints:b = false
		isShipSpline:b = false
		shipTurnRadius:r = 100
		weapons:t = ""
		bullets0:t = ""
		bullets1:t = ""
		bullets2:t = ""
		bullets3:t = ""
		bulletsCount0:i = 0
		bulletsCount1:i = 0
		bulletsCount2:i = 0
		bulletsCount3:i = 0
		crewSkillK:r = 0
		applyAllMods:b = false
		props {
			army:i = 1
			count:i = 1
			formation_type:t = "rows"
			formation_div:i = 1
			formation_step:p2 = 12, 6
			formation_noise:p2 = 0.4, 0.5
			uniqueName:t = ""
			attack_type:t = "fire_at_will"
			isDelayed:b = true
		}
		way {

		}
	}
	tankModels {
		name:t = "t1_tank_03_01"
		tm:m = [[-0.0329423, 0.0, 0.999458] [0.0, 1.0, 0.0] [-0.999458, 0.0, -0.0329423] [-6193.87, 36.8096, -46914.3]]
		unit_class:t = "us_m60a1"
		objLayer:i = 1
		closed_waypoints:b = false
		isShipSpline:b = false
		shipTurnRadius:r = 100
		weapons:t = ""
		bullets0:t = ""
		bullets1:t = ""
		bullets2:t = ""
		bullets3:t = ""
		bulletsCount0:i = 0
		bulletsCount1:i = 0
		bulletsCount2:i = 0
		bulletsCount3:i = 0
		crewSkillK:r = 0
		applyAllMods:b = false
		props {
			army:i = 1
			count:i = 1
			formation_type:t = "rows"
			formation_div:i = 1
			formation_step:p2 = 12, 6
			formation_noise:p2 = 0.4, 0.5
			uniqueName:t = ""
			attack_type:t = "fire_at_will"
			isDelayed:b = true
		}
		way {

		}
	}
	tankModels {
		name:t = "t1_tank_01_01"
		tm:m = [[-0.996194, 0.0, -0.0871558] [0.0, 1.0, 0.0] [0.0871558, 0.0, -0.996194] [10274.2, 42.5098, -45245.3]]
		unit_class:t = "us_m60a1"
		objLayer:i = 1
		closed_waypoints:b = false
		isShipSpline:b = false
		shipTurnRadius:r = 100
		weapons:t = ""
		bullets0:t = ""
		bullets1:t = ""
		bullets2:t = ""
		bullets3:t = ""
		bulletsCount0:i = 0
		bulletsCount1:i = 0
		bulletsCount2:i = 0
		bulletsCount3:i = 0
		crewSkillK:r = 0
		applyAllMods:b = false
		props {
			army:i = 1
			count:i = 1
			formation_type:t = "rows"
			formation_div:i = 1
			formation_step:p2 = 12, 6
			formation_noise:p2 = 0.4, 0.5
			uniqueName:t = ""
			attack_type:t = "fire_at_will"
			isDelayed:b = true
		}
		way {

		}
	}
	tankModels {
		name:t = "t1_truck_03_01"
		tm:m = [[-0.0329423, 0.0, 0.999458] [0.0, 1.0, 0.0] [-0.999458, 0.0, -0.0329423] [-6124.18, 36.7598, -47664.6]]
		unit_class:t = "us_apc_m113"
		objLayer:i = 1
		closed_waypoints:b = false
		isShipSpline:b = false
		shipTurnRadius:r = 100
		weapons:t = ""
		bullets0:t = ""
		bullets1:t = ""
		bullets2:t = ""
		bullets3:t = ""
		bulletsCount0:i = 0
		bulletsCount1:i = 0
		bulletsCount2:i = 0
		bulletsCount3:i = 0
		crewSkillK:r = 0
		applyAllMods:b = false
		props {
			army:i = 1
			count:i = 1
			formation_type:t = "rows"
			formation_div:i = 2
			formation_step:p2 = 12, 8
			formation_noise:p2 = 0.4, 0.5
			uniqueName:t = ""
			attack_type:t = "fire_at_will"
			isDelayed:b = true
		}
		way {

		}
	}
	tankModels {
		name:t = "t1_truck_aaa_01_01"
		tm:m = [[-0.953716, 0.0, 0.300705] [0.0, 1.0, 0.0] [-0.300705, 0.0, -0.953716] [11924.0, 96.1094, -46874.9]]
		unit_class:t = "uk_rooikat_za_35"
		objLayer:i = 1
		closed_waypoints:b = false
		isShipSpline:b = false
		shipTurnRadius:r = 100
		weapons:t = "uk_rooikat_za_35_default"
		bullets0:t = "35mm_kda_APHEI"
		bullets1:t = ""
		bullets2:t = ""
		bullets3:t = ""
		bulletsCount0:i = 0
		bulletsCount1:i = 0
		bulletsCount2:i = 0
		bulletsCount3:i = 0
		crewSkillK:r = 0
		applyAllMods:b = false
		props {
			army:i = 1
			count:i = 1
			formation_type:t = "rows"
			formation_div:i = 2
			formation_step:p2 = 12, 6
			formation_noise:p2 = 0.4, 0.5
			uniqueName:t = ""
			attack_type:t = "fire_at_will"
			isDelayed:b = true
		}
		way {

		}
	}
	tankModels {
		name:t = "t1_truck_01_01"
		tm:m = [[-0.976296, 0.0, 0.21644] [0.0, 1.0, 0.0] [-0.21644, 0.0, -0.976296] [10892.1, 96.1098, -46015.4]]
		unit_class:t = "us_apc_m113"
		objLayer:i = 1
		closed_waypoints:b = false
		isShipSpline:b = false
		shipTurnRadius:r = 100
		weapons:t = ""
		bullets0:t = ""
		bullets1:t = ""
		bullets2:t = ""
		bullets3:t = ""
		bulletsCount0:i = 0
		bulletsCount1:i = 0
		bulletsCount2:i = 0
		bulletsCount3:i = 0
		crewSkillK:r = 0
		applyAllMods:b = false
		props {
			army:i = 1
			count:i = 1
			formation_type:t = "rows"
			formation_div:i = 2
			formation_step:p2 = 12, 6
			formation_noise:p2 = 0.4, 0.5
			uniqueName:t = ""
			attack_type:t = "fire_at_will"
			isDelayed:b = true
		}
		way {

		}
	}
	tankModels {
		name:t = "t2_truck_aaa_01_01"
		tm:m = [[0.216439, 0.0, -0.976295] [0.0, 1.0, 0.0] [0.976295, 0.0, 0.216439] [24549.6, 22.8984, 41522.2]]
		unit_class:t = "germ_flakpz_I_Gepard"
		objLayer:i = 1
		closed_waypoints:b = false
		isShipSpline:b = false
		shipTurnRadius:r = 100
		weapons:t = ""
		bullets0:t = ""
		bullets1:t = ""
		bullets2:t = ""
		bullets3:t = ""
		bulletsCount0:i = 0
		bulletsCount1:i = 0
		bulletsCount2:i = 0
		bulletsCount3:i = 0
		crewSkillK:r = 0
		applyAllMods:b = false
		props {
			army:i = 2
			count:i = 1
			formation_type:t = "rows"
			formation_div:i = 2
			formation_step:p2 = 12, 6
			formation_noise:p2 = 0.4, 0.5
			uniqueName:t = ""
			attack_type:t = "fire_at_will"
			isDelayed:b = true
		}
		way {

		}
	}
	tankModels {
		name:t = "t1_truck_02_01"
		tm:m = [[0.09027, 0.0, 0.995918] [0.0, 1.0, 0.0] [-0.995918, 0.0, 0.09027] [-12341.7, 25.2617, -47149.7]]
		unit_class:t = "us_apc_m113"
		objLayer:i = 1
		closed_waypoints:b = false
		isShipSpline:b = false
		shipTurnRadius:r = 100
		weapons:t = ""
		bullets0:t = ""
		bullets1:t = ""
		bullets2:t = ""
		bullets3:t = ""
		bulletsCount0:i = 0
		bulletsCount1:i = 0
		bulletsCount2:i = 0
		bulletsCount3:i = 0
		crewSkillK:r = 0
		applyAllMods:b = false
		props {
			army:i = 1
			count:i = 1
			formation_type:t = "rows"
			formation_div:i = 2
			formation_step:p2 = 12, 6
			formation_noise:p2 = 0.4, 0.5
			uniqueName:t = ""
			attack_type:t = "fire_at_will"
			isDelayed:b = true
		}
		way {

		}
	}
	tankModels {
		name:t = "t1_truck_aaa_02_01"
		tm:m = [[0.261838, 0.0, 0.965113] [0.0, 1.0, 0.0] [-0.965113, 0.0, 0.261838] [-12380.3, 25.2617, -47814.0]]
		unit_class:t = "uk_rooikat_za_35"
		objLayer:i = 1
		closed_waypoints:b = false
		isShipSpline:b = false
		shipTurnRadius:r = 100
		weapons:t = "uk_rooikat_za_35_default"
		bullets0:t = "35mm_kda_APHEI"
		bullets1:t = ""
		bullets2:t = ""
		bullets3:t = ""
		bulletsCount0:i = 0
		bulletsCount1:i = 0
		bulletsCount2:i = 0
		bulletsCount3:i = 0
		crewSkillK:r = 0
		applyAllMods:b = false
		props {
			army:i = 1
			count:i = 1
			formation_type:t = "rows"
			formation_div:i = 2
			formation_step:p2 = 12, 6
			formation_noise:p2 = 0.4, 0.5
			uniqueName:t = ""
			attack_type:t = "fire_at_will"
			isDelayed:b = true
		}
		way {

		}
	}
	tankModels {
		name:t = "t1_truck_aaa_03_01"
		tm:m = [[-0.0329423, 0.0, 0.999458] [0.0, 1.0, 0.0] [-0.999458, 0.0, -0.0329423] [-6073.56, 36.7598, -48314.0]]
		unit_class:t = "uk_rooikat_za_35"
		objLayer:i = 1
		closed_waypoints:b = false
		isShipSpline:b = false
		shipTurnRadius:r = 100
		weapons:t = "uk_rooikat_za_35_default"
		bullets0:t = "35mm_kda_APHEI"
		bullets1:t = ""
		bullets2:t = ""
		bullets3:t = ""
		bulletsCount0:i = 0
		bulletsCount1:i = 0
		bulletsCount2:i = 0
		bulletsCount3:i = 0
		crewSkillK:r = 0
		applyAllMods:b = false
		props {
			army:i = 1
			count:i = 1
			formation_type:t = "rows"
			formation_div:i = 2
			formation_step:p2 = 12, 6
			formation_noise:p2 = 0.4, 0.5
			uniqueName:t = ""
			attack_type:t = "fire_at_will"
			isDelayed:b = true
		}
		way {

		}
	}
	tankModels {
		name:t = "t2_truck_01_01"
		tm:m = [[0.216439, 0.0, -0.976295] [0.0, 1.0, 0.0] [0.976295, 0.0, 0.216439] [24668.6, 22.898, 40894.8]]
		unit_class:t = "germ_apc_m113"
		objLayer:i = 1
		closed_waypoints:b = false
		isShipSpline:b = false
		shipTurnRadius:r = 100
		weapons:t = ""
		bullets0:t = ""
		bullets1:t = ""
		bullets2:t = ""
		bullets3:t = ""
		bulletsCount0:i = 0
		bulletsCount1:i = 0
		bulletsCount2:i = 0
		bulletsCount3:i = 0
		crewSkillK:r = 0
		applyAllMods:b = false
		props {
			army:i = 2
			count:i = 1
			formation_type:t = "rows"
			formation_div:i = 1
			formation_step:p2 = 12, 6
			formation_noise:p2 = 0.4, 0.5
			uniqueName:t = ""
			attack_type:t = "fire_at_will"
			isDelayed:b = true
		}
		way {

		}
	}
	tankModels {
		name:t = "t2_tank_02_01"
		tm:m = [[0.718038, 0.0, -0.696003] [0.0, 1.0, 0.0] [0.696003, 0.0, 0.718038] [13266.4, 33.581, 36953.9]]
		unit_class:t = "germ_leopard_I_a1"
		objLayer:i = 1
		closed_waypoints:b = false
		isShipSpline:b = false
		shipTurnRadius:r = 100
		weapons:t = ""
		bullets0:t = ""
		bullets1:t = ""
		bullets2:t = ""
		bullets3:t = ""
		bulletsCount0:i = 0
		bulletsCount1:i = 0
		bulletsCount2:i = 0
		bulletsCount3:i = 0
		crewSkillK:r = 0
		applyAllMods:b = false
		props {
			army:i = 2
			count:i = 1
			formation_type:t = "rows"
			formation_div:i = 1
			formation_step:p2 = 12, 6
			formation_noise:p2 = 0.4, 0.5
			uniqueName:t = ""
			attack_type:t = "fire_at_will"
			isDelayed:b = true
		}
		way {

		}
	}
	tankModels {
		name:t = "t2_truck_aaa_02_01"
		tm:m = [[0.718038, 0.0, -0.696003] [0.0, 1.0, 0.0] [0.696003, 0.0, 0.718038] [12497.9, 33.581, 37924.8]]
		unit_class:t = "germ_flakpz_I_Gepard"
		objLayer:i = 1
		closed_waypoints:b = false
		isShipSpline:b = false
		shipTurnRadius:r = 100
		weapons:t = ""
		bullets0:t = ""
		bullets1:t = ""
		bullets2:t = ""
		bullets3:t = ""
		bulletsCount0:i = 0
		bulletsCount1:i = 0
		bulletsCount2:i = 0
		bulletsCount3:i = 0
		crewSkillK:r = 0
		applyAllMods:b = false
		props {
			army:i = 2
			count:i = 1
			formation_type:t = "rows"
			formation_div:i = 2
			formation_step:p2 = 12, 6
			formation_noise:p2 = 0.4, 0.5
			uniqueName:t = ""
			attack_type:t = "fire_at_will"
			isDelayed:b = true
		}
		way {

		}
	}
	tankModels {
		name:t = "t2_truck_02_01"
		tm:m = [[0.718038, 0.0, -0.696003] [0.0, 1.0, 0.0] [0.696003, 0.0, 0.718038] [12895.1, 33.5805, 37448.6]]
		unit_class:t = "germ_apc_m113"
		objLayer:i = 1
		closed_waypoints:b = false
		isShipSpline:b = false
		shipTurnRadius:r = 100
		weapons:t = ""
		bullets0:t = ""
		bullets1:t = ""
		bullets2:t = ""
		bullets3:t = ""
		bulletsCount0:i = 0
		bulletsCount1:i = 0
		bulletsCount2:i = 0
		bulletsCount3:i = 0
		crewSkillK:r = 0
		applyAllMods:b = false
		props {
			army:i = 2
			count:i = 1
			formation_type:t = "rows"
			formation_div:i = 1
			formation_step:p2 = 12, 6
			formation_noise:p2 = 0.4, 0.5
			uniqueName:t = ""
			attack_type:t = "fire_at_will"
			isDelayed:b = true
		}
		way {

		}
	}
	squad {
		name:t = "t1_road_01_squad"
		tm:m = [[1.0, 0.0, 0.0] [0.0, 1.0, 0.0] [0.0, 0.0, 1.0] [12870.9, 2724.54, -49255.0]]
		props {
			object_marking:i = 0
			squad_members:t = "t1_tank_01_01"
			squad_members:t = "t1_tank_01_02"
			squad_members:t = "t1_tank_01_03"
			squad_members:t = "t1_tank_01_04"
			squad_members:t = "t1_tank_01_05"
			squad_members:t = "t1_truck_01_01"
			squad_members:t = "t1_truck_01_02"
			squad_members:t = "t1_truck_01_03"
			squad_members:t = "t1_truck_01_04"
			squad_members:t = "t1_truck_01_05"
			squad_members:t = "t1_truck_01_06"
			squad_members:t = "t1_truck_01_07"
			squad_members:t = "t1_truck_aaa_01_01"
			squad_members:t = "t1_truck_aaa_01_02"
			squad_members:t = "t1_truck_aaa_01_03"
		}
	}
	squad {
		name:t = "t1_road_02_squad"
		tm:m = [[1.0, 0.0, 0.0] [0.0, 1.0, 0.0] [0.0, 0.0, 1.0] [-18067.4, 25.2149, -44758.2]]
		props {
			object_marking:i = 0
			squad_members:t = "t1_tank_02_01"
			squad_members:t = "t1_tank_02_02"
			squad_members:t = "t1_tank_02_03"
			squad_members:t = "t1_tank_02_04"
			squad_members:t = "t1_tank_02_05"
			squad_members:t = "t1_truck_02_01"
			squad_members:t = "t1_truck_02_02"
			squad_members:t = "t1_truck_02_03"
			squad_members:t = "t1_truck_02_04"
			squad_members:t = "t1_truck_02_05"
			squad_members:t = "t1_truck_02_06"
			squad_members:t = "t1_truck_02_07"
			squad_members:t = "t1_truck_aaa_01_01"
			squad_members:t = "t1_truck_aaa_02_02"
			squad_members:t = "t1_truck_aaa_02_03"
		}
	}
	squad {
		name:t = "t1_road_03_squad"
		tm:m = [[1.0, 0.0, 0.0] [0.0, 1.0, 0.0] [0.0, 0.0, 1.0] [-6612.39, 36.7871, -49993.9]]
		props {
			object_marking:i = 0
			squad_members:t = "t1_tank_03_01"
			squad_members:t = "t1_tank_03_02"
			squad_members:t = "t1_tank_03_03"
			squad_members:t = "t1_truck_03_01"
			squad_members:t = "t1_truck_03_02"
			squad_members:t = "t1_truck_03_03"
			squad_members:t = "t1_truck_03_04"
			squad_members:t = "t1_truck_03_05"
			squad_members:t = "t1_truck_aaa_03_01"
			squad_members:t = "t1_truck_aaa_03_02"
		}
	}
	squad {
		name:t = "t2_road_01_squad"
		tm:m = [[1.0, 0.0, 0.0] [0.0, 1.0, 0.0] [0.0, 0.0, 1.0] [26660.6, 22.8984, 42917.6]]
		props {
			object_marking:i = 0
			squad_members:t = "t2_tank_01_01"
			squad_members:t = "t2_tank_01_02"
			squad_members:t = "t2_truck_01_01"
			squad_members:t = "t2_truck_01_02"
			squad_members:t = "t2_truck_01_03"
			squad_members:t = "t2_truck_01_04"
			squad_members:t = "t2_truck_aaa_01_01"
			squad_members:t = "t2_truck_aaa_01_02"
		}
	}
	squad {
		name:t = "t2_road_02_squad"
		tm:m = [[1.0, 0.0, 0.0] [0.0, 1.0, 0.0] [0.0, 0.0, 1.0] [16613.8, 33.581, 46888.9]]
		props {
			object_marking:i = 0
			squad_members:t = "t2_tank_02_01"
			squad_members:t = "t2_tank_02_02"
			squad_members:t = "t2_truck_02_01"
			squad_members:t = "t2_truck_02_02"
			squad_members:t = "t2_truck_02_03"
			squad_members:t = "t2_truck_02_04"
			squad_members:t = "t2_truck_aaa_02_01"
			squad_members:t = "t2_truck_aaa_02_02"
		}
	}
	squad {
		name:t = "t1_tanks_squad"
		tm:m = [[1.0, 0.0, 0.0] [0.0, 1.0, 0.0] [0.0, 0.0, 1.0] [-7707.12, 34.8311, -55599.5]]
		props {
			object_marking:i = 0
			squad_members:t = "t1_tank_01_01"
			squad_members:t = "t1_tank_01_02"
			squad_members:t = "t1_tank_01_03"
			squad_members:t = "t1_tank_01_04"
			squad_members:t = "t1_tank_01_05"
			squad_members:t = "t1_tank_02_01"
			squad_members:t = "t1_tank_02_02"
			squad_members:t = "t1_tank_02_03"
			squad_members:t = "t1_tank_02_04"
			squad_members:t = "t1_tank_02_05"
			squad_members:t = "t1_tank_03_01"
			squad_members:t = "t1_tank_03_02"
			squad_members:t = "t1_tank_03_03"
		}
	}
	squad {
		name:t = "t1_trucks_squad"
		tm:m = [[1.0, 0.0, 0.0] [0.0, 1.0, 0.0] [0.0, 0.0, 1.0] [-6241.98, 52.711, -58243.3]]
		props {
			object_marking:i = 0
			squad_members:t = "t1_truck_01_01"
			squad_members:t = "t1_truck_01_02"
			squad_members:t = "t1_truck_01_03"
			squad_members:t = "t1_truck_01_04"
			squad_members:t = "t1_truck_01_05"
			squad_members:t = "t1_truck_01_06"
			squad_members:t = "t1_truck_01_07"
			squad_members:t = "t1_truck_02_01"
			squad_members:t = "t1_truck_02_02"
			squad_members:t = "t1_truck_02_03"
			squad_members:t = "t1_truck_02_04"
			squad_members:t = "t1_truck_02_05"
			squad_members:t = "t1_truck_02_06"
			squad_members:t = "t1_truck_02_07"
			squad_members:t = "t1_truck_03_01"
			squad_members:t = "t1_truck_03_02"
			squad_members:t = "t1_truck_03_03"
			squad_members:t = "t1_truck_03_04"
			squad_members:t = "t1_truck_03_05"
		}
	}
	squad {
		name:t = "t1_trucks_aaa_squad"
		tm:m = [[1.0, 0.0, 0.0] [0.0, 1.0, 0.0] [0.0, 0.0, 1.0] [-9280.97, 52.7159, -57832.0]]
		props {
			object_marking:i = 0
			squad_members:t = "t1_truck_aaa_01_01"
			squad_members:t = "t1_truck_aaa_01_02"
			squad_members:t = "t1_truck_aaa_01_03"
			squad_members:t = "t1_truck_aaa_02_01"
			squad_members:t = "t1_truck_aaa_02_02"
			squad_members:t = "t1_truck_aaa_02_03"
			squad_members:t = "t1_truck_aaa_03_01"
			squad_members:t = "t1_truck_aaa_03_02"
		}
	}
	squad {
		name:t = "t2_tanks_squad"
		tm:m = [[1.0, 0.0, 0.0] [0.0, 1.0, 0.0] [0.0, 0.0, 1.0] [27875.3, 27.5341, 55572.0]]
		props {
			object_marking:i = 0
			squad_members:t = "t2_tank_01_01"
			squad_members:t = "t2_tank_01_02"
			squad_members:t = "t2_tank_02_01"
			squad_members:t = "t2_tank_02_02"
		}
	}
	squad {
		name:t = "t2_trucks_squad"
		tm:m = [[1.0, 0.0, 0.0] [0.0, 1.0, 0.0] [0.0, 0.0, 1.0] [30834.9, 27.5468, 58513.9]]
		props {
			object_marking:i = 0
			squad_members:t = "t2_truck_01_01"
			squad_members:t = "t2_truck_01_02"
			squad_members:t = "t2_truck_01_03"
			squad_members:t = "t2_truck_01_04"
			squad_members:t = "t2_truck_02_01"
			squad_members:t = "t2_truck_02_02"
			squad_members:t = "t2_truck_02_03"
			squad_members:t = "t2_truck_02_04"
		}
	}
	squad {
		name:t = "t2_trucks_aaa_squad"
		tm:m = [[1.0, 0.0, 0.0] [0.0, 1.0, 0.0] [0.0, 0.0, 1.0] [25815.2, 27.5361, 58216.2]]
		props {
			object_marking:i = 0
			squad_members:t = "t2_truck_aaa_01_01"
			squad_members:t = "t2_truck_aaa_01_02"
			squad_members:t = "t2_truck_aaa_02_01"
			squad_members:t = "t2_truck_aaa_02_02"
		}
	}
	squad {
		name:t = "all_road_units_squad"
		tm:m = [[1.0, 0.0, 0.0] [0.0, 1.0, 0.0] [0.0, 0.0, 1.0] [-44273.6, 478.193, -9319.39]]
		props {
			object_marking:i = 0
			squad_members:t = "t1_road_01_squad"
			squad_members:t = "t1_road_02_squad"
			squad_members:t = "t1_road_03_squad"
			squad_members:t = "t2_road_01_squad"
			squad_members:t = "t2_road_02_squad"
		}
	}
	tankModels {
		name:t = "t1_tank_01_02"
		tm:m = [[-0.996194, 0.0, -0.0871558] [0.0, 1.0, 0.0] [0.0871558, 0.0, -0.996194] [10481.5, 42.5098, -45181.1]]
		unit_class:t = "us_m60a1"
		objLayer:i = 1
		closed_waypoints:b = false
		isShipSpline:b = false
		shipTurnRadius:r = 100
		weapons:t = ""
		bullets0:t = ""
		bullets1:t = ""
		bullets2:t = ""
		bullets3:t = ""
		bulletsCount0:i = 0
		bulletsCount1:i = 0
		bulletsCount2:i = 0
		bulletsCount3:i = 0
		crewSkillK:r = 0
		applyAllMods:b = false
		props {
			army:i = 1
			count:i = 1
			formation_type:t = "rows"
			formation_div:i = 1
			formation_step:p2 = 12, 6
			formation_noise:p2 = 0.4, 0.5
			uniqueName:t = ""
			attack_type:t = "fire_at_will"
			isDelayed:b = true
		}
		way {

		}
	}
	tankModels {
		name:t = "t1_tank_01_03"
		tm:m = [[-0.996194, 0.0, -0.0871558] [0.0, 1.0, 0.0] [0.0871558, 0.0, -0.996194] [10673.8, 42.5093, -45111.4]]
		unit_class:t = "us_m60a1"
		objLayer:i = 1
		closed_waypoints:b = false
		isShipSpline:b = false
		shipTurnRadius:r = 100
		weapons:t = ""
		bullets0:t = ""
		bullets1:t = ""
		bullets2:t = ""
		bullets3:t = ""
		bulletsCount0:i = 0
		bulletsCount1:i = 0
		bulletsCount2:i = 0
		bulletsCount3:i = 0
		crewSkillK:r = 0
		applyAllMods:b = false
		props {
			army:i = 1
			count:i = 1
			formation_type:t = "rows"
			formation_div:i = 1
			formation_step:p2 = 12, 6
			formation_noise:p2 = 0.4, 0.5
			uniqueName:t = ""
			attack_type:t = "fire_at_will"
			isDelayed:b = true
		}
		way {

		}
	}
	tankModels {
		name:t = "t1_tank_01_04"
		tm:m = [[-0.996194, 0.0, -0.0871558] [0.0, 1.0, 0.0] [0.0871558, 0.0, -0.996194] [10846.1, 42.509, -45050.3]]
		unit_class:t = "us_m60a1"
		objLayer:i = 1
		closed_waypoints:b = false
		isShipSpline:b = false
		shipTurnRadius:r = 100
		weapons:t = ""
		bullets0:t = ""
		bullets1:t = ""
		bullets2:t = ""
		bullets3:t = ""
		bulletsCount0:i = 0
		bulletsCount1:i = 0
		bulletsCount2:i = 0
		bulletsCount3:i = 0
		crewSkillK:r = 0
		applyAllMods:b = false
		props {
			army:i = 1
			count:i = 1
			formation_type:t = "rows"
			formation_div:i = 1
			formation_step:p2 = 12, 6
			formation_noise:p2 = 0.4, 0.5
			uniqueName:t = ""
			attack_type:t = "fire_at_will"
			isDelayed:b = true
		}
		way {

		}
	}
	tankModels {
		name:t = "t1_tank_01_05"
		tm:m = [[-0.996194, 0.0, -0.0871558] [0.0, 1.0, 0.0] [0.0871558, 0.0, -0.996194] [11015.1, 42.5093, -45000.2]]
		unit_class:t = "us_m60a1"
		objLayer:i = 1
		closed_waypoints:b = false
		isShipSpline:b = false
		shipTurnRadius:r = 100
		weapons:t = ""
		bullets0:t = ""
		bullets1:t = ""
		bullets2:t = ""
		bullets3:t = ""
		bulletsCount0:i = 0
		bulletsCount1:i = 0
		bulletsCount2:i = 0
		bulletsCount3:i = 0
		crewSkillK:r = 0
		applyAllMods:b = false
		props {
			army:i = 1
			count:i = 1
			formation_type:t = "rows"
			formation_div:i = 1
			formation_step:p2 = 12, 6
			formation_noise:p2 = 0.4, 0.5
			uniqueName:t = ""
			attack_type:t = "fire_at_will"
			isDelayed:b = true
		}
		way {

		}
	}
	tankModels {
		name:t = "t1_truck_01_02"
		tm:m = [[-0.976296, 0.0, 0.21644] [0.0, 1.0, 0.0] [-0.21644, 0.0, -0.976296] [11042.6, 96.1099, -45972.2]]
		unit_class:t = "us_apc_m113"
		objLayer:i = 1
		closed_waypoints:b = false
		isShipSpline:b = false
		shipTurnRadius:r = 100
		weapons:t = ""
		bullets0:t = ""
		bullets1:t = ""
		bullets2:t = ""
		bullets3:t = ""
		bulletsCount0:i = 0
		bulletsCount1:i = 0
		bulletsCount2:i = 0
		bulletsCount3:i = 0
		crewSkillK:r = 0
		applyAllMods:b = false
		props {
			army:i = 1
			count:i = 1
			formation_type:t = "rows"
			formation_div:i = 2
			formation_step:p2 = 12, 6
			formation_noise:p2 = 0.4, 0.5
			uniqueName:t = ""
			attack_type:t = "fire_at_will"
			isDelayed:b = true
		}
		way {

		}
	}
	tankModels {
		name:t = "t1_truck_01_03"
		tm:m = [[-0.976296, 0.0, 0.21644] [0.0, 1.0, 0.0] [-0.21644, 0.0, -0.976296] [11191.5, 96.1099, -45902.0]]
		unit_class:t = "us_apc_m113"
		objLayer:i = 1
		closed_waypoints:b = false
		isShipSpline:b = false
		shipTurnRadius:r = 100
		weapons:t = ""
		bullets0:t = ""
		bullets1:t = ""
		bullets2:t = ""
		bullets3:t = ""
		bulletsCount0:i = 0
		bulletsCount1:i = 0
		bulletsCount2:i = 0
		bulletsCount3:i = 0
		crewSkillK:r = 0
		applyAllMods:b = false
		props {
			army:i = 1
			count:i = 1
			formation_type:t = "rows"
			formation_div:i = 2
			formation_step:p2 = 12, 6
			formation_noise:p2 = 0.4, 0.5
			uniqueName:t = ""
			attack_type:t = "fire_at_will"
			isDelayed:b = true
		}
		way {

		}
	}
	tankModels {
		name:t = "t1_truck_01_04"
		tm:m = [[-0.976296, 0.0, 0.21644] [0.0, 1.0, 0.0] [-0.21644, 0.0, -0.976296] [11336.8, 96.1099, -45864.6]]
		unit_class:t = "us_apc_m113"
		objLayer:i = 1
		closed_waypoints:b = false
		isShipSpline:b = false
		shipTurnRadius:r = 100
		weapons:t = ""
		bullets0:t = ""
		bullets1:t = ""
		bullets2:t = ""
		bullets3:t = ""
		bulletsCount0:i = 0
		bulletsCount1:i = 0
		bulletsCount2:i = 0
		bulletsCount3:i = 0
		crewSkillK:r = 0
		applyAllMods:b = false
		props {
			army:i = 1
			count:i = 1
			formation_type:t = "rows"
			formation_div:i = 2
			formation_step:p2 = 12, 6
			formation_noise:p2 = 0.4, 0.5
			uniqueName:t = ""
			attack_type:t = "fire_at_will"
			isDelayed:b = true
		}
		way {

		}
	}
	tankModels {
		name:t = "t1_truck_01_05"
		tm:m = [[-0.976296, 0.0, 0.21644] [0.0, 1.0, 0.0] [-0.21644, 0.0, -0.976296] [11459.4, 96.1099, -45808.1]]
		unit_class:t = "us_apc_m113"
		objLayer:i = 1
		closed_waypoints:b = false
		isShipSpline:b = false
		shipTurnRadius:r = 100
		weapons:t = ""
		bullets0:t = ""
		bullets1:t = ""
		bullets2:t = ""
		bullets3:t = ""
		bulletsCount0:i = 0
		bulletsCount1:i = 0
		bulletsCount2:i = 0
		bulletsCount3:i = 0
		crewSkillK:r = 0
		applyAllMods:b = false
		props {
			army:i = 1
			count:i = 1
			formation_type:t = "rows"
			formation_div:i = 2
			formation_step:p2 = 12, 6
			formation_noise:p2 = 0.4, 0.5
			uniqueName:t = ""
			attack_type:t = "fire_at_will"
			isDelayed:b = true
		}
		way {

		}
	}
	tankModels {
		name:t = "t1_truck_01_06"
		tm:m = [[-0.976296, 0.0, 0.21644] [0.0, 1.0, 0.0] [-0.21644, 0.0, -0.976296] [11616.4, 96.1099, -45773.1]]
		unit_class:t = "us_apc_m113"
		objLayer:i = 1
		closed_waypoints:b = false
		isShipSpline:b = false
		shipTurnRadius:r = 100
		weapons:t = ""
		bullets0:t = ""
		bullets1:t = ""
		bullets2:t = ""
		bullets3:t = ""
		bulletsCount0:i = 0
		bulletsCount1:i = 0
		bulletsCount2:i = 0
		bulletsCount3:i = 0
		crewSkillK:r = 0
		applyAllMods:b = false
		props {
			army:i = 1
			count:i = 1
			formation_type:t = "rows"
			formation_div:i = 2
			formation_step:p2 = 12, 6
			formation_noise:p2 = 0.4, 0.5
			uniqueName:t = ""
			attack_type:t = "fire_at_will"
			isDelayed:b = true
		}
		way {

		}
	}
	tankModels {
		name:t = "t1_truck_01_07"
		tm:m = [[-0.976296, 0.0, 0.21644] [0.0, 1.0, 0.0] [-0.21644, 0.0, -0.976296] [11735.0, 96.1099, -45709.7]]
		unit_class:t = "us_apc_m113"
		objLayer:i = 1
		closed_waypoints:b = false
		isShipSpline:b = false
		shipTurnRadius:r = 100
		weapons:t = ""
		bullets0:t = ""
		bullets1:t = ""
		bullets2:t = ""
		bullets3:t = ""
		bulletsCount0:i = 0
		bulletsCount1:i = 0
		bulletsCount2:i = 0
		bulletsCount3:i = 0
		crewSkillK:r = 0
		applyAllMods:b = false
		props {
			army:i = 1
			count:i = 1
			formation_type:t = "rows"
			formation_div:i = 2
			formation_step:p2 = 12, 6
			formation_noise:p2 = 0.4, 0.5
			uniqueName:t = ""
			attack_type:t = "fire_at_will"
			isDelayed:b = true
		}
		way {

		}
	}
	tankModels {
		name:t = "t1_truck_aaa_01_02"
		tm:m = [[-0.953716, 0.0, 0.300705] [0.0, 1.0, 0.0] [-0.300705, 0.0, -0.953716] [12072.0, 96.1094, -46816.8]]
		unit_class:t = "uk_rooikat_za_35"
		objLayer:i = 1
		closed_waypoints:b = false
		isShipSpline:b = false
		shipTurnRadius:r = 100
		weapons:t = "uk_rooikat_za_35_default"
		bullets0:t = "35mm_kda_APHEI"
		bullets1:t = ""
		bullets2:t = ""
		bullets3:t = ""
		bulletsCount0:i = 0
		bulletsCount1:i = 0
		bulletsCount2:i = 0
		bulletsCount3:i = 0
		crewSkillK:r = 0
		applyAllMods:b = false
		props {
			army:i = 1
			count:i = 1
			formation_type:t = "rows"
			formation_div:i = 2
			formation_step:p2 = 12, 6
			formation_noise:p2 = 0.4, 0.5
			uniqueName:t = ""
			attack_type:t = "fire_at_will"
			isDelayed:b = true
		}
		way {

		}
	}
	tankModels {
		name:t = "t1_truck_aaa_01_03"
		tm:m = [[-0.953716, 0.0, 0.300705] [0.0, 1.0, 0.0] [-0.300705, 0.0, -0.953716] [12204.3, 96.1094, -46718.8]]
		unit_class:t = "uk_rooikat_za_35"
		objLayer:i = 1
		closed_waypoints:b = false
		isShipSpline:b = false
		shipTurnRadius:r = 100
		weapons:t = "uk_rooikat_za_35_default"
		bullets0:t = "35mm_kda_APHEI"
		bullets1:t = ""
		bullets2:t = ""
		bullets3:t = ""
		bulletsCount0:i = 0
		bulletsCount1:i = 0
		bulletsCount2:i = 0
		bulletsCount3:i = 0
		crewSkillK:r = 0
		applyAllMods:b = false
		props {
			army:i = 1
			count:i = 1
			formation_type:t = "rows"
			formation_div:i = 2
			formation_step:p2 = 12, 6
			formation_noise:p2 = 0.4, 0.5
			uniqueName:t = ""
			attack_type:t = "fire_at_will"
			isDelayed:b = true
		}
		way {

		}
	}
	tankModels {
		name:t = "t1_tank_02_02"
		tm:m = [[0.09027, 0.0, 0.995918] [0.0, 1.0, 0.0] [-0.995918, 0.0, 0.09027] [-12233.4, 25.1621, -46398.0]]
		unit_class:t = "us_m60a1"
		objLayer:i = 1
		closed_waypoints:b = false
		isShipSpline:b = false
		shipTurnRadius:r = 100
		weapons:t = ""
		bullets0:t = ""
		bullets1:t = ""
		bullets2:t = ""
		bullets3:t = ""
		bulletsCount0:i = 0
		bulletsCount1:i = 0
		bulletsCount2:i = 0
		bulletsCount3:i = 0
		crewSkillK:r = 0
		applyAllMods:b = false
		props {
			army:i = 1
			count:i = 1
			formation_type:t = "rows"
			formation_div:i = 1
			formation_step:p2 = 12, 6
			formation_noise:p2 = 0.4, 0.5
			uniqueName:t = ""
			attack_type:t = "fire_at_will"
			isDelayed:b = true
		}
		way {

		}
	}
	tankModels {
		name:t = "t1_tank_02_03"
		tm:m = [[0.09027, 0.0, 0.995918] [0.0, 1.0, 0.0] [-0.995918, 0.0, 0.09027] [-12166.7, 25.1621, -46398.0]]
		unit_class:t = "us_m60a1"
		objLayer:i = 1
		closed_waypoints:b = false
		isShipSpline:b = false
		shipTurnRadius:r = 100
		weapons:t = ""
		bullets0:t = ""
		bullets1:t = ""
		bullets2:t = ""
		bullets3:t = ""
		bulletsCount0:i = 0
		bulletsCount1:i = 0
		bulletsCount2:i = 0
		bulletsCount3:i = 0
		crewSkillK:r = 0
		applyAllMods:b = false
		props {
			army:i = 1
			count:i = 1
			formation_type:t = "rows"
			formation_div:i = 1
			formation_step:p2 = 12, 6
			formation_noise:p2 = 0.4, 0.5
			uniqueName:t = ""
			attack_type:t = "fire_at_will"
			isDelayed:b = true
		}
		way {

		}
	}
	tankModels {
		name:t = "t1_tank_02_04"
		tm:m = [[0.09027, 0.0, 0.995918] [0.0, 1.0, 0.0] [-0.995918, 0.0, 0.09027] [-12095.4, 25.1621, -46398.0]]
		unit_class:t = "us_m60a1"
		objLayer:i = 1
		closed_waypoints:b = false
		isShipSpline:b = false
		shipTurnRadius:r = 100
		weapons:t = ""
		bullets0:t = ""
		bullets1:t = ""
		bullets2:t = ""
		bullets3:t = ""
		bulletsCount0:i = 0
		bulletsCount1:i = 0
		bulletsCount2:i = 0
		bulletsCount3:i = 0
		crewSkillK:r = 0
		applyAllMods:b = false
		props {
			army:i = 1
			count:i = 1
			formation_type:t = "rows"
			formation_div:i = 1
			formation_step:p2 = 12, 6
			formation_noise:p2 = 0.4, 0.5
			uniqueName:t = ""
			attack_type:t = "fire_at_will"
			isDelayed:b = true
		}
		way {

		}
	}
	tankModels {
		name:t = "t1_tank_02_05"
		tm:m = [[0.09027, 0.0, 0.995918] [0.0, 1.0, 0.0] [-0.995918, 0.0, 0.09027] [-12041.2, 25.1621, -46398.0]]
		unit_class:t = "us_m60a1"
		objLayer:i = 1
		closed_waypoints:b = false
		isShipSpline:b = false
		shipTurnRadius:r = 100
		weapons:t = ""
		bullets0:t = ""
		bullets1:t = ""
		bullets2:t = ""
		bullets3:t = ""
		bulletsCount0:i = 0
		bulletsCount1:i = 0
		bulletsCount2:i = 0
		bulletsCount3:i = 0
		crewSkillK:r = 0
		applyAllMods:b = false
		props {
			army:i = 1
			count:i = 1
			formation_type:t = "rows"
			formation_div:i = 1
			formation_step:p2 = 12, 6
			formation_noise:p2 = 0.4, 0.5
			uniqueName:t = ""
			attack_type:t = "fire_at_will"
			isDelayed:b = true
		}
		way {

		}
	}
	tankModels {
		name:t = "t1_truck_02_02"
		tm:m = [[0.09027, 0.0, 0.995918] [0.0, 1.0, 0.0] [-0.995918, 0.0, 0.09027] [-12249.7, 25.2617, -47149.7]]
		unit_class:t = "us_apc_m113"
		objLayer:i = 1
		closed_waypoints:b = false
		isShipSpline:b = false
		shipTurnRadius:r = 100
		weapons:t = ""
		bullets0:t = ""
		bullets1:t = ""
		bullets2:t = ""
		bullets3:t = ""
		bulletsCount0:i = 0
		bulletsCount1:i = 0
		bulletsCount2:i = 0
		bulletsCount3:i = 0
		crewSkillK:r = 0
		applyAllMods:b = false
		props {
			army:i = 1
			count:i = 1
			formation_type:t = "rows"
			formation_div:i = 2
			formation_step:p2 = 12, 6
			formation_noise:p2 = 0.4, 0.5
			uniqueName:t = ""
			attack_type:t = "fire_at_will"
			isDelayed:b = true
		}
		way {

		}
	}
	tankModels {
		name:t = "t1_truck_02_03"
		tm:m = [[0.09027, 0.0, 0.995918] [0.0, 1.0, 0.0] [-0.995918, 0.0, 0.09027] [-12159.9, 25.2617, -47149.7]]
		unit_class:t = "us_apc_m113"
		objLayer:i = 1
		closed_waypoints:b = false
		isShipSpline:b = false
		shipTurnRadius:r = 100
		weapons:t = ""
		bullets0:t = ""
		bullets1:t = ""
		bullets2:t = ""
		bullets3:t = ""
		bulletsCount0:i = 0
		bulletsCount1:i = 0
		bulletsCount2:i = 0
		bulletsCount3:i = 0
		crewSkillK:r = 0
		applyAllMods:b = false
		props {
			army:i = 1
			count:i = 1
			formation_type:t = "rows"
			formation_div:i = 2
			formation_step:p2 = 12, 6
			formation_noise:p2 = 0.4, 0.5
			uniqueName:t = ""
			attack_type:t = "fire_at_will"
			isDelayed:b = true
		}
		way {

		}
	}
	tankModels {
		name:t = "t1_truck_02_04"
		tm:m = [[0.09027, 0.0, 0.995918] [0.0, 1.0, 0.0] [-0.995918, 0.0, 0.09027] [-12089.6, 25.2617, -47149.7]]
		unit_class:t = "us_apc_m113"
		objLayer:i = 1
		closed_waypoints:b = false
		isShipSpline:b = false
		shipTurnRadius:r = 100
		weapons:t = ""
		bullets0:t = ""
		bullets1:t = ""
		bullets2:t = ""
		bullets3:t = ""
		bulletsCount0:i = 0
		bulletsCount1:i = 0
		bulletsCount2:i = 0
		bulletsCount3:i = 0
		crewSkillK:r = 0
		applyAllMods:b = false
		props {
			army:i = 1
			count:i = 1
			formation_type:t = "rows"
			formation_div:i = 2
			formation_step:p2 = 12, 6
			formation_noise:p2 = 0.4, 0.5
			uniqueName:t = ""
			attack_type:t = "fire_at_will"
			isDelayed:b = true
		}
		way {

		}
	}
	tankModels {
		name:t = "t1_truck_02_05"
		tm:m = [[0.09027, 0.0, 0.995918] [0.0, 1.0, 0.0] [-0.995918, 0.0, 0.09027] [-12014.9, 25.2617, -47149.7]]
		unit_class:t = "us_apc_m113"
		objLayer:i = 1
		closed_waypoints:b = false
		isShipSpline:b = false
		shipTurnRadius:r = 100
		weapons:t = ""
		bullets0:t = ""
		bullets1:t = ""
		bullets2:t = ""
		bullets3:t = ""
		bulletsCount0:i = 0
		bulletsCount1:i = 0
		bulletsCount2:i = 0
		bulletsCount3:i = 0
		crewSkillK:r = 0
		applyAllMods:b = false
		props {
			army:i = 1
			count:i = 1
			formation_type:t = "rows"
			formation_div:i = 2
			formation_step:p2 = 12, 6
			formation_noise:p2 = 0.4, 0.5
			uniqueName:t = ""
			attack_type:t = "fire_at_will"
			isDelayed:b = true
		}
		way {

		}
	}
	tankModels {
		name:t = "t1_truck_02_06"
		tm:m = [[0.09027, 0.0, 0.995918] [0.0, 1.0, 0.0] [-0.995918, 0.0, 0.09027] [-11950.8, 25.2617, -47149.7]]
		unit_class:t = "us_apc_m113"
		objLayer:i = 1
		closed_waypoints:b = false
		isShipSpline:b = false
		shipTurnRadius:r = 100
		weapons:t = ""
		bullets0:t = ""
		bullets1:t = ""
		bullets2:t = ""
		bullets3:t = ""
		bulletsCount0:i = 0
		bulletsCount1:i = 0
		bulletsCount2:i = 0
		bulletsCount3:i = 0
		crewSkillK:r = 0
		applyAllMods:b = false
		props {
			army:i = 1
			count:i = 1
			formation_type:t = "rows"
			formation_div:i = 2
			formation_step:p2 = 12, 6
			formation_noise:p2 = 0.4, 0.5
			uniqueName:t = ""
			attack_type:t = "fire_at_will"
			isDelayed:b = true
		}
		way {

		}
	}
	tankModels {
		name:t = "t1_truck_02_07"
		tm:m = [[0.09027, 0.0, 0.995918] [0.0, 1.0, 0.0] [-0.995918, 0.0, 0.09027] [-11881.9, 25.2617, -47149.7]]
		unit_class:t = "us_apc_m113"
		objLayer:i = 1
		closed_waypoints:b = false
		isShipSpline:b = false
		shipTurnRadius:r = 100
		weapons:t = ""
		bullets0:t = ""
		bullets1:t = ""
		bullets2:t = ""
		bullets3:t = ""
		bulletsCount0:i = 0
		bulletsCount1:i = 0
		bulletsCount2:i = 0
		bulletsCount3:i = 0
		crewSkillK:r = 0
		applyAllMods:b = false
		props {
			army:i = 1
			count:i = 1
			formation_type:t = "rows"
			formation_div:i = 2
			formation_step:p2 = 12, 6
			formation_noise:p2 = 0.4, 0.5
			uniqueName:t = ""
			attack_type:t = "fire_at_will"
			isDelayed:b = true
		}
		way {

		}
	}
	tankModels {
		name:t = "t1_truck_aaa_02_02"
		tm:m = [[0.261838, 0.0, 0.965113] [0.0, 1.0, 0.0] [-0.965113, 0.0, 0.261838] [-12295.9, 25.2617, -47814.0]]
		unit_class:t = "uk_rooikat_za_35"
		objLayer:i = 1
		closed_waypoints:b = false
		isShipSpline:b = false
		shipTurnRadius:r = 100
		weapons:t = "uk_rooikat_za_35_default"
		bullets0:t = "35mm_kda_APHEI"
		bullets1:t = ""
		bullets2:t = ""
		bullets3:t = ""
		bulletsCount0:i = 0
		bulletsCount1:i = 0
		bulletsCount2:i = 0
		bulletsCount3:i = 0
		crewSkillK:r = 0
		applyAllMods:b = false
		props {
			army:i = 1
			count:i = 1
			formation_type:t = "rows"
			formation_div:i = 2
			formation_step:p2 = 12, 6
			formation_noise:p2 = 0.4, 0.5
			uniqueName:t = ""
			attack_type:t = "fire_at_will"
			isDelayed:b = true
		}
		way {

		}
	}
	tankModels {
		name:t = "t1_truck_aaa_02_03"
		tm:m = [[0.261838, 0.0, 0.965113] [0.0, 1.0, 0.0] [-0.965113, 0.0, 0.261838] [-12196.8, 25.2617, -47814.0]]
		unit_class:t = "uk_rooikat_za_35"
		objLayer:i = 1
		closed_waypoints:b = false
		isShipSpline:b = false
		shipTurnRadius:r = 100
		weapons:t = "uk_rooikat_za_35_default"
		bullets0:t = "35mm_kda_APHEI"
		bullets1:t = ""
		bullets2:t = ""
		bullets3:t = ""
		bulletsCount0:i = 0
		bulletsCount1:i = 0
		bulletsCount2:i = 0
		bulletsCount3:i = 0
		crewSkillK:r = 0
		applyAllMods:b = false
		props {
			army:i = 1
			count:i = 1
			formation_type:t = "rows"
			formation_div:i = 2
			formation_step:p2 = 12, 6
			formation_noise:p2 = 0.4, 0.5
			uniqueName:t = ""
			attack_type:t = "fire_at_will"
			isDelayed:b = true
		}
		way {

		}
	}
	tankModels {
		name:t = "t1_tank_03_02"
		tm:m = [[-0.0329423, 0.0, 0.999458] [0.0, 1.0, 0.0] [-0.999458, 0.0, -0.0329423] [-6132.21, 36.8096, -46914.3]]
		unit_class:t = "us_m60a1"
		objLayer:i = 1
		closed_waypoints:b = false
		isShipSpline:b = false
		shipTurnRadius:r = 100
		weapons:t = ""
		bullets0:t = ""
		bullets1:t = ""
		bullets2:t = ""
		bullets3:t = ""
		bulletsCount0:i = 0
		bulletsCount1:i = 0
		bulletsCount2:i = 0
		bulletsCount3:i = 0
		crewSkillK:r = 0
		applyAllMods:b = false
		props {
			army:i = 1
			count:i = 1
			formation_type:t = "rows"
			formation_div:i = 1
			formation_step:p2 = 12, 6
			formation_noise:p2 = 0.4, 0.5
			uniqueName:t = ""
			attack_type:t = "fire_at_will"
			isDelayed:b = true
		}
		way {

		}
	}
	tankModels {
		name:t = "t1_tank_03_03"
		tm:m = [[-0.0329423, 0.0, 0.999458] [0.0, 1.0, 0.0] [-0.999458, 0.0, -0.0329423] [-6063.01, 36.8096, -46914.3]]
		unit_class:t = "us_m60a1"
		objLayer:i = 1
		closed_waypoints:b = false
		isShipSpline:b = false
		shipTurnRadius:r = 100
		weapons:t = ""
		bullets0:t = ""
		bullets1:t = ""
		bullets2:t = ""
		bullets3:t = ""
		bulletsCount0:i = 0
		bulletsCount1:i = 0
		bulletsCount2:i = 0
		bulletsCount3:i = 0
		crewSkillK:r = 0
		applyAllMods:b = false
		props {
			army:i = 1
			count:i = 1
			formation_type:t = "rows"
			formation_div:i = 1
			formation_step:p2 = 12, 6
			formation_noise:p2 = 0.4, 0.5
			uniqueName:t = ""
			attack_type:t = "fire_at_will"
			isDelayed:b = true
		}
		way {

		}
	}
	tankModels {
		name:t = "t1_truck_03_02"
		tm:m = [[-0.0329423, 0.0, 0.999458] [0.0, 1.0, 0.0] [-0.999458, 0.0, -0.0329423] [-6025.74, 36.7598, -47664.6]]
		unit_class:t = "us_apc_m113"
		objLayer:i = 1
		closed_waypoints:b = false
		isShipSpline:b = false
		shipTurnRadius:r = 100
		weapons:t = ""
		bullets0:t = ""
		bullets1:t = ""
		bullets2:t = ""
		bullets3:t = ""
		bulletsCount0:i = 0
		bulletsCount1:i = 0
		bulletsCount2:i = 0
		bulletsCount3:i = 0
		crewSkillK:r = 0
		applyAllMods:b = false
		props {
			army:i = 1
			count:i = 1
			formation_type:t = "rows"
			formation_div:i = 2
			formation_step:p2 = 12, 8
			formation_noise:p2 = 0.4, 0.5
			uniqueName:t = ""
			attack_type:t = "fire_at_will"
			isDelayed:b = true
		}
		way {

		}
	}
	tankModels {
		name:t = "t1_truck_03_03"
		tm:m = [[-0.0329423, 0.0, 0.999458] [0.0, 1.0, 0.0] [-0.999458, 0.0, -0.0329423] [-5950.14, 36.7598, -47664.6]]
		unit_class:t = "us_apc_m113"
		objLayer:i = 1
		closed_waypoints:b = false
		isShipSpline:b = false
		shipTurnRadius:r = 100
		weapons:t = ""
		bullets0:t = ""
		bullets1:t = ""
		bullets2:t = ""
		bullets3:t = ""
		bulletsCount0:i = 0
		bulletsCount1:i = 0
		bulletsCount2:i = 0
		bulletsCount3:i = 0
		crewSkillK:r = 0
		applyAllMods:b = false
		props {
			army:i = 1
			count:i = 1
			formation_type:t = "rows"
			formation_div:i = 2
			formation_step:p2 = 12, 8
			formation_noise:p2 = 0.4, 0.5
			uniqueName:t = ""
			attack_type:t = "fire_at_will"
			isDelayed:b = true
		}
		way {

		}
	}
	tankModels {
