selected_tag:t = ""
bin_dump_file:t = ""
mission_settings {
	player {
		army:i = 1
		wing:t = ""
	}
	player_teamB {
		army:i = 2
		wing:t = ""
	}
	mission {
		level:t = "levels/berlin.bin"
		type:t = "domination"
		environment:t = "Day"
		weather:t = "hazy"
		deathPenaltyMulRounds:r = 0
		stars {
			latitude:r = 52.5
			longitude:r = 13
			year:i = 1945
			month:i = 4
			day:i = 2
		}
	}
	spectator_points {

	}
}
imports {
	import_record {
		file:t = "gamedata/missions/templates/air_templates/gs/assaults_gs_template.blk"
		importAreas:b = true
		importUnits:b = true
		importTriggers:b = true
		importMissionObjectives:b = true
		importWayPoints:b = true
		importDialogs:b = true
		showAreas:b = true
		showUnits:b = true
		showTriggers:b = true
		showMissionObjectives:b = true
		showWayPoints:b = true
		showDialogs:b = true
		excludes {

		}
	}
	import_record {
		file:t = "gamedata/missions/templates/units_sets/plane_sets_assaults/at_t1_ussr_rank_06.blk"
		rankRange:ip2 = 0, 250
		allowedUnitTypes:t = "isAirplanesAllowed"
		importAreas:b = true
		importUnits:b = true
		importTriggers:b = true
		importMissionObjectives:b = true
		importWayPoints:b = true
		importDialogs:b = true
		showAreas:b = true
		showUnits:b = true
		showTriggers:b = true
		showMissionObjectives:b = true
		showWayPoints:b = true
		showDialogs:b = true
		excludes {

		}
	}
	import_record {
		file:t = "gamedata/missions/templates/units_sets/plane_sets_assaults/at_t1_ussr_rank_07.blk"
		rankRange:ip2 = 260, 500
		allowedUnitTypes:t = "isAirplanesAllowed"
		importAreas:b = true
		importUnits:b = true
		importTriggers:b = true
		importMissionObjectives:b = true
		importWayPoints:b = true
		importDialogs:b = true
		showAreas:b = true
		showUnits:b = true
		showTriggers:b = true
		showMissionObjectives:b = true
		showWayPoints:b = true
		showDialogs:b = true
		excludes {

		}
	}
	import_record {
		file:t = "gamedata/missions/templates/units_sets/plane_sets_assaults/at_t2_usa_rank_06.blk"
		rankRange:ip2 = 0, 250
		allowedUnitTypes:t = "isAirplanesAllowed"
		importAreas:b = true
		importUnits:b = true
		importTriggers:b = true
		importMissionObjectives:b = true
		importWayPoints:b = true
		importDialogs:b = true
		showAreas:b = true
		showUnits:b = true
		showTriggers:b = true
		showMissionObjectives:b = true
		showWayPoints:b = true
		showDialogs:b = true
		excludes {

		}
	}
	import_record {
		file:t = "gamedata/missions/templates/units_sets/plane_sets_assaults/at_t2_usa_rank_07.blk"
		rankRange:ip2 = 260, 500
		allowedUnitTypes:t = "isAirplanesAllowed"
		importAreas:b = true
		importUnits:b = true
		importTriggers:b = true
		importMissionObjectives:b = true
		importWayPoints:b = true
		importDialogs:b = true
		showAreas:b = true
		showUnits:b = true
		showTriggers:b = true
		showMissionObjectives:b = true
		showWayPoints:b = true
		showDialogs:b = true
		excludes {

		}
	}
}
triggers {
	isCategory:b = true
	is_enabled:b = true
}
mission_objectives {
	isCategory:b = true
	is_enabled:b = true
}
variables {
	ai_assaults_saved:i = 0
	ft_helicopters_pad_exclusive:b = false
}
dialogs {

}
airfields {

}
effects {

}
units {

}
areas {
	at_area {
		type:t = "Sphere"
		tm:m = [[15798.3, 0.0, -2533.31] [0.0, 16000.0, 0.0] [2533.31, 0.0, 15798.3] [-22669.2, 3558.55, 69.5]]
		objLayer:i = 0
		props {

		}
	}
	at_t2_spawn_01_01 {
		type:t = "Point"
		tm:m = [[0.193192, 0.0, 0.981163] [0.0, 1.0, 0.0] [-0.981163, 0.0, 0.193192] [-21938.7, 3558.55, -7893.79]]
		objLayer:i = 0
		props {

		}
	}
	at_t1_spawn_01_01 {
		type:t = "Point"
		tm:m = [[-0.193192, 0.0, -0.981163] [0.0, 1.0, 0.0] [0.981163, 0.0, -0.193192] [-19294.1, 3558.54, 7333.82]]
		objLayer:i = 0
		props {

		}
	}
	at_t2_spawn_01_02 {
		type:t = "Point"
		tm:m = [[0.193192, 0.0, 0.981163] [0.0, 1.0, 0.0] [-0.981163, 0.0, 0.193192] [-26026.3, 3558.55, -7191.22]]
		objLayer:i = 0
		props {

		}
	}
	at_t1_spawn_01_02 {
		type:t = "Point"
		tm:m = [[-0.193192, 0.0, -0.981163] [0.0, 1.0, 0.0] [0.981163, 0.0, -0.193192] [-23388.8, 3558.54, 8037.01]]
		objLayer:i = 0
		props {

		}
	}
	at_t1_spawn_02_01 {
		type:t = "Point"
		tm:m = [[-0.193192, 0.0, -0.981163] [0.0, 1.0, 0.0] [0.981163, 0.0, -0.193192] [-25366.9, 3558.54, 7597.83]]
		objLayer:i = 0
		props {

		}
	}
	at_t1_spawn_02_02 {
		type:t = "Point"
		tm:m = [[-0.193192, 0.0, -0.981163] [0.0, 1.0, 0.0] [0.981163, 0.0, -0.193192] [-17624.7, 3558.55, 6277.3]]
		objLayer:i = 0
		props {

		}
	}
	at_t2_spawn_02_01 {
		type:t = "Point"
		tm:m = [[0.193192, 0.0, 0.981163] [0.0, 1.0, 0.0] [-0.981163, 0.0, 0.193192] [-28028.3, 3558.56, -6080.49]]
		objLayer:i = 0
		props {

		}
	}
	at_t2_spawn_02_02 {
		type:t = "Point"
		tm:m = [[0.193192, 0.0, 0.981163] [0.0, 1.0, 0.0] [-0.981163, 0.0, 0.193192] [-19954.8, 3558.56, -7436.18]]
		objLayer:i = 0
		props {

		}
	}
}
objLayers {

}
wayPoints {

}