selected_tag:t = ""
bin_dump_file:t = ""
mission_settings {
	player {
		army:i = 1
	}
	player_teamB {
		army:i = 2
	}
	mission {
		level:t = "levels/air_smolensk.bin"
		type:t = "domination"
		environment:t = "Day"
		weather:t = "hazy"
		restoreType:t = "attempts"
		optionalTakeOff:b = false
	}
}
imports {

}
triggers {
	isCategory:b = true
	is_enabled:b = true
}
mission_objectives {
	isCategory:b = true
	is_enabled:b = true
}
variables {

}
dialogs {

}
airfields {

}
effects {

}
units {
	objectGroups {
		name:t = "bdt_t2_bomb_object_02"
		tm:m = [[0.889563, 0.0, 0.456808] [0.0, 1.0, 0.0] [-0.456808, 0.0, 0.889563] [-32506.2, 628.623, -1632.19]]
		unit_class:t = "dynBase_hq_camp_square"
		objLayer:i = 2
		props {
			army:i = 2
			active:b = false
		}
	}
	objectGroups {
		name:t = "bdt_t2_bomb_object_03"
		tm:m = [[0.987825, 0.0, -0.155589] [0.0, 1.0, 0.0] [0.155589, 0.0, 0.987825] [-26936.5, 479.808, -4984.99]]
		unit_class:t = "dynBase_fuel_storage_square"
		objLayer:i = 2
		props {
			army:i = 2
			active:b = false
		}
	}
	objectGroups {
		name:t = "bdt_t2_bomb_object_04"
		tm:m = [[-0.105384, 0.0, 0.994433] [0.0, 1.0, 0.0] [-0.994433, 0.0, -0.105384] [-21843.6, 36.3601, -3300.14]]
		unit_class:t = "dynBase_oil_storage_small_square"
		objLayer:i = 2
		props {
			army:i = 2
			active:b = false
		}
	}
	objectGroups {
		name:t = "bdt_t1_bomb_object_01"
		tm:m = [[0.60688, 0.0, 0.794793] [0.0, 1.0, 0.0] [-0.794793, 0.0, 0.60688] [-31615.5, 603.998, 10683.5]]
		unit_class:t = "dynBase_fuel_storage_square"
		objLayer:i = 2
		props {
			army:i = 1
			active:b = false
		}
	}
	objectGroups {
		name:t = "bdt_t1_bomb_object_02"
		tm:m = [[-0.0895158, 0.0, 0.995984] [0.0, 1.0, 0.0] [-0.995984, 0.0, -0.0895158] [-28436.0, 545.511, 9708.1]]
		unit_class:t = "dynBase_small_factory_square"
		objLayer:i = 2
		props {
			army:i = 1
			active:b = false
		}
	}
	objectGroups {
		name:t = "bdt_t1_bomb_object_03"
		tm:m = [[-0.193112, 0.0, 0.981176] [0.0, 1.0, 0.0] [-0.981176, 0.0, -0.193112] [-22063.2, 44.5394, 8376.1]]
		unit_class:t = "dynBase_oil_storage_small_square"
		objLayer:i = 2
		props {
			army:i = 1
			active:b = false
		}
	}
	objectGroups {
		name:t = "bdt_t2_bomb_object_10"
		tm:m = [[0.46667, 0.0, 0.884432] [0.0, 1.0, 0.0] [-0.884432, 0.0, 0.46667] [-31447.4, 638.613, -5086.62]]
		unit_class:t = "dynBase_small_factory_square"
		objLayer:i = 2
		props {
			army:i = 2
			active:b = false
		}
	}
	objectGroups {
		name:t = "bdt_t1_bomb_object_04"
		tm:m = [[0.162519, 0.0, 0.986706] [0.0, 1.0, 0.0] [-0.986706, 0.0, 0.162519] [-19280.4, 15.15, 4137.91]]
		unit_class:t = "dynBase_field_camp_square"
		objLayer:i = 2
		props {
			army:i = 1
			active:b = false
		}
	}
	objectGroups {
		name:t = "bdt_t1_bomb_object_05"
		tm:m = [[0.162519, 0.0, 0.986706] [0.0, 1.0, 0.0] [-0.986706, 0.0, 0.162519] [-19634.3, 17.8843, 6726.86]]
		unit_class:t = "dynBase_military_base_square"
		objLayer:i = 2
		props {
			army:i = 1
			active:b = false
		}
	}
	objectGroups {
		name:t = "bdt_t1_bomb_object_06"
		tm:m = [[0.162519, 0.0, 0.986706] [0.0, 1.0, 0.0] [-0.986706, 0.0, 0.162519] [-20328.9, 26.2505, 9722.8]]
		unit_class:t = "dynBase_oil_storage_large_square"
		objLayer:i = 2
		props {
			army:i = 1
			active:b = false
		}
	}
	objectGroups {
		name:t = "bdt_t1_bomb_object_07"
		tm:m = [[0.162519, 0.0, 0.986706] [0.0, 1.0, 0.0] [-0.986706, 0.0, 0.162519] [-16899.9, 26.0537, 4260.75]]
		unit_class:t = "dynBase_oil_storage_large_square"
		objLayer:i = 2
		props {
			army:i = 1
			active:b = false
		}
	}
	objectGroups {
		name:t = "bdt_t1_bomb_object_08"
		tm:m = [[0.60688, 0.0, 0.794793] [0.0, 1.0, 0.0] [-0.794793, 0.0, 0.60688] [-30714.7, 392.273, 8059.85]]
		unit_class:t = "dynBase_small_factory_square"
		objLayer:i = 2
		props {
			army:i = 1
			active:b = false
		}
	}
	objectGroups {
		name:t = "bdt_t1_bomb_object_09"
		tm:m = [[0.60688, 0.0, 0.794793] [0.0, 1.0, 0.0] [-0.794793, 0.0, 0.60688] [-25472.5, 343.999, 9672.87]]
		unit_class:t = "dynBase_petrol_camp_square"
		objLayer:i = 2
		props {
			army:i = 1
			active:b = false
		}
	}
	objectGroups {
		name:t = "bdt_t1_bomb_object_10"
		tm:m = [[0.60688, 0.0, 0.794793] [0.0, 1.0, 0.0] [-0.794793, 0.0, 0.60688] [-23996.6, 315.465, 11557.5]]
		unit_class:t = "dynBase_petrol_camp_square"
		objLayer:i = 2
		props {
			army:i = 1
			active:b = false
		}
	}
	objectGroups {
		name:t = "bdt_t2_bomb_object_01"
		tm:m = [[0.46667, 0.0, 0.884432] [0.0, 1.0, 0.0] [-0.884432, 0.0, 0.46667] [-35122.4, 800.561, -33.1028]]
		unit_class:t = "dynBase_petrol_camp_square"
		objLayer:i = 2
		props {
			army:i = 2
			active:b = false
		}
	}
	objectGroups {
		name:t = "bdt_t2_bomb_object_08"
		tm:m = [[-0.00295252, 0.0, 0.999997] [0.0, 1.0, 0.0] [-0.999997, 0.0, -0.00295252] [-33153.2, 691.313, 1537.31]]
		unit_class:t = "dynBase_military_base_square"
		objLayer:i = 2
		props {
			army:i = 2
			active:b = false
		}
	}
	objectGroups {
		name:t = "bdt_t2_bomb_object_09"
		tm:m = [[0.46667, 0.0, 0.884432] [0.0, 1.0, 0.0] [-0.884432, 0.0, 0.46667] [-30213.3, 554.351, -3643.27]]
		unit_class:t = "dynBase_fuel_storage_square"
		objLayer:i = 2
		props {
			army:i = 2
			active:b = false
		}
	}
	objectGroups {
		name:t = "bdt_t2_bomb_object_06"
		tm:m = [[-0.105384, 0.0, 0.994433] [0.0, 1.0, 0.0] [-0.994433, 0.0, -0.105384] [-27688.3, 576.407, -6967.41]]
		unit_class:t = "dynBase_ammunition_storage_square"
		objLayer:i = 2
		props {
			army:i = 2
			active:b = false
		}
	}
	objectGroups {
		name:t = "bdt_t2_bomb_object_05"
		tm:m = [[-0.105384, 0.0, 0.994433] [0.0, 1.0, 0.0] [-0.994433, 0.0, -0.105384] [-23684.6, 118.535, -5072.49]]
		unit_class:t = "dynBase_field_camp_square"
		objLayer:i = 2
		props {
			army:i = 2
			active:b = false
		}
	}
	objectGroups {
		name:t = "bdt_t2_bomb_object_07"
		tm:m = [[-0.105384, 0.0, 0.994433] [0.0, 1.0, 0.0] [-0.994433, 0.0, -0.105384] [-20563.9, 53.7903, -4997.01]]
		unit_class:t = "dynBase_oil_storage_small_square"
		objLayer:i = 2
		props {
			army:i = 2
			active:b = false
		}
	}
}
areas {
	bdt_t2_bomb_zone_02 {
		type:t = "Sphere"
		tm:m = [[400.305, 0.0, 205.565] [0.0, 450.0, 0.0] [-205.565, 0.0, 400.305] [-32505.3, 629.183, -1639.19]]
		objLayer:i = 0
		props {

		}
	}
	bdt_t2_bomb_zone_03 {
		type:t = "Sphere"
		tm:m = [[375.035, 0.0, 248.694] [0.0, 450.0, 0.0] [-248.694, 0.0, 375.035] [-26939.3, 478.188, -4963.47]]
		objLayer:i = 0
		props {

		}
	}
	bdt_t2_bomb_zone_04 {
		type:t = "Sphere"
		tm:m = [[-47.4207, 0.0, 447.494] [0.0, 450.0, 0.0] [-447.494, 0.0, -47.4207] [-21851.3, 37.0601, -3306.24]]
		objLayer:i = 0
		props {

		}
	}
	bdt_t1_bomb_zone_01 {
		type:t = "Sphere"
		tm:m = [[273.098, 0.0, 357.655] [0.0, 450.0, 0.0] [-357.655, 0.0, 273.098] [-31610.5, 618.658, 10695.1]]
		objLayer:i = 0
		props {

		}
	}
	bdt_t1_bomb_zone_02 {
		type:t = "Sphere"
		tm:m = [[57.6808, 0.0, 446.287] [0.0, 450.0, 0.0] [-446.287, 0.0, 57.6808] [-28437.7, 546.501, 9712.5]]
		objLayer:i = 0
		props {

		}
	}
	bdt_t1_bomb_zone_03 {
		type:t = "Sphere"
		tm:m = [[87.6505, 0.0, 441.379] [0.0, 450.0, 0.0] [-441.379, 0.0, 87.6505] [-22062.5, 43.8704, 8381.6]]
		objLayer:i = 0
		props {

		}
	}
	bdt_t2_bomb_zone_10 {
		type:t = "Sphere"
		tm:m = [[210.002, 0.0, 397.992] [0.0, 450.0, 0.0] [-397.992, 0.0, 210.002] [-31442.2, 637.683, -5080.61]]
		objLayer:i = 0
		props {

		}
	}
	bdt_t1_bomb_zone_04 {
		type:t = "Sphere"
		tm:m = [[87.6505, 0.0, 441.379] [0.0, 450.0, 0.0] [-441.379, 0.0, 87.6505] [-19286.0, 15.81, 4139.31]]
		objLayer:i = 0
		props {

		}
	}
	bdt_t2_bomb_zone_01_aaa_point_01 {
		type:t = "Point"
		tm:m = [[0.482644, 0.0, 0.875815] [0.0, 1.0, 0.0] [-0.875815, 0.0, 0.482644] [-32296.3, 619.233, -1723.78]]
		objLayer:i = 0
		props {

		}
	}
	bdt_t2_bomb_zone_01_aaa_point_02 {
		type:t = "Point"
		tm:m = [[0.482644, 0.0, 0.875815] [0.0, 1.0, 0.0] [-0.875815, 0.0, 0.482644] [-32797.3, 657.773, -1634.43]]
		objLayer:i = 0
		props {

		}
	}
	bdt_t2_bomb_zone_01_aaa_point_03 {
		type:t = "Point"
		tm:m = [[0.482644, 0.0, 0.875815] [0.0, 1.0, 0.0] [-0.875815, 0.0, 0.482644] [-32747.0, 642.763, -1526.54]]
		objLayer:i = 0
		props {

		}
	}
	bdt_t2_bomb_zone_01_aaa_point_04 {
		type:t = "Point"
		tm:m = [[0.482644, 0.0, 0.875815] [0.0, 1.0, 0.0] [-0.875815, 0.0, 0.482644] [-32611.6, 564.013, -1120.84]]
		objLayer:i = 0
		props {

		}
	}
	bdt_t2_bomb_zone_02_aaa_point_01 {
		type:t = "Point"
		tm:m = [[0.38253, 0.0, 0.923942] [0.0, 1.0, 0.0] [-0.923942, 0.0, 0.38253] [-26877.3, 511.858, -5204.14]]
		objLayer:i = 0
		props {

		}
	}
	bdt_t2_bomb_zone_02_aaa_point_02 {
		type:t = "Point"
		tm:m = [[0.38253, 0.0, 0.923942] [0.0, 1.0, 0.0] [-0.923942, 0.0, 0.38253] [-27210.8, 542.107, -4780.65]]
		objLayer:i = 0
		props {

		}
	}
	bdt_t2_bomb_zone_02_aaa_point_03 {
		type:t = "Point"
		tm:m = [[0.38253, 0.0, 0.923942] [0.0, 1.0, 0.0] [-0.923942, 0.0, 0.38253] [-27139.0, 598.067, -5159.24]]
		objLayer:i = 0
		props {

		}
	}
	bdt_t2_bomb_zone_02_aaa_point_04 {
		type:t = "Point"
		tm:m = [[0.38253, 0.0, 0.923942] [0.0, 1.0, 0.0] [-0.923942, 0.0, 0.38253] [-26816.7, 451.328, -4769.57]]
		objLayer:i = 0
		props {

		}
	}
	bdt_t2_bomb_zone_03_aaa_point_01 {
		type:t = "Point"
		tm:m = [[0.38253, 0.0, 0.923942] [0.0, 1.0, 0.0] [-0.923942, 0.0, 0.38253] [-21561.1, 110.44, -3373.51]]
		objLayer:i = 0
		props {

		}
	}
	bdt_t2_bomb_zone_03_aaa_point_02 {
		type:t = "Point"
		tm:m = [[0.38253, 0.0, 0.923942] [0.0, 1.0, 0.0] [-0.923942, 0.0, 0.38253] [-22059.5, -60.18, -3100.63]]
		objLayer:i = 0
		props {

		}
	}
	bdt_t2_bomb_zone_03_aaa_point_03 {
		type:t = "Point"
		tm:m = [[0.38253, 0.0, 0.923942] [0.0, 1.0, 0.0] [-0.923942, 0.0, 0.38253] [-22160.3, 25.9101, -3391.05]]
		objLayer:i = 0
		props {

		}
	}
	bdt_t2_bomb_zone_03_aaa_point_04 {
		type:t = "Point"
		tm:m = [[0.38253, 0.0, 0.923942] [0.0, 1.0, 0.0] [-0.923942, 0.0, 0.38253] [-21693.2, 76.9601, -3561.14]]
		objLayer:i = 0
		props {

		}
	}
	bdt_t2_bomb_zone_04_aaa_point_01 {
		type:t = "Point"
		tm:m = [[0.482644, 0.0, 0.875815] [0.0, 1.0, 0.0] [-0.875815, 0.0, 0.482644] [-31528.7, 639.003, -4759.81]]
		objLayer:i = 0
		props {

		}
	}
	bdt_t2_bomb_zone_04_aaa_point_02 {
		type:t = "Point"
		tm:m = [[0.482644, 0.0, 0.875815] [0.0, 1.0, 0.0] [-0.875815, 0.0, 0.482644] [-31730.7, 681.023, -5170.75]]
		objLayer:i = 0
		props {

		}
	}
	bdt_t2_bomb_zone_04_aaa_point_03 {
		type:t = "Point"
		tm:m = [[0.482644, 0.0, 0.875815] [0.0, 1.0, 0.0] [-0.875815, 0.0, 0.482644] [-31175.9, 606.803, -5093.17]]
		objLayer:i = 0
		props {

		}
	}
	bdt_t2_bomb_zone_04_aaa_point_04 {
		type:t = "Point"
		tm:m = [[0.482644, 0.0, 0.875815] [0.0, 1.0, 0.0] [-0.875815, 0.0, 0.482644] [-31316.5, 627.253, -5293.14]]
		objLayer:i = 0
		props {

		}
	}
	bdt_t1_bomb_zone_01_aaa_point_01 {
		type:t = "Point"
		tm:m = [[0.0593765, 0.0, 0.998236] [0.0, 1.0, 0.0] [-0.998236, 0.0, 0.0593765] [-31604.3, 728.868, 10949.8]]
		objLayer:i = 0
		props {

		}
	}
	bdt_t1_bomb_zone_01_aaa_point_02 {
		type:t = "Point"
		tm:m = [[0.0593765, 0.0, 0.998236] [0.0, 1.0, 0.0] [-0.998236, 0.0, 0.0593765] [-31685.9, 591.228, 10453.6]]
		objLayer:i = 0
		props {

		}
	}
	bdt_t1_bomb_zone_01_aaa_point_03 {
		type:t = "Point"
		tm:m = [[0.0593765, 0.0, 0.998236] [0.0, 1.0, 0.0] [-0.998236, 0.0, 0.0593765] [-31381.1, 522.478, 10652.4]]
		objLayer:i = 0
		props {

		}
	}
	bdt_t1_bomb_zone_01_aaa_point_04 {
		type:t = "Point"
		tm:m = [[0.0593765, 0.0, 0.998236] [0.0, 1.0, 0.0] [-0.998236, 0.0, 0.0593765] [-31513.9, 465.968, 10466.4]]
		objLayer:i = 0
		props {

		}
	}
	bdt_t1_bomb_zone_02_aaa_point_01 {
		type:t = "Point"
		tm:m = [[0.0593765, 0.0, 0.998236] [0.0, 1.0, 0.0] [-0.998236, 0.0, 0.0593765] [-28607.0, 619.921, 9923.21]]
		objLayer:i = 0
		props {

		}
	}
	bdt_t1_bomb_zone_02_aaa_point_02 {
		type:t = "Point"
		tm:m = [[0.0593765, 0.0, 0.998236] [0.0, 1.0, 0.0] [-0.998236, 0.0, 0.0593765] [-28695.2, 612.851, 9646.91]]
		objLayer:i = 0
		props {

		}
	}
	bdt_t1_bomb_zone_02_aaa_point_03 {
		type:t = "Point"
		tm:m = [[0.0593765, 0.0, 0.998236] [0.0, 1.0, 0.0] [-0.998236, 0.0, 0.0593765] [-27996.4, 513.401, 9622.0]]
		objLayer:i = 0
		props {

		}
	}
	bdt_t1_bomb_zone_02_aaa_point_04 {
		type:t = "Point"
		tm:m = [[0.0593765, 0.0, 0.998236] [0.0, 1.0, 0.0] [-0.998236, 0.0, 0.0593765] [-28493.2, 561.051, 9388.1]]
		objLayer:i = 0
		props {

		}
	}
	bdt_t1_bomb_zone_03_aaa_point_01 {
		type:t = "Point"
		tm:m = [[0.169724, 0.0, 0.985492] [0.0, 1.0, 0.0] [-0.985492, 0.0, 0.169724] [-21868.3, 80.6594, 8142.9]]
		objLayer:i = 0
		props {

		}
	}
	bdt_t1_bomb_zone_03_aaa_point_02 {
		type:t = "Point"
		tm:m = [[0.169724, 0.0, 0.985492] [0.0, 1.0, 0.0] [-0.985492, 0.0, 0.169724] [-22226.5, 43.1104, 8559.9]]
		objLayer:i = 0
		props {

		}
	}
	bdt_t1_bomb_zone_03_aaa_point_03 {
		type:t = "Point"
		tm:m = [[0.169724, 0.0, 0.985492] [0.0, 1.0, 0.0] [-0.985492, 0.0, 0.169724] [-22338.5, 34.0104, 8303.3]]
		objLayer:i = 0
		props {

		}
	}
	bdt_t1_bomb_zone_03_aaa_point_04 {
		type:t = "Point"
		tm:m = [[0.169724, 0.0, 0.985492] [0.0, 1.0, 0.0] [-0.985492, 0.0, 0.169724] [-21854.3, 67.6994, 8538.8]]
		objLayer:i = 0
		props {

		}
	}
	bdt_t1_bomb_zone_04_aaa_point_01 {
		type:t = "Point"
		tm:m = [[0.169724, 0.0, 0.985492] [0.0, 1.0, 0.0] [-0.985492, 0.0, 0.169724] [-19105.2, 47.57, 4399.41]]
		objLayer:i = 0
		props {

		}
	}
	bdt_t1_bomb_zone_04_aaa_point_02 {
		type:t = "Point"
		tm:m = [[0.169724, 0.0, 0.985492] [0.0, 1.0, 0.0] [-0.985492, 0.0, 0.169724] [-19422.8, 30.51, 4351.81]]
		objLayer:i = 0
		props {

		}
	}
	bdt_t1_bomb_zone_04_aaa_point_03 {
		type:t = "Point"
		tm:m = [[0.169724, 0.0, 0.985492] [0.0, 1.0, 0.0] [-0.985492, 0.0, 0.169724] [-19000.4, 37.74, 4083.91]]
		objLayer:i = 0
		props {

		}
	}
	bdt_t1_bomb_zone_04_aaa_point_04 {
		type:t = "Point"
		tm:m = [[0.169724, 0.0, 0.985492] [0.0, 1.0, 0.0] [-0.985492, 0.0, 0.169724] [-19580.8, 51.62, 4031.41]]
		objLayer:i = 0
		props {

		}
	}
	bdt_t1_bomb_zone_05 {
		type:t = "Sphere"
		tm:m = [[87.6505, 0.0, 441.379] [0.0, 450.0, 0.0] [-441.379, 0.0, 87.6505] [-19640.0, 17.6143, 6728.16]]
		objLayer:i = 0
		props {

		}
	}
	bdt_t1_bomb_zone_06 {
		type:t = "Sphere"
		tm:m = [[87.6505, 0.0, 441.379] [0.0, 450.0, 0.0] [-441.379, 0.0, 87.6505] [-20334.6, 25.1305, 9724.3]]
		objLayer:i = 0
		props {

		}
	}
	bdt_t1_bomb_zone_07 {
		type:t = "Sphere"
		tm:m = [[87.6505, 0.0, 441.379] [0.0, 450.0, 0.0] [-441.379, 0.0, 87.6505] [-16905.5, 23.9637, 4262.25]]
		objLayer:i = 0
		props {

		}
	}
	bdt_t1_bomb_zone_08 {
		type:t = "Sphere"
		tm:m = [[273.098, 0.0, 357.655] [0.0, 450.0, 0.0] [-357.655, 0.0, 273.098] [-30709.7, 395.602, 8071.55]]
		objLayer:i = 0
		props {

		}
	}
	bdt_t1_bomb_zone_09 {
		type:t = "Sphere"
		tm:m = [[273.098, 0.0, 357.655] [0.0, 450.0, 0.0] [-357.655, 0.0, 273.098] [-25467.5, 344.289, 9684.17]]
		objLayer:i = 0
		props {

		}
	}
	bdt_t1_bomb_zone_10 {
		type:t = "Sphere"
		tm:m = [[273.098, 0.0, 357.655] [0.0, 450.0, 0.0] [-357.655, 0.0, 273.098] [-23991.5, 316.265, 11569.2]]
		objLayer:i = 0
		props {

		}
	}
	bdt_t1_bomb_zone_05_aaa_point_01 {
		type:t = "Point"
		tm:m = [[0.169724, 0.0, 0.985492] [0.0, 1.0, 0.0] [-0.985492, 0.0, 0.169724] [-19708.8, 6.56428, 6462.86]]
		objLayer:i = 0
		props {

		}
	}
	bdt_t1_bomb_zone_05_aaa_point_02 {
		type:t = "Point"
		tm:m = [[0.169724, 0.0, 0.985492] [0.0, 1.0, 0.0] [-0.985492, 0.0, 0.169724] [-19570.3, 17.5143, 6589.26]]
		objLayer:i = 0
		props {

		}
	}
	bdt_t1_bomb_zone_05_aaa_point_03 {
		type:t = "Point"
		tm:m = [[0.169724, 0.0, 0.985492] [0.0, 1.0, 0.0] [-0.985492, 0.0, 0.169724] [-19557.1, 29.7043, 7003.76]]
		objLayer:i = 0
		props {

		}
	}
	bdt_t1_bomb_zone_05_aaa_point_04 {
		type:t = "Point"
		tm:m = [[0.169724, 0.0, 0.985492] [0.0, 1.0, 0.0] [-0.985492, 0.0, 0.169724] [-19788.2, 8.50428, 6962.76]]
		objLayer:i = 0
		props {

		}
	}
	bdt_t1_bomb_zone_06_aaa_point_01 {
		type:t = "Point"
		tm:m = [[0.169724, 0.0, 0.985492] [0.0, 1.0, 0.0] [-0.985492, 0.0, 0.169724] [-20083.9, 80.2105, 9498.4]]
		objLayer:i = 0
		props {

		}
	}
	bdt_t1_bomb_zone_06_aaa_point_02 {
		type:t = "Point"
		tm:m = [[0.169724, 0.0, 0.985492] [0.0, 1.0, 0.0] [-0.985492, 0.0, 0.169724] [-20328.2, 27.8605, 9399.6]]
		objLayer:i = 0
		props {

		}
	}
	bdt_t1_bomb_zone_06_aaa_point_03 {
		type:t = "Point"
		tm:m = [[0.169724, 0.0, 0.985492] [0.0, 1.0, 0.0] [-0.985492, 0.0, 0.169724] [-20637.3, -31.8095, 9786.6]]
		objLayer:i = 0
		props {

		}
	}
	bdt_t1_bomb_zone_06_aaa_point_04 {
		type:t = "Point"
		tm:m = [[0.169724, 0.0, 0.985492] [0.0, 1.0, 0.0] [-0.985492, 0.0, 0.169724] [-20160.5, -10.3195, 9965.6]]
		objLayer:i = 0
		props {

		}
	}
	bdt_t1_bomb_zone_07_aaa_point_01 {
		type:t = "Point"
		tm:m = [[0.169724, 0.0, 0.985492] [0.0, 1.0, 0.0] [-0.985492, 0.0, 0.169724] [-17138.0, -90.4062, 4453.85]]
		objLayer:i = 0
		props {

		}
	}
	bdt_t1_bomb_zone_07_aaa_point_02 {
		type:t = "Point"
		tm:m = [[0.169724, 0.0, 0.985492] [0.0, 1.0, 0.0] [-0.985492, 0.0, 0.169724] [-16639.4, 186.444, 4036.75]]
		objLayer:i = 0
		props {

		}
	}
	bdt_t1_bomb_zone_07_aaa_point_03 {
		type:t = "Point"
		tm:m = [[0.169724, 0.0, 0.985492] [0.0, 1.0, 0.0] [-0.985492, 0.0, 0.169724] [-16701.3, 13.6737, 4528.95]]
		objLayer:i = 0
		props {

		}
	}
	bdt_t1_bomb_zone_07_aaa_point_04 {
		type:t = "Point"
		tm:m = [[0.169724, 0.0, 0.985492] [0.0, 1.0, 0.0] [-0.985492, 0.0, 0.169724] [-17285.8, -115.166, 4132.55]]
		objLayer:i = 0
		props {

		}
	}
	bdt_t1_bomb_zone_08_aaa_point_01 {
		type:t = "Point"
		tm:m = [[0.0593765, 0.0, 0.998236] [0.0, 1.0, 0.0] [-0.998236, 0.0, 0.0593765] [-31014.7, 439.123, 8012.05]]
		objLayer:i = 0
		props {

		}
	}
	bdt_t1_bomb_zone_08_aaa_point_02 {
		type:t = "Point"
		tm:m = [[0.0593765, 0.0, 0.998236] [0.0, 1.0, 0.0] [-0.998236, 0.0, 0.0593765] [-30613.4, 370.153, 7780.95]]
		objLayer:i = 0
		props {

		}
	}
	bdt_t1_bomb_zone_08_aaa_point_03 {
		type:t = "Point"
		tm:m = [[0.0593765, 0.0, 0.998236] [0.0, 1.0, 0.0] [-0.998236, 0.0, 0.0593765] [-30354.0, 390.102, 8111.55]]
		objLayer:i = 0
		props {

		}
	}
	bdt_t1_bomb_zone_08_aaa_point_04 {
		type:t = "Point"
		tm:m = [[0.0593765, 0.0, 0.998236] [0.0, 1.0, 0.0] [-0.998236, 0.0, 0.0593765] [-30699.3, 536.213, 8343.35]]
		objLayer:i = 0
		props {

		}
	}
	bdt_t1_bomb_zone_09_aaa_point_01 {
		type:t = "Point"
		tm:m = [[0.0593765, 0.0, 0.998236] [0.0, 1.0, 0.0] [-0.998236, 0.0, 0.0593765] [-25577.1, 343.989, 9249.87]]
		objLayer:i = 0
		props {

		}
	}
	bdt_t1_bomb_zone_09_aaa_point_02 {
		type:t = "Point"
		tm:m = [[0.0593765, 0.0, 0.998236] [0.0, 1.0, 0.0] [-0.998236, 0.0, 0.0593765] [-25127.6, 335.469, 9454.57]]
		objLayer:i = 0
		props {

		}
	}
	bdt_t1_bomb_zone_09_aaa_point_03 {
		type:t = "Point"
		tm:m = [[0.0593765, 0.0, 0.998236] [0.0, 1.0, 0.0] [-0.998236, 0.0, 0.0593765] [-25963.9, 349.679, 9648.17]]
		objLayer:i = 0
		props {

		}
	}
	bdt_t1_bomb_zone_09_aaa_point_04 {
		type:t = "Point"
		tm:m = [[0.0593765, 0.0, 0.998236] [0.0, 1.0, 0.0] [-0.998236, 0.0, 0.0593765] [-25132.4, 336.069, 9909.67]]
		objLayer:i = 0
		props {

		}
	}
	bdt_t1_bomb_zone_10_aaa_point_01 {
		type:t = "Point"
		tm:m = [[0.0593765, 0.0, 0.998236] [0.0, 1.0, 0.0] [-0.998236, 0.0, 0.0593765] [-23975.8, 284.405, 11200.2]]
		objLayer:i = 0
		props {

		}
	}
	bdt_t1_bomb_zone_10_aaa_point_02 {
		type:t = "Point"
		tm:m = [[0.0593765, 0.0, 0.998236] [0.0, 1.0, 0.0] [-0.998236, 0.0, 0.0593765] [-24519.2, 302.325, 11222.0]]
		objLayer:i = 0
		props {

		}
	}
	bdt_t1_bomb_zone_10_aaa_point_03 {
		type:t = "Point"
		tm:m = [[0.0593765, 0.0, 0.998236] [0.0, 1.0, 0.0] [-0.998236, 0.0, 0.0593765] [-23728.1, 303.975, 11588.8]]
		objLayer:i = 0
		props {

		}
	}
	bdt_t1_bomb_zone_10_aaa_point_04 {
		type:t = "Point"
		tm:m = [[0.0593765, 0.0, 0.998236] [0.0, 1.0, 0.0] [-0.998236, 0.0, 0.0593765] [-23968.4, 399.435, 11889.0]]
		objLayer:i = 0
		props {

		}
	}
	bdt_t2_bomb_zone_01 {
		type:t = "Sphere"
		tm:m = [[210.002, 0.0, 397.992] [0.0, 450.0, 0.0] [-397.992, 0.0, 210.002] [-35146.9, 787.23, 29.9672]]
		objLayer:i = 0
		props {

		}
	}
	bdt_t2_bomb_zone_08 {
		type:t = "Sphere"
		tm:m = [[-1.3291, 0.0, 449.999] [0.0, 450.0, 0.0] [-449.999, 0.0, -1.3291] [-33151.1, 691.233, 1544.97]]
		objLayer:i = 0
		props {

		}
	}
	bdt_t2_bomb_zone_09 {
		type:t = "Sphere"
		tm:m = [[210.002, 0.0, 397.992] [0.0, 450.0, 0.0] [-397.992, 0.0, 210.002] [-30207.9, 554.281, -3637.39]]
		objLayer:i = 0
		props {

		}
	}
	bdt_t2_bomb_zone_06 {
		type:t = "Sphere"
		tm:m = [[-47.4207, 0.0, 447.494] [0.0, 450.0, 0.0] [-447.494, 0.0, -47.4207] [-27695.9, 575.097, -6973.45]]
		objLayer:i = 0
		props {

		}
	}
	bdt_t2_bomb_zone_05 {
		type:t = "Sphere"
		tm:m = [[-47.4207, 0.0, 447.494] [0.0, 450.0, 0.0] [-447.494, 0.0, -47.4207] [-23692.4, 120.615, -5078.76]]
		objLayer:i = 0
		props {

		}
	}
	bdt_t2_bomb_zone_07 {
		type:t = "Sphere"
		tm:m = [[-47.4207, 0.0, 447.494] [0.0, 450.0, 0.0] [-447.494, 0.0, -47.4207] [-20571.6, 58.5703, -5003.03]]
		objLayer:i = 0
		props {

		}
	}
	bdt_t2_bomb_zone_05_aaa_point_01 {
		type:t = "Point"
		tm:m = [[0.482644, 0.0, 0.875815] [0.0, 1.0, 0.0] [-0.875815, 0.0, 0.482644] [-34892.6, 687.73, -206.013]]
		objLayer:i = 0
		props {

		}
	}
	bdt_t2_bomb_zone_05_aaa_point_02 {
		type:t = "Point"
		tm:m = [[0.482644, 0.0, 0.875815] [0.0, 1.0, 0.0] [-0.875815, 0.0, 0.482644] [-35186.8, 830.931, 403.167]]
		objLayer:i = 0
		props {

		}
	}
	bdt_t2_bomb_zone_05_aaa_point_03 {
		type:t = "Point"
		tm:m = [[0.482644, 0.0, 0.875815] [0.0, 1.0, 0.0] [-0.875815, 0.0, 0.482644] [-35364.3, 919.891, 298.757]]
		objLayer:i = 0
		props {

		}
	}
	bdt_t2_bomb_zone_05_aaa_point_04 {
		type:t = "Point"
		tm:m = [[0.482644, 0.0, 0.875815] [0.0, 1.0, 0.0] [-0.875815, 0.0, 0.482644] [-35341.6, 935.96, -231.843]]
		objLayer:i = 0
		props {

		}
	}
	bdt_t2_bomb_zone_06_aaa_point_01 {
		type:t = "Point"
		tm:m = [[0.0151927, 0.0, 0.999887] [0.0, 1.0, 0.0] [-0.999887, 0.0, 0.0151927] [-33106.5, 695.363, 1203.84]]
		objLayer:i = 0
		props {

		}
	}
	bdt_t2_bomb_zone_06_aaa_point_02 {
		type:t = "Point"
		tm:m = [[0.0151927, 0.0, 0.999887] [0.0, 1.0, 0.0] [-0.999887, 0.0, 0.0151927] [-33600.1, 689.473, 1584.52]]
		objLayer:i = 0
		props {

		}
	}
	bdt_t2_bomb_zone_06_aaa_point_03 {
		type:t = "Point"
		tm:m = [[0.0151927, 0.0, 0.999887] [0.0, 1.0, 0.0] [-0.999887, 0.0, 0.0151927] [-33127.0, 606.213, 1943.36]]
		objLayer:i = 0
		props {

		}
	}
	bdt_t2_bomb_zone_06_aaa_point_04 {
		type:t = "Point"
		tm:m = [[0.0151927, 0.0, 0.999887] [0.0, 1.0, 0.0] [-0.999887, 0.0, 0.0151927] [-32664.4, 689.093, 1796.6]]
		objLayer:i = 0
		props {

		}
	}
	bdt_t2_bomb_zone_07_aaa_point_01 {
		type:t = "Point"
		tm:m = [[0.482644, 0.0, 0.875815] [0.0, 1.0, 0.0] [-0.875815, 0.0, 0.482644] [-29885.1, 545.951, -3915.11]]
		objLayer:i = 0
		props {

		}
	}
	bdt_t2_bomb_zone_07_aaa_point_02 {
		type:t = "Point"
		tm:m = [[0.482644, 0.0, 0.875815] [0.0, 1.0, 0.0] [-0.875815, 0.0, 0.482644] [-30287.2, 544.561, -3217.05]]
		objLayer:i = 0
		props {

		}
	}
	bdt_t2_bomb_zone_07_aaa_point_03 {
		type:t = "Point"
		tm:m = [[0.482644, 0.0, 0.875815] [0.0, 1.0, 0.0] [-0.875815, 0.0, 0.482644] [-30650.9, 551.281, -3532.42]]
		objLayer:i = 0
		props {

		}
	}
	bdt_t2_bomb_zone_07_aaa_point_04 {
		type:t = "Point"
		tm:m = [[0.482644, 0.0, 0.875815] [0.0, 1.0, 0.0] [-0.875815, 0.0, 0.482644] [-30249.2, 556.271, -4038.08]]
		objLayer:i = 0
		props {

		}
	}
	bdt_t2_bomb_zone_08_aaa_point_01 {
		type:t = "Point"
		tm:m = [[0.38253, 0.0, 0.923942] [0.0, 1.0, 0.0] [-0.923942, 0.0, 0.38253] [-27568.8, 595.337, -6788.72]]
		objLayer:i = 0
		props {

		}
	}
	bdt_t2_bomb_zone_08_aaa_point_02 {
		type:t = "Point"
		tm:m = [[0.38253, 0.0, 0.923942] [0.0, 1.0, 0.0] [-0.923942, 0.0, 0.38253] [-27692.7, 699.427, -7309.46]]
		objLayer:i = 0
		props {

		}
	}
	bdt_t2_bomb_zone_08_aaa_point_03 {
		type:t = "Point"
		tm:m = [[0.38253, 0.0, 0.923942] [0.0, 1.0, 0.0] [-0.923942, 0.0, 0.38253] [-28003.9, 524.497, -6854.59]]
		objLayer:i = 0
		props {

		}
	}
	bdt_t2_bomb_zone_08_aaa_point_04 {
		type:t = "Point"
		tm:m = [[0.38253, 0.0, 0.923942] [0.0, 1.0, 0.0] [-0.923942, 0.0, 0.38253] [-27939.2, 653.307, -7209.25]]
		objLayer:i = 0
		props {

		}
	}
	bdt_t2_bomb_zone_09_aaa_point_01 {
		type:t = "Point"
		tm:m = [[0.38253, 0.0, 0.923942] [0.0, 1.0, 0.0] [-0.923942, 0.0, 0.38253] [-23305.8, 108.255, -4995.71]]
		objLayer:i = 0
		props {

		}
	}
	bdt_t2_bomb_zone_09_aaa_point_02 {
		type:t = "Point"
		tm:m = [[0.38253, 0.0, 0.923942] [0.0, 1.0, 0.0] [-0.923942, 0.0, 0.38253] [-23883.5, 156.165, -5306.46]]
		objLayer:i = 0
		props {

		}
	}
	bdt_t2_bomb_zone_09_aaa_point_03 {
		type:t = "Point"
		tm:m = [[0.38253, 0.0, 0.923942] [0.0, 1.0, 0.0] [-0.923942, 0.0, 0.38253] [-23921.7, 325.375, -4990.39]]
		objLayer:i = 0
		props {

		}
	}
	bdt_t2_bomb_zone_09_aaa_point_04 {
		type:t = "Point"
		tm:m = [[0.38253, 0.0, 0.923942] [0.0, 1.0, 0.0] [-0.923942, 0.0, 0.38253] [-23400.2, 255.746, -5361.57]]
		objLayer:i = 0
		props {

		}
	}
	bdt_t2_bomb_zone_10_aaa_point_01 {
		type:t = "Point"
		tm:m = [[0.38253, 0.0, 0.923942] [0.0, 1.0, 0.0] [-0.923942, 0.0, 0.38253] [-20495.6, 1.22018, -5458.9]]
		objLayer:i = 0
		props {

		}
	}
	bdt_t2_bomb_zone_10_aaa_point_02 {
		type:t = "Point"
		tm:m = [[0.38253, 0.0, 0.923942] [0.0, 1.0, 0.0] [-0.923942, 0.0, 0.38253] [-20646.6, -19.6997, -4653.66]]
		objLayer:i = 0
		props {

		}
	}
	bdt_t2_bomb_zone_10_aaa_point_03 {
		type:t = "Point"
		tm:m = [[0.38253, 0.0, 0.923942] [0.0, 1.0, 0.0] [-0.923942, 0.0, 0.38253] [-20108.3, 52.2803, -5354.1]]
		objLayer:i = 0
		props {

		}
	}
	bdt_t2_bomb_zone_10_aaa_point_04 {
		type:t = "Point"
		tm:m = [[0.38253, 0.0, 0.923942] [0.0, 1.0, 0.0] [-0.923942, 0.0, 0.38253] [-20917.1, 53.3803, -5083.68]]
		objLayer:i = 0
		props {

		}
	}
	small_bomb_zones_area_9000 {
		type:t = "Sphere"
		tm:m = [[-16804.4, 0.0, 6450.61] [0.0, 18000.0, 0.0] [-6450.61, 0.0, -16804.4] [-26024.7, 795.508, 2400.0]]
		objLayer:i = 3
		props {

		}
	}
	small_bomb_zones_area_7000 {
		type:t = "Sphere"
		tm:m = [[-13070.1, 0.0, 5017.15] [0.0, 14000.0, 0.0] [-5017.15, 0.0, -13070.1] [-26024.7, 820.298, 2400.0]]
		objLayer:i = 3
		props {

		}
	}
}
objLayers {
	layer {
		enabled:b = true
	}
	layer {
		enabled:b = true
	}
	layer {
		enabled:b = true
	}
	layer {
		enabled:b = false
	}
	layer {
		enabled:b = false
	}
}
wayPoints {

}