selected_tag:t = ""
bin_dump_file:t = ""
mission_settings {
	player {
		army:i = 1
	}
	player_teamB {
		army:i = 2
	}
	mission {
		level:t = "levels/berlin.bin"
		type:t = "domination"
		environment:t = "Day"
		weather:t = "hazy"
		deathPenaltyMulRounds:r = 0
		stars {
			latitude:r = 52.5
			longitude:r = 13
			year:i = 1945
			month:i = 4
			day:i = 2
		}
	}
}
imports {
	import_record {
		file:t = "gameData/missions/templates/air_templates/gs/assaults_gs_template.blk"
		importAreas:b = true
		importUnits:b = true
		importTriggers:b = true
		importMissionObjectives:b = true
		importWayPoints:b = true
		importDialogs:b = true
		showAreas:b = true
		showUnits:b = true
		showTriggers:b = true
		showMissionObjectives:b = true
		showWayPoints:b = true
		showDialogs:b = true
		excludes {

		}
	}
	import_record {
		file:t = "gameData/missions/templates/units_sets/plane_sets_assaults/at_t1_ussr_rank_06.blk"
		allowedUnitTypes:t = "isAirplanesAllowed"
		importAreas:b = true
		importUnits:b = true
		importTriggers:b = true
		importMissionObjectives:b = true
		importWayPoints:b = true
		importDialogs:b = true
		showAreas:b = true
		showUnits:b = true
		showTriggers:b = true
		showMissionObjectives:b = true
		showWayPoints:b = true
		showDialogs:b = true
		excludes {

		}
	}
	import_record {
		file:t = "gameData/missions/templates/units_sets/plane_sets_assaults/at_t2_usa_rank_06.blk"
		allowedUnitTypes:t = "isAirplanesAllowed"
		importAreas:b = true
		importUnits:b = true
		importTriggers:b = true
		importMissionObjectives:b = true
		importWayPoints:b = true
		importDialogs:b = true
		showAreas:b = true
		showUnits:b = true
		showTriggers:b = true
		showMissionObjectives:b = true
		showWayPoints:b = true
		showDialogs:b = true
		excludes {

		}
	}
}
triggers {
	isCategory:b = true
	is_enabled:b = true
}
mission_objectives {
	isCategory:b = true
	is_enabled:b = true
}
variables {
	ai_assaults_saved:i = 0
	ft_helicopters_pad_exclusive:b = false
}
dialogs {

}
airfields {

}
effects {

}
units {

}
areas {
	at_area {
		type:t = "Sphere"
		tm:m = [[13980.5, 0.0, 7781.42] [0.0, 16000.0, 0.0] [-7781.42, 0.0, 13980.5] [-16810.8, 1500.0, -253.801]]
		objLayer:i = 0
		props {

		}
	}
	at_t2_spawn_01_01 {
		type:t = "Point"
		tm:m = [[-0.455092, 0.0, 0.890446] [0.0, 1.0, 0.0] [-0.890446, 0.0, -0.455092] [-11311.2, 1500.0, -6059.09]]
		objLayer:i = 0
		props {

		}
	}
	at_t1_spawn_01_01 {
		type:t = "Point"
		tm:m = [[0.455092, 0.0, -0.890446] [0.0, 1.0, 0.0] [0.890446, 0.0, 0.455092] [-18652.1, 1499.99, 7541.8]]
		objLayer:i = 0
		props {

		}
	}
	at_t2_spawn_01_02 {
		type:t = "Point"
		tm:m = [[-0.455092, 0.0, 0.890446] [0.0, 1.0, 0.0] [-0.890446, 0.0, -0.455092] [-14957.5, 1500.0, -8035.44]]
		objLayer:i = 0
		props {

		}
	}
	at_t1_spawn_01_02 {
		type:t = "Point"
		tm:m = [[0.455092, 0.0, -0.890446] [0.0, 1.0, 0.0] [0.890446, 0.0, 0.455092] [-22304.5, 1499.99, 5561.51]]
		objLayer:i = 0
		props {

		}
	}
	at_t1_spawn_02_01 {
		type:t = "Point"
		tm:m = [[0.455092, 0.0, -0.890446] [0.0, 1.0, 0.0] [0.890446, 0.0, 0.455092] [-23587.1, 1499.99, 3992.99]]
		objLayer:i = 0
		props {

		}
	}
	at_t1_spawn_02_02 {
		type:t = "Point"
		tm:m = [[0.455092, 0.0, -0.890446] [0.0, 1.0, 0.0] [0.890446, 0.0, 0.455092] [-16686.8, 1499.99, 7744.22]]
		objLayer:i = 0
		props {

		}
	}
	at_t2_spawn_02_01 {
		type:t = "Point"
		tm:m = [[-0.455092, 0.0, 0.890446] [0.0, 1.0, 0.0] [-0.890446, 0.0, -0.455092] [-17217.6, 1500.01, -8400.94]]
		objLayer:i = 0
		props {

		}
	}
	at_t2_spawn_02_02 {
		type:t = "Point"
		tm:m = [[-0.455092, 0.0, 0.890446] [0.0, 1.0, 0.0] [-0.890446, 0.0, -0.455092] [-10035.4, 1500.0, -4472.44]]
		objLayer:i = 0
		props {

		}
	}
}
objLayers {

}
wayPoints {

}