selected_tag:t = ""
bin_dump_file:t = ""
mission_settings {
	player {
		army:i = 1
	}
	player_teamB {
		army:i = 2
	}
	mission {
		level:t = "levels/air_smolensk.bin"
		type:t = "domination"
		environment:t = "Day"
		weather:t = "hazy"
		restoreType:t = "attempts"
		optionalTakeOff:b = false
	}
}
imports {
	import_record {
		file:t = "gameData/missions/templates/enduring_confrontation/bdt_bases_destroy_template.blk"
		importAreas:b = true
		importUnits:b = true
		importTriggers:b = true
		importMissionObjectives:b = true
		importWayPoints:b = true
		showAreas:b = true
		showUnits:b = true
		showTriggers:b = true
		showMissionObjectives:b = true
		showWayPoints:b = true
		excludes {

		}
	}
	import_record {
		file:t = "gameData/missions/templates/units_sets/land_sets_aaa_bases/bdt_t1_ussr_rank_01.blk"
		rankRange:ip2 = 0, 4
		importAreas:b = true
		importUnits:b = true
		importTriggers:b = true
		importMissionObjectives:b = true
		importWayPoints:b = true
		showAreas:b = true
		showUnits:b = true
		showTriggers:b = true
		showMissionObjectives:b = true
		showWayPoints:b = true
		excludes {

		}
	}
	import_record {
		file:t = "gameData/missions/templates/units_sets/land_sets_aaa_bases/bdt_t1_ussr_rank_02.blk"
		rankRange:ip2 = 5, 8
		importAreas:b = true
		importUnits:b = true
		importTriggers:b = true
		importMissionObjectives:b = true
		importWayPoints:b = true
		showAreas:b = true
		showUnits:b = true
		showTriggers:b = true
		showMissionObjectives:b = true
		showWayPoints:b = true
		excludes {

		}
	}
	import_record {
		file:t = "gameData/missions/templates/units_sets/land_sets_aaa_bases/bdt_t1_ussr_rank_03.blk"
		rankRange:ip2 = 9, 13
		importAreas:b = true
		importUnits:b = true
		importTriggers:b = true
		importMissionObjectives:b = true
		importWayPoints:b = true
		showAreas:b = true
		showUnits:b = true
		showTriggers:b = true
		showMissionObjectives:b = true
		showWayPoints:b = true
		excludes {

		}
	}
	import_record {
		file:t = "gameData/missions/templates/units_sets/land_sets_aaa_bases/bdt_t1_ussr_rank_04.blk"
		rankRange:ip2 = 14, 19
		importAreas:b = true
		importUnits:b = true
		importTriggers:b = true
		importMissionObjectives:b = true
		importWayPoints:b = true
		showAreas:b = true
		showUnits:b = true
		showTriggers:b = true
		showMissionObjectives:b = true
		showWayPoints:b = true
		excludes {

		}
	}
	import_record {
		file:t = "gameData/missions/templates/units_sets/land_sets_aaa_bases/bdt_t1_ussr_rank_05.blk"
		rankRange:ip2 = 20, 24
		importAreas:b = true
		importUnits:b = true
		importTriggers:b = true
		importMissionObjectives:b = true
		importWayPoints:b = true
		showAreas:b = true
		showUnits:b = true
		showTriggers:b = true
		showMissionObjectives:b = true
		showWayPoints:b = true
		excludes {

		}
	}
	import_record {
		file:t = "gameData/missions/templates/units_sets/land_sets_aaa_bases/bdt_t1_ussr_rank_06.blk"
		rankRange:ip2 = 25, 50
		importAreas:b = true
		importUnits:b = true
		importTriggers:b = true
		importMissionObjectives:b = true
		importWayPoints:b = true
		showAreas:b = true
		showUnits:b = true
		showTriggers:b = true
		showMissionObjectives:b = true
		showWayPoints:b = true
		excludes {

		}
	}
	import_record {
		file:t = "gameData/missions/templates/units_sets/land_sets_aaa_bases/bdt_t2_jpn_rank_01.blk"
		rankRange:ip2 = 0, 4
		importAreas:b = true
		importUnits:b = true
		importTriggers:b = true
		importMissionObjectives:b = true
		importWayPoints:b = true
		showAreas:b = true
		showUnits:b = true
		showTriggers:b = true
		showMissionObjectives:b = true
		showWayPoints:b = true
		excludes {

		}
	}
	import_record {
		file:t = "gameData/missions/templates/units_sets/land_sets_aaa_bases/bdt_t2_jpn_rank_02.blk"
		rankRange:ip2 = 5, 8
		importAreas:b = true
		importUnits:b = true
		importTriggers:b = true
		importMissionObjectives:b = true
		importWayPoints:b = true
		showAreas:b = true
		showUnits:b = true
		showTriggers:b = true
		showMissionObjectives:b = true
		showWayPoints:b = true
		excludes {

		}
	}
	import_record {
		file:t = "gameData/missions/templates/units_sets/land_sets_aaa_bases/bdt_t2_jpn_rank_03.blk"
		rankRange:ip2 = 9, 13
		importAreas:b = true
		importUnits:b = true
		importTriggers:b = true
		importMissionObjectives:b = true
		importWayPoints:b = true
		showAreas:b = true
		showUnits:b = true
		showTriggers:b = true
		showMissionObjectives:b = true
		showWayPoints:b = true
		excludes {

		}
	}
	import_record {
		file:t = "gameData/missions/templates/units_sets/land_sets_aaa_bases/bdt_t2_jpn_rank_04.blk"
		rankRange:ip2 = 14, 19
		importAreas:b = true
		importUnits:b = true
		importTriggers:b = true
		importMissionObjectives:b = true
		importWayPoints:b = true
		showAreas:b = true
		showUnits:b = true
		showTriggers:b = true
		showMissionObjectives:b = true
		showWayPoints:b = true
		excludes {

		}
	}
	import_record {
		file:t = "gameData/missions/templates/units_sets/land_sets_aaa_bases/bdt_t2_jpn_rank_05.blk"
		rankRange:ip2 = 20, 24
		importAreas:b = true
		importUnits:b = true
		importTriggers:b = true
		importMissionObjectives:b = true
		importWayPoints:b = true
		showAreas:b = true
		showUnits:b = true
		showTriggers:b = true
		showMissionObjectives:b = true
		showWayPoints:b = true
		excludes {

		}
	}
	import_record {
		file:t = "gameData/missions/templates/units_sets/land_sets_aaa_bases/bdt_t2_jpn_rank_06.blk"
		rankRange:ip2 = 25, 50
		importAreas:b = true
		importUnits:b = true
		importTriggers:b = true
		importMissionObjectives:b = true
		importWayPoints:b = true
		showAreas:b = true
		showUnits:b = true
		showTriggers:b = true
		showMissionObjectives:b = true
		showWayPoints:b = true
		excludes {

		}
	}
}
triggers {
	isCategory:b = true
	is_enabled:b = true
	bdt_part_init {
		is_enabled:b = true
		comments:t = ""
		props {
			actionsType:t = "PERFORM_ONE_BY_ONE"
			conditionsType:t = "ALL"
			enableAfterComplete:b = false
		}
		events {
			initMission {

			}
		}
		conditions {

		}
		actions {
			comment {
				value:t = "set max bases amount +1"
			}
			varSetInt {
				value:i = 9
				var:t = "bdt_t1_total_bases_max_count"
			}
			varSetInt {
				value:i = 9
				var:t = "bdt_t2_total_bases_max_count"
			}
			comment {
				value:t = "enable self restarting for template"
			}
			varSetBool {
				value:b = true
				var:t = "bdt_self_restart"
			}
			comment {
				value:t = "increase one-moment bases amount"
			}
			varSetInt {
				value:i = 4
				var:t = "bdt_t1_active_bases_max_count"
				var:t = "bdt_t2_active_bases_max_count"
			}
			comment {
				value:t = ""
			}
			varSetInt {
				value:i = 1
				var:t = "bdt_delay_timer"
			}
			comment {
				value:t = ""
			}
			varSetString {
				value:t = "bfd"
				var:t = "bdt_game_mode"
			}
			comment {
				value:t = ""
			}
			varSetBool {
				value:b = true
				var:t = "bMirrorSpawn"
			}
			comment {
				value:t = ""
			}
			varSetReal {
				value:r = 2000
				var:t = "bdt_t1_min_zone_distance"
				var:t = "bdt_t2_min_zone_distance"
			}
		}
		else_actions {

		}
	}
}
mission_objectives {
	isCategory:b = true
	is_enabled:b = true
}
variables {

}
dialogs {

}
airfields {

}
effects {

}
units {
	objectGroups {
		name:t = "bdt_t2_bomb_object_01"
		tm:m = [[0.546036, 0.0, 0.837762] [0.0, 1.0, 0.0] [-0.837762, 0.0, 0.546036] [-13828.1, 284.725, -2966.79]]
		unit_class:t = "dynBase_hq_camp_square"
		objLayer:i = 2
		props {
			army:i = 2
			active:b = false
		}
	}
	objectGroups {
		name:t = "bdt_t2_bomb_object_02"
		tm:m = [[0.968565, 0.0, 0.248766] [0.0, 1.0, 0.0] [-0.248766, 0.0, 0.968565] [-7450.12, 57.272, -4063.19]]
		unit_class:t = "dynBase_fuel_storage_square"
		objLayer:i = 2
		props {
			army:i = 2
			active:b = false
		}
	}
	objectGroups {
		name:t = "bdt_t2_bomb_object_03"
		tm:m = [[-0.490973, 0.0, 0.871175] [0.0, 1.0, 0.0] [-0.871175, 0.0, -0.490973] [-5145.95, 156.708, -3193.63]]
		unit_class:t = "dynBase_oil_storage_small_square"
		objLayer:i = 2
		props {
			army:i = 2
			active:b = false
		}
	}
	objectGroups {
		name:t = "bdt_t1_bomb_object_01"
		tm:m = [[0.242075, 0.0, 0.970256] [0.0, 1.0, 0.0] [-0.970256, 0.0, 0.242075] [-16144.5, 259.996, 7728.5]]
		unit_class:t = "dynBase_fuel_storage_square"
		objLayer:i = 2
		props {
			army:i = 1
			active:b = false
		}
	}
	objectGroups {
		name:t = "bdt_t1_bomb_object_02"
		tm:m = [[-0.47702, 0.0, 0.878892] [0.0, 1.0, 0.0] [-0.878892, 0.0, -0.47702] [-13297.4, 105.975, 10270.9]]
		unit_class:t = "dynBase_small_factory_square"
		objLayer:i = 2
		props {
			army:i = 1
			active:b = false
		}
	}
	objectGroups {
		name:t = "bdt_t1_bomb_object_03"
		tm:m = [[-0.65418, 0.0, 0.75634] [0.0, 1.0, 0.0] [-0.75634, 0.0, -0.65418] [-5335.27, 117.419, 10206.7]]
		unit_class:t = "dynBase_oil_storage_small_square"
		objLayer:i = 2
		props {
			army:i = 1
			active:b = false
		}
	}
	objectGroups {
		name:t = "bdt_t2_bomb_object_04"
		tm:m = [[-0.0332344, 0.0, 0.999447] [0.0, 1.0, 0.0] [-0.999447, 0.0, -0.0332344] [-15931.2, 326.587, -663.687]]
		unit_class:t = "dynBase_small_factory_square"
		objLayer:i = 2
		props {
			army:i = 2
			active:b = false
		}
	}
	objectGroups {
		name:t = "bdt_t1_bomb_object_04"
		tm:m = [[-0.348081, 0.0, 0.937464] [0.0, 1.0, 0.0] [-0.937464, 0.0, -0.348081] [-3221.01, 77.5824, 8032.65]]
		unit_class:t = "dynBase_field_camp_square"
		objLayer:i = 2
		props {
			army:i = 1
			active:b = false
		}
	}
	objectGroups {
		name:t = "bdt_t1_bomb_object_05"
		tm:m = [[-0.348081, 0.0, 0.937464] [0.0, 1.0, 0.0] [-0.937464, 0.0, -0.348081] [-2094.67, 125.793, 9715.46]]
		unit_class:t = "dynBase_military_base_square"
		objLayer:i = 2
		props {
			army:i = 1
			active:b = false
		}
	}
	objectGroups {
		name:t = "bdt_t1_bomb_object_06"
		tm:m = [[-0.348081, 0.0, 0.937464] [0.0, 1.0, 0.0] [-0.937464, 0.0, -0.348081] [-4151.18, 170.248, 10943.4]]
		unit_class:t = "dynBase_oil_storage_large_square"
		objLayer:i = 2
		props {
			army:i = 1
			active:b = false
		}
	}
	objectGroups {
		name:t = "bdt_t1_bomb_object_07"
		tm:m = [[-0.348081, 0.0, 0.937464] [0.0, 1.0, 0.0] [-0.937464, 0.0, -0.348081] [-5878.96, 297.691, 12177.7]]
		unit_class:t = "dynBase_oil_storage_large_square"
		objLayer:i = 2
		props {
			army:i = 1
			active:b = false
		}
	}
	objectGroups {
		name:t = "bdt_t1_bomb_object_08"
		tm:m = [[0.242075, 0.0, 0.970256] [0.0, 1.0, 0.0] [-0.970256, 0.0, 0.242075] [-17364.6, 222.01, 8649.61]]
		unit_class:t = "dynBase_small_factory_square"
		objLayer:i = 2
		props {
			army:i = 1
			active:b = false
		}
	}
	objectGroups {
		name:t = "bdt_t1_bomb_object_09"
		tm:m = [[0.242075, 0.0, 0.970256] [0.0, 1.0, 0.0] [-0.970256, 0.0, 0.242075] [-15506.4, 121.139, 10130.4]]
		unit_class:t = "dynBase_hq_camp_square"
		objLayer:i = 2
		props {
			army:i = 1
			active:b = false
		}
	}
	objectGroups {
		name:t = "bdt_t1_bomb_object_10"
		tm:m = [[0.242075, 0.0, 0.970256] [0.0, 1.0, 0.0] [-0.970256, 0.0, 0.242075] [-13800.5, 106.865, 11641.5]]
		unit_class:t = "dynBase_petrol_camp_square"
		objLayer:i = 2
		props {
			army:i = 1
			active:b = false
		}
	}
	objectGroups {
		name:t = "bdt_t2_bomb_object_05"
		tm:m = [[-0.0332344, 0.0, 0.999447] [0.0, 1.0, 0.0] [-0.999447, 0.0, -0.0332344] [-17405.0, 283.543, -728.12]]
		unit_class:t = "dynBase_petrol_camp_square"
		objLayer:i = 2
		props {
			army:i = 2
			active:b = false
		}
	}
	objectGroups {
		name:t = "bdt_t2_bomb_object_06"
		tm:m = [[-0.498371, 0.0, 0.866964] [0.0, 1.0, 0.0] [-0.866964, 0.0, -0.498371] [-16064.4, 292.159, -2443.07]]
		unit_class:t = "dynBase_military_base_square"
		objLayer:i = 2
		props {
			army:i = 2
			active:b = false
		}
	}
	objectGroups {
		name:t = "bdt_t2_bomb_object_07"
		tm:m = [[-0.0332344, 0.0, 0.999447] [0.0, 1.0, 0.0] [-0.999447, 0.0, -0.0332344] [-14361.4, 294.655, -4441.34]]
		unit_class:t = "dynBase_fuel_storage_square"
		objLayer:i = 2
		props {
			army:i = 2
			active:b = false
		}
	}
	objectGroups {
		name:t = "bdt_t2_bomb_object_08"
		tm:m = [[-0.490973, 0.0, 0.871175] [0.0, 1.0, 0.0] [-0.871175, 0.0, -0.490973] [-3820.89, 154.204, -3763.59]]
		unit_class:t = "dynBase_ammunition_storage_square"
		objLayer:i = 2
		props {
			army:i = 2
			active:b = false
		}
	}
	objectGroups {
		name:t = "bdt_t2_bomb_object_09"
		tm:m = [[-0.490973, 0.0, 0.871175] [0.0, 1.0, 0.0] [-0.871175, 0.0, -0.490973] [-5229.73, 98.1033, -4652.61]]
		unit_class:t = "dynBase_field_camp_square"
		objLayer:i = 2
		props {
			army:i = 2
			active:b = false
		}
	}
	objectGroups {
		name:t = "bdt_t2_bomb_object_10"
		tm:m = [[-0.490973, 0.0, 0.871175] [0.0, 1.0, 0.0] [-0.871175, 0.0, -0.490973] [-7509.0, 241.166, -6229.88]]
		unit_class:t = "dynBase_oil_storage_small_square"
		objLayer:i = 2
		props {
			army:i = 2
			active:b = false
		}
	}
}
areas {
	bdt_t2_bomb_zone_01 {
		type:t = "Sphere"
		tm:m = [[245.716, 0.0, 376.994] [0.0, 450.0, 0.0] [-376.994, 0.0, 245.716] [-13823.8, 272.071, -2972.4]]
		objLayer:i = 0
		props {

		}
	}
	bdt_t2_bomb_zone_02 {
		type:t = "Sphere"
		tm:m = [[245.716, 0.0, 376.994] [0.0, 450.0, 0.0] [-376.994, 0.0, 245.716] [-7461.24, 57.959, -4044.7]]
		objLayer:i = 0
		props {

		}
	}
	bdt_t2_bomb_zone_03 {
		type:t = "Sphere"
		tm:m = [[-220.937, 0.0, 392.03] [0.0, 450.0, 0.0] [-392.03, 0.0, -220.937] [-5150.57, 156.713, -3202.32]]
		objLayer:i = 0
		props {

		}
	}
	bdt_t1_bomb_zone_01 {
		type:t = "Sphere"
		tm:m = [[108.934, 0.0, 436.616] [0.0, 450.0, 0.0] [-436.616, 0.0, 108.934] [-16144.5, 259.996, 7741.16]]
		objLayer:i = 0
		props {

		}
	}
	bdt_t1_bomb_zone_02 {
		type:t = "Sphere"
		tm:m = [[-123.969, 0.0, 432.588] [0.0, 450.0, 0.0] [-432.588, 0.0, -123.969] [-13300.6, 105.971, 10274.5]]
		objLayer:i = 0
		props {

		}
	}
	bdt_t1_bomb_zone_03 {
		type:t = "Sphere"
		tm:m = [[-142.721, 0.0, 426.768] [0.0, 450.0, 0.0] [-426.768, 0.0, -142.721] [-5337.63, 87.3827, 10211.9]]
		objLayer:i = 0
		props {

		}
	}
	bdt_t2_bomb_zone_04 {
		type:t = "Sphere"
		tm:m = [[-14.9553, 0.0, 449.751] [0.0, 450.0, 0.0] [-449.751, 0.0, -14.9553] [-15929.5, 326.611, -655.981]]
		objLayer:i = 0
		props {

		}
	}
	bdt_t1_bomb_zone_04 {
		type:t = "Sphere"
		tm:m = [[-142.721, 0.0, 426.768] [0.0, 450.0, 0.0] [-426.768, 0.0, -142.721] [-3226.63, 77.5074, 8031.03]]
		objLayer:i = 0
		props {

		}
	}
	bdt_t1_bomb_zone_05 {
		type:t = "Sphere"
		tm:m = [[-142.721, 0.0, 426.768] [0.0, 450.0, 0.0] [-426.768, 0.0, -142.721] [-2100.27, 125.645, 9713.85]]
		objLayer:i = 0
		props {

		}
	}
	bdt_t1_bomb_zone_06 {
		type:t = "Sphere"
		tm:m = [[-142.721, 0.0, 426.768] [0.0, 450.0, 0.0] [-426.768, 0.0, -142.721] [-4156.79, 170.217, 10941.8]]
		objLayer:i = 0
		props {

		}
	}
	bdt_t1_bomb_zone_07 {
		type:t = "Sphere"
		tm:m = [[-142.721, 0.0, 426.768] [0.0, 450.0, 0.0] [-426.768, 0.0, -142.721] [-5884.6, 267.761, 12176.1]]
		objLayer:i = 0
		props {

		}
	}
	bdt_t1_bomb_zone_08 {
		type:t = "Sphere"
		tm:m = [[108.934, 0.0, 436.616] [0.0, 450.0, 0.0] [-436.616, 0.0, 108.934] [-17364.6, 222.01, 8662.26]]
		objLayer:i = 0
		props {

		}
	}
	bdt_t1_bomb_zone_09 {
		type:t = "Sphere"
		tm:m = [[108.934, 0.0, 436.616] [0.0, 450.0, 0.0] [-436.616, 0.0, 108.934] [-15506.4, 121.139, 10143.0]]
		objLayer:i = 0
		props {

		}
	}
	bdt_t1_bomb_zone_10 {
		type:t = "Sphere"
		tm:m = [[108.934, 0.0, 436.616] [0.0, 450.0, 0.0] [-436.616, 0.0, 108.934] [-13800.5, 106.862, 11654.2]]
		objLayer:i = 0
		props {

		}
	}
	bdt_t2_bomb_zone_05 {
		type:t = "Sphere"
		tm:m = [[-14.9553, 0.0, 449.751] [0.0, 450.0, 0.0] [-449.751, 0.0, -14.9553] [-17403.3, 283.56, -720.425]]
		objLayer:i = 0
		props {

		}
	}
	bdt_t2_bomb_zone_06 {
		type:t = "Sphere"
		tm:m = [[-224.268, 0.0, 390.134] [0.0, 450.0, 0.0] [-390.134, 0.0, -224.268] [-16066.5, 292.346, -2435.41]]
		objLayer:i = 0
		props {

		}
	}
	bdt_t2_bomb_zone_07 {
		type:t = "Sphere"
		tm:m = [[-14.9553, 0.0, 449.751] [0.0, 450.0, 0.0] [-449.751, 0.0, -14.9553] [-14359.7, 273.294, -4433.6]]
		objLayer:i = 0
		props {

		}
	}
	bdt_t2_bomb_zone_08 {
		type:t = "Sphere"
		tm:m = [[-220.937, 0.0, 392.03] [0.0, 450.0, 0.0] [-392.03, 0.0, -220.937] [-3825.5, 154.208, -3772.28]]
		objLayer:i = 0
		props {

		}
	}
	bdt_t2_bomb_zone_09 {
		type:t = "Sphere"
		tm:m = [[-220.937, 0.0, 392.03] [0.0, 450.0, 0.0] [-392.03, 0.0, -220.937] [-5234.31, 73.816, -4661.31]]
		objLayer:i = 0
		props {

		}
	}
	bdt_t2_bomb_zone_10 {
		type:t = "Sphere"
		tm:m = [[-220.937, 0.0, 392.03] [0.0, 450.0, 0.0] [-392.03, 0.0, -220.937] [-7513.53, 227.769, -6238.37]]
		objLayer:i = 0
		props {

		}
	}
	bomb_zones_area {
		type:t = "Sphere"
		tm:m = [[11430.8, 0.0, 13904.5] [0.0, 18000.0, 0.0] [-13904.5, 0.0, 11430.8] [-9360.4, 305.208, 3681.45]]
		objLayer:i = 3
		props {

		}
	}
}
objLayers {
	layer {
		enabled:b = true
	}
	layer {
		enabled:b = true
	}
	layer {
		enabled:b = true
	}
	layer {
		enabled:b = false
	}
	layer {
		enabled:b = true
	}
}
wayPoints {

}