selected_tag:t = ""
bin_dump_file:t = ""
mission_settings {
	player {
		army:i = 1
	}
	player_teamB {
		army:i = 2
	}
	mission {
		level:t = "levels/avg_rheinland.bin"
		type:t = "domination"
		environment:t = "Day"
		weather:t = "hazy"
	}
}
imports {

}
triggers {
	isCategory:b = true
	is_enabled:b = true
}
mission_objectives {
	isCategory:b = true
	is_enabled:b = true
}
variables {

}
dialogs {

}
airfields {

}
effects {

}
units {
	objectGroups {
		name:t = "t1_airfield_mid"
		tm:m = [[-0.947585, 0.0, -0.319503] [0.0, 1.0, 0.0] [0.319503, 0.0, -0.947585] [-15710.1, 31.9957, -13144.7]]
		unit_class:t = "dynaf_pg_1line_ground"
		objLayer:i = 2
		props {
			army:i = 1
			active:b = true
		}
	}
	objectGroups {
		name:t = "t2_airfield_mid"
		tm:m = [[0.964292, 0.0, 0.264841] [0.0, 1.0, 0.0] [-0.264841, 0.0, 0.964292] [13703.3, 51.5735, 8669.6]]
		unit_class:t = "dynaf_pg_1line_ground"
		objLayer:i = 2
		props {
			army:i = 2
			active:b = true
		}
	}
	air_defence {
		name:t = "t1_aaa_mid_light_01"
		tm:m = [[0.940602, 0.0, 0.339507] [0.0, 1.0, 0.0] [-0.339507, 0.0, 0.940602] [-14713.0, 28.7911, -13424.1]]
		unit_class:t = "uk_40mm_bofors_airfield"
		objLayer:i = 1
		closed_waypoints:b = false
		isShipSpline:b = false
		shipTurnRadius:r = 100
		weapons:t = ""
		bullets0:t = ""
		bullets1:t = ""
		bullets2:t = ""
		bullets3:t = ""
		bulletsCount0:i = 0
		bulletsCount1:i = 0
		bulletsCount2:i = 0
		bulletsCount3:i = 0
		crewSkillK:r = 0
		applyAllMods:b = false
		props {
			army:i = 1
			count:i = 1
			formation_type:t = "rows"
			formation_div:i = 3
			formation_step:p2 = 2.5, 2
			formation_noise:p2 = 0.1, 0.1
			uniqueName:t = ""
			attack_type:t = "fire_at_will"
		}
		way {

		}
	}
	air_defence {
		name:t = "t1_aaa_mid_heavy_01"
		tm:m = [[0.940602, 0.0, 0.339507] [0.0, 1.0, 0.0] [-0.339507, 0.0, 0.940602] [-15020.2, 30.0362, -12224.2]]
		unit_class:t = "us_90mm_m1"
		objLayer:i = 1
		closed_waypoints:b = false
		isShipSpline:b = false
		shipTurnRadius:r = 100
		weapons:t = ""
		bullets0:t = ""
		bullets1:t = ""
		bullets2:t = ""
		bullets3:t = ""
		bulletsCount0:i = 0
		bulletsCount1:i = 0
		bulletsCount2:i = 0
		bulletsCount3:i = 0
		crewSkillK:r = 0
		applyAllMods:b = false
		props {
			army:i = 1
			count:i = 1
			formation_type:t = "rows"
			formation_div:i = 3
			formation_step:p2 = 2.5, 2
			formation_noise:p2 = 0.1, 0.1
			uniqueName:t = ""
			attack_type:t = "fire_at_will"
		}
		way {

		}
	}
	air_defence {
		name:t = "t1_aaa_mid_light_02"
		tm:m = [[-0.9249, 0.0, -0.380213] [0.0, 1.0, 0.0] [0.380213, 0.0, -0.9249] [-16113.1, 32.7586, -12598.3]]
		unit_class:t = "uk_40mm_bofors_airfield"
		objLayer:i = 1
		closed_waypoints:b = false
		isShipSpline:b = false
		shipTurnRadius:r = 100
		weapons:t = ""
		bullets0:t = ""
		bullets1:t = ""
		bullets2:t = ""
		bullets3:t = ""
		bulletsCount0:i = 0
		bulletsCount1:i = 0
		bulletsCount2:i = 0
		bulletsCount3:i = 0
		crewSkillK:r = 0
		applyAllMods:b = false
		props {
			army:i = 1
			count:i = 1
			formation_type:t = "rows"
			formation_div:i = 3
			formation_step:p2 = 2.5, 2
			formation_noise:p2 = 0.1, 0.1
			uniqueName:t = ""
			attack_type:t = "fire_at_will"
		}
		way {

		}
	}
	air_defence {
		name:t = "t1_aaa_mid_light_03"
		tm:m = [[0.940602, 0.0, 0.339507] [0.0, 1.0, 0.0] [-0.339507, 0.0, 0.940602] [-16635.5, 32.8143, -14134.1]]
		unit_class:t = "uk_40mm_bofors_airfield"
		objLayer:i = 1
		closed_waypoints:b = false
		isShipSpline:b = false
		shipTurnRadius:r = 100
		weapons:t = ""
		bullets0:t = ""
		bullets1:t = ""
		bullets2:t = ""
		bullets3:t = ""
		bulletsCount0:i = 0
		bulletsCount1:i = 0
		bulletsCount2:i = 0
		bulletsCount3:i = 0
		crewSkillK:r = 0
		applyAllMods:b = false
		props {
			army:i = 1
			count:i = 1
			formation_type:t = "rows"
			formation_div:i = 3
			formation_step:p2 = 2.5, 2
			formation_noise:p2 = 0.1, 0.1
			uniqueName:t = ""
			attack_type:t = "fire_at_will"
		}
		way {

		}
	}
	air_defence {
		name:t = "t1_aaa_mid_light_04"
		tm:m = [[-0.844824, 0.0, -0.535043] [0.0, 1.0, 0.0] [0.535043, 0.0, -0.844824] [-17075.2, 33.4829, -12954.4]]
		unit_class:t = "uk_40mm_bofors_airfield"
		objLayer:i = 1
		closed_waypoints:b = false
		isShipSpline:b = false
		shipTurnRadius:r = 100
		weapons:t = ""
		bullets0:t = ""
		bullets1:t = ""
		bullets2:t = ""
		bullets3:t = ""
		bulletsCount0:i = 0
		bulletsCount1:i = 0
		bulletsCount2:i = 0
		bulletsCount3:i = 0
		crewSkillK:r = 0
		applyAllMods:b = false
		props {
			army:i = 1
			count:i = 1
			formation_type:t = "rows"
			formation_div:i = 3
			formation_step:p2 = 2.5, 2
			formation_noise:p2 = 0.1, 0.1
			uniqueName:t = ""
			attack_type:t = "fire_at_will"
		}
		way {

		}
	}
	air_defence {
		name:t = "t1_aaa_mid_heavy_02"
		tm:m = [[-0.9249, 0.0, -0.380213] [0.0, 1.0, 0.0] [0.380213, 0.0, -0.9249] [-15671.8, 31.3175, -13822.3]]
		unit_class:t = "us_90mm_m1"
		objLayer:i = 1
		closed_waypoints:b = false
		isShipSpline:b = false
		shipTurnRadius:r = 100
		weapons:t = ""
		bullets0:t = ""
		bullets1:t = ""
		bullets2:t = ""
		bullets3:t = ""
		bulletsCount0:i = 0
		bulletsCount1:i = 0
		bulletsCount2:i = 0
		bulletsCount3:i = 0
		crewSkillK:r = 0
		applyAllMods:b = false
		props {
			army:i = 1
			count:i = 1
			formation_type:t = "rows"
			formation_div:i = 3
			formation_step:p2 = 2.5, 2
			formation_noise:p2 = 0.1, 0.1
			uniqueName:t = ""
			attack_type:t = "fire_at_will"
		}
		way {

		}
	}
	squad {
		name:t = "t1_def_aaa_mid_squad"
		tm:m = [[0.727899, 0.0, 0.685683] [0.0, 1.0, 0.0] [-0.685683, 0.0, 0.727899] [-16896.3, 231.5, -28717.5]]
		props {
			squad_members:t = "t1_aaa_mid_light_01"
			squad_members:t = "t1_aaa_mid_heavy_01"
			squad_members:t = "t1_aaa_mid_light_02"
			squad_members:t = "t1_aaa_mid_light_03"
			squad_members:t = "t1_aaa_mid_light_04"
			squad_members:t = "t1_aaa_mid_heavy_02"
			object_marking:i = 0
		}
	}
	air_defence {
		name:t = "t2_aaa_mid_light_01"
		tm:m = [[0.997865, 0.0, -0.0653262] [0.0, 1.0, 0.0] [0.0653262, 0.0, 0.997865] [13612.5, 80.9995, 9233.15]]
		unit_class:t = "uk_40mm_bofors_airfield"
		objLayer:i = 1
		closed_waypoints:b = false
		isShipSpline:b = false
		shipTurnRadius:r = 100
		weapons:t = ""
		bullets0:t = ""
		bullets1:t = ""
		bullets2:t = ""
		bullets3:t = ""
		bulletsCount0:i = 0
		bulletsCount1:i = 0
		bulletsCount2:i = 0
		bulletsCount3:i = 0
		crewSkillK:r = 0
		applyAllMods:b = false
		props {
			army:i = 2
			count:i = 1
			formation_type:t = "rows"
			formation_div:i = 3
			formation_step:p2 = 2.5, 2
			formation_noise:p2 = 0.1, 0.1
			uniqueName:t = ""
			attack_type:t = "fire_at_will"
		}
		way {

		}
	}
	air_defence {
		name:t = "t2_aaa_mid_heavy_01"
		tm:m = [[0.997865, 0.0, -0.0653262] [0.0, 1.0, 0.0] [0.0653262, 0.0, 0.997865] [12715.5, 84.612, 7761.15]]
		unit_class:t = "us_90mm_m1"
		objLayer:i = 1
		closed_waypoints:b = false
		isShipSpline:b = false
		shipTurnRadius:r = 100
		weapons:t = ""
		bullets0:t = ""
		bullets1:t = ""
		bullets2:t = ""
		bullets3:t = ""
		bulletsCount0:i = 0
		bulletsCount1:i = 0
		bulletsCount2:i = 0
		bulletsCount3:i = 0
		crewSkillK:r = 0
		applyAllMods:b = false
		props {
			army:i = 2
			count:i = 1
			formation_type:t = "rows"
			formation_div:i = 3
			formation_step:p2 = 2.5, 2
			formation_noise:p2 = 0.1, 0.1
			uniqueName:t = ""
			attack_type:t = "fire_at_will"
		}
		way {

		}
	}
	air_defence {
		name:t = "t2_aaa_mid_light_02"
		tm:m = [[-0.994063, 0.0, 0.108792] [0.0, 1.0, 0.0] [-0.108792, 0.0, -0.994063] [13814.2, 66.3568, 8032.25]]
		unit_class:t = "uk_40mm_bofors_airfield"
		objLayer:i = 1
		closed_waypoints:b = false
		isShipSpline:b = false
		shipTurnRadius:r = 100
		weapons:t = ""
		bullets0:t = ""
		bullets1:t = ""
		bullets2:t = ""
		bullets3:t = ""
		bulletsCount0:i = 0
		bulletsCount1:i = 0
		bulletsCount2:i = 0
		bulletsCount3:i = 0
		crewSkillK:r = 0
		applyAllMods:b = false
		props {
			army:i = 2
			count:i = 1
			formation_type:t = "rows"
			formation_div:i = 3
			formation_step:p2 = 2.5, 2
			formation_noise:p2 = 0.1, 0.1
			uniqueName:t = ""
			attack_type:t = "fire_at_will"
		}
		way {

		}
	}
	air_defence {
		name:t = "t2_aaa_mid_light_03"
		tm:m = [[0.997865, 0.0, -0.0653262] [0.0, 1.0, 0.0] [0.0653262, 0.0, 0.997865] [12750.6, 85.9159, 8955.05]]
		unit_class:t = "uk_40mm_bofors_airfield"
		objLayer:i = 1
		closed_waypoints:b = false
		isShipSpline:b = false
		shipTurnRadius:r = 100
		weapons:t = ""
		bullets0:t = ""
		bullets1:t = ""
		bullets2:t = ""
		bullets3:t = ""
		bulletsCount0:i = 0
		bulletsCount1:i = 0
		bulletsCount2:i = 0
		bulletsCount3:i = 0
		crewSkillK:r = 0
		applyAllMods:b = false
		props {
			army:i = 2
			count:i = 1
			formation_type:t = "rows"
			formation_div:i = 3
			formation_step:p2 = 2.5, 2
			formation_noise:p2 = 0.1, 0.1
			uniqueName:t = ""
			attack_type:t = "fire_at_will"
		}
		way {

		}
	}
	air_defence {
		name:t = "t2_aaa_mid_light_04"
		tm:m = [[-0.999765, 0.0, 0.0217367] [0.0, 1.0, 0.0] [-0.0217367, 0.0, -0.999765] [14515.0, 45.3144, 8310.85]]
		unit_class:t = "uk_40mm_bofors_airfield"
		objLayer:i = 1
		closed_waypoints:b = false
		isShipSpline:b = false
		shipTurnRadius:r = 100
		weapons:t = ""
		bullets0:t = ""
		bullets1:t = ""
		bullets2:t = ""
		bullets3:t = ""
		bulletsCount0:i = 0
		bulletsCount1:i = 0
		bulletsCount2:i = 0
		bulletsCount3:i = 0
		crewSkillK:r = 0
		applyAllMods:b = false
		props {
			army:i = 2
			count:i = 1
			formation_type:t = "rows"
			formation_div:i = 3
			formation_step:p2 = 2.5, 2
			formation_noise:p2 = 0.1, 0.1
			uniqueName:t = ""
			attack_type:t = "fire_at_will"
		}
		way {

		}
	}
	air_defence {
		name:t = "t2_aaa_mid_heavy_02"
		tm:m = [[-0.994063, 0.0, 0.108792] [0.0, 1.0, 0.0] [-0.108792, 0.0, -0.994063] [14447.1, 78.6995, 9483.15]]
		unit_class:t = "us_90mm_m1"
		objLayer:i = 1
		closed_waypoints:b = false
		isShipSpline:b = false
		shipTurnRadius:r = 100
		weapons:t = ""
		bullets0:t = ""
		bullets1:t = ""
		bullets2:t = ""
		bullets3:t = ""
		bulletsCount0:i = 0
		bulletsCount1:i = 0
		bulletsCount2:i = 0
		bulletsCount3:i = 0
		crewSkillK:r = 0
		applyAllMods:b = false
		props {
			army:i = 2
			count:i = 1
			formation_type:t = "rows"
			formation_div:i = 3
			formation_step:p2 = 2.5, 2
			formation_noise:p2 = 0.1, 0.1
			uniqueName:t = ""
			attack_type:t = "fire_at_will"
		}
		way {

		}
	}
	squad {
		name:t = "t2_def_aaa_mid_squad"
		tm:m = [[0.998893, 0.0, 0.0470155] [0.0, 1.0, 0.0] [-0.0470155, 0.0, 0.998893] [13764.2, 56.1817, 7255.35]]
		props {
			squad_members:t = "t2_aaa_mid_light_01"
			squad_members:t = "t2_aaa_mid_heavy_01"
			squad_members:t = "t2_aaa_mid_light_02"
			squad_members:t = "t2_aaa_mid_light_03"
			squad_members:t = "t2_aaa_mid_light_04"
			squad_members:t = "t2_aaa_mid_heavy_02"
			object_marking:i = 0
		}
	}
}
areas {
	t1_interceptor_area_mid {
		type:t = "Sphere"
		tm:m = [[-3795.52, 0.0, 4646.94] [0.0, 6000.0, 0.0] [-4646.94, 0.0, -3795.52] [-15673.1, 2000.0, -13163.4]]
		objLayer:i = 4
		props {

		}
	}
	t1_assault_mid_spawn {
		type:t = "Sphere"
		tm:m = [[240.403, 0.0, 179.46] [0.0, 300.0, 0.0] [-179.46, 0.0, 240.403] [-11800.1, 1000.0, -10000.3]]
		objLayer:i = 4
		props {

		}
	}
	t1_aaa_fighter_area_mid {
		type:t = "Sphere"
		tm:m = [[-2530.34, 0.0, 3097.95] [0.0, 4000.0, 0.0] [-3097.95, 0.0, -2530.34] [-15673.1, 3000.0, -13163.4]]
		objLayer:i = 4
		props {

		}
	}
	t1_assault_area_mid {
		type:t = "Sphere"
		tm:m = [[-6325.86, 0.0, 7744.9] [0.0, 10000.0, 0.0] [-7744.9, 0.0, -6325.86] [-15673.1, 1000.0, -13163.4]]
		objLayer:i = 4
		props {

		}
	}
	t1_interceptor_mid_spawn {
		type:t = "Sphere"
		tm:m = [[240.403, 0.0, 179.46] [0.0, 300.0, 0.0] [-179.46, 0.0, 240.403] [-17981.6, 1000.0, -15049.4]]
		objLayer:i = 4
		props {

		}
	}
	t1_aaa_fighter_mid_spawn {
		type:t = "Sphere"
		tm:m = [[240.403, 0.0, 179.46] [0.0, 300.0, 0.0] [-179.46, 0.0, 240.403] [-17216.6, 2000.0, -14424.5]]
		objLayer:i = 4
		props {

		}
	}
	t1_far_bomber_mid_spawn {
		type:t = "Sphere"
		tm:m = [[240.403, 0.0, 179.46] [0.0, 300.0, 0.0] [-179.46, 0.0, 240.403] [-14124.6, 4500.0, -11899.0]]
		objLayer:i = 4
		props {

		}
	}
	t1_main_bomber_mid_spawn {
		type:t = "Sphere"
		tm:m = [[240.403, 0.0, 179.46] [0.0, 300.0, 0.0] [-179.46, 0.0, 240.403] [-13736.9, 3500.0, -11582.3]]
		objLayer:i = 4
		props {

		}
	}
	t1_far_bomber_area_mid {
		type:t = "Sphere"
		tm:m = [[-2530.34, 0.0, 3097.95] [0.0, 4000.0, 0.0] [-3097.95, 0.0, -2530.34] [-15673.1, 4500.0, -13163.4]]
		objLayer:i = 4
		props {

		}
	}
	t1_main_bomber_area_mid {
		type:t = "Sphere"
		tm:m = [[-3162.94, 0.0, 3872.45] [0.0, 5000.0, 0.0] [-3872.45, 0.0, -3162.94] [-15673.1, 3500.0, -13163.4]]
		objLayer:i = 4
		props {

		}
	}
	t2_interceptor_area_mid {
		type:t = "Sphere"
		tm:m = [[4139.84, 0.0, -4343.01] [0.0, 6000.0, 0.0] [4343.01, 0.0, 4139.84] [14191.8, 2000.0, 8197.15]]
		objLayer:i = 4
		props {

		}
	}
	t2_assault_mid_spawn {
		type:t = "Sphere"
		tm:m = [[-225.972, 0.0, -197.323] [0.0, 300.0, 0.0] [197.323, 0.0, -225.972] [10573.5, 1000.0, 4746.89]]
		objLayer:i = 4
		props {

		}
	}
	t2_aaa_fighter_area_mid {
		type:t = "Sphere"
		tm:m = [[2759.89, 0.0, -2895.34] [0.0, 4000.0, 0.0] [2895.34, 0.0, 2759.89] [14191.8, 3000.0, 8197.15]]
		objLayer:i = 4
		props {

		}
	}
	t2_assault_area_mid {
		type:t = "Sphere"
		tm:m = [[6899.73, 0.0, -7238.35] [0.0, 10000.0, 0.0] [7238.35, 0.0, 6899.73] [14191.8, 1000.0, 8197.15]]
		objLayer:i = 4
		props {

		}
	}
	t2_interceptor_mid_spawn {
		type:t = "Sphere"
		tm:m = [[-225.972, 0.0, -197.323] [0.0, 300.0, 0.0] [197.323, 0.0, -225.972] [16349.3, 1000.0, 10254.2]]
		objLayer:i = 4
		props {

		}
	}
	t2_aaa_fighter_mid_spawn {
		type:t = "Sphere"
		tm:m = [[-225.972, 0.0, -197.323] [0.0, 300.0, 0.0] [197.323, 0.0, -225.972] [15634.3, 2000.0, 9572.64]]
		objLayer:i = 4
		props {

		}
	}
	t2_far_bomber_mid_spawn {
		type:t = "Sphere"
		tm:m = [[-225.972, 0.0, -197.323] [0.0, 300.0, 0.0] [197.323, 0.0, -225.972] [12744.6, 4500.0, 6818.07]]
		objLayer:i = 4
		props {

		}
	}
	t2_main_bomber_mid_spawn {
		type:t = "Sphere"
		tm:m = [[-225.972, 0.0, -197.323] [0.0, 300.0, 0.0] [197.323, 0.0, -225.972] [12382.2, 3500.0, 6472.67]]
		objLayer:i = 4
		props {

		}
	}
	t2_far_bomber_area_mid {
		type:t = "Sphere"
		tm:m = [[2759.89, 0.0, -2895.34] [0.0, 4000.0, 0.0] [2895.34, 0.0, 2759.89] [14191.8, 4500.0, 8197.15]]
		objLayer:i = 4
		props {

		}
	}
	t2_main_bomber_area_mid {
		type:t = "Sphere"
		tm:m = [[3449.87, 0.0, -3619.18] [0.0, 5000.0, 0.0] [3619.18, 0.0, 3449.87] [14191.8, 3500.0, 8197.15]]
		objLayer:i = 4
		props {

		}
	}
	airfields_mid_area {
		type:t = "Sphere"
		tm:m = [[29223.9, 0.0, -21022.9] [0.0, 36000.0, 0.0] [21022.9, 0.0, 29223.9] [362.477, 99.7969, -3970.8]]
		objLayer:i = 4
		props {

		}
	}
	t2_common_fighters_mid_spawn {
		type:t = "Sphere"
		tm:m = [[-225.972, 0.0, -197.323] [0.0, 300.0, 0.0] [197.323, 0.0, -225.972] [16349.3, 500.0, 10254.2]]
		objLayer:i = 4
		props {

		}
	}
	t1_common_fighters_mid_spawn {
		type:t = "Sphere"
		tm:m = [[240.403, 0.0, 179.46] [0.0, 300.0, 0.0] [-179.46, 0.0, 240.403] [-17981.6, 500.0, -15049.4]]
		objLayer:i = 4
		props {

		}
	}
}
objLayers {
	layer {
		enabled:b = true
	}
	layer {
		enabled:b = true
	}
	layer {
		enabled:b = true
	}
	layer {
		enabled:b = true
	}
	layer {
		enabled:b = true
	}
}
wayPoints {

}