selected_tag:t = ""
bin_dump_file:t = ""
mission_settings {
	player {
		army:i = 1
	}
	player_teamB {
		army:i = 2
	}
	mission {
		level:t = "levels/mozdok.bin"
		type:t = "domination"
		environment:t = "Day"
		weather:t = "clear"
	}
}
imports {

}
triggers {
	isCategory:b = true
	is_enabled:b = true
	airfileds_high_init {
		is_enabled:b = true
		comments:t = ""
		props {
			actionsType:t = "PERFORM_ONE_BY_ONE"
			conditionsType:t = "ALL"
			enableAfterComplete:b = false
		}
		events {
			periodicEvent {
				time:r = 1
			}
		}
		conditions {

		}
		actions {
			unitSetProperties {
				object:t = "t1_def_aaa_high_squad"
				object:t = "t2_def_aaa_high_squad"
				object_marking:i = 0
				object_var_name:t = ""
				object_var_comp_op:t = "equal"
				object_var_value:i = 0
				accuracy:r = 0.9
				checkVisibilityTarget:b = true
				effShootingRate:r = 1
				airEffShootingRate:r = 1
				useSearchRadar:b = true
				fireRandom:b = true
				targetChangeInterval:r = 5
				targetChangeProb:r = 0.25
			}
		}
		else_actions {

		}
	}
}
mission_objectives {
	isCategory:b = true
	is_enabled:b = true
}
variables {

}
dialogs {

}
airfields {

}
effects {

}
units {
	objectGroups {
		name:t = "t1_airfield_high"
		tm:m = [[0.558491, 0.0, -0.829511] [0.0, 1.0, 0.0] [0.829511, 0.0, 0.558491] [20688.9, 235.31, -12881.1]]
		unit_class:t = "dynaf_universal_1line_3000_a"
		objLayer:i = 2
		props {
			army:i = 1
			active:b = true
		}
	}
	objectGroups {
		name:t = "t2_airfield_high"
		tm:m = [[-0.982695, 0.0, 0.185238] [0.0, 1.0, 0.0] [-0.185238, 0.0, -0.982695] [-24246.4, 168.074, 21178.0]]
		unit_class:t = "dynaf_universal_1line_3000_a"
		objLayer:i = 2
		props {
			army:i = 2
			active:b = true
		}
	}
	tankModels {
		name:t = "t1_aaa_high_light_01"
		tm:m = [[0.585254, 0.0, -0.810849] [0.0, 1.0, 0.0] [0.810849, 0.0, 0.585254] [20407.0, 278.631, -13803.4]]
		unit_class:t = "sw_veak_40"
		objLayer:i = 1
		closed_waypoints:b = false
		isShipSpline:b = false
		shipTurnRadius:r = 100
		weapons:t = ""
		bullets0:t = "40mm_sw_kan_HE"
		bullets1:t = ""
		bullets2:t = ""
		bullets3:t = ""
		bulletsCount0:i = 0
		bulletsCount1:i = 0
		bulletsCount2:i = 0
		bulletsCount3:i = 0
		crewSkillK:r = 0
		applyAllMods:b = false
		props {
			army:i = 1
			count:i = 1
			formation_type:t = "rows"
			formation_div:i = 3
			formation_step:p2 = 2.5, 2
			formation_noise:p2 = 0.1, 0.1
			uniqueName:t = ""
			attack_type:t = "fire_at_will"
		}
		way {

		}
	}
	tankModels {
		name:t = "t1_aaa_high_heavy_01"
		tm:m = [[0.585254, 0.0, -0.810849] [0.0, 1.0, 0.0] [0.810849, 0.0, 0.585254] [21302.5, 262.463, -13182.8]]
		unit_class:t = "fr_amx_30_roland"
		objLayer:i = 1
		closed_waypoints:b = false
		isShipSpline:b = false
		shipTurnRadius:r = 100
		weapons:t = ""
		bullets0:t = ""
		bullets1:t = ""
		bullets2:t = ""
		bullets3:t = ""
		bulletsCount0:i = 0
		bulletsCount1:i = 0
		bulletsCount2:i = 0
		bulletsCount3:i = 0
		crewSkillK:r = 0
		applyAllMods:b = false
		props {
			army:i = 1
			count:i = 1
			formation_type:t = "rows"
			formation_div:i = 3
			formation_step:p2 = 2.5, 2
			formation_noise:p2 = 0.1, 0.1
			uniqueName:t = ""
			attack_type:t = "fire_at_will"
		}
		way {

		}
	}
	tankModels {
		name:t = "t1_aaa_high_light_02"
		tm:m = [[-0.620067, 0.0, 0.784549] [0.0, 1.0, 0.0] [-0.784549, 0.0, -0.620067] [21316.6, 276.449, -12953.2]]
		unit_class:t = "sw_veak_40"
		objLayer:i = 1
		closed_waypoints:b = false
		isShipSpline:b = false
		shipTurnRadius:r = 100
		weapons:t = ""
		bullets0:t = "40mm_sw_kan_HE"
		bullets1:t = ""
		bullets2:t = ""
		bullets3:t = ""
		bulletsCount0:i = 0
		bulletsCount1:i = 0
		bulletsCount2:i = 0
		bulletsCount3:i = 0
		crewSkillK:r = 0
		applyAllMods:b = false
		props {
			army:i = 1
			count:i = 1
			formation_type:t = "rows"
			formation_div:i = 3
			formation_step:p2 = 2.5, 2
			formation_noise:p2 = 0.1, 0.1
			uniqueName:t = ""
			attack_type:t = "fire_at_will"
		}
		way {

		}
	}
	tankModels {
		name:t = "t1_aaa_high_light_03"
		tm:m = [[0.585254, 0.0, -0.810849] [0.0, 1.0, 0.0] [0.810849, 0.0, 0.585254] [20148.0, 280.29, -13450.2]]
		unit_class:t = "sw_veak_40"
		objLayer:i = 1
		closed_waypoints:b = false
		isShipSpline:b = false
		shipTurnRadius:r = 100
		weapons:t = ""
		bullets0:t = "40mm_sw_kan_HE"
		bullets1:t = ""
		bullets2:t = ""
		bullets3:t = ""
		bulletsCount0:i = 0
		bulletsCount1:i = 0
		bulletsCount2:i = 0
		bulletsCount3:i = 0
		crewSkillK:r = 0
		applyAllMods:b = false
		props {
			army:i = 1
			count:i = 1
			formation_type:t = "rows"
			formation_div:i = 3
			formation_step:p2 = 2.5, 2
			formation_noise:p2 = 0.1, 0.1
			uniqueName:t = ""
			attack_type:t = "fire_at_will"
		}
		way {

		}
	}
	tankModels {
		name:t = "t1_aaa_high_light_04"
		tm:m = [[-0.746882, 0.0, 0.664956] [0.0, 1.0, 0.0] [-0.664956, 0.0, -0.746882] [20943.7, 279.876, -12360.2]]
		unit_class:t = "sw_veak_40"
		objLayer:i = 1
		closed_waypoints:b = false
		isShipSpline:b = false
		shipTurnRadius:r = 100
		weapons:t = ""
		bullets0:t = "40mm_sw_kan_HE"
		bullets1:t = ""
		bullets2:t = ""
		bullets3:t = ""
		bulletsCount0:i = 0
		bulletsCount1:i = 0
		bulletsCount2:i = 0
		bulletsCount3:i = 0
		crewSkillK:r = 0
		applyAllMods:b = false
		props {
			army:i = 1
			count:i = 1
			formation_type:t = "rows"
			formation_div:i = 3
			formation_step:p2 = 2.5, 2
			formation_noise:p2 = 0.1, 0.1
			uniqueName:t = ""
			attack_type:t = "fire_at_will"
		}
		way {

		}
	}
	tankModels {
		name:t = "t1_aaa_high_heavy_02"
		tm:m = [[-0.620067, 0.0, 0.784549] [0.0, 1.0, 0.0] [-0.784549, 0.0, -0.620067] [20310.3, 280.647, -13658.1]]
		unit_class:t = "fr_amx_30_roland"
		objLayer:i = 1
		closed_waypoints:b = false
		isShipSpline:b = false
		shipTurnRadius:r = 100
		weapons:t = ""
		bullets0:t = ""
		bullets1:t = ""
		bullets2:t = ""
		bullets3:t = ""
		bulletsCount0:i = 0
		bulletsCount1:i = 0
		bulletsCount2:i = 0
		bulletsCount3:i = 0
		crewSkillK:r = 0
		applyAllMods:b = false
		props {
			army:i = 1
			count:i = 1
			formation_type:t = "rows"
			formation_div:i = 3
			formation_step:p2 = 2.5, 2
			formation_noise:p2 = 0.1, 0.1
			uniqueName:t = ""
			attack_type:t = "fire_at_will"
		}
		way {

		}
	}
	squad {
		name:t = "t1_def_aaa_high_squad"
		tm:m = [[0.991368, 0.0, -0.131104] [0.0, 1.0, 0.0] [0.131104, 0.0, 0.991368] [23604.0, 231.491, -8364.27]]
		props {
			squad_members:t = "t1_aaa_high_light_01"
			squad_members:t = "t1_aaa_high_heavy_01"
			squad_members:t = "t1_aaa_high_light_02"
			squad_members:t = "t1_aaa_high_light_03"
			squad_members:t = "t1_aaa_high_light_04"
			squad_members:t = "t1_aaa_high_heavy_02"
			object_marking:i = 0
		}
	}
	tankModels {
		name:t = "t2_aaa_high_light_01"
		tm:m = [[0.837003, 0.0, -0.547198] [0.0, 1.0, 0.0] [0.547198, 0.0, 0.837003] [-24584.5, 291.989, 21581.7]]
		unit_class:t = "sw_veak_40"
		objLayer:i = 1
		closed_waypoints:b = false
		isShipSpline:b = false
		shipTurnRadius:r = 100
		weapons:t = ""
		bullets0:t = "40mm_sw_kan_HE"
		bullets1:t = ""
		bullets2:t = ""
		bullets3:t = ""
		bulletsCount0:i = 0
		bulletsCount1:i = 0
		bulletsCount2:i = 0
		bulletsCount3:i = 0
		crewSkillK:r = 0
		applyAllMods:b = false
		props {
			army:i = 2
			count:i = 1
			formation_type:t = "rows"
			formation_div:i = 3
			formation_step:p2 = 2.5, 2
			formation_noise:p2 = 0.1, 0.1
			uniqueName:t = ""
			attack_type:t = "fire_at_will"
		}
		way {

		}
	}
	tankModels {
		name:t = "t2_aaa_high_heavy_01"
		tm:m = [[0.837003, 0.0, -0.547198] [0.0, 1.0, 0.0] [0.547198, 0.0, 0.837003] [-24693.0, 298.374, 21122.8]]
		unit_class:t = "fr_amx_30_roland"
		objLayer:i = 1
		closed_waypoints:b = false
		isShipSpline:b = false
		shipTurnRadius:r = 100
		weapons:t = ""
		bullets0:t = ""
		bullets1:t = ""
		bullets2:t = ""
		bullets3:t = ""
		bulletsCount0:i = 0
		bulletsCount1:i = 0
		bulletsCount2:i = 0
		bulletsCount3:i = 0
		crewSkillK:r = 0
		applyAllMods:b = false
		props {
			army:i = 2
			count:i = 1
			formation_type:t = "rows"
			formation_div:i = 3
			formation_step:p2 = 2.5, 2
			formation_noise:p2 = 0.1, 0.1
			uniqueName:t = ""
			attack_type:t = "fire_at_will"
		}
		way {

		}
	}
	tankModels {
		name:t = "t2_aaa_high_light_02"
		tm:m = [[-0.812336, 0.0, 0.583187] [0.0, 1.0, 0.0] [-0.583187, 0.0, -0.812336] [-24500.5, 332.653, 20977.8]]
		unit_class:t = "sw_veak_40"
		objLayer:i = 1
		closed_waypoints:b = false
		isShipSpline:b = false
		shipTurnRadius:r = 100
		weapons:t = ""
		bullets0:t = "40mm_sw_kan_HE"
		bullets1:t = ""
		bullets2:t = ""
		bullets3:t = ""
		bulletsCount0:i = 0
		bulletsCount1:i = 0
		bulletsCount2:i = 0
		bulletsCount3:i = 0
		crewSkillK:r = 0
		applyAllMods:b = false
		props {
			army:i = 2
			count:i = 1
			formation_type:t = "rows"
			formation_div:i = 3
			formation_step:p2 = 2.5, 2
			formation_noise:p2 = 0.1, 0.1
			uniqueName:t = ""
			attack_type:t = "fire_at_will"
		}
		way {

		}
	}
	tankModels {
		name:t = "t2_aaa_high_light_03"
		tm:m = [[0.837003, 0.0, -0.547198] [0.0, 1.0, 0.0] [0.547198, 0.0, 0.837003] [-24021.0, 323.727, 21435.7]]
		unit_class:t = "sw_veak_40"
		objLayer:i = 1
		closed_waypoints:b = false
		isShipSpline:b = false
		shipTurnRadius:r = 100
		weapons:t = ""
		bullets0:t = "40mm_sw_kan_HE"
		bullets1:t = ""
		bullets2:t = ""
		bullets3:t = ""
		bulletsCount0:i = 0
		bulletsCount1:i = 0
		bulletsCount2:i = 0
		bulletsCount3:i = 0
		crewSkillK:r = 0
		applyAllMods:b = false
		props {
			army:i = 2
			count:i = 1
			formation_type:t = "rows"
			formation_div:i = 3
			formation_step:p2 = 2.5, 2
			formation_noise:p2 = 0.1, 0.1
			uniqueName:t = ""
			attack_type:t = "fire_at_will"
		}
		way {

		}
	}
	tankModels {
		name:t = "t2_aaa_high_light_04"
		tm:m = [[-0.860076, 0.0, 0.510167] [0.0, 1.0, 0.0] [-0.510167, 0.0, -0.860076] [-23753.1, 311.937, 20876.3]]
		unit_class:t = "sw_veak_40"
		objLayer:i = 1
		closed_waypoints:b = false
		isShipSpline:b = false
		shipTurnRadius:r = 100
		weapons:t = ""
		bullets0:t = "40mm_sw_kan_HE"
		bullets1:t = ""
		bullets2:t = ""
		bullets3:t = ""
		bulletsCount0:i = 0
		bulletsCount1:i = 0
		bulletsCount2:i = 0
		bulletsCount3:i = 0
		crewSkillK:r = 0
		applyAllMods:b = false
		props {
			army:i = 2
			count:i = 1
			formation_type:t = "rows"
			formation_div:i = 3
			formation_step:p2 = 2.5, 2
			formation_noise:p2 = 0.1, 0.1
			uniqueName:t = ""
			attack_type:t = "fire_at_will"
		}
		way {

		}
	}
	tankModels {
		name:t = "t2_aaa_high_heavy_02"
		tm:m = [[-0.812336, 0.0, 0.583187] [0.0, 1.0, 0.0] [-0.583187, 0.0, -0.812336] [-24254.1, 313.832, 21636.6]]
		unit_class:t = "fr_amx_30_roland"
		objLayer:i = 1
		closed_waypoints:b = false
		isShipSpline:b = false
		shipTurnRadius:r = 100
		weapons:t = ""
		bullets0:t = ""
		bullets1:t = ""
		bullets2:t = ""
		bullets3:t = ""
		bulletsCount0:i = 0
		bulletsCount1:i = 0
		bulletsCount2:i = 0
		bulletsCount3:i = 0
		crewSkillK:r = 0
		applyAllMods:b = false
		props {
			army:i = 2
			count:i = 1
			formation_type:t = "rows"
			formation_div:i = 3
			formation_step:p2 = 2.5, 2
			formation_noise:p2 = 0.1, 0.1
			uniqueName:t = ""
			attack_type:t = "fire_at_will"
		}
		way {

		}
	}
	squad {
		name:t = "t2_def_aaa_high_squad"
		tm:m = [[0.893099, 0.0, -0.449858] [0.0, 1.0, 0.0] [0.449858, 0.0, 0.893099] [-24875.5, 331.623, 16202.0]]
		props {
			squad_members:t = "t2_aaa_high_light_01"
			squad_members:t = "t2_aaa_high_heavy_01"
			squad_members:t = "t2_aaa_high_light_02"
			squad_members:t = "t2_aaa_high_light_03"
			squad_members:t = "t2_aaa_high_light_04"
			squad_members:t = "t2_aaa_high_heavy_02"
			object_marking:i = 0
		}
	}
}
areas {
	t1_interceptor_area_high {
		type:t = "Sphere"
		tm:m = [[-5242.98, 0.0, -2917.38] [0.0, 6000.0, 0.0] [2917.38, 0.0, -5242.98] [20619.9, 2000.01, -12903.8]]
		props {

		}
	}
	t1_assault_high_spawn {
		type:t = "Sphere"
		tm:m = [[-134.295, 0.0, 268.262] [0.0, 300.0, 0.0] [-268.262, 0.0, -134.295] [18188.4, 1000.01, -8535.27]]
		props {

		}
	}
	t1_aaa_fighter_area_high {
		type:t = "Sphere"
		tm:m = [[-3495.33, 0.0, -1944.92] [0.0, 4000.0, 0.0] [1944.92, 0.0, -3495.33] [20619.9, 3000.01, -12903.8]]
		props {

		}
	}
	t1_assault_area_high {
		type:t = "Sphere"
		tm:m = [[-8738.31, 0.0, -4862.3] [0.0, 10000.0, 0.0] [4862.3, 0.0, -8738.31] [20619.9, 1000.01, -12903.8]]
		props {

		}
	}
	t1_interceptor_high_spawn {
		type:t = "Sphere"
		tm:m = [[-134.295, 0.0, 268.262] [0.0, 300.0, 0.0] [-268.262, 0.0, -134.295] [22069.5, 1000.01, -15508.5]]
		props {

		}
	}
	t1_aaa_fighter_high_spawn {
		type:t = "Sphere"
		tm:m = [[-134.295, 0.0, 268.262] [0.0, 300.0, 0.0] [-268.262, 0.0, -134.295] [21589.3, 2000.01, -14645.4]]
		props {

		}
	}
	t1_far_bomber_high_spawn {
		type:t = "Sphere"
		tm:m = [[-134.295, 0.0, 268.262] [0.0, 300.0, 0.0] [-268.262, 0.0, -134.295] [19648.1, 4500.01, -11156.8]]
		props {

		}
	}
	t1_main_bomber_high_spawn {
		type:t = "Sphere"
		tm:m = [[-134.295, 0.0, 268.262] [0.0, 300.0, 0.0] [-268.262, 0.0, -134.295] [19404.6, 3500.01, -10719.4]]
		props {

		}
	}
	t1_far_bomber_area_high {
		type:t = "Sphere"
		tm:m = [[-3495.33, 0.0, -1944.92] [0.0, 4000.0, 0.0] [1944.92, 0.0, -3495.33] [20619.9, 4500.01, -12903.8]]
		props {

		}
	}
	t1_main_bomber_area_high {
		type:t = "Sphere"
		tm:m = [[-4369.15, 0.0, -2431.15] [0.0, 5000.0, 0.0] [2431.15, 0.0, -4369.15] [20619.9, 3500.01, -12903.8]]
		props {

		}
	}
	t2_interceptor_area_high {
		type:t = "Sphere"
		tm:m = [[443.04, 0.0, 5983.62] [0.0, 6000.0, 0.0] [-5983.62, 0.0, 443.04] [-24215.5, 2000.01, 21042.7]]
		props {

		}
	}
	t2_assault_high_spawn {
		type:t = "Sphere"
		tm:m = [[297.93, 0.0, -35.1806] [0.0, 300.0, 0.0] [35.1806, 0.0, 297.93] [-19228.4, 1000.01, 20673.3]]
		props {

		}
	}
	t2_aaa_fighter_area_high {
		type:t = "Sphere"
		tm:m = [[295.355, 0.0, 3989.09] [0.0, 4000.0, 0.0] [-3989.09, 0.0, 295.355] [-24215.5, 3000.01, 21042.7]]
		props {

		}
	}
	t2_assault_area_high {
		type:t = "Sphere"
		tm:m = [[738.395, 0.0, 9972.7] [0.0, 10000.0, 0.0] [-9972.7, 0.0, 738.395] [-24215.5, 1000.01, 21042.7]]
		props {

		}
	}
	t2_interceptor_high_spawn {
		type:t = "Sphere"
		tm:m = [[297.93, 0.0, -35.1806] [0.0, 300.0, 0.0] [35.1806, 0.0, 297.93] [-27188.4, 1000.01, 21262.5]]
		props {

		}
	}
	t2_aaa_fighter_high_spawn {
		type:t = "Sphere"
		tm:m = [[297.93, 0.0, -35.1806] [0.0, 300.0, 0.0] [35.1806, 0.0, 297.93] [-26203.3, 2000.01, 21189.5]]
		props {

		}
	}
	t2_far_bomber_high_spawn {
		type:t = "Sphere"
		tm:m = [[297.93, 0.0, -35.1806] [0.0, 300.0, 0.0] [35.1806, 0.0, 297.93] [-22221.9, 4500.01, 20894.7]]
		props {

		}
	}
	t2_main_bomber_high_spawn {
		type:t = "Sphere"
		tm:m = [[297.93, 0.0, -35.1806] [0.0, 300.0, 0.0] [35.1806, 0.0, 297.93] [-21722.6, 3500.01, 20857.9]]
		props {

		}
	}
	t2_far_bomber_area_high {
		type:t = "Sphere"
		tm:m = [[295.355, 0.0, 3989.09] [0.0, 4000.0, 0.0] [-3989.09, 0.0, 295.355] [-24215.5, 4500.01, 21042.7]]
		props {

		}
	}
	t2_main_bomber_area_high {
		type:t = "Sphere"
		tm:m = [[369.2, 0.0, 4986.33] [0.0, 5000.0, 0.0] [-4986.33, 0.0, 369.2] [-24215.5, 3500.01, 21042.7]]
		props {

		}
	}
	airfields_area_26km {
		type:t = "Sphere"
		tm:m = [[47128.1, 0.0, -21976.2] [0.0, 52000.0, 0.0] [21976.2, 0.0, 47128.1] [-1500.0, 489.848, 5000.0]]
		objLayer:i = 4
		props {

		}
	}
	t2_airfield_high_bombing_zone {
		type:t = "Box"
		tm:m = [[-4411.52, 0.0, 887.986] [0.0, 300.0, 0.0] [-147.997, 7.34303e-6, -735.253] [-24250.3, 144.531, 21172.5]]
		objLayer:i = 0
		props {

		}
	}
	t1_airfield_high_bombing_zone {
		type:t = "Box"
		tm:m = [[-2541.13, 0.0, 3713.84] [0.0, 300.0, 0.0] [-618.974, 7.34302e-6, -423.523] [20620.4, 219.607, -12769.5]]
		objLayer:i = 0
		props {

		}
	}
	t2_common_fighters_high_spawn {
		type:t = "Sphere"
		tm:m = [[297.93, 0.0, -35.1806] [0.0, 300.0, 0.0] [35.1806, 0.0, 297.93] [-27188.4, 500.01, 21262.5]]
		props {

		}
	}
	t1_common_fighters_high_spawn {
		type:t = "Sphere"
		tm:m = [[-134.295, 0.0, 268.262] [0.0, 300.0, 0.0] [-268.262, 0.0, -134.295] [22069.5, 500.011, -15508.5]]
		props {

		}
	}
	airfields_area_20km01 {
		type:t = "Box"
		tm:m = [[56000.0, 0.0, 0.0] [0.0, 4000.0, 0.0] [0.0, 0.0, 56000.0] [0.0, 137.834, 0.0]]
		objLayer:i = 3
		props {

		}
	}
}
objLayers {
	layer {
		enabled:b = true
	}
	layer {
		enabled:b = true
	}
	layer {
		enabled:b = true
	}
	layer {
		enabled:b = false
	}
	layer {
		enabled:b = true
	}
}
wayPoints {

}