selected_tag:t = ""
bin_dump_file:t = ""
mission_settings {
	player {
		army:i = 1
	}
	player_teamB {
		army:i = 2
	}
	mission {
		type:t = "domination"
		level:t = "levels/stalingrad.bin"
		environment:t = "Day"
		weather:t = "hazy"
	}
}
imports {

}
triggers {
	isCategory:b = true
	is_enabled:b = true
	high_airfields_init {
		is_enabled:b = true
		comments:t = ""
		props {
			actionsType:t = "PERFORM_ONE_BY_ONE"
			conditionsType:t = "ALL"
			enableAfterComplete:b = false
		}
		events {
			initMission {

			}
		}
		conditions {

		}
		actions {
			varSetString {
				value:t = "high_capture_area_01"
				var:t = "capture_zone_01_name"
			}
			varSetString {
				value:t = "high_capture_area_02"
				var:t = "capture_zone_02_name"
			}
			varSetString {
				value:t = "high_capture_area_03"
				var:t = "capture_zone_03_name"
			}
			varSetString {
				value:t = "high_airfield_01"
				var:t = "airfield_01_name"
			}
			varSetString {
				value:t = "high_airfield_02_01"
				var:t = "airfield_spawn_t1"
			}
			varSetString {
				value:t = "high_airfield_02_02"
				var:t = "airfield_spawn_t2"
			}
			missionMarkAsRespawnPoint {
				loc_name:t = "missions/airfield_spawn"
				spawnEffect:b = false
				isStrictSpawn:b = false
				resetStrictSpawnIndex:b = false
				isAirfield:b = true
				isUnit:b = false
				forceCreate:b = false
				useExisting:b = false
				ignoreTeamsOnReuse:b = false
				isIndividual:b = false
				onlyOnePlayerPerSpawnPoint:b = false
				removeAreas:b = false
				replaceAreas:b = false
				canSpawnOnNeutral:b = false
				showOnMap:b = true
				radius:r = -1
				target:t = "@airfield_spawn_t1"
				team:t = "A"
				tags {
					type_bomber:b = true
					type_fighter:b = true
					type_assault:b = true
				}
			}
			missionMarkAsRespawnPoint {
				loc_name:t = "missions/airfield_spawn"
				spawnEffect:b = false
				isStrictSpawn:b = false
				resetStrictSpawnIndex:b = false
				isAirfield:b = true
				isUnit:b = false
				forceCreate:b = false
				useExisting:b = false
				ignoreTeamsOnReuse:b = false
				isIndividual:b = false
				onlyOnePlayerPerSpawnPoint:b = false
				removeAreas:b = false
				replaceAreas:b = false
				canSpawnOnNeutral:b = false
				showOnMap:b = true
				radius:r = -1
				target:t = "@airfield_spawn_t2"
				team:t = "B"
				tags {
					type_bomber:b = true
					type_fighter:b = true
					type_assault:b = true
				}
			}
			unitSetProperties {
				object:t = "t1_def_aaa_high_squad"
				object:t = "t2_def_aaa_high_squad"
				object_marking:i = 0
				object_var_name:t = ""
				object_var_comp_op:t = "equal"
				object_var_value:i = 0
				accuracy:r = 0.9
				checkVisibilityTarget:b = true
				effShootingRate:r = 1
				airEffShootingRate:r = 1
				useSearchRadar:b = true
				fireRandom:b = true
				targetChangeInterval:r = 5
				targetChangeProb:r = 0.25
				ChainfireTime:r = 2
				DelayAfterShoot:r = 1
			}
			missionMarkAsCaptureZone {
				army:i = 0
				timeMultiplier:r = 0.75
				disableZone:b = false
				name_for_respawn_base:t = ""
				target:t = "@capture_zone_03_name"
				canCaptureOnGround:b = false
				canCaptureInAir:b = true
				canCaptureByGM:b = false
				zoneDefenders {

				}
			}
			missionMarkAsCaptureZone {
				army:i = 0
				timeMultiplier:r = 0.14
				disableZone:b = false
				name_for_respawn_base:t = ""
				target:t = "@capture_zone_01_name"
				canCaptureOnGround:b = true
				canCaptureInAir:b = false
				canCaptureByGM:b = true
				airfield:t = "@airfield_01_name"
				zoneDefenders {

				}
			}
			missionMarkAsCaptureZone {
				army:i = 0
				timeMultiplier:r = 0.75
				disableZone:b = false
				name_for_respawn_base:t = ""
				target:t = "@capture_zone_02_name"
				canCaptureOnGround:b = false
				canCaptureInAir:b = true
				canCaptureByGM:b = false
				zoneDefenders {

				}
			}
		}
		else_actions {

		}
	}
}
mission_objectives {
	isCategory:b = true
	is_enabled:b = true
}
variables {

}
dialogs {

}
airfields {

}
effects {

}
units {
	objectGroups {
		name:t = "high_airfield_01"
		tm:m = [[-7.45058e-8, 0.0, 1.0] [0.0, 1.0, 0.0] [-1.0, 0.0, -7.45058e-8] [-3930.99, 638.934, -15192.2]]
		unit_class:t = "dynaf_universal_1line_3000_a"
		objLayer:i = 4
		props {
			army:i = 0
			active:b = true
		}
	}
	objectGroups {
		name:t = "high_airfield_02_01"
		tm:m = [[0.107425, 0.0, -0.994213] [0.0, 1.0, 0.0] [0.994213, 0.0, 0.107425] [-1966.99, 672.25, -29574.7]]
		unit_class:t = "dynaf_universal_1line_3000_a"
		objLayer:i = 4
		props {
			army:i = 1
			active:b = true
		}
	}
	objectGroups {
		name:t = "high_airfield_02_02"
		tm:m = [[0.22845, 0.0, 0.973557] [0.0, 1.0, 0.0] [-0.973557, 0.0, 0.22845] [-5928.45, 488.45, -2374.65]]
		unit_class:t = "dynaf_universal_1line_3000_a"
		objLayer:i = 4
		props {
			army:i = 2
			active:b = true
		}
	}
	tankModels {
		name:t = "t1_aaa_high_light_01"
		tm:m = [[-0.274146, 0.0, 0.961687] [0.0, 1.0, 0.0] [-0.961687, 0.0, -0.274146] [-1611.59, 700.8, -28976.0]]
		unit_class:t = "sw_veak_40"
		objLayer:i = 1
		closed_waypoints:b = false
		isShipSpline:b = false
		shipTurnRadius:r = 100
		weapons:t = ""
		bullets0:t = "40mm_sw_kan_HE"
		bullets1:t = ""
		bullets2:t = ""
		bullets3:t = ""
		bulletsCount0:i = 0
		bulletsCount1:i = 0
		bulletsCount2:i = 0
		bulletsCount3:i = 0
		crewSkillK:r = 0
		applyAllMods:b = false
		props {
			army:i = 1
			count:i = 1
			formation_type:t = "rows"
			formation_div:i = 3
			formation_step:p2 = 2.5, 2
			formation_noise:p2 = 0.1, 0.1
			uniqueName:t = ""
			attack_type:t = "fire_at_will"
		}
		way {

		}
	}
	tankModels {
		name:t = "t1_aaa_high_heavy_01"
		tm:m = [[-0.530405, 0.0, 0.847742] [0.0, 1.0, 0.0] [-0.847742, 0.0, -0.530405] [-2714.43, 659.553, -29305.4]]
		unit_class:t = "us_m247"
		objLayer:i = 1
		closed_waypoints:b = false
		isShipSpline:b = false
		shipTurnRadius:r = 100
		weapons:t = ""
		bullets0:t = "40mm_SGT_YORK_HE_prox"
		bullets1:t = ""
		bullets2:t = ""
		bullets3:t = ""
		bulletsCount0:i = 0
		bulletsCount1:i = 0
		bulletsCount2:i = 0
		bulletsCount3:i = 0
		crewSkillK:r = 0
		applyAllMods:b = false
		props {
			army:i = 1
			count:i = 1
			formation_type:t = "rows"
			formation_div:i = 3
			formation_step:p2 = 2.5, 2
			formation_noise:p2 = 0.1, 0.1
			uniqueName:t = ""
			attack_type:t = "fire_at_will"
		}
		way {

		}
	}
	tankModels {
		name:t = "t1_aaa_high_light_02"
		tm:m = [[0.566879, 0.0, -0.8238] [0.0, 1.0, 0.0] [0.8238, 0.0, 0.566879] [-2627.73, 673.52, -29826.8]]
		unit_class:t = "sw_veak_40"
		objLayer:i = 1
		closed_waypoints:b = false
		isShipSpline:b = false
		shipTurnRadius:r = 100
		weapons:t = ""
		bullets0:t = "40mm_sw_kan_HE"
		bullets1:t = ""
		bullets2:t = ""
		bullets3:t = ""
		bulletsCount0:i = 0
		bulletsCount1:i = 0
		bulletsCount2:i = 0
		bulletsCount3:i = 0
		crewSkillK:r = 0
		applyAllMods:b = false
		props {
			army:i = 1
			count:i = 1
			formation_type:t = "rows"
			formation_div:i = 3
			formation_step:p2 = 2.5, 2
			formation_noise:p2 = 0.1, 0.1
			uniqueName:t = ""
			attack_type:t = "fire_at_will"
		}
		way {

		}
	}
	tankModels {
		name:t = "t1_aaa_high_light_03"
		tm:m = [[-0.0483948, 0.0, 0.998828] [0.0, 1.0, 0.0] [-0.998828, 0.0, -0.0483948] [-1387.09, 680.7, -30416.9]]
		unit_class:t = "sw_veak_40"
		objLayer:i = 1
		closed_waypoints:b = false
		isShipSpline:b = false
		shipTurnRadius:r = 100
		weapons:t = ""
		bullets0:t = "40mm_sw_kan_HE"
		bullets1:t = ""
		bullets2:t = ""
		bullets3:t = ""
		bulletsCount0:i = 0
		bulletsCount1:i = 0
		bulletsCount2:i = 0
		bulletsCount3:i = 0
		crewSkillK:r = 0
		applyAllMods:b = false
		props {
			army:i = 1
			count:i = 1
			formation_type:t = "rows"
			formation_div:i = 3
			formation_step:p2 = 2.5, 2
			formation_noise:p2 = 0.1, 0.1
			uniqueName:t = ""
			attack_type:t = "fire_at_will"
		}
		way {

		}
	}
	tankModels {
		name:t = "t1_aaa_high_light_04"
		tm:m = [[0.701318, 0.0, -0.712848] [0.0, 1.0, 0.0] [0.712848, 0.0, 0.701318] [-2294.86, 676.95, -30443.3]]
		unit_class:t = "sw_veak_40"
		objLayer:i = 1
		closed_waypoints:b = false
		isShipSpline:b = false
		shipTurnRadius:r = 100
		weapons:t = ""
		bullets0:t = "40mm_sw_kan_HE"
		bullets1:t = ""
		bullets2:t = ""
		bullets3:t = ""
		bulletsCount0:i = 0
		bulletsCount1:i = 0
		bulletsCount2:i = 0
		bulletsCount3:i = 0
		crewSkillK:r = 0
		applyAllMods:b = false
		props {
			army:i = 1
			count:i = 1
			formation_type:t = "rows"
			formation_div:i = 3
			formation_step:p2 = 2.5, 2
			formation_noise:p2 = 0.1, 0.1
			uniqueName:t = ""
			attack_type:t = "fire_at_will"
		}
		way {

		}
	}
	tankModels {
		name:t = "t1_aaa_high_heavy_02"
		tm:m = [[0.315834, 0.0, -0.948813] [0.0, 1.0, 0.0] [0.948813, 0.0, 0.315834] [-1538.19, 648.973, -29898.8]]
		unit_class:t = "us_m247"
		objLayer:i = 1
		closed_waypoints:b = false
		isShipSpline:b = false
		shipTurnRadius:r = 100
		weapons:t = ""
		bullets0:t = "40mm_SGT_YORK_HE_prox"
		bullets1:t = ""
		bullets2:t = ""
		bullets3:t = ""
		bulletsCount0:i = 0
		bulletsCount1:i = 0
		bulletsCount2:i = 0
		bulletsCount3:i = 0
		crewSkillK:r = 0
		applyAllMods:b = false
		props {
			army:i = 1
			count:i = 1
			formation_type:t = "rows"
			formation_div:i = 3
			formation_step:p2 = 2.5, 2
			formation_noise:p2 = 0.1, 0.1
			uniqueName:t = ""
			attack_type:t = "fire_at_will"
		}
		way {

		}
	}
	squad {
		name:t = "t1_def_aaa_high_squad"
		tm:m = [[-0.467449, 0.0, -0.88402] [0.0, 1.0, 0.0] [0.88402, 0.0, -0.467449] [-42606.2, 1857.79, -24181.8]]
		props {
			squad_members:t = "t1_aaa_high_light_01"
			squad_members:t = "t1_aaa_high_light_02"
			squad_members:t = "t1_aaa_high_light_03"
			squad_members:t = "t1_aaa_high_light_04"
			squad_members:t = "t1_aaa_high_heavy_01"
			squad_members:t = "t1_aaa_high_heavy_02"
			object_marking:i = 0
		}
	}
	tankModels {
		name:t = "t2_aaa_high_light_01"
		tm:m = [[-0.0640507, 0.0, -0.997946] [0.0, 1.0, 0.0] [0.997946, 0.0, -0.0640507] [-6544.36, 488.45, -3923.92]]
		unit_class:t = "sw_veak_40"
		objLayer:i = 1
		closed_waypoints:b = false
		isShipSpline:b = false
		shipTurnRadius:r = 100
		weapons:t = ""
		bullets0:t = "40mm_sw_kan_HE"
		bullets1:t = ""
		bullets2:t = ""
		bullets3:t = ""
		bulletsCount0:i = 0
		bulletsCount1:i = 0
		bulletsCount2:i = 0
		bulletsCount3:i = 0
		crewSkillK:r = 0
		applyAllMods:b = false
		props {
			army:i = 2
			count:i = 1
			formation_type:t = "rows"
			formation_div:i = 3
			formation_step:p2 = 2.5, 2
			formation_noise:p2 = 0.1, 0.1
			uniqueName:t = ""
			attack_type:t = "fire_at_will"
		}
		way {

		}
	}
	tankModels {
		name:t = "t2_aaa_high_heavy_01"
		tm:m = [[0.215577, 0.0, -0.976485] [0.0, 1.0, 0.0] [0.976485, 0.0, 0.215577] [-5583.39, 488.45, -4016.19]]
		unit_class:t = "us_m247"
		objLayer:i = 1
		closed_waypoints:b = false
		isShipSpline:b = false
		shipTurnRadius:r = 100
		weapons:t = ""
		bullets0:t = "40mm_SGT_YORK_HE_prox"
		bullets1:t = ""
		bullets2:t = ""
		bullets3:t = ""
		bulletsCount0:i = 0
		bulletsCount1:i = 0
		bulletsCount2:i = 0
		bulletsCount3:i = 0
		crewSkillK:r = 0
		applyAllMods:b = false
		props {
			army:i = 2
			count:i = 1
			formation_type:t = "rows"
			formation_div:i = 3
			formation_step:p2 = 2.5, 2
			formation_noise:p2 = 0.1, 0.1
			uniqueName:t = ""
			attack_type:t = "fire_at_will"
		}
		way {

		}
	}
	tankModels {
		name:t = "t2_aaa_high_light_02"
		tm:m = [[-0.257965, 0.0, 0.966152] [0.0, 1.0, 0.0] [-0.966152, 0.0, -0.257965] [-5367.49, 488.45, -2655.66]]
		unit_class:t = "sw_veak_40"
		objLayer:i = 1
		closed_waypoints:b = false
		isShipSpline:b = false
		shipTurnRadius:r = 100
		weapons:t = ""
		bullets0:t = "40mm_sw_kan_HE"
		bullets1:t = ""
		bullets2:t = ""
		bullets3:t = ""
		bulletsCount0:i = 0
		bulletsCount1:i = 0
		bulletsCount2:i = 0
		bulletsCount3:i = 0
		crewSkillK:r = 0
		applyAllMods:b = false
		props {
			army:i = 2
			count:i = 1
			formation_type:t = "rows"
			formation_div:i = 3
			formation_step:p2 = 2.5, 2
			formation_noise:p2 = 0.1, 0.1
			uniqueName:t = ""
			attack_type:t = "fire_at_will"
		}
		way {

		}
	}
	tankModels {
		name:t = "t2_aaa_high_light_03"
		tm:m = [[-0.0640507, 0.0, -0.997946] [0.0, 1.0, 0.0] [0.997946, 0.0, -0.0640507] [-5992.78, 488.45, -979.083]]
		unit_class:t = "sw_veak_40"
		objLayer:i = 1
		closed_waypoints:b = false
		isShipSpline:b = false
		shipTurnRadius:r = 100
		weapons:t = ""
		bullets0:t = "40mm_sw_kan_HE"
		bullets1:t = ""
		bullets2:t = ""
		bullets3:t = ""
		bulletsCount0:i = 0
		bulletsCount1:i = 0
		bulletsCount2:i = 0
		bulletsCount3:i = 0
		crewSkillK:r = 0
		applyAllMods:b = false
		props {
			army:i = 2
			count:i = 1
			formation_type:t = "rows"
			formation_div:i = 3
			formation_step:p2 = 2.5, 2
			formation_noise:p2 = 0.1, 0.1
			uniqueName:t = ""
			attack_type:t = "fire_at_will"
		}
		way {

		}
	}
	tankModels {
		name:t = "t2_aaa_high_light_04"
		tm:m = [[-0.421818, 0.0, 0.90668] [0.0, 1.0, 0.0] [-0.90668, 0.0, -0.421818] [-5030.91, 488.45, -994.718]]
		unit_class:t = "sw_veak_40"
		objLayer:i = 1
		closed_waypoints:b = false
		isShipSpline:b = false
		shipTurnRadius:r = 100
		weapons:t = ""
		bullets0:t = "40mm_sw_kan_HE"
		bullets1:t = ""
		bullets2:t = ""
		bullets3:t = ""
		bulletsCount0:i = 0
		bulletsCount1:i = 0
		bulletsCount2:i = 0
		bulletsCount3:i = 0
		crewSkillK:r = 0
		applyAllMods:b = false
		props {
			army:i = 2
			count:i = 1
			formation_type:t = "rows"
			formation_div:i = 3
			formation_step:p2 = 2.5, 2
			formation_noise:p2 = 0.1, 0.1
			uniqueName:t = ""
			attack_type:t = "fire_at_will"
		}
		way {

		}
	}
	tankModels {
		name:t = "t2_aaa_high_heavy_02"
		tm:m = [[0.0204591, 0.0, 0.99979] [0.0, 1.0, 0.0] [-0.99979, 0.0, 0.0204591] [-6427.82, 488.45, -2728.6]]
		unit_class:t = "us_m247"
		objLayer:i = 1
		closed_waypoints:b = false
		isShipSpline:b = false
		shipTurnRadius:r = 100
		weapons:t = ""
		bullets0:t = "40mm_SGT_YORK_HE_prox"
		bullets1:t = ""
		bullets2:t = ""
		bullets3:t = ""
		bulletsCount0:i = 0
		bulletsCount1:i = 0
		bulletsCount2:i = 0
		bulletsCount3:i = 0
		crewSkillK:r = 0
		applyAllMods:b = false
		props {
			army:i = 2
			count:i = 1
			formation_type:t = "rows"
			formation_div:i = 3
			formation_step:p2 = 2.5, 2
			formation_noise:p2 = 0.1, 0.1
			uniqueName:t = ""
			attack_type:t = "fire_at_will"
		}
		way {

		}
	}
	squad {
		name:t = "t2_def_aaa_high_squad"
		tm:m = [[0.123789, 0.0, 0.992308] [0.0, 1.0, 0.0] [-0.992308, 0.0, 0.123789] [-1034.07, 1857.79, -1732.01]]
		props {
			squad_members:t = "t2_aaa_high_light_01"
			squad_members:t = "t2_aaa_high_light_02"
			squad_members:t = "t2_aaa_high_light_03"
			squad_members:t = "t2_aaa_high_light_04"
			squad_members:t = "t2_aaa_high_heavy_01"
			squad_members:t = "t2_aaa_high_heavy_02"
			object_marking:i = 0
		}
	}
}
areas {
	high_capture_area_03 {
		type:t = "Cylinder"
		tm:m = [[2500.0, 0.0, 5.08627e-5] [0.0, 1500.0, 0.0] [-5.08627e-5, 0.0, 2500.0] [-11980.2, 692.267, -15220.4]]
		objLayer:i = 4
		props {

		}
	}
	high_capture_area_02 {
		type:t = "Cylinder"
		tm:m = [[2500.0, 0.0, 5.08627e-5] [0.0, 1500.0, 0.0] [-5.08627e-5, 0.0, 2500.0] [3967.69, 693.425, -15194.7]]
		objLayer:i = 4
		props {

		}
	}
	high_capture_area_01 {
		type:t = "Box"
		tm:m = [[337.176, 0.0, 0.0] [0.0, 350.0, 0.0] [0.0, 0.0, 3500.0] [-3716.05, 614.029, -15190.5]]
		objLayer:i = 3
		props {

		}
	}
}
objLayers {
	layer {
		enabled:b = true
	}
	layer {
		enabled:b = true
	}
	layer {
		enabled:b = true
	}
	layer {
		enabled:b = true
	}
	layer {
		enabled:b = true
	}
}
wayPoints {

}