selected_tag:t = ""
bin_dump_file:t = ""
mission_settings {
	player {
		army:i = 1
	}
	player_teamB {
		army:i = 2
	}
	mission {
		type:t = "domination"
		level:t = "levels/stalingrad.bin"
		environment:t = "Day"
		weather:t = "hazy"
	}
}
imports {

}
triggers {
	isCategory:b = true
	is_enabled:b = true
	top_airfields_init {
		is_enabled:b = true
		comments:t = ""
		props {
			actionsType:t = "PERFORM_ONE_BY_ONE"
			conditionsType:t = "ALL"
			enableAfterComplete:b = false
		}
		events {
			initMission {

			}
		}
		conditions {

		}
		actions {
			varSetString {
				value:t = "top_capture_area_01"
				var:t = "capture_zone_01_name"
			}
			varSetString {
				value:t = "top_capture_area_02"
				var:t = "capture_zone_02_name"
			}
			varSetString {
				value:t = "top_capture_area_03"
				var:t = "capture_zone_03_name"
			}
			varSetString {
				value:t = "top_airfield_01"
				var:t = "airfield_01_name"
			}
			varSetString {
				value:t = "top_airfield_02_01"
				var:t = "airfield_spawn_t1"
			}
			varSetString {
				value:t = "top_airfield_02_02"
				var:t = "airfield_spawn_t2"
			}
			missionMarkAsRespawnPoint {
				loc_name:t = "missions/airfield_spawn"
				spawnEffect:b = false
				isStrictSpawn:b = false
				resetStrictSpawnIndex:b = false
				isAirfield:b = true
				isUnit:b = false
				forceCreate:b = false
				useExisting:b = false
				ignoreTeamsOnReuse:b = false
				isIndividual:b = false
				onlyOnePlayerPerSpawnPoint:b = false
				removeAreas:b = false
				replaceAreas:b = false
				canSpawnOnNeutral:b = false
				showOnMap:b = true
				radius:r = -1
				target:t = "@airfield_spawn_t1"
				team:t = "A"
				tags {
					type_bomber:b = true
					type_fighter:b = true
					type_assault:b = true
				}
			}
			missionMarkAsRespawnPoint {
				loc_name:t = "missions/airfield_spawn"
				spawnEffect:b = false
				isStrictSpawn:b = false
				resetStrictSpawnIndex:b = false
				isAirfield:b = true
				isUnit:b = false
				forceCreate:b = false
				useExisting:b = false
				ignoreTeamsOnReuse:b = false
				isIndividual:b = false
				onlyOnePlayerPerSpawnPoint:b = false
				removeAreas:b = false
				replaceAreas:b = false
				canSpawnOnNeutral:b = false
				showOnMap:b = true
				radius:r = -1
				target:t = "@airfield_spawn_t2"
				team:t = "B"
				tags {
					type_bomber:b = true
					type_fighter:b = true
					type_assault:b = true
				}
			}
			unitSetProperties {
				object:t = "t1_def_aaa_top_squad"
				object:t = "t2_def_aaa_top_squad"
				object_marking:i = 0
				object_var_name:t = ""
				object_var_comp_op:t = "equal"
				object_var_value:i = 0
				accuracy:r = 0.9
				checkVisibilityTarget:b = true
				effShootingRate:r = 1
				airEffShootingRate:r = 1
				useSearchRadar:b = true
				fireRandom:b = true
				targetChangeInterval:r = 5
				targetChangeProb:r = 0.25
			}
			missionMarkAsCaptureZone {
				army:i = 0
				timeMultiplier:r = 0.75
				disableZone:b = false
				name_for_respawn_base:t = ""
				target:t = "@capture_zone_03_name"
				canCaptureOnGround:b = false
				canCaptureInAir:b = true
				canCaptureByGM:b = false
				zoneDefenders {

				}
			}
			missionMarkAsCaptureZone {
				army:i = 0
				timeMultiplier:r = 0.14
				disableZone:b = false
				name_for_respawn_base:t = ""
				target:t = "@capture_zone_01_name"
				canCaptureOnGround:b = true
				canCaptureInAir:b = false
				canCaptureByGM:b = true
				airfield:t = "@airfield_01_name"
				zoneDefenders {

				}
			}
			missionMarkAsCaptureZone {
				army:i = 0
				timeMultiplier:r = 0.75
				disableZone:b = false
				name_for_respawn_base:t = ""
				target:t = "@capture_zone_02_name"
				canCaptureOnGround:b = false
				canCaptureInAir:b = true
				canCaptureByGM:b = false
				zoneDefenders {

				}
			}
		}
		else_actions {

		}
	}
}
mission_objectives {
	isCategory:b = true
	is_enabled:b = true
}
variables {

}
dialogs {

}
airfields {

}
effects {

}
units {
	objectGroups {
		name:t = "top_airfield_01"
		tm:m = [[-7.45058e-8, 0.0, 1.0] [0.0, 1.0, 0.0] [-1.0, 0.0, -7.45058e-8] [-3930.99, 638.934, -15192.2]]
		unit_class:t = "dynaf_universal_1line_3000_a"
		objLayer:i = 4
		props {
			army:i = 0
			active:b = true
		}
	}
	objectGroups {
		name:t = "top_airfield_02_01"
		tm:m = [[0.268898, 0.0, -0.963168] [0.0, 1.0, 0.0] [0.963168, 0.0, 0.268898] [-5586.01, 1077.57, -35731.6]]
		unit_class:t = "dynaf_universal_1line_3000_a"
		objLayer:i = 4
		props {
			army:i = 1
			active:b = true
		}
	}
	objectGroups {
		name:t = "top_airfield_02_02"
		tm:m = [[0.292451, 0.0, 0.956281] [0.0, 1.0, 0.0] [-0.956281, 0.0, 0.292451] [-4066.99, 719.128, 8769.64]]
		unit_class:t = "dynaf_universal_1line_3000_a"
		objLayer:i = 4
		props {
			army:i = 2
			active:b = true
		}
	}
	tankModels {
		name:t = "t1_aaa_top_light_01"
		tm:m = [[-0.428036, 0.0, 0.903761] [0.0, 1.0, 0.0] [-0.903761, 0.0, -0.428036] [-5029.27, 1037.11, -35319.2]]
		unit_class:t = "sw_veak_40"
		objLayer:i = 1
		closed_waypoints:b = false
		isShipSpline:b = false
		shipTurnRadius:r = 100
		weapons:t = ""
		bullets0:t = "40mm_sw_kan_HE"
		bullets1:t = ""
		bullets2:t = ""
		bullets3:t = ""
		bulletsCount0:i = 0
		bulletsCount1:i = 0
		bulletsCount2:i = 0
		bulletsCount3:i = 0
		crewSkillK:r = 0
		applyAllMods:b = false
		props {
			army:i = 1
			count:i = 1
			formation_type:t = "rows"
			formation_div:i = 3
			formation_step:p2 = 2.5, 2
			formation_noise:p2 = 0.1, 0.1
			uniqueName:t = ""
			attack_type:t = "fire_at_will"
		}
		way {

		}
	}
	tankModels {
		name:t = "t1_aaa_top_heavy_01"
		tm:m = [[-0.662157, 0.0, 0.749363] [0.0, 1.0, 0.0] [-0.749363, 0.0, -0.662157] [-6367.48, 995.863, -35588.4]]
		unit_class:t = "fr_amx_30_roland"
		objLayer:i = 1
		closed_waypoints:b = false
		isShipSpline:b = false
		shipTurnRadius:r = 100
		weapons:t = ""
		bullets0:t = ""
		bullets1:t = ""
		bullets2:t = ""
		bullets3:t = ""
		bulletsCount0:i = 0
		bulletsCount1:i = 0
		bulletsCount2:i = 0
		bulletsCount3:i = 0
		crewSkillK:r = 0
		applyAllMods:b = false
		props {
			army:i = 1
			count:i = 1
			formation_type:t = "rows"
			formation_div:i = 3
			formation_step:p2 = 2.5, 2
			formation_noise:p2 = 0.1, 0.1
			uniqueName:t = ""
			attack_type:t = "fire_at_will"
		}
		way {

		}
	}
	tankModels {
		name:t = "t1_aaa_top_light_02"
		tm:m = [[0.694214, 0.0, -0.719767] [0.0, 1.0, 0.0] [0.719767, 0.0, 0.694214] [-6196.48, 1009.83, -36088.6]]
		unit_class:t = "sw_veak_40"
		objLayer:i = 1
		closed_waypoints:b = false
		isShipSpline:b = false
		shipTurnRadius:r = 100
		weapons:t = ""
		bullets0:t = "40mm_sw_kan_HE"
		bullets1:t = ""
		bullets2:t = ""
		bullets3:t = ""
		bulletsCount0:i = 0
		bulletsCount1:i = 0
		bulletsCount2:i = 0
		bulletsCount3:i = 0
		crewSkillK:r = 0
		applyAllMods:b = false
		props {
			army:i = 1
			count:i = 1
			formation_type:t = "rows"
			formation_div:i = 3
			formation_step:p2 = 2.5, 2
			formation_noise:p2 = 0.1, 0.1
			uniqueName:t = ""
			attack_type:t = "fire_at_will"
		}
		way {

		}
	}
	tankModels {
		name:t = "t1_aaa_top_light_03"
		tm:m = [[-0.428036, 0.0, 0.903761] [0.0, 1.0, 0.0] [-0.903761, 0.0, -0.428036] [-4910.64, 1017.01, -37014.1]]
		unit_class:t = "sw_veak_40"
		objLayer:i = 1
		closed_waypoints:b = false
		isShipSpline:b = false
		shipTurnRadius:r = 100
		weapons:t = ""
		bullets0:t = "40mm_sw_kan_HE"
		bullets1:t = ""
		bullets2:t = ""
		bullets3:t = ""
		bulletsCount0:i = 0
		bulletsCount1:i = 0
		bulletsCount2:i = 0
		bulletsCount3:i = 0
		crewSkillK:r = 0
		applyAllMods:b = false
		props {
			army:i = 1
			count:i = 1
			formation_type:t = "rows"
			formation_div:i = 3
			formation_step:p2 = 2.5, 2
			formation_noise:p2 = 0.1, 0.1
			uniqueName:t = ""
			attack_type:t = "fire_at_will"
		}
		way {

		}
	}
	tankModels {
		name:t = "t1_aaa_top_light_04"
		tm:m = [[0.808654, 0.0, -0.588283] [0.0, 1.0, 0.0] [0.588283, 0.0, 0.808654] [-5767.12, 1013.26, -36642.1]]
		unit_class:t = "sw_veak_40"
		objLayer:i = 1
		closed_waypoints:b = false
		isShipSpline:b = false
		shipTurnRadius:r = 100
		weapons:t = ""
		bullets0:t = "40mm_sw_kan_HE"
		bullets1:t = ""
		bullets2:t = ""
		bullets3:t = ""
		bulletsCount0:i = 0
		bulletsCount1:i = 0
		bulletsCount2:i = 0
		bulletsCount3:i = 0
		crewSkillK:r = 0
		applyAllMods:b = false
		props {
			army:i = 1
			count:i = 1
			formation_type:t = "rows"
			formation_div:i = 3
			formation_step:p2 = 2.5, 2
			formation_noise:p2 = 0.1, 0.1
			uniqueName:t = ""
			attack_type:t = "fire_at_will"
		}
		way {

		}
	}
	tankModels {
		name:t = "t1_aaa_top_heavy_02"
		tm:m = [[0.46705, 0.0, -0.88423] [0.0, 1.0, 0.0] [0.88423, 0.0, 0.46705] [-4972.01, 1178.55, -36145.1]]
		unit_class:t = "fr_amx_30_roland"
		objLayer:i = 1
		closed_waypoints:b = false
		isShipSpline:b = false
		shipTurnRadius:r = 100
		weapons:t = ""
		bullets0:t = ""
		bullets1:t = ""
		bullets2:t = ""
		bullets3:t = ""
		bulletsCount0:i = 0
		bulletsCount1:i = 0
		bulletsCount2:i = 0
		bulletsCount3:i = 0
		crewSkillK:r = 0
		applyAllMods:b = false
		props {
			army:i = 1
			count:i = 1
			formation_type:t = "rows"
			formation_div:i = 3
			formation_step:p2 = 2.5, 2
			formation_noise:p2 = 0.1, 0.1
			uniqueName:t = ""
			attack_type:t = "fire_at_will"
		}
		way {

		}
	}
	squad {
		name:t = "t1_def_aaa_top_squad"
		tm:m = [[-0.467449, 0.0, -0.88402] [0.0, 1.0, 0.0] [0.88402, 0.0, -0.467449] [-42606.2, 1857.79, -17591.9]]
		props {
			squad_members:t = "t1_aaa_top_light_01"
			squad_members:t = "t1_aaa_top_light_02"
			squad_members:t = "t1_aaa_top_light_03"
			squad_members:t = "t1_aaa_top_light_04"
			squad_members:t = "t1_aaa_top_heavy_01"
			squad_members:t = "t1_aaa_top_heavy_02"
			object_marking:i = 0
		}
	}
	tankModels {
		name:t = "t2_aaa_top_light_01"
		tm:m = [[-0.130029, 0.0, -0.991509] [0.0, 1.0, 0.0] [0.991509, 0.0, -0.130029] [-4430.26, 719.128, 8258.84]]
		unit_class:t = "sw_veak_40"
		objLayer:i = 1
		closed_waypoints:b = false
		isShipSpline:b = false
		shipTurnRadius:r = 100
		weapons:t = ""
		bullets0:t = "40mm_sw_kan_HE"
		bullets1:t = ""
		bullets2:t = ""
		bullets3:t = ""
		bulletsCount0:i = 0
		bulletsCount1:i = 0
		bulletsCount2:i = 0
		bulletsCount3:i = 0
		crewSkillK:r = 0
		applyAllMods:b = false
		props {
			army:i = 2
			count:i = 1
			formation_type:t = "rows"
			formation_div:i = 3
			formation_step:p2 = 2.5, 2
			formation_noise:p2 = 0.1, 0.1
			uniqueName:t = ""
			attack_type:t = "fire_at_will"
		}
		way {

		}
	}
	tankModels {
		name:t = "t2_aaa_top_heavy_01"
		tm:m = [[0.150405, 0.0, -0.988623] [0.0, 1.0, 0.0] [0.988623, 0.0, 0.150405] [-3615.56, 719.128, 8255.64]]
		unit_class:t = "fr_amx_30_roland"
		objLayer:i = 1
		closed_waypoints:b = false
		isShipSpline:b = false
		shipTurnRadius:r = 100
		weapons:t = ""
		bullets0:t = ""
		bullets1:t = ""
		bullets2:t = ""
		bullets3:t = ""
		bulletsCount0:i = 0
		bulletsCount1:i = 0
		bulletsCount2:i = 0
		bulletsCount3:i = 0
		crewSkillK:r = 0
		applyAllMods:b = false
		props {
			army:i = 2
			count:i = 1
			formation_type:t = "rows"
			formation_div:i = 3
			formation_step:p2 = 2.5, 2
			formation_noise:p2 = 0.1, 0.1
			uniqueName:t = ""
			attack_type:t = "fire_at_will"
		}
		way {

		}
	}
	tankModels {
		name:t = "t2_aaa_top_light_02"
		tm:m = [[-0.193386, 0.0, 0.981122] [0.0, 1.0, 0.0] [-0.981122, 0.0, -0.193386] [-3488.19, 719.128, 8768.74]]
		unit_class:t = "sw_veak_40"
		objLayer:i = 1
		closed_waypoints:b = false
		isShipSpline:b = false
		shipTurnRadius:r = 100
		weapons:t = ""
		bullets0:t = "40mm_sw_kan_HE"
		bullets1:t = ""
		bullets2:t = ""
		bullets3:t = ""
		bulletsCount0:i = 0
		bulletsCount1:i = 0
		bulletsCount2:i = 0
		bulletsCount3:i = 0
		crewSkillK:r = 0
		applyAllMods:b = false
		props {
			army:i = 2
			count:i = 1
			formation_type:t = "rows"
			formation_div:i = 3
			formation_step:p2 = 2.5, 2
			formation_noise:p2 = 0.1, 0.1
			uniqueName:t = ""
			attack_type:t = "fire_at_will"
		}
		way {

		}
	}
	tankModels {
		name:t = "t2_aaa_top_light_03"
		tm:m = [[-0.130029, 0.0, -0.991509] [0.0, 1.0, 0.0] [0.991509, 0.0, -0.130029] [-4358.98, 719.129, 9429.84]]
		unit_class:t = "sw_veak_40"
		objLayer:i = 1
		closed_waypoints:b = false
		isShipSpline:b = false
		shipTurnRadius:r = 100
		weapons:t = ""
		bullets0:t = "40mm_sw_kan_HE"
		bullets1:t = ""
		bullets2:t = ""
		bullets3:t = ""
		bulletsCount0:i = 0
		bulletsCount1:i = 0
		bulletsCount2:i = 0
		bulletsCount3:i = 0
		crewSkillK:r = 0
		applyAllMods:b = false
		props {
			army:i = 2
			count:i = 1
			formation_type:t = "rows"
			formation_div:i = 3
			formation_step:p2 = 2.5, 2
			formation_noise:p2 = 0.1, 0.1
			uniqueName:t = ""
			attack_type:t = "fire_at_will"
		}
		way {

		}
	}
	tankModels {
		name:t = "t2_aaa_top_light_04"
		tm:m = [[-0.360818, 0.0, 0.932635] [0.0, 1.0, 0.0] [-0.932635, 0.0, -0.360818] [-3431.56, 719.128, 9343.14]]
		unit_class:t = "sw_veak_40"
		objLayer:i = 1
		closed_waypoints:b = false
		isShipSpline:b = false
		shipTurnRadius:r = 100
		weapons:t = ""
		bullets0:t = "40mm_sw_kan_HE"
		bullets1:t = ""
		bullets2:t = ""
		bullets3:t = ""
		bulletsCount0:i = 0
		bulletsCount1:i = 0
		bulletsCount2:i = 0
		bulletsCount3:i = 0
		crewSkillK:r = 0
		applyAllMods:b = false
		props {
			army:i = 2
			count:i = 1
			formation_type:t = "rows"
			formation_div:i = 3
			formation_step:p2 = 2.5, 2
			formation_noise:p2 = 0.1, 0.1
			uniqueName:t = ""
			attack_type:t = "fire_at_will"
		}
		way {

		}
	}
	tankModels {
		name:t = "t2_aaa_top_heavy_02"
		tm:m = [[0.0866558, 0.0, 0.996237] [0.0, 1.0, 0.0] [-0.996237, 0.0, 0.0866558] [-4468.69, 719.129, 8817.74]]
		unit_class:t = "fr_amx_30_roland"
		objLayer:i = 1
		closed_waypoints:b = false
		isShipSpline:b = false
		shipTurnRadius:r = 100
		weapons:t = ""
		bullets0:t = ""
		bullets1:t = ""
		bullets2:t = ""
		bullets3:t = ""
		bulletsCount0:i = 0
		bulletsCount1:i = 0
		bulletsCount2:i = 0
		bulletsCount3:i = 0
		crewSkillK:r = 0
		applyAllMods:b = false
		props {
			army:i = 2
			count:i = 1
			formation_type:t = "rows"
			formation_div:i = 3
			formation_step:p2 = 2.5, 2
			formation_noise:p2 = 0.1, 0.1
			uniqueName:t = ""
			attack_type:t = "fire_at_will"
		}
		way {

		}
	}
	squad {
		name:t = "t2_def_aaa_top_squad"
		tm:m = [[0.708147, 0.0, 0.706065] [0.0, 1.0, 0.0] [-0.706065, 0.0, 0.708147] [-2382.26, 1857.79, 5766.55]]
		props {
			squad_members:t = "t2_aaa_top_light_01"
			squad_members:t = "t2_aaa_top_light_02"
			squad_members:t = "t2_aaa_top_light_03"
			squad_members:t = "t2_aaa_top_light_04"
			squad_members:t = "t2_aaa_top_heavy_01"
			squad_members:t = "t2_aaa_top_heavy_02"
			object_marking:i = 0
		}
	}
}
areas {
	top_capture_area_03 {
		type:t = "Cylinder"
		tm:m = [[2500.0, 0.0, 5.08627e-5] [0.0, 1500.0, 0.0] [-5.08627e-5, 0.0, 2500.0] [-11980.2, 693.43, -15220.4]]
		objLayer:i = 4
		props {

		}
	}
	top_capture_area_02 {
		type:t = "Cylinder"
		tm:m = [[2500.0, 0.0, 5.08627e-5] [0.0, 1500.0, 0.0] [-5.08627e-5, 0.0, 2500.0] [3967.69, 693.43, -15194.7]]
		objLayer:i = 4
		props {

		}
	}
	top_capture_area_01 {
		type:t = "Box"
		tm:m = [[482.738, 0.0, 0.0] [0.0, 350.0, 0.0] [0.0, 0.0, 3500.0] [-3687.13, 614.029, -15190.5]]
		objLayer:i = 3
		props {

		}
	}
}
objLayers {
	layer {
		enabled:b = true
	}
	layer {
		enabled:b = true
	}
	layer {
		enabled:b = true
	}
	layer {
		enabled:b = true
	}
	layer {
		enabled:b = true
	}
}
wayPoints {

}