selected_tag:t = ""
bin_dump_file:t = ""
mission_settings {
	player {
		army:i = 1
		wing:t = "armada_01"
	}
	player_teamB {
		army:i = 2
	}
	mission {
		type:t = "campaign"
		level:t = "levels/arcade_tabletop_mountain.bin"
		environment:t = "13"
		weather:t = "blind"
		attempts:b = true
		restoreType:t = "attempts"
		optionalTakeOff:b = false
	}
	atmosphere {
		pressure:r = 760
		temperature:r = 0
	}
	spectator_points {

	}
}
imports {

}
triggers {
	isCategory:b = true
	is_enabled:b = true
}
mission_objectives {
	isCategory:b = true
	is_enabled:b = true
}
variables {

}
dialogs {

}
airfields {

}
effects {

}
units {
	armada {
		name:t = "armada_01"
		tm:m = [[-0.784669, 0.0, 0.619914] [-4.38561e-8, 1.0, -4.40112e-7] [-0.619914, 7.45058e-9, -0.784669] [14406.8, 5757.46, -11239.6]]
		unit_class:t = "spitfire_mk5c"
		closed_waypoints:b = false
		weapons:t = ""
		bullets0:t = ""
		bullets1:t = ""
		bullets2:t = ""
		bullets3:t = ""
		bulletsCount0:i = 0
		bulletsCount1:i = 0
		bulletsCount2:i = 0
		bulletsCount3:i = 0
		props {
			army:i = 1
			free_distance:r = 70
			floating_distance:r = 50
			minimum_distance_to_earth:r = 20
			altLimit:r = 6000
			attack_type:t = "fire_at_will"
			skill:i = 4
			count:i = 1
			plane {
				wing_formation:t = "F_DEFAULT"
				ai_skill:t = "NORMAL"
				task:t = "FLY_WAYPOINT"
				row_distances:r = 1.5
				col_distances:r = 1.5
				super_formation:t = "Diamond"
				super_row_distances:r = 1.5
				super_col_distances:r = 1.5
			}
		}
		way {

		}
	}
	tracked_vehicles {
		name:t = "tracked_vehicles_01"
		tm:m = [[0.887011, 0.0, -0.461749] [0.0, 1.0, 0.0] [0.461749, 0.0, 0.887011] [15677.0, 22.1953, 7453.04]]
		unit_class:t = "us_m4a1"
		closed_waypoints:b = false
		weapons:t = ""
		bullets0:t = ""
		bullets1:t = ""
		bullets2:t = ""
		bullets3:t = ""
		bulletsCount0:i = 0
		bulletsCount1:i = 0
		bulletsCount2:i = 0
		bulletsCount3:i = 0
		props {
			army:i = 2
			count:i = 1
			formation_type:t = "rows"
			formation_div:i = 3
			formation_step:p2 = 4, 3
			formation_noise:p2 = 2, 2
			uniqueName:t = ""
			attack_type:t = "fire_at_will"
		}
		way {

		}
	}
	tracked_vehicles {
		name:t = "tracked_vehicles_02"
		tm:m = [[0.887011, 0.0, -0.461749] [0.0, 1.0, 0.0] [0.461749, 0.0, 0.887011] [15793.1, 22.1953, 7625.64]]
		unit_class:t = "us_m4a1"
		closed_waypoints:b = false
		weapons:t = ""
		bullets0:t = ""
		bullets1:t = ""
		bullets2:t = ""
		bullets3:t = ""
		bulletsCount0:i = 0
		bulletsCount1:i = 0
		bulletsCount2:i = 0
		bulletsCount3:i = 0
		props {
			army:i = 2
			count:i = 1
			formation_type:t = "rows"
			formation_div:i = 3
			formation_step:p2 = 4, 3
			formation_noise:p2 = 2, 2
			uniqueName:t = ""
			attack_type:t = "fire_at_will"
		}
		way {

		}
	}
	tracked_vehicles {
		name:t = "tracked_vehicles_03"
		tm:m = [[0.887011, 0.0, -0.461749] [0.0, 1.0, 0.0] [0.461749, 0.0, 0.887011] [15878.1, 22.1953, 7355.84]]
		unit_class:t = "us_m4a1"
		closed_waypoints:b = false
		weapons:t = ""
		bullets0:t = ""
		bullets1:t = ""
		bullets2:t = ""
		bullets3:t = ""
		bulletsCount0:i = 0
		bulletsCount1:i = 0
		bulletsCount2:i = 0
		bulletsCount3:i = 0
		props {
			army:i = 2
			count:i = 1
			formation_type:t = "rows"
			formation_div:i = 3
			formation_step:p2 = 4, 3
			formation_noise:p2 = 2, 2
			uniqueName:t = ""
			attack_type:t = "fire_at_will"
		}
		way {

		}
	}
	tracked_vehicles {
		name:t = "tracked_vehicles_04"
		tm:m = [[0.887011, 0.0, -0.461749] [0.0, 1.0, 0.0] [0.461749, 0.0, 0.887011] [15554.6, 22.1953, 7246.04]]
		unit_class:t = "us_m4a1"
		closed_waypoints:b = false
		weapons:t = ""
		bullets0:t = ""
		bullets1:t = ""
		bullets2:t = ""
		bullets3:t = ""
		bulletsCount0:i = 0
		bulletsCount1:i = 0
		bulletsCount2:i = 0
		bulletsCount3:i = 0
		props {
			army:i = 2
			count:i = 1
			formation_type:t = "rows"
			formation_div:i = 3
			formation_step:p2 = 4, 3
			formation_noise:p2 = 2, 2
			uniqueName:t = ""
			attack_type:t = "fire_at_will"
		}
		way {

		}
	}
	tracked_vehicles {
		name:t = "tracked_vehicles_05"
		tm:m = [[0.887011, 0.0, -0.461749] [0.0, 1.0, 0.0] [0.461749, 0.0, 0.887011] [15294.9, 22.1953, 7492.84]]
		unit_class:t = "us_m4a1"
		closed_waypoints:b = false
		weapons:t = ""
		bullets0:t = ""
		bullets1:t = ""
		bullets2:t = ""
		bullets3:t = ""
		bulletsCount0:i = 0
		bulletsCount1:i = 0
		bulletsCount2:i = 0
		bulletsCount3:i = 0
		props {
			army:i = 2
			count:i = 1
			formation_type:t = "rows"
			formation_div:i = 3
			formation_step:p2 = 4, 3
			formation_noise:p2 = 2, 2
			uniqueName:t = ""
			attack_type:t = "fire_at_will"
		}
		way {

		}
	}
	ships {
		name:t = "ships_01"
		tm:m = [[0.642788, 0.0, -0.766044] [0.0, 1.0, 0.0] [0.766044, 0.0, 0.642788] [16549.0, -0.00468826, 5163.64]]
		unit_class:t = "ijn_dd_shiratsuyu"
		closed_waypoints:b = false
		weapons:t = ""
		bullets0:t = ""
		bullets1:t = ""
		bullets2:t = ""
		bullets3:t = ""
		bulletsCount0:i = 0
		bulletsCount1:i = 0
		bulletsCount2:i = 0
		bulletsCount3:i = 0
		props {
			army:i = 2
			count:i = 3
			formation_type:t = "rows"
			formation_div:i = 1
			formation_step:p2 = 4, 1
			formation_noise:p2 = 0.2, 0.1
			uniqueName:t = ""
			attack_type:t = "fire_at_will"
		}
		way {

		}
	}
}
areas {

}
objLayers {
	layer {
		enabled:b = true
	}
	layer {
		enabled:b = true
	}
	layer {
		enabled:b = true
	}
	layer {
		enabled:b = true
	}
}
wayPoints {

}