selected_tag:t = ""
bin_dump_file:t = ""
mission_settings {
	player {
		army:i = 1
	}
	mission {
		type:t = "singleMission"
		level:t = "levels/water.bin"
		environment:t = "Day"
		weather:t = "hazy"
	}
	player_teamB {
		army:i = 2
	}
	atmosphere {
		pressure:r = 760
		temperature:r = 10
	}
}
imports {
	import_record {
		file:t = "gameData/missions/cta/tanks/aral_sea/mainareas/template_aral_sea_Bttl_mainareas.blk"
		importAreas:b = true
		importUnits:b = true
		importTriggers:b = true
		importMissionObjectives:b = true
		importWayPoints:b = true
		showAreas:b = true
		showUnits:b = true
		showTriggers:b = true
		showMissionObjectives:b = true
		showWayPoints:b = true
		excludes {

		}
	}
}
triggers {
	isCategory:b = true
	is_enabled:b = true
}
mission_objectives {
	isCategory:b = true
	is_enabled:b = true
}
variables {

}
dialogs {

}
airfields {

}
effects {

}
units {
	area_squad {
		name:t = "t2_killarea"
		tm:m = [[0.613966, 0.0, -0.789332] [0.0, 1.0, 0.0] [0.789332, 0.0, 0.613966] [1536.07, 32.8798, 2359.64]]
		props {
			squad_members:t = "t2_killarea_block02"
			squad_members:t = "t2_killarea_block01"
		}
	}
	area_squad {
		name:t = "t2_killarea_hardcore"
		tm:m = [[0.613966, 0.0, -0.789332] [0.0, 1.0, 0.0] [0.789332, 0.0, 0.613966] [1546.78, 32.8798, 2345.88]]
		props {
			squad_members:t = "t2_killarea_block02"
			squad_members:t = "t2_killarea_block01"
		}
	}
	area_squad {
		name:t = "t1_killarea"
		tm:m = [[0.613966, 0.0, -0.789332] [0.0, 1.0, 0.0] [0.789332, 0.0, 0.613966] [1716.67, 55.3928, 1534.46]]
		props {
			squad_members:t = "t1_killarea_block01"
			squad_members:t = "t1_killarea_block02"
		}
	}
	area_squad {
		name:t = "t1_killarea_hardcore"
		tm:m = [[0.613966, 0.0, -0.789332] [0.0, 1.0, 0.0] [0.789332, 0.0, 0.613966] [1726.05, 55.3928, 1522.41]]
		props {
			squad_members:t = "t1_killarea_block01"
			squad_members:t = "t1_killarea_block02"
		}
	}
}
areas {
	bttl_battle_area_arcade {
		type:t = "Box"
		tm:m = [[-1600.0, 0.0, 0.0] [0.0, 300.0, 0.0] [0.0, 0.0, -1600.0] [1775.13, -32.906, 1842.85]]
		objLayer:i = 4
		props {

		}
	}
	bttl_battle_area_hardcore {
		type:t = "Box"
		tm:m = [[-1600.0, 0.0, 0.0] [0.0, 300.0, 0.0] [0.0, 0.0, -1600.0] [1775.13, -32.906, 1842.85]]
		objLayer:i = 4
		props {

		}
	}
	t2_killarea_block02 {
		type:t = "Cylinder"
		tm:m = [[61.3966, 0.0, -78.9332] [0.0, 32.2325, 0.0] [78.9332, 0.0, 61.3966] [2405.76, 42.0269, 2507.44]]
		objLayer:i = 0
		props {

		}
	}
	t2_killarea_block01 {
		type:t = "Cylinder"
		tm:m = [[61.3966, 0.0, -78.9332] [0.0, 32.2325, 0.0] [78.9332, 0.0, 61.3966] [1114.64, 42.0269, 2435.29]]
		objLayer:i = 0
		props {

		}
	}
	t1_killarea_block01 {
		type:t = "Cylinder"
		tm:m = [[61.3966, 0.0, -78.9332] [0.0, 32.2325, 0.0] [78.9332, 0.0, 61.3966] [1081.16, 42.0269, 1175.57]]
		objLayer:i = 0
		props {

		}
	}
	t1_killarea_block02 {
		type:t = "Cylinder"
		tm:m = [[61.3966, 0.0, -78.9332] [0.0, 32.2325, 0.0] [78.9332, 0.0, 61.3966] [2349.78, 42.0269, 1198.81]]
		objLayer:i = 0
		props {

		}
	}
}
objLayers {
	layer {
		enabled:b = true
	}
	layer {
		enabled:b = true
	}
	layer {
		enabled:b = true
	}
	layer {
		enabled:b = false
	}
	layer {
		enabled:b = false
	}
}
wayPoints {

}