selected_tag:t = ""
bin_dump_file:t = ""
mission_settings {
	player {
		army:i = 1
	}
	player_teamB {
		army:i = 2
	}
	mission {
		level:t = "levels/air_smolensk.bin"
		type:t = "domination"
		environment:t = "Day"
		weather:t = "hazy"
		restoreType:t = "attempts"
		optionalTakeOff:b = false
	}
}
imports {
	import_record {
		file:t = "gameData/missions/templates/enduring_confrontation/bdt_bases_destroy_template.blk"
		importAreas:b = true
		importUnits:b = true
		importTriggers:b = true
		importMissionObjectives:b = true
		importWayPoints:b = true
		showAreas:b = true
		showUnits:b = true
		showTriggers:b = true
		showMissionObjectives:b = true
		showWayPoints:b = true
		excludes {

		}
	}
	import_record {
		file:t = "gameData/missions/templates/units_sets/land_sets_aaa_bases/bdt_t1_usa_rank_01.blk"
		rankRange:ip2 = 0, 4
		importAreas:b = true
		importUnits:b = true
		importTriggers:b = true
		importMissionObjectives:b = true
		importWayPoints:b = true
		showAreas:b = true
		showUnits:b = true
		showTriggers:b = true
		showMissionObjectives:b = true
		showWayPoints:b = true
		excludes {

		}
	}
	import_record {
		file:t = "gameData/missions/templates/units_sets/land_sets_aaa_bases/bdt_t1_usa_rank_02.blk"
		rankRange:ip2 = 5, 8
		importAreas:b = true
		importUnits:b = true
		importTriggers:b = true
		importMissionObjectives:b = true
		importWayPoints:b = true
		showAreas:b = true
		showUnits:b = true
		showTriggers:b = true
		showMissionObjectives:b = true
		showWayPoints:b = true
		excludes {

		}
	}
	import_record {
		file:t = "gameData/missions/templates/units_sets/land_sets_aaa_bases/bdt_t1_usa_rank_03.blk"
		rankRange:ip2 = 9, 13
		importAreas:b = true
		importUnits:b = true
		importTriggers:b = true
		importMissionObjectives:b = true
		importWayPoints:b = true
		showAreas:b = true
		showUnits:b = true
		showTriggers:b = true
		showMissionObjectives:b = true
		showWayPoints:b = true
		excludes {

		}
	}
	import_record {
		file:t = "gameData/missions/templates/units_sets/land_sets_aaa_bases/bdt_t1_usa_rank_04.blk"
		rankRange:ip2 = 14, 19
		importAreas:b = true
		importUnits:b = true
		importTriggers:b = true
		importMissionObjectives:b = true
		importWayPoints:b = true
		showAreas:b = true
		showUnits:b = true
		showTriggers:b = true
		showMissionObjectives:b = true
		showWayPoints:b = true
		excludes {

		}
	}
	import_record {
		file:t = "gameData/missions/templates/units_sets/land_sets_aaa_bases/bdt_t1_usa_rank_05.blk"
		rankRange:ip2 = 20, 24
		importAreas:b = true
		importUnits:b = true
		importTriggers:b = true
		importMissionObjectives:b = true
		importWayPoints:b = true
		showAreas:b = true
		showUnits:b = true
		showTriggers:b = true
		showMissionObjectives:b = true
		showWayPoints:b = true
		excludes {

		}
	}
	import_record {
		file:t = "gameData/missions/templates/units_sets/land_sets_aaa_bases/bdt_t1_usa_rank_06.blk"
		rankRange:ip2 = 25, 50
		importAreas:b = true
		importUnits:b = true
		importTriggers:b = true
		importMissionObjectives:b = true
		importWayPoints:b = true
		showAreas:b = true
		showUnits:b = true
		showTriggers:b = true
		showMissionObjectives:b = true
		showWayPoints:b = true
		excludes {

		}
	}
	import_record {
		file:t = "gameData/missions/templates/units_sets/land_sets_aaa_bases/bdt_t2_germ_rank_01.blk"
		rankRange:ip2 = 0, 4
		importAreas:b = true
		importUnits:b = true
		importTriggers:b = true
		importMissionObjectives:b = true
		importWayPoints:b = true
		showAreas:b = true
		showUnits:b = true
		showTriggers:b = true
		showMissionObjectives:b = true
		showWayPoints:b = true
		excludes {

		}
	}
	import_record {
		file:t = "gameData/missions/templates/units_sets/land_sets_aaa_bases/bdt_t2_germ_rank_02.blk"
		rankRange:ip2 = 5, 8
		importAreas:b = true
		importUnits:b = true
		importTriggers:b = true
		importMissionObjectives:b = true
		importWayPoints:b = true
		showAreas:b = true
		showUnits:b = true
		showTriggers:b = true
		showMissionObjectives:b = true
		showWayPoints:b = true
		excludes {

		}
	}
	import_record {
		file:t = "gameData/missions/templates/units_sets/land_sets_aaa_bases/bdt_t2_germ_rank_03.blk"
		rankRange:ip2 = 9, 13
		importAreas:b = true
		importUnits:b = true
		importTriggers:b = true
		importMissionObjectives:b = true
		importWayPoints:b = true
		showAreas:b = true
		showUnits:b = true
		showTriggers:b = true
		showMissionObjectives:b = true
		showWayPoints:b = true
		excludes {

		}
	}
	import_record {
		file:t = "gameData/missions/templates/units_sets/land_sets_aaa_bases/bdt_t2_germ_rank_04.blk"
		rankRange:ip2 = 14, 19
		importAreas:b = true
		importUnits:b = true
		importTriggers:b = true
		importMissionObjectives:b = true
		importWayPoints:b = true
		showAreas:b = true
		showUnits:b = true
		showTriggers:b = true
		showMissionObjectives:b = true
		showWayPoints:b = true
		excludes {

		}
	}
	import_record {
		file:t = "gameData/missions/templates/units_sets/land_sets_aaa_bases/bdt_t2_germ_rank_05.blk"
		rankRange:ip2 = 20, 24
		importAreas:b = true
		importUnits:b = true
		importTriggers:b = true
		importMissionObjectives:b = true
		importWayPoints:b = true
		showAreas:b = true
		showUnits:b = true
		showTriggers:b = true
		showMissionObjectives:b = true
		showWayPoints:b = true
		excludes {

		}
	}
	import_record {
		file:t = "gameData/missions/templates/units_sets/land_sets_aaa_bases/bdt_t2_germ_rank_06.blk"
		rankRange:ip2 = 25, 50
		importAreas:b = true
		importUnits:b = true
		importTriggers:b = true
		importMissionObjectives:b = true
		importWayPoints:b = true
		showAreas:b = true
		showUnits:b = true
		showTriggers:b = true
		showMissionObjectives:b = true
		showWayPoints:b = true
		excludes {

		}
	}
}
triggers {
	isCategory:b = true
	is_enabled:b = true
	bdt_part_init {
		is_enabled:b = true
		comments:t = ""
		props {
			actionsType:t = "PERFORM_ONE_BY_ONE"
			conditionsType:t = "ALL"
			enableAfterComplete:b = false
		}
		events {
			initMission {

			}
		}
		conditions {

		}
		actions {
			comment {
				value:t = "set max bases amount +1"
			}
			varSetInt {
				value:i = 9
				var:t = "bdt_t1_total_bases_max_count"
			}
			varSetInt {
				value:i = 9
				var:t = "bdt_t2_total_bases_max_count"
			}
			comment {
				value:t = "enable self restarting for template"
			}
			varSetBool {
				value:b = true
				var:t = "bdt_self_restart"
			}
			comment {
				value:t = "increase one-moment bases amount"
			}
			varSetInt {
				value:i = 4
				var:t = "bdt_t1_active_bases_max_count"
				var:t = "bdt_t2_active_bases_max_count"
			}
			comment {
				value:t = ""
			}
			varSetInt {
				value:i = 1
				var:t = "bdt_delay_timer"
			}
			comment {
				value:t = ""
			}
			varSetString {
				value:t = "bfd"
				var:t = "bdt_game_mode"
			}
			comment {
				value:t = ""
			}
			varSetBool {
				value:b = true
				var:t = "bMirrorSpawn"
			}
			comment {
				value:t = ""
			}
			varSetReal {
				value:r = 2000
				var:t = "bdt_t1_min_zone_distance"
				var:t = "bdt_t2_min_zone_distance"
			}
		}
		else_actions {

		}
	}
}
mission_objectives {
	isCategory:b = true
	is_enabled:b = true
}
variables {

}
dialogs {

}
airfields {

}
effects {

}
units {
	objectGroups {
		name:t = "bdt_t1_bomb_object_01"
		tm:m = [[0.823699, 0.0, -0.567026] [0.0, 1.0, 0.0] [0.567026, 0.0, 0.823699] [-9540.3, 277.272, 14728.7]]
		unit_class:t = "dynBase_hq_camp_square"
		objLayer:i = 2
		props {
			army:i = 1
			active:b = false
		}
	}
	objectGroups {
		name:t = "bdt_t1_bomb_object_02"
		tm:m = [[0.93268, 0.0, -0.360704] [0.0, 1.0, 0.0] [0.360704, 0.0, 0.93268] [-8211.64, 316.92, 4247.4]]
		unit_class:t = "dynBase_fuel_storage_square"
		objLayer:i = 2
		props {
			army:i = 1
			active:b = false
		}
	}
	objectGroups {
		name:t = "bdt_t1_bomb_object_03"
		tm:m = [[0.107018, 0.0, 0.994257] [0.0, 1.0, 0.0] [-0.994257, 0.0, 0.107018] [-5848.13, 274.103, 3502.19]]
		unit_class:t = "dynBase_oil_storage_small_square"
		objLayer:i = 2
		props {
			army:i = 1
			active:b = false
		}
	}
	objectGroups {
		name:t = "bdt_t2_bomb_object_01"
		tm:m = [[0.994012, 0.0, 0.109272] [0.0, 1.0, 0.0] [-0.109272, 0.0, 0.994012] [-2226.96, 284.935, 17464.7]]
		unit_class:t = "dynBase_fuel_storage_square"
		objLayer:i = 2
		props {
			army:i = 2
			active:b = false
		}
	}
	objectGroups {
		name:t = "bdt_t2_bomb_object_02"
		tm:m = [[0.659039, 0.0, 0.752108] [0.0, 1.0, 0.0] [-0.752108, 0.0, 0.659039] [243.791, 297.765, 16937.3]]
		unit_class:t = "dynBase_small_factory_square"
		objLayer:i = 2
		props {
			army:i = 2
			active:b = false
		}
	}
	objectGroups {
		name:t = "bdt_t2_bomb_object_03"
		tm:m = [[0.937747, 0.0, 0.347319] [0.0, 1.0, 0.0] [-0.347319, 0.0, 0.937747] [2260.28, 307.943, 7568.47]]
		unit_class:t = "dynBase_oil_storage_small_square"
		objLayer:i = 2
		props {
			army:i = 2
			active:b = false
		}
	}
	objectGroups {
		name:t = "bdt_t1_bomb_object_04"
		tm:m = [[0.999968, 0.0, 0.00797385] [0.0, 1.0, 0.0] [-0.00797385, 0.0, 0.999968] [-6865.52, 245.777, 16042.4]]
		unit_class:t = "dynBase_small_factory_square"
		objLayer:i = 2
		props {
			army:i = 1
			active:b = false
		}
	}
	objectGroups {
		name:t = "bdt_t2_bomb_object_04"
		tm:m = [[0.999996, 0.0, -0.00286254] [0.0, 1.0, 0.0] [0.00286254, 0.0, 0.999996] [438.259, 300.194, 3886.61]]
		unit_class:t = "dynBase_field_camp_square"
		objLayer:i = 2
		props {
			army:i = 2
			active:b = false
		}
	}
	objectGroups {
		name:t = "bdt_t2_bomb_object_05"
		tm:m = [[0.999996, 0.0, -0.00286254] [0.0, 1.0, 0.0] [0.00286254, 0.0, 0.999996] [1023.34, 296.563, 3114.6]]
		unit_class:t = "dynBase_military_base_square"
		objLayer:i = 2
		props {
			army:i = 2
			active:b = false
		}
	}
	objectGroups {
		name:t = "bdt_t2_bomb_object_06"
		tm:m = [[0.999996, 0.0, -0.00286254] [0.0, 1.0, 0.0] [0.00286254, 0.0, 0.999996] [2474.26, 274.599, 4669.15]]
		unit_class:t = "dynBase_oil_storage_large_square"
		objLayer:i = 2
		props {
			army:i = 2
			active:b = false
		}
	}
	objectGroups {
		name:t = "bdt_t2_bomb_object_07"
		tm:m = [[0.999996, 0.0, -0.00286254] [0.0, 1.0, 0.0] [0.00286254, 0.0, 0.999996] [4737.86, 340.505, 5698.75]]
		unit_class:t = "dynBase_oil_storage_large_square"
		objLayer:i = 2
		props {
			army:i = 2
			active:b = false
		}
	}
	objectGroups {
		name:t = "bdt_t2_bomb_object_08"
		tm:m = [[0.994012, 0.0, 0.109272] [0.0, 1.0, 0.0] [-0.109272, 0.0, 0.994012] [-2043.72, 260.671, 19578.2]]
		unit_class:t = "dynBase_small_factory_square"
		objLayer:i = 2
		props {
			army:i = 2
			active:b = false
		}
	}
	objectGroups {
		name:t = "bdt_t2_bomb_object_09"
		tm:m = [[0.994012, 0.0, 0.109272] [0.0, 1.0, 0.0] [-0.109272, 0.0, 0.994012] [-34.2778, 276.339, 19240.7]]
		unit_class:t = "dynBase_hq_camp_square"
		objLayer:i = 2
		props {
			army:i = 2
			active:b = false
		}
	}
	objectGroups {
		name:t = "bdt_t2_bomb_object_10"
		tm:m = [[0.994012, 0.0, 0.109272] [0.0, 1.0, 0.0] [-0.109272, 0.0, 0.994012] [1728.37, 280.783, 18085.3]]
		unit_class:t = "dynBase_petrol_camp_square"
		objLayer:i = 2
		props {
			army:i = 2
			active:b = false
		}
	}
	objectGroups {
		name:t = "bdt_t1_bomb_object_05"
		tm:m = [[0.999968, 0.0, 0.00797385] [0.0, 1.0, 0.0] [-0.00797385, 0.0, 0.999968] [-8108.72, 321.128, 18509.9]]
		unit_class:t = "dynBase_petrol_camp_square"
		objLayer:i = 2
		props {
			army:i = 1
			active:b = false
		}
	}
	objectGroups {
		name:t = "bdt_t1_bomb_object_06"
		tm:m = [[0.999968, 0.0, 0.00797385] [0.0, 1.0, 0.0] [-0.00797385, 0.0, 0.999968] [-10060.7, 297.026, 16921.8]]
		unit_class:t = "dynBase_military_base_square"
		objLayer:i = 2
		props {
			army:i = 1
			active:b = false
		}
	}
	objectGroups {
		name:t = "bdt_t1_bomb_object_07"
		tm:m = [[0.999968, 0.0, 0.00797385] [0.0, 1.0, 0.0] [-0.00797385, 0.0, 0.999968] [-11355.3, 292.892, 15843.0]]
		unit_class:t = "dynBase_fuel_storage_square"
		objLayer:i = 2
		props {
			army:i = 1
			active:b = false
		}
	}
	objectGroups {
		name:t = "bdt_t1_bomb_object_08"
		tm:m = [[0.107018, 0.0, 0.994257] [0.0, 1.0, 0.0] [-0.994257, 0.0, 0.107018] [-3988.41, 289.705, 1713.08]]
		unit_class:t = "dynBase_ammunition_storage_square"
		objLayer:i = 2
		props {
			army:i = 1
			active:b = false
		}
	}
	objectGroups {
		name:t = "bdt_t1_bomb_object_09"
		tm:m = [[0.33799, 0.0, 0.941149] [0.0, 1.0, 0.0] [-0.941149, 0.0, 0.33799] [-7515.91, 238.36, 1774.27]]
		unit_class:t = "dynBase_field_camp_square"
		objLayer:i = 2
		props {
			army:i = 1
			active:b = false
		}
	}
	objectGroups {
		name:t = "bdt_t1_bomb_object_10"
		tm:m = [[0.107018, 0.0, 0.994257] [0.0, 1.0, 0.0] [-0.994257, 0.0, 0.107018] [-8738.99, 301.498, 2785.26]]
		unit_class:t = "dynBase_oil_storage_small_square"
		objLayer:i = 2
		props {
			army:i = 1
			active:b = false
		}
	}
}
areas {
	bdt_t1_bomb_zone_01 {
		type:t = "Sphere"
		tm:m = [[370.665, 0.0, -255.162] [0.0, 450.0, 0.0] [255.162, 0.0, 370.665] [-9560.21, 237.9, 14722.0]]
		objLayer:i = 0
		props {

		}
	}
	bdt_t1_bomb_zone_02 {
		type:t = "Sphere"
		tm:m = [[419.1, 0.0, 163.876] [0.0, 450.0, 0.0] [-163.876, 0.0, 419.1] [-8209.88, 317.606, 4268.86]]
		objLayer:i = 0
		props {

		}
	}
	bdt_t1_bomb_zone_03 {
		type:t = "Sphere"
		tm:m = [[48.1581, 0.0, 447.416] [0.0, 450.0, 0.0] [-447.416, 0.0, 48.1581] [-5856.93, 274.108, 3497.81]]
		objLayer:i = 0
		props {

		}
	}
	bdt_t2_bomb_zone_01 {
		type:t = "Sphere"
		tm:m = [[447.306, 0.0, 49.1718] [0.0, 450.0, 0.0] [-49.1718, 0.0, 447.306] [-2215.1, 281.747, 17469.2]]
		objLayer:i = 0
		props {

		}
	}
	bdt_t2_bomb_zone_02 {
		type:t = "Sphere"
		tm:m = [[362.793, 0.0, 266.238] [0.0, 450.0, 0.0] [-266.238, 0.0, 362.793] [246.109, 247.604, 16941.6]]
		objLayer:i = 0
		props {

		}
	}
	bdt_t2_bomb_zone_03 {
		type:t = "Sphere"
		tm:m = [[449.715, 0.0, -16.0431] [0.0, 450.0, 0.0] [16.0431, 0.0, 449.715] [2266.01, 302.782, 7568.81]]
		objLayer:i = 0
		props {

		}
	}
	bdt_t1_bomb_zone_04 {
		type:t = "Sphere"
		tm:m = [[449.986, 0.0, 3.58861] [0.0, 450.0, 0.0] [-3.58861, 0.0, 449.986] [-6857.88, 230.501, 16040.5]]
		objLayer:i = 0
		props {

		}
	}
	bdt_t2_bomb_zone_04 {
		type:t = "Sphere"
		tm:m = [[449.715, 0.0, -16.0431] [0.0, 450.0, 0.0] [16.0431, 0.0, 449.715] [438.736, 292.519, 3892.4]]
		objLayer:i = 0
		props {

		}
	}
	bdt_t1_bomb_zone_01_aaa_point_01 {
		type:t = "Point"
		tm:m = [[0.999948, 0.0, -0.01017] [0.0, 1.0, 0.0] [0.01017, 0.0, 0.999948] [-9538.68, 236.149, 14514.6]]
		objLayer:i = 0
		props {

		}
	}
	bdt_t1_bomb_zone_01_aaa_point_02 {
		type:t = "Point"
		tm:m = [[0.999948, 0.0, -0.01017] [0.0, 1.0, 0.0] [0.01017, 0.0, 0.999948] [-9760.72, 244.395, 14746.1]]
		objLayer:i = 0
		props {

		}
	}
	bdt_t1_bomb_zone_01_aaa_point_03 {
		type:t = "Point"
		tm:m = [[0.999948, 0.0, -0.01017] [0.0, 1.0, 0.0] [0.01017, 0.0, 0.999948] [-9561.42, 243.181, 14991.2]]
		objLayer:i = 0
		props {

		}
	}
	bdt_t1_bomb_zone_01_aaa_point_04 {
		type:t = "Point"
		tm:m = [[0.999948, 0.0, -0.01017] [0.0, 1.0, 0.0] [0.01017, 0.0, 0.999948] [-9284.54, 236.88, 14842.2]]
		objLayer:i = 0
		props {

		}
	}
	bdt_t1_bomb_zone_02_aaa_point_01 {
		type:t = "Point"
		tm:m = [[0.569037, 0.0, 0.822313] [0.0, 1.0, 0.0] [-0.822313, 0.0, 0.569037] [-8139.35, 311.068, 4027.38]]
		objLayer:i = 0
		props {

		}
	}
	bdt_t1_bomb_zone_02_aaa_point_02 {
		type:t = "Point"
		tm:m = [[0.569037, 0.0, 0.822313] [0.0, 1.0, 0.0] [-0.822313, 0.0, 0.569037] [-8367.33, 295.506, 4399.96]]
		objLayer:i = 0
		props {

		}
	}
	bdt_t1_bomb_zone_02_aaa_point_03 {
		type:t = "Point"
		tm:m = [[0.569037, 0.0, 0.822313] [0.0, 1.0, 0.0] [-0.822313, 0.0, 0.569037] [-8448.92, 289.596, 4188.14]]
		objLayer:i = 0
		props {

		}
	}
	bdt_t1_bomb_zone_02_aaa_point_04 {
		type:t = "Point"
		tm:m = [[0.569037, 0.0, 0.822313] [0.0, 1.0, 0.0] [-0.822313, 0.0, 0.569037] [-8001.14, 316.876, 4320.16]]
		objLayer:i = 0
		props {

		}
	}
	bdt_t1_bomb_zone_03_aaa_point_01 {
		type:t = "Point"
		tm:m = [[0.569037, 0.0, 0.822313] [0.0, 1.0, 0.0] [-0.822313, 0.0, 0.569037] [-5688.56, 277.129, 3684.07]]
		objLayer:i = 0
		props {

		}
	}
	bdt_t1_bomb_zone_03_aaa_point_02 {
		type:t = "Point"
		tm:m = [[0.569037, 0.0, 0.822313] [0.0, 1.0, 0.0] [-0.822313, 0.0, 0.569037] [-5983.76, 257.0, 3705.08]]
		objLayer:i = 0
		props {

		}
	}
	bdt_t1_bomb_zone_03_aaa_point_03 {
		type:t = "Point"
		tm:m = [[0.569037, 0.0, 0.822313] [0.0, 1.0, 0.0] [-0.822313, 0.0, 0.569037] [-6056.26, 246.675, 3404.21]]
		objLayer:i = 0
		props {

		}
	}
	bdt_t1_bomb_zone_03_aaa_point_04 {
		type:t = "Point"
		tm:m = [[0.569037, 0.0, 0.822313] [0.0, 1.0, 0.0] [-0.822313, 0.0, 0.569037] [-5908.26, 253.899, 3278.32]]
		objLayer:i = 0
		props {

		}
	}
	bdt_t1_bomb_zone_04_aaa_point_01 {
		type:t = "Point"
		tm:m = [[0.999948, 0.0, -0.01017] [0.0, 1.0, 0.0] [0.01017, 0.0, 0.999948] [-6697.26, 236.58, 16245.4]]
		objLayer:i = 0
		props {

		}
	}
	bdt_t1_bomb_zone_04_aaa_point_02 {
		type:t = "Point"
		tm:m = [[0.999948, 0.0, -0.01017] [0.0, 1.0, 0.0] [0.01017, 0.0, 0.999948] [-7066.66, 234.825, 16157.6]]
		objLayer:i = 0
		props {

		}
	}
	bdt_t1_bomb_zone_04_aaa_point_03 {
		type:t = "Point"
		tm:m = [[0.999948, 0.0, -0.01017] [0.0, 1.0, 0.0] [0.01017, 0.0, 0.999948] [-6766.09, 232.459, 15814.1]]
		objLayer:i = 0
		props {

		}
	}
	bdt_t1_bomb_zone_04_aaa_point_04 {
		type:t = "Point"
		tm:m = [[0.999948, 0.0, -0.01017] [0.0, 1.0, 0.0] [0.01017, 0.0, 0.999948] [-6944.1, 232.684, 15882.2]]
		objLayer:i = 0
		props {

		}
	}
	bdt_t2_bomb_zone_01_aaa_point_01 {
		type:t = "Point"
		tm:m = [[0.763416, 0.0, 0.645908] [0.0, 1.0, 0.0] [-0.645908, 0.0, 0.763416] [-2026.47, 285.596, 17640.6]]
		objLayer:i = 0
		props {

		}
	}
	bdt_t2_bomb_zone_01_aaa_point_02 {
		type:t = "Point"
		tm:m = [[0.763416, 0.0, 0.645908] [0.0, 1.0, 0.0] [-0.645908, 0.0, 0.763416] [-2442.02, 284.947, 17357.1]]
		objLayer:i = 0
		props {

		}
	}
	bdt_t2_bomb_zone_01_aaa_point_03 {
		type:t = "Point"
		tm:m = [[0.763416, 0.0, 0.645908] [0.0, 1.0, 0.0] [-0.645908, 0.0, 0.763416] [-2087.86, 286.138, 17273.6]]
		objLayer:i = 0
		props {

		}
	}
	bdt_t2_bomb_zone_01_aaa_point_04 {
		type:t = "Point"
		tm:m = [[0.763416, 0.0, 0.645908] [0.0, 1.0, 0.0] [-0.645908, 0.0, 0.763416] [-2314.06, 285.44, 17241.5]]
		objLayer:i = 0
		props {

		}
	}
	bdt_t2_bomb_zone_02_aaa_point_01 {
		type:t = "Point"
		tm:m = [[0.763416, 0.0, 0.645908] [0.0, 1.0, 0.0] [-0.645908, 0.0, 0.763416] [281.61, 247.407, 17209.7]]
		objLayer:i = 0
		props {

		}
	}
	bdt_t2_bomb_zone_02_aaa_point_02 {
		type:t = "Point"
		tm:m = [[0.763416, 0.0, 0.645908] [0.0, 1.0, 0.0] [-0.645908, 0.0, 0.763416] [27.27, 244.298, 17106.7]]
		objLayer:i = 0
		props {

		}
	}
	bdt_t2_bomb_zone_02_aaa_point_03 {
		type:t = "Point"
		tm:m = [[0.763416, 0.0, 0.645908] [0.0, 1.0, 0.0] [-0.645908, 0.0, 0.763416] [321.554, 243.862, 16699.6]]
		objLayer:i = 0
		props {

		}
	}
	bdt_t2_bomb_zone_02_aaa_point_04 {
		type:t = "Point"
		tm:m = [[0.763416, 0.0, 0.645908] [0.0, 1.0, 0.0] [-0.645908, 0.0, 0.763416] [35.2622, 242.313, 16751.5]]
		objLayer:i = 0
		props {

		}
	}
	bdt_t2_bomb_zone_03_aaa_point_01 {
		type:t = "Point"
		tm:m = [[0.999948, 0.0, -0.01017] [0.0, 1.0, 0.0] [0.01017, 0.0, 0.999948] [2147.71, 303.019, 7449.15]]
		objLayer:i = 0
		props {

		}
	}
	bdt_t2_bomb_zone_03_aaa_point_02 {
		type:t = "Point"
		tm:m = [[0.999948, 0.0, -0.01017] [0.0, 1.0, 0.0] [0.01017, 0.0, 0.999948] [2400.07, 302.799, 7751.56]]
		objLayer:i = 0
		props {

		}
	}
	bdt_t2_bomb_zone_03_aaa_point_03 {
		type:t = "Point"
		tm:m = [[0.999948, 0.0, -0.01017] [0.0, 1.0, 0.0] [0.01017, 0.0, 0.999948] [2258.12, 304.002, 7797.45]]
		objLayer:i = 0
		props {

		}
	}
	bdt_t2_bomb_zone_03_aaa_point_04 {
		type:t = "Point"
		tm:m = [[0.999948, 0.0, -0.01017] [0.0, 1.0, 0.0] [0.01017, 0.0, 0.999948] [2423.39, 302.454, 7405.96]]
		objLayer:i = 0
		props {

		}
	}
	bdt_t2_bomb_zone_04_aaa_point_01 {
		type:t = "Point"
		tm:m = [[0.999948, 0.0, -0.01017] [0.0, 1.0, 0.0] [0.01017, 0.0, 0.999948] [688.398, 306.171, 3838.9]]
		objLayer:i = 0
		props {

		}
	}
	bdt_t2_bomb_zone_04_aaa_point_02 {
		type:t = "Point"
		tm:m = [[0.999948, 0.0, -0.01017] [0.0, 1.0, 0.0] [0.01017, 0.0, 0.999948] [658.625, 302.57, 4083.64]]
		objLayer:i = 0
		props {

		}
	}
	bdt_t2_bomb_zone_04_aaa_point_03 {
		type:t = "Point"
		tm:m = [[0.999948, 0.0, -0.01017] [0.0, 1.0, 0.0] [0.01017, 0.0, 0.999948] [311.745, 336.268, 3735.59]]
		objLayer:i = 0
		props {

		}
	}
	bdt_t2_bomb_zone_04_aaa_point_04 {
		type:t = "Point"
		tm:m = [[0.999948, 0.0, -0.01017] [0.0, 1.0, 0.0] [0.01017, 0.0, 0.999948] [260.673, 333.383, 4043.63]]
		objLayer:i = 0
		props {

		}
	}
	bdt_t2_bomb_zone_05 {
		type:t = "Sphere"
		tm:m = [[449.715, 0.0, -16.0431] [0.0, 450.0, 0.0] [16.0431, 0.0, 449.715] [1023.77, 296.691, 3120.48]]
		objLayer:i = 0
		props {

		}
	}
	bdt_t2_bomb_zone_06 {
		type:t = "Sphere"
		tm:m = [[449.715, 0.0, -16.0431] [0.0, 450.0, 0.0] [16.0431, 0.0, 449.715] [2474.74, 266.877, 4674.95]]
		objLayer:i = 0
		props {

		}
	}
	bdt_t2_bomb_zone_07 {
		type:t = "Sphere"
		tm:m = [[449.715, 0.0, -16.0431] [0.0, 450.0, 0.0] [16.0431, 0.0, 449.715] [4738.28, 331.604, 5704.63]]
		objLayer:i = 0
		props {

		}
	}
	bdt_t2_bomb_zone_08 {
		type:t = "Sphere"
		tm:m = [[447.306, 0.0, 49.1718] [0.0, 450.0, 0.0] [-49.1718, 0.0, 447.306] [-2031.85, 225.706, 19582.6]]
		objLayer:i = 0
		props {

		}
	}
	bdt_t2_bomb_zone_09 {
		type:t = "Sphere"
		tm:m = [[447.306, 0.0, 49.1718] [0.0, 450.0, 0.0] [-49.1718, 0.0, 447.306] [-22.3389, 267.341, 19245.2]]
		objLayer:i = 0
		props {

		}
	}
	bdt_t2_bomb_zone_10 {
		type:t = "Sphere"
		tm:m = [[447.306, 0.0, 49.1718] [0.0, 450.0, 0.0] [-49.1718, 0.0, 447.306] [1740.29, 244.167, 18089.7]]
		objLayer:i = 0
		props {

		}
	}
	bdt_t2_bomb_zone_05_aaa_point_01 {
		type:t = "Point"
		tm:m = [[0.999948, 0.0, -0.01017] [0.0, 1.0, 0.0] [0.01017, 0.0, 0.999948] [786.772, 377.414, 3151.52]]
		objLayer:i = 0
		props {

		}
	}
	bdt_t2_bomb_zone_05_aaa_point_02 {
		type:t = "Point"
		tm:m = [[0.999948, 0.0, -0.01017] [0.0, 1.0, 0.0] [0.01017, 0.0, 0.999948] [963.702, 341.868, 2814.46]]
		objLayer:i = 0
		props {

		}
	}
	bdt_t2_bomb_zone_05_aaa_point_03 {
		type:t = "Point"
		tm:m = [[0.999948, 0.0, -0.01017] [0.0, 1.0, 0.0] [0.01017, 0.0, 0.999948] [1297.69, 377.256, 3020.07]]
		objLayer:i = 0
		props {

		}
	}
	bdt_t2_bomb_zone_05_aaa_point_04 {
		type:t = "Point"
		tm:m = [[0.999948, 0.0, -0.01017] [0.0, 1.0, 0.0] [0.01017, 0.0, 0.999948] [1235.1, 375.651, 3258.21]]
		objLayer:i = 0
		props {

		}
	}
	bdt_t2_bomb_zone_06_aaa_point_01 {
		type:t = "Point"
		tm:m = [[0.999948, 0.0, -0.01017] [0.0, 1.0, 0.0] [0.01017, 0.0, 0.999948] [2320.65, 318.653, 4414.24]]
		objLayer:i = 0
		props {

		}
	}
	bdt_t2_bomb_zone_06_aaa_point_02 {
		type:t = "Point"
		tm:m = [[0.999948, 0.0, -0.01017] [0.0, 1.0, 0.0] [0.01017, 0.0, 0.999948] [2303.13, 257.217, 4840.04]]
		objLayer:i = 0
		props {

		}
	}
	bdt_t2_bomb_zone_06_aaa_point_03 {
		type:t = "Point"
		tm:m = [[0.999948, 0.0, -0.01017] [0.0, 1.0, 0.0] [0.01017, 0.0, 0.999948] [2608.5, 284.627, 4953.26]]
		objLayer:i = 0
		props {

		}
	}
	bdt_t2_bomb_zone_06_aaa_point_04 {
		type:t = "Point"
		tm:m = [[0.999948, 0.0, -0.01017] [0.0, 1.0, 0.0] [0.01017, 0.0, 0.999948] [2715.93, 304.377, 4529.15]]
		objLayer:i = 0
		props {

		}
	}
	bdt_t2_bomb_zone_07_aaa_point_01 {
		type:t = "Point"
		tm:m = [[0.999948, 0.0, -0.01017] [0.0, 1.0, 0.0] [0.01017, 0.0, 0.999948] [4837.01, 340.618, 6009.93]]
		objLayer:i = 0
		props {

		}
	}
	bdt_t2_bomb_zone_07_aaa_point_02 {
		type:t = "Point"
		tm:m = [[0.999948, 0.0, -0.01017] [0.0, 1.0, 0.0] [0.01017, 0.0, 0.999948] [4558.24, 328.894, 5405.82]]
		objLayer:i = 0
		props {

		}
	}
	bdt_t2_bomb_zone_07_aaa_point_03 {
		type:t = "Point"
		tm:m = [[0.999948, 0.0, -0.01017] [0.0, 1.0, 0.0] [0.01017, 0.0, 0.999948] [4966.95, 329.335, 5472.8]]
		objLayer:i = 0
		props {

		}
	}
	bdt_t2_bomb_zone_07_aaa_point_04 {
		type:t = "Point"
		tm:m = [[0.999948, 0.0, -0.01017] [0.0, 1.0, 0.0] [0.01017, 0.0, 0.999948] [4557.21, 344.6, 6044.99]]
		objLayer:i = 0
		props {

		}
	}
	bdt_t2_bomb_zone_08_aaa_point_01 {
		type:t = "Point"
		tm:m = [[0.763416, 0.0, 0.645908] [0.0, 1.0, 0.0] [-0.645908, 0.0, 0.763416] [-2366.56, 224.52, 19675.1]]
		objLayer:i = 0
		props {

		}
	}
	bdt_t2_bomb_zone_08_aaa_point_02 {
		type:t = "Point"
		tm:m = [[0.763416, 0.0, 0.645908] [0.0, 1.0, 0.0] [-0.645908, 0.0, 0.763416] [-2238.64, 222.301, 19325.8]]
		objLayer:i = 0
		props {

		}
	}
	bdt_t2_bomb_zone_08_aaa_point_03 {
		type:t = "Point"
		tm:m = [[0.763416, 0.0, 0.645908] [0.0, 1.0, 0.0] [-0.645908, 0.0, 0.763416] [-1852.65, 223.629, 19298.8]]
		objLayer:i = 0
		props {

		}
	}
	bdt_t2_bomb_zone_08_aaa_point_04 {
		type:t = "Point"
		tm:m = [[0.763416, 0.0, 0.645908] [0.0, 1.0, 0.0] [-0.645908, 0.0, 0.763416] [-1751.45, 224.544, 19702.6]]
		objLayer:i = 0
		props {

		}
	}
	bdt_t2_bomb_zone_09_aaa_point_01 {
		type:t = "Point"
		tm:m = [[0.763416, 0.0, 0.645908] [0.0, 1.0, 0.0] [-0.645908, 0.0, 0.763416] [-395.071, 264.936, 19254.0]]
		objLayer:i = 0
		props {

		}
	}
	bdt_t2_bomb_zone_09_aaa_point_02 {
		type:t = "Point"
		tm:m = [[0.763416, 0.0, 0.645908] [0.0, 1.0, 0.0] [-0.645908, 0.0, 0.763416] [63.2754, 265.52, 18750.3]]
		objLayer:i = 0
		props {

		}
	}
	bdt_t2_bomb_zone_09_aaa_point_03 {
		type:t = "Point"
		tm:m = [[0.763416, 0.0, 0.645908] [0.0, 1.0, 0.0] [-0.645908, 0.0, 0.763416] [-195.336, 261.897, 19532.4]]
		objLayer:i = 0
		props {

		}
	}
	bdt_t2_bomb_zone_09_aaa_point_04 {
		type:t = "Point"
		tm:m = [[0.763416, 0.0, 0.645908] [0.0, 1.0, 0.0] [-0.645908, 0.0, 0.763416] [314.488, 264.57, 19134.2]]
		objLayer:i = 0
		props {

		}
	}
	bdt_t2_bomb_zone_10_aaa_point_01 {
		type:t = "Point"
		tm:m = [[0.763416, 0.0, 0.645908] [0.0, 1.0, 0.0] [-0.645908, 0.0, 0.763416] [1458.04, 245.722, 17896.8]]
		objLayer:i = 0
		props {

		}
	}
	bdt_t2_bomb_zone_10_aaa_point_02 {
		type:t = "Point"
		tm:m = [[0.763416, 0.0, 0.645908] [0.0, 1.0, 0.0] [-0.645908, 0.0, 0.763416] [1446.41, 244.421, 18354.6]]
		objLayer:i = 0
		props {

		}
	}
	bdt_t2_bomb_zone_10_aaa_point_03 {
		type:t = "Point"
		tm:m = [[0.763416, 0.0, 0.645908] [0.0, 1.0, 0.0] [-0.645908, 0.0, 0.763416] [2019.3, 261.845, 17869.2]]
		objLayer:i = 0
		props {

		}
	}
	bdt_t2_bomb_zone_10_aaa_point_04 {
		type:t = "Point"
		tm:m = [[0.763416, 0.0, 0.645908] [0.0, 1.0, 0.0] [-0.645908, 0.0, 0.763416] [1864.54, 244.284, 18369.6]]
		objLayer:i = 0
		props {

		}
	}
	bdt_t1_bomb_zone_05 {
		type:t = "Sphere"
		tm:m = [[449.986, 0.0, 3.58861] [0.0, 450.0, 0.0] [-3.58861, 0.0, 449.986] [-8101.08, 284.556, 18508.1]]
		objLayer:i = 0
		props {

		}
	}
	bdt_t1_bomb_zone_06 {
		type:t = "Sphere"
		tm:m = [[449.986, 0.0, 3.58861] [0.0, 450.0, 0.0] [-3.58861, 0.0, 449.986] [-10053.0, 297.213, 16919.9]]
		objLayer:i = 0
		props {

		}
	}
	bdt_t1_bomb_zone_07 {
		type:t = "Sphere"
		tm:m = [[449.986, 0.0, 3.58861] [0.0, 450.0, 0.0] [-3.58861, 0.0, 449.986] [-11347.6, 238.141, 15841.2]]
		objLayer:i = 0
		props {

		}
	}
	bdt_t1_bomb_zone_08 {
		type:t = "Sphere"
		tm:m = [[48.1581, 0.0, 447.416] [0.0, 450.0, 0.0] [-447.416, 0.0, 48.1581] [-3997.21, 289.709, 1708.72]]
		objLayer:i = 0
		props {

		}
	}
	bdt_t1_bomb_zone_09 {
		type:t = "Sphere"
		tm:m = [[152.095, 0.0, 423.517] [0.0, 450.0, 0.0] [-423.517, 0.0, 152.095] [-7525.54, 238.382, 1772.11]]
		objLayer:i = 0
		props {

		}
	}
	bdt_t1_bomb_zone_10 {
		type:t = "Sphere"
		tm:m = [[48.1581, 0.0, 447.416] [0.0, 450.0, 0.0] [-447.416, 0.0, 48.1581] [-8747.75, 287.819, 2780.89]]
		objLayer:i = 0
		props {

		}
	}
	bdt_t1_bomb_zone_05_aaa_point_01 {
		type:t = "Point"
		tm:m = [[0.999948, 0.0, -0.01017] [0.0, 1.0, 0.0] [0.01017, 0.0, 0.999948] [-8210.15, 289.318, 18194.8]]
		objLayer:i = 0
		props {

		}
	}
	bdt_t1_bomb_zone_05_aaa_point_02 {
		type:t = "Point"
		tm:m = [[0.999948, 0.0, -0.01017] [0.0, 1.0, 0.0] [0.01017, 0.0, 0.999948] [-7873.08, 284.003, 18742.2]]
		objLayer:i = 0
		props {

		}
	}
	bdt_t1_bomb_zone_05_aaa_point_03 {
		type:t = "Point"
		tm:m = [[0.999948, 0.0, -0.01017] [0.0, 1.0, 0.0] [0.01017, 0.0, 0.999948] [-8128.78, 293.486, 18793.1]]
		objLayer:i = 0
		props {

		}
	}
	bdt_t1_bomb_zone_05_aaa_point_04 {
		type:t = "Point"
		tm:m = [[0.999948, 0.0, -0.01017] [0.0, 1.0, 0.0] [0.01017, 0.0, 0.999948] [-8333.63, 293.501, 18569.8]]
		objLayer:i = 0
		props {

		}
	}
	bdt_t1_bomb_zone_06_aaa_point_01 {
		type:t = "Point"
		tm:m = [[0.999948, 0.0, -0.01017] [0.0, 1.0, 0.0] [0.01017, 0.0, 0.999948] [-10410.4, 290.022, 16871.7]]
		objLayer:i = 0
		props {

		}
	}
	bdt_t1_bomb_zone_06_aaa_point_02 {
		type:t = "Point"
		tm:m = [[0.999948, 0.0, -0.01017] [0.0, 1.0, 0.0] [0.01017, 0.0, 0.999948] [-9810.27, 290.219, 17243.8]]
		objLayer:i = 0
		props {

		}
	}
	bdt_t1_bomb_zone_06_aaa_point_03 {
		type:t = "Point"
		tm:m = [[0.999948, 0.0, -0.01017] [0.0, 1.0, 0.0] [0.01017, 0.0, 0.999948] [-9667.78, 291.995, 16870.2]]
		objLayer:i = 0
		props {

		}
	}
	bdt_t1_bomb_zone_06_aaa_point_04 {
		type:t = "Point"
		tm:m = [[0.999948, 0.0, -0.01017] [0.0, 1.0, 0.0] [0.01017, 0.0, 0.999948] [-9881.54, 292.1, 16557.2]]
		objLayer:i = 0
		props {

		}
	}
	bdt_t1_bomb_zone_07_aaa_point_01 {
		type:t = "Point"
		tm:m = [[0.999948, 0.0, -0.01017] [0.0, 1.0, 0.0] [0.01017, 0.0, 0.999948] [-11315.4, 238.767, 15477.2]]
		objLayer:i = 0
		props {

		}
	}
	bdt_t1_bomb_zone_07_aaa_point_02 {
		type:t = "Point"
		tm:m = [[0.999948, 0.0, -0.01017] [0.0, 1.0, 0.0] [0.01017, 0.0, 0.999948] [-10949.1, 241.928, 16005.5]]
		objLayer:i = 0
		props {

		}
	}
	bdt_t1_bomb_zone_07_aaa_point_03 {
		type:t = "Point"
		tm:m = [[0.999948, 0.0, -0.01017] [0.0, 1.0, 0.0] [0.01017, 0.0, 0.999948] [-11591.5, 224.893, 16158.4]]
		objLayer:i = 0
		props {

		}
	}
	bdt_t1_bomb_zone_07_aaa_point_04 {
		type:t = "Point"
		tm:m = [[0.999948, 0.0, -0.01017] [0.0, 1.0, 0.0] [0.01017, 0.0, 0.999948] [-11676.2, 237.233, 15613.8]]
		objLayer:i = 0
		props {

		}
	}
	bdt_t1_bomb_zone_08_aaa_point_01 {
		type:t = "Point"
		tm:m = [[0.569037, 0.0, 0.822313] [0.0, 1.0, 0.0] [-0.822313, 0.0, 0.569037] [-3822.84, 280.444, 1891.63]]
		objLayer:i = 0
		props {

		}
	}
	bdt_t1_bomb_zone_08_aaa_point_02 {
		type:t = "Point"
		tm:m = [[0.569037, 0.0, 0.822313] [0.0, 1.0, 0.0] [-0.822313, 0.0, 0.569037] [-4031.0, 262.146, 1446.2]]
		objLayer:i = 0
		props {

		}
	}
	bdt_t1_bomb_zone_08_aaa_point_03 {
		type:t = "Point"
		tm:m = [[0.569037, 0.0, 0.822313] [0.0, 1.0, 0.0] [-0.822313, 0.0, 0.569037] [-4323.16, 257.302, 1822.66]]
		objLayer:i = 0
		props {

		}
	}
	bdt_t1_bomb_zone_08_aaa_point_04 {
		type:t = "Point"
		tm:m = [[0.569037, 0.0, 0.822313] [0.0, 1.0, 0.0] [-0.822313, 0.0, 0.569037] [-4337.19, 260.055, 1508.03]]
		objLayer:i = 0
		props {

		}
	}
	bdt_t1_bomb_zone_09_aaa_point_01 {
		type:t = "Point"
		tm:m = [[0.746569, 0.0, 0.665307] [0.0, 1.0, 0.0] [-0.665307, 0.0, 0.746569] [-7216.99, 207.733, 1619.07]]
		objLayer:i = 0
		props {

		}
	}
	bdt_t1_bomb_zone_09_aaa_point_02 {
		type:t = "Point"
		tm:m = [[0.746569, 0.0, 0.665307] [0.0, 1.0, 0.0] [-0.665307, 0.0, 0.746569] [-7788.86, 206.652, 1674.2]]
		objLayer:i = 0
		props {

		}
	}
	bdt_t1_bomb_zone_09_aaa_point_03 {
		type:t = "Point"
		tm:m = [[0.746569, 0.0, 0.665307] [0.0, 1.0, 0.0] [-0.665307, 0.0, 0.746569] [-7629.61, 247.83, 2040.71]]
		objLayer:i = 0
		props {

		}
	}
	bdt_t1_bomb_zone_09_aaa_point_04 {
		type:t = "Point"
		tm:m = [[0.746569, 0.0, 0.665307] [0.0, 1.0, 0.0] [-0.665307, 0.0, 0.746569] [-7352.47, 209.371, 1383.7]]
		objLayer:i = 0
		props {

		}
	}
	bdt_t1_bomb_zone_10_aaa_point_01 {
		type:t = "Point"
		tm:m = [[0.569037, 0.0, 0.822313] [0.0, 1.0, 0.0] [-0.822313, 0.0, 0.569037] [-8433.32, 281.72, 3238.7]]
		objLayer:i = 0
		props {

		}
	}
	bdt_t1_bomb_zone_10_aaa_point_02 {
		type:t = "Point"
		tm:m = [[0.569037, 0.0, 0.822313] [0.0, 1.0, 0.0] [-0.822313, 0.0, 0.569037] [-9140.41, 278.53, 2750.09]]
		objLayer:i = 0
		props {

		}
	}
	bdt_t1_bomb_zone_10_aaa_point_03 {
		type:t = "Point"
		tm:m = [[0.569037, 0.0, 0.822313] [0.0, 1.0, 0.0] [-0.822313, 0.0, 0.569037] [-8329.02, 283.986, 2652.12]]
		objLayer:i = 0
		props {

		}
	}
	bdt_t1_bomb_zone_10_aaa_point_04 {
		type:t = "Point"
		tm:m = [[0.569037, 0.0, 0.822313] [0.0, 1.0, 0.0] [-0.822313, 0.0, 0.569037] [-8836.77, 281.839, 2478.35]]
		objLayer:i = 0
		props {

		}
	}
	bomb_zones_area_out {
		type:t = "Sphere"
		tm:m = [[2772.29, 0.0, -17785.2] [0.0, 18000.0, 0.0] [17785.2, 0.0, 2772.29] [-3776.0, 329.129, 10429.8]]
		objLayer:i = 3
		props {

		}
	}
	bomb_zones_area_in {
		type:t = "Sphere"
		tm:m = [[2156.24, 0.0, -13833.0] [0.0, 14000.0, 0.0] [13833.0, 0.0, 2156.24] [-3776.0, 329.128, 10429.8]]
		objLayer:i = 3
		props {

		}
	}
}
objLayers {
	layer {
		enabled:b = true
	}
	layer {
		enabled:b = true
	}
	layer {
		enabled:b = true
	}
	layer {
		enabled:b = false
	}
	layer {
		enabled:b = false
	}
}
wayPoints {

}