selected_tag:t = ""
bin_dump_file:t = ""
mission_settings {
	player {
		army:i = 1
		wing:t = "t1_player01"
		wing:t = "t1_player02"
		wing:t = "t1_player03"
		wing:t = "t1_player04"
		wing:t = "t1_player05"
		wing:t = "t1_player06"
		wing:t = "t1_player07"
		wing:t = "t1_player08"
		wing:t = "t1_player09"
		wing:t = "t1_player10"
		wing:t = "t1_player11"
		wing:t = "t1_player12"
		wing:t = "t1_player14"
		wing:t = "t1_player13"
		wing:t = "t1_player15"
		wing:t = "t1_player16"
	}
	player_teamB {
		army:i = 2
		wing:t = "t2_player01"
		wing:t = "t2_player02"
		wing:t = "t2_player03"
		wing:t = "t2_player04"
		wing:t = "t2_player05"
		wing:t = "t2_player06"
		wing:t = "t2_player07"
		wing:t = "t2_player08"
		wing:t = "t2_player09"
		wing:t = "t2_player10"
		wing:t = "t2_player11"
		wing:t = "t2_player12"
		wing:t = "t2_player13"
		wing:t = "t2_player14"
		wing:t = "t2_player15"
		wing:t = "t2_player16"
		wing:t = "t2_player17"
	}
	mission {
		level:t = "levels/avn_peleliu.bin"
		type:t = "domination"
		environment:t = "Day"
		weather:t = "hazy"
		locName:t = "missions/_NDom;peleliu/name;missions/naval_newbie"
		locDesc:t = "peleliu/desc;missions/_NDom/desc"
		scoreLimit:i = 20000
		timeLimit:i = 30
		deathPenaltyMul:r = 0.5
		ctaCaptureZoneEqualPenaltyMul:r = 0
		ctaCaptureZoneDiffPenaltyExp:r = 0.3
		randomSpawnTeams:b = true
		showTacticalMapCellSize:b = true
		country_axis:t = "germany"
		country_allies:t = "ussr"
		restoreType:t = "attempts"
		optionalTakeOff:b = true
		allowedUnitTypes {
			isAirplanesAllowed:b = true
			isTanksAllowed:b = false
			isShipsAllowed:b = true
			isHelicoptersAllowed:b = false
		}
	}
	spectator_points {

	}
	briefing {
		place_loc:t = ""
		date_loc:t = ""
		objective_loc:t = ""
		music:t = "action_01"
		part {
			event:t = ""
			minTime:i = 0
			slide {
				map:b = true
				minTime:i = 4
				picture:t = ""
				showAirMap:b = false
				icon {
					icontype:t = "ship"
					side:t = "enemy"
					target:t = "t2_briefing_spawnpoint_right"
				}
				icon {
					icontype:t = "ship"
					side:t = "ally"
					target:t = "t1_briefing_spawnpoint_right"
				}
				icon {
					icontype:t = "ship"
					side:t = "ally"
					target:t = "t1_briefing_spawnpoint_light"
				}
				icon {
					icontype:t = "ship"
					side:t = "enemy"
					target:t = "t2_briefing_spawnpoint_light"
				}
				icon {
					icontype:t = "basezone_A"
					side:t = "neutral"
					target:t = "briefing_capture01"
				}
				icon {
					icontype:t = "basezone_B"
					side:t = "neutral"
					target:t = "briefing_capture02"
				}
				icon {
					icontype:t = "basezone_C"
					side:t = "neutral"
					target:t = "briefing_capture03"
				}
				battleArea {
					target:t = "briefing_battle_area"
				}
			}
		}
	}
}
imports {
	import_record {
		file:t = "gameData/missions/cta/ships/peleliu/mainareas/peleliu_NDom_template.blk"
		importAreas:b = true
		importUnits:b = true
		importTriggers:b = true
		importMissionObjectives:b = true
		importWayPoints:b = true
		importDialogs:b = true
		showAreas:b = true
		showUnits:b = true
		showTriggers:b = true
		showMissionObjectives:b = true
		showWayPoints:b = true
		showDialogs:b = true
		excludes {

		}
	}
	import_record {
		file:t = "gameData/missions/cta/ships/peleliu/template_peleliu_air_spawn.blk"
		importAreas:b = true
		importUnits:b = true
		importTriggers:b = true
		importMissionObjectives:b = true
		importWayPoints:b = true
		importDialogs:b = true
		showAreas:b = true
		showUnits:b = true
		showTriggers:b = true
		showMissionObjectives:b = true
		showWayPoints:b = true
		showDialogs:b = true
		excludes {

		}
	}
	import_record {
		file:t = "gameData/missions/templates/navy_templates/ndom_template.blk"
		importAreas:b = true
		importUnits:b = true
		importTriggers:b = true
		importMissionObjectives:b = true
		importWayPoints:b = true
		importDialogs:b = true
		showAreas:b = true
		showUnits:b = true
		showTriggers:b = true
		showMissionObjectives:b = true
		showWayPoints:b = true
		showDialogs:b = true
		excludes {

		}
	}
	import_record {
		file:t = "gameData/missions/templates/navy_templates/ship_base_logic.blk"
		importAreas:b = true
		importUnits:b = true
		importTriggers:b = true
		importMissionObjectives:b = true
		importWayPoints:b = true
		importDialogs:b = true
		showAreas:b = true
		showUnits:b = true
		showTriggers:b = true
		showMissionObjectives:b = true
		showWayPoints:b = true
		showDialogs:b = true
		excludes {

		}
	}
}
triggers {
	isCategory:b = true
	is_enabled:b = true
}
mission_objectives {
	isCategory:b = true
	is_enabled:b = true
}
variables {

}
dialogs {

}
airfields {

}
effects {

}
units {
	ships {
		name:t = "t1_player01"
		tm:m = [[-0.602467, 0.0, 0.798144] [0.0, 1.0, 0.0] [-0.798144, 0.0, -0.602467] [2828.1, -57.75, -1589.7]]
		unit_class:t = "jp_cruiser_furutaka"
		objLayer:i = 1
		closed_waypoints:b = false
		isShipSpline:b = false
		shipTurnRadius:r = 100
		weapons:t = ""
		bullets0:t = ""
		bullets1:t = ""
		bullets2:t = ""
		bullets3:t = ""
		bulletsCount0:i = 0
		bulletsCount1:i = 0
		bulletsCount2:i = 0
		bulletsCount3:i = 0
		crewSkillK:r = 0
		applyAllMods:b = false
		props {
			army:i = 2
			count:i = 1
			formation_type:t = "rows"
			formation_div:i = 3
			formation_step:p2 = 2.5, 2
			formation_noise:p2 = 0.1, 0.1
			uniqueName:t = ""
			attack_type:t = "fire_at_will"
		}
		way {

		}
	}
}
areas {
	t1_briefing_spawnpoint_light {
		type:t = "Point"
		tm:m = [[0.890506, 0.0, -0.454972] [0.0, 1.0, 0.0] [0.454972, 0.0, 0.890506] [-1644.25, 0.0, 1166.59]]
		objLayer:i = 3
		props {

		}
	}
	t2_briefing_spawnpoint_light {
		type:t = "Point"
		tm:m = [[0.890506, 0.0, -0.454972] [0.0, 1.0, 0.0] [0.454972, 0.0, 0.890506] [1809.05, 0.0, 1205.57]]
		objLayer:i = 3
		props {

		}
	}
	briefing_capture03 {
		type:t = "Point"
		tm:m = [[0.890506, 0.0, -0.454972] [0.0, 1.0, 0.0] [0.454972, 0.0, 0.890506] [303.1, 0.0, -2587.03]]
		objLayer:i = 0
		props {

		}
	}
	briefing_capture01 {
		type:t = "Point"
		tm:m = [[0.890506, 0.0, -0.454972] [0.0, 1.0, 0.0] [0.454972, 0.0, 0.890506] [303.1, 0.0, 1439.6]]
		objLayer:i = 0
		props {

		}
	}
	briefing_capture02 {
		type:t = "Point"
		tm:m = [[0.890506, 0.0, -0.454972] [0.0, 1.0, 0.0] [0.454972, 0.0, 0.890506] [315.0, 0.0, -160.798]]
		objLayer:i = 0
		props {

		}
	}
	t1_briefing_spawnpoint_right {
		type:t = "Point"
		tm:m = [[0.890506, 0.0, -0.454972] [0.0, 1.0, 0.0] [0.454972, 0.0, 0.890506] [-2391.9, 0.0, -2433.95]]
		objLayer:i = 3
		props {

		}
	}
	t2_briefing_spawnpoint_right {
		type:t = "Point"
		tm:m = [[0.890506, 0.0, -0.454972] [0.0, 1.0, 0.0] [0.454972, 0.0, 0.890506] [2841.1, 0.0, -2273.22]]
		objLayer:i = 3
		props {

		}
	}
	briefing_battle_area {
		type:t = "Box"
		tm:m = [[6500.0, 0.0, 0.0] [0.0, 983.2, 0.0] [0.0, 0.0, 6500.0] [303.062, 0.00244141, -990.5]]
		objLayer:i = 0
		props {

		}
	}
}
objLayers {
	layer {
		enabled:b = true
	}
	layer {
		enabled:b = true
	}
	layer {
		enabled:b = true
	}
	layer {
		enabled:b = true
	}
}
wayPoints {

}