selected_tag:t = ""
bin_dump_file:t = ""
mission_settings {
	player {
		army:i = 1
		wing:t = "player_tank01"
		wing:t = "player_tank02"
		wing:t = "player_tank03"
		wing:t = "player_tank04"
		wing:t = "player_tank05"
		wing:t = "player_tank06"
		wing:t = "player_tank07"
		wing:t = "player_tank08"
		wing:t = "player_tank09"
	}
	player_teamB {
		army:i = 2
	}
	mission {
		level:t = "levels/avg_mozdok.bin"
		type:t = "domination"
		environment:t = "Day"
		weather:t = "hazy"
		nameKillStreaks:t = "killStreaks_survival_event_aircraftOrHelicopter"
		gt_mp_tickets:b = true
		gt_mp_capture:b = true
		gt_reload_explosives:b = false
		timeLimit:i = 60
		deathPenaltyMul:r = 0
		ctaCaptureZoneEqualPenaltyMul:r = 0
		useAlternativeMapCoord:b = false
		remapAiTankModels:b = false
		allowEmptyTeams:b = true
		country_axis:t = "germany"
		country_allies:t = "ussr"
		restoreType:t = "attempts"
		optionalTakeOff:b = false
	}
	spectator_points {

	}
}
imports {

}
triggers {
	isCategory:b = true
	is_enabled:b = true
}
mission_objectives {
	isCategory:b = true
	is_enabled:b = true
}
variables {

}
dialogs {

}
airfields {

}
effects {

}
units {
	objectGroups {
		name:t = "trench01"
		tm:m = [[-0.996736, 0.0, 0.0807265] [0.0, 1.0, 0.0] [-0.0807265, 0.0, -0.996736] [2523.98, 633.832, 3272.22]]
		unit_class:t = "rendinst_fortification_sand_trench_onground_a"
		objLayer:i = 2
		props {
			army:i = 1
			active:b = true
		}
	}
	objectGroups {
		name:t = "trench02"
		tm:m = [[0.765704, 0.0, 0.643193] [0.0, 1.0, 0.0] [-0.643193, 0.0, 0.765704] [2331.56, 633.832, 3160.24]]
		unit_class:t = "rendinst_fortification_sand_trench_onground_a"
		objLayer:i = 2
		props {
			army:i = 1
			active:b = true
		}
	}
	objectGroups {
		name:t = "trench03"
		tm:m = [[0.759197, 0.0, -0.650861] [0.0, 1.0, 0.0] [0.650861, 0.0, 0.759197] [2307.94, 633.832, 3261.28]]
		unit_class:t = "rendinst_fortification_sand_trench_onground_a"
		objLayer:i = 2
		props {
			army:i = 1
			active:b = true
		}
	}
	objectGroups {
		name:t = "trench04"
		tm:m = [[0.0435022, 0.0, 0.999053] [0.0, 1.0, 0.0] [-0.999053, 0.0, 0.0435022] [2426.12, 633.832, 3128.42]]
		unit_class:t = "rendinst_fortification_sand_trench_onground_a"
		objLayer:i = 2
		props {
			army:i = 1
			active:b = true
		}
	}
	objectGroups {
		name:t = "trench05"
		tm:m = [[-0.944362, 0.0, 0.328908] [0.0, 1.0, 0.0] [-0.328908, 0.0, -0.944362] [2530.55, 634.879, 3181.38]]
		unit_class:t = "rendinst_fortification_sand_trench_onground_a"
		objLayer:i = 2
		props {
			army:i = 1
			active:b = true
		}
	}
	objectGroups {
		name:t = "rock_01"
		tm:m = [[0.251763, -0.963525, -0.0907454] [0.479444, 0.0427236, 0.876532] [-0.840683, -0.264186, 0.472713] [2535.85, 633.5, 3303.15]]
		unit_class:t = "det_tunisia_stone_big_e"
		objLayer:i = 2
		props {
			army:i = 2
			active:b = true
		}
	}
	objectGroups {
		name:t = "rock_02"
		tm:m = [[0.975414, -0.188661, -0.113903] [0.173952, 0.341785, 0.923539] [-0.135305, -0.920647, 0.3662] [2546.35, 631.25, 3221.35]]
		unit_class:t = "det_tunisia_stone_big_e"
		objLayer:i = 2
		props {
			army:i = 2
			active:b = true
		}
	}
	objectGroups {
		name:t = "rock_03"
		tm:m = [[0.501572, -0.101179, -0.859179] [-0.726295, 0.490329, -0.481739] [0.470022, 0.865644, 0.172449] [2510.85, 632.4, 3145.95]]
		unit_class:t = "det_tunisia_stone_big_e"
		objLayer:i = 2
		props {
			army:i = 2
			active:b = true
		}
	}
	objectGroups {
		name:t = "rock_04"
		tm:m = [[0.367899, -0.733102, -0.572024] [-0.92956, -0.274189, -0.246452] [0.0238315, 0.6224, -0.782336] [2457.75, 631.6, 3121.6]]
		unit_class:t = "det_tunisia_stone_big_e"
		objLayer:i = 2
		props {
			army:i = 2
			active:b = true
		}
	}
	objectGroups {
		name:t = "rock_05"
		tm:m = [[-0.792902, 0.209987, -0.572024] [0.410323, 0.878007, -0.246452] [0.45049, -0.430127, -0.782336] [2449.2, 628.45, 3117.25]]
		unit_class:t = "det_tunisia_stone_big_e"
		objLayer:i = 2
		props {
			army:i = 2
			active:b = true
		}
	}
	objectGroups {
		name:t = "rock_06"
		tm:m = [[-0.792902, 0.209987, -0.572024] [0.410323, 0.878007, -0.246452] [0.45049, -0.430127, -0.782336] [2374.0, 622.75, 3135.95]]
		unit_class:t = "det_tunisia_stone_big_e"
		objLayer:i = 2
		props {
			army:i = 2
			active:b = true
		}
	}
	objectGroups {
		name:t = "rock_07"
		tm:m = [[0.619335, -0.537785, -0.572024] [-0.755126, -0.607492, -0.246452] [-0.214962, 0.584586, -0.782336] [2363.4, 627.7, 3139.7]]
		unit_class:t = "det_tunisia_stone_big_e"
		objLayer:i = 2
		props {
			army:i = 2
			active:b = true
		}
	}
	objectGroups {
		name:t = "rock_08"
		tm:m = [[0.524081, 0.142612, -0.839643] [0.817101, -0.36222, 0.448489] [-0.240176, -0.921118, -0.306361] [2500.3, 627.7, 3138.55]]
		unit_class:t = "det_tunisia_stone_big_e"
		objLayer:i = 2
		props {
			army:i = 2
			active:b = true
		}
	}
	objectGroups {
		name:t = "rock_09"
		tm:m = [[-0.18394, -0.761543, -0.621465] [0.723196, 0.323344, -0.610276] [0.665698, -0.561695, 0.491269] [2540.75, 628.5, 3239.85]]
		unit_class:t = "det_tunisia_stone_big_e"
		objLayer:i = 2
		props {
			army:i = 2
			active:b = true
		}
	}
	objectGroups {
		name:t = "rock_10"
		tm:m = [[-0.887935, -0.342827, 0.306661] [0.0985233, -0.79298, -0.601228] [0.449293, -0.503638, 0.737892] [2543.22, 630.791, 3316.85]]
		unit_class:t = "det_tunisia_stone_big_e"
		objLayer:i = 2
		props {
			army:i = 2
			active:b = true
		}
	}
	objectGroups {
		name:t = "rock_12"
		tm:m = [[0.324641, -0.753257, -0.572024] [-0.943933, -0.219664, -0.246452] [0.059988, 0.61996, -0.782336] [2383.95, 644.75, 3564.75]]
		unit_class:t = "det_tunisia_stone_big_e"
		objLayer:i = 2
		props {
			army:i = 2
			active:b = true
		}
	}
	objectGroups {
		name:t = "rock_16"
		tm:m = [[-0.450116, -0.833027, -0.321654] [0.707882, -0.55244, 0.440129] [-0.544334, -0.0295842, 0.838347] [2347.34, 628.919, 3321.77]]
		unit_class:t = "det_tunisia_stone_big_e"
		objLayer:i = 2
		props {
			army:i = 2
			active:b = true
		}
	}
	objectGroups {
		name:t = "rock_17"
		tm:m = [[0.65468, 0.323115, -0.683367] [-0.644001, -0.234946, -0.728054] [-0.3958, 0.916732, 0.0542718] [2355.97, 630.779, 3336.14]]
		unit_class:t = "det_tunisia_stone_big_e"
		objLayer:i = 2
		props {
			army:i = 2
			active:b = true
		}
	}
	objectGroups {
		name:t = "rock_18"
		tm:m = [[0.104967, 0.531346, -0.840627] [0.993763, -0.0880307, 0.0684471] [-0.0376312, -0.842568, -0.537272] [2368.25, 633.15, 3340.6]]
		unit_class:t = "det_tunisia_stone_big_e"
		objLayer:i = 2
		props {
			army:i = 2
			active:b = true
		}
	}
	objectGroups {
		name:t = "rock_19"
		tm:m = [[0.841019, 0.539356, 0.0422054] [-0.0598955, 0.0152931, 0.998088] [0.537679, -0.841939, 0.0451668] [2366.06, 630.034, 3374.52]]
		unit_class:t = "det_tunisia_stone_big_e"
		objLayer:i = 2
		props {
			army:i = 2
			active:b = true
		}
	}
	objectGroups {
		name:t = "rock_20"
		tm:m = [[-0.383184, 0.539356, -0.749843] [0.894778, 0.0152931, -0.446248] [-0.229219, -0.841939, -0.488464] [2398.95, 627.65, 3255.75]]
		unit_class:t = "det_tunisia_stone_big_e"
		objLayer:i = 2
		props {
			army:i = 2
			active:b = true
		}
	}
	objectGroups {
		name:t = "rock_21"
		tm:m = [[-0.724279, -0.660578, -0.197628] [-0.644289, 0.546297, 0.535212] [-0.245586, 0.514972, -0.821274] [2388.45, 626.6, 3259.6]]
		unit_class:t = "det_tunisia_stone_big_e"
		objLayer:i = 2
		props {
			army:i = 2
			active:b = true
		}
	}
	objectGroups {
		name:t = "helipad"
		tm:m = [[0.0852075, 0.0, -0.996363] [0.0, 1.0, 0.0] [0.996363, 0.0, 0.0852075] [2620.45, 630.871, 750.9]]
		unit_class:t = "dynHelipad_beton_a_usa"
		objLayer:i = 2
		props {
			army:i = 1
			active:b = true
		}
	}
	area_squad {
		name:t = "spaa_spawn_squad"
		tm:m = [[1.0, 0.0, 0.0] [0.0, 1.0, 0.0] [0.0, 0.0, 1.0] [598.7, 302.55, 531.25]]
		props {
			squad_members:t = "spaa_spawn_01"
			squad_members:t = "spaa_spawn_02"
			squad_members:t = "spaa_spawn_03"
		}
	}
	area_squad {
		name:t = "noobject_box_squad"
		tm:m = [[1.0, 0.0, 0.0] [0.0, 1.0, 0.0] [0.0, 0.0, 1.0] [2759.1, 649.45, 3167.4]]
		props {
			squad_members:t = "noobject_box09"
			squad_members:t = "noobject_box12"
			squad_members:t = "noobject_box16"
			squad_members:t = "noobject_box28"
			squad_members:t = "noobject_box36"
			squad_members:t = "noobject_box39"
			squad_members:t = "noobject_box42"
			squad_members:t = "noobject_box45"
			squad_members:t = "noobject_box48"
			squad_members:t = "noobject_box53"
			squad_members:t = "noobject_box54"
			squad_members:t = "noobject_box58"
			squad_members:t = "noobject_box47"
			squad_members:t = "noobject_box52"
			squad_members:t = "noobject_box61"
			squad_members:t = "noobject_box64"
			squad_members:t = "noobject_box67"
			squad_members:t = "noobject_box70"
			squad_members:t = "noobject_box73"
			squad_members:t = "noobject_box41"
			squad_members:t = "noobject_box59"
			squad_members:t = "noobject_box66"
			squad_members:t = "noobject_box75"
			squad_members:t = "noobject_box78"
			squad_members:t = "noobject_box81"
			squad_members:t = "noobject_box84"
			squad_members:t = "noobject_box77"
			squad_members:t = "noobject_box86"
			squad_members:t = "noobject_box89"
			squad_members:t = "noobject_box92"
			squad_members:t = "noobject_box95"
		}
	}
}
areas {
	briefing_enemy_01 {
		type:t = "Point"
		tm:m = [[1.0, 0.0, 0.0] [0.0, 1.0, 0.0] [0.0, 0.0, 1.0] [3151.81, 680.4, 2835.24]]
		objLayer:i = 0
		props {

		}
	}
	briefing_enemy_02 {
		type:t = "Point"
		tm:m = [[1.0, 0.0, 0.0] [0.0, 1.0, 0.0] [0.0, 0.0, 1.0] [3148.29, 738.802, 3583.84]]
		objLayer:i = 0
		props {

		}
	}
	briefing_enemy_03 {
		type:t = "Point"
		tm:m = [[1.0, 0.0, 0.0] [0.0, 1.0, 0.0] [0.0, 0.0, 1.0] [1660.61, 635.294, 3632.72]]
		objLayer:i = 0
		props {

		}
	}
	briefing_enemy_04 {
		type:t = "Point"
		tm:m = [[0.266765, 0.0, -0.963762] [0.0, 1.0, 0.0] [0.963762, 0.0, 0.266765] [1939.21, 655.076, 3960.01]]
		objLayer:i = 0
		props {

		}
	}
	briefing_enemy_05 {
		type:t = "Point"
		tm:m = [[1.0, 0.0, 0.0] [0.0, 1.0, 0.0] [0.0, 0.0, 1.0] [1704.21, 630.888, 2815.08]]
		objLayer:i = 0
		props {

		}
	}
	briefing_enemy_06 {
		type:t = "Point"
		tm:m = [[1.0, 0.0, 0.0] [0.0, 1.0, 0.0] [0.0, 0.0, 1.0] [2062.79, 635.294, 2444.93]]
		objLayer:i = 0
		props {

		}
	}
	briefing_enemy_07 {
		type:t = "Point"
		tm:m = [[1.0, 0.0, 0.0] [0.0, 1.0, 0.0] [0.0, 0.0, 1.0] [2871.73, 675.1, 2556.15]]
		objLayer:i = 0
		props {

		}
	}
	briefing_ally_base {
		type:t = "Point"
		tm:m = [[1.0, 0.0, 0.0] [0.0, 1.0, 0.0] [0.0, 0.0, 1.0] [2425.65, 631.54, 3210.7]]
		objLayer:i = 0
		props {

		}
	}
	direction_respawn01 {
		type:t = "Sphere"
		tm:m = [[20.7737, 0.0, -97.8186] [0.0, 100.0, 0.0] [97.8186, 0.0, 20.7737] [2070.46, 649.117, 3883.92]]
		objLayer:i = 0
		props {

		}
	}
	direction_respawn06 {
		type:t = "Sphere"
		tm:m = [[83.2742, 0.0, 55.3661] [0.0, 100.0, 0.0] [-55.3661, 0.0, 83.2742] [1692.91, 630.875, 2952.21]]
		objLayer:i = 0
		props {

		}
	}
	direction_respawn05 {
		type:t = "Sphere"
		tm:m = [[0.520508, 0.0, 99.9987] [0.0, 100.0, 0.0] [-99.9987, 0.0, 0.520508] [2172.38, 631.264, 2553.28]]
		objLayer:i = 0
		props {

		}
	}
	direction_respawn04 {
		type:t = "Sphere"
		tm:m = [[-20.4909, 0.0, 97.8781] [0.0, 100.0, 0.0] [-97.8781, 0.0, -20.4909] [2844.63, 671.75, 2680.92]]
		objLayer:i = 0
		props {

		}
	}
	direction_respawn03 {
		type:t = "Sphere"
		tm:m = [[-53.454, 0.0, 84.5143] [0.0, 100.0, 0.0] [-84.5143, 0.0, -53.454] [3017.7, 678.75, 2821.97]]
		objLayer:i = 0
		props {

		}
	}
	direction_respawn07 {
		type:t = "Sphere"
		tm:m = [[85.3488, 0.0, -52.1114] [0.0, 100.0, 0.0] [52.1114, 0.0, 85.3488] [1736.67, 632.463, 3587.98]]
		objLayer:i = 0
		props {

		}
	}
	safe_zone {
		type:t = "Box"
		tm:m = [[-400.0, 0.0, 0.0] [0.0, 36.9, 0.0] [0.0, 0.0, -400.0] [2453.64, 628.301, 3206.84]]
		objLayer:i = 4
		props {

		}
	}
	draw_safezone_01 {
		type:t = "Point"
		tm:m = [[1.0, 0.0, 0.0] [0.0, 1.0, 0.0] [0.0, 0.0, 1.0] [2653.64, 633.394, 3006.61]]
		objLayer:i = 0
		props {

		}
	}
	draw_safezone_02 {
		type:t = "Point"
		tm:m = [[1.0, 0.0, 0.0] [0.0, 1.0, 0.0] [0.0, 0.0, 1.0] [2653.64, 633.394, 3406.61]]
		objLayer:i = 0
		props {

		}
	}
	draw_safezone_03 {
		type:t = "Point"
		tm:m = [[0.997896, 0.0, 0.0648374] [0.0, 1.0, 0.0] [-0.0648374, 0.0, 0.997896] [2253.55, 648.7, 3406.96]]
		objLayer:i = 0
		props {

		}
	}
	draw_safezone_04 {
		type:t = "Point"
		tm:m = [[1.0, 0.0, 0.0] [0.0, 1.0, 0.0] [0.0, 0.0, 1.0] [2253.64, 633.394, 3006.61]]
		objLayer:i = 0
		props {

		}
	}
	area_10 {
		type:t = "Sphere"
		tm:m = [[1400.0, 0.0, 0.0] [0.0, 1400.0, 0.0] [0.0, 0.0, 1400.0] [2430.4, 690.95, 3221.05]]
		objLayer:i = 4
		props {

		}
	}
	direction_respawn02 {
		type:t = "Sphere"
		tm:m = [[-81.2704, 0.0, -58.2677] [0.0, 100.0, 0.0] [58.2677, 0.0, -81.2704] [3160.11, 733.14, 3574.62]]
		objLayer:i = 0
		props {

		}
	}
	noobject_box09 {
		type:t = "Box"
		tm:m = [[100.0, 0.0, 0.0] [0.0, 61.05, 0.0] [0.0, 0.0, 100.0] [1903.72, 627.132, 3067.69]]
		objLayer:i = 0
		props {

		}
	}
	noobject_box12 {
		type:t = "Box"
		tm:m = [[100.0, 0.0, 0.0] [0.0, 61.05, 0.0] [0.0, 0.0, 100.0] [1898.93, 631.563, 3227.89]]
		objLayer:i = 0
		props {

		}
	}
	enemy_airspawn {
		type:t = "Sphere"
		tm:m = [[600.0, 0.0, 0.0] [0.0, 600.0, 0.0] [0.0, 0.0, 600.0] [-1588.86, 1626.29, 3227.22]]
		objLayer:i = 4
		props {

		}
	}
	area_11 {
		type:t = "Sphere"
		tm:m = [[8000.0, 0.0, 0.0] [0.0, 8000.0, 0.0] [0.0, 0.0, 8000.0] [2409.45, 1626.29, 3227.33]]
		objLayer:i = 4
		props {

		}
	}
	enemy_safepoint {
		type:t = "Point"
		tm:m = [[1.0, 0.0, 0.0] [0.0, 1.0, 0.0] [0.0, 0.0, 1.0] [-14558.7, 2126.29, 4204.82]]
		objLayer:i = 4
		props {

		}
	}
	noobject_box16 {
		type:t = "Box"
		tm:m = [[100.0, 0.0, 0.0] [0.0, 61.05, 0.0] [0.0, 0.0, 100.0] [2258.59, 628.604, 2478.54]]
		objLayer:i = 0
		props {

		}
	}
	noobject_box28 {
		type:t = "Box"
		tm:m = [[100.0, 0.0, 0.0] [0.0, 61.05, 0.0] [0.0, 0.0, 100.0] [2159.02, 622.907, 3365.97]]
		objLayer:i = 0
		props {

		}
	}
	noobject_box36 {
		type:t = "Box"
		tm:m = [[100.0, 0.0, 0.0] [0.0, 61.05, 0.0] [0.0, 0.0, 100.0] [2083.78, 627.132, 3040.26]]
		objLayer:i = 0
		props {

		}
	}
	noobject_box39 {
		type:t = "Box"
		tm:m = [[100.0, 0.0, 0.0] [0.0, 61.05, 0.0] [0.0, 0.0, 100.0] [2173.42, 627.132, 3070.45]]
		objLayer:i = 0
		props {

		}
	}
	noobject_box42 {
		type:t = "Box"
		tm:m = [[100.0, 0.0, 0.0] [0.0, 61.05, 0.0] [0.0, 0.0, 100.0] [2921.2, 664.096, 3045.55]]
		objLayer:i = 0
		props {

		}
	}
	noobject_box45 {
		type:t = "Box"
		tm:m = [[100.0, 0.0, 0.0] [0.0, 61.05, 0.0] [0.0, 0.0, 100.0] [2312.62, 627.132, 3103.23]]
		objLayer:i = 0
		props {

		}
	}
	noobject_box48 {
		type:t = "Box"
		tm:m = [[100.0, 0.0, 0.0] [0.0, 61.05, 0.0] [0.0, 0.0, 100.0] [2233.45, 627.132, 3219.98]]
		objLayer:i = 0
		props {

		}
	}
	noobject_box53 {
		type:t = "Box"
		tm:m = [[100.0, 0.0, 0.0] [0.0, 61.05, 0.0] [0.0, 0.0, 100.0] [2019.04, 628.604, 3429.7]]
		objLayer:i = 0
		props {

		}
	}
	noobject_box54 {
		type:t = "Box"
		tm:m = [[83.317, 0.0, 55.3017] [0.0, 61.05, 0.0] [-55.3017, 0.0, 83.317] [2015.93, 630.822, 3282.46]]
		objLayer:i = 0
		props {

		}
	}
	noobject_box58 {
		type:t = "Box"
		tm:m = [[83.317, 0.0, 55.3017] [0.0, 61.05, 0.0] [-55.3017, 0.0, 83.317] [1840.56, 629.475, 3348.58]]
		objLayer:i = 0
		props {

		}
	}
	battlearea {
		type:t = "Box"
		tm:m = [[-1800.0, 0.0, 0.0] [0.0, 385.169, 0.0] [0.0, 0.0, -1800.0] [2429.96, 634.305, 3222.44]]
		objLayer:i = 4
		props {

		}
	}
	noobject_box47 {
		type:t = "Box"
		tm:m = [[100.0, 0.0, 0.0] [0.0, 61.05, 0.0] [0.0, 0.0, 100.0] [2996.5, 664.096, 3050.22]]
		objLayer:i = 0
		props {

		}
	}
	noobject_box52 {
		type:t = "Box"
		tm:m = [[100.0, 0.0, 0.0] [0.0, 61.05, 0.0] [0.0, 0.0, 100.0] [2999.02, 664.096, 2978.92]]
		objLayer:i = 0
		props {

		}
	}
	noobject_box61 {
		type:t = "Box"
		tm:m = [[100.0, 0.0, 0.0] [0.0, 61.05, 0.0] [0.0, 0.0, 100.0] [3071.84, 664.096, 2869.16]]
		objLayer:i = 0
		props {

		}
	}
	noobject_box64 {
		type:t = "Box"
		tm:m = [[100.0, 0.0, 0.0] [0.0, 61.05, 0.0] [0.0, 0.0, 100.0] [2976.62, 664.096, 2774.28]]
		objLayer:i = 0
		props {

		}
	}
	noobject_box67 {
		type:t = "Box"
		tm:m = [[100.0, 0.0, 0.0] [0.0, 61.05, 0.0] [0.0, 0.0, 100.0] [2845.7, 664.096, 2694.69]]
		objLayer:i = 0
		props {

		}
	}
	noobject_box70 {
		type:t = "Box"
		tm:m = [[100.0, 0.0, 0.0] [0.0, 61.05, 0.0] [0.0, 0.0, 100.0] [2921.07, 664.096, 2676.54]]
		objLayer:i = 0
		props {

		}
	}
	noobject_box73 {
		type:t = "Box"
		tm:m = [[100.0, 0.0, 0.0] [0.0, 61.05, 0.0] [0.0, 0.0, 100.0] [2970.52, 664.096, 2618.04]]
		objLayer:i = 0
		props {

		}
	}
	noobject_box41 {
		type:t = "Box"
		tm:m = [[100.0, 0.0, 0.0] [0.0, 61.05, 0.0] [0.0, 0.0, 100.0] [2190.68, 627.132, 2894.39]]
		objLayer:i = 0
		props {

		}
	}
	noobject_box59 {
		type:t = "Box"
		tm:m = [[84.2873, 0.0, 53.8113] [0.0, 61.05, 0.0] [-53.8113, 0.0, 84.2873] [2686.63, 652.209, 2874.33]]
		objLayer:i = 0
		props {

		}
	}
	noobject_box66 {
		type:t = "Box"
		tm:m = [[84.4256, 0.0, 53.5941] [0.0, 61.05, 0.0] [-53.5941, 0.0, 84.4256] [3029.1, 708.606, 3599.72]]
		objLayer:i = 0
		props {

		}
	}
	noobject_box75 {
		type:t = "Box"
		tm:m = [[84.4256, 0.0, 53.5941] [0.0, 61.05, 0.0] [-53.5941, 0.0, 84.4256] [2965.26, 700.412, 3532.46]]
		objLayer:i = 0
		props {

		}
	}
	noobject_box78 {
		type:t = "Box"
		tm:m = [[84.4256, 0.0, 53.5941] [0.0, 61.05, 0.0] [-53.5941, 0.0, 84.4256] [2886.46, 695.954, 3479.97]]
		objLayer:i = 0
		props {

		}
	}
	noobject_box81 {
		type:t = "Box"
		tm:m = [[95.8477, 0.0, 28.5171] [0.0, 61.05, 0.0] [-28.5171, 0.0, 95.8477] [2685.97, 647.941, 3385.13]]
		objLayer:i = 0
		props {

		}
	}
	noobject_box84 {
		type:t = "Box"
		tm:m = [[99.6721, 0.0, 8.09201] [0.0, 61.05, 0.0] [-8.09201, 0.0, 99.6721] [2588.19, 639.164, 3364.39]]
		objLayer:i = 0
		props {

		}
	}
	noobject_box77 {
		type:t = "Box"
		tm:m = [[84.2873, 0.0, 53.8113] [0.0, 61.05, 0.0] [-53.8113, 0.0, 84.2873] [2740.63, 652.209, 2939.82]]
		objLayer:i = 0
		props {

		}
	}
	noobject_box86 {
		type:t = "Box"
		tm:m = [[84.2873, 0.0, 53.8113] [0.0, 61.05, 0.0] [-53.8113, 0.0, 84.2873] [2797.66, 652.209, 2867.27]]
		objLayer:i = 0
		props {

		}
	}
	noobject_box89 {
		type:t = "Box"
		tm:m = [[84.2873, 0.0, 53.8113] [0.0, 61.05, 0.0] [-53.8113, 0.0, 84.2873] [2860.85, 652.209, 2922.28]]
		objLayer:i = 0
		props {

		}
	}
	noobject_box92 {
		type:t = "Box"
		tm:m = [[84.2873, 0.0, 53.8113] [0.0, 61.05, 0.0] [-53.8113, 0.0, 84.2873] [2782.96, 652.209, 2974.92]]
		objLayer:i = 0
		props {

		}
	}
	noobject_box95 {
		type:t = "Box"
		tm:m = [[84.2873, 0.0, 53.8113] [0.0, 61.05, 0.0] [-53.8113, 0.0, 84.2873] [3045.51, 652.209, 2940.29]]
		objLayer:i = 0
		props {

		}
	}
	200m {
		type:t = "Box"
		tm:m = [[95.9931, 0.0, 175.458] [0.0, 61.05, 0.0] [-87.7289, 0.0, 47.9964] [2181.4, 652.2, 3691.6]]
		objLayer:i = 0
		props {

		}
	}
	spaa_spawn_01 {
		type:t = "Sphere"
		tm:m = [[20.7737, 0.0, -97.8186] [0.0, 100.0, 0.0] [97.8186, 0.0, 20.7737] [2117.6, 676.537, 4494.15]]
		objLayer:i = 0
		props {

		}
	}
	spaa_spawn_02 {
		type:t = "Sphere"
		tm:m = [[-44.5692, 0.0, -89.5188] [0.0, 100.0, 0.0] [89.5188, 0.0, -44.5692] [3314.45, 741.791, 4140.6]]
		objLayer:i = 0
		props {

		}
	}
	spaa_spawn_03 {
		type:t = "Sphere"
		tm:m = [[47.6236, 0.0, -87.9319] [0.0, 100.0, 0.0] [87.9319, 0.0, 47.6236] [965.15, 636.474, 4197.9]]
		objLayer:i = 0
		props {

		}
	}
}
objLayers {
	layer {
		enabled:b = true
	}
	layer {
		enabled:b = true
	}
	layer {
		enabled:b = true
	}
	layer {
		enabled:b = true
	}
	layer {
		enabled:b = true
	}
}
wayPoints {
	direction01 {
		closed_waypoints:b = false
		isShipSpline:b = false
		shipTurnRadius:r = 100
		way {
			way_points_01_wp_01 {
				type:t = "normal"
				tm:m = [[1.0, 0.0, 0.0] [0.0, 1.0, 0.0] [0.0, 0.0, 1.0] [2094.41, 644.747, 3755.74]]
				props {
					speed:r = 25
					moveType:t = "MOVETO_STRAIGHT"
					tas:b = false
					shouldKeepFormation:b = false
					canUsePathFinder:b = false
				}
			}
			way_points_01_wp_03 {
				type:t = "normal"
				tm:m = [[1.0, 0.0, 0.0] [0.0, 1.0, 0.0] [0.0, 0.0, 1.0] [2091.2, 645.15, 3587.15]]
				props {
					speed:r = 25
					moveType:t = "MOVETO_STRAIGHT"
					tas:b = false
					shouldKeepFormation:b = false
					canUsePathFinder:b = false
				}
			}
			way_points_01_wp_04 {
				type:t = "normal"
				tm:m = [[1.0, 0.0, 0.0] [0.0, 1.0, 0.0] [0.0, 0.0, 1.0] [2119.35, 645.0, 3431.65]]
				props {
					speed:r = 25
					moveType:t = "MOVETO_STRAIGHT"
					tas:b = false
					shouldKeepFormation:b = false
					canUsePathFinder:b = false
				}
			}
			way_points_01_wp_05 {
				type:t = "normal"
				tm:m = [[1.0, 0.0, 0.0] [0.0, 1.0, 0.0] [0.0, 0.0, 1.0] [2175.1, 643.7, 3355.7]]
				props {
					speed:r = 25
					moveType:t = "MOVETO_STRAIGHT"
					tas:b = false
					shouldKeepFormation:b = false
					canUsePathFinder:b = false
				}
			}
			way_points_01_wp_07 {
				type:t = "normal"
				tm:m = [[1.0, 0.0, 0.0] [0.0, 1.0, 0.0] [0.0, 0.0, 1.0] [2294.0, 644.2, 3301.65]]
				props {
					speed:r = 25
					moveType:t = "MOVETO_STRAIGHT"
					tas:b = false
					shouldKeepFormation:b = false
					canUsePathFinder:b = false
				}
			}
		}
	}
	direction02 {
		closed_waypoints:b = false
		isShipSpline:b = false
		shipTurnRadius:r = 100
		way {
			way_points_01_wp_17 {
				type:t = "normal"
				tm:m = [[1.0, 0.0, 0.0] [0.0, 1.0, 0.0] [0.0, 0.0, 1.0] [3072.58, 720.521, 3505.86]]
				props {
					speed:r = 25
					moveType:t = "MOVETO_STRAIGHT"
					tas:b = false
					shouldKeepFormation:b = false
					canUsePathFinder:b = false
				}
			}
			way_points_01_wp_18 {
				type:t = "normal"
				tm:m = [[1.0, 0.0, 0.0] [0.0, 1.0, 0.0] [0.0, 0.0, 1.0] [3004.18, 707.43, 3449.07]]
				props {
					speed:r = 25
					moveType:t = "MOVETO_STRAIGHT"
					tas:b = false
					shouldKeepFormation:b = false
					canUsePathFinder:b = false
				}
			}
			way_points_01_wp_19 {
				type:t = "normal"
				tm:m = [[1.0, 0.0, 0.0] [0.0, 1.0, 0.0] [0.0, 0.0, 1.0] [2883.21, 688.162, 3367.86]]
				props {
					speed:r = 25
					moveType:t = "MOVETO_STRAIGHT"
					tas:b = false
					shouldKeepFormation:b = false
					canUsePathFinder:b = false
				}
			}
			way_points_01_wp_20 {
				type:t = "normal"
				tm:m = [[1.0, 0.0, 0.0] [0.0, 1.0, 0.0] [0.0, 0.0, 1.0] [2799.74, 671.286, 3293.09]]
				props {
					speed:r = 25
					moveType:t = "MOVETO_STRAIGHT"
					tas:b = false
					shouldKeepFormation:b = false
					canUsePathFinder:b = false
				}
			}
			way_points_01_wp_21 {
				type:t = "normal"
				tm:m = [[1.0, 0.0, 0.0] [0.0, 1.0, 0.0] [0.0, 0.0, 1.0] [2691.91, 654.043, 3229.29]]
				props {
					speed:r = 25
					moveType:t = "MOVETO_STRAIGHT"
					tas:b = false
					shouldKeepFormation:b = false
					canUsePathFinder:b = false
				}
			}
			way_points_01_wp_22 {
				type:t = "normal"
				tm:m = [[1.0, 0.0, 0.0] [0.0, 1.0, 0.0] [0.0, 0.0, 1.0] [2596.01, 639.879, 3204.83]]
				props {
					speed:r = 25
					moveType:t = "MOVETO_STRAIGHT"
					tas:b = false
					shouldKeepFormation:b = false
					canUsePathFinder:b = false
				}
			}
		}
	}
	direction03 {
		closed_waypoints:b = false
		isShipSpline:b = false
		shipTurnRadius:r = 100
		way {
			way_points_02_wp_01 {
				type:t = "normal"
				tm:m = [[1.0, 0.0, 0.0] [0.0, 1.0, 0.0] [0.0, 0.0, 1.0] [2974.71, 679.8, 2906.64]]
				props {
					speed:r = 25
					moveType:t = "MOVETO_STRAIGHT"
					tas:b = false
					shouldKeepFormation:b = false
					canUsePathFinder:b = false
				}
			}
			way_points_02_wp_05 {
				type:t = "normal"
				tm:m = [[1.0, 0.0, 0.0] [0.0, 1.0, 0.0] [0.0, 0.0, 1.0] [2933.09, 681.759, 2995.64]]
				props {
					speed:r = 25
					moveType:t = "MOVETO_STRAIGHT"
					tas:b = false
					shouldKeepFormation:b = false
					canUsePathFinder:b = false
				}
			}
			way_points_02_wp_06 {
				type:t = "normal"
				tm:m = [[1.0, 0.0, 0.0] [0.0, 1.0, 0.0] [0.0, 0.0, 1.0] [2870.55, 663.406, 3074.82]]
				props {
					speed:r = 25
					moveType:t = "MOVETO_STRAIGHT"
					tas:b = false
					shouldKeepFormation:b = false
					canUsePathFinder:b = false
				}
			}
			way_points_02_wp_07 {
				type:t = "normal"
				tm:m = [[1.0, 0.0, 0.0] [0.0, 1.0, 0.0] [0.0, 0.0, 1.0] [2815.75, 655.6, 3105.65]]
				props {
					speed:r = 25
					moveType:t = "MOVETO_STRAIGHT"
					tas:b = false
					shouldKeepFormation:b = false
					canUsePathFinder:b = false
				}
			}
			way_points_02_wp_08 {
				type:t = "normal"
				tm:m = [[1.0, 0.0, 0.0] [0.0, 1.0, 0.0] [0.0, 0.0, 1.0] [2760.99, 647.65, 3126.24]]
				props {
					speed:r = 25
					moveType:t = "MOVETO_STRAIGHT"
					tas:b = false
					shouldKeepFormation:b = false
					canUsePathFinder:b = false
				}
			}
			way_points_02_wp_09 {
				type:t = "normal"
				tm:m = [[1.0, 0.0, 0.0] [0.0, 1.0, 0.0] [0.0, 0.0, 1.0] [2691.59, 640.2, 3135.12]]
				props {
					speed:r = 25
					moveType:t = "MOVETO_STRAIGHT"
					tas:b = false
					shouldKeepFormation:b = false
					canUsePathFinder:b = false
				}
			}
			way_points_02_wp_10 {
				type:t = "normal"
				tm:m = [[1.0, 0.0, 0.0] [0.0, 1.0, 0.0] [0.0, 0.0, 1.0] [2607.05, 635.212, 3115.25]]
				props {
					speed:r = 25
					moveType:t = "MOVETO_STRAIGHT"
					tas:b = false
					shouldKeepFormation:b = false
					canUsePathFinder:b = false
				}
			}
		}
	}
	direction07 {
		closed_waypoints:b = false
		isShipSpline:b = false
		shipTurnRadius:r = 100
		way {
			way_points_01_wp_24 {
				type:t = "normal"
				tm:m = [[1.0, 0.0, 0.0] [0.0, 1.0, 0.0] [0.0, 0.0, 1.0] [1832.93, 643.14, 3514.14]]
				props {
					speed:r = 25
					moveType:t = "MOVETO_STRAIGHT"
					tas:b = false
					shouldKeepFormation:b = false
					canUsePathFinder:b = false
				}
			}
			way_points_01_wp_27 {
				type:t = "normal"
				tm:m = [[1.0, 0.0, 0.0] [0.0, 1.0, 0.0] [0.0, 0.0, 1.0] [1898.3, 636.6, 3406.65]]
				props {
					speed:r = 25
					moveType:t = "MOVETO_STRAIGHT"
					tas:b = false
					shouldKeepFormation:b = false
					canUsePathFinder:b = false
				}
			}
			way_points_01_wp_29 {
				type:t = "normal"
				tm:m = [[1.0, 0.0, 0.0] [0.0, 1.0, 0.0] [0.0, 0.0, 1.0] [1959.5, 635.4, 3320.85]]
				props {
					speed:r = 25
					moveType:t = "MOVETO_STRAIGHT"
					tas:b = false
					shouldKeepFormation:b = false
					canUsePathFinder:b = false
				}
			}
			way_points_01_wp_30 {
				type:t = "normal"
				tm:m = [[1.0, 0.0, 0.0] [0.0, 1.0, 0.0] [0.0, 0.0, 1.0] [2051.35, 639.05, 3234.25]]
				props {
					speed:r = 25
					moveType:t = "MOVETO_STRAIGHT"
					tas:b = false
					shouldKeepFormation:b = false
					canUsePathFinder:b = false
				}
			}
			way_points_01_wp_31 {
				type:t = "normal"
				tm:m = [[1.0, 0.0, 0.0] [0.0, 1.0, 0.0] [0.0, 0.0, 1.0] [2180.25, 634.6, 3168.75]]
				props {
					speed:r = 25
					moveType:t = "MOVETO_STRAIGHT"
					tas:b = false
					shouldKeepFormation:b = false
					canUsePathFinder:b = false
				}
			}
			way_points_01_wp_32 {
				type:t = "normal"
				tm:m = [[1.0, 0.0, 0.0] [0.0, 1.0, 0.0] [0.0, 0.0, 1.0] [2309.36, 633.1, 3121.62]]
				props {
					speed:r = 25
					moveType:t = "MOVETO_STRAIGHT"
					tas:b = false
					shouldKeepFormation:b = false
					canUsePathFinder:b = false
				}
			}
		}
	}
	direction05 {
		closed_waypoints:b = false
		isShipSpline:b = false
		shipTurnRadius:r = 100
		way {
			way_points_02_wp_11 {
				type:t = "normal"
				tm:m = [[1.0, 0.0, 0.0] [0.0, 1.0, 0.0] [0.0, 0.0, 1.0] [2153.49, 633.1, 2685.92]]
				props {
					speed:r = 25
					moveType:t = "MOVETO_STRAIGHT"
					tas:b = false
					shouldKeepFormation:b = false
					canUsePathFinder:b = false
				}
			}
			way_points_02_wp_15 {
				type:t = "normal"
				tm:m = [[1.0, 0.0, 0.0] [0.0, 1.0, 0.0] [0.0, 0.0, 1.0] [2182.88, 633.05, 2752.82]]
				props {
					speed:r = 25
					moveType:t = "MOVETO_STRAIGHT"
					tas:b = false
					shouldKeepFormation:b = false
					canUsePathFinder:b = false
				}
			}
			direction03_wp_01 {
				type:t = "normal"
				tm:m = [[1.0, 0.0, 0.0] [0.0, 1.0, 0.0] [0.0, 0.0, 1.0] [2224.6, 632.6, 2836.55]]
				props {
					speed:r = 25
					moveType:t = "MOVETO_STRAIGHT"
					tas:b = false
					shouldKeepFormation:b = false
					canUsePathFinder:b = false
				}
			}
			way_points_02_wp_16 {
				type:t = "normal"
				tm:m = [[1.0, 0.0, 0.0] [0.0, 1.0, 0.0] [0.0, 0.0, 1.0] [2294.77, 639.8, 2927.63]]
				props {
					speed:r = 25
					moveType:t = "MOVETO_STRAIGHT"
					tas:b = false
					shouldKeepFormation:b = false
					canUsePathFinder:b = false
				}
			}
			direction03_wp_02 {
				type:t = "normal"
				tm:m = [[1.0, 0.0, 0.0] [0.0, 1.0, 0.0] [0.0, 0.0, 1.0] [2363.98, 644.15, 2971.76]]
				props {
					speed:r = 25
					moveType:t = "MOVETO_STRAIGHT"
					tas:b = false
					shouldKeepFormation:b = false
					canUsePathFinder:b = false
				}
			}
			way_points_02_wp_17 {
				type:t = "normal"
				tm:m = [[1.0, 0.0, 0.0] [0.0, 1.0, 0.0] [0.0, 0.0, 1.0] [2410.26, 645.55, 3047.03]]
				props {
					speed:r = 25
					moveType:t = "MOVETO_STRAIGHT"
					tas:b = false
					shouldKeepFormation:b = false
					canUsePathFinder:b = false
				}
			}
		}
	}
	direction06 {
		closed_waypoints:b = false
		isShipSpline:b = false
		shipTurnRadius:r = 100
		way {
			way_points_01_wp_34 {
				type:t = "normal"
				tm:m = [[1.0, 0.0, 0.0] [0.0, 1.0, 0.0] [0.0, 0.0, 1.0] [1791.1, 637.25, 3034.0]]
				props {
					speed:r = 25
					moveType:t = "MOVETO_STRAIGHT"
					tas:b = false
					shouldKeepFormation:b = false
					canUsePathFinder:b = false
				}
			}
			way_points_01_wp_35 {
				type:t = "normal"
				tm:m = [[1.0, 0.0, 0.0] [0.0, 1.0, 0.0] [0.0, 0.0, 1.0] [1884.55, 632.299, 3089.6]]
				props {
					speed:r = 25
					moveType:t = "MOVETO_STRAIGHT"
					tas:b = false
					shouldKeepFormation:b = false
					canUsePathFinder:b = false
				}
			}
			way_points_01_wp_36 {
				type:t = "normal"
				tm:m = [[1.0, 0.0, 0.0] [0.0, 1.0, 0.0] [0.0, 0.0, 1.0] [1976.95, 634.8, 3105.45]]
				props {
					speed:r = 25
					moveType:t = "MOVETO_STRAIGHT"
					tas:b = false
					shouldKeepFormation:b = false
					canUsePathFinder:b = false
				}
			}
			way_points_01_wp_37 {
				type:t = "normal"
				tm:m = [[1.0, 0.0, 0.0] [0.0, 1.0, 0.0] [0.0, 0.0, 1.0] [2092.4, 630.75, 3107.9]]
				props {
					speed:r = 25
					moveType:t = "MOVETO_STRAIGHT"
					tas:b = false
					shouldKeepFormation:b = false
					canUsePathFinder:b = false
				}
			}
			way_points_01_wp_38 {
				type:t = "normal"
				tm:m = [[1.0, 0.0, 0.0] [0.0, 1.0, 0.0] [0.0, 0.0, 1.0] [2205.9, 630.15, 3091.05]]
				props {
					speed:r = 25
					moveType:t = "MOVETO_STRAIGHT"
					tas:b = false
					shouldKeepFormation:b = false
					canUsePathFinder:b = false
				}
			}
			way_points_01_wp_39 {
				type:t = "normal"
				tm:m = [[1.0, 0.0, 0.0] [0.0, 1.0, 0.0] [0.0, 0.0, 1.0] [2321.94, 634.7, 3045.15]]
				props {
					speed:r = 25
					moveType:t = "MOVETO_STRAIGHT"
					tas:b = false
					shouldKeepFormation:b = false
					canUsePathFinder:b = false
				}
			}
		}
	}
	direction04 {
		closed_waypoints:b = false
		isShipSpline:b = false
		shipTurnRadius:r = 100
		way {
			way_points_01_wp_28 {
				type:t = "normal"
				tm:m = [[1.0, 0.0, 0.0] [0.0, 1.0, 0.0] [0.0, 0.0, 1.0] [2826.76, 679.4, 2779.97]]
				props {
					speed:r = 25
					moveType:t = "MOVETO_STRAIGHT"
					tas:b = false
					shouldKeepFormation:b = false
					canUsePathFinder:b = false
				}
			}
			direction04_wp_02 {
				type:t = "normal"
				tm:m = [[1.0, 0.0, 0.0] [0.0, 1.0, 0.0] [0.0, 0.0, 1.0] [2783.82, 687.826, 2849.48]]
				props {
					speed:r = 25
					moveType:t = "MOVETO_STRAIGHT"
					tas:b = false
					shouldKeepFormation:b = false
					canUsePathFinder:b = false
				}
			}
			way_points_01_wp_40 {
				type:t = "normal"
				tm:m = [[1.0, 0.0, 0.0] [0.0, 1.0, 0.0] [0.0, 0.0, 1.0] [2721.83, 676.705, 2951.12]]
				props {
					speed:r = 25
					moveType:t = "MOVETO_STRAIGHT"
					tas:b = false
					shouldKeepFormation:b = false
					canUsePathFinder:b = false
				}
			}
			direction04_wp_01 {
				type:t = "normal"
				tm:m = [[1.0, 0.0, 0.0] [0.0, 1.0, 0.0] [0.0, 0.0, 1.0] [2656.6, 649.067, 3034.73]]
				props {
					speed:r = 25
					moveType:t = "MOVETO_STRAIGHT"
					tas:b = false
					shouldKeepFormation:b = false
					canUsePathFinder:b = false
				}
			}
			way_points_01_wp_41 {
				type:t = "normal"
				tm:m = [[1.0, 0.0, 0.0] [0.0, 1.0, 0.0] [0.0, 0.0, 1.0] [2531.44, 642.599, 3073.87]]
				props {
					speed:r = 25
					moveType:t = "MOVETO_STRAIGHT"
					tas:b = false
					shouldKeepFormation:b = false
					canUsePathFinder:b = false
				}
			}
		}
	}
}
__viewPoints {
	viewpt_01 {
		pos:p3 = 2297.84, -59787.3, 2804.25
		ht:r = 1.5
	}
}