selected_tag:t = ""
bin_dump_file:t = ""
mission_settings {
	player {
		army:i = 1
	}
	player_teamB {
		army:i = 2
	}
	mission {
		type:t = "domination"
		level:t = "levels/air_israel.bin"
		environment:t = "Day"
		weather:t = "hazy"
	}
}
imports {

}
triggers {
	isCategory:b = true
	is_enabled:b = true
	static_units_rank_06_init {
		is_enabled:b = true
		comments:t = ""
		props {
			actionsType:t = "PERFORM_ONE_BY_ONE"
			conditionsType:t = "ALL"
			enableAfterComplete:b = false
		}
		events {
			initMission {

			}
		}
		conditions {

		}
		actions {
			comment {
				value:t = "static units"
			}
			unitSetProperties {
				object:t = "t1_artillery_squad"
				object:t = "t1_bunkers_squad"
				object:t = "t2_artillery_squad"
				object:t = "t2_bunkers_squad"
				accuracy:r = 0.1
				checkVisibilityTarget:b = false
			}
			comment {
				value:t = "static aaa"
			}
			unitSetProperties {
				object:t = "t1_aaa_squad"
				object:t = "t2_aaa_squad"
				targetGnd:b = false
				accuracy:r = 0.1
				airAccuracy:r = 0.1
				fireRandom:b = true
				targetChangeInterval:r = 5
				targetChangeProb:r = 0.25
				DelayAfterShoot:r = 3
			}
			comment {
				value:t = ""
			}
		}
		else_actions {

		}
	}
}
mission_objectives {
	isCategory:b = true
	is_enabled:b = true
}
variables {

}
dialogs {

}
airfields {

}
effects {

}
units {
	objectGroups {
		name:t = "t1_trench_rank_06_01"
		tm:m = [[-0.989036, 0.08505, 0.120725] [0.0883618, 0.995838, 0.0223492] [-0.11832, 0.0327711, -0.992433] [-16830.5, 998.021, -60.0991]]
		unit_class:t = "dynTrench_small_bunker_axis"
		objLayer:i = 2
		props {
			army:i = 1
			active:b = true
		}
	}
	structures {
		name:t = "t1_bunker_01"
		tm:m = [[0.0284325, 0.019906, -0.999397] [0.0883618, 0.995838, 0.0223492] [0.995683, -0.0889442, 0.0265562] [-16841.2, 1011.75, -68.0726]]
		unit_class:t = "ussr_quest_large_art_noground"
		objLayer:i = 1
		closed_waypoints:b = false
		isShipSpline:b = false
		shipTurnRadius:r = 100
		weapons:t = ""
		bullets0:t = ""
		bullets1:t = ""
		bullets2:t = ""
		bullets3:t = ""
		bulletsCount0:i = 0
		bulletsCount1:i = 0
		bulletsCount2:i = 0
		bulletsCount3:i = 0
		crewSkillK:r = 0
		applyAllMods:b = false
		props {
			army:i = 1
			count:i = 1
			formation_type:t = "rows"
			formation_div:i = 3
			formation_step:p2 = 2.5, 2
			formation_noise:p2 = 0.1, 0.1
		}
		way {

		}
	}
	structures {
		name:t = "t1_art_01"
		tm:m = [[0.0284325, 0.019906, -0.999397] [0.0883618, 0.995838, 0.0223492] [0.995683, -0.0889442, 0.0265562] [-16747.4, 999.777, -67.1331]]
		unit_class:t = "ussr_quest_large_art_noground"
		objLayer:i = 1
		closed_waypoints:b = false
		isShipSpline:b = false
		shipTurnRadius:r = 100
		weapons:t = ""
		bullets0:t = ""
		bullets1:t = ""
		bullets2:t = ""
		bullets3:t = ""
		bulletsCount0:i = 0
		bulletsCount1:i = 0
		bulletsCount2:i = 0
		bulletsCount3:i = 0
		crewSkillK:r = 0
		applyAllMods:b = false
		props {
			army:i = 1
			count:i = 1
			formation_type:t = "rows"
			formation_div:i = 3
			formation_step:p2 = 2.5, 2
			formation_noise:p2 = 0.1, 0.1
		}
		way {

		}
	}
	structures {
		name:t = "t1_art_02"
		tm:m = [[0.0284325, 0.019906, -0.999397] [0.0883618, 0.995838, 0.0223492] [0.995683, -0.0889442, 0.0265562] [-16913.0, 1024.73, -77.1056]]
		unit_class:t = "ussr_quest_large_art_noground"
		objLayer:i = 1
		closed_waypoints:b = false
		isShipSpline:b = false
		shipTurnRadius:r = 100
		weapons:t = ""
		bullets0:t = ""
		bullets1:t = ""
		bullets2:t = ""
		bullets3:t = ""
		bulletsCount0:i = 0
		bulletsCount1:i = 0
		bulletsCount2:i = 0
		bulletsCount3:i = 0
		crewSkillK:r = 0
		applyAllMods:b = false
		props {
			army:i = 1
			count:i = 1
			formation_type:t = "rows"
			formation_div:i = 3
			formation_step:p2 = 2.5, 2
			formation_noise:p2 = 0.1, 0.1
		}
		way {

		}
	}
	tankModels {
		name:t = "t1_aaa_01"
		tm:m = [[0.0284325, 0.019906, -0.999397] [0.0883618, 0.995838, 0.0223492] [0.995683, -0.0889442, 0.0265562] [-16834.6, 1001.84, -11.3105]]
		unit_class:t = "ussr_btr_152a"
		objLayer:i = 1
		closed_waypoints:b = false
		isShipSpline:b = false
		shipTurnRadius:r = 100
		weapons:t = ""
		bullets0:t = ""
		bullets1:t = ""
		bullets2:t = ""
		bullets3:t = ""
		bulletsCount0:i = 0
		bulletsCount1:i = 0
		bulletsCount2:i = 0
		bulletsCount3:i = 0
		crewSkillK:r = 0
		applyAllMods:b = false
		props {
			army:i = 1
			count:i = 1
			formation_type:t = "rows"
			formation_div:i = 3
			formation_step:p2 = 2.5, 2
			formation_noise:p2 = 0.1, 0.1
		}
		way {

		}
	}
	objectGroups {
		name:t = "t1_trench_rank_06_02"
		tm:m = [[-0.97709, -0.00638367, 0.212737] [-0.00768716, 0.999957, -0.00529659] [-0.212692, -0.00681091, -0.977095] [-24998.4, 1035.84, 1344.21]]
		unit_class:t = "dynTrench_small_bunker_axis"
		objLayer:i = 2
		props {
			army:i = 1
			active:b = true
		}
	}
	structures {
		name:t = "t1_bunker_02"
		tm:m = [[-0.0666695, -0.00579816, -0.99776] [-0.00768716, 0.999957, -0.00529659] [0.997746, 0.00731604, -0.0667112] [-25011.4, 1036.19, 1336.6]]
		unit_class:t = "ussr_quest_large_art_noground"
		objLayer:i = 1
		closed_waypoints:b = false
		isShipSpline:b = false
		shipTurnRadius:r = 100
		weapons:t = ""
		bullets0:t = ""
		bullets1:t = ""
		bullets2:t = ""
		bullets3:t = ""
		bulletsCount0:i = 0
		bulletsCount1:i = 0
		bulletsCount2:i = 0
		bulletsCount3:i = 0
		crewSkillK:r = 0
		applyAllMods:b = false
		props {
			army:i = 1
			count:i = 1
			formation_type:t = "rows"
			formation_div:i = 3
			formation_step:p2 = 2.5, 2
			formation_noise:p2 = 0.1, 0.1
		}
		way {

		}
	}
	structures {
		name:t = "t1_art_03"
		tm:m = [[-0.0666695, -0.00579816, -0.99776] [-0.00768716, 0.999957, -0.00529659] [0.997746, 0.00731604, -0.0667112] [-24916.9, 1036.55, 1328.86]]
		unit_class:t = "ussr_quest_large_art_noground"
		objLayer:i = 1
		closed_waypoints:b = false
		isShipSpline:b = false
		shipTurnRadius:r = 100
		weapons:t = ""
		bullets0:t = ""
		bullets1:t = ""
		bullets2:t = ""
		bullets3:t = ""
		bulletsCount0:i = 0
		bulletsCount1:i = 0
		bulletsCount2:i = 0
		bulletsCount3:i = 0
		crewSkillK:r = 0
		applyAllMods:b = false
		props {
			army:i = 1
			count:i = 1
			formation_type:t = "rows"
			formation_div:i = 3
			formation_step:p2 = 2.5, 2
			formation_noise:p2 = 0.1, 0.1
		}
		way {

		}
	}
	structures {
		name:t = "t1_art_04"
		tm:m = [[-0.0666695, -0.00579816, -0.99776] [-0.00768716, 0.999957, -0.00529659] [0.997746, 0.00731604, -0.0667112] [-25085.6, 1036.3, 1333.73]]
		unit_class:t = "ussr_quest_large_art_noground"
		objLayer:i = 1
		closed_waypoints:b = false
		isShipSpline:b = false
		shipTurnRadius:r = 100
		weapons:t = ""
		bullets0:t = ""
		bullets1:t = ""
		bullets2:t = ""
		bullets3:t = ""
		bulletsCount0:i = 0
		bulletsCount1:i = 0
		bulletsCount2:i = 0
		bulletsCount3:i = 0
		crewSkillK:r = 0
		applyAllMods:b = false
		props {
			army:i = 1
			count:i = 1
			formation_type:t = "rows"
			formation_div:i = 3
			formation_step:p2 = 2.5, 2
			formation_noise:p2 = 0.1, 0.1
		}
		way {

		}
	}
	tankModels {
		name:t = "t1_aaa_02"
		tm:m = [[-0.0666695, -0.00579816, -0.99776] [-0.00768716, 0.999957, -0.00529659] [0.997746, 0.00731604, -0.0667112] [-24998.6, 1033.67, 1392.68]]
		unit_class:t = "ussr_btr_152a"
		objLayer:i = 1
		closed_waypoints:b = false
		isShipSpline:b = false
		shipTurnRadius:r = 100
		weapons:t = ""
		bullets0:t = ""
		bullets1:t = ""
		bullets2:t = ""
		bullets3:t = ""
		bulletsCount0:i = 0
		bulletsCount1:i = 0
		bulletsCount2:i = 0
		bulletsCount3:i = 0
		crewSkillK:r = 0
		applyAllMods:b = false
		props {
			army:i = 1
			count:i = 1
			formation_type:t = "rows"
			formation_div:i = 3
			formation_step:p2 = 2.5, 2
			formation_noise:p2 = 0.1, 0.1
		}
		way {

		}
	}
	objectGroups {
		name:t = "t1_trench_rank_06_03"
		tm:m = [[-0.974943, 0.0737823, 0.209859] [0.0547613, 0.993965, -0.0950571] [-0.215607, -0.0811832, -0.9731] [-14299.0, 973.072, -608.159]]
		unit_class:t = "dynTrench_small_bunker_axis"
		objLayer:i = 2
		props {
			army:i = 1
			active:b = true
		}
	}
	structures {
		name:t = "t1_bunker_03"
		tm:m = [[-0.0698679, -0.0911517, -0.993383] [0.0547613, 0.993965, -0.0950571] [0.996051, -0.0610398, -0.0644526] [-14311.0, 985.595, -616.367]]
		unit_class:t = "ussr_quest_large_art_noground"
		objLayer:i = 1
		closed_waypoints:b = false
		isShipSpline:b = false
		shipTurnRadius:r = 100
		weapons:t = ""
		bullets0:t = ""
		bullets1:t = ""
		bullets2:t = ""
		bullets3:t = ""
		bulletsCount0:i = 0
		bulletsCount1:i = 0
		bulletsCount2:i = 0
		bulletsCount3:i = 0
		crewSkillK:r = 0
		applyAllMods:b = false
		props {
			army:i = 1
			count:i = 1
			formation_type:t = "rows"
			formation_div:i = 3
			formation_step:p2 = 2.5, 2
			formation_noise:p2 = 0.1, 0.1
		}
		way {

		}
	}
	structures {
		name:t = "t1_art_05"
		tm:m = [[-0.0698679, -0.0911517, -0.993383] [0.0547613, 0.993965, -0.0950571] [0.996051, -0.0610398, -0.0644526] [-14217.1, 976.058, -623.653]]
		unit_class:t = "ussr_quest_large_art_noground"
		objLayer:i = 1
		closed_waypoints:b = false
		isShipSpline:b = false
		shipTurnRadius:r = 100
		weapons:t = ""
		bullets0:t = ""
		bullets1:t = ""
		bullets2:t = ""
		bullets3:t = ""
		bulletsCount0:i = 0
		bulletsCount1:i = 0
		bulletsCount2:i = 0
		bulletsCount3:i = 0
		crewSkillK:r = 0
		applyAllMods:b = false
		props {
			army:i = 1
			count:i = 1
			formation_type:t = "rows"
			formation_div:i = 3
			formation_step:p2 = 2.5, 2
			formation_noise:p2 = 0.1, 0.1
		}
		way {

		}
	}
	structures {
		name:t = "t1_art_06"
		tm:m = [[-0.0698679, -0.0911517, -0.993383] [0.0547613, 0.993965, -0.0950571] [0.996051, -0.0610398, -0.0644526] [-14385.6, 982.343, -618.9]]
		unit_class:t = "ussr_quest_large_art_noground"
		objLayer:i = 1
		closed_waypoints:b = false
		isShipSpline:b = false
		shipTurnRadius:r = 100
		weapons:t = ""
		bullets0:t = ""
		bullets1:t = ""
		bullets2:t = ""
		bullets3:t = ""
		bulletsCount0:i = 0
		bulletsCount1:i = 0
		bulletsCount2:i = 0
		bulletsCount3:i = 0
		crewSkillK:r = 0
		applyAllMods:b = false
		props {
			army:i = 1
			count:i = 1
			formation_type:t = "rows"
			formation_div:i = 3
			formation_step:p2 = 2.5, 2
			formation_noise:p2 = 0.1, 0.1
		}
		way {

		}
	}
	tankModels {
		name:t = "t1_aaa_03"
		tm:m = [[-0.0698679, -0.0911517, -0.993383] [0.0547613, 0.993965, -0.0950571] [0.996051, -0.0610398, -0.0644526] [-14298.4, 982.219, -559.839]]
		unit_class:t = "ussr_btr_152a"
		objLayer:i = 1
		closed_waypoints:b = false
		isShipSpline:b = false
		shipTurnRadius:r = 100
		weapons:t = ""
		bullets0:t = ""
		bullets1:t = ""
		bullets2:t = ""
		bullets3:t = ""
		bulletsCount0:i = 0
		bulletsCount1:i = 0
		bulletsCount2:i = 0
		bulletsCount3:i = 0
		crewSkillK:r = 0
		applyAllMods:b = false
		props {
			army:i = 1
			count:i = 1
			formation_type:t = "rows"
			formation_div:i = 3
			formation_step:p2 = 2.5, 2
			formation_noise:p2 = 0.1, 0.1
		}
		way {

		}
	}
	objectGroups {
		name:t = "t1_trench_rank_06_04"
		tm:m = [[-0.994668, -0.00843197, -0.10278] [-0.00579987, 0.999647, -0.0258817] [0.102959, -0.0251479, -0.994367] [-34221.4, 1048.55, 2614.18]]
		unit_class:t = "dynTrench_small_bunker_axis"
		objLayer:i = 2
		props {
			army:i = 1
			active:b = true
		}
	}
	structures {
		name:t = "t1_bunker_04"
		tm:m = [[0.248136, -0.0236342, -0.968436] [-0.00579987, 0.999647, -0.0258817] [0.968707, 0.012039, 0.247914] [-34230.2, 1048.26, 2602.73]]
		unit_class:t = "ussr_quest_large_art_noground"
		objLayer:i = 1
		closed_waypoints:b = false
		isShipSpline:b = false
		shipTurnRadius:r = 100
		weapons:t = ""
		bullets0:t = ""
		bullets1:t = ""
		bullets2:t = ""
		bullets3:t = ""
		bulletsCount0:i = 0
		bulletsCount1:i = 0
		bulletsCount2:i = 0
		bulletsCount3:i = 0
		crewSkillK:r = 0
		applyAllMods:b = false
		props {
			army:i = 1
			count:i = 1
			formation_type:t = "rows"
			formation_div:i = 3
			formation_step:p2 = 2.5, 2
			formation_noise:p2 = 0.1, 0.1
		}
		way {

		}
	}
	structures {
		name:t = "t1_art_07"
		tm:m = [[0.248136, -0.0236342, -0.968436] [-0.00579987, 0.999647, -0.0258817] [0.968707, 0.012039, 0.247914] [-34138.8, 1055.4, 2625.14]]
		unit_class:t = "ussr_quest_large_art_noground"
		objLayer:i = 1
		closed_waypoints:b = false
		isShipSpline:b = false
		shipTurnRadius:r = 100
		weapons:t = ""
		bullets0:t = ""
		bullets1:t = ""
		bullets2:t = ""
		bullets3:t = ""
		bulletsCount0:i = 0
		bulletsCount1:i = 0
		bulletsCount2:i = 0
		bulletsCount3:i = 0
		crewSkillK:r = 0
		applyAllMods:b = false
		props {
			army:i = 1
			count:i = 1
			formation_type:t = "rows"
			formation_div:i = 3
			formation_step:p2 = 2.5, 2
			formation_noise:p2 = 0.1, 0.1
		}
		way {

		}
	}
	structures {
		name:t = "t1_art_08"
		tm:m = [[0.248136, -0.0236342, -0.968436] [-0.00579987, 0.999647, -0.0258817] [0.968707, 0.012039, 0.247914] [-34300.0, 1043.2, 2576.78]]
		unit_class:t = "ussr_quest_large_art_noground"
		objLayer:i = 1
		closed_waypoints:b = false
		isShipSpline:b = false
		shipTurnRadius:r = 100
		weapons:t = ""
		bullets0:t = ""
		bullets1:t = ""
		bullets2:t = ""
		bullets3:t = ""
		bulletsCount0:i = 0
		bulletsCount1:i = 0
		bulletsCount2:i = 0
		bulletsCount3:i = 0
		crewSkillK:r = 0
		applyAllMods:b = false
		props {
			army:i = 1
			count:i = 1
			formation_type:t = "rows"
			formation_div:i = 3
			formation_step:p2 = 2.5, 2
			formation_noise:p2 = 0.1, 0.1
		}
		way {

		}
	}
	tankModels {
		name:t = "t1_aaa_04"
		tm:m = [[0.248136, -0.0236342, -0.968436] [-0.00579987, 0.999647, -0.0258817] [0.968707, 0.012039, 0.247914] [-34235.6, 1045.29, 2660.31]]
		unit_class:t = "ussr_btr_152a"
		objLayer:i = 1
		closed_waypoints:b = false
		isShipSpline:b = false
		shipTurnRadius:r = 100
		weapons:t = ""
		bullets0:t = ""
		bullets1:t = ""
		bullets2:t = ""
		bullets3:t = ""
		bulletsCount0:i = 0
		bulletsCount1:i = 0
		bulletsCount2:i = 0
		bulletsCount3:i = 0
		crewSkillK:r = 0
		applyAllMods:b = false
		props {
			army:i = 1
			count:i = 1
			formation_type:t = "rows"
			formation_div:i = 3
			formation_step:p2 = 2.5, 2
			formation_noise:p2 = 0.1, 0.1
		}
		way {

		}
	}
	objectGroups {
		name:t = "t1_trench_rank_06_05"
		tm:m = [[-0.940757, 0.00076041, 0.339081] [-0.0121385, 0.99928, -0.0359197] [-0.338863, -0.0379079, -0.940072] [-30902.4, 1050.73, 2190.83]]
		unit_class:t = "dynTrench_small_bunker_axis"
		objLayer:i = 2
		props {
			army:i = 1
			active:b = true
		}
	}
	structures {
		name:t = "t1_bunker_05"
		tm:m = [[-0.196811, -0.0376076, -0.97972] [-0.0121385, 0.99928, -0.0359197] [0.980366, 0.00482289, -0.197128] [-30916.2, 1050.53, 2185.71]]
		unit_class:t = "ussr_quest_large_art_noground"
		objLayer:i = 1
		closed_waypoints:b = false
		isShipSpline:b = false
		shipTurnRadius:r = 100
		weapons:t = ""
		bullets0:t = ""
		bullets1:t = ""
		bullets2:t = ""
		bullets3:t = ""
		bulletsCount0:i = 0
		bulletsCount1:i = 0
		bulletsCount2:i = 0
		bulletsCount3:i = 0
		crewSkillK:r = 0
		applyAllMods:b = false
		props {
			army:i = 1
			count:i = 1
			formation_type:t = "rows"
			formation_div:i = 3
			formation_step:p2 = 2.5, 2
			formation_noise:p2 = 0.1, 0.1
		}
		way {

		}
	}
	structures {
		name:t = "t1_art_09"
		tm:m = [[-0.196811, -0.0376076, -0.97972] [-0.0121385, 0.99928, -0.0359197] [0.980366, 0.00482289, -0.197128] [-30823.5, 1049.38, 2165.4]]
		unit_class:t = "ussr_quest_large_art_noground"
		objLayer:i = 1
		closed_waypoints:b = false
		isShipSpline:b = false
		shipTurnRadius:r = 100
		weapons:t = ""
		bullets0:t = ""
		bullets1:t = ""
		bullets2:t = ""
		bullets3:t = ""
		bulletsCount0:i = 0
		bulletsCount1:i = 0
		bulletsCount2:i = 0
		bulletsCount3:i = 0
		crewSkillK:r = 0
		applyAllMods:b = false
		props {
			army:i = 1
			count:i = 1
			formation_type:t = "rows"
			formation_div:i = 3
			formation_step:p2 = 2.5, 2
			formation_noise:p2 = 0.1, 0.1
		}
		way {

		}
	}
	structures {
		name:t = "t1_art_10"
		tm:m = [[-0.196811, -0.0376076, -0.97972] [-0.0121385, 0.99928, -0.0359197] [0.980366, 0.00482289, -0.197128] [-30990.1, 1051.0, 2192.17]]
		unit_class:t = "ussr_quest_large_art_noground"
		objLayer:i = 1
		closed_waypoints:b = false
		isShipSpline:b = false
		shipTurnRadius:r = 100
		weapons:t = ""
		bullets0:t = ""
		bullets1:t = ""
		bullets2:t = ""
		bullets3:t = ""
		bulletsCount0:i = 0
		bulletsCount1:i = 0
		bulletsCount2:i = 0
		bulletsCount3:i = 0
		crewSkillK:r = 0
		applyAllMods:b = false
		props {
			army:i = 1
			count:i = 1
			formation_type:t = "rows"
			formation_div:i = 3
			formation_step:p2 = 2.5, 2
			formation_noise:p2 = 0.1, 0.1
		}
		way {

		}
	}
	tankModels {
		name:t = "t1_aaa_05"
		tm:m = [[-0.196811, -0.0376076, -0.97972] [-0.0121385, 0.99928, -0.0359197] [0.980366, 0.00482289, -0.197128] [-30896.2, 1052.95, 2239.38]]
		unit_class:t = "ussr_btr_152a"
		objLayer:i = 1
		closed_waypoints:b = false
		isShipSpline:b = false
		shipTurnRadius:r = 100
		weapons:t = ""
		bullets0:t = ""
		bullets1:t = ""
		bullets2:t = ""
		bullets3:t = ""
		bulletsCount0:i = 0
		bulletsCount1:i = 0
		bulletsCount2:i = 0
		bulletsCount3:i = 0
		crewSkillK:r = 0
		applyAllMods:b = false
		props {
			army:i = 1
			count:i = 1
			formation_type:t = "rows"
			formation_div:i = 3
			formation_step:p2 = 2.5, 2
			formation_noise:p2 = 0.1, 0.1
		}
		way {

		}
	}
	objectGroups {
		name:t = "t1_trench_rank_06_06"
		tm:m = [[-0.942273, -0.0245806, 0.333941] [-0.0262041, 0.999657, -0.000356756] [-0.333818, -0.009087, -0.942596] [-19682.4, 1026.69, 719.127]]
		unit_class:t = "dynTrench_small_bunker_axis"
		objLayer:i = 2
		props {
			army:i = 1
			active:b = true
		}
	}
	structures {
		name:t = "t1_bunker_06"
		tm:m = [[-0.191596, -0.00537279, -0.98146] [-0.0262041, 0.999657, -0.000356756] [0.981124, 0.0256504, -0.191672] [-19696.4, 1026.58, 714.251]]
		unit_class:t = "ussr_quest_large_art_noground"
		objLayer:i = 1
		closed_waypoints:b = false
		isShipSpline:b = false
		shipTurnRadius:r = 100
		weapons:t = ""
		bullets0:t = ""
		bullets1:t = ""
		bullets2:t = ""
		bullets3:t = ""
		bulletsCount0:i = 0
		bulletsCount1:i = 0
		bulletsCount2:i = 0
		bulletsCount3:i = 0
		crewSkillK:r = 0
		applyAllMods:b = false
		props {
			army:i = 1
			count:i = 1
			formation_type:t = "rows"
			formation_div:i = 3
			formation_step:p2 = 2.5, 2
			formation_noise:p2 = 0.1, 0.1
		}
		way {

		}
	}
	structures {
		name:t = "t1_art_11"
		tm:m = [[-0.191596, -0.00537279, -0.98146] [-0.0262041, 0.999657, -0.000356756] [0.981124, 0.0256504, -0.191672] [-19603.4, 1025.29, 694.618]]
		unit_class:t = "ussr_quest_large_art_noground"
		objLayer:i = 1
		closed_waypoints:b = false
		isShipSpline:b = false
		shipTurnRadius:r = 100
		weapons:t = ""
		bullets0:t = ""
		bullets1:t = ""
		bullets2:t = ""
		bullets3:t = ""
		bulletsCount0:i = 0
		bulletsCount1:i = 0
		bulletsCount2:i = 0
		bulletsCount3:i = 0
		crewSkillK:r = 0
		applyAllMods:b = false
		props {
			army:i = 1
			count:i = 1
			formation_type:t = "rows"
			formation_div:i = 3
			formation_step:p2 = 2.5, 2
			formation_noise:p2 = 0.1, 0.1
		}
		way {

		}
	}
	structures {
		name:t = "t1_art_12"
		tm:m = [[-0.191596, -0.00537279, -0.98146] [-0.0262041, 0.999657, -0.000356756] [0.981124, 0.0256504, -0.191672] [-19770.1, 1027.22, 720.122]]
		unit_class:t = "ussr_quest_large_art_noground"
		objLayer:i = 1
		closed_waypoints:b = false
		isShipSpline:b = false
		shipTurnRadius:r = 100
		weapons:t = ""
		bullets0:t = ""
		bullets1:t = ""
		bullets2:t = ""
		bullets3:t = ""
		bulletsCount0:i = 0
		bulletsCount1:i = 0
		bulletsCount2:i = 0
		bulletsCount3:i = 0
		crewSkillK:r = 0
		applyAllMods:b = false
		props {
			army:i = 1
			count:i = 1
			formation_type:t = "rows"
			formation_div:i = 3
			formation_step:p2 = 2.5, 2
			formation_noise:p2 = 0.1, 0.1
		}
		way {

		}
	}
	tankModels {
		name:t = "t1_aaa_06"
		tm:m = [[-0.191596, -0.00537279, -0.98146] [-0.0262041, 0.999657, -0.000356756] [0.981124, 0.0256504, -0.191672] [-19676.3, 1028.56, 767.746]]
		unit_class:t = "ussr_btr_152a"
		objLayer:i = 1
		closed_waypoints:b = false
		isShipSpline:b = false
		shipTurnRadius:r = 100
		weapons:t = ""
		bullets0:t = ""
		bullets1:t = ""
		bullets2:t = ""
		bullets3:t = ""
		bulletsCount0:i = 0
		bulletsCount1:i = 0
		bulletsCount2:i = 0
		bulletsCount3:i = 0
		crewSkillK:r = 0
		applyAllMods:b = false
		props {
			army:i = 1
			count:i = 1
			formation_type:t = "rows"
			formation_div:i = 3
			formation_step:p2 = 2.5, 2
			formation_noise:p2 = 0.1, 0.1
		}
		way {

		}
	}
	objectGroups {
		name:t = "t1_trench_rank_06_07"
		tm:m = [[-0.964456, 0.0167204, 0.263712] [0.00684134, 0.999241, -0.038337] [-0.264153, -0.0351702, -0.963839] [-27766.5, 1041.36, 1740.96]]
		unit_class:t = "dynTrench_small_bunker_axis"
		objLayer:i = 2
		props {
			army:i = 1
			active:b = true
		}
	}
	structures {
		name:t = "t1_bunker_07"
		tm:m = [[-0.119429, -0.0372468, -0.992145] [0.00684134, 0.999241, -0.038337] [0.992819, -0.0113659, -0.119085] [-27779.6, 1041.11, 1734.68]]
		unit_class:t = "ussr_quest_large_art_noground"
		objLayer:i = 1
		closed_waypoints:b = false
		isShipSpline:b = false
		shipTurnRadius:r = 100
		weapons:t = ""
		bullets0:t = ""
		bullets1:t = ""
		bullets2:t = ""
		bullets3:t = ""
		bulletsCount0:i = 0
		bulletsCount1:i = 0
		bulletsCount2:i = 0
		bulletsCount3:i = 0
		crewSkillK:r = 0
		applyAllMods:b = false
		props {
			army:i = 1
			count:i = 1
			formation_type:t = "rows"
			formation_div:i = 3
			formation_step:p2 = 2.5, 2
			formation_noise:p2 = 0.1, 0.1
		}
		way {

		}
	}
	structures {
		name:t = "t1_art_13"
		tm:m = [[-0.119429, -0.0372468, -0.992145] [0.00684134, 0.999241, -0.038337] [0.992819, -0.0113659, -0.119085] [-27685.6, 1040.3, 1721.86]]
		unit_class:t = "ussr_quest_large_art_noground"
		objLayer:i = 1
		closed_waypoints:b = false
		isShipSpline:b = false
		shipTurnRadius:r = 100
		weapons:t = ""
		bullets0:t = ""
		bullets1:t = ""
		bullets2:t = ""
		bullets3:t = ""
		bulletsCount0:i = 0
		bulletsCount1:i = 0
		bulletsCount2:i = 0
		bulletsCount3:i = 0
		crewSkillK:r = 0
		applyAllMods:b = false
		props {
			army:i = 1
			count:i = 1
			formation_type:t = "rows"
			formation_div:i = 3
			formation_step:p2 = 2.5, 2
			formation_noise:p2 = 0.1, 0.1
		}
		way {

		}
	}
	structures {
		name:t = "t1_art_14"
		tm:m = [[-0.119429, -0.0372468, -0.992145] [0.00684134, 0.999241, -0.038337] [0.992819, -0.0113659, -0.119085] [-27853.9, 1041.32, 1735.36]]
		unit_class:t = "ussr_quest_large_art_noground"
		objLayer:i = 1
		closed_waypoints:b = false
		isShipSpline:b = false
		shipTurnRadius:r = 100
		weapons:t = ""
		bullets0:t = ""
		bullets1:t = ""
		bullets2:t = ""
		bullets3:t = ""
		bulletsCount0:i = 0
		bulletsCount1:i = 0
		bulletsCount2:i = 0
		bulletsCount3:i = 0
		crewSkillK:r = 0
		applyAllMods:b = false
		props {
			army:i = 1
			count:i = 1
			formation_type:t = "rows"
			formation_div:i = 3
			formation_step:p2 = 2.5, 2
			formation_noise:p2 = 0.1, 0.1
		}
		way {

		}
	}
	tankModels {
		name:t = "t1_aaa_07"
		tm:m = [[-0.119429, -0.0372468, -0.992145] [0.00684134, 0.999241, -0.038337] [0.992819, -0.0113659, -0.119085] [-27763.8, 1043.6, 1789.68]]
		unit_class:t = "ussr_btr_152a"
		objLayer:i = 1
		closed_waypoints:b = false
		isShipSpline:b = false
		shipTurnRadius:r = 100
		weapons:t = ""
		bullets0:t = ""
		bullets1:t = ""
		bullets2:t = ""
		bullets3:t = ""
		bulletsCount0:i = 0
		bulletsCount1:i = 0
		bulletsCount2:i = 0
		bulletsCount3:i = 0
		crewSkillK:r = 0
		applyAllMods:b = false
		props {
			army:i = 1
			count:i = 1
			formation_type:t = "rows"
			formation_div:i = 3
			formation_step:p2 = 2.5, 2
			formation_noise:p2 = 0.1, 0.1
		}
		way {

		}
	}
	objectGroups {
		name:t = "t1_trench_rank_06_08"
		tm:m = [[-0.893386, -0.00493718, 0.449262] [0.00104829, 0.999914, 0.0130734] [-0.449287, 0.01215, -0.893304] [-10933.4, 1037.3, -1178.5]]
		unit_class:t = "dynTrench_small_bunker_axis"
		objLayer:i = 2
		props {
			army:i = 1
			active:b = true
		}
	}
	structures {
		name:t = "t1_bunker_08"
		tm:m = [[-0.313001, 0.012744, -0.949667] [0.00104829, 0.999914, 0.0130734] [0.949752, 0.00309616, -0.312987] [-10946.8, 1037.08, -1181.45]]
		unit_class:t = "ussr_quest_large_art_noground"
		objLayer:i = 1
		closed_waypoints:b = false
		isShipSpline:b = false
		shipTurnRadius:r = 100
		weapons:t = ""
		bullets0:t = ""
		bullets1:t = ""
		bullets2:t = ""
		bullets3:t = ""
		bulletsCount0:i = 0
		bulletsCount1:i = 0
		bulletsCount2:i = 0
		bulletsCount3:i = 0
		crewSkillK:r = 0
		applyAllMods:b = false
		props {
			army:i = 1
			count:i = 1
			formation_type:t = "rows"
			formation_div:i = 3
			formation_step:p2 = 2.5, 2
			formation_noise:p2 = 0.1, 0.1
		}
		way {

		}
	}
	structures {
		name:t = "t1_art_15"
		tm:m = [[-0.313001, 0.012744, -0.949667] [0.00104829, 0.999914, 0.0130734] [0.949752, 0.00309616, -0.312987] [-10857.6, 1036.92, -1212.8]]
		unit_class:t = "ussr_quest_large_art_noground"
		objLayer:i = 1
		closed_waypoints:b = false
		isShipSpline:b = false
		shipTurnRadius:r = 100
		weapons:t = ""
		bullets0:t = ""
		bullets1:t = ""
		bullets2:t = ""
		bullets3:t = ""
		bulletsCount0:i = 0
		bulletsCount1:i = 0
		bulletsCount2:i = 0
		bulletsCount3:i = 0
		crewSkillK:r = 0
		applyAllMods:b = false
		props {
			army:i = 1
			count:i = 1
			formation_type:t = "rows"
			formation_div:i = 3
			formation_step:p2 = 2.5, 2
			formation_noise:p2 = 0.1, 0.1
		}
		way {

		}
	}
	structures {
		name:t = "t1_art_16"
		tm:m = [[-0.313001, 0.012744, -0.949667] [0.00104829, 0.999914, 0.0130734] [0.949752, 0.00309616, -0.312987] [-11020.0, 1036.85, -1166.37]]
		unit_class:t = "ussr_quest_large_art_noground"
		objLayer:i = 1
		closed_waypoints:b = false
		isShipSpline:b = false
		shipTurnRadius:r = 100
		weapons:t = ""
		bullets0:t = ""
		bullets1:t = ""
		bullets2:t = ""
		bullets3:t = ""
		bulletsCount0:i = 0
		bulletsCount1:i = 0
		bulletsCount2:i = 0
		bulletsCount3:i = 0
		crewSkillK:r = 0
		applyAllMods:b = false
		props {
			army:i = 1
			count:i = 1
			formation_type:t = "rows"
			formation_div:i = 3
			formation_step:p2 = 2.5, 2
			formation_noise:p2 = 0.1, 0.1
		}
		way {

		}
	}
	tankModels {
		name:t = "t1_aaa_08"
		tm:m = [[-0.313001, 0.012744, -0.949667] [0.00104829, 0.999914, 0.0130734] [0.949752, 0.00309616, -0.312987] [-10921.1, 1041.31, -1131.01]]
		unit_class:t = "ussr_btr_152a"
		objLayer:i = 1
		closed_waypoints:b = false
		isShipSpline:b = false
		shipTurnRadius:r = 100
		weapons:t = ""
		bullets0:t = ""
		bullets1:t = ""
		bullets2:t = ""
		bullets3:t = ""
		bulletsCount0:i = 0
		bulletsCount1:i = 0
		bulletsCount2:i = 0
		bulletsCount3:i = 0
		crewSkillK:r = 0
		applyAllMods:b = false
		props {
			army:i = 1
			count:i = 1
			formation_type:t = "rows"
			formation_div:i = 3
			formation_step:p2 = 2.5, 2
			formation_noise:p2 = 0.1, 0.1
		}
		way {

		}
	}
	squad {
		name:t = "t1_aaa_squad"
		tm:m = [[0.160861, 0.0, 0.986977] [0.0, 1.0, 0.0] [-0.986977, 0.0, 0.160861] [20017.0, 1982.64, -13265.6]]
		props {
			squad_members:t = "t1_aaa_01"
			squad_members:t = "t1_aaa_02"
			squad_members:t = "t1_aaa_03"
			squad_members:t = "t1_aaa_04"
			squad_members:t = "t1_aaa_05"
			squad_members:t = "t1_aaa_06"
			squad_members:t = "t1_aaa_07"
			squad_members:t = "t1_aaa_08"
		}
	}
	squad {
		name:t = "t1_artillery_squad"
		tm:m = [[0.160861, 0.0, 0.986977] [0.0, 1.0, 0.0] [-0.986977, 0.0, 0.160861] [19999.9, 1986.01, -13695.1]]
		props {
			squad_members:t = "t1_art_01"
			squad_members:t = "t1_art_02"
			squad_members:t = "t1_art_03"
			squad_members:t = "t1_art_04"
			squad_members:t = "t1_art_05"
			squad_members:t = "t1_art_06"
			squad_members:t = "t1_art_07"
			squad_members:t = "t1_art_08"
			squad_members:t = "t1_art_09"
			squad_members:t = "t1_art_10"
			squad_members:t = "t1_art_11"
			squad_members:t = "t1_art_12"
			squad_members:t = "t1_art_13"
			squad_members:t = "t1_art_14"
			squad_members:t = "t1_art_15"
			squad_members:t = "t1_art_16"
		}
	}
	squad {
		name:t = "t1_bunkers_squad"
		tm:m = [[0.160861, 0.0, 0.986977] [0.0, 1.0, 0.0] [-0.986977, 0.0, 0.160861] [20838.4, 1991.08, -12692.6]]
		props {
			squad_members:t = "t1_bunker_01"
			squad_members:t = "t1_bunker_02"
			squad_members:t = "t1_bunker_03"
			squad_members:t = "t1_bunker_04"
			squad_members:t = "t1_bunker_05"
			squad_members:t = "t1_bunker_06"
			squad_members:t = "t1_bunker_07"
			squad_members:t = "t1_bunker_08"
		}
	}
	objectGroups {
		name:t = "t2_trench_rank_06_01"
		tm:m = [[0.996278, -0.00757311, -0.0858456] [0.0121659, 0.998515, 0.053104] [0.085316, -0.0539507, 0.994893] [-17098.0, 1031.96, -1654.65]]
		unit_class:t = "dynTrench_small_bunker_axis"
		objLayer:i = 2
		props {
			army:i = 2
			active:b = true
		}
	}
	structures {
		name:t = "t2_bunker_01"
		tm:m = [[-0.0621453, -0.0522501, 0.996697] [0.0121659, 0.998515, 0.053104] [-0.997993, 0.015426, -0.0614165] [-17086.2, 1031.69, -1645.41]]
		unit_class:t = "uk_bunker_light_fat"
		objLayer:i = 1
		closed_waypoints:b = false
		isShipSpline:b = false
		shipTurnRadius:r = 100
		weapons:t = ""
		bullets0:t = ""
		bullets1:t = ""
		bullets2:t = ""
		bullets3:t = ""
		bulletsCount0:i = 0
		bulletsCount1:i = 0
		bulletsCount2:i = 0
		bulletsCount3:i = 0
		crewSkillK:r = 0
		applyAllMods:b = false
		props {
			army:i = 2
			count:i = 1
			formation_type:t = "rows"
			formation_div:i = 3
			formation_step:p2 = 2.5, 2
			formation_noise:p2 = 0.1, 0.1
		}
		way {

		}
	}
	structures {
		name:t = "t2_art_02"
		tm:m = [[-0.0621453, -0.0522501, 0.996697] [0.0121659, 0.998515, 0.053104] [-0.997993, 0.015426, -0.0614165] [-17180.8, 1033.15, -1649.8]]
		unit_class:t = "ussr_quest_large_art_noground"
		objLayer:i = 1
		closed_waypoints:b = false
		isShipSpline:b = false
		shipTurnRadius:r = 100
		weapons:t = ""
		bullets0:t = ""
		bullets1:t = ""
		bullets2:t = ""
		bullets3:t = ""
		bulletsCount0:i = 0
		bulletsCount1:i = 0
		bulletsCount2:i = 0
		bulletsCount3:i = 0
		crewSkillK:r = 0
		applyAllMods:b = false
		props {
			army:i = 2
			count:i = 1
			formation_type:t = "rows"
			formation_div:i = 3
			formation_step:p2 = 2.5, 2
			formation_noise:p2 = 0.1, 0.1
		}
		way {

		}
	}
	structures {
		name:t = "t2_art_01"
		tm:m = [[-0.0621453, -0.0522501, 0.996697] [0.0121659, 0.998515, 0.053104] [-0.997993, 0.015426, -0.0614165] [-17013.0, 1030.48, -1633.08]]
		unit_class:t = "ussr_quest_large_art_noground"
		objLayer:i = 1
		closed_waypoints:b = false
		isShipSpline:b = false
		shipTurnRadius:r = 100
		weapons:t = ""
		bullets0:t = ""
		bullets1:t = ""
		bullets2:t = ""
		bullets3:t = ""
		bulletsCount0:i = 0
		bulletsCount1:i = 0
		bulletsCount2:i = 0
		bulletsCount3:i = 0
		crewSkillK:r = 0
		applyAllMods:b = false
		props {
			army:i = 2
			count:i = 1
			formation_type:t = "rows"
			formation_div:i = 3
			formation_step:p2 = 2.5, 2
			formation_noise:p2 = 0.1, 0.1
		}
		way {

		}
	}
	tankModels {
		name:t = "t2_aaa_01"
		tm:m = [[-0.0621453, -0.0522501, 0.996697] [0.0121659, 0.998515, 0.053104] [-0.997993, 0.015426, -0.0614165] [-17091.8, 1032.36, -1702.76]]
		unit_class:t = "ussr_btr_152a"
		objLayer:i = 1
		closed_waypoints:b = false
		isShipSpline:b = false
		shipTurnRadius:r = 100
		weapons:t = ""
		bullets0:t = ""
		bullets1:t = ""
		bullets2:t = ""
		bullets3:t = ""
		bulletsCount0:i = 0
		bulletsCount1:i = 0
		bulletsCount2:i = 0
		bulletsCount3:i = 0
		crewSkillK:r = 0
		applyAllMods:b = false
		props {
			army:i = 2
			count:i = 1
			formation_type:t = "rows"
			formation_div:i = 3
			formation_step:p2 = 2.5, 2
			formation_noise:p2 = 0.1, 0.1
		}
		way {

		}
	}
	objectGroups {
		name:t = "t2_trench_rank_06_02"
		tm:m = [[0.995905, 0.0310802, -0.0848965] [-0.0249302, 0.997052, 0.0725657] [0.0869026, -0.0701522, 0.993744] [-19996.6, 1028.94, -1344.82]]
		unit_class:t = "dynTrench_small_bunker_axis"
		objLayer:i = 2
		props {
			army:i = 2
			active:b = true
		}
	}
	structures {
		name:t = "t2_bunker_02"
		tm:m = [[-0.0605206, -0.0739607, 0.995423] [-0.0249302, 0.997052, 0.0725657] [-0.997856, -0.0204241, -0.062187] [-19984.3, 1030.83, -1334.31]]
		unit_class:t = "uk_bunker_light_fat"
		objLayer:i = 1
		closed_waypoints:b = false
		isShipSpline:b = false
		shipTurnRadius:r = 100
		weapons:t = ""
		bullets0:t = ""
		bullets1:t = ""
		bullets2:t = ""
		bullets3:t = ""
		bulletsCount0:i = 0
		bulletsCount1:i = 0
		bulletsCount2:i = 0
		bulletsCount3:i = 0
		crewSkillK:r = 0
		applyAllMods:b = false
		props {
			army:i = 2
			count:i = 1
			formation_type:t = "rows"
			formation_div:i = 3
			formation_step:p2 = 2.5, 2
			formation_noise:p2 = 0.1, 0.1
		}
		way {

		}
	}
	structures {
		name:t = "t2_art_03"
		tm:m = [[-0.0605206, -0.0739607, 0.995423] [-0.0249302, 0.997052, 0.0725657] [-0.997856, -0.0204241, -0.062187] [-20078.7, 1022.85, -1338.78]]
		unit_class:t = "ussr_quest_large_art_noground"
		objLayer:i = 1
		closed_waypoints:b = false
		isShipSpline:b = false
		shipTurnRadius:r = 100
		weapons:t = ""
		bullets0:t = ""
		bullets1:t = ""
		bullets2:t = ""
		bullets3:t = ""
		bulletsCount0:i = 0
		bulletsCount1:i = 0
		bulletsCount2:i = 0
		bulletsCount3:i = 0
		crewSkillK:r = 0
		applyAllMods:b = false
		props {
			army:i = 2
			count:i = 1
			formation_type:t = "rows"
			formation_div:i = 3
			formation_step:p2 = 2.5, 2
			formation_noise:p2 = 0.1, 0.1
		}
		way {

		}
	}
	structures {
		name:t = "t2_art_04"
		tm:m = [[-0.0605206, -0.0739607, 0.995423] [-0.0249302, 0.997052, 0.0725657] [-0.997856, -0.0204241, -0.062187] [-19912.0, 1037.58, -1323.41]]
		unit_class:t = "ussr_quest_large_art_noground"
		objLayer:i = 1
		closed_waypoints:b = false
		isShipSpline:b = false
		shipTurnRadius:r = 100
		weapons:t = ""
		bullets0:t = ""
		bullets1:t = ""
		bullets2:t = ""
		bullets3:t = ""
		bulletsCount0:i = 0
		bulletsCount1:i = 0
		bulletsCount2:i = 0
		bulletsCount3:i = 0
		crewSkillK:r = 0
		applyAllMods:b = false
		props {
			army:i = 2
			count:i = 1
			formation_type:t = "rows"
			formation_div:i = 3
			formation_step:p2 = 2.5, 2
			formation_noise:p2 = 0.1, 0.1
		}
		way {

		}
	}
	tankModels {
		name:t = "t2_aaa_02"
		tm:m = [[-0.0605206, -0.0739607, 0.995423] [-0.0249302, 0.997052, 0.0725657] [-0.997856, -0.0204241, -0.062187] [-19989.7, 1025.46, -1391.92]]
		unit_class:t = "ussr_btr_152a"
		objLayer:i = 1
		closed_waypoints:b = false
		isShipSpline:b = false
		shipTurnRadius:r = 100
		weapons:t = ""
		bullets0:t = ""
		bullets1:t = ""
		bullets2:t = ""
		bullets3:t = ""
		bulletsCount0:i = 0
		bulletsCount1:i = 0
		bulletsCount2:i = 0
		bulletsCount3:i = 0
		crewSkillK:r = 0
		applyAllMods:b = false
		props {
			army:i = 2
			count:i = 1
			formation_type:t = "rows"
			formation_div:i = 3
			formation_step:p2 = 2.5, 2
			formation_noise:p2 = 0.1, 0.1
		}
		way {

		}
	}
	objectGroups {
		name:t = "t2_trench_rank_06_03"
		tm:m = [[0.997183, 0.0129696, -0.0738738] [-0.0127781, 0.999914, 0.00306047] [0.0739061, -0.00210769, 0.997263] [-11212.7, 1062.4, -2438.07]]
		unit_class:t = "dynTrench_small_bunker_axis"
		objLayer:i = 2
		props {
			army:i = 2
			active:b = true
		}
	}
	structures {
		name:t = "t2_bunker_03"
		tm:m = [[-0.0735632, -0.00399315, 0.997283] [-0.0127781, 0.999914, 0.00306047] [-0.997208, -0.0125186, -0.0736078] [-11201.3, 1064.81, -2427.0]]
		unit_class:t = "uk_bunker_light_fat"
		objLayer:i = 1
		closed_waypoints:b = false
		isShipSpline:b = false
		shipTurnRadius:r = 100
		weapons:t = ""
		bullets0:t = ""
		bullets1:t = ""
		bullets2:t = ""
		bullets3:t = ""
		bulletsCount0:i = 0
		bulletsCount1:i = 0
		bulletsCount2:i = 0
		bulletsCount3:i = 0
		crewSkillK:r = 0
		applyAllMods:b = false
		props {
			army:i = 2
			count:i = 1
			formation_type:t = "rows"
			formation_div:i = 3
			formation_step:p2 = 2.5, 2
			formation_noise:p2 = 0.1, 0.1
		}
		way {

		}
	}
	structures {
		name:t = "t2_art_05"
		tm:m = [[-0.0735632, -0.00399315, 0.997283] [-0.0127781, 0.999914, 0.00306047] [-0.997208, -0.0125186, -0.0736078] [-11295.7, 1063.8, -2433.29]]
		unit_class:t = "ussr_quest_large_art_noground"
		objLayer:i = 1
		closed_waypoints:b = false
		isShipSpline:b = false
		shipTurnRadius:r = 100
		weapons:t = ""
		bullets0:t = ""
		bullets1:t = ""
		bullets2:t = ""
		bullets3:t = ""
		bulletsCount0:i = 0
		bulletsCount1:i = 0
		bulletsCount2:i = 0
		bulletsCount3:i = 0
		crewSkillK:r = 0
		applyAllMods:b = false
		props {
			army:i = 2
			count:i = 1
			formation_type:t = "rows"
			formation_div:i = 3
			formation_step:p2 = 2.5, 2
			formation_noise:p2 = 0.1, 0.1
		}
		way {

		}
	}
	structures {
		name:t = "t2_art_06"
		tm:m = [[-0.0735632, -0.00399315, 0.997283] [-0.0127781, 0.999914, 0.00306047] [-0.997208, -0.0125186, -0.0736078] [-11128.1, 1067.23, -2415.42]]
		unit_class:t = "ussr_quest_large_art_noground"
		objLayer:i = 1
		closed_waypoints:b = false
		isShipSpline:b = false
		shipTurnRadius:r = 100
		weapons:t = ""
		bullets0:t = ""
		bullets1:t = ""
		bullets2:t = ""
		bullets3:t = ""
		bulletsCount0:i = 0
		bulletsCount1:i = 0
		bulletsCount2:i = 0
		bulletsCount3:i = 0
		crewSkillK:r = 0
		applyAllMods:b = false
		props {
			army:i = 2
			count:i = 1
			formation_type:t = "rows"
			formation_div:i = 3
			formation_step:p2 = 2.5, 2
			formation_noise:p2 = 0.1, 0.1
		}
		way {

		}
	}
	tankModels {
		name:t = "t2_aaa_03"
		tm:m = [[-0.0735632, -0.00399315, 0.997283] [-0.0127781, 0.999914, 0.00306047] [-0.997208, -0.0125186, -0.0736078] [-11205.9, 1052.49, -2483.29]]
		unit_class:t = "ussr_btr_152a"
		objLayer:i = 1
		closed_waypoints:b = false
		isShipSpline:b = false
		shipTurnRadius:r = 100
		weapons:t = ""
		bullets0:t = ""
		bullets1:t = ""
		bullets2:t = ""
		bullets3:t = ""
		bulletsCount0:i = 0
		bulletsCount1:i = 0
		bulletsCount2:i = 0
		bulletsCount3:i = 0
		crewSkillK:r = 0
		applyAllMods:b = false
		props {
			army:i = 2
			count:i = 1
			formation_type:t = "rows"
			formation_div:i = 3
			formation_step:p2 = 2.5, 2
			formation_noise:p2 = 0.1, 0.1
		}
		way {

		}
	}
	objectGroups {
		name:t = "t2_trench_rank_06_04"
		tm:m = [[0.931181, 0.00340541, -0.364541] [0.00287934, 0.999856, 0.0166955] [0.364545, -0.0165971, 0.931037] [-27992.0, 1041.11, 6.21381]]
		unit_class:t = "dynTrench_small_bunker_axis"
		objLayer:i = 2
		props {
			army:i = 2
			active:b = true
		}
	}
	structures {
		name:t = "t2_bunker_04"
		tm:m = [[0.223624, -0.0169168, 0.974527] [0.00287934, 0.999856, 0.0166955] [-0.974671, -0.000927268, 0.223641] [-27978.2, 1041.1, 11.3558]]
		unit_class:t = "uk_bunker_light_fat"
		objLayer:i = 1
		closed_waypoints:b = false
		isShipSpline:b = false
		shipTurnRadius:r = 100
		weapons:t = ""
		bullets0:t = ""
		bullets1:t = ""
		bullets2:t = ""
		bullets3:t = ""
		bulletsCount0:i = 0
		bulletsCount1:i = 0
		bulletsCount2:i = 0
		bulletsCount3:i = 0
		crewSkillK:r = 0
		applyAllMods:b = false
		props {
			army:i = 2
			count:i = 1
			formation_type:t = "rows"
			formation_div:i = 3
			formation_step:p2 = 2.5, 2
			formation_noise:p2 = 0.1, 0.1
		}
		way {

		}
	}
	structures {
		name:t = "t2_art_07"
		tm:m = [[0.223624, -0.0169168, 0.974527] [0.00287934, 0.999856, 0.0166955] [-0.974671, -0.000927268, 0.223641] [-28070.4, 1041.11, 33.9718]]
		unit_class:t = "ussr_quest_large_art_noground"
		objLayer:i = 1
		closed_waypoints:b = false
		isShipSpline:b = false
		shipTurnRadius:r = 100
		weapons:t = ""
		bullets0:t = ""
		bullets1:t = ""
		bullets2:t = ""
		bullets3:t = ""
		bulletsCount0:i = 0
		bulletsCount1:i = 0
		bulletsCount2:i = 0
		bulletsCount3:i = 0
		crewSkillK:r = 0
		applyAllMods:b = false
		props {
			army:i = 2
			count:i = 1
			formation_type:t = "rows"
			formation_div:i = 3
			formation_step:p2 = 2.5, 2
			formation_noise:p2 = 0.1, 0.1
		}
		way {

		}
	}
	structures {
		name:t = "t2_art_08"
		tm:m = [[0.223624, -0.0169168, 0.974527] [0.00287934, 0.999856, 0.0166955] [-0.974671, -0.000927268, 0.223641] [-27904.6, 1041.08, 2.55981]]
		unit_class:t = "ussr_quest_large_art_noground"
		objLayer:i = 1
		closed_waypoints:b = false
		isShipSpline:b = false
		shipTurnRadius:r = 100
		weapons:t = ""
		bullets0:t = ""
		bullets1:t = ""
		bullets2:t = ""
		bullets3:t = ""
		bulletsCount0:i = 0
