selected_tag:t = ""
bin_dump_file:t = ""
mission_settings {
	player {
		army:i = 1
		wing:t = "bdt_armada"
	}
	player_teamB {
		army:i = 2
	}
	mission {
		level:t = "levels/air_vietnam.bin"
		type:t = "singleMission"
		environment:t = "Day"
		weather:t = "hazy"
		restoreType:t = "attempts"
		optionalTakeOff:b = true
	}
	spectator_points {

	}
}
imports {
	import_record {
		file:t = "gameData/missions/templates/enduring_confrontation/bdt_bases_destroy_template.blk"
		importAreas:b = true
		importUnits:b = true
		importTriggers:b = true
		importMissionObjectives:b = true
		importWayPoints:b = true
		showAreas:b = true
		showUnits:b = true
		showTriggers:b = true
		showMissionObjectives:b = true
		showWayPoints:b = true
		excludes {

		}
	}
	import_record {
		file:t = "gameData/missions/templates/units_sets/land_sets_aaa_bases/bdt_t1_ussr_rank_01.blk"
		rankRange:ip2 = 0, 4
		importAreas:b = true
		importUnits:b = true
		importTriggers:b = true
		importMissionObjectives:b = true
		importWayPoints:b = true
		showAreas:b = true
		showUnits:b = true
		showTriggers:b = true
		showMissionObjectives:b = true
		showWayPoints:b = true
		excludes {

		}
	}
	import_record {
		file:t = "gameData/missions/templates/units_sets/land_sets_aaa_bases/bdt_t1_ussr_rank_02.blk"
		rankRange:ip2 = 5, 8
		importAreas:b = true
		importUnits:b = true
		importTriggers:b = true
		importMissionObjectives:b = true
		importWayPoints:b = true
		showAreas:b = true
		showUnits:b = true
		showTriggers:b = true
		showMissionObjectives:b = true
		showWayPoints:b = true
		excludes {

		}
	}
	import_record {
		file:t = "gameData/missions/templates/units_sets/land_sets_aaa_bases/bdt_t1_ussr_rank_03.blk"
		rankRange:ip2 = 9, 13
		importAreas:b = true
		importUnits:b = true
		importTriggers:b = true
		importMissionObjectives:b = true
		importWayPoints:b = true
		showAreas:b = true
		showUnits:b = true
		showTriggers:b = true
		showMissionObjectives:b = true
		showWayPoints:b = true
		excludes {

		}
	}
	import_record {
		file:t = "gameData/missions/templates/units_sets/land_sets_aaa_bases/bdt_t1_ussr_rank_04.blk"
		rankRange:ip2 = 14, 19
		importAreas:b = true
		importUnits:b = true
		importTriggers:b = true
		importMissionObjectives:b = true
		importWayPoints:b = true
		showAreas:b = true
		showUnits:b = true
		showTriggers:b = true
		showMissionObjectives:b = true
		showWayPoints:b = true
		excludes {

		}
	}
	import_record {
		file:t = "gameData/missions/templates/units_sets/land_sets_aaa_bases/bdt_t1_ussr_rank_05.blk"
		rankRange:ip2 = 20, 24
		importAreas:b = true
		importUnits:b = true
		importTriggers:b = true
		importMissionObjectives:b = true
		importWayPoints:b = true
		showAreas:b = true
		showUnits:b = true
		showTriggers:b = true
		showMissionObjectives:b = true
		showWayPoints:b = true
		excludes {

		}
	}
	import_record {
		file:t = "gameData/missions/templates/units_sets/land_sets_aaa_bases/bdt_t1_ussr_rank_06.blk"
		rankRange:ip2 = 25, 50
		importAreas:b = true
		importUnits:b = true
		importTriggers:b = true
		importMissionObjectives:b = true
		importWayPoints:b = true
		showAreas:b = true
		showUnits:b = true
		showTriggers:b = true
		showMissionObjectives:b = true
		showWayPoints:b = true
		excludes {

		}
	}
	import_record {
		file:t = "gameData/missions/templates/units_sets/land_sets_aaa_bases/bdt_t2_germ_rank_01.blk"
		rankRange:ip2 = 0, 4
		importAreas:b = true
		importUnits:b = true
		importTriggers:b = true
		importMissionObjectives:b = true
		importWayPoints:b = true
		showAreas:b = true
		showUnits:b = true
		showTriggers:b = true
		showMissionObjectives:b = true
		showWayPoints:b = true
		excludes {

		}
	}
	import_record {
		file:t = "gameData/missions/templates/units_sets/land_sets_aaa_bases/bdt_t2_germ_rank_02.blk"
		rankRange:ip2 = 5, 8
		importAreas:b = true
		importUnits:b = true
		importTriggers:b = true
		importMissionObjectives:b = true
		importWayPoints:b = true
		showAreas:b = true
		showUnits:b = true
		showTriggers:b = true
		showMissionObjectives:b = true
		showWayPoints:b = true
		excludes {

		}
	}
	import_record {
		file:t = "gameData/missions/templates/units_sets/land_sets_aaa_bases/bdt_t2_germ_rank_03.blk"
		rankRange:ip2 = 9, 13
		importAreas:b = true
		importUnits:b = true
		importTriggers:b = true
		importMissionObjectives:b = true
		importWayPoints:b = true
		showAreas:b = true
		showUnits:b = true
		showTriggers:b = true
		showMissionObjectives:b = true
		showWayPoints:b = true
		excludes {

		}
	}
	import_record {
		file:t = "gameData/missions/templates/units_sets/land_sets_aaa_bases/bdt_t2_germ_rank_04.blk"
		rankRange:ip2 = 14, 19
		importAreas:b = true
		importUnits:b = true
		importTriggers:b = true
		importMissionObjectives:b = true
		importWayPoints:b = true
		showAreas:b = true
		showUnits:b = true
		showTriggers:b = true
		showMissionObjectives:b = true
		showWayPoints:b = true
		excludes {

		}
	}
	import_record {
		file:t = "gameData/missions/templates/units_sets/land_sets_aaa_bases/bdt_t2_germ_rank_05.blk"
		rankRange:ip2 = 20, 24
		importAreas:b = true
		importUnits:b = true
		importTriggers:b = true
		importMissionObjectives:b = true
		importWayPoints:b = true
		showAreas:b = true
		showUnits:b = true
		showTriggers:b = true
		showMissionObjectives:b = true
		showWayPoints:b = true
		excludes {

		}
	}
	import_record {
		file:t = "gameData/missions/templates/units_sets/land_sets_aaa_bases/bdt_t2_germ_rank_06.blk"
		rankRange:ip2 = 25, 50
		importAreas:b = true
		importUnits:b = true
		importTriggers:b = true
		importMissionObjectives:b = true
		importWayPoints:b = true
		showAreas:b = true
		showUnits:b = true
		showTriggers:b = true
		showMissionObjectives:b = true
		showWayPoints:b = true
		excludes {

		}
	}
}
triggers {
	isCategory:b = true
	is_enabled:b = true
	bdt_part_init {
		is_enabled:b = true
		comments:t = ""
		props {
			actionsType:t = "PERFORM_ONE_BY_ONE"
			conditionsType:t = "ALL"
			enableAfterComplete:b = false
		}
		events {
			initMission {

			}
		}
		conditions {

		}
		actions {
			comment {
				value:t = "set max bases amount +1"
			}
			varSetInt {
				value:i = 21
				var:t = "bdt_t1_total_bases_max_count"
			}
			varSetInt {
				value:i = 21
				var:t = "bdt_t2_total_bases_max_count"
			}
			comment {
				value:t = "enable self restarting for template"
			}
			varSetBool {
				value:b = true
				var:t = "bdt_self_restart"
			}
			comment {
				value:t = "increase one-moment bases amount"
			}
			varSetInt {
				value:i = 5
				var:t = "bdt_t1_active_bases_max_count"
				var:t = "bdt_t2_active_bases_max_count"
			}
			comment {
				value:t = "set min distance between bases"
			}
			varSetReal {
				value:r = 15000
				var:t = "bdt_t1_min_zone_distance"
				var:t = "bdt_t2_min_zone_distance"
			}
		}
		else_actions {

		}
	}
}
mission_objectives {
	isCategory:b = true
	is_enabled:b = true
}
variables {

}
dialogs {

}
airfields {

}
effects {

}
units {
	objectGroups {
		name:t = "bdt_t1_bomb_object_01"
		tm:m = [[0.121857, 0.0, 0.992548] [0.0, 1.0, 0.0] [-0.992548, 0.0, 0.121857] [18552.6, 145.207, -493.655]]
		unit_class:t = "dynBase_small_factory_square"
		objLayer:i = 2
		props {
			army:i = 1
			active:b = false
		}
	}
	objectGroups {
		name:t = "bdt_t1_bomb_object_02"
		tm:m = [[0.258819, 0.0, 0.965927] [0.0, 1.0, 0.0] [-0.965927, 0.0, 0.258819] [12837.1, 168.813, -22167.0]]
		unit_class:t = "dynBase_hq_camp_square"
		objLayer:i = 2
		props {
			army:i = 1
			active:b = false
		}
	}
	objectGroups {
		name:t = "bdt_t1_bomb_object_03"
		tm:m = [[0.766044, 0.0, 0.642788] [0.0, 1.0, 0.0] [-0.642788, 0.0, 0.766044] [24238.8, 100.351, -11331.6]]
		unit_class:t = "dynBase_petrol_camp_square"
		objLayer:i = 2
		props {
			army:i = 1
			active:b = false
		}
	}
	objectGroups {
		name:t = "bdt_t1_bomb_object_04"
		tm:m = [[0.342021, 0.0, 0.939693] [0.0, 1.0, 0.0] [-0.939693, 0.0, 0.342021] [22495.7, 156.689, -32034.1]]
		unit_class:t = "dynBase_field_camp_square"
		objLayer:i = 2
		props {
			army:i = 1
			active:b = false
		}
	}
	objectGroups {
		name:t = "bdt_t1_bomb_object_05"
		tm:m = [[0.996194, 0.0, 0.0871554] [0.0, 1.0, 0.0] [-0.0871554, 0.0, 0.996194] [8376.36, 107.109, -1943.77]]
		unit_class:t = "dynBase_military_base_square"
		objLayer:i = 2
		props {
			army:i = 1
			active:b = false
		}
	}
	objectGroups {
		name:t = "bdt_t1_bomb_object_06"
		tm:m = [[-0.0436191, 0.0, 0.999049] [0.0, 1.0, 0.0] [-0.999049, 0.0, -0.0436191] [8671.01, 116.135, 24205.3]]
		unit_class:t = "dynBase_oil_storage_large_square"
		objLayer:i = 2
		props {
			army:i = 1
			active:b = false
		}
	}
	objectGroups {
		name:t = "bdt_t1_bomb_object_07"
		tm:m = [[-0.0436195, 0.0, 0.999047] [0.0, 1.0, 0.0] [-0.999047, 0.0, -0.0436195] [21832.3, 40.403, 12276.3]]
		unit_class:t = "dynBase_ammunition_storage_square"
		objLayer:i = 2
		props {
			army:i = 1
			active:b = false
		}
	}
	objectGroups {
		name:t = "bdt_t1_bomb_object_08"
		tm:m = [[-0.422618, 0.0, 0.906307] [0.0, 1.0, 0.0] [-0.906307, 0.0, -0.422618] [22176.5, 151.628, 25353.5]]
		unit_class:t = "dynBase_oil_storage_small_square"
		objLayer:i = 2
		props {
			army:i = 1
			active:b = false
		}
	}
	objectGroups {
		name:t = "bdt_t2_bomb_object_01"
		tm:m = [[0.573577, 0.0, 0.819153] [0.0, 1.0, 0.0] [-0.819153, 0.0, 0.573577] [-17693.5, 119.776, 17435.9]]
		unit_class:t = "dynBase_hq_camp_square"
		objLayer:i = 2
		props {
			army:i = 2
			active:b = false
		}
	}
	objectGroups {
		name:t = "bdt_t2_bomb_object_02"
		tm:m = [[0.862677, 0.0, 0.505759] [0.0, 1.0, 0.0] [-0.505759, 0.0, 0.862677] [-20236.4, 130.986, -19504.0]]
		unit_class:t = "dynBase_military_base_square"
		objLayer:i = 2
		props {
			army:i = 2
			active:b = false
		}
	}
	objectGroups {
		name:t = "bdt_t2_bomb_object_03"
		tm:m = [[-0.976298, 0.0, -0.21644] [0.0, 1.0, 0.0] [0.21644, 0.0, -0.976298] [-8711.18, 68.3514, -4014.52]]
		unit_class:t = "dynBase_ammunition_camp_square"
		objLayer:i = 2
		props {
			army:i = 2
			active:b = false
		}
	}
	objectGroups {
		name:t = "bdt_t2_bomb_object_04"
		tm:m = [[0.382684, 0.0, 0.923881] [0.0, 1.0, 0.0] [-0.923881, 0.0, 0.382684] [-16543.4, 70.7917, -26585.5]]
		unit_class:t = "dynBase_oil_storage_large_square"
		objLayer:i = 2
		props {
			army:i = 2
			active:b = false
		}
	}
	objectGroups {
		name:t = "bdt_t2_bomb_object_05"
		tm:m = [[0.130526, 0.0, 0.991445] [0.0, 1.0, 0.0] [-0.991445, 0.0, 0.130526] [-22469.3, 75.2769, 3294.51]]
		unit_class:t = "dynBase_oil_storage_small_square"
		objLayer:i = 2
		props {
			army:i = 2
			active:b = false
		}
	}
	objectGroups {
		name:t = "bdt_t2_bomb_object_06"
		tm:m = [[0.500001, 0.0, 0.866026] [0.0, 1.0, 0.0] [-0.866026, 0.0, 0.500001] [-15028.6, 85.1584, 5109.62]]
		unit_class:t = "dynBase_petrol_camp_square"
		objLayer:i = 2
		props {
			army:i = 2
			active:b = false
		}
	}
	objectGroups {
		name:t = "bdt_t2_bomb_object_07"
		tm:m = [[0.25882, 0.0, 0.965926] [0.0, 1.0, 0.0] [-0.965926, 0.0, 0.25882] [-17617.6, 81.8046, -5905.02]]
		unit_class:t = "dynBase_ammunition_storage_square"
		objLayer:i = 2
		props {
			army:i = 2
			active:b = false
		}
	}
	objectGroups {
		name:t = "bdt_t2_bomb_object_08"
		tm:m = [[0.608762, 0.0, 0.793353] [0.0, 1.0, 0.0] [-0.793353, 0.0, 0.608762] [-6570.32, 210.529, 5365.65]]
		unit_class:t = "dynBase_small_factory_square"
		objLayer:i = 2
		props {
			army:i = 2
			active:b = false
		}
	}
	armada {
		name:t = "bdt_armada"
		tm:m = [[0.707106, 0.0, 0.707107] [0.0, 1.0, 0.0] [-0.707107, 0.0, 0.707106] [3527.94, 5280.21, -17491.6]]
		unit_class:t = "b-17g"
		objLayer:i = 1
		closed_waypoints:b = false
		isShipSpline:b = false
		shipTurnRadius:r = 100
		weapons:t = "B17G_8x1000lbs"
		bullets0:t = ""
		bullets1:t = ""
		bullets2:t = ""
		bullets3:t = ""
		bulletsCount0:i = 0
		bulletsCount1:i = 0
		bulletsCount2:i = 0
		bulletsCount3:i = 0
		crewSkillK:r = 0
		applyAllMods:b = false
		props {
			army:i = 2
			count:i = 1
			free_distance:r = 70
			floating_distance:r = 50
			minimum_distance_to_earth:r = 20
			altLimit:r = 6000
			attack_type:t = "fire_at_will"
			skill:i = 4
			plane {
				wing_formation:t = "Diamond"
				row_distances:r = 3
				col_distances:r = 3
				super_formation:t = "Diamond"
				super_row_distances:r = 1.5
				super_col_distances:r = 1.5
				ai_skill:t = "NORMAL"
				task:t = "FLY_WAYPOINT"
			}
		}
		way {

		}
	}
	objectGroups {
		name:t = "bdt_t1_bomb_object_09"
		tm:m = [[-0.422618, 0.0, 0.906307] [0.0, 1.0, 0.0] [-0.906307, 0.0, -0.422618] [29727.0, 386.021, 13236.1]]
		unit_class:t = "dynBase_oil_storage_small_square"
		objLayer:i = 2
		props {
			army:i = 1
			active:b = false
		}
	}
	objectGroups {
		name:t = "bdt_t1_bomb_object_10"
		tm:m = [[0.766044, 0.0, 0.642788] [0.0, 1.0, 0.0] [-0.642788, 0.0, 0.766044] [12782.8, 200.866, 9785.76]]
		unit_class:t = "dynBase_petrol_camp_square"
		objLayer:i = 2
		props {
			army:i = 1
			active:b = false
		}
	}
	objectGroups {
		name:t = "bdt_t2_bomb_object_09"
		tm:m = [[0.862677, 0.0, 0.505759] [0.0, 1.0, 0.0] [-0.505759, 0.0, 0.862677] [-28713.2, 158.767, -26104.4]]
		unit_class:t = "dynBase_military_base_square"
		objLayer:i = 2
		props {
			army:i = 2
			active:b = false
		}
	}
	objectGroups {
		name:t = "bdt_t2_bomb_object_10"
		tm:m = [[0.130526, 0.0, 0.991445] [0.0, 1.0, 0.0] [-0.991445, 0.0, 0.130526] [-21128.3, 33.6317, 25712.1]]
		unit_class:t = "dynBase_oil_storage_small_square"
		objLayer:i = 2
		props {
			army:i = 2
			active:b = false
		}
	}
	objectGroups {
		name:t = "bdt_t1_bomb_object_11"
		tm:m = [[0.766044, 0.0, 0.642788] [0.0, 1.0, 0.0] [-0.642788, 0.0, 0.766044] [44626.6, 175.987, -28349.3]]
		unit_class:t = "dynBase_petrol_camp_square"
		objLayer:i = 2
		props {
			army:i = 1
			active:b = false
		}
	}
	objectGroups {
		name:t = "bdt_t1_bomb_object_12"
		tm:m = [[0.121857, 0.0, 0.992548] [0.0, 1.0, 0.0] [-0.992548, 0.0, 0.121857] [47219.0, 145.977, 803.632]]
		unit_class:t = "dynBase_small_factory_square"
		objLayer:i = 2
		props {
			army:i = 1
			active:b = false
		}
	}
	objectGroups {
		name:t = "bdt_t1_bomb_object_13"
		tm:m = [[0.258819, 0.0, 0.965927] [0.0, 1.0, 0.0] [-0.965927, 0.0, 0.258819] [26820.2, 142.84, -4067.97]]
		unit_class:t = "dynBase_hq_camp_square"
		objLayer:i = 2
		props {
			army:i = 1
			active:b = false
		}
	}
	objectGroups {
		name:t = "bdt_t1_bomb_object_14"
		tm:m = [[0.342021, 0.0, 0.939693] [0.0, 1.0, 0.0] [-0.939693, 0.0, 0.342021] [29269.6, 119.815, -29488.5]]
		unit_class:t = "dynBase_field_camp_square"
		objLayer:i = 2
		props {
			army:i = 1
			active:b = false
		}
	}
	objectGroups {
		name:t = "bdt_t1_bomb_object_15"
		tm:m = [[0.766044, 0.0, 0.642788] [0.0, 1.0, 0.0] [-0.642788, 0.0, 0.766044] [42827.3, 31.8767, 11917.8]]
		unit_class:t = "dynBase_petrol_camp_square"
		objLayer:i = 2
		props {
			army:i = 1
			active:b = false
		}
	}
	objectGroups {
		name:t = "bdt_t2_bomb_object_11"
		tm:m = [[0.130526, 0.0, 0.991445] [0.0, 1.0, 0.0] [-0.991445, 0.0, 0.130526] [-39749.9, 42.3727, 16972.5]]
		unit_class:t = "dynBase_oil_storage_small_square"
		objLayer:i = 2
		props {
			army:i = 2
			active:b = false
		}
	}
	objectGroups {
		name:t = "bdt_t2_bomb_object_12"
		tm:m = [[0.25882, 0.0, 0.965926] [0.0, 1.0, 0.0] [-0.965926, 0.0, 0.25882] [-40169.5, 130.818, -3884.31]]
		unit_class:t = "dynBase_ammunition_storage_square"
		objLayer:i = 2
		props {
			army:i = 2
			active:b = false
		}
	}
	objectGroups {
		name:t = "bdt_t2_bomb_object_13"
		tm:m = [[0.862677, 0.0, 0.505759] [0.0, 1.0, 0.0] [-0.505759, 0.0, 0.862677] [-32638.9, 115.476, -20866.5]]
		unit_class:t = "dynBase_military_base_square"
		objLayer:i = 2
		props {
			army:i = 2
			active:b = false
		}
	}
	objectGroups {
		name:t = "bdt_t2_bomb_object_14"
		tm:m = [[0.500001, 0.0, 0.866026] [0.0, 1.0, 0.0] [-0.866026, 0.0, 0.500001] [-44530.2, 124.76, 40756.0]]
		unit_class:t = "dynBase_petrol_camp_square"
		objLayer:i = 2
		props {
			army:i = 2
			active:b = false
		}
	}
	objectGroups {
		name:t = "bdt_t2_bomb_object_15"
		tm:m = [[0.862677, 0.0, 0.505759] [0.0, 1.0, 0.0] [-0.505759, 0.0, 0.862677] [-31130.0, 45.3721, 20004.7]]
		unit_class:t = "dynBase_military_base_square"
		objLayer:i = 2
		props {
			army:i = 2
			active:b = false
		}
	}
	objectGroups {
		name:t = "bdt_t1_bomb_object_16"
		tm:m = [[0.342021, 0.0, 0.939693] [0.0, 1.0, 0.0] [-0.939693, 0.0, 0.342021] [15672.9, 224.363, 50469.1]]
		unit_class:t = "dynBase_field_camp_square"
		objLayer:i = 2
		props {
			army:i = 1
			active:b = false
		}
	}
	objectGroups {
		name:t = "bdt_t1_bomb_object_17"
		tm:m = [[0.342021, 0.0, 0.939693] [0.0, 1.0, 0.0] [-0.939693, 0.0, 0.342021] [46887.7, 47.8247, 36537.0]]
		unit_class:t = "dynBase_field_camp_square"
		objLayer:i = 2
		props {
			army:i = 1
			active:b = false
		}
	}
	objectGroups {
		name:t = "bdt_t1_bomb_object_18"
		tm:m = [[0.121857, 0.0, 0.992548] [0.0, 1.0, 0.0] [-0.992548, 0.0, 0.121857] [26970.8, 131.773, -52789.7]]
		unit_class:t = "dynBase_small_factory_square"
		objLayer:i = 2
		props {
			army:i = 1
			active:b = false
		}
	}
	objectGroups {
		name:t = "bdt_t1_bomb_object_19"
		tm:m = [[0.342021, 0.0, 0.939693] [0.0, 1.0, 0.0] [-0.939693, 0.0, 0.342021] [9668.54, 61.1421, -46906.0]]
		unit_class:t = "dynBase_field_camp_square"
		objLayer:i = 2
		props {
			army:i = 1
			active:b = false
		}
	}
	objectGroups {
		name:t = "bdt_t1_bomb_object_20"
		tm:m = [[0.121857, 0.0, 0.992548] [0.0, 1.0, 0.0] [-0.992548, 0.0, 0.121857] [22625.8, 162.208, 38548.1]]
		unit_class:t = "dynBase_small_factory_square"
		objLayer:i = 2
		props {
			army:i = 1
			active:b = false
		}
	}
	objectGroups {
		name:t = "bdt_t2_bomb_object_16"
		tm:m = [[0.25882, 0.0, 0.965926] [0.0, 1.0, 0.0] [-0.965926, 0.0, 0.25882] [-23074.8, 52.866, 37242.6]]
		unit_class:t = "dynBase_ammunition_storage_square"
		objLayer:i = 2
		props {
			army:i = 2
			active:b = false
		}
	}
	objectGroups {
		name:t = "bdt_t2_bomb_object_17"
		tm:m = [[0.500001, 0.0, 0.866026] [0.0, 1.0, 0.0] [-0.866026, 0.0, 0.500001] [-22046.1, 82.6925, -40224.8]]
		unit_class:t = "dynBase_petrol_camp_square"
		objLayer:i = 2
		props {
			army:i = 2
			active:b = false
		}
	}
	objectGroups {
		name:t = "bdt_t2_bomb_object_18"
		tm:m = [[-0.976298, 0.0, -0.21644] [0.0, 1.0, 0.0] [0.21644, 0.0, -0.976298] [-35488.2, 145.647, -52199.5]]
		unit_class:t = "dynBase_ammunition_camp_square"
		objLayer:i = 2
		props {
			army:i = 2
			active:b = false
		}
	}
	objectGroups {
		name:t = "bdt_t2_bomb_object_19"
		tm:m = [[0.25882, 0.0, 0.965926] [0.0, 1.0, 0.0] [-0.965926, 0.0, 0.25882] [-18071.7, 85.8572, -55600.2]]
		unit_class:t = "dynBase_ammunition_storage_square"
		objLayer:i = 2
		props {
			army:i = 2
			active:b = false
		}
	}
	objectGroups {
		name:t = "bdt_t2_bomb_object_20"
		tm:m = [[0.862677, 0.0, 0.505759] [0.0, 1.0, 0.0] [-0.505759, 0.0, 0.862677] [-7856.25, 115.329, -31332.4]]
		unit_class:t = "dynBase_military_base_square"
		objLayer:i = 2
		props {
			army:i = 2
			active:b = false
		}
	}
}
areas {
	bdt_t1_bomb_zone_01 {
		type:t = "Sphere"
		tm:m = [[433.012, 0.0, 250.0] [0.0, 500.0, 0.0] [-250.0, 0.0, 433.012] [18561.7, 145.357, -492.313]]
		objLayer:i = 0
		props {

		}
	}
	bdt_t1_bomb_zone_02 {
		type:t = "Sphere"
		tm:m = [[171.01, 0.0, 469.847] [0.0, 500.0, 0.0] [-469.847, 0.0, 171.01] [12833.9, 168.623, -22166.8]]
		objLayer:i = 0
		props {

		}
	}
	bdt_t1_bomb_zone_03 {
		type:t = "Sphere"
		tm:m = [[409.576, 0.0, 286.788] [0.0, 500.0, 0.0] [-286.788, 0.0, 409.576] [24244.3, 100.441, -11352.1]]
		objLayer:i = 0
		props {

		}
	}
	bdt_t1_bomb_zone_04 {
		type:t = "Sphere"
		tm:m = [[353.554, 0.0, 353.554] [0.0, 500.0, 0.0] [-353.554, 0.0, 353.554] [22498.8, 156.669, -32025.3]]
		objLayer:i = 0
		props {

		}
	}
	bdt_t1_bomb_zone_05 {
		type:t = "Sphere"
		tm:m = [[469.847, 0.0, -171.01] [0.0, 500.0, 0.0] [171.01, 0.0, 469.847] [8376.28, 107.149, -1947.12]]
		objLayer:i = 0
		props {

		}
	}
	bdt_t1_bomb_zone_06 {
		type:t = "Sphere"
		tm:m = [[65.2631, 0.0, 495.722] [0.0, 500.0, 0.0] [-495.722, 0.0, 65.2631] [8667.51, 116.034, 24202.2]]
		objLayer:i = 0
		props {

		}
	}
	bdt_t1_bomb_zone_07 {
		type:t = "Sphere"
		tm:m = [[286.789, 0.0, 409.577] [0.0, 500.0, 0.0] [-409.577, 0.0, 286.789] [21838.9, 40.573, 12282.2]]
		objLayer:i = 0
		props {

		}
	}
	bdt_t1_bomb_zone_08 {
		type:t = "Sphere"
		tm:m = [[108.22, 0.0, 488.149] [0.0, 500.0, 0.0] [-488.149, 0.0, 108.22] [22179.5, 151.878, 25359.4]]
		objLayer:i = 0
		props {

		}
	}
	bdt_t2_bomb_zone_01 {
		type:t = "Sphere"
		tm:m = [[476.859, 0.0, 150.353] [0.0, 500.0, 0.0] [-150.353, 0.0, 476.859] [-17683.2, 119.736, 17433.5]]
		objLayer:i = 0
		props {

		}
	}
	bdt_t2_bomb_zone_02 {
		type:t = "Sphere"
		tm:m = [[496.146, 0.0, -61.9591] [0.0, 500.0, 0.0] [61.9591, 0.0, 496.146] [-20243.8, 130.126, -19502.8]]
		objLayer:i = 0
		props {

		}
	}
	bdt_t2_bomb_zone_03 {
		type:t = "Sphere"
		tm:m = [[469.846, 0.0, 171.01] [0.0, 500.0, 0.0] [-171.01, 0.0, 469.846] [-8700.08, 42.0014, -4022.12]]
		objLayer:i = 0
		props {

		}
	}
	bdt_t2_bomb_zone_04 {
		type:t = "Sphere"
		tm:m = [[433.013, 0.0, 250.0] [0.0, 500.0, 0.0] [-250.0, 0.0, 433.013] [-16533.0, 72.5417, -26577.4]]
		objLayer:i = 0
		props {

		}
	}
	bdt_t2_bomb_zone_05 {
		type:t = "Sphere"
		tm:m = [[353.554, 0.0, 353.554] [0.0, 500.0, 0.0] [-353.554, 0.0, 353.554] [-22468.6, 74.0869, 3301.65]]
		objLayer:i = 0
		props {

		}
	}
	bdt_t2_bomb_zone_06 {
		type:t = "Sphere"
		tm:m = [[492.403, 0.0, 86.8242] [0.0, 500.0, 0.0] [-86.8242, 0.0, 492.403] [-15029.4, 86.6285, 5117.71]]
		objLayer:i = 0
		props {

		}
	}
	bdt_t2_bomb_zone_07 {
		type:t = "Sphere"
		tm:m = [[353.554, 0.0, 353.554] [0.0, 500.0, 0.0] [-353.554, 0.0, 353.554] [-17640.9, 79.4146, -5897.26]]
		objLayer:i = 0
		props {

		}
	}
	bdt_t2_bomb_zone_08 {
		type:t = "Sphere"
		tm:m = [[353.554, 0.0, 353.554] [0.0, 500.0, 0.0] [-353.554, 0.0, 353.554] [-6575.89, 208.639, 5353.25]]
		objLayer:i = 0
		props {

		}
	}
	bdt_center_area {
		type:t = "Box"
		tm:m = [[-0.00927734, 0.0, 124000.0] [0.0, 500.0, 0.0] [-11000.0, 0.0, -0.000854492] [1154.58, 186.757, 4.96411]]
		objLayer:i = 3
		props {

		}
	}
	bdt_t1_bomb_zone_01_aaa_point_01 {
		type:t = "Point"
		tm:m = [[-0.5373, 0.0, -0.843391] [0.0, 1.0, 0.0] [0.843391, 0.0, -0.5373] [18694.7, 144.387, -373.485]]
		objLayer:i = 0
		props {

		}
	}
	bdt_t1_bomb_zone_01_aaa_point_02 {
		type:t = "Point"
		tm:m = [[-0.5373, 0.0, -0.843391] [0.0, 1.0, 0.0] [0.843391, 0.0, -0.5373] [18431.5, 135.367, -328.024]]
		objLayer:i = 0
		props {

		}
	}
	bdt_t1_bomb_zone_01_aaa_point_03 {
		type:t = "Point"
		tm:m = [[-0.5373, 0.0, -0.843391] [0.0, 1.0, 0.0] [0.843391, 0.0, -0.5373] [18394.5, 145.227, -625.986]]
		objLayer:i = 0
		props {

		}
	}
	bdt_t1_bomb_zone_01_aaa_point_04 {
		type:t = "Point"
		tm:m = [[-0.5373, 0.0, -0.843391] [0.0, 1.0, 0.0] [0.843391, 0.0, -0.5373] [18637.6, 149.377, -664.124]]
		objLayer:i = 0
		props {

		}
	}
	bdt_t1_bomb_zone_02_aaa_point_01 {
		type:t = "Point"
		tm:m = [[7.45058e-8, 0.0, -1.0] [0.0, 1.0, 0.0] [1.0, 0.0, 7.45058e-8] [12721.3, 157.353, -22010.6]]
		objLayer:i = 0
		props {

		}
	}
	bdt_t1_bomb_zone_02_aaa_point_02 {
		type:t = "Point"
		tm:m = [[7.45058e-8, 0.0, -1.0] [0.0, 1.0, 0.0] [1.0, 0.0, 7.45058e-8] [12576.5, 155.933, -22242.6]]
		objLayer:i = 0
		props {

		}
	}
	bdt_t1_bomb_zone_02_aaa_point_03 {
		type:t = "Point"
		tm:m = [[7.45058e-8, 0.0, -1.0] [0.0, 1.0, 0.0] [1.0, 0.0, 7.45058e-8] [12759.8, 180.403, -22377.0]]
		objLayer:i = 0
		props {

		}
	}
	bdt_t1_bomb_zone_02_aaa_point_04 {
		type:t = "Point"
		tm:m = [[7.45058e-8, 0.0, -1.0] [0.0, 1.0, 0.0] [1.0, 0.0, 7.45058e-8] [13050.9, 182.073, -22083.0]]
		objLayer:i = 0
		props {

		}
	}
	bdt_t1_bomb_zone_03_aaa_point_01 {
		type:t = "Point"
		tm:m = [[7.45058e-8, 0.0, -1.0] [0.0, 1.0, 0.0] [1.0, 0.0, 7.45058e-8] [24208.1, 104.901, -11503.9]]
		objLayer:i = 0
		props {

		}
	}
	bdt_t1_bomb_zone_03_aaa_point_02 {
		type:t = "Point"
		tm:m = [[7.45058e-8, 0.0, -1.0] [0.0, 1.0, 0.0] [1.0, 0.0, 7.45058e-8] [24455.2, 88.9112, -11256.0]]
		objLayer:i = 0
		props {

		}
	}
	bdt_t1_bomb_zone_03_aaa_point_03 {
		type:t = "Point"
		tm:m = [[7.45058e-8, 0.0, -1.0] [0.0, 1.0, 0.0] [1.0, 0.0, 7.45058e-8] [24193.0, 19.5012, -11069.5]]
		objLayer:i = 0
		props {

		}
	}
	bdt_t1_bomb_zone_03_aaa_point_04 {
		type:t = "Point"
		tm:m = [[7.45058e-8, 0.0, -1.0] [0.0, 1.0, 0.0] [1.0, 0.0, 7.45058e-8] [24042.3, 5.44119, -11214.1]]
		objLayer:i = 0
		props {

		}
	}
	bdt_t1_bomb_zone_04_aaa_point_01 {
		type:t = "Point"
		tm:m = [[7.45058e-8, 0.0, -1.0] [0.0, 1.0, 0.0] [1.0, 0.0, 7.45058e-8] [22689.9, 165.119, -32161.8]]
		objLayer:i = 0
		props {

		}
	}
	bdt_t1_bomb_zone_04_aaa_point_02 {
		type:t = "Point"
		tm:m = [[7.45058e-8, 0.0, -1.0] [0.0, 1.0, 0.0] [1.0, 0.0, 7.45058e-8] [22320.8, 125.529, -31942.7]]
		objLayer:i = 0
		props {

		}
	}
	bdt_t1_bomb_zone_04_aaa_point_03 {
		type:t = "Point"
		tm:m = [[7.45058e-8, 0.0, -1.0] [0.0, 1.0, 0.0] [1.0, 0.0, 7.45058e-8] [22302.3, 133.109, -32194.2]]
		objLayer:i = 0
		props {

		}
	}
	bdt_t1_bomb_zone_04_aaa_point_04 {
		type:t = "Point"
		tm:m = [[7.45058e-8, 0.0, -1.0] [0.0, 1.0, 0.0] [1.0, 0.0, 7.45058e-8] [22533.1, 137.129, -31843.2]]
		objLayer:i = 0
		props {

		}
	}
	bdt_t1_bomb_zone_05_aaa_point_01 {
		type:t = "Point"
		tm:m = [[7.45058e-8, 0.0, -1.0] [0.0, 1.0, 0.0] [1.0, 0.0, 7.45058e-8] [8554.87, 103.339, -1806.76]]
		objLayer:i = 0
		props {

		}
	}
	bdt_t1_bomb_zone_05_aaa_point_02 {
		type:t = "Point"
		tm:m = [[7.45058e-8, 0.0, -1.0] [0.0, 1.0, 0.0] [1.0, 0.0, 7.45058e-8] [8252.21, 106.689, -1772.88]]
		objLayer:i = 0
		props {

		}
	}
	bdt_t1_bomb_zone_05_aaa_point_03 {
		type:t = "Point"
		tm:m = [[7.45058e-8, 0.0, -1.0] [0.0, 1.0, 0.0] [1.0, 0.0, 7.45058e-8] [8151.7, 110.359, -1984.64]]
		objLayer:i = 0
		props {

		}
	}
	bdt_t1_bomb_zone_05_aaa_point_04 {
		type:t = "Point"
		tm:m = [[7.45058e-8, 0.0, -1.0] [0.0, 1.0, 0.0] [1.0, 0.0, 7.45058e-8] [8521.66, 106.189, -2020.32]]
		objLayer:i = 0
		props {

		}
	}
	bdt_t1_bomb_zone_06_aaa_point_01 {
		type:t = "Point"
		tm:m = [[7.45058e-8, 0.0, -1.0] [0.0, 1.0, 0.0] [1.0, 0.0, 7.45058e-8] [8518.64, 149.914, 24344.3]]
		objLayer:i = 0
		props {

		}
	}
	bdt_t1_bomb_zone_06_aaa_point_02 {
		type:t = "Point"
		tm:m = [[7.45058e-8, 0.0, -1.0] [0.0, 1.0, 0.0] [1.0, 0.0, 7.45058e-8] [8832.07, 105.135, 24283.7]]
		objLayer:i = 0
		props {

		}
	}
	bdt_t1_bomb_zone_06_aaa_point_03 {
		type:t = "Point"
		tm:m = [[7.45058e-8, 0.0, -1.0] [0.0, 1.0, 0.0] [1.0, 0.0, 7.45058e-8] [8848.8, 72.444, 24055.4]]
		objLayer:i = 0
		props {

		}
	}
	bdt_t1_bomb_zone_06_aaa_point_04 {
		type:t = "Point"
		tm:m = [[7.45058e-8, 0.0, -1.0] [0.0, 1.0, 0.0] [1.0, 0.0, 7.45058e-8] [8544.79, 110.245, 24078.0]]
		objLayer:i = 0
		props {

		}
	}
	bdt_t1_bomb_zone_07_aaa_point_01 {
		type:t = "Point"
		tm:m = [[0.173648, 0.0, -0.984808] [0.0, 1.0, 0.0] [0.984808, 0.0, 0.173648] [21751.3, 43.603, 12505.6]]
		objLayer:i = 0
		props {

		}
	}
	bdt_t1_bomb_zone_07_aaa_point_02 {
		type:t = "Point"
		tm:m = [[0.173648, 0.0, -0.984808] [0.0, 1.0, 0.0] [0.984808, 0.0, 0.173648] [22070.2, 41.433, 12232.6]]
		objLayer:i = 0
		props {

		}
	}
	bdt_t1_bomb_zone_07_aaa_point_03 {
		type:t = "Point"
		tm:m = [[0.173648, 0.0, -0.984808] [0.0, 1.0, 0.0] [0.984808, 0.0, 0.173648] [21929.2, 37.343, 12049.9]]
		objLayer:i = 0
		props {

		}
	}
	bdt_t1_bomb_zone_07_aaa_point_04 {
		type:t = "Point"
		tm:m = [[0.173648, 0.0, -0.984808] [0.0, 1.0, 0.0] [0.984808, 0.0, 0.173648] [21665.5, 35.933, 12113.0]]
		objLayer:i = 0
		props {

		}
	}
	bdt_t1_bomb_zone_08_aaa_point_01 {
		type:t = "Point"
		tm:m = [[7.45058e-8, 0.0, -1.0] [0.0, 1.0, 0.0] [1.0, 0.0, 7.45058e-8] [21904.8, 162.298, 25394.5]]
		objLayer:i = 0
		props {

		}
	}
	bdt_t1_bomb_zone_08_aaa_point_02 {
		type:t = "Point"
		tm:m = [[7.45058e-8, 0.0, -1.0] [0.0, 1.0, 0.0] [1.0, 0.0, 7.45058e-8] [22253.7, 157.618, 25537.2]]
		objLayer:i = 0
		props {

		}
	}
	bdt_t1_bomb_zone_08_aaa_point_03 {
		type:t = "Point"
		tm:m = [[7.45058e-8, 0.0, -1.0] [0.0, 1.0, 0.0] [1.0, 0.0, 7.45058e-8] [22403.5, 151.388, 25273.2]]
		objLayer:i = 0
		props {

		}
	}
	bdt_t1_bomb_zone_08_aaa_point_04 {
		type:t = "Point"
		tm:m = [[7.45058e-8, 0.0, -1.0] [0.0, 1.0, 0.0] [1.0, 0.0, 7.45058e-8] [22077.7, 153.678, 25148.0]]
		objLayer:i = 0
		props {

		}
	}
	bdt_t2_bomb_zone_01_aaa_point_01 {
		type:t = "Point"
		tm:m = [[7.45058e-8, 0.0, -1.0] [0.0, 1.0, 0.0] [1.0, 0.0, 7.45058e-8] [-17983.7, 125.986, 17428.8]]
		objLayer:i = 0
		props {

		}
	}
	bdt_t2_bomb_zone_01_aaa_point_02 {
		type:t = "Point"
		tm:m = [[7.45058e-8, 0.0, -1.0] [0.0, 1.0, 0.0] [1.0, 0.0, 7.45058e-8] [-17498.8, 119.396, 17384.9]]
		objLayer:i = 0
		props {

		}
	}
	bdt_t2_bomb_zone_01_aaa_point_03 {
		type:t = "Point"
		tm:m = [[7.45058e-8, 0.0, -1.0] [0.0, 1.0, 0.0] [1.0, 0.0, 7.45058e-8] [-17754.1, 132.866, 17260.5]]
		objLayer:i = 0
		props {

		}
	}
	bdt_t2_bomb_zone_01_aaa_point_04 {
		type:t = "Point"
		tm:m = [[7.45058e-8, 0.0, -1.0] [0.0, 1.0, 0.0] [1.0, 0.0, 7.45058e-8] [-17788.3, 109.976, 17608.1]]
		objLayer:i = 0
		props {

		}
	}
	bdt_t2_bomb_zone_02_aaa_point_01 {
		type:t = "Point"
		tm:m = [[7.45058e-8, 0.0, -1.0] [0.0, 1.0, 0.0] [1.0, 0.0, 7.45058e-8] [-20405.7, 110.866, -19430.6]]
		objLayer:i = 0
		props {

		}
	}
	bdt_t2_bomb_zone_02_aaa_point_02 {
		type:t = "Point"
		tm:m = [[7.45058e-8, 0.0, -1.0] [0.0, 1.0, 0.0] [1.0, 0.0, 7.45058e-8] [-20304.5, 143.476, -19676.4]]
		objLayer:i = 0
		props {

		}
	}
	bdt_t2_bomb_zone_02_aaa_point_03 {
		type:t = "Point"
		tm:m = [[7.45058e-8, 0.0, -1.0] [0.0, 1.0, 0.0] [1.0, 0.0, 7.45058e-8] [-20094.8, 151.306, -19633.7]]
		objLayer:i = 0
		props {

		}
	}
	bdt_t2_bomb_zone_02_aaa_point_04 {
		type:t = "Point"
		tm:m = [[7.45058e-8, 0.0, -1.0] [0.0, 1.0, 0.0] [1.0, 0.0, 7.45058e-8] [-20113.8, 143.666, -19371.8]]
		objLayer:i = 0
		props {

		}
	}
	bdt_t2_bomb_zone_03_aaa_point_01 {
		type:t = "Point"
		tm:m = [[7.45058e-8, 0.0, -1.0] [0.0, 1.0, 0.0] [1.0, 0.0, 7.45058e-8] [-8462.18, 55.0314, -3967.89]]
		objLayer:i = 0
		props {

		}
	}
	bdt_t2_bomb_zone_03_aaa_point_02 {
		type:t = "Point"
		tm:m = [[7.45058e-8, 0.0, -1.0] [0.0, 1.0, 0.0] [1.0, 0.0, 7.45058e-8] [-8597.58, 29.7314, -4217.53]]
		objLayer:i = 0
		props {

		}
	}
	bdt_t2_bomb_zone_03_aaa_point_03 {
		type:t = "Point"
		tm:m = [[7.45058e-8, 0.0, -1.0] [0.0, 1.0, 0.0] [1.0, 0.0, 7.45058e-8] [-8676.88, 63.7415, -3886.8]]
		objLayer:i = 0
		props {

		}
	}
	bdt_t2_bomb_zone_03_aaa_point_04 {
		type:t = "Point"
		tm:m = [[7.45058e-8, 0.0, -1.0] [0.0, 1.0, 0.0] [1.0, 0.0, 7.45058e-8] [-8824.28, 77.4814, -4097.46]]
		objLayer:i = 0
		props {

		}
	}
	bdt_t2_bomb_zone_04_aaa_point_01 {
		type:t = "Point"
		tm:m = [[7.45058e-8, 0.0, -1.0] [0.0, 1.0, 0.0] [1.0, 0.0, 7.45058e-8] [-16688.6, 39.0717, -26425.0]]
		objLayer:i = 0
		props {

		}
	}
	bdt_t2_bomb_zone_04_aaa_point_02 {
		type:t = "Point"
		tm:m = [[7.45058e-8, 0.0, -1.0] [0.0, 1.0, 0.0] [1.0, 0.0, 7.45058e-8] [-16313.4, 88.4218, -26527.3]]
		objLayer:i = 0
		props {

		}
	}
	bdt_t2_bomb_zone_04_aaa_point_03 {
		type:t = "Point"
		tm:m = [[7.45058e-8, 0.0, -1.0] [0.0, 1.0, 0.0] [1.0, 0.0, 7.45058e-8] [-16540.6, 83.8318, -26757.8]]
		objLayer:i = 0
		props {

		}
	}
	bdt_t2_bomb_zone_04_aaa_point_04 {
		type:t = "Point"
		tm:m = [[7.45058e-8, 0.0, -1.0] [0.0, 1.0, 0.0] [1.0, 0.0, 7.45058e-8] [-16801.9, 66.1217, -26664.9]]
		objLayer:i = 0
		props {

		}
	}
	bdt_t2_bomb_zone_05_aaa_point_01 {
		type:t = "Point"
		tm:m = [[7.45058e-8, 0.0, -1.0] [0.0, 1.0, 0.0] [1.0, 0.0, 7.45058e-8] [-22283.6, 77.4369, 3408.5]]
		objLayer:i = 0
		props {

		}
	}
	bdt_t2_bomb_zone_05_aaa_point_02 {
		type:t = "Point"
		tm:m = [[7.45058e-8, 0.0, -1.0] [0.0, 1.0, 0.0] [1.0, 0.0, 7.45058e-8] [-22427.7, 113.467, 3079.53]]
		objLayer:i = 0
		props {

		}
	}
	bdt_t2_bomb_zone_05_aaa_point_03 {
		type:t = "Point"
		tm:m = [[7.45058e-8, 0.0, -1.0] [0.0, 1.0, 0.0] [1.0, 0.0, 7.45058e-8] [-22756.0, 40.7668, 3293.5]]
		objLayer:i = 0
		props {

		}
	}
	bdt_t2_bomb_zone_05_aaa_point_04 {
		type:t = "Point"
		tm:m = [[7.45058e-8, 0.0, -1.0] [0.0, 1.0, 0.0] [1.0, 0.0, 7.45058e-8] [-22515.9, 37.6769, 3474.03]]
		objLayer:i = 0
		props {

		}
	}
	bdt_t2_bomb_zone_06_aaa_point_01 {
		type:t = "Point"
		tm:m = [[7.45058e-8, 0.0, -1.0] [0.0, 1.0, 0.0] [1.0, 0.0, 7.45058e-8] [-15257.9, 64.9585, 5098.21]]
		objLayer:i = 0
		props {

		}
	}
	bdt_t2_bomb_zone_06_aaa_point_02 {
		type:t = "Point"
		tm:m = [[7.45058e-8, 0.0, -1.0] [0.0, 1.0, 0.0] [1.0, 0.0, 7.45058e-8] [-15112.7, 51.5385, 4929.71]]
		objLayer:i = 0
		props {

		}
	}
	bdt_t2_bomb_zone_06_aaa_point_03 {
		type:t = "Point"
		tm:m = [[7.45058e-8, 0.0, -1.0] [0.0, 1.0, 0.0] [1.0, 0.0, 7.45058e-8] [-14839.1, 79.2085, 5021.21]]
		objLayer:i = 0
		props {

		}
	}
	bdt_t2_bomb_zone_06_aaa_point_04 {
		type:t = "Point"
		tm:m = [[7.45058e-8, 0.0, -1.0] [0.0, 1.0, 0.0] [1.0, 0.0, 7.45058e-8] [-14930.4, 95.3285, 5221.21]]
		objLayer:i = 0
		props {

		}
	}
	bdt_t2_bomb_zone_07_aaa_point_01 {
		type:t = "Point"
		tm:m = [[7.45058e-8, 0.0, -1.0] [0.0, 1.0, 0.0] [1.0, 0.0, 7.45058e-8] [-17750.4, 57.0246, -5773.91]]
		objLayer:i = 0
		props {

		}
	}
	bdt_t2_bomb_zone_07_aaa_point_02 {
		type:t = "Point"
		tm:m = [[7.45058e-8, 0.0, -1.0] [0.0, 1.0, 0.0] [1.0, 0.0, 7.45058e-8] [-17765.9, 88.7546, -6066.75]]
		objLayer:i = 0
		props {

		}
	}
	bdt_t2_bomb_zone_07_aaa_point_03 {
		type:t = "Point"
		tm:m = [[7.45058e-8, 0.0, -1.0] [0.0, 1.0, 0.0] [1.0, 0.0, 7.45058e-8] [-17472.6, 99.3246, -5943.24]]
		objLayer:i = 0
		props {

		}
	}
	bdt_t2_bomb_zone_07_aaa_point_04 {
		type:t = "Point"
		tm:m = [[7.45058e-8, 0.0, -1.0] [0.0, 1.0, 0.0] [1.0, 0.0, 7.45058e-8] [-17484.4, 101.575, -5753.47]]
		objLayer:i = 0
		props {

		}
	}
	bdt_t2_bomb_zone_08_aaa_point_01 {
		type:t = "Point"
		tm:m = [[7.45058e-8, 0.0, -1.0] [0.0, 1.0, 0.0] [1.0, 0.0, 7.45058e-8] [-6649.43, 203.699, 5499.35]]
		objLayer:i = 0
		props {

		}
	}
	bdt_t2_bomb_zone_08_aaa_point_02 {
		type:t = "Point"
		tm:m = [[7.45058e-8, 0.0, -1.0] [0.0, 1.0, 0.0] [1.0, 0.0, 7.45058e-8] [-6813.28, 215.849, 5323.35]]
		objLayer:i = 0
		props {

		}
	}
	bdt_t2_bomb_zone_08_aaa_point_03 {
		type:t = "Point"
		tm:m = [[7.45058e-8, 0.0, -1.0] [0.0, 1.0, 0.0] [1.0, 0.0, 7.45058e-8] [-6607.31, 213.599, 5129.25]]
		objLayer:i = 0
		props {

		}
	}
	bdt_t2_bomb_zone_08_aaa_point_04 {
		type:t = "Point"
		tm:m = [[7.45058e-8, 0.0, -1.0] [0.0, 1.0, 0.0] [1.0, 0.0, 7.45058e-8] [-6429.99, 203.779, 5351.45]]
		objLayer:i = 0
		props {

		}
	}
	bdt_t1_bomb_zone_09 {
		type:t = "Sphere"
		tm:m = [[108.22, 0.0, 488.149] [0.0, 500.0, 0.0] [-488.149, 0.0, 108.22] [29730.0, 386.271, 13241.9]]
		objLayer:i = 0
		props {

		}
	}
	bdt_t1_bomb_zone_09_aaa_point_02 {
		type:t = "Point"
		tm:m = [[7.45058e-8, 0.0, -1.0] [0.0, 1.0, 0.0] [1.0, 0.0, 7.45058e-8] [29455.3, 396.691, 13277.1]]
		objLayer:i = 0
		props {

		}
	}
	bdt_t1_bomb_zone_09_aaa_point_04 {
		type:t = "Point"
		tm:m = [[7.45058e-8, 0.0, -1.0] [0.0, 1.0, 0.0] [1.0, 0.0, 7.45058e-8] [29804.2, 392.011, 13419.7]]
		objLayer:i = 0
		props {

		}
	}
	bdt_t1_bomb_zone_09_aaa_point_03 {
		type:t = "Point"
		tm:m = [[7.45058e-8, 0.0, -1.0] [0.0, 1.0, 0.0] [1.0, 0.0, 7.45058e-8] [29954.0, 385.781, 13155.7]]
		objLayer:i = 0
		props {

		}
	}
	bdt_t1_bomb_zone_09_aaa_point_01 {
		type:t = "Point"
		tm:m = [[7.45058e-8, 0.0, -1.0] [0.0, 1.0, 0.0] [1.0, 0.0, 7.45058e-8] [29628.2, 388.071, 13030.6]]
		objLayer:i = 0
		props {

		}
	}
	bdt_t1_bomb_zone_10 {
		type:t = "Sphere"
		tm:m = [[409.576, 0.0, 286.788] [0.0, 500.0, 0.0] [-286.788, 0.0, 409.576] [12788.3, 200.956, 9765.25]]
		objLayer:i = 0
		props {

		}
	}
	bdt_t1_bomb_zone_10_aaa_point_03 {
		type:t = "Point"
		tm:m = [[7.45058e-8, 0.0, -1.0] [0.0, 1.0, 0.0] [1.0, 0.0, 7.45058e-8] [12785.4, 205.416, 9480.84]]
		objLayer:i = 0
		props {

		}
	}
	bdt_t1_bomb_zone_10_aaa_point_04 {
		type:t = "Point"
		tm:m = [[7.45058e-8, 0.0, -1.0] [0.0, 1.0, 0.0] [1.0, 0.0, 7.45058e-8] [12999.3, 189.426, 9861.35]]
		objLayer:i = 0
		props {

		}
	}
	bdt_t1_bomb_zone_10_aaa_point_01 {
		type:t = "Point"
		tm:m = [[7.45058e-8, 0.0, -1.0] [0.0, 1.0, 0.0] [1.0, 0.0, 7.45058e-8] [12737.0, 168.406, 10047.9]]
		objLayer:i = 0
		props {

		}
	}
	bdt_t1_bomb_zone_10_aaa_point_02 {
		type:t = "Point"
		tm:m = [[7.45058e-8, 0.0, -1.0] [0.0, 1.0, 0.0] [1.0, 0.0, 7.45058e-8] [12586.3, 172.486, 9903.21]]
		objLayer:i = 0
		props {

		}
	}
	bdt_t2_bomb_zone_09 {
		type:t = "Sphere"
		tm:m = [[496.146, 0.0, -61.9591] [0.0, 500.0, 0.0] [61.9591, 0.0, 496.146] [-28720.6, 157.907, -26103.2]]
		objLayer:i = 0
		props {

		}
	}
	bdt_t2_bomb_zone_09_aaa_point_01 {
		type:t = "Point"
		tm:m = [[7.45058e-8, 0.0, -1.0] [0.0, 1.0, 0.0] [1.0, 0.0, 7.45058e-8] [-28930.3, 156.657, -25992.2]]
		objLayer:i = 0
		props {

		}
	}
	bdt_t2_bomb_zone_09_aaa_point_04 {
		type:t = "Point"
		tm:m = [[7.45058e-8, 0.0, -1.0] [0.0, 1.0, 0.0] [1.0, 0.0, 7.45058e-8] [-28781.3, 171.257, -26276.8]]
		objLayer:i = 0
		props {

		}
	}
	bdt_t2_bomb_zone_09_aaa_point_03 {
		type:t = "Point"
		tm:m = [[7.45058e-8, 0.0, -1.0] [0.0, 1.0, 0.0] [1.0, 0.0, 7.45058e-8] [-28571.6, 179.087, -26234.2]]
		objLayer:i = 0
		props {

		}
	}
	bdt_t2_bomb_zone_09_aaa_point_02 {
		type:t = "Point"
		tm:m = [[7.45058e-8, 0.0, -1.0] [0.0, 1.0, 0.0] [1.0, 0.0, 7.45058e-8] [-28590.6, 171.447, -25972.4]]
		objLayer:i = 0
		props {

		}
	}
	bdt_t2_bomb_zone_10 {
		type:t = "Sphere"
		tm:m = [[353.554, 0.0, 353.554] [0.0, 500.0, 0.0] [-353.554, 0.0, 353.554] [-21127.6, 32.4417, 25719.3]]
		objLayer:i = 0
		props {

		}
	}
	bdt_t2_bomb_zone_10_aaa_point_02 {
		type:t = "Point"
		tm:m = [[7.45058e-8, 0.0, -1.0] [0.0, 1.0, 0.0] [1.0, 0.0, 7.45058e-8] [-20942.7, 35.7917, 25826.1]]
		objLayer:i = 0
		props {

		}
	}
	bdt_t2_bomb_zone_10_aaa_point_04 {
		type:t = "Point"
		tm:m = [[7.45058e-8, 0.0, -1.0] [0.0, 1.0, 0.0] [1.0, 0.0, 7.45058e-8] [-21086.7, 71.8217, 25497.2]]
		objLayer:i = 0
		props {

		}
	}
	bdt_t2_bomb_zone_10_aaa_point_03 {
		type:t = "Point"
		tm:m = [[7.45058e-8, 0.0, -1.0] [0.0, 1.0, 0.0] [1.0, 0.0, 7.45058e-8] [-21415.1, 23.4917, 25711.1]]
		objLayer:i = 0
		props {

		}
	}
	bdt_t2_bomb_zone_10_aaa_point_01 {
		type:t = "Point"
		tm:m = [[7.45058e-8, 0.0, -1.0] [0.0, 1.0, 0.0] [1.0, 0.0, 7.45058e-8] [-21174.9, 32.0817, 25891.7]]
		objLayer:i = 0
		props {

		}
	}
	bdt_t1_bomb_zone_11 {
		type:t = "Sphere"
		tm:m = [[409.576, 0.0, 286.788] [0.0, 500.0, 0.0] [-286.788, 0.0, 409.576] [44632.1, 176.077, -28369.9]]
		objLayer:i = 0
		props {

		}
	}
	bdt_t1_bomb_zone_11_aaa_point_02 {
		type:t = "Point"
		tm:m = [[7.45058e-8, 0.0, -1.0] [0.0, 1.0, 0.0] [1.0, 0.0, 7.45058e-8] [44595.9, 180.537, -28521.7]]
		objLayer:i = 0
		props {

		}
	}
	bdt_t1_bomb_zone_11_aaa_point_01 {
		type:t = "Point"
		tm:m = [[7.45058e-8, 0.0, -1.0] [0.0, 1.0, 0.0] [1.0, 0.0, 7.45058e-8] [44843.0, 164.547, -28273.7]]
		objLayer:i = 0
		props {

		}
	}
	bdt_t1_bomb_zone_11_aaa_point_03 {
		type:t = "Point"
		tm:m = [[7.45058e-8, 0.0, -1.0] [0.0, 1.0, 0.0] [1.0, 0.0, 7.45058e-8] [44580.8, 95.1367, -28087.2]]
		objLayer:i = 0
		props {

		}
	}
	bdt_t1_bomb_zone_11_aaa_point_04 {
		type:t = "Point"
		tm:m = [[7.45058e-8, 0.0, -1.0] [0.0, 1.0, 0.0] [1.0, 0.0, 7.45058e-8] [44430.1, 81.0767, -28231.9]]
		objLayer:i = 0
		props {

		}
	}
	bdt_t1_bomb_zone_12 {
		type:t = "Sphere"
		tm:m = [[433.012, 0.0, 250.0] [0.0, 500.0, 0.0] [-250.0, 0.0, 433.012] [47228.1, 146.127, 804.972]]
		objLayer:i = 0
		props {

		}
	}
	bdt_t1_bomb_zone_12_aaa_point_02 {
		type:t = "Point"
		tm:m = [[-0.5373, 0.0, -0.843391] [0.0, 1.0, 0.0] [0.843391, 0.0, -0.5373] [47361.1, 145.157, 923.794]]
		objLayer:i = 0
		props {

		}
	}
	bdt_t1_bomb_zone_12_aaa_point_03 {
		type:t = "Point"
		tm:m = [[-0.5373, 0.0, -0.843391] [0.0, 1.0, 0.0] [0.843391, 0.0, -0.5373] [47097.9, 136.137, 969.253]]
		objLayer:i = 0
		props {

		}
	}
	bdt_t1_bomb_zone_12_aaa_point_04 {
		type:t = "Point"
		tm:m = [[-0.5373, 0.0, -0.843391] [0.0, 1.0, 0.0] [0.843391, 0.0, -0.5373] [47060.9, 145.997, 671.3]]
