selected_tag:t = ""
bin_dump_file:t = ""
mission_settings {
	player {
		army:i = 1
		wing:t = "t1_player01"
		wing:t = "t1_player02"
		wing:t = "t1_player03"
		wing:t = "t1_player04"
		wing:t = "t1_player05"
		wing:t = "t1_player06"
		wing:t = "t1_player07"
		wing:t = "t1_player08"
		wing:t = "t1_player09"
		wing:t = "t1_player10"
		wing:t = "t1_player11"
		wing:t = "t1_player12"
		wing:t = "t1_player13"
		wing:t = "t1_player14"
		wing:t = "t1_player15"
		wing:t = "t1_player16"
		wing:t = "t1_player17"
		wing:t = "t1_player18"
		wing:t = "t1_player19"
		wing:t = "t1_player20"
		wing:t = "t1_player21"
		wing:t = "t1_player22"
		wing:t = "t1_player23"
		wing:t = "t1_player24"
		wing:t = "t1_player25"
		wing:t = "t1_player26"
		wing:t = "t1_player27"
		wing:t = "t1_player28"
		wing:t = "t1_player29"
		wing:t = "t1_player30"
		wing:t = "t1_player31"
		wing:t = "t1_player32"
	}
	player_teamB {
		army:i = 2
		wing:t = "t2_player01"
		wing:t = "t2_player02"
		wing:t = "t2_player03"
		wing:t = "t2_player04"
		wing:t = "t2_player05"
		wing:t = "t2_player06"
		wing:t = "t2_player07"
		wing:t = "t2_player08"
		wing:t = "t2_player09"
		wing:t = "t2_player10"
		wing:t = "t2_player11"
		wing:t = "t2_player12"
		wing:t = "t2_player13"
		wing:t = "t2_player14"
		wing:t = "t2_player15"
		wing:t = "t2_player16"
		wing:t = "t2_player17"
		wing:t = "t2_player18"
		wing:t = "t2_player19"
		wing:t = "t2_player20"
		wing:t = "t2_player21"
		wing:t = "t2_player22"
		wing:t = "t2_player23"
		wing:t = "t2_player24"
		wing:t = "t2_player25"
		wing:t = "t2_player26"
		wing:t = "t2_player27"
		wing:t = "t2_player28"
		wing:t = "t2_player29"
		wing:t = "t2_player30"
		wing:t = "t2_player31"
		wing:t = "t2_player32"
		wing:t = "t2_player33"
	}
	mission {
		level:t = "levels/avg_kursk_villages.bin"
		type:t = "domination"
		environment:t = "Day"
		weather:t = "hazy"
		locName:t = "missions/_CnvA;kursk_villages/name"
		locDesc:t = "kursk_villages/desc;missions/_Cnv/desc"
		scoreLimit:i = 10000
		timeLimit:i = 25
		deathPenaltyMul:r = 0
		postfix:t = "_CnvA"
		allowedKillStreaks:b = true
		randomSpawnTeams:b = false
		remapAiTankModels:b = true
		showTacticalMapCellSize:b = true
		country_axis:t = "germany"
		country_allies:t = "ussr"
		restoreType:t = "attempts"
		optionalTakeOff:b = false
		allowedUnitTypes {
			isAirplanesAllowed:b = true
			isTanksAllowed:b = true
			isShipsAllowed:b = false
			isHelicoptersAllowed:b = true
		}
	}
	spectator_points {

	}
	briefing {
		place_loc:t = ""
		date_loc:t = ""
		objective_loc:t = ""
		music:t = "action_01"
		part {
			event:t = ""
			minTime:i = 0
			slide {
				map:b = true
				minTime:i = 4
				picture:t = ""
				showAirMap:b = false
				arrow {
					width:i = 1
					side:t = "ally"
					point:t = "briefing_tanks"
					point:t = "convoy_waypoint01"
					point:t = "convoy_waypoint02"
					point:t = "convoy_waypoint03"
					point:t = "convoy_waypoint04"
					point:t = "convoy_waypoint04"
				}
				icon {
					icontype:t = "bomber"
					side:t = "enemy"
					target:t = "briefing_bombers"
					lookAt:t = "briefing_tanks"
				}
				icon {
					icontype:t = "tank"
					side:t = "ally"
					target:t = "briefing_tanks"
				}
				icon {
					icontype:t = "tank"
					side:t = "enemy"
					target:t = "t2_tanks_spawn"
				}
			}
		}
	}
}
imports {
	import_record {
		file:t = "gameData/missions/templates/tank_templates/tank_base_logic_template.blk"
		importAreas:b = true
		importUnits:b = true
		importTriggers:b = true
		importMissionObjectives:b = true
		importWayPoints:b = true
		showAreas:b = true
		showUnits:b = true
		showTriggers:b = true
		showMissionObjectives:b = true
		showWayPoints:b = true
		excludes {

		}
	}
	import_record {
		file:t = "gameData/missions/templates/tank_convoy_template.blk"
		importAreas:b = true
		importUnits:b = true
		importTriggers:b = true
		importMissionObjectives:b = true
		importWayPoints:b = true
		showAreas:b = true
		showUnits:b = true
		showTriggers:b = true
		showMissionObjectives:b = true
		showWayPoints:b = true
		excludes {

		}
	}
	import_record {
		file:t = "gameData/missions/cta/tanks/kursk_villages/spawnareas/template_kursk_villages_air_spawns.blk"
		importAreas:b = true
		importUnits:b = true
		importTriggers:b = true
		importMissionObjectives:b = true
		importWayPoints:b = true
		showAreas:b = true
		showUnits:b = true
		showTriggers:b = true
		showMissionObjectives:b = true
		showWayPoints:b = true
		excludes {

		}
	}
}
triggers {
	isCategory:b = true
	is_enabled:b = true
	kursk_CnvA_init {
		is_enabled:b = true
		comments:t = ""
		props {
			actionsType:t = "PERFORM_ONE_BY_ONE"
			conditionsType:t = "ALL"
			enableAfterComplete:b = false
		}
		events {
			initMission {

			}
		}
		conditions {

		}
		actions {
			missionMarkAsRespawnPoint {
				loc_name:t = "missions/spawn"
				spawnEffect:b = false
				isStrictSpawn:b = false
				isAirfield:b = false
				isUnit:b = false
				useExisting:b = false
				isIndividual:b = true
				removeAreas:b = false
				canSpawnOnNeutral:b = false
				showOnMap:b = true
				radius:r = 50
				onlyOnePlayerPerSpawnPoint:b = false
				resetStrictSpawnIndex:b = false
				forceCreate:b = false
				replaceAreas:b = false
				ignoreTeamsOnReuse:b = false
				target:t = "t1_tanks_spawn00"
				team:t = "A"
				offset:p3 = 0, 0, 100
				tags {
					tank:b = true
					type_heavy_tank:b = true
					type_medium_tank:b = true
					type_light_tank:b = true
					type_tank_destroyer:b = true
					type_spaa:b = true
				}
			}
			missionMarkAsRespawnPoint {
				loc_name:t = "missions/spawn"
				spawnEffect:b = false
				isStrictSpawn:b = false
				isAirfield:b = false
				isUnit:b = false
				useExisting:b = false
				isIndividual:b = true
				removeAreas:b = false
				canSpawnOnNeutral:b = false
				showOnMap:b = true
				radius:r = -1
				onlyOnePlayerPerSpawnPoint:b = false
				resetStrictSpawnIndex:b = false
				forceCreate:b = false
				replaceAreas:b = false
				ignoreTeamsOnReuse:b = false
				target:t = "t2_tanks_spawn"
				team:t = "B"
				offset:p3 = 0, 0, 0
				tags {
					tank:b = true
					type_heavy_tank:b = true
					type_medium_tank:b = true
					type_light_tank:b = true
					type_tank_destroyer:b = true
					type_spaa:b = true
				}
			}
		}
		else_actions {

		}
	}
}
mission_objectives {
	isCategory:b = true
	is_enabled:b = true
}
variables {
	waypoints_num:i = 4
	defenseMissionTeam:t = "teamA"
}
dialogs {

}
airfields {

}
effects {

}
units {
	tankModels {
		name:t = "t1_player01"
		tm:m = [[1.0, 0.0, 0.0] [0.0, 1.0, 0.0] [0.0, 0.0, 1.0] [2362.14, 64.1751, 2268.38]]
		unit_class:t = "aaa_dummy"
		objLayer:i = 1
		closed_waypoints:b = false
		isShipSpline:b = false
		shipTurnRadius:r = 100
		weapons:t = ""
		bullets0:t = ""
		bullets1:t = ""
		bullets2:t = ""
		bullets3:t = ""
		bulletsCount0:i = 0
		bulletsCount1:i = 0
		bulletsCount2:i = 0
		bulletsCount3:i = 0
		crewSkillK:r = 0
		applyAllMods:b = false
		props {
			army:i = 2
			count:i = 1
			formation_type:t = "rows"
			formation_div:i = 3
			formation_step:p2 = 2.5, 2
			formation_noise:p2 = 0.1, 0.1
			uniqueName:t = ""
			attack_type:t = "fire_at_will"
		}
		way {

		}
	}
	area_squad {
		name:t = "t1_tanks_spawn00"
		tm:m = [[-0.649923, 0.0, 0.760001] [0.0, 1.0, 0.0] [-0.760001, 0.0, -0.649923] [1559.88, 42.6522, 3812.92]]
		props {
			squad_members:t = "t1_tanks_spawn00_01"
			squad_members:t = "t1_tanks_spawn00_02"
			squad_members:t = "t1_tanks_spawn00_03"
			squad_members:t = "t1_tanks_spawn00_04"
			squad_members:t = "t1_tanks_spawn00_05"
			squad_members:t = "t1_tanks_spawn00_06"
			squad_members:t = "t1_tanks_spawn00_07"
			squad_members:t = "t1_tanks_spawn00_08"
			squad_members:t = "t1_tanks_spawn00_09"
			squad_members:t = "t1_tanks_spawn00_10"
			squad_members:t = "t1_tanks_spawn00_11"
			squad_members:t = "t1_tanks_spawn00_12"
			squad_members:t = "t1_tanks_spawn00_13"
			squad_members:t = "t1_tanks_spawn00_14"
			squad_members:t = "t1_tanks_spawn00_15"
			squad_members:t = "t1_tanks_spawn00_16"
			squad_members:t = "t1_tanks_spawn00_17"
			squad_members:t = "t1_tanks_spawn00_18"
			squad_members:t = "t1_tanks_spawn00_19"
			squad_members:t = "t1_tanks_spawn00_20"
		}
	}
	area_squad {
		name:t = "t1_tanks_spawn01"
		tm:m = [[0.266915, 0.0, 0.963719] [0.0, 1.0, 0.0] [-0.963719, 0.0, 0.266915] [1306.98, 57.0794, 3205.13]]
		props {
			squad_members:t = "t1_tanks_spawn01_01"
			squad_members:t = "t1_tanks_spawn01_02"
			squad_members:t = "t1_tanks_spawn01_03"
			squad_members:t = "t1_tanks_spawn01_04"
			squad_members:t = "t1_tanks_spawn01_05"
			squad_members:t = "t1_tanks_spawn01_06"
			squad_members:t = "t1_tanks_spawn01_07"
			squad_members:t = "t1_tanks_spawn01_08"
			squad_members:t = "t1_tanks_spawn01_09"
			squad_members:t = "t1_tanks_spawn01_10"
			squad_members:t = "t1_tanks_spawn01_11"
			squad_members:t = "t1_tanks_spawn01_12"
			squad_members:t = "t1_tanks_spawn01_13"
			squad_members:t = "t1_tanks_spawn01_14"
			squad_members:t = "t1_tanks_spawn01_15"
			squad_members:t = "t1_tanks_spawn01_16"
			squad_members:t = "t1_tanks_spawn01_17"
			squad_members:t = "t1_tanks_spawn01_18"
			squad_members:t = "t1_tanks_spawn01_19"
			squad_members:t = "t1_tanks_spawn01_20"
		}
	}
	area_squad {
		name:t = "t1_tanks_spawn02"
		tm:m = [[0.539629, 0.0, 0.841903] [0.0, 1.0, 0.0] [-0.841903, 0.0, 0.539629] [1005.33, 49.697, 1988.52]]
		props {
			squad_members:t = "t1_tanks_spawn02_01"
			squad_members:t = "t1_tanks_spawn02_02"
			squad_members:t = "t1_tanks_spawn02_03"
			squad_members:t = "t1_tanks_spawn02_04"
			squad_members:t = "t1_tanks_spawn02_05"
			squad_members:t = "t1_tanks_spawn02_06"
			squad_members:t = "t1_tanks_spawn02_07"
			squad_members:t = "t1_tanks_spawn02_08"
			squad_members:t = "t1_tanks_spawn02_09"
			squad_members:t = "t1_tanks_spawn02_10"
			squad_members:t = "t1_tanks_spawn02_11"
			squad_members:t = "t1_tanks_spawn02_12"
			squad_members:t = "t1_tanks_spawn02_13"
			squad_members:t = "t1_tanks_spawn02_14"
			squad_members:t = "t1_tanks_spawn02_15"
			squad_members:t = "t1_tanks_spawn02_16"
			squad_members:t = "t1_tanks_spawn02_17"
			squad_members:t = "t1_tanks_spawn02_18"
			squad_members:t = "t1_tanks_spawn02_19"
			squad_members:t = "t1_tanks_spawn02_20"
		}
	}
	area_squad {
		name:t = "t1_tanks_spawn03"
		tm:m = [[-0.901757, 0.0, 0.432244] [0.0, 1.0, 0.0] [-0.432244, 0.0, -0.901757] [1889.6, 53.1958, 1167.26]]
		props {
			squad_members:t = "t1_tanks_spawn03_01"
			squad_members:t = "t1_tanks_spawn03_02"
			squad_members:t = "t1_tanks_spawn03_03"
			squad_members:t = "t1_tanks_spawn03_04"
			squad_members:t = "t1_tanks_spawn03_05"
			squad_members:t = "t1_tanks_spawn03_06"
			squad_members:t = "t1_tanks_spawn03_07"
			squad_members:t = "t1_tanks_spawn03_08"
			squad_members:t = "t1_tanks_spawn03_09"
			squad_members:t = "t1_tanks_spawn03_10"
			squad_members:t = "t1_tanks_spawn03_11"
			squad_members:t = "t1_tanks_spawn03_12"
			squad_members:t = "t1_tanks_spawn03_13"
			squad_members:t = "t1_tanks_spawn03_14"
			squad_members:t = "t1_tanks_spawn03_15"
			squad_members:t = "t1_tanks_spawn03_16"
			squad_members:t = "t1_tanks_spawn03_17"
			squad_members:t = "t1_tanks_spawn03_18"
			squad_members:t = "t1_tanks_spawn03_19"
			squad_members:t = "t1_tanks_spawn03_20"
		}
	}
	area_squad {
		name:t = "t1_tanks_spawn04"
		tm:m = [[0.100378, 0.0, 0.994949] [0.0, 1.0, 0.0] [-0.994949, 0.0, 0.100378] [2068.9, 53.8205, 460.096]]
		props {
			squad_members:t = "t1_tanks_spawn04_01"
			squad_members:t = "t1_tanks_spawn04_02"
			squad_members:t = "t1_tanks_spawn04_03"
			squad_members:t = "t1_tanks_spawn04_04"
			squad_members:t = "t1_tanks_spawn04_05"
			squad_members:t = "t1_tanks_spawn04_06"
			squad_members:t = "t1_tanks_spawn04_07"
			squad_members:t = "t1_tanks_spawn04_08"
			squad_members:t = "t1_tanks_spawn04_09"
			squad_members:t = "t1_tanks_spawn04_10"
			squad_members:t = "t1_tanks_spawn04_11"
			squad_members:t = "t1_tanks_spawn04_12"
			squad_members:t = "t1_tanks_spawn04_13"
			squad_members:t = "t1_tanks_spawn04_14"
			squad_members:t = "t1_tanks_spawn04_15"
			squad_members:t = "t1_tanks_spawn04_16"
			squad_members:t = "t1_tanks_spawn04_17"
			squad_members:t = "t1_tanks_spawn04_18"
			squad_members:t = "t1_tanks_spawn04_19"
			squad_members:t = "t1_tanks_spawn04_20"
		}
	}
	area_squad {
		name:t = "t2_tanks_spawn"
		tm:m = [[-0.525848, 0.0, 0.850579] [0.0, 1.0, 0.0] [-0.850579, 0.0, -0.525848] [2382.53, 62.3777, 2293.99]]
		props {
			squad_members:t = "t2_tanks_spawn01"
			squad_members:t = "t2_tanks_spawn02"
			squad_members:t = "t2_tanks_spawn03"
			squad_members:t = "t2_tanks_spawn04"
			squad_members:t = "t2_tanks_spawn05"
			squad_members:t = "t2_tanks_spawn06"
			squad_members:t = "t2_tanks_spawn07"
			squad_members:t = "t2_tanks_spawn08"
			squad_members:t = "t2_tanks_spawn09"
			squad_members:t = "t2_tanks_spawn10"
			squad_members:t = "t2_tanks_spawn11"
			squad_members:t = "t2_tanks_spawn12"
			squad_members:t = "t2_tanks_spawn13"
			squad_members:t = "t2_tanks_spawn14"
			squad_members:t = "t2_tanks_spawn15"
			squad_members:t = "t2_tanks_spawn16"
			squad_members:t = "t2_tanks_spawn17"
			squad_members:t = "t2_tanks_spawn18"
			squad_members:t = "t2_tanks_spawn19"
			squad_members:t = "t2_tanks_spawn20"
		}
	}
	objectGroups {
		name:t = "notree01"
		tm:m = [[1.0, 0.0, 0.0] [0.0, 1.0, 0.0] [0.0, 0.0, 1.0] [1850.4, 32.95, 3827.9]]
		unit_class:t = "noTreeObjectGroup100"
		objLayer:i = 2
		props {
			army:i = 2
			active:b = true
		}
	}
	objectGroups {
		name:t = "notree05"
		tm:m = [[1.0, 0.0, 0.0] [0.0, 1.0, 0.0] [0.0, 0.0, 1.0] [1808.2, 32.95, 3735.5]]
		unit_class:t = "noTreeObjectGroup100"
		objLayer:i = 2
		props {
			army:i = 2
			active:b = true
		}
	}
	objectGroups {
		name:t = "notree08"
		tm:m = [[0.957166, 0.0, -0.28954] [0.0, 1.0, 0.0] [0.28954, 0.0, 0.957166] [1734.85, 32.95, 3659.3]]
		unit_class:t = "noTreeObjectGroup100"
		objLayer:i = 2
		props {
			army:i = 2
			active:b = true
		}
	}
	objectGroups {
		name:t = "notree11"
		tm:m = [[0.959012, 0.0, -0.283366] [0.0, 1.0, 0.0] [0.283366, 0.0, 0.959012] [1708.9, 41.6416, 3571.75]]
		unit_class:t = "noTreeObjectGroup100"
		objLayer:i = 2
		props {
			army:i = 2
			active:b = true
		}
	}
	objectGroups {
		name:t = "notree14"
		tm:m = [[0.959012, 0.0, -0.283366] [0.0, 1.0, 0.0] [0.283366, 0.0, 0.959012] [1551.68, 66.65, 3219.08]]
		unit_class:t = "noTreeObjectGroup100"
		objLayer:i = 2
		props {
			army:i = 2
			active:b = true
		}
	}
	objectGroups {
		name:t = "notree17"
		tm:m = [[0.959012, 0.0, -0.283366] [0.0, 1.0, 0.0] [0.283366, 0.0, 0.959012] [1477.34, 66.65, 3140.76]]
		unit_class:t = "noTreeObjectGroup100"
		objLayer:i = 2
		props {
			army:i = 2
			active:b = true
		}
	}
	objectGroups {
		name:t = "notree20"
		tm:m = [[0.959012, 0.0, -0.283366] [0.0, 1.0, 0.0] [0.283366, 0.0, 0.959012] [1419.99, 66.65, 3059.92]]
		unit_class:t = "noTreeObjectGroup100"
		objLayer:i = 2
		props {
			army:i = 2
			active:b = true
		}
	}
	objectGroups {
		name:t = "notree23"
		tm:m = [[0.959012, 0.0, -0.283366] [0.0, 1.0, 0.0] [0.283366, 0.0, 0.959012] [1404.52, 66.65, 2965.93]]
		unit_class:t = "noTreeObjectGroup100"
		objLayer:i = 2
		props {
			army:i = 2
			active:b = true
		}
	}
	objectGroups {
		name:t = "notree26"
		tm:m = [[0.975484, 0.0, -0.220071] [0.0, 1.0, 0.0] [0.220071, 0.0, 0.975484] [1400.54, 66.65, 2869.35]]
		unit_class:t = "noTreeObjectGroup100"
		objLayer:i = 2
		props {
			army:i = 2
			active:b = true
		}
	}
	objectGroups {
		name:t = "notree29"
		tm:m = [[0.975484, 0.0, -0.220071] [0.0, 1.0, 0.0] [0.220071, 0.0, 0.975484] [1404.38, 66.65, 2775.31]]
		unit_class:t = "noTreeObjectGroup100"
		objLayer:i = 2
		props {
			army:i = 2
			active:b = true
		}
	}
	objectGroups {
		name:t = "notree32"
		tm:m = [[0.975484, 0.0, -0.220071] [0.0, 1.0, 0.0] [0.220071, 0.0, 0.975484] [1394.22, 68.4017, 2681.53]]
		unit_class:t = "noTreeObjectGroup100"
		objLayer:i = 2
		props {
			army:i = 2
			active:b = true
		}
	}
	objectGroups {
		name:t = "notree35"
		tm:m = [[0.99899, 0.0, -0.0449424] [0.0, 1.0, 0.0] [0.0449424, 0.0, 0.99899] [1364.55, 64.855, 2597.01]]
		unit_class:t = "noTreeObjectGroup100"
		objLayer:i = 2
		props {
			army:i = 2
			active:b = true
		}
	}
	objectGroups {
		name:t = "notree38"
		tm:m = [[0.99899, 0.0, -0.0449424] [0.0, 1.0, 0.0] [0.0449424, 0.0, 0.99899] [1311.21, 62.3305, 2510.36]]
		unit_class:t = "noTreeObjectGroup100"
		objLayer:i = 2
		props {
			army:i = 2
			active:b = true
		}
	}
	objectGroups {
		name:t = "notree41"
		tm:m = [[0.99899, 0.0, -0.0449424] [0.0, 1.0, 0.0] [0.0449424, 0.0, 0.99899] [1225.86, 66.65, 2439.59]]
		unit_class:t = "noTreeObjectGroup100"
		objLayer:i = 2
		props {
			army:i = 2
			active:b = true
		}
	}
	objectGroups {
		name:t = "notree44"
		tm:m = [[0.964729, 0.0, 0.263246] [0.0, 1.0, 0.0] [-0.263246, 0.0, 0.964729] [1148.72, 60.7282, 2354.42]]
		unit_class:t = "noTreeObjectGroup100"
		objLayer:i = 2
		props {
			army:i = 2
			active:b = true
		}
	}
	objectGroups {
		name:t = "notree47"
		tm:m = [[0.964729, 0.0, 0.263246] [0.0, 1.0, 0.0] [-0.263246, 0.0, 0.964729] [1135.52, 55.4104, 2253.19]]
		unit_class:t = "noTreeObjectGroup100"
		objLayer:i = 2
		props {
			army:i = 2
			active:b = true
		}
	}
	objectGroups {
		name:t = "notree50"
		tm:m = [[0.964729, 0.0, 0.263246] [0.0, 1.0, 0.0] [-0.263246, 0.0, 0.964729] [1135.63, 53.1204, 2154.2]]
		unit_class:t = "noTreeObjectGroup100"
		objLayer:i = 2
		props {
			army:i = 2
			active:b = true
		}
	}
	objectGroups {
		name:t = "notree53"
		tm:m = [[0.964729, 0.0, 0.263246] [0.0, 1.0, 0.0] [-0.263246, 0.0, 0.964729] [1153.25, 50.5162, 2057.16]]
		unit_class:t = "noTreeObjectGroup100"
		objLayer:i = 2
		props {
			army:i = 2
			active:b = true
		}
	}
	objectGroups {
		name:t = "notree56"
		tm:m = [[0.964729, 0.0, 0.263246] [0.0, 1.0, 0.0] [-0.263246, 0.0, 0.964729] [1941.6, 51.4, 1355.05]]
		unit_class:t = "noTreeObjectGroup100"
		objLayer:i = 2
		props {
			army:i = 2
			active:b = true
		}
	}
	objectGroups {
		name:t = "notree59"
		tm:m = [[0.964729, 0.0, 0.263246] [0.0, 1.0, 0.0] [-0.263246, 0.0, 0.964729] [2000.0, 51.4, 1268.95]]
		unit_class:t = "noTreeObjectGroup100"
		objLayer:i = 2
		props {
			army:i = 2
			active:b = true
		}
	}
	objectGroups {
		name:t = "notree62"
		tm:m = [[0.964729, 0.0, 0.263246] [0.0, 1.0, 0.0] [-0.263246, 0.0, 0.964729] [2156.15, 58.8, 851.4]]
		unit_class:t = "noTreeObjectGroup100"
		objLayer:i = 2
		props {
			army:i = 2
			active:b = true
		}
	}
	objectGroups {
		name:t = "notree65"
		tm:m = [[0.964729, 0.0, 0.263246] [0.0, 1.0, 0.0] [-0.263246, 0.0, 0.964729] [2170.1, 52.7906, 560.95]]
		unit_class:t = "noTreeObjectGroup100"
		objLayer:i = 2
		props {
			army:i = 2
			active:b = true
		}
	}
	objectGroups {
		name:t = "notree68"
		tm:m = [[0.964729, 0.0, 0.263246] [0.0, 1.0, 0.0] [-0.263246, 0.0, 0.964729] [2174.25, 45.9557, 336.4]]
		unit_class:t = "noTreeObjectGroup100"
		objLayer:i = 2
		props {
			army:i = 2
			active:b = true
		}
	}
	objectGroups {
		name:t = "notree71"
		tm:m = [[0.964729, 0.0, 0.263246] [0.0, 1.0, 0.0] [-0.263246, 0.0, 0.964729] [2185.65, 45.95, 225.15]]
		unit_class:t = "noTreeObjectGroup100"
		objLayer:i = 2
		props {
			army:i = 2
			active:b = true
		}
	}
	area_squad {
		name:t = "t1_rearm_zone"
		tm:m = [[1.0, 0.0, 0.0] [0.0, 1.0, 0.0] [0.0, 0.0, 1.0] [-822.154, 23.2117, -95.1837]]
		props {
			squad_members:t = "t1_rearm_zone_01"
			squad_members:t = "t1_rearm_zone_02"
		}
	}
	area_squad {
		name:t = "t2_rearm_zone"
		tm:m = [[1.0, 0.0, 0.0] [0.0, 1.0, 0.0] [0.0, 0.0, 1.0] [562.478, 23.2117, -501.735]]
		props {
			squad_members:t = "t2_rearm_zone_01"
			squad_members:t = "t2_rearm_zone_02"
		}
	}
	objectGroups {
		name:t = "notree21"
		tm:m = [[0.959012, 0.0, -0.283366] [0.0, 1.0, 0.0] [0.283366, 0.0, 0.959012] [1603.84, 56.1225, 3299.78]]
		unit_class:t = "noTreeObjectGroup100"
		objLayer:i = 2
		props {
			army:i = 2
			active:b = true
		}
	}
	objectGroups {
		name:t = "notree30"
		tm:m = [[0.959012, 0.0, -0.283366] [0.0, 1.0, 0.0] [0.283366, 0.0, 0.959012] [1662.57, 51.6196, 3380.61]]
		unit_class:t = "noTreeObjectGroup100"
		objLayer:i = 2
		props {
			army:i = 2
			active:b = true
		}
	}
	objectGroups {
		name:t = "notree39"
		tm:m = [[0.959012, 0.0, -0.283366] [0.0, 1.0, 0.0] [0.283366, 0.0, 0.959012] [1683.07, 45.1999, 3476.65]]
		unit_class:t = "noTreeObjectGroup100"
		objLayer:i = 2
		props {
			army:i = 2
			active:b = true
		}
	}
	objectGroups {
		name:t = "notree60"
		tm:m = [[0.964729, 0.0, 0.263246] [0.0, 1.0, 0.0] [-0.263246, 0.0, 0.964729] [1224.42, 50.5162, 1979.07]]
		unit_class:t = "noTreeObjectGroup100"
		objLayer:i = 2
		props {
			army:i = 2
			active:b = true
		}
	}
	objectGroups {
		name:t = "notree69"
		tm:m = [[0.964729, 0.0, 0.263246] [0.0, 1.0, 0.0] [-0.263246, 0.0, 0.964729] [1295.26, 50.5162, 1896.9]]
		unit_class:t = "noTreeObjectGroup100"
		objLayer:i = 2
		props {
			army:i = 2
			active:b = true
		}
	}
	objectGroups {
		name:t = "notree74"
		tm:m = [[0.964729, 0.0, 0.263246] [0.0, 1.0, 0.0] [-0.263246, 0.0, 0.964729] [1320.29, 50.5162, 1803.89]]
		unit_class:t = "noTreeObjectGroup100"
		objLayer:i = 2
		props {
			army:i = 2
			active:b = true
		}
	}
	objectGroups {
		name:t = "notree77"
		tm:m = [[0.964729, 0.0, 0.263246] [0.0, 1.0, 0.0] [-0.263246, 0.0, 0.964729] [1347.43, 50.5162, 1711.53]]
		unit_class:t = "noTreeObjectGroup100"
		objLayer:i = 2
		props {
			army:i = 2
			active:b = true
		}
	}
	objectGroups {
		name:t = "notree80"
		tm:m = [[0.964729, 0.0, 0.263246] [0.0, 1.0, 0.0] [-0.263246, 0.0, 0.964729] [1388.03, 50.5162, 1626.08]]
		unit_class:t = "noTreeObjectGroup100"
		objLayer:i = 2
		props {
			army:i = 2
			active:b = true
		}
	}
	objectGroups {
		name:t = "notree83"
		tm:m = [[0.964729, 0.0, 0.263246] [0.0, 1.0, 0.0] [-0.263246, 0.0, 0.964729] [1473.5, 50.5162, 1563.76]]
		unit_class:t = "noTreeObjectGroup100"
		objLayer:i = 2
		props {
			army:i = 2
			active:b = true
		}
	}
	objectGroups {
		name:t = "notree86"
		tm:m = [[0.964729, 0.0, 0.263246] [0.0, 1.0, 0.0] [-0.263246, 0.0, 0.964729] [1563.47, 50.5162, 1513.02]]
		unit_class:t = "noTreeObjectGroup100"
		objLayer:i = 2
		props {
			army:i = 2
			active:b = true
		}
	}
	objectGroups {
		name:t = "notree89"
		tm:m = [[0.964729, 0.0, 0.263246] [0.0, 1.0, 0.0] [-0.263246, 0.0, 0.964729] [1652.02, 50.5162, 1462.17]]
		unit_class:t = "noTreeObjectGroup100"
		objLayer:i = 2
		props {
			army:i = 2
			active:b = true
		}
	}
	objectGroups {
		name:t = "notree92"
		tm:m = [[0.964729, 0.0, 0.263246] [0.0, 1.0, 0.0] [-0.263246, 0.0, 0.964729] [1763.15, 50.5162, 1405.71]]
		unit_class:t = "noTreeObjectGroup100"
		objLayer:i = 2
		props {
			army:i = 2
			active:b = true
		}
	}
	objectGroups {
		name:t = "notree95"
		tm:m = [[0.964729, 0.0, 0.263246] [0.0, 1.0, 0.0] [-0.263246, 0.0, 0.964729] [1856.34, 50.5162, 1355.79]]
		unit_class:t = "noTreeObjectGroup100"
		objLayer:i = 2
		props {
			army:i = 2
			active:b = true
		}
	}
}
areas {
	briefing_bombers {
		type:t = "Point"
		tm:m = [[1.0, 0.0, 0.0] [0.0, 1.0, 0.0] [0.0, 0.0, 1.0] [528.304, 41.1797, 508.002]]
		objLayer:i = 0
		props {

		}
	}
	briefing_tanks {
		type:t = "Point"
		tm:m = [[1.0, 0.0, 0.0] [0.0, 1.0, 0.0] [0.0, 0.0, 1.0] [1781.75, 41.2, 3712.4]]
		objLayer:i = 0
		props {

		}
	}
	convoy_waypoint01 {
		type:t = "Point"
		tm:m = [[-37.4081, 0.0, -92.7396] [0.0, 100.0, 0.0] [92.7396, 0.0, -37.4081] [1387.9, 63.4253, 3046.91]]
		objLayer:i = 0
		props {

		}
	}
	convoy_waypoint02 {
		type:t = "Point"
		tm:m = [[-36.388, 0.0, -93.1446] [0.0, 100.0, 0.0] [93.1446, 0.0, -36.388] [1154.11, 97.3459, 2076.67]]
		objLayer:i = 0
		props {

		}
	}
	convoy_waypoint03 {
		type:t = "Point"
		tm:m = [[85.5085, 0.0, -51.8488] [0.0, 100.0, 0.0] [51.8488, 0.0, 85.5085] [1982.49, 51.5613, 1243.09]]
		objLayer:i = 0
		props {

		}
	}
	convoy_waypoint04 {
		type:t = "Point"
		tm:m = [[6.32057, 0.0, 99.8] [0.0, 100.0, 0.0] [-99.8, 0.0, 6.32057] [2188.51, 46.6568, 377.061]]
		objLayer:i = 0
		props {

		}
	}
	convoy_waypoint00 {
		type:t = "Point"
		tm:m = [[-49.0877, 0.0, -87.1229] [0.0, 100.0, 0.0] [87.1229, 0.0, -49.0877] [1735.1, 41.2, 3634.2]]
		objLayer:i = 0
		props {

		}
	}
	convoy_starting_point {
		type:t = "Point"
		tm:m = [[-0.466471, 0.0, -0.884537] [0.0, 1.0, 0.0] [0.884537, 0.0, -0.466471] [1881.0, 37.2795, 3906.85]]
		objLayer:i = 0
		props {

		}
	}
	convoy_lookat_point {
		type:t = "Point"
		tm:m = [[-0.427977, 0.0, -0.90379] [0.0, 1.0, 0.0] [0.90379, 0.0, -0.427977] [1723.2, 40.95, 3605.3]]
		objLayer:i = 0
		props {

		}
	}
	area_11 {
		type:t = "Sphere"
		tm:m = [[-1313.62, 0.0, -1230.61] [0.0, 1800.0, 0.0] [1230.61, 0.0, -1313.62] [2215.05, 68.8, 2305.2]]
		objLayer:i = 0
		props {

		}
	}
	t1_tanks_spawn00_01 {
		type:t = "Sphere"
		tm:m = [[-1.33815, 0.0, -5.84889] [0.0, 6.0, 0.0] [5.84889, 0.0, -1.33815] [1550.44, 42.9073, 3764.3]]
		objLayer:i = 0
		props {

		}
	}
	t1_tanks_spawn00_02 {
		type:t = "Sphere"
		tm:m = [[-1.33815, 0.0, -5.84889] [0.0, 6.0, 0.0] [5.84889, 0.0, -1.33815] [1554.82, 42.7618, 3782.98]]
		objLayer:i = 0
		props {

		}
	}
	t1_tanks_spawn00_03 {
		type:t = "Sphere"
		tm:m = [[-1.33815, 0.0, -5.84889] [0.0, 6.0, 0.0] [5.84889, 0.0, -1.33815] [1558.61, 42.7784, 3799.47]]
		objLayer:i = 0
		props {

		}
	}
	t1_tanks_spawn00_04 {
		type:t = "Sphere"
		tm:m = [[-1.33815, 0.0, -5.84889] [0.0, 6.0, 0.0] [5.84889, 0.0, -1.33815] [1562.5, 42.4985, 3820.32]]
		objLayer:i = 0
		props {

		}
	}
	t1_tanks_spawn00_05 {
		type:t = "Sphere"
		tm:m = [[-1.33815, 0.0, -5.84889] [0.0, 6.0, 0.0] [5.84889, 0.0, -1.33815] [1566.53, 42.4828, 3837.21]]
		objLayer:i = 0
		props {

		}
	}
	t1_tanks_spawn00_06 {
		type:t = "Sphere"
		tm:m = [[-1.33815, 0.0, -5.84889] [0.0, 6.0, 0.0] [5.84889, 0.0, -1.33815] [1570.66, 42.7402, 3858.1]]
		objLayer:i = 0
		props {

		}
	}
	t1_tanks_spawn00_07 {
		type:t = "Sphere"
		tm:m = [[-1.33815, 0.0, -5.84889] [0.0, 6.0, 0.0] [5.84889, 0.0, -1.33815] [1577.5, 42.5874, 3768.93]]
		objLayer:i = 0
		props {

		}
	}
	t1_tanks_spawn00_08 {
		type:t = "Sphere"
		tm:m = [[-1.33815, 0.0, -5.84889] [0.0, 6.0, 0.0] [5.84889, 0.0, -1.33815] [1576.52, 42.2849, 3786.96]]
		objLayer:i = 0
		props {

		}
	}
	t1_tanks_spawn00_09 {
		type:t = "Sphere"
		tm:m = [[-1.33815, 0.0, -5.84889] [0.0, 6.0, 0.0] [5.84889, 0.0, -1.33815] [1577.04, 42.1275, 3804.9]]
		objLayer:i = 0
		props {

		}
	}
	t1_tanks_spawn00_10 {
		type:t = "Sphere"
		tm:m = [[-1.33815, 0.0, -5.84889] [0.0, 6.0, 0.0] [5.84889, 0.0, -1.33815] [1583.66, 41.9358, 3825.26]]
		objLayer:i = 0
		props {

		}
	}
	t1_tanks_spawn00_11 {
		type:t = "Sphere"
		tm:m = [[-1.33815, 0.0, -5.84889] [0.0, 6.0, 0.0] [5.84889, 0.0, -1.33815] [1591.4, 41.9409, 3840.64]]
		objLayer:i = 0
		props {

		}
	}
	t1_tanks_spawn00_12 {
		type:t = "Sphere"
		tm:m = [[-1.33815, 0.0, -5.84889] [0.0, 6.0, 0.0] [5.84889, 0.0, -1.33815] [1526.04, 43.1743, 3779.91]]
		objLayer:i = 0
		props {

		}
	}
	t1_tanks_spawn00_13 {
		type:t = "Sphere"
		tm:m = [[-1.33815, 0.0, -5.84889] [0.0, 6.0, 0.0] [5.84889, 0.0, -1.33815] [1536.6, 43.3214, 3795.04]]
		objLayer:i = 0
		props {

		}
	}
	t1_tanks_spawn00_14 {
		type:t = "Sphere"
		tm:m = [[-1.33815, 0.0, -5.84889] [0.0, 6.0, 0.0] [5.84889, 0.0, -1.33815] [1542.15, 43.3227, 3811.85]]
		objLayer:i = 0
		props {

		}
	}
	t1_tanks_spawn00_15 {
		type:t = "Sphere"
		tm:m = [[-1.33815, 0.0, -5.84889] [0.0, 6.0, 0.0] [5.84889, 0.0, -1.33815] [1543.24, 43.1667, 3832.22]]
		objLayer:i = 0
		props {

		}
	}
	t1_tanks_spawn00_16 {
		type:t = "Sphere"
		tm:m = [[-1.33815, 0.0, -5.84889] [0.0, 6.0, 0.0] [5.84889, 0.0, -1.33815] [1541.09, 43.3953, 3850.68]]
		objLayer:i = 0
		props {

		}
	}
	t1_tanks_spawn00_17 {
		type:t = "Sphere"
		tm:m = [[-1.33815, 0.0, -5.84889] [0.0, 6.0, 0.0] [5.84889, 0.0, -1.33815] [1597.03, 42.1461, 3784.13]]
		objLayer:i = 0
		props {

		}
	}
	t1_tanks_spawn00_18 {
		type:t = "Sphere"
		tm:m = [[-1.33815, 0.0, -5.84889] [0.0, 6.0, 0.0] [5.84889, 0.0, -1.33815] [1603.99, 41.6397, 3814.17]]
		objLayer:i = 0
		props {

		}
	}
	t1_tanks_spawn00_19 {
		type:t = "Sphere"
		tm:m = [[-1.33815, 0.0, -5.84889] [0.0, 6.0, 0.0] [5.84889, 0.0, -1.33815] [1513.99, 43.6109, 3802.4]]
		objLayer:i = 0
		props {

		}
	}
	t1_tanks_spawn00_20 {
		type:t = "Sphere"
		tm:m = [[-1.33815, 0.0, -5.84889] [0.0, 6.0, 0.0] [5.84889, 0.0, -1.33815] [1520.76, 43.7738, 3833.99]]
		objLayer:i = 0
		props {

		}
	}
	t1_tanks_spawn01_01 {
		type:t = "Sphere"
		tm:m = [[0.104208, 0.0, -5.99909] [0.0, 6.0, 0.0] [5.99909, 0.0, 0.104208] [1329.62, 57.9487, 3186.96]]
		objLayer:i = 0
		props {

		}
	}
	t1_tanks_spawn01_02 {
		type:t = "Sphere"
		tm:m = [[0.104208, 0.0, -5.99909] [0.0, 6.0, 0.0] [5.99909, 0.0, 0.104208] [1321.57, 57.4043, 3201.38]]
		objLayer:i = 0
		props {

		}
	}
	t1_tanks_spawn01_03 {
		type:t = "Sphere"
		tm:m = [[0.104208, 0.0, -5.99909] [0.0, 6.0, 0.0] [5.99909, 0.0, 0.104208] [1314.25, 56.8931, 3213.84]]
		objLayer:i = 0
		props {

		}
	}
	t1_tanks_spawn01_04 {
		type:t = "Sphere"
		tm:m = [[0.104208, 0.0, -5.99909] [0.0, 6.0, 0.0] [5.99909, 0.0, 0.104208] [1304.29, 56.1984, 3231.74]]
		objLayer:i = 0
		props {

		}
	}
	t1_tanks_spawn01_05 {
		type:t = "Sphere"
		tm:m = [[0.104208, 0.0, -5.99909] [0.0, 6.0, 0.0] [5.99909, 0.0, 0.104208] [1296.39, 55.7293, 3246.21]]
		objLayer:i = 0
		props {

		}
	}
	t1_tanks_spawn01_06 {
		type:t = "Sphere"
		tm:m = [[0.104208, 0.0, -5.99909] [0.0, 6.0, 0.0] [5.99909, 0.0, 0.104208] [1288.02, 55.1883, 3262.17]]
		objLayer:i = 0
		props {

		}
	}
	t1_tanks_spawn01_07 {
		type:t = "Sphere"
		tm:m = [[0.104208, 0.0, -5.99909] [0.0, 6.0, 0.0] [5.99909, 0.0, 0.104208] [1339.09, 57.6356, 3200.78]]
		objLayer:i = 0
		props {

		}
	}
	t1_tanks_spawn01_08 {
		type:t = "Sphere"
		tm:m = [[0.104208, 0.0, -5.99909] [0.0, 6.0, 0.0] [5.99909, 0.0, 0.104208] [1330.47, 57.052, 3215.4]]
		objLayer:i = 0
		props {

		}
	}
	t1_tanks_spawn01_09 {
		type:t = "Sphere"
		tm:m = [[0.104208, 0.0, -5.99909] [0.0, 6.0, 0.0] [5.99909, 0.0, 0.104208] [1321.3, 56.3955, 3231.25]]
		objLayer:i = 0
		props {

		}
	}
	t1_tanks_spawn01_10 {
		type:t = "Sphere"
		tm:m = [[0.104208, 0.0, -5.99909] [0.0, 6.0, 0.0] [5.99909, 0.0, 0.104208] [1313.24, 55.892, 3246.4]]
		objLayer:i = 0
		props {

		}
	}
	t1_tanks_spawn01_11 {
		type:t = "Sphere"
		tm:m = [[0.104208, 0.0, -5.99909] [0.0, 6.0, 0.0] [5.99909, 0.0, 0.104208] [1346.61, 57.1988, 3217.25]]
		objLayer:i = 0
		props {

		}
	}
	t1_tanks_spawn01_12 {
		type:t = "Sphere"
		tm:m = [[0.104208, 0.0, -5.99909] [0.0, 6.0, 0.0] [5.99909, 0.0, 0.104208] [1338.44, 56.4894, 3234.78]]
		objLayer:i = 0
		props {

		}
	}
	t1_tanks_spawn01_13 {
		type:t = "Sphere"
		tm:m = [[0.104208, 0.0, -5.99909] [0.0, 6.0, 0.0] [5.99909, 0.0, 0.104208] [1366.09, 57.3593, 3220.14]]
		objLayer:i = 0
		props {

		}
	}
	t1_tanks_spawn01_14 {
		type:t = "Sphere"
		tm:m = [[0.104208, 0.0, -5.99909] [0.0, 6.0, 0.0] [5.99909, 0.0, 0.104208] [1311.42, 57.7759, 3183.79]]
		objLayer:i = 0
		props {

		}
	}
	t1_tanks_spawn01_15 {
		type:t = "Sphere"
		tm:m = [[0.104208, 0.0, -5.99909] [0.0, 6.0, 0.0] [5.99909, 0.0, 0.104208] [1300.9, 57.1234, 3200.96]]
		objLayer:i = 0
		props {

		}
	}
	t1_tanks_spawn01_16 {
		type:t = "Sphere"
		tm:m = [[0.104208, 0.0, -5.99909] [0.0, 6.0, 0.0] [5.99909, 0.0, 0.104208] [1290.78, 56.3891, 3218.8]]
		objLayer:i = 0
		props {

		}
	}
	t1_tanks_spawn01_17 {
		type:t = "Sphere"
		tm:m = [[0.104208, 0.0, -5.99909] [0.0, 6.0, 0.0] [5.99909, 0.0, 0.104208] [1281.17, 55.8485, 3235.62]]
		objLayer:i = 0
		props {

		}
	}
	t1_tanks_spawn01_18 {
		type:t = "Sphere"
		tm:m = [[0.104208, 0.0, -5.99909] [0.0, 6.0, 0.0] [5.99909, 0.0, 0.104208] [1348.97, 58.2809, 3184.52]]
		objLayer:i = 0
		props {

		}
	}
	t1_tanks_spawn01_19 {
		type:t = "Sphere"
		tm:m = [[0.104208, 0.0, -5.99909] [0.0, 6.0, 0.0] [5.99909, 0.0, 0.104208] [1290.33, 57.5862, 3181.39]]
		objLayer:i = 0
		props {

		}
	}
	t1_tanks_spawn01_20 {
		type:t = "Sphere"
		tm:m = [[0.104208, 0.0, -5.99909] [0.0, 6.0, 0.0] [5.99909, 0.0, 0.104208] [1282.24, 56.8474, 3201.59]]
		objLayer:i = 0
		props {

		}
	}
	t1_tanks_spawn02_01 {
		type:t = "Sphere"
		tm:m = [[4.82614, 0.0, -3.56487] [0.0, 6.0, 0.0] [3.56487, 0.0, 4.82614] [1018.04, 49.466, 1966.19]]
		objLayer:i = 0
		props {

		}
	}
	t1_tanks_spawn02_02 {
		type:t = "Sphere"
		tm:m = [[5.20613, 0.0, -2.98265] [0.0, 6.0, 0.0] [2.98265, 0.0, 5.20613] [1014.76, 49.6209, 1982.31]]
		objLayer:i = 0
		props {

		}
	}
	t1_tanks_spawn02_03 {
		type:t = "Sphere"
		tm:m = [[5.32639, 0.0, -2.76214] [0.0, 6.0, 0.0] [2.76214, 0.0, 5.32639] [1011.46, 49.8093, 1998.42]]
		objLayer:i = 0
		props {

		}
	}
	t1_tanks_spawn02_04 {
		type:t = "Sphere"
		tm:m = [[5.01052, 0.0, -3.30069] [0.0, 6.0, 0.0] [3.30069, 0.0, 5.01052] [1006.71, 50.1015, 2019.25]]
		objLayer:i = 0
		props {

		}
	}
	t1_tanks_spawn02_05 {
		type:t = "Sphere"
		tm:m = [[4.59695, 0.0, -3.85589] [0.0, 6.0, 0.0] [3.85589, 0.0, 4.59695] [1003.52, 50.367, 2035.44]]
		objLayer:i = 0
		props {

		}
	}
	t1_tanks_spawn02_06 {
		type:t = "Sphere"
		tm:m = [[4.38143, 0.0, -4.09915] [0.0, 6.0, 0.0] [4.09915, 0.0, 4.38143] [1004.04, 50.6661, 2053.08]]
		objLayer:i = 0
		props {

		}
	}
	t1_tanks_spawn02_07 {
		type:t = "Sphere"
		tm:m = [[5.00647, 0.0, -3.30685] [0.0, 6.0, 0.0] [3.30685, 0.0, 5.00647] [1032.89, 49.5657, 1976.97]]
		objLayer:i = 0
		props {

		}
	}
	t1_tanks_spawn02_08 {
		type:t = "Sphere"
		tm:m = [[5.36356, 0.0, -2.68927] [0.0, 6.0, 0.0] [2.68927, 0.0, 5.36356] [1028.19, 49.7527, 1994.22]]
		objLayer:i = 0
		props {

		}
	}
	t1_tanks_spawn02_09 {
		type:t = "Sphere"
		tm:m = [[5.26847, 0.0, -2.87109] [0.0, 6.0, 0.0] [2.87109, 0.0, 5.26847] [1024.79, 49.958, 2010.25]]
		objLayer:i = 0
		props {

		}
	}
	t1_tanks_spawn02_10 {
		type:t = "Sphere"
		tm:m = [[4.93424, 0.0, -3.41369] [0.0, 6.0, 0.0] [3.41369, 0.0, 4.93424] [1020.19, 50.2089, 2027.38]]
		objLayer:i = 0
		props {

		}
	}
	t1_tanks_spawn02_11 {
		type:t = "Sphere"
		tm:m = [[4.41185, 0.0, -4.0664] [0.0, 6.0, 0.0] [4.0664, 0.0, 4.41185] [1016.98, 50.4773, 2043.53]]
		objLayer:i = 0
		props {

		}
	}
	t1_tanks_spawn02_12 {
		type:t = "Sphere"
		tm:m = [[5.46393, 0.0, -2.47899] [0.0, 6.0, 0.0] [2.47899, 0.0, 5.46393] [1000.04, 49.5331, 1972.35]]
		objLayer:i = 0
		props {

		}
	}
	t1_tanks_spawn02_13 {
		type:t = "Sphere"
		tm:m = [[4.91583, 0.0, -3.44013] [0.0, 6.0, 0.0] [3.44013, 0.0, 4.91583] [995.929, 49.6746, 1986.09]]
		objLayer:i = 0
		props {

		}
	}
	t1_tanks_spawn02_14 {
		type:t = "Sphere"
		tm:m = [[5.24621, 0.0, -2.91155] [0.0, 6.0, 0.0] [2.91155, 0.0, 5.24621] [992.149, 49.8869, 2002.59]]
		objLayer:i = 0
		props {

		}
	}
	t1_tanks_spawn02_15 {
		type:t = "Sphere"
		tm:m = [[4.86286, 0.0, -3.51461] [0.0, 6.0, 0.0] [3.51461, 0.0, 4.86286] [989.099, 50.104, 2017.25]]
		objLayer:i = 0
		props {

		}
	}
	t1_tanks_spawn02_16 {
		type:t = "Sphere"
		tm:m = [[4.52392, 0.0, -3.94133] [0.0, 6.0, 0.0] [3.94133, 0.0, 4.52392] [983.979, 50.441, 2036.6]]
		objLayer:i = 0
		props {

		}
	}
	t1_tanks_spawn02_17 {
		type:t = "Sphere"
		tm:m = [[5.06132, 0.0, -3.22228] [0.0, 6.0, 0.0] [3.22228, 0.0, 5.06132] [1001.77, 49.37, 1953.09]]
		objLayer:i = 0
		props {

		}
	}
	t1_tanks_spawn02_18 {
		type:t = "Sphere"
		tm:m = [[5.2732, 0.0, -2.86241] [0.0, 6.0, 0.0] [2.86241, 0.0, 5.2732] [985.309, 49.4583, 1961.21]]
		objLayer:i = 0
		props {

		}
	}
	t1_tanks_spawn02_19 {
		type:t = "Sphere"
		tm:m = [[5.03139, 0.0, -3.26879] [0.0, 6.0, 0.0] [3.26879, 0.0, 5.03139] [985.219, 49.3182, 1940.88]]
		objLayer:i = 0
		props {

		}
	}
	t1_tanks_spawn02_20 {
		type:t = "Sphere"
		tm:m = [[4.48855, 0.0, -3.98156] [0.0, 6.0, 0.0] [3.98156, 0.0, 4.48855] [970.639, 49.3872, 1947.86]]
		objLayer:i = 0
		props {

		}
	}
	t1_tanks_spawn03_01 {
		type:t = "Sphere"
		tm:m = [[5.44044, 0.0, -2.53013] [0.0, 6.0, 0.0] [2.53013, 0.0, 5.44044] [1840.62, 53.1739, 1195.55]]
		objLayer:i = 0
		props {

		}
	}
	t1_tanks_spawn03_02 {
		type:t = "Sphere"
		tm:m = [[5.75844, 0.0, -1.68534] [0.0, 6.0, 0.0] [1.68534, 0.0, 5.75844] [1895.3, 53.236, 1170.21]]
		objLayer:i = 0
		props {

		}
	}
	t1_tanks_spawn03_03 {
		type:t = "Sphere"
		tm:m = [[5.92391, 0.0, -0.95248] [0.0, 6.0, 0.0] [0.95248, 0.0, 5.92391] [1877.44, 53.1005, 1166.99]]
		objLayer:i = 0
		props {

		}
	}
	t1_tanks_spawn03_04 {
		type:t = "Sphere"
		tm:m = [[5.92391, 0.0, -0.95248] [0.0, 6.0, 0.0] [0.95248, 0.0, 5.92391] [1858.95, 53.2109, 1163.44]]
		objLayer:i = 0
		props {

		}
	}
	t1_tanks_spawn03_05 {
		type:t = "Sphere"
		tm:m = [[5.92391, 0.0, -0.95248] [0.0, 6.0, 0.0] [0.95248, 0.0, 5.92391] [1843.2, 53.6814, 1160.68]]
		objLayer:i = 0
		props {

		}
	}
	t1_tanks_spawn03_06 {
		type:t = "Sphere"
		tm:m = [[5.92391, 0.0, -0.95248] [0.0, 6.0, 0.0] [0.95248, 0.0, 5.92391] [1824.61, 53.9836, 1152.21]]
		objLayer:i = 0
		props {

		}
	}
	t1_tanks_spawn03_07 {
		type:t = "Sphere"
		tm:m = [[5.37169, 0.0, -2.67299] [0.0, 6.0, 0.0] [2.67299, 0.0, 5.37169] [1809.1, 53.9062, 1152.16]]
		objLayer:i = 0
		props {

		}
	}
	t1_tanks_spawn03_08 {
		type:t = "Sphere"
		tm:m = [[5.04419, 0.0, -3.249] [0.0, 6.0, 0.0] [3.249, 0.0, 5.04419] [1840.23, 53.4192, 1177.69]]
		objLayer:i = 0
		props {

		}
	}
	t1_tanks_spawn03_09 {
		type:t = "Sphere"
		tm:m = [[5.74268, 0.0, -1.73827] [0.0, 6.0, 0.0] [1.73827, 0.0, 5.74268] [1897.48, 53.0852, 1190.41]]
		objLayer:i = 0
		props {

		}
	}
	t1_tanks_spawn03_10 {
		type:t = "Sphere"
		tm:m = [[5.92391, 0.0, -0.95248] [0.0, 6.0, 0.0] [0.95248, 0.0, 5.92391] [1877.45, 52.9231, 1185.03]]
		objLayer:i = 0
		props {

		}
	}
	t1_tanks_spawn03_11 {
		type:t = "Sphere"
		tm:m = [[5.92391, 0.0, -0.95248] [0.0, 6.0, 0.0] [0.95248, 0.0, 5.92391] [1826.22, 53.6255, 1169.65]]
		objLayer:i = 0
		props {

		}
	}
	t1_tanks_spawn03_12 {
		type:t = "Sphere"
		tm:m = [[5.92391, 0.0, -0.95248] [0.0, 6.0, 0.0] [0.95248, 0.0, 5.92391] [1866.59, 53.5551, 1119.92]]
		objLayer:i = 0
		props {

		}
	}
	t1_tanks_spawn03_13 {
		type:t = "Sphere"
		tm:m = [[5.93505, 0.0, -0.880408] [0.0, 6.0, 0.0] [0.880408, 0.0, 5.93505] [1808.73, 53.6673, 1170.25]]
		objLayer:i = 0
		props {

		}
	}
	t1_tanks_spawn03_14 {
		type:t = "Sphere"
		tm:m = [[4.86343, 0.0, -3.51383] [0.0, 6.0, 0.0] [3.51383, 0.0, 4.86343] [1891.98, 53.4017, 1147.84]]
		objLayer:i = 0
		props {

		}
	}
	t1_tanks_spawn03_15 {
		type:t = "Sphere"
		tm:m = [[5.82121, 0.0, -1.45374] [0.0, 6.0, 0.0] [1.45374, 0.0, 5.82121] [1866.96, 53.3281, 1143.36]]
		objLayer:i = 0
		props {

		}
	}
	t1_tanks_spawn03_16 {
		type:t = "Sphere"
		tm:m = [[5.26457, 0.0, -2.87825] [0.0, 6.0, 0.0] [2.87825, 0.0, 5.26457] [1817.18, 53.4191, 1189.04]]
		objLayer:i = 0
		props {

		}
	}
	t1_tanks_spawn03_17 {
		type:t = "Sphere"
		tm:m = [[5.65318, 0.0, -2.01038] [0.0, 6.0, 0.0] [2.01038, 0.0, 5.65318] [1890.47, 53.5642, 1130.78]]
		objLayer:i = 0
		props {

		}
	}
	t1_tanks_spawn03_18 {
		type:t = "Sphere"
		tm:m = [[5.86204, 0.0, -1.27928] [0.0, 6.0, 0.0] [1.27928, 0.0, 5.86204] [1850.7, 53.6978, 1129.05]]
		objLayer:i = 0
		props {

		}
	}
	t1_tanks_spawn03_19 {
		type:t = "Sphere"
		tm:m = [[5.99979, 0.0, 0.0496261] [0.0, 6.0, 0.0] [-0.0496261, 0.0, 5.99979] [1839.6, 53.9903, 1144.48]]
		objLayer:i = 0
		props {

		}
	}
	t1_tanks_spawn03_20 {
		type:t = "Sphere"
		tm:m = [[5.88824, 0.0, -1.15268] [0.0, 6.0, 0.0] [1.15268, 0.0, 5.88824] [1824.89, 54.1701, 1138.68]]
		objLayer:i = 0
		props {

		}
	}
	t1_tanks_spawn04_01 {
		type:t = "Sphere"
		tm:m = [[4.53363, 0.0, 3.93016] [0.0, 6.0, 0.0] [-3.93016, 0.0, 4.53363] [2099.63, 54.349, 510.778]]
		objLayer:i = 0
		props {

		}
	}
	t1_tanks_spawn04_02 {
		type:t = "Sphere"
		tm:m = [[4.53363, 0.0, 3.93016] [0.0, 6.0, 0.0] [-3.93016, 0.0, 4.53363] [2085.02, 54.7129, 505.171]]
		objLayer:i = 0
		props {

		}
	}
	t1_tanks_spawn04_03 {
		type:t = "Sphere"
		tm:m = [[4.53363, 0.0, 3.93016] [0.0, 6.0, 0.0] [-3.93016, 0.0, 4.53363] [2070.42, 54.77, 499.554]]
		objLayer:i = 0
		props {

		}
	}
	t1_tanks_spawn04_04 {
		type:t = "Sphere"
