selected_tag:t = ""
bin_dump_file:t = ""
mission_settings {
	player {
		army:i = 1
		wing:t = "t1_player01"
		wing:t = "t1_player02"
		wing:t = "t1_player03"
		wing:t = "t1_player04"
		wing:t = "t1_player05"
		wing:t = "t1_player06"
		wing:t = "t1_player07"
		wing:t = "t1_player08"
		wing:t = "t1_player09"
		wing:t = "t1_player10"
		wing:t = "t1_player11"
		wing:t = "t1_player12"
		wing:t = "t1_player13"
		wing:t = "t1_player14"
		wing:t = "t1_player15"
		wing:t = "t1_player16"
		wing:t = "t1_player17"
		wing:t = "t1_player18"
		wing:t = "t1_player19"
		wing:t = "t1_player20"
		wing:t = "t1_player21"
		wing:t = "t1_player22"
		wing:t = "t1_player23"
		wing:t = "t1_player24"
		wing:t = "t1_player25"
		wing:t = "t1_player26"
		wing:t = "t1_player27"
		wing:t = "t1_player28"
		wing:t = "t1_player29"
		wing:t = "t1_player30"
		wing:t = "t1_player31"
		wing:t = "t1_player32"
	}
	player_teamB {
		army:i = 2
		wing:t = "t2_player01"
		wing:t = "t2_player02"
		wing:t = "t2_player03"
		wing:t = "t2_player04"
		wing:t = "t2_player05"
		wing:t = "t2_player06"
		wing:t = "t2_player07"
		wing:t = "t2_player08"
		wing:t = "t2_player09"
		wing:t = "t2_player10"
		wing:t = "t2_player11"
		wing:t = "t2_player12"
		wing:t = "t2_player13"
		wing:t = "t2_player14"
		wing:t = "t2_player15"
		wing:t = "t2_player16"
		wing:t = "t2_player17"
		wing:t = "t2_player18"
		wing:t = "t2_player19"
		wing:t = "t2_player20"
		wing:t = "t2_player21"
		wing:t = "t2_player22"
		wing:t = "t2_player23"
		wing:t = "t2_player24"
		wing:t = "t2_player25"
		wing:t = "t2_player26"
		wing:t = "t2_player27"
		wing:t = "t2_player28"
		wing:t = "t2_player29"
		wing:t = "t2_player30"
		wing:t = "t2_player31"
		wing:t = "t2_player32"
	}
	mission {
		type:t = "domination"
		level:t = "levels/air_south_eastern_city.bin"
		environment:t = "Day"
		weather:t = "clear"
		customHUD:t = "oil_refinery_strbomb"
		hideHudProgressIcons:b = true
		locNameTeamA:t = "missions/_strbomb/defensive;location/air_south_eastern_city"
		locNameTeamB:t = "missions/_strbomb/offensive;location/air_south_eastern_city"
		locDescTeamA:t = "missions/_strbomb/desc/defensive"
		locDescTeamB:t = "missions/_strbomb/desc/offensive"
		locName:t = "missions/_strbomb;location/air_south_eastern_city"
		scoreLimit:i = 10000
		timeLimit:i = 25
		deathPenaltyMul:r = 0
		postfix:t = "_strbomb"
		allowEmptyTeams:b = false
		country_axis:t = "usa"
		country_allies:t = "ussr"
		restoreType:t = "attempts"
		optionalTakeOff:b = false
		allowedUnitTypes {
			isAirplanesAllowed:b = true
			isTanksAllowed:b = false
			isShipsAllowed:b = false
			isHelicoptersAllowed:b = false
		}
	}
	briefing {
		place_loc:t = ""
		date_loc:t = ""
		objective_loc:t = ""
		music:t = "action_01"
		part {
			event:t = ""
			minTime:i = 0
			slide {
				map:b = true
				minTime:i = 4
				picture:t = ""
				showAirMap:b = true
				icon {
					icontype:t = "fighter"
					side:t = "ally"
					target:t = "t1_spawn_area_01_10"
					lookAt:t = "t2_spawn_area_01_10"
				}
				icon {
					icontype:t = "fighter"
					side:t = "ally"
					target:t = "t1_spawn_area_02_10"
					lookAt:t = "t2_spawn_area_02_10"
				}
				icon {
					icontype:t = "fighter"
					side:t = "ally"
					target:t = "t1_spawn_area_03_10"
					lookAt:t = "t2_spawn_area_03_10"
				}
				icon {
					icontype:t = "fighter"
					side:t = "enemy"
					target:t = "t2_spawn_area_01_10"
					lookAt:t = "t1_spawn_area_01_10"
				}
				icon {
					icontype:t = "fighter"
					side:t = "enemy"
					target:t = "t2_spawn_area_02_10"
					lookAt:t = "t1_spawn_area_02_10"
				}
				icon {
					icontype:t = "fighter"
					side:t = "enemy"
					target:t = "t2_spawn_area_03_10"
					lookAt:t = "t1_spawn_area_03_10"
				}
				battleArea {
					target:t = "briefing_area"
				}
			}
		}
	}
}
imports {
	import_record {
		file:t = "gameData/missions/templates/air_templates/war_oil_refinery_strbomb_template.blk"
		importAreas:b = true
		importUnits:b = true
		importTriggers:b = true
		importMissionObjectives:b = true
		importWayPoints:b = true
		importDialogs:b = true
		showAreas:b = true
		showUnits:b = true
		showTriggers:b = true
		showMissionObjectives:b = true
		showWayPoints:b = true
		showDialogs:b = true
		excludes {

		}
	}
}
triggers {
	isCategory:b = true
	is_enabled:b = true
}
mission_objectives {
	isCategory:b = true
	is_enabled:b = true
}
variables {

}
dialogs {

}
airfields {

}
effects {

}
units {
	objectGroups {
		name:t = "t1_target_objectgroup_01"
		tm:m = [[0.0185442, 0.0, -0.999828] [0.0, 1.0, 0.0] [0.999828, 0.0, 0.0185442] [-25499.1, 331.45, 7370.9]]
		unit_class:t = "dyn_bomb_target_oil_refinery_sand_1000_1000"
		objLayer:i = 1
		props {
			army:i = 1
			active:b = true
		}
	}
	objectGroups {
		name:t = "t1_cover_spaa_basis_01"
		tm:m = [[-0.996195, 0.0, -0.0871556] [0.0, 1.0, 0.0] [0.0871556, 0.0, -0.996195] [-24528.2, 91.4878, 5029.1]]
		unit_class:t = "dyn_foundation_7m"
		objLayer:i = 1
		props {
			army:i = 1
			active:b = true
		}
	}
	objectGroups {
		name:t = "t1_cover_spaa_basis_02"
		tm:m = [[-0.996195, 0.0, -0.0871556] [0.0, 1.0, 0.0] [0.0871556, 0.0, -0.996195] [-24628.3, 173.978, 5627.9]]
		unit_class:t = "dyn_foundation_7m"
		objLayer:i = 1
		props {
			army:i = 1
			active:b = true
		}
	}
	area_squad {
		name:t = "t1_spawn_area_01"
		tm:m = [[1.0, 0.0, 0.0] [0.0, 1.0, 0.0] [0.0, 0.0, 1.0] [-16220.0, 460.0, 35036.0]]
		props {
			squad_members:t = "t1_spawn_area_01_01"
			squad_members:t = "t1_spawn_area_01_02"
			squad_members:t = "t1_spawn_area_01_03"
			squad_members:t = "t1_spawn_area_01_04"
			squad_members:t = "t1_spawn_area_01_05"
			squad_members:t = "t1_spawn_area_01_06"
			squad_members:t = "t1_spawn_area_01_07"
			squad_members:t = "t1_spawn_area_01_08"
			squad_members:t = "t1_spawn_area_01_09"
			squad_members:t = "t1_spawn_area_01_10"
			squad_members:t = "t1_spawn_area_01_11"
			squad_members:t = "t1_spawn_area_01_12"
			squad_members:t = "t1_spawn_area_01_13"
			squad_members:t = "t1_spawn_area_01_14"
			squad_members:t = "t1_spawn_area_01_15"
			squad_members:t = "t1_spawn_area_01_16"
			squad_members:t = "t1_spawn_area_01_17"
			squad_members:t = "t1_spawn_area_01_18"
			squad_members:t = "t1_spawn_area_01_19"
			squad_members:t = "t1_spawn_area_01_20"
		}
	}
	area_squad {
		name:t = "t1_spawn_area_02"
		tm:m = [[1.0, 0.0, 0.0] [0.0, 1.0, 0.0] [0.0, 0.0, 1.0] [5890.0, 890.0, 34936.0]]
		props {
			squad_members:t = "t1_spawn_area_02_01"
			squad_members:t = "t1_spawn_area_02_02"
			squad_members:t = "t1_spawn_area_02_03"
			squad_members:t = "t1_spawn_area_02_04"
			squad_members:t = "t1_spawn_area_02_05"
			squad_members:t = "t1_spawn_area_02_06"
			squad_members:t = "t1_spawn_area_02_07"
			squad_members:t = "t1_spawn_area_02_08"
			squad_members:t = "t1_spawn_area_02_09"
			squad_members:t = "t1_spawn_area_02_10"
			squad_members:t = "t1_spawn_area_02_11"
			squad_members:t = "t1_spawn_area_02_12"
			squad_members:t = "t1_spawn_area_02_13"
			squad_members:t = "t1_spawn_area_02_14"
			squad_members:t = "t1_spawn_area_02_15"
			squad_members:t = "t1_spawn_area_02_16"
			squad_members:t = "t1_spawn_area_02_17"
			squad_members:t = "t1_spawn_area_02_18"
			squad_members:t = "t1_spawn_area_02_19"
			squad_members:t = "t1_spawn_area_02_20"
		}
	}
	area_squad {
		name:t = "t1_spawn_area_03"
		tm:m = [[1.0, 0.0, 0.0] [0.0, 1.0, 0.0] [0.0, 0.0, 1.0] [28260.0, 1100.0, 34986.0]]
		props {
			squad_members:t = "t1_spawn_area_03_01"
			squad_members:t = "t1_spawn_area_03_02"
			squad_members:t = "t1_spawn_area_03_03"
			squad_members:t = "t1_spawn_area_03_04"
			squad_members:t = "t1_spawn_area_03_05"
			squad_members:t = "t1_spawn_area_03_06"
			squad_members:t = "t1_spawn_area_03_07"
			squad_members:t = "t1_spawn_area_03_08"
			squad_members:t = "t1_spawn_area_03_09"
			squad_members:t = "t1_spawn_area_03_10"
			squad_members:t = "t1_spawn_area_03_11"
			squad_members:t = "t1_spawn_area_03_12"
			squad_members:t = "t1_spawn_area_03_13"
			squad_members:t = "t1_spawn_area_03_14"
			squad_members:t = "t1_spawn_area_03_15"
			squad_members:t = "t1_spawn_area_03_16"
			squad_members:t = "t1_spawn_area_03_17"
			squad_members:t = "t1_spawn_area_03_18"
			squad_members:t = "t1_spawn_area_03_19"
			squad_members:t = "t1_spawn_area_03_20"
		}
	}
	area_squad {
		name:t = "t2_spawn_area_01"
		tm:m = [[1.0, 0.0, 0.0] [0.0, 1.0, 0.0] [0.0, 0.0, 1.0] [-16080.0, 500.0, -41084.0]]
		props {
			squad_members:t = "t2_spawn_area_01_01"
			squad_members:t = "t2_spawn_area_01_02"
			squad_members:t = "t2_spawn_area_01_03"
			squad_members:t = "t2_spawn_area_01_04"
			squad_members:t = "t2_spawn_area_01_05"
			squad_members:t = "t2_spawn_area_01_06"
			squad_members:t = "t2_spawn_area_01_07"
			squad_members:t = "t2_spawn_area_01_08"
			squad_members:t = "t2_spawn_area_01_09"
			squad_members:t = "t2_spawn_area_01_10"
			squad_members:t = "t2_spawn_area_01_11"
			squad_members:t = "t2_spawn_area_01_12"
			squad_members:t = "t2_spawn_area_01_13"
			squad_members:t = "t2_spawn_area_01_14"
			squad_members:t = "t2_spawn_area_01_15"
			squad_members:t = "t2_spawn_area_01_16"
			squad_members:t = "t2_spawn_area_01_17"
			squad_members:t = "t2_spawn_area_01_18"
			squad_members:t = "t2_spawn_area_01_19"
			squad_members:t = "t2_spawn_area_01_20"
		}
	}
	area_squad {
		name:t = "t2_spawn_area_02"
		tm:m = [[1.0, 0.0, 0.0] [0.0, 1.0, 0.0] [0.0, 0.0, 1.0] [6130.0, 370.0, -41014.0]]
		props {
			squad_members:t = "t2_spawn_area_02_01"
			squad_members:t = "t2_spawn_area_02_02"
			squad_members:t = "t2_spawn_area_02_03"
			squad_members:t = "t2_spawn_area_02_04"
			squad_members:t = "t2_spawn_area_02_05"
			squad_members:t = "t2_spawn_area_02_06"
			squad_members:t = "t2_spawn_area_02_07"
			squad_members:t = "t2_spawn_area_02_08"
			squad_members:t = "t2_spawn_area_02_09"
			squad_members:t = "t2_spawn_area_02_10"
			squad_members:t = "t2_spawn_area_02_11"
			squad_members:t = "t2_spawn_area_02_12"
			squad_members:t = "t2_spawn_area_02_13"
			squad_members:t = "t2_spawn_area_02_14"
			squad_members:t = "t2_spawn_area_02_15"
			squad_members:t = "t2_spawn_area_02_16"
			squad_members:t = "t2_spawn_area_02_17"
			squad_members:t = "t2_spawn_area_02_18"
			squad_members:t = "t2_spawn_area_02_19"
			squad_members:t = "t2_spawn_area_02_20"
		}
	}
	area_squad {
		name:t = "t2_spawn_area_03"
		tm:m = [[1.0, 0.0, 0.0] [0.0, 1.0, 0.0] [0.0, 0.0, 1.0] [29540.0, 460.0, -40754.0]]
		props {
			squad_members:t = "t2_spawn_area_03_01"
			squad_members:t = "t2_spawn_area_03_02"
			squad_members:t = "t2_spawn_area_03_03"
			squad_members:t = "t2_spawn_area_03_04"
			squad_members:t = "t2_spawn_area_03_05"
			squad_members:t = "t2_spawn_area_03_06"
			squad_members:t = "t2_spawn_area_03_07"
			squad_members:t = "t2_spawn_area_03_08"
			squad_members:t = "t2_spawn_area_03_09"
			squad_members:t = "t2_spawn_area_03_10"
			squad_members:t = "t2_spawn_area_03_11"
			squad_members:t = "t2_spawn_area_03_12"
			squad_members:t = "t2_spawn_area_03_13"
			squad_members:t = "t2_spawn_area_03_14"
			squad_members:t = "t2_spawn_area_03_15"
			squad_members:t = "t2_spawn_area_03_16"
			squad_members:t = "t2_spawn_area_03_17"
			squad_members:t = "t2_spawn_area_03_18"
			squad_members:t = "t2_spawn_area_03_19"
			squad_members:t = "t2_spawn_area_03_20"
		}
	}
	area_squad {
		name:t = "t1_exit_zone_squad"
		tm:m = [[1.0, 0.0, 0.0] [0.0, 1.0, 0.0] [0.0, 0.0, 1.0] [6099.3, -0.000244141, 37321.0]]
		props {
			squad_members:t = "t1_exit_zone_01"
			squad_members:t = "t1_exit_zone_02"
			squad_members:t = "t1_exit_zone_03"
			squad_members:t = "t1_exit_zone_04"
		}
	}
	area_squad {
		name:t = "t2_exit_zone_squad"
		tm:m = [[1.0, 0.0, 0.0] [0.0, 1.0, 0.0] [0.0, 0.0, 1.0] [6101.3, 0.0, -42325.4]]
		props {
			squad_members:t = "t2_exit_zone_01"
			squad_members:t = "t2_exit_zone_02"
			squad_members:t = "t2_exit_zone_03"
			squad_members:t = "t2_exit_zone_04"
		}
	}
	objectGroups {
		name:t = "t1_cover_spaa_basis_03"
		tm:m = [[-0.996195, 0.0, -0.0871556] [0.0, 1.0, 0.0] [0.0871556, 0.0, -0.996195] [-23460.0, 57.4909, 5412.3]]
		unit_class:t = "dyn_foundation_7m"
		objLayer:i = 1
		props {
			army:i = 1
			active:b = true
		}
	}
	objectGroups {
		name:t = "t1_cover_spaa_basis_04"
		tm:m = [[-0.996195, 0.0, -0.0871556] [0.0, 1.0, 0.0] [0.0871556, 0.0, -0.996195] [-22828.2, 27.8741, 5929.4]]
		unit_class:t = "dyn_foundation_7m"
		objLayer:i = 1
		props {
			army:i = 1
			active:b = true
		}
	}
	objectGroups {
		name:t = "t1_cover_spaa_basis_05"
		tm:m = [[-0.996195, 0.0, -0.0871556] [0.0, 1.0, 0.0] [0.0871556, 0.0, -0.996195] [-24937.5, 167.816, 4928.1]]
		unit_class:t = "dyn_foundation_7m"
		objLayer:i = 1
		props {
			army:i = 1
			active:b = true
		}
	}
	objectGroups {
		name:t = "t1_cover_spaa_basis_06"
		tm:m = [[-0.996195, 0.0, -0.0871556] [0.0, 1.0, 0.0] [0.0871556, 0.0, -0.996195] [-23837.2, 333.251, 8707.2]]
		unit_class:t = "dyn_foundation_7m"
		objLayer:i = 1
		props {
			army:i = 1
			active:b = true
		}
	}
	objectGroups {
		name:t = "t1_cover_spaa_basis_07"
		tm:m = [[-0.996195, 0.0, -0.0871556] [0.0, 1.0, 0.0] [0.0871556, 0.0, -0.996195] [-24113.3, 391.52, 7945.0]]
		unit_class:t = "dyn_foundation_7m"
		objLayer:i = 1
		props {
			army:i = 1
			active:b = true
		}
	}
	objectGroups {
		name:t = "t1_cover_spaa_basis_08"
		tm:m = [[-0.996195, 0.0, -0.0871556] [0.0, 1.0, 0.0] [0.0871556, 0.0, -0.996195] [-23667.7, 441.231, 9567.95]]
		unit_class:t = "dyn_foundation_7m"
		objLayer:i = 1
		props {
			army:i = 1
			active:b = true
		}
	}
	objectGroups {
		name:t = "t1_cover_spaa_basis_09"
		tm:m = [[-0.996195, 0.0, -0.0871556] [0.0, 1.0, 0.0] [0.0871556, 0.0, -0.996195] [-24020.2, 302.751, 9732.4]]
		unit_class:t = "dyn_foundation_7m"
		objLayer:i = 1
		props {
			army:i = 1
			active:b = true
		}
	}
	objectGroups {
		name:t = "t1_cover_spaa_basis_10"
		tm:m = [[-0.996195, 0.0, -0.0871556] [0.0, 1.0, 0.0] [0.0871556, 0.0, -0.996195] [-23493.9, 339.087, 8908.55]]
		unit_class:t = "dyn_foundation_7m"
		objLayer:i = 1
		props {
			army:i = 1
			active:b = true
		}
	}
	objectGroups {
		name:t = "t1_cover_spaa_basis_11"
		tm:m = [[-0.996195, 0.0, -0.0871556] [0.0, 1.0, 0.0] [0.0871556, 0.0, -0.996195] [-27741.8, 129.227, 9070.55]]
		unit_class:t = "dyn_foundation_7m"
		objLayer:i = 1
		props {
			army:i = 1
			active:b = true
		}
	}
	objectGroups {
		name:t = "t1_cover_spaa_basis_12"
		tm:m = [[-0.996195, 0.0, -0.0871556] [0.0, 1.0, 0.0] [0.0871556, 0.0, -0.996195] [-28629.0, 137.466, 8298.55]]
		unit_class:t = "dyn_foundation_7m"
		objLayer:i = 1
		props {
			army:i = 1
			active:b = true
		}
	}
	objectGroups {
		name:t = "t1_cover_spaa_basis_13"
		tm:m = [[-0.996195, 0.0, -0.0871556] [0.0, 1.0, 0.0] [0.0871556, 0.0, -0.996195] [-26909.0, 283.812, 8608.9]]
		unit_class:t = "dyn_foundation_7m"
		objLayer:i = 1
		props {
			army:i = 1
			active:b = true
		}
	}
	objectGroups {
		name:t = "t1_cover_spaa_basis_14"
		tm:m = [[-0.996195, 0.0, -0.0871556] [0.0, 1.0, 0.0] [0.0871556, 0.0, -0.996195] [-26864.5, 267.236, 7658.55]]
		unit_class:t = "dyn_foundation_7m"
		objLayer:i = 1
		props {
			army:i = 1
			active:b = true
		}
	}
	objectGroups {
		name:t = "t1_cover_spaa_basis_15"
		tm:m = [[-0.996195, 0.0, -0.0871556] [0.0, 1.0, 0.0] [0.0871556, 0.0, -0.996195] [-26509.2, 324.33, 8551.8]]
		unit_class:t = "dyn_foundation_7m"
		objLayer:i = 1
		props {
			army:i = 1
			active:b = true
		}
	}
	objectGroups {
		name:t = "t1_cover_spaa_basis_16"
		tm:m = [[-0.996195, 0.0, -0.0871556] [0.0, 1.0, 0.0] [0.0871556, 0.0, -0.996195] [-26518.6, 25.851, 4740.1]]
		unit_class:t = "dyn_foundation_7m"
		objLayer:i = 1
		props {
			army:i = 1
			active:b = true
		}
	}
	objectGroups {
		name:t = "t1_cover_spaa_basis_17"
		tm:m = [[-0.996195, 0.0, -0.0871556] [0.0, 1.0, 0.0] [0.0871556, 0.0, -0.996195] [-25983.5, 49.8239, 5008.1]]
		unit_class:t = "dyn_foundation_7m"
		objLayer:i = 1
		props {
			army:i = 1
			active:b = true
		}
	}
	objectGroups {
		name:t = "t1_cover_spaa_basis_18"
		tm:m = [[-0.996195, 0.0, -0.0871556] [0.0, 1.0, 0.0] [0.0871556, 0.0, -0.996195] [-27058.4, 30.0497, 4891.65]]
		unit_class:t = "dyn_foundation_7m"
		objLayer:i = 1
		props {
			army:i = 1
			active:b = true
		}
	}
	objectGroups {
		name:t = "t1_cover_spaa_basis_19"
		tm:m = [[-0.996195, 0.0, -0.0871556] [0.0, 1.0, 0.0] [0.0871556, 0.0, -0.996195] [-25718.2, 131.588, 5062.2]]
		unit_class:t = "dyn_foundation_7m"
		objLayer:i = 1
		props {
			army:i = 1
			active:b = true
		}
	}
	objectGroups {
		name:t = "t1_cover_spaa_basis_20"
		tm:m = [[-0.996195, 0.0, -0.0871556] [0.0, 1.0, 0.0] [0.0871556, 0.0, -0.996195] [-26351.0, 260.723, 5747.35]]
		unit_class:t = "dyn_foundation_7m"
		objLayer:i = 1
		props {
			army:i = 1
			active:b = true
		}
	}
	objectGroups {
		name:t = "t1_target_objectgroup_02"
		tm:m = [[-0.394492, 0.0, 0.918899] [0.0, 1.0, 0.0] [-0.918899, 0.0, -0.394492] [-18375.2, 133.209, 5378.79]]
		unit_class:t = "dyn_bomb_target_oil_refinery_sand_1000_1000"
		objLayer:i = 1
		props {
			army:i = 1
			active:b = true
		}
	}
	objectGroups {
		name:t = "t1_cover_spaa_basis_21"
		tm:m = [[-0.0493439, 0.0, -0.998782] [0.0, 1.0, 0.0] [0.998782, 0.0, -0.0493439] [-17739.4, 391.249, 7050.3]]
		unit_class:t = "dyn_foundation_7m"
		objLayer:i = 1
		props {
			army:i = 1
			active:b = true
		}
	}
	objectGroups {
		name:t = "t1_cover_spaa_basis_22"
		tm:m = [[-0.0493439, 0.0, -0.998782] [0.0, 1.0, 0.0] [0.998782, 0.0, -0.0493439] [-17376.3, 404.051, 7091.47]]
		unit_class:t = "dyn_foundation_7m"
		objLayer:i = 1
		props {
			army:i = 1
			active:b = true
		}
	}
	objectGroups {
		name:t = "t1_cover_spaa_basis_23"
		tm:m = [[-0.0493439, 0.0, -0.998782] [0.0, 1.0, 0.0] [0.998782, 0.0, -0.0493439] [-17777.7, 216.526, 6344.31]]
		unit_class:t = "dyn_foundation_7m"
		objLayer:i = 1
		props {
			army:i = 1
			active:b = true
		}
	}
	objectGroups {
		name:t = "t1_cover_spaa_basis_24"
		tm:m = [[-0.0493439, 0.0, -0.998782] [0.0, 1.0, 0.0] [0.998782, 0.0, -0.0493439] [-17363.1, 115.74, 5981.99]]
		unit_class:t = "dyn_foundation_7m"
		objLayer:i = 1
		props {
			army:i = 1
			active:b = true
		}
	}
	objectGroups {
		name:t = "t1_cover_spaa_basis_25"
		tm:m = [[-0.0493439, 0.0, -0.998782] [0.0, 1.0, 0.0] [0.998782, 0.0, -0.0493439] [-18197.2, 478.163, 6911.17]]
		unit_class:t = "dyn_foundation_7m"
		objLayer:i = 1
		props {
			army:i = 1
			active:b = true
		}
	}
	objectGroups {
		name:t = "t1_cover_spaa_basis_26"
		tm:m = [[-0.0493439, 0.0, -0.998782] [0.0, 1.0, 0.0] [0.998782, 0.0, -0.0493439] [-19037.4, 601.774, 6997.54]]
		unit_class:t = "dyn_foundation_7m"
		objLayer:i = 1
		props {
			army:i = 1
			active:b = true
		}
	}
	objectGroups {
		name:t = "t1_cover_spaa_basis_27"
		tm:m = [[-0.0493439, 0.0, -0.998782] [0.0, 1.0, 0.0] [0.998782, 0.0, -0.0493439] [-19216.3, 625.748, 6866.05]]
		unit_class:t = "dyn_foundation_7m"
		objLayer:i = 1
		props {
			army:i = 1
			active:b = true
		}
	}
	objectGroups {
		name:t = "t1_cover_spaa_basis_28"
		tm:m = [[-0.0493439, 0.0, -0.998782] [0.0, 1.0, 0.0] [0.998782, 0.0, -0.0493439] [-19908.8, 575.65, 6667.78]]
		unit_class:t = "dyn_foundation_7m"
		objLayer:i = 1
		props {
			army:i = 1
			active:b = true
		}
	}
	objectGroups {
		name:t = "t1_cover_spaa_basis_29"
		tm:m = [[-0.0493439, 0.0, -0.998782] [0.0, 1.0, 0.0] [0.998782, 0.0, -0.0493439] [-20161.6, 277.696, 6139.36]]
		unit_class:t = "dyn_foundation_7m"
		objLayer:i = 1
		props {
			army:i = 1
			active:b = true
		}
	}
	objectGroups {
		name:t = "t1_cover_spaa_basis_30"
		tm:m = [[-0.0493439, 0.0, -0.998782] [0.0, 1.0, 0.0] [0.998782, 0.0, -0.0493439] [-20542.9, 67.1198, 5689.31]]
		unit_class:t = "dyn_foundation_7m"
		objLayer:i = 1
		props {
			army:i = 1
			active:b = true
		}
	}
	objectGroups {
		name:t = "t1_cover_spaa_basis_31"
		tm:m = [[-0.0493439, 0.0, -0.998782] [0.0, 1.0, 0.0] [0.998782, 0.0, -0.0493439] [-20667.0, 22.7282, 4815.94]]
		unit_class:t = "dyn_foundation_7m"
		objLayer:i = 1
		props {
			army:i = 1
			active:b = true
		}
	}
	objectGroups {
		name:t = "t1_cover_spaa_basis_32"
		tm:m = [[-0.0493439, 0.0, -0.998782] [0.0, 1.0, 0.0] [0.998782, 0.0, -0.0493439] [-21065.1, 32.1554, 4625.5]]
		unit_class:t = "dyn_foundation_7m"
		objLayer:i = 1
		props {
			army:i = 1
			active:b = true
		}
	}
	objectGroups {
		name:t = "t1_cover_spaa_basis_33"
		tm:m = [[-0.0493439, 0.0, -0.998782] [0.0, 1.0, 0.0] [0.998782, 0.0, -0.0493439] [-21628.0, 19.2688, 4675.01]]
		unit_class:t = "dyn_foundation_7m"
		objLayer:i = 1
		props {
			army:i = 1
			active:b = true
		}
	}
	objectGroups {
		name:t = "t1_cover_spaa_basis_34"
		tm:m = [[-0.0493439, 0.0, -0.998782] [0.0, 1.0, 0.0] [0.998782, 0.0, -0.0493439] [-20095.7, 20.2444, 5170.04]]
		unit_class:t = "dyn_foundation_7m"
		objLayer:i = 1
		props {
			army:i = 1
			active:b = true
		}
	}
	objectGroups {
		name:t = "t1_cover_spaa_basis_35"
		tm:m = [[-0.0493439, 0.0, -0.998782] [0.0, 1.0, 0.0] [0.998782, 0.0, -0.0493439] [-19500.0, 27.1146, 4476.19]]
		unit_class:t = "dyn_foundation_7m"
		objLayer:i = 1
		props {
			army:i = 1
			active:b = true
		}
	}
	objectGroups {
		name:t = "t1_cover_spaa_basis_36"
		tm:m = [[-0.0493439, 0.0, -0.998782] [0.0, 1.0, 0.0] [0.998782, 0.0, -0.0493439] [-17593.3, 33.7448, 4339.43]]
		unit_class:t = "dyn_foundation_7m"
		objLayer:i = 1
		props {
			army:i = 1
			active:b = true
		}
	}
	objectGroups {
		name:t = "t1_cover_spaa_basis_37"
		tm:m = [[-0.0493439, 0.0, -0.998782] [0.0, 1.0, 0.0] [0.998782, 0.0, -0.0493439] [-16721.3, 60.7146, 3798.94]]
		unit_class:t = "dyn_foundation_7m"
		objLayer:i = 1
		props {
			army:i = 1
			active:b = true
		}
	}
	objectGroups {
		name:t = "t1_cover_spaa_basis_38"
		tm:m = [[-0.0493439, 0.0, -0.998782] [0.0, 1.0, 0.0] [0.998782, 0.0, -0.0493439] [-17102.4, 105.122, 4724.19]]
		unit_class:t = "dyn_foundation_7m"
		objLayer:i = 1
		props {
			army:i = 1
			active:b = true
		}
	}
	objectGroups {
		name:t = "t1_cover_spaa_basis_39"
		tm:m = [[-0.0493439, 0.0, -0.998782] [0.0, 1.0, 0.0] [0.998782, 0.0, -0.0493439] [-16306.0, 121.847, 3720.25]]
		unit_class:t = "dyn_foundation_7m"
		objLayer:i = 1
		props {
			army:i = 1
			active:b = true
		}
	}
	objectGroups {
		name:t = "t1_cover_spaa_basis_40"
		tm:m = [[-0.0493439, 0.0, -0.998782] [0.0, 1.0, 0.0] [0.998782, 0.0, -0.0493439] [-17045.1, 107.958, 4991.61]]
		unit_class:t = "dyn_foundation_7m"
		objLayer:i = 1
		props {
			army:i = 1
			active:b = true
		}
	}
	objectGroups {
		name:t = "t1_target_objectgroup_03"
		tm:m = [[-0.649769, 0.0, 0.76013] [0.0, 1.0, 0.0] [-0.76013, 0.0, -0.649769] [-13299.9, 239.4, 6495.27]]
		unit_class:t = "dyn_bomb_target_oil_refinery_sand_1000_1000"
		objLayer:i = 1
		props {
			army:i = 1
			active:b = true
		}
	}
	objectGroups {
		name:t = "t1_cover_spaa_basis_41"
		tm:m = [[-0.920766, 0.0, -0.390115] [0.0, 1.0, 0.0] [0.390115, 0.0, -0.920766] [-11773.7, 121.725, 5145.47]]
		unit_class:t = "dyn_foundation_7m"
		objLayer:i = 1
		props {
			army:i = 1
			active:b = true
		}
	}
	objectGroups {
		name:t = "t1_cover_spaa_basis_42"
		tm:m = [[-0.920766, 0.0, -0.390115] [0.0, 1.0, 0.0] [0.390115, 0.0, -0.920766] [-11447.9, 303.908, 5883.3]]
		unit_class:t = "dyn_foundation_7m"
		objLayer:i = 1
		props {
			army:i = 1
			active:b = true
		}
	}
	objectGroups {
		name:t = "t1_cover_spaa_basis_43"
		tm:m = [[-0.920766, 0.0, -0.390115] [0.0, 1.0, 0.0] [0.390115, 0.0, -0.920766] [-11054.5, 312.763, 5741.05]]
		unit_class:t = "dyn_foundation_7m"
		objLayer:i = 1
		props {
			army:i = 1
			active:b = true
		}
	}
	objectGroups {
		name:t = "t1_cover_spaa_basis_44"
		tm:m = [[-0.920766, 0.0, -0.390115] [0.0, 1.0, 0.0] [0.390115, 0.0, -0.920766] [-11967.4, 131.182, 5443.58]]
		unit_class:t = "dyn_foundation_7m"
		objLayer:i = 1
		props {
			army:i = 1
			active:b = true
		}
	}
	objectGroups {
		name:t = "t1_cover_spaa_basis_45"
		tm:m = [[-0.920766, 0.0, -0.390115] [0.0, 1.0, 0.0] [0.390115, 0.0, -0.920766] [-11188.9, 427.983, 6252.71]]
		unit_class:t = "dyn_foundation_7m"
		objLayer:i = 1
		props {
			army:i = 1
			active:b = true
		}
	}
	objectGroups {
		name:t = "t1_cover_spaa_basis_46"
		tm:m = [[-0.920766, 0.0, -0.390115] [0.0, 1.0, 0.0] [0.390115, 0.0, -0.920766] [-13053.3, 286.912, 8209.97]]
		unit_class:t = "dyn_foundation_7m"
		objLayer:i = 1
		props {
			army:i = 1
			active:b = true
		}
	}
	objectGroups {
		name:t = "t1_cover_spaa_basis_47"
		tm:m = [[-0.920766, 0.0, -0.390115] [0.0, 1.0, 0.0] [0.390115, 0.0, -0.920766] [-12110.5, 589.188, 7907.45]]
		unit_class:t = "dyn_foundation_7m"
		objLayer:i = 1
		props {
			army:i = 1
			active:b = true
		}
	}
	objectGroups {
		name:t = "t1_cover_spaa_basis_48"
		tm:m = [[-0.920766, 0.0, -0.390115] [0.0, 1.0, 0.0] [0.390115, 0.0, -0.920766] [-11745.2, 569.822, 7870.95]]
		unit_class:t = "dyn_foundation_7m"
		objLayer:i = 1
		props {
			army:i = 1
			active:b = true
		}
	}
	objectGroups {
		name:t = "t1_cover_spaa_basis_49"
		tm:m = [[-0.920766, 0.0, -0.390115] [0.0, 1.0, 0.0] [0.390115, 0.0, -0.920766] [-13828.7, 223.781, 8877.66]]
		unit_class:t = "dyn_foundation_7m"
		objLayer:i = 1
		props {
			army:i = 1
			active:b = true
		}
	}
	objectGroups {
		name:t = "t1_cover_spaa_basis_50"
		tm:m = [[-0.920766, 0.0, -0.390115] [0.0, 1.0, 0.0] [0.390115, 0.0, -0.920766] [-14360.2, 297.283, 9014.5]]
		unit_class:t = "dyn_foundation_7m"
		objLayer:i = 1
		props {
			army:i = 1
			active:b = true
		}
	}
	objectGroups {
		name:t = "t1_cover_spaa_basis_51"
		tm:m = [[-0.920766, 0.0, -0.390115] [0.0, 1.0, 0.0] [0.390115, 0.0, -0.920766] [-15467.3, 173.895, 8850.36]]
		unit_class:t = "dyn_foundation_7m"
		objLayer:i = 1
		props {
			army:i = 1
			active:b = true
		}
	}
	objectGroups {
		name:t = "t1_cover_spaa_basis_52"
		tm:m = [[-0.920766, 0.0, -0.390115] [0.0, 1.0, 0.0] [0.390115, 0.0, -0.920766] [-15281.5, 174.992, 8286.13]]
		unit_class:t = "dyn_foundation_7m"
		objLayer:i = 1
		props {
			army:i = 1
			active:b = true
		}
	}
	objectGroups {
		name:t = "t1_cover_spaa_basis_53"
		tm:m = [[-0.920766, 0.0, -0.390115] [0.0, 1.0, 0.0] [0.390115, 0.0, -0.920766] [-15597.7, 203.293, 7351.68]]
		unit_class:t = "dyn_foundation_7m"
		objLayer:i = 1
		props {
			army:i = 1
			active:b = true
		}
	}
	objectGroups {
		name:t = "t1_cover_spaa_basis_54"
		tm:m = [[-0.920766, 0.0, -0.390115] [0.0, 1.0, 0.0] [0.390115, 0.0, -0.920766] [-14556.2, 180.231, 6833.34]]
		unit_class:t = "dyn_foundation_7m"
		objLayer:i = 1
		props {
			army:i = 1
			active:b = true
		}
	}
	objectGroups {
		name:t = "t1_cover_spaa_basis_55"
		tm:m = [[-0.920766, 0.0, -0.390115] [0.0, 1.0, 0.0] [0.390115, 0.0, -0.920766] [-14689.5, 288.299, 5700.0]]
		unit_class:t = "dyn_foundation_7m"
		objLayer:i = 1
		props {
			army:i = 1
			active:b = true
		}
	}
	objectGroups {
		name:t = "t1_cover_spaa_basis_56"
		tm:m = [[-0.920766, 0.0, -0.390115] [0.0, 1.0, 0.0] [0.390115, 0.0, -0.920766] [-15262.3, 340.927, 4729.38]]
		unit_class:t = "dyn_foundation_7m"
		objLayer:i = 1
		props {
			army:i = 1
			active:b = true
		}
	}
	objectGroups {
		name:t = "t1_cover_spaa_basis_57"
		tm:m = [[-0.920766, 0.0, -0.390115] [0.0, 1.0, 0.0] [0.390115, 0.0, -0.920766] [-15649.4, 248.752, 4185.34]]
		unit_class:t = "dyn_foundation_7m"
		objLayer:i = 1
		props {
			army:i = 1
			active:b = true
		}
	}
	objectGroups {
		name:t = "t1_cover_spaa_basis_58"
		tm:m = [[-0.920766, 0.0, -0.390115] [0.0, 1.0, 0.0] [0.390115, 0.0, -0.920766] [-13306.5, 57.8652, 4698.05]]
		unit_class:t = "dyn_foundation_7m"
		objLayer:i = 1
		props {
			army:i = 1
			active:b = true
		}
	}
	objectGroups {
		name:t = "t1_cover_spaa_basis_59"
		tm:m = [[-0.920766, 0.0, -0.390115] [0.0, 1.0, 0.0] [0.390115, 0.0, -0.920766] [-12970.5, 49.9203, 3474.66]]
		unit_class:t = "dyn_foundation_7m"
		objLayer:i = 1
		props {
			army:i = 1
			active:b = true
		}
	}
	objectGroups {
		name:t = "t1_cover_spaa_basis_60"
		tm:m = [[-0.920766, 0.0, -0.390115] [0.0, 1.0, 0.0] [0.390115, 0.0, -0.920766] [-13917.4, 107.747, 4523.49]]
		unit_class:t = "dyn_foundation_7m"
		objLayer:i = 1
		props {
			army:i = 1
			active:b = true
		}
	}
	objectGroups {
		name:t = "t1_target_objectgroup_04"
		tm:m = [[0.86689, 0.0, 0.498498] [0.0, 1.0, 0.0] [-0.498498, 0.0, 0.86689] [-8549.57, 298.485, 6872.57]]
		unit_class:t = "dyn_bomb_target_oil_refinery_sand_1000_1000"
		objLayer:i = 1
		props {
			army:i = 1
			active:b = true
		}
	}
	objectGroups {
		name:t = "t1_cover_spaa_basis_61"
		tm:m = [[0.55429, 0.0, 0.832324] [0.0, 1.0, 0.0] [-0.832324, 0.0, 0.55429] [-10377.4, 557.053, 6553.57]]
		unit_class:t = "dyn_foundation_7m"
		objLayer:i = 1
		props {
			army:i = 1
			active:b = true
		}
	}
	objectGroups {
		name:t = "t1_cover_spaa_basis_62"
		tm:m = [[0.55429, 0.0, 0.832324] [0.0, 1.0, 0.0] [-0.832324, 0.0, 0.55429] [-9080.72, 92.2369, 5371.47]]
		unit_class:t = "dyn_foundation_7m"
		objLayer:i = 1
		props {
			army:i = 1
			active:b = true
		}
	}
	objectGroups {
		name:t = "t1_cover_spaa_basis_63"
		tm:m = [[0.55429, 0.0, 0.832324] [0.0, 1.0, 0.0] [-0.832324, 0.0, 0.55429] [-8708.28, 84.4205, 5638.65]]
		unit_class:t = "dyn_foundation_7m"
		objLayer:i = 1
		props {
			army:i = 1
			active:b = true
		}
	}
	objectGroups {
		name:t = "t1_cover_spaa_basis_64"
		tm:m = [[0.55429, 0.0, 0.832324] [0.0, 1.0, 0.0] [-0.832324, 0.0, 0.55429] [-9151.12, 292.23, 5898.03]]
		unit_class:t = "dyn_foundation_7m"
		objLayer:i = 1
		props {
			army:i = 1
			active:b = true
		}
	}
	objectGroups {
		name:t = "t1_cover_spaa_basis_65"
		tm:m = [[0.55429, 0.0, 0.832324] [0.0, 1.0, 0.0] [-0.832324, 0.0, 0.55429] [-8428.01, 60.0353, 5745.35]]
		unit_class:t = "dyn_foundation_7m"
		objLayer:i = 1
		props {
			army:i = 1
			active:b = true
		}
	}
	objectGroups {
		name:t = "t1_cover_spaa_basis_66"
		tm:m = [[0.55429, 0.0, 0.832324] [0.0, 1.0, 0.0] [-0.832324, 0.0, 0.55429] [-7355.88, 8.00361, 4457.1]]
		unit_class:t = "dyn_foundation_7m"
		objLayer:i = 1
		props {
			army:i = 1
			active:b = true
		}
	}
	objectGroups {
		name:t = "t1_cover_spaa_basis_67"
		tm:m = [[0.55429, 0.0, 0.832324] [0.0, 1.0, 0.0] [-0.832324, 0.0, 0.55429] [-9718.47, 188.486, 3490.4]]
		unit_class:t = "dyn_foundation_7m"
		objLayer:i = 1
		props {
			army:i = 1
			active:b = true
		}
	}
	objectGroups {
		name:t = "t1_cover_spaa_basis_68"
		tm:m = [[0.55429, 0.0, 0.832324] [0.0, 1.0, 0.0] [-0.832324, 0.0, 0.55429] [-8991.77, 89.6527, 3252.31]]
		unit_class:t = "dyn_foundation_7m"
		objLayer:i = 1
		props {
			army:i = 1
			active:b = true
		}
	}
	objectGroups {
		name:t = "t1_cover_spaa_basis_69"
		tm:m = [[0.55429, 0.0, 0.832324] [0.0, 1.0, 0.0] [-0.832324, 0.0, 0.55429] [-9149.78, 89.2427, 3523.89]]
		unit_class:t = "dyn_foundation_7m"
		objLayer:i = 1
		props {
			army:i = 1
			active:b = true
		}
	}
	objectGroups {
		name:t = "t1_cover_spaa_basis_70"
		tm:m = [[0.55429, 0.0, 0.832324] [0.0, 1.0, 0.0] [-0.832324, 0.0, 0.55429] [-7059.51, 5.78629, 4067.12]]
		unit_class:t = "dyn_foundation_7m"
		objLayer:i = 1
		props {
			army:i = 1
			active:b = true
		}
	}
	objectGroups {
		name:t = "t1_cover_spaa_basis_71"
		tm:m = [[0.55429, 0.0, 0.832324] [0.0, 1.0, 0.0] [-0.832324, 0.0, 0.55429] [-6432.58, 124.744, 6629.06]]
		unit_class:t = "dyn_foundation_7m"
		objLayer:i = 1
		props {
			army:i = 1
			active:b = true
		}
	}
	objectGroups {
		name:t = "t1_cover_spaa_basis_72"
		tm:m = [[0.55429, 0.0, 0.832324] [0.0, 1.0, 0.0] [-0.832324, 0.0, 0.55429] [-7025.11, 317.366, 6757.73]]
		unit_class:t = "dyn_foundation_7m"
		objLayer:i = 1
		props {
			army:i = 1
			active:b = true
		}
	}
	objectGroups {
		name:t = "t1_cover_spaa_basis_73"
		tm:m = [[0.55429, 0.0, 0.832324] [0.0, 1.0, 0.0] [-0.832324, 0.0, 0.55429] [-7079.2, 577.64, 7618.06]]
		unit_class:t = "dyn_foundation_7m"
		objLayer:i = 1
		props {
			army:i = 1
			active:b = true
		}
	}
	objectGroups {
		name:t = "t1_cover_spaa_basis_74"
		tm:m = [[0.55429, 0.0, 0.832324] [0.0, 1.0, 0.0] [-0.832324, 0.0, 0.55429] [-7210.67, 496.795, 7382.28]]
		unit_class:t = "dyn_foundation_7m"
		objLayer:i = 1
		props {
			army:i = 1
			active:b = true
		}
	}
	objectGroups {
		name:t = "t1_cover_spaa_basis_75"
		tm:m = [[0.55429, 0.0, 0.832324] [0.0, 1.0, 0.0] [-0.832324, 0.0, 0.55429] [-7005.63, 713.572, 8052.84]]
		unit_class:t = "dyn_foundation_7m"
		objLayer:i = 1
		props {
			army:i = 1
			active:b = true
		}
	}
	objectGroups {
		name:t = "t1_cover_spaa_basis_76"
		tm:m = [[0.55429, 0.0, 0.832324] [0.0, 1.0, 0.0] [-0.832324, 0.0, 0.55429] [-7909.53, 514.824, 8341.5]]
		unit_class:t = "dyn_foundation_7m"
		objLayer:i = 1
		props {
			army:i = 1
			active:b = true
		}
	}
	objectGroups {
		name:t = "t1_cover_spaa_basis_77"
		tm:m = [[0.55429, 0.0, 0.832324] [0.0, 1.0, 0.0] [-0.832324, 0.0, 0.55429] [-8741.43, 548.316, 8679.83]]
		unit_class:t = "dyn_foundation_7m"
		objLayer:i = 1
		props {
			army:i = 1
			active:b = true
		}
	}
	objectGroups {
		name:t = "t1_cover_spaa_basis_78"
		tm:m = [[0.55429, 0.0, 0.832324] [0.0, 1.0, 0.0] [-0.832324, 0.0, 0.55429] [-7619.35, 858.455, 9238.79]]
		unit_class:t = "dyn_foundation_7m"
		objLayer:i = 1
		props {
			army:i = 1
			active:b = true
		}
	}
	objectGroups {
		name:t = "t1_cover_spaa_basis_79"
		tm:m = [[0.55429, 0.0, 0.832324] [0.0, 1.0, 0.0] [-0.832324, 0.0, 0.55429] [-9013.43, 540.203, 8028.5]]
		unit_class:t = "dyn_foundation_7m"
		objLayer:i = 1
		props {
			army:i = 1
			active:b = true
		}
	}
	objectGroups {
		name:t = "t1_cover_spaa_basis_80"
		tm:m = [[0.55429, 0.0, 0.832324] [0.0, 1.0, 0.0] [-0.832324, 0.0, 0.55429] [-8532.01, 696.138, 9162.59]]
		unit_class:t = "dyn_foundation_7m"
		objLayer:i = 1
		props {
			army:i = 1
			active:b = true
		}
	}
	objectGroups {
		name:t = "t1_cover_spaa_basis_81"
		tm:m = [[-0.0616851, 0.0, 0.998096] [0.0, 1.0, 0.0] [-0.998096, 0.0, -0.0616851] [-239.431, 303.557, 7872.4]]
		unit_class:t = "dyn_foundation_7m"
		objLayer:i = 1
		props {
			army:i = 1
			active:b = true
		}
	}
	objectGroups {
		name:t = "t1_cover_spaa_basis_82"
		tm:m = [[-0.0616851, 0.0, 0.998096] [0.0, 1.0, 0.0] [-0.998096, 0.0, -0.0616851] [-788.959, 342.372, 8050.84]]
		unit_class:t = "dyn_foundation_7m"
		objLayer:i = 1
		props {
			army:i = 1
			active:b = true
		}
	}
	objectGroups {
		name:t = "t1_cover_spaa_basis_83"
		tm:m = [[-0.0616851, 0.0, 0.998096] [0.0, 1.0, 0.0] [-0.998096, 0.0, -0.0616851] [-491.09, 315.74, 7890.93]]
		unit_class:t = "dyn_foundation_7m"
		objLayer:i = 1
		props {
			army:i = 1
			active:b = true
		}
	}
	objectGroups {
		name:t = "t1_cover_spaa_basis_84"
		tm:m = [[-0.0616851, 0.0, 0.998096] [0.0, 1.0, 0.0] [-0.998096, 0.0, -0.0616851] [1572.12, 126.796, 9314.82]]
		unit_class:t = "dyn_foundation_7m"
		objLayer:i = 1
		props {
			army:i = 1
			active:b = true
		}
	}
	objectGroups {
		name:t = "t1_cover_spaa_basis_85"
		tm:m = [[-0.0616851, 0.0, 0.998096] [0.0, 1.0, 0.0] [-0.998096, 0.0, -0.0616851] [1546.6, 148.496, 9816.96]]
		unit_class:t = "dyn_foundation_7m"
		objLayer:i = 1
		props {
			army:i = 1
			active:b = true
		}
	}
	objectGroups {
		name:t = "t1_cover_spaa_basis_86"
		tm:m = [[-0.0616851, 0.0, 0.998096] [0.0, 1.0, 0.0] [-0.998096, 0.0, -0.0616851] [2234.08, 137.519, 10786.8]]
		unit_class:t = "dyn_foundation_7m"
		objLayer:i = 1
		props {
			army:i = 1
			active:b = true
		}
	}
	objectGroups {
		name:t = "t1_cover_spaa_basis_87"
		tm:m = [[-0.0616851, 0.0, 0.998096] [0.0, 1.0, 0.0] [-0.998096, 0.0, -0.0616851] [2491.68, 66.082, 9397.24]]
		unit_class:t = "dyn_foundation_7m"
		objLayer:i = 1
		props {
			army:i = 1
			active:b = true
		}
	}
	objectGroups {
		name:t = "t1_cover_spaa_basis_88"
		tm:m = [[-0.0616851, 0.0, 0.998096] [0.0, 1.0, 0.0] [-0.998096, 0.0, -0.0616851] [4787.61, 253.245, 9700.94]]
		unit_class:t = "dyn_foundation_7m"
		objLayer:i = 1
		props {
			army:i = 1
			active:b = true
		}
	}
	objectGroups {
		name:t = "t1_cover_spaa_basis_89"
		tm:m = [[-0.0616851, 0.0, 0.998096] [0.0, 1.0, 0.0] [-0.998096, 0.0, -0.0616851] [4869.98, 267.408, 8736.3]]
		unit_class:t = "dyn_foundation_7m"
		objLayer:i = 1
		props {
			army:i = 1
			active:b = true
		}
	}
	objectGroups {
		name:t = "t1_cover_spaa_basis_90"
		tm:m = [[-0.0616851, 0.0, 0.998096] [0.0, 1.0, 0.0] [-0.998096, 0.0, -0.0616851] [5069.32, 667.152, 6961.67]]
		unit_class:t = "dyn_foundation_7m"
		objLayer:i = 1
		props {
			army:i = 1
			active:b = true
		}
	}
	objectGroups {
		name:t = "t1_cover_spaa_basis_91"
		tm:m = [[-0.0616851, 0.0, 0.998096] [0.0, 1.0, 0.0] [-0.998096, 0.0, -0.0616851] [4238.16, 485.388, 5712.68]]
		unit_class:t = "dyn_foundation_7m"
		objLayer:i = 1
		props {
			army:i = 1
			active:b = true
		}
	}
	objectGroups {
		name:t = "t1_cover_spaa_basis_92"
		tm:m = [[-0.0616851, 0.0, 0.998096] [0.0, 1.0, 0.0] [-0.998096, 0.0, -0.0616851] [4256.86, 443.672, 5216.0]]
		unit_class:t = "dyn_foundation_7m"
		objLayer:i = 1
		props {
			army:i = 1
			active:b = true
		}
	}
	objectGroups {
		name:t = "t1_cover_spaa_basis_93"
		tm:m = [[-0.0616851, 0.0, 0.998096] [0.0, 1.0, 0.0] [-0.998096, 0.0, -0.0616851] [1826.75, 447.05, 4925.15]]
		unit_class:t = "dyn_foundation_7m"
		objLayer:i = 1
		props {
			army:i = 1
			active:b = true
		}
	}
	objectGroups {
		name:t = "t1_cover_spaa_basis_94"
		tm:m = [[-0.0616851, 0.0, 0.998096] [0.0, 1.0, 0.0] [-0.998096, 0.0, -0.0616851] [2213.82, 626.963, 4267.01]]
		unit_class:t = "dyn_foundation_7m"
		objLayer:i = 1
		props {
			army:i = 1
			active:b = true
		}
	}
	objectGroups {
		name:t = "t1_cover_spaa_basis_95"
		tm:m = [[-0.0616851, 0.0, 0.998096] [0.0, 1.0, 0.0] [-0.998096, 0.0, -0.0616851] [4774.38, 784.045, 6056.61]]
		unit_class:t = "dyn_foundation_7m"
		objLayer:i = 1
		props {
			army:i = 1
			active:b = true
		}
	}
	objectGroups {
		name:t = "t1_cover_spaa_basis_96"
		tm:m = [[-0.0616851, 0.0, 0.998096] [0.0, 1.0, 0.0] [-0.998096, 0.0, -0.0616851] [446.956, 22.0796, 6796.86]]
		unit_class:t = "dyn_foundation_7m"
		objLayer:i = 1
		props {
			army:i = 1
			active:b = true
		}
	}
	objectGroups {
		name:t = "t1_cover_spaa_basis_97"
		tm:m = [[-0.0616851, 0.0, 0.998096] [0.0, 1.0, 0.0] [-0.998096, 0.0, -0.0616851] [0.846191, 48.1273, 5772.55]]
		unit_class:t = "dyn_foundation_7m"
		objLayer:i = 1
		props {
			army:i = 1
			active:b = true
		}
	}
	objectGroups {
		name:t = "t1_cover_spaa_basis_98"
		tm:m = [[-0.0616851, 0.0, 0.998096] [0.0, 1.0, 0.0] [-0.998096, 0.0, -0.0616851] [-196.252, 133.761, 6976.88]]
		unit_class:t = "dyn_foundation_7m"
		objLayer:i = 1
		props {
			army:i = 1
			active:b = true
		}
	}
	objectGroups {
		name:t = "t1_cover_spaa_basis_99"
		tm:m = [[-0.0616851, 0.0, 0.998096] [0.0, 1.0, 0.0] [-0.998096, 0.0, -0.0616851] [2325.33, 237.667, 5913.78]]
		unit_class:t = "dyn_foundation_7m"
		objLayer:i = 1
		props {
			army:i = 1
			active:b = true
		}
	}
	objectGroups {
		name:t = "t1_cover_spaa_basis_100"
		tm:m = [[-0.0616851, 0.0, 0.998096] [0.0, 1.0, 0.0] [-0.998096, 0.0, -0.0616851] [-954.789, 167.386, 7016.25]]
		unit_class:t = "dyn_foundation_7m"
		objLayer:i = 1
		props {
			army:i = 1
			active:b = true
		}
	}
	objectGroups {
		name:t = "t1_target_objectgroup_05"
		tm:m = [[-0.579293, 0.0, -0.815119] [0.0, 1.0, 0.0] [0.815119, 0.0, -0.579293] [1685.71, 24.8256, 8055.92]]
		unit_class:t = "dyn_bomb_target_oil_refinery_sand_1000_1000"
		objLayer:i = 1
		props {
			army:i = 1
			active:b = true
		}
	}
	objectGroups {
		name:t = "t1_target_objectgroup_06"
		tm:m = [[-0.460309, 0.0, -0.887759] [0.0, 1.0, 0.0] [0.887759, 0.0, -0.460309] [8769.81, 98.0197, 6668.52]]
		unit_class:t = "dyn_bomb_target_oil_refinery_sand_1000_1000"
		objLayer:i = 1
		props {
			army:i = 1
			active:b = true
		}
	}
	objectGroups {
		name:t = "t1_cover_spaa_basis_101"
		tm:m = [[-0.989094, 0.0, 0.147285] [0.0, 1.0, 0.0] [-0.147285, 0.0, -0.989094] [11218.2, 62.0897, 4824.51]]
		unit_class:t = "dyn_foundation_7m"
		objLayer:i = 1
		props {
			army:i = 1
			active:b = true
		}
	}
	objectGroups {
		name:t = "t1_cover_spaa_basis_102"
		tm:m = [[-0.989094, 0.0, 0.147285] [0.0, 1.0, 0.0] [-0.147285, 0.0, -0.989094] [11005.3, 58.9291, 5341.38]]
		unit_class:t = "dyn_foundation_7m"
		objLayer:i = 1
