selected_tag:t = ""
bin_dump_file:t = ""
mission_settings {
	player {
		army:i = 1
		wing:t = "t1_player01"
		wing:t = "t1_player02"
		wing:t = "t1_player03"
		wing:t = "t1_player04"
		wing:t = "t1_player05"
		wing:t = "t1_player06"
		wing:t = "t1_player07"
		wing:t = "t1_player08"
		wing:t = "t1_player09"
		wing:t = "t1_player10"
		wing:t = "t1_player11"
		wing:t = "t1_player12"
		wing:t = "t1_player13"
		wing:t = "t1_player14"
		wing:t = "t1_player15"
		wing:t = "t1_player16"
		wing:t = "t1_player17"
		wing:t = "t1_player18"
		wing:t = "t1_player19"
		wing:t = "t1_player20"
		wing:t = "t1_player21"
		wing:t = "t1_player22"
		wing:t = "t1_player23"
		wing:t = "t1_player24"
		wing:t = "t1_player25"
		wing:t = "t1_player26"
		wing:t = "t1_player27"
		wing:t = "t1_player28"
		wing:t = "t1_player29"
		wing:t = "t1_player30"
		wing:t = "t1_player31"
		wing:t = "t1_player32"
	}
	player_teamB {
		army:i = 2
		wing:t = "t2_player01"
		wing:t = "t2_player02"
		wing:t = "t2_player03"
		wing:t = "t2_player04"
		wing:t = "t2_player05"
		wing:t = "t2_player06"
		wing:t = "t2_player07"
		wing:t = "t2_player08"
		wing:t = "t2_player09"
		wing:t = "t2_player10"
		wing:t = "t2_player11"
		wing:t = "t2_player12"
		wing:t = "t2_player13"
		wing:t = "t2_player14"
		wing:t = "t2_player15"
		wing:t = "t2_player16"
		wing:t = "t2_player17"
		wing:t = "t2_player18"
		wing:t = "t2_player19"
		wing:t = "t2_player20"
		wing:t = "t2_player21"
		wing:t = "t2_player22"
		wing:t = "t2_player23"
		wing:t = "t2_player24"
		wing:t = "t2_player25"
		wing:t = "t2_player26"
		wing:t = "t2_player27"
		wing:t = "t2_player28"
		wing:t = "t2_player29"
		wing:t = "t2_player30"
		wing:t = "t2_player31"
		wing:t = "t2_player32"
	}
	mission {
		type:t = "domination"
		level:t = "levels/air_grand_canyon.bin"
		environment:t = "Day"
		weather:t = "clear"
		customHUD:t = "power_plant_strbomb"
		hideHudProgressIcons:b = true
		locNameTeamA:t = "missions/_strbomb/defensive;location/air_grand_canyon"
		locNameTeamB:t = "missions/_strbomb/offensive;location/air_grand_canyon"
		locDescTeamA:t = "missions/_strbomb/desc/defensive"
		locDescTeamB:t = "missions/_strbomb/desc/offensive"
		locName:t = "missions/_strbomb;location/air_grand_canyon"
		scoreLimit:i = 10000
		timeLimit:i = 25
		deathPenaltyMul:r = 0
		postfix:t = "_strbomb"
		allowEmptyTeams:b = false
		country_axis:t = "usa"
		country_allies:t = "ussr"
		restoreType:t = "attempts"
		optionalTakeOff:b = false
		allowedUnitTypes {
			isAirplanesAllowed:b = true
			isTanksAllowed:b = false
			isShipsAllowed:b = false
			isHelicoptersAllowed:b = false
		}
	}
	briefing {
		place_loc:t = ""
		date_loc:t = ""
		objective_loc:t = ""
		music:t = "action_01"
		part {
			event:t = ""
			minTime:i = 0
			slide {
				map:b = true
				minTime:i = 4
				picture:t = ""
				showAirMap:b = true
				icon {
					icontype:t = "fighter"
					side:t = "ally"
					target:t = "t1_spawn_area_01_10"
					lookAt:t = "t2_spawn_area_01_10"
				}
				icon {
					icontype:t = "fighter"
					side:t = "ally"
					target:t = "t1_spawn_area_02_10"
					lookAt:t = "t2_spawn_area_02_10"
				}
				icon {
					icontype:t = "fighter"
					side:t = "ally"
					target:t = "t1_spawn_area_03_10"
					lookAt:t = "t2_spawn_area_03_10"
				}
				icon {
					icontype:t = "fighter"
					side:t = "enemy"
					target:t = "t2_spawn_area_01_10"
					lookAt:t = "t1_spawn_area_01_10"
				}
				icon {
					icontype:t = "fighter"
					side:t = "enemy"
					target:t = "t2_spawn_area_02_10"
					lookAt:t = "t1_spawn_area_02_10"
				}
				icon {
					icontype:t = "fighter"
					side:t = "enemy"
					target:t = "t2_spawn_area_03_10"
					lookAt:t = "t1_spawn_area_03_10"
				}
				battleArea {
					target:t = "briefing_area"
				}
			}
		}
	}
}
imports {
	import_record {
		file:t = "gameData/missions/templates/air_templates/war_power_plant_strbomb_template.blk"
		importAreas:b = true
		importUnits:b = true
		importTriggers:b = true
		importMissionObjectives:b = true
		importWayPoints:b = true
		importDialogs:b = true
		showAreas:b = true
		showUnits:b = true
		showTriggers:b = true
		showMissionObjectives:b = true
		showWayPoints:b = true
		showDialogs:b = true
		excludes {

		}
	}
}
triggers {
	isCategory:b = true
	is_enabled:b = true
}
mission_objectives {
	isCategory:b = true
	is_enabled:b = true
}
variables {

}
dialogs {

}
airfields {

}
effects {

}
units {
	objectGroups {
		name:t = "t1_target_objectgroup_01"
		tm:m = [[0.996865, -4.27859e-16, -0.0791113] [2.90125e-16, 1.0, -1.7525e-15] [0.0791113, 1.72406e-15, 0.996865] [32753.0, 2948.99, -20406.3]]
		unit_class:t = "dyn_bomb_target_chp_sand_1000_1000"
		objLayer:i = 1
		props {
			army:i = 1
			active:b = true
		}
	}
	objectGroups {
		name:t = "t1_cover_spaa_basis_01"
		tm:m = [[-0.183951, -1.66923e-15, -0.982935] [2.90125e-16, 1.0, -1.7525e-15] [0.982935, -6.0755e-16, -0.183951] [36320.3, 3103.95, -21044.4]]
		unit_class:t = "dyn_foundation_7m"
		objLayer:i = 1
		props {
			army:i = 1
			active:b = true
		}
	}
	objectGroups {
		name:t = "t1_cover_spaa_basis_02"
		tm:m = [[-0.183951, -1.66923e-15, -0.982935] [2.90125e-16, 1.0, -1.7525e-15] [0.982935, -6.0755e-16, -0.183951] [33858.6, 2971.91, -16868.6]]
		unit_class:t = "dyn_foundation_7m"
		objLayer:i = 1
		props {
			army:i = 1
			active:b = true
		}
	}
	area_squad {
		name:t = "t1_spawn_area_01"
		tm:m = [[-1.0, 1.55294e-22, 8.74228e-8] [0.0, 1.0, -1.77636e-15] [-8.74228e-8, -1.77636e-15, -1.0] [23420.0, 2500.0, -47844.0]]
		props {
			squad_members:t = "t1_spawn_area_01_01"
			squad_members:t = "t1_spawn_area_01_02"
			squad_members:t = "t1_spawn_area_01_03"
			squad_members:t = "t1_spawn_area_01_04"
			squad_members:t = "t1_spawn_area_01_05"
			squad_members:t = "t1_spawn_area_01_06"
			squad_members:t = "t1_spawn_area_01_07"
			squad_members:t = "t1_spawn_area_01_08"
			squad_members:t = "t1_spawn_area_01_09"
			squad_members:t = "t1_spawn_area_01_10"
			squad_members:t = "t1_spawn_area_01_11"
			squad_members:t = "t1_spawn_area_01_12"
			squad_members:t = "t1_spawn_area_01_13"
			squad_members:t = "t1_spawn_area_01_14"
			squad_members:t = "t1_spawn_area_01_15"
			squad_members:t = "t1_spawn_area_01_16"
			squad_members:t = "t1_spawn_area_01_17"
			squad_members:t = "t1_spawn_area_01_18"
			squad_members:t = "t1_spawn_area_01_19"
			squad_members:t = "t1_spawn_area_01_20"
		}
	}
	area_squad {
		name:t = "t1_spawn_area_02"
		tm:m = [[-1.0, 1.55294e-22, 8.74228e-8] [0.0, 1.0, -1.77636e-15] [-8.74228e-8, -1.77636e-15, -1.0] [1310.0, 2590.0, -47744.0]]
		props {
			squad_members:t = "t1_spawn_area_02_01"
			squad_members:t = "t1_spawn_area_02_02"
			squad_members:t = "t1_spawn_area_02_03"
			squad_members:t = "t1_spawn_area_02_04"
			squad_members:t = "t1_spawn_area_02_05"
			squad_members:t = "t1_spawn_area_02_06"
			squad_members:t = "t1_spawn_area_02_07"
			squad_members:t = "t1_spawn_area_02_08"
			squad_members:t = "t1_spawn_area_02_09"
			squad_members:t = "t1_spawn_area_02_10"
			squad_members:t = "t1_spawn_area_02_11"
			squad_members:t = "t1_spawn_area_02_12"
			squad_members:t = "t1_spawn_area_02_13"
			squad_members:t = "t1_spawn_area_02_14"
			squad_members:t = "t1_spawn_area_02_15"
			squad_members:t = "t1_spawn_area_02_16"
			squad_members:t = "t1_spawn_area_02_17"
			squad_members:t = "t1_spawn_area_02_18"
			squad_members:t = "t1_spawn_area_02_19"
			squad_members:t = "t1_spawn_area_02_20"
		}
	}
	area_squad {
		name:t = "t1_spawn_area_03"
		tm:m = [[-1.0, 1.55294e-22, 8.74228e-8] [0.0, 1.0, -1.77636e-15] [-8.74228e-8, -1.77636e-15, -1.0] [-21060.0, 1800.0, -47794.0]]
		props {
			squad_members:t = "t1_spawn_area_03_01"
			squad_members:t = "t1_spawn_area_03_02"
			squad_members:t = "t1_spawn_area_03_03"
			squad_members:t = "t1_spawn_area_03_04"
			squad_members:t = "t1_spawn_area_03_05"
			squad_members:t = "t1_spawn_area_03_06"
			squad_members:t = "t1_spawn_area_03_07"
			squad_members:t = "t1_spawn_area_03_08"
			squad_members:t = "t1_spawn_area_03_09"
			squad_members:t = "t1_spawn_area_03_10"
			squad_members:t = "t1_spawn_area_03_11"
			squad_members:t = "t1_spawn_area_03_12"
			squad_members:t = "t1_spawn_area_03_13"
			squad_members:t = "t1_spawn_area_03_14"
			squad_members:t = "t1_spawn_area_03_15"
			squad_members:t = "t1_spawn_area_03_16"
			squad_members:t = "t1_spawn_area_03_17"
			squad_members:t = "t1_spawn_area_03_18"
			squad_members:t = "t1_spawn_area_03_19"
			squad_members:t = "t1_spawn_area_03_20"
		}
	}
	area_squad {
		name:t = "t2_spawn_area_01"
		tm:m = [[-1.0, 1.55294e-22, 8.74228e-8] [0.0, 1.0, -1.77636e-15] [-8.74228e-8, -1.77636e-15, -1.0] [23280.0, 3500.0, 28276.0]]
		props {
			squad_members:t = "t2_spawn_area_01_01"
			squad_members:t = "t2_spawn_area_01_02"
			squad_members:t = "t2_spawn_area_01_03"
			squad_members:t = "t2_spawn_area_01_04"
			squad_members:t = "t2_spawn_area_01_05"
			squad_members:t = "t2_spawn_area_01_06"
			squad_members:t = "t2_spawn_area_01_07"
			squad_members:t = "t2_spawn_area_01_08"
			squad_members:t = "t2_spawn_area_01_09"
			squad_members:t = "t2_spawn_area_01_10"
			squad_members:t = "t2_spawn_area_01_11"
			squad_members:t = "t2_spawn_area_01_12"
			squad_members:t = "t2_spawn_area_01_13"
			squad_members:t = "t2_spawn_area_01_14"
			squad_members:t = "t2_spawn_area_01_15"
			squad_members:t = "t2_spawn_area_01_16"
			squad_members:t = "t2_spawn_area_01_17"
			squad_members:t = "t2_spawn_area_01_18"
			squad_members:t = "t2_spawn_area_01_19"
			squad_members:t = "t2_spawn_area_01_20"
		}
	}
	area_squad {
		name:t = "t2_spawn_area_02"
		tm:m = [[-1.0, 1.55294e-22, 8.74228e-8] [0.0, 1.0, -1.77636e-15] [-8.74228e-8, -1.77636e-15, -1.0] [1070.0, 4600.0, 28206.0]]
		props {
			squad_members:t = "t2_spawn_area_02_01"
			squad_members:t = "t2_spawn_area_02_02"
			squad_members:t = "t2_spawn_area_02_03"
			squad_members:t = "t2_spawn_area_02_04"
			squad_members:t = "t2_spawn_area_02_05"
			squad_members:t = "t2_spawn_area_02_06"
			squad_members:t = "t2_spawn_area_02_07"
			squad_members:t = "t2_spawn_area_02_08"
			squad_members:t = "t2_spawn_area_02_09"
			squad_members:t = "t2_spawn_area_02_10"
			squad_members:t = "t2_spawn_area_02_11"
			squad_members:t = "t2_spawn_area_02_12"
			squad_members:t = "t2_spawn_area_02_13"
			squad_members:t = "t2_spawn_area_02_14"
			squad_members:t = "t2_spawn_area_02_15"
			squad_members:t = "t2_spawn_area_02_16"
			squad_members:t = "t2_spawn_area_02_17"
			squad_members:t = "t2_spawn_area_02_18"
			squad_members:t = "t2_spawn_area_02_19"
			squad_members:t = "t2_spawn_area_02_20"
		}
	}
	area_squad {
		name:t = "t2_spawn_area_03"
		tm:m = [[-1.0, 1.55294e-22, 8.74228e-8] [0.0, 1.0, -1.77636e-15] [-8.74228e-8, -1.77636e-15, -1.0] [-22340.0, 3700.0, 27946.0]]
		props {
			squad_members:t = "t2_spawn_area_03_01"
			squad_members:t = "t2_spawn_area_03_02"
			squad_members:t = "t2_spawn_area_03_03"
			squad_members:t = "t2_spawn_area_03_04"
			squad_members:t = "t2_spawn_area_03_05"
			squad_members:t = "t2_spawn_area_03_06"
			squad_members:t = "t2_spawn_area_03_07"
			squad_members:t = "t2_spawn_area_03_08"
			squad_members:t = "t2_spawn_area_03_09"
			squad_members:t = "t2_spawn_area_03_10"
			squad_members:t = "t2_spawn_area_03_11"
			squad_members:t = "t2_spawn_area_03_12"
			squad_members:t = "t2_spawn_area_03_13"
			squad_members:t = "t2_spawn_area_03_14"
			squad_members:t = "t2_spawn_area_03_15"
			squad_members:t = "t2_spawn_area_03_16"
			squad_members:t = "t2_spawn_area_03_17"
			squad_members:t = "t2_spawn_area_03_18"
			squad_members:t = "t2_spawn_area_03_19"
			squad_members:t = "t2_spawn_area_03_20"
		}
	}
	area_squad {
		name:t = "t1_exit_zone_squad"
		tm:m = [[-1.0, 1.55294e-22, 8.74228e-8] [0.0, 1.0, -1.77636e-15] [-8.74228e-8, -1.77636e-15, -1.0] [1100.7, 200.0, -50129.0]]
		props {
			squad_members:t = "t1_exit_zone_01"
			squad_members:t = "t1_exit_zone_02"
			squad_members:t = "t1_exit_zone_03"
			squad_members:t = "t1_exit_zone_04"
		}
	}
	area_squad {
		name:t = "t2_exit_zone_squad"
		tm:m = [[-1.0, 1.55294e-22, 8.74228e-8] [0.0, 1.0, -1.77636e-15] [-8.74228e-8, -1.77636e-15, -1.0] [1098.7, 200.0, 29517.4]]
		props {
			squad_members:t = "t2_exit_zone_01"
			squad_members:t = "t2_exit_zone_02"
			squad_members:t = "t2_exit_zone_03"
			squad_members:t = "t2_exit_zone_04"
		}
	}
	objectGroups {
		name:t = "t1_cover_spaa_basis_03"
		tm:m = [[-0.183951, -1.66923e-15, -0.982935] [2.90125e-16, 1.0, -1.7525e-15] [0.982935, -6.0755e-16, -0.183951] [35152.8, 3076.01, -19557.9]]
		unit_class:t = "dyn_foundation_7m"
		objLayer:i = 1
		props {
			army:i = 1
			active:b = true
		}
	}
	objectGroups {
		name:t = "t1_cover_spaa_basis_04"
		tm:m = [[-0.183951, -1.66923e-15, -0.982935] [2.90125e-16, 1.0, -1.7525e-15] [0.982935, -6.0755e-16, -0.183951] [33629.4, 3040.77, -17821.8]]
		unit_class:t = "dyn_foundation_7m"
		objLayer:i = 1
		props {
			army:i = 1
			active:b = true
		}
	}
	objectGroups {
		name:t = "t1_cover_spaa_basis_05"
		tm:m = [[-0.183951, -1.66923e-15, -0.982935] [2.90125e-16, 1.0, -1.7525e-15] [0.982935, -6.0755e-16, -0.183951] [34528.6, 3093.85, -18556.2]]
		unit_class:t = "dyn_foundation_7m"
		objLayer:i = 1
		props {
			army:i = 1
			active:b = true
		}
	}
	objectGroups {
		name:t = "t1_cover_spaa_basis_06"
		tm:m = [[-0.183951, -1.66923e-15, -0.982935] [2.90125e-16, 1.0, -1.7525e-15] [0.982935, -6.0755e-16, -0.183951] [31773.8, 2901.47, -17041.8]]
		unit_class:t = "dyn_foundation_7m"
		objLayer:i = 1
		props {
			army:i = 1
			active:b = true
		}
	}
	objectGroups {
		name:t = "t1_cover_spaa_basis_07"
		tm:m = [[-0.183951, -1.66923e-15, -0.982935] [2.90125e-16, 1.0, -1.7525e-15] [0.982935, -6.0755e-16, -0.183951] [33282.1, 2950.93, -16883.5]]
		unit_class:t = "dyn_foundation_7m"
		objLayer:i = 1
		props {
			army:i = 1
			active:b = true
		}
	}
	objectGroups {
		name:t = "t1_cover_spaa_basis_08"
		tm:m = [[-0.183951, -1.66923e-15, -0.982935] [2.90125e-16, 1.0, -1.7525e-15] [0.982935, -6.0755e-16, -0.183951] [32547.0, 2931.48, -16970.1]]
		unit_class:t = "dyn_foundation_7m"
		objLayer:i = 1
		props {
			army:i = 1
			active:b = true
		}
	}
	objectGroups {
		name:t = "t1_cover_spaa_basis_09"
		tm:m = [[-0.183951, -1.66923e-15, -0.982935] [2.90125e-16, 1.0, -1.7525e-15] [0.982935, -6.0755e-16, -0.183951] [31559.9, 2983.49, -18451.6]]
		unit_class:t = "dyn_foundation_7m"
		objLayer:i = 1
		props {
			army:i = 1
			active:b = true
		}
	}
	objectGroups {
		name:t = "t1_cover_spaa_basis_10"
		tm:m = [[-0.183951, -1.66923e-15, -0.982935] [2.90125e-16, 1.0, -1.7525e-15] [0.982935, -6.0755e-16, -0.183951] [30508.4, 2925.43, -19698.7]]
		unit_class:t = "dyn_foundation_7m"
		objLayer:i = 1
		props {
			army:i = 1
			active:b = true
		}
	}
	objectGroups {
		name:t = "t1_cover_spaa_basis_11"
		tm:m = [[-0.183951, -1.66923e-15, -0.982935] [2.90125e-16, 1.0, -1.7525e-15] [0.982935, -6.0755e-16, -0.183951] [30217.3, 2927.75, -18624.5]]
		unit_class:t = "dyn_foundation_7m"
		objLayer:i = 1
		props {
			army:i = 1
			active:b = true
		}
	}
	objectGroups {
		name:t = "t1_cover_spaa_basis_12"
		tm:m = [[-0.183951, -1.66923e-15, -0.982935] [2.90125e-16, 1.0, -1.7525e-15] [0.982935, -6.0755e-16, -0.183951] [30904.3, 2914.61, -21958.3]]
		unit_class:t = "dyn_foundation_7m"
		objLayer:i = 1
		props {
			army:i = 1
			active:b = true
		}
	}
	objectGroups {
		name:t = "t1_cover_spaa_basis_13"
		tm:m = [[-0.183951, -1.66923e-15, -0.982935] [2.90125e-16, 1.0, -1.7525e-15] [0.982935, -6.0755e-16, -0.183951] [29801.6, 2869.31, -20977.5]]
		unit_class:t = "dyn_foundation_7m"
		objLayer:i = 1
		props {
			army:i = 1
			active:b = true
		}
	}
	objectGroups {
		name:t = "t1_cover_spaa_basis_14"
		tm:m = [[-0.183951, -1.66923e-15, -0.982935] [2.90125e-16, 1.0, -1.7525e-15] [0.982935, -6.0755e-16, -0.183951] [30473.3, 2869.99, -20621.0]]
		unit_class:t = "dyn_foundation_7m"
		objLayer:i = 1
		props {
			army:i = 1
			active:b = true
		}
	}
	objectGroups {
		name:t = "t1_cover_spaa_basis_15"
		tm:m = [[-0.183951, -1.66923e-15, -0.982935] [2.90125e-16, 1.0, -1.7525e-15] [0.982935, -6.0755e-16, -0.183951] [29411.7, 2836.68, -20554.0]]
		unit_class:t = "dyn_foundation_7m"
		objLayer:i = 1
		props {
			army:i = 1
			active:b = true
		}
	}
	objectGroups {
		name:t = "t1_cover_spaa_basis_16"
		tm:m = [[-0.183951, -1.66923e-15, -0.982935] [2.90125e-16, 1.0, -1.7525e-15] [0.982935, -6.0755e-16, -0.183951] [35155.6, 3085.42, -21990.0]]
		unit_class:t = "dyn_foundation_7m"
		objLayer:i = 1
		props {
			army:i = 1
			active:b = true
		}
	}
	objectGroups {
		name:t = "t1_cover_spaa_basis_17"
		tm:m = [[-0.183951, -1.66923e-15, -0.982935] [2.90125e-16, 1.0, -1.7525e-15] [0.982935, -6.0755e-16, -0.183951] [33911.6, 3000.59, -21021.8]]
		unit_class:t = "dyn_foundation_7m"
		objLayer:i = 1
		props {
			army:i = 1
			active:b = true
		}
	}
	objectGroups {
		name:t = "t1_cover_spaa_basis_18"
		tm:m = [[-0.183951, -1.66923e-15, -0.982935] [2.90125e-16, 1.0, -1.7525e-15] [0.982935, -6.0755e-16, -0.183951] [34243.0, 3079.05, -22418.8]]
		unit_class:t = "dyn_foundation_7m"
		objLayer:i = 1
		props {
			army:i = 1
			active:b = true
		}
	}
	objectGroups {
		name:t = "t1_cover_spaa_basis_19"
		tm:m = [[-0.183951, -1.66923e-15, -0.982935] [2.90125e-16, 1.0, -1.7525e-15] [0.982935, -6.0755e-16, -0.183951] [35046.8, 3052.03, -20970.3]]
		unit_class:t = "dyn_foundation_7m"
		objLayer:i = 1
		props {
			army:i = 1
			active:b = true
		}
	}
	objectGroups {
		name:t = "t1_cover_spaa_basis_20"
		tm:m = [[-0.183951, -1.66923e-15, -0.982935] [2.90125e-16, 1.0, -1.7525e-15] [0.982935, -6.0755e-16, -0.183951] [32995.9, 3013.75, -22657.5]]
		unit_class:t = "dyn_foundation_7m"
		objLayer:i = 1
		props {
			army:i = 1
			active:b = true
		}
	}
	objectGroups {
		name:t = "t1_target_objectgroup_02"
		tm:m = [[-0.994763, -1.47033e-15, 0.102198] [-1.36077e-15, 1.0, 1.14182e-15] [-0.102198, 9.96772e-16, -0.994763] [24852.6, 2657.62, -20635.5]]
		unit_class:t = "dyn_bomb_target_chp_sand_1000_1000"
		objLayer:i = 1
		props {
			army:i = 1
			active:b = true
		}
	}
	objectGroups {
		name:t = "t1_cover_spaa_basis_21"
		tm:m = [[0.951979, 1.64501e-15, -0.306167] [-1.36077e-15, 1.0, 1.14182e-15] [0.306167, -6.70367e-16, 0.951979] [25072.1, 2583.72, -16920.2]]
		unit_class:t = "dyn_foundation_7m"
		objLayer:i = 1
		props {
			army:i = 1
			active:b = true
		}
	}
	objectGroups {
		name:t = "t1_cover_spaa_basis_22"
		tm:m = [[0.951979, 1.64501e-15, -0.306167] [-1.36077e-15, 1.0, 1.14182e-15] [0.306167, -6.70367e-16, 0.951979] [21573.4, 2441.63, -19847.0]]
		unit_class:t = "dyn_foundation_7m"
		objLayer:i = 1
		props {
			army:i = 1
			active:b = true
		}
	}
	objectGroups {
		name:t = "t1_cover_spaa_basis_23"
		tm:m = [[0.951979, 1.64501e-15, -0.306167] [-1.36077e-15, 1.0, 1.14182e-15] [0.306167, -6.70367e-16, 0.951979] [23834.8, 2633.57, -17794.0]]
		unit_class:t = "dyn_foundation_7m"
		objLayer:i = 1
		props {
			army:i = 1
			active:b = true
		}
	}
	objectGroups {
		name:t = "t1_cover_spaa_basis_24"
		tm:m = [[0.951979, 1.64501e-15, -0.306167] [-1.36077e-15, 1.0, 1.14182e-15] [0.306167, -6.70367e-16, 0.951979] [23479.5, 2703.64, -18847.9]]
		unit_class:t = "dyn_foundation_7m"
		objLayer:i = 1
		props {
			army:i = 1
			active:b = true
		}
	}
	objectGroups {
		name:t = "t1_cover_spaa_basis_25"
		tm:m = [[0.951979, 1.64501e-15, -0.306167] [-1.36077e-15, 1.0, 1.14182e-15] [0.306167, -6.70367e-16, 0.951979] [22794.5, 2608.76, -18230.2]]
		unit_class:t = "dyn_foundation_7m"
		objLayer:i = 1
		props {
			army:i = 1
			active:b = true
		}
	}
	objectGroups {
		name:t = "t1_cover_spaa_basis_26"
		tm:m = [[0.951979, 1.64501e-15, -0.306167] [-1.36077e-15, 1.0, 1.14182e-15] [0.306167, -6.70367e-16, 0.951979] [22538.0, 2602.94, -22550.0]]
		unit_class:t = "dyn_foundation_7m"
		objLayer:i = 1
		props {
			army:i = 1
			active:b = true
		}
	}
	objectGroups {
		name:t = "t1_cover_spaa_basis_27"
		tm:m = [[0.951979, 1.64501e-15, -0.306167] [-1.36077e-15, 1.0, 1.14182e-15] [0.306167, -6.70367e-16, 0.951979] [22655.4, 2515.2, -19896.4]]
		unit_class:t = "dyn_foundation_7m"
		objLayer:i = 1
		props {
			army:i = 1
			active:b = true
		}
	}
	objectGroups {
		name:t = "t1_cover_spaa_basis_28"
		tm:m = [[0.951979, 1.64501e-15, -0.306167] [-1.36077e-15, 1.0, 1.14182e-15] [0.306167, -6.70367e-16, 0.951979] [21587.7, 2558.77, -21006.7]]
		unit_class:t = "dyn_foundation_7m"
		objLayer:i = 1
		props {
			army:i = 1
			active:b = true
		}
	}
	objectGroups {
		name:t = "t1_cover_spaa_basis_29"
		tm:m = [[0.951979, 1.64501e-15, -0.306167] [-1.36077e-15, 1.0, 1.14182e-15] [0.306167, -6.70367e-16, 0.951979] [22861.4, 2644.37, -21688.2]]
		unit_class:t = "dyn_foundation_7m"
		objLayer:i = 1
		props {
			army:i = 1
			active:b = true
		}
	}
	objectGroups {
		name:t = "t1_cover_spaa_basis_30"
		tm:m = [[0.951979, 1.64501e-15, -0.306167] [-1.36077e-15, 1.0, 1.14182e-15] [0.306167, -6.70367e-16, 0.951979] [23972.0, 2645.99, -23175.4]]
		unit_class:t = "dyn_foundation_7m"
		objLayer:i = 1
		props {
			army:i = 1
			active:b = true
		}
	}
	objectGroups {
		name:t = "t1_cover_spaa_basis_31"
		tm:m = [[0.951979, 1.64501e-15, -0.306167] [-1.36077e-15, 1.0, 1.14182e-15] [0.306167, -6.70367e-16, 0.951979] [25420.3, 2683.28, -23207.2]]
		unit_class:t = "dyn_foundation_7m"
		objLayer:i = 1
		props {
			army:i = 1
			active:b = true
		}
	}
	objectGroups {
		name:t = "t1_cover_spaa_basis_32"
		tm:m = [[0.951979, 1.64501e-15, -0.306167] [-1.36077e-15, 1.0, 1.14182e-15] [0.306167, -6.70367e-16, 0.951979] [25944.3, 2721.04, -22278.6]]
		unit_class:t = "dyn_foundation_7m"
		objLayer:i = 1
		props {
			army:i = 1
			active:b = true
		}
	}
	objectGroups {
		name:t = "t1_cover_spaa_basis_33"
		tm:m = [[0.951979, 1.64501e-15, -0.306167] [-1.36077e-15, 1.0, 1.14182e-15] [0.306167, -6.70367e-16, 0.951979] [27244.6, 2780.28, -22280.9]]
		unit_class:t = "dyn_foundation_7m"
		objLayer:i = 1
		props {
			army:i = 1
			active:b = true
		}
	}
	objectGroups {
		name:t = "t1_cover_spaa_basis_34"
		tm:m = [[0.951979, 1.64501e-15, -0.306167] [-1.36077e-15, 1.0, 1.14182e-15] [0.306167, -6.70367e-16, 0.951979] [27243.6, 2814.18, -18842.8]]
		unit_class:t = "dyn_foundation_7m"
		objLayer:i = 1
		props {
			army:i = 1
			active:b = true
		}
	}
	objectGroups {
		name:t = "t1_cover_spaa_basis_35"
		tm:m = [[0.951979, 1.64501e-15, -0.306167] [-1.36077e-15, 1.0, 1.14182e-15] [0.306167, -6.70367e-16, 0.951979] [25238.8, 2755.61, -18659.8]]
		unit_class:t = "dyn_foundation_7m"
		objLayer:i = 1
		props {
			army:i = 1
			active:b = true
		}
	}
	objectGroups {
		name:t = "t1_cover_spaa_basis_36"
		tm:m = [[0.951979, 1.64501e-15, -0.306167] [-1.36077e-15, 1.0, 1.14182e-15] [0.306167, -6.70367e-16, 0.951979] [28127.7, 2795.11, -20444.0]]
		unit_class:t = "dyn_foundation_7m"
		objLayer:i = 1
		props {
			army:i = 1
			active:b = true
		}
	}
	objectGroups {
		name:t = "t1_cover_spaa_basis_37"
		tm:m = [[0.951979, 1.64501e-15, -0.306167] [-1.36077e-15, 1.0, 1.14182e-15] [0.306167, -6.70367e-16, 0.951979] [27331.2, 2768.42, -20401.7]]
		unit_class:t = "dyn_foundation_7m"
		objLayer:i = 1
		props {
			army:i = 1
			active:b = true
		}
	}
	objectGroups {
		name:t = "t1_cover_spaa_basis_38"
		tm:m = [[0.951979, 1.64501e-15, -0.306167] [-1.36077e-15, 1.0, 1.14182e-15] [0.306167, -6.70367e-16, 0.951979] [26291.2, 2728.79, -20307.5]]
		unit_class:t = "dyn_foundation_7m"
		objLayer:i = 1
		props {
			army:i = 1
			active:b = true
		}
	}
	objectGroups {
		name:t = "t1_cover_spaa_basis_39"
		tm:m = [[0.951979, 1.64501e-15, -0.306167] [-1.36077e-15, 1.0, 1.14182e-15] [0.306167, -6.70367e-16, 0.951979] [25774.2, 2614.1, -16925.2]]
		unit_class:t = "dyn_foundation_7m"
		objLayer:i = 1
		props {
			army:i = 1
			active:b = true
		}
	}
	objectGroups {
		name:t = "t1_cover_spaa_basis_40"
		tm:m = [[0.951979, 1.64501e-15, -0.306167] [-1.36077e-15, 1.0, 1.14182e-15] [0.306167, -6.70367e-16, 0.951979] [26278.4, 2766.05, -18329.7]]
		unit_class:t = "dyn_foundation_7m"
		objLayer:i = 1
		props {
			army:i = 1
			active:b = true
		}
	}
	objectGroups {
		name:t = "t1_target_objectgroup_03"
		tm:m = [[0.994443, -4.52483e-16, 0.105269] [6.30796e-16, 1.0, -1.66058e-15] [-0.105269, 1.71776e-15, 0.994443] [16821.3, 2129.69, -19843.0]]
		unit_class:t = "dyn_bomb_target_chp_sand_1000_1000"
		objLayer:i = 1
		props {
			army:i = 1
			active:b = true
		}
	}
	objectGroups {
		name:t = "t1_cover_spaa_basis_41"
		tm:m = [[0.0652004, 1.61592e-15, 0.997871] [6.30796e-16, 1.0, -1.66058e-15] [-0.997871, 7.37725e-16, 0.0652004] [14815.8, 2118.71, -20264.8]]
		unit_class:t = "dyn_foundation_7m"
		objLayer:i = 1
		props {
			army:i = 1
			active:b = true
		}
	}
	objectGroups {
		name:t = "t1_cover_spaa_basis_42"
		tm:m = [[0.0652004, 1.61592e-15, 0.997871] [6.30796e-16, 1.0, -1.66058e-15] [-0.997871, 7.37725e-16, 0.0652004] [13431.8, 2101.53, -20987.6]]
		unit_class:t = "dyn_foundation_7m"
		objLayer:i = 1
		props {
			army:i = 1
			active:b = true
		}
	}
	objectGroups {
		name:t = "t1_cover_spaa_basis_43"
		tm:m = [[0.0652004, 1.61592e-15, 0.997871] [6.30796e-16, 1.0, -1.66058e-15] [-0.997871, 7.37725e-16, 0.0652004] [13481.8, 2102.29, -19524.4]]
		unit_class:t = "dyn_foundation_7m"
		objLayer:i = 1
		props {
			army:i = 1
			active:b = true
		}
	}
	objectGroups {
		name:t = "t1_cover_spaa_basis_44"
		tm:m = [[0.0652004, 1.61592e-15, 0.997871] [6.30796e-16, 1.0, -1.66058e-15] [-0.997871, 7.37725e-16, 0.0652004] [15134.9, 2117.66, -22220.1]]
		unit_class:t = "dyn_foundation_7m"
		objLayer:i = 1
		props {
			army:i = 1
			active:b = true
		}
	}
	objectGroups {
		name:t = "t1_cover_spaa_basis_45"
		tm:m = [[0.0652004, 1.61592e-15, 0.997871] [6.30796e-16, 1.0, -1.66058e-15] [-0.997871, 7.37725e-16, 0.0652004] [15003.3, 2118.94, -21527.5]]
		unit_class:t = "dyn_foundation_7m"
		objLayer:i = 1
		props {
			army:i = 1
			active:b = true
		}
	}
	objectGroups {
		name:t = "t1_cover_spaa_basis_46"
		tm:m = [[0.0652004, 1.61592e-15, 0.997871] [6.30796e-16, 1.0, -1.66058e-15] [-0.997871, 7.37725e-16, 0.0652004] [17487.7, 2164.19, -21922.0]]
		unit_class:t = "dyn_foundation_7m"
		objLayer:i = 1
		props {
			army:i = 1
			active:b = true
		}
	}
	objectGroups {
		name:t = "t1_cover_spaa_basis_47"
		tm:m = [[0.0652004, 1.61592e-15, 0.997871] [6.30796e-16, 1.0, -1.66058e-15] [-0.997871, 7.37725e-16, 0.0652004] [16847.6, 2171.14, -22764.0]]
		unit_class:t = "dyn_foundation_7m"
		objLayer:i = 1
		props {
			army:i = 1
			active:b = true
		}
	}
	objectGroups {
		name:t = "t1_cover_spaa_basis_48"
		tm:m = [[0.0652004, 1.61592e-15, 0.997871] [6.30796e-16, 1.0, -1.66058e-15] [-0.997871, 7.37725e-16, 0.0652004] [18288.3, 2195.59, -22045.2]]
		unit_class:t = "dyn_foundation_7m"
		objLayer:i = 1
		props {
			army:i = 1
			active:b = true
		}
	}
	objectGroups {
		name:t = "t1_cover_spaa_basis_49"
		tm:m = [[0.0652004, 1.61592e-15, 0.997871] [6.30796e-16, 1.0, -1.66058e-15] [-0.997871, 7.37725e-16, 0.0652004] [18728.5, 2226.19, -21154.2]]
		unit_class:t = "dyn_foundation_7m"
		objLayer:i = 1
		props {
			army:i = 1
			active:b = true
		}
	}
	objectGroups {
		name:t = "t1_cover_spaa_basis_50"
		tm:m = [[0.0652004, 1.61592e-15, 0.997871] [6.30796e-16, 1.0, -1.66058e-15] [-0.997871, 7.37725e-16, 0.0652004] [19293.8, 2307.76, -20138.6]]
		unit_class:t = "dyn_foundation_7m"
		objLayer:i = 1
		props {
			army:i = 1
			active:b = true
		}
	}
	objectGroups {
		name:t = "t1_cover_spaa_basis_51"
		tm:m = [[0.0652004, 1.61592e-15, 0.997871] [6.30796e-16, 1.0, -1.66058e-15] [-0.997871, 7.37725e-16, 0.0652004] [18011.4, 2203.22, -18089.9]]
		unit_class:t = "dyn_foundation_7m"
		objLayer:i = 1
		props {
			army:i = 1
			active:b = true
		}
	}
	objectGroups {
		name:t = "t1_cover_spaa_basis_52"
		tm:m = [[0.0652004, 1.61592e-15, 0.997871] [6.30796e-16, 1.0, -1.66058e-15] [-0.997871, 7.37725e-16, 0.0652004] [19715.2, 2332.8, -18429.7]]
		unit_class:t = "dyn_foundation_7m"
		objLayer:i = 1
		props {
			army:i = 1
			active:b = true
		}
	}
	objectGroups {
		name:t = "t1_cover_spaa_basis_53"
		tm:m = [[0.0652004, 1.61592e-15, 0.997871] [6.30796e-16, 1.0, -1.66058e-15] [-0.997871, 7.37725e-16, 0.0652004] [19041.4, 2271.93, -17572.6]]
		unit_class:t = "dyn_foundation_7m"
		objLayer:i = 1
		props {
			army:i = 1
			active:b = true
		}
	}
	objectGroups {
		name:t = "t1_cover_spaa_basis_54"
		tm:m = [[0.0652004, 1.61592e-15, 0.997871] [6.30796e-16, 1.0, -1.66058e-15] [-0.997871, 7.37725e-16, 0.0652004] [17961.1, 2197.95, -17376.1]]
		unit_class:t = "dyn_foundation_7m"
		objLayer:i = 1
		props {
			army:i = 1
			active:b = true
		}
	}
	objectGroups {
		name:t = "t1_cover_spaa_basis_55"
		tm:m = [[0.0652004, 1.61592e-15, 0.997871] [6.30796e-16, 1.0, -1.66058e-15] [-0.997871, 7.37725e-16, 0.0652004] [17546.7, 2162.36, -16871.5]]
		unit_class:t = "dyn_foundation_7m"
		objLayer:i = 1
		props {
			army:i = 1
			active:b = true
		}
	}
	objectGroups {
		name:t = "t1_cover_spaa_basis_56"
		tm:m = [[0.0652004, 1.61592e-15, 0.997871] [6.30796e-16, 1.0, -1.66058e-15] [-0.997871, 7.37725e-16, 0.0652004] [16765.9, 2161.64, -16496.8]]
		unit_class:t = "dyn_foundation_7m"
		objLayer:i = 1
		props {
			army:i = 1
			active:b = true
		}
	}
	objectGroups {
		name:t = "t1_cover_spaa_basis_57"
		tm:m = [[0.0652004, 1.61592e-15, 0.997871] [6.30796e-16, 1.0, -1.66058e-15] [-0.997871, 7.37725e-16, 0.0652004] [15942.8, 2146.84, -16396.6]]
		unit_class:t = "dyn_foundation_7m"
		objLayer:i = 1
		props {
			army:i = 1
			active:b = true
		}
	}
	objectGroups {
		name:t = "t1_cover_spaa_basis_58"
		tm:m = [[0.0652004, 1.61592e-15, 0.997871] [6.30796e-16, 1.0, -1.66058e-15] [-0.997871, 7.37725e-16, 0.0652004] [15162.8, 2123.69, -17963.9]]
		unit_class:t = "dyn_foundation_7m"
		objLayer:i = 1
		props {
			army:i = 1
			active:b = true
		}
	}
	objectGroups {
		name:t = "t1_cover_spaa_basis_59"
		tm:m = [[0.0652004, 1.61592e-15, 0.997871] [6.30796e-16, 1.0, -1.66058e-15] [-0.997871, 7.37725e-16, 0.0652004] [13833.9, 2110.49, -18502.5]]
		unit_class:t = "dyn_foundation_7m"
		objLayer:i = 1
		props {
			army:i = 1
			active:b = true
		}
	}
	objectGroups {
		name:t = "t1_cover_spaa_basis_60"
		tm:m = [[0.0652004, 1.61592e-15, 0.997871] [6.30796e-16, 1.0, -1.66058e-15] [-0.997871, 7.37725e-16, 0.0652004] [14557.1, 2101.62, -17131.0]]
		unit_class:t = "dyn_foundation_7m"
		objLayer:i = 1
		props {
			army:i = 1
			active:b = true
		}
	}
	objectGroups {
		name:t = "t1_target_objectgroup_04"
		tm:m = [[0.99979, -8.52401e-16, -0.020527] [8.2023e-16, 1.0, -1.57565e-15] [0.020527, 1.55848e-15, 0.99979] [7738.8, 1993.55, -19981.6]]
		unit_class:t = "dyn_bomb_target_chp_sand_1000_1000"
		objLayer:i = 1
		props {
			army:i = 1
			active:b = true
		}
	}
	objectGroups {
		name:t = "t1_cover_spaa_basis_61"
		tm:m = [[-0.363872, 1.76609e-15, 0.931449] [8.2023e-16, 1.0, -1.57565e-15] [-0.931449, 1.90669e-16, -0.363872] [5563.8, 1831.58, -21890.7]]
		unit_class:t = "dyn_foundation_7m"
		objLayer:i = 1
		props {
			army:i = 1
			active:b = true
		}
	}
	objectGroups {
		name:t = "t1_cover_spaa_basis_62"
		tm:m = [[-0.363872, 1.76609e-15, 0.931449] [8.2023e-16, 1.0, -1.57565e-15] [-0.931449, 1.90669e-16, -0.363872] [7942.78, 1906.56, -22901.9]]
		unit_class:t = "dyn_foundation_7m"
		objLayer:i = 1
		props {
			army:i = 1
			active:b = true
		}
	}
	objectGroups {
		name:t = "t1_cover_spaa_basis_63"
		tm:m = [[-0.363872, 1.76609e-15, 0.931449] [8.2023e-16, 1.0, -1.57565e-15] [-0.931449, 1.90669e-16, -0.363872] [4931.56, 1848.55, -20761.1]]
		unit_class:t = "dyn_foundation_7m"
		objLayer:i = 1
		props {
			army:i = 1
			active:b = true
		}
	}
	objectGroups {
		name:t = "t1_cover_spaa_basis_64"
		tm:m = [[-0.363872, 1.76609e-15, 0.931449] [8.2023e-16, 1.0, -1.57565e-15] [-0.931449, 1.90669e-16, -0.363872] [5532.6, 1859.26, -21070.0]]
		unit_class:t = "dyn_foundation_7m"
		objLayer:i = 1
		props {
			army:i = 1
			active:b = true
		}
	}
	objectGroups {
		name:t = "t1_cover_spaa_basis_65"
		tm:m = [[-0.363872, 1.76609e-15, 0.931449] [8.2023e-16, 1.0, -1.57565e-15] [-0.931449, 1.90669e-16, -0.363872] [5069.5, 1789.68, -22213.8]]
		unit_class:t = "dyn_foundation_7m"
		objLayer:i = 1
		props {
			army:i = 1
			active:b = true
		}
	}
	objectGroups {
		name:t = "t1_cover_spaa_basis_66"
		tm:m = [[-0.363872, 1.76609e-15, 0.931449] [8.2023e-16, 1.0, -1.57565e-15] [-0.931449, 1.90669e-16, -0.363872] [9883.6, 2030.47, -21654.0]]
		unit_class:t = "dyn_foundation_7m"
		objLayer:i = 1
		props {
			army:i = 1
			active:b = true
		}
	}
	objectGroups {
		name:t = "t1_cover_spaa_basis_67"
		tm:m = [[-0.363872, 1.76609e-15, 0.931449] [8.2023e-16, 1.0, -1.57565e-15] [-0.931449, 1.90669e-16, -0.363872] [8856.94, 1898.03, -22802.0]]
		unit_class:t = "dyn_foundation_7m"
		objLayer:i = 1
		props {
			army:i = 1
			active:b = true
		}
	}
	objectGroups {
		name:t = "t1_cover_spaa_basis_68"
		tm:m = [[-0.363872, 1.76609e-15, 0.931449] [8.2023e-16, 1.0, -1.57565e-15] [-0.931449, 1.90669e-16, -0.363872] [8925.35, 1948.15, -21854.0]]
		unit_class:t = "dyn_foundation_7m"
		objLayer:i = 1
		props {
			army:i = 1
			active:b = true
		}
	}
	objectGroups {
		name:t = "t1_cover_spaa_basis_69"
		tm:m = [[-0.363872, 1.76609e-15, 0.931449] [8.2023e-16, 1.0, -1.57565e-15] [-0.931449, 1.90669e-16, -0.363872] [10076.4, 2039.38, -20390.9]]
		unit_class:t = "dyn_foundation_7m"
		objLayer:i = 1
		props {
			army:i = 1
			active:b = true
		}
	}
	objectGroups {
		name:t = "t1_cover_spaa_basis_70"
		tm:m = [[-0.363872, 1.76609e-15, 0.931449] [8.2023e-16, 1.0, -1.57565e-15] [-0.931449, 1.90669e-16, -0.363872] [11147.5, 2043.2, -20320.8]]
		unit_class:t = "dyn_foundation_7m"
		objLayer:i = 1
		props {
			army:i = 1
			active:b = true
		}
	}
	objectGroups {
		name:t = "t1_cover_spaa_basis_71"
		tm:m = [[-0.363872, 1.76609e-15, 0.931449] [8.2023e-16, 1.0, -1.57565e-15] [-0.931449, 1.90669e-16, -0.363872] [9316.25, 1976.58, -16905.8]]
		unit_class:t = "dyn_foundation_7m"
		objLayer:i = 1
		props {
			army:i = 1
			active:b = true
		}
	}
	objectGroups {
		name:t = "t1_cover_spaa_basis_72"
		tm:m = [[-0.363872, 1.76609e-15, 0.931449] [8.2023e-16, 1.0, -1.57565e-15] [-0.931449, 1.90669e-16, -0.363872] [10775.9, 2040.89, -19186.3]]
		unit_class:t = "dyn_foundation_7m"
		objLayer:i = 1
		props {
			army:i = 1
			active:b = true
		}
	}
	objectGroups {
		name:t = "t1_cover_spaa_basis_73"
		tm:m = [[-0.363872, 1.76609e-15, 0.931449] [8.2023e-16, 1.0, -1.57565e-15] [-0.931449, 1.90669e-16, -0.363872] [8739.45, 1974.01, -16994.8]]
		unit_class:t = "dyn_foundation_7m"
		objLayer:i = 1
		props {
			army:i = 1
			active:b = true
		}
	}
	objectGroups {
		name:t = "t1_cover_spaa_basis_74"
		tm:m = [[-0.363872, 1.76609e-15, 0.931449] [8.2023e-16, 1.0, -1.57565e-15] [-0.931449, 1.90669e-16, -0.363872] [9600.15, 2027.55, -18393.6]]
		unit_class:t = "dyn_foundation_7m"
		objLayer:i = 1
		props {
			army:i = 1
			active:b = true
		}
	}
	objectGroups {
		name:t = "t1_cover_spaa_basis_75"
		tm:m = [[-0.363872, 1.76609e-15, 0.931449] [8.2023e-16, 1.0, -1.57565e-15] [-0.931449, 1.90669e-16, -0.363872] [8060.55, 1960.31, -17100.0]]
		unit_class:t = "dyn_foundation_7m"
		objLayer:i = 1
		props {
			army:i = 1
			active:b = true
		}
	}
	objectGroups {
		name:t = "t1_cover_spaa_basis_76"
		tm:m = [[-0.363872, 1.76609e-15, 0.931449] [8.2023e-16, 1.0, -1.57565e-15] [-0.931449, 1.90669e-16, -0.363872] [6384.8, 1916.66, -17604.0]]
		unit_class:t = "dyn_foundation_7m"
		objLayer:i = 1
		props {
			army:i = 1
			active:b = true
		}
	}
	objectGroups {
		name:t = "t1_cover_spaa_basis_77"
		tm:m = [[-0.363872, 1.76609e-15, 0.931449] [8.2023e-16, 1.0, -1.57565e-15] [-0.931449, 1.90669e-16, -0.363872] [7210.85, 1922.19, -17492.1]]
		unit_class:t = "dyn_foundation_7m"
		objLayer:i = 1
		props {
			army:i = 1
			active:b = true
		}
	}
	objectGroups {
		name:t = "t1_cover_spaa_basis_78"
		tm:m = [[-0.363872, 1.76609e-15, 0.931449] [8.2023e-16, 1.0, -1.57565e-15] [-0.931449, 1.90669e-16, -0.363872] [5012.85, 1853.99, -17481.5]]
		unit_class:t = "dyn_foundation_7m"
		objLayer:i = 1
		props {
			army:i = 1
			active:b = true
		}
	}
	objectGroups {
		name:t = "t1_cover_spaa_basis_79"
		tm:m = [[-0.363872, 1.76609e-15, 0.931449] [8.2023e-16, 1.0, -1.57565e-15] [-0.931449, 1.90669e-16, -0.363872] [4213.25, 1859.97, -19595.0]]
		unit_class:t = "dyn_foundation_7m"
		objLayer:i = 1
		props {
			army:i = 1
			active:b = true
		}
	}
	objectGroups {
		name:t = "t1_cover_spaa_basis_80"
		tm:m = [[-0.363872, 1.76609e-15, 0.931449] [8.2023e-16, 1.0, -1.57565e-15] [-0.931449, 1.90669e-16, -0.363872] [5726.3, 1899.22, -17497.3]]
		unit_class:t = "dyn_foundation_7m"
		objLayer:i = 1
		props {
			army:i = 1
			active:b = true
		}
	}
	objectGroups {
		name:t = "t1_cover_spaa_basis_81"
		tm:m = [[0.998174, -1.22783e-16, -0.0604122] [1.55014e-17, 1.0, -1.77629e-15] [0.0604122, 1.77211e-15, 0.998174] [1171.7, 1864.01, -16915.3]]
		unit_class:t = "dyn_foundation_7m"
		objLayer:i = 1
		props {
			army:i = 1
			active:b = true
		}
	}
	objectGroups {
		name:t = "t1_cover_spaa_basis_82"
		tm:m = [[0.998174, -1.22783e-16, -0.0604122] [1.55014e-17, 1.0, -1.77629e-15] [0.0604122, 1.77211e-15, 0.998174] [331.85, 1848.4, -16533.8]]
		unit_class:t = "dyn_foundation_7m"
		objLayer:i = 1
		props {
			army:i = 1
			active:b = true
		}
	}
	objectGroups {
		name:t = "t1_cover_spaa_basis_83"
		tm:m = [[0.998174, -1.22783e-16, -0.0604122] [1.55014e-17, 1.0, -1.77629e-15] [0.0604122, 1.77211e-15, 0.998174] [152.27, 1858.3, -17390.4]]
		unit_class:t = "dyn_foundation_7m"
		objLayer:i = 1
		props {
			army:i = 1
			active:b = true
		}
	}
	objectGroups {
		name:t = "t1_cover_spaa_basis_84"
		tm:m = [[0.998174, -1.22783e-16, -0.0604122] [1.55014e-17, 1.0, -1.77629e-15] [0.0604122, 1.77211e-15, 0.998174] [2257.1, 1856.82, -18674.5]]
		unit_class:t = "dyn_foundation_7m"
		objLayer:i = 1
		props {
			army:i = 1
			active:b = true
		}
	}
	objectGroups {
		name:t = "t1_cover_spaa_basis_85"
		tm:m = [[0.998174, -1.22783e-16, -0.0604122] [1.55014e-17, 1.0, -1.77629e-15] [0.0604122, 1.77211e-15, 0.998174] [1223.65, 1875.75, -17708.3]]
		unit_class:t = "dyn_foundation_7m"
		objLayer:i = 1
		props {
			army:i = 1
			active:b = true
		}
	}
	objectGroups {
		name:t = "t1_cover_spaa_basis_86"
		tm:m = [[0.998174, -1.22783e-16, -0.0604122] [1.55014e-17, 1.0, -1.77629e-15] [0.0604122, 1.77211e-15, 0.998174] [2342.95, 1854.4, -20088.4]]
		unit_class:t = "dyn_foundation_7m"
		objLayer:i = 1
		props {
			army:i = 1
			active:b = true
		}
	}
	objectGroups {
		name:t = "t1_cover_spaa_basis_87"
		tm:m = [[0.998174, -1.22783e-16, -0.0604122] [1.55014e-17, 1.0, -1.77629e-15] [0.0604122, 1.77211e-15, 0.998174] [1766.3, 1826.79, -20231.4]]
		unit_class:t = "dyn_foundation_7m"
		objLayer:i = 1
		props {
			army:i = 1
			active:b = true
		}
	}
	objectGroups {
		name:t = "t1_cover_spaa_basis_88"
		tm:m = [[0.998174, -1.22783e-16, -0.0604122] [1.55014e-17, 1.0, -1.77629e-15] [0.0604122, 1.77211e-15, 0.998174] [1132.15, 1727.71, -20984.7]]
		unit_class:t = "dyn_foundation_7m"
		objLayer:i = 1
		props {
			army:i = 1
			active:b = true
		}
	}
	objectGroups {
		name:t = "t1_cover_spaa_basis_89"
		tm:m = [[0.998174, -1.22783e-16, -0.0604122] [1.55014e-17, 1.0, -1.77629e-15] [0.0604122, 1.77211e-15, 0.998174] [-778.95, 1655.92, -21697.0]]
		unit_class:t = "dyn_foundation_7m"
		objLayer:i = 1
		props {
			army:i = 1
			active:b = true
		}
	}
	objectGroups {
		name:t = "t1_cover_spaa_basis_90"
		tm:m = [[0.998174, -1.22783e-16, -0.0604122] [1.55014e-17, 1.0, -1.77629e-15] [0.0604122, 1.77211e-15, 0.998174] [-841.4, 1624.86, -22759.9]]
		unit_class:t = "dyn_foundation_7m"
		objLayer:i = 1
		props {
			army:i = 1
			active:b = true
		}
	}
	objectGroups {
		name:t = "t1_cover_spaa_basis_91"
		tm:m = [[0.998174, -1.22783e-16, -0.0604122] [1.55014e-17, 1.0, -1.77629e-15] [0.0604122, 1.77211e-15, 0.998174] [-2932.85, 1634.33, -22473.8]]
		unit_class:t = "dyn_foundation_7m"
		objLayer:i = 1
		props {
			army:i = 1
			active:b = true
		}
	}
	objectGroups {
		name:t = "t1_cover_spaa_basis_92"
