selected_tag:t = ""
bin_dump_file:t = ""
mission_settings {
	player {
		army:i = 1
		wing:t = "t1_player01"
		wing:t = "t1_player02"
		wing:t = "t1_player03"
		wing:t = "t1_player04"
		wing:t = "t1_player05"
		wing:t = "t1_player06"
		wing:t = "t1_player07"
		wing:t = "t1_player08"
		wing:t = "t1_player09"
		wing:t = "t1_player10"
		wing:t = "t1_player11"
		wing:t = "t1_player12"
		wing:t = "t1_player13"
		wing:t = "t1_player14"
		wing:t = "t1_player15"
		wing:t = "t1_player16"
		wing:t = "t1_player17"
		wing:t = "t1_player18"
		wing:t = "t1_player19"
		wing:t = "t1_player20"
		wing:t = "t1_player21"
		wing:t = "t1_player22"
		wing:t = "t1_player23"
		wing:t = "t1_player24"
		wing:t = "t1_player25"
		wing:t = "t1_player26"
		wing:t = "t1_player27"
		wing:t = "t1_player28"
		wing:t = "t1_player29"
		wing:t = "t1_player30"
		wing:t = "t1_player31"
		wing:t = "t1_player32"
	}
	player_teamB {
		army:i = 2
		wing:t = "t2_player01"
		wing:t = "t2_player02"
		wing:t = "t2_player03"
		wing:t = "t2_player04"
		wing:t = "t2_player05"
		wing:t = "t2_player06"
		wing:t = "t2_player07"
		wing:t = "t2_player08"
		wing:t = "t2_player09"
		wing:t = "t2_player10"
		wing:t = "t2_player11"
		wing:t = "t2_player12"
		wing:t = "t2_player13"
		wing:t = "t2_player14"
		wing:t = "t2_player15"
		wing:t = "t2_player16"
		wing:t = "t2_player17"
		wing:t = "t2_player18"
		wing:t = "t2_player19"
		wing:t = "t2_player20"
		wing:t = "t2_player21"
		wing:t = "t2_player22"
		wing:t = "t2_player23"
		wing:t = "t2_player24"
		wing:t = "t2_player25"
		wing:t = "t2_player26"
		wing:t = "t2_player27"
		wing:t = "t2_player28"
		wing:t = "t2_player29"
		wing:t = "t2_player30"
		wing:t = "t2_player31"
		wing:t = "t2_player32"
	}
	mission {
		type:t = "domination"
		level:t = "levels/avg_egypt_sinai.bin"
		environment:t = "Day"
		weather:t = "clear"
		customHUD:t = "power_plant_strbomb"
		hideHudProgressIcons:b = true
		locNameTeamA:t = "missions/_strbomb/defensive;location/avg_egypt_sinai"
		locNameTeamB:t = "missions/_strbomb/offensive;location/avg_egypt_sinai"
		locDescTeamA:t = "missions/_strbomb/desc/defensive"
		locDescTeamB:t = "missions/_strbomb/desc/offensive"
		locName:t = "missions/_strbomb;location/avg_egypt_sinai"
		scoreLimit:i = 10000
		timeLimit:i = 25
		deathPenaltyMul:r = 0
		postfix:t = "_strbomb"
		allowEmptyTeams:b = false
		country_axis:t = "usa"
		country_allies:t = "ussr"
		restoreType:t = "attempts"
		optionalTakeOff:b = false
		allowedUnitTypes {
			isAirplanesAllowed:b = true
			isTanksAllowed:b = false
			isShipsAllowed:b = false
			isHelicoptersAllowed:b = false
		}
	}
	briefing {
		place_loc:t = ""
		date_loc:t = ""
		objective_loc:t = ""
		music:t = "action_01"
		part {
			event:t = ""
			minTime:i = 0
			slide {
				map:b = true
				minTime:i = 4
				picture:t = ""
				showAirMap:b = true
				icon {
					icontype:t = "fighter"
					side:t = "ally"
					target:t = "t1_spawn_area_01_10"
					lookAt:t = "t2_spawn_area_01_10"
				}
				icon {
					icontype:t = "fighter"
					side:t = "ally"
					target:t = "t1_spawn_area_02_10"
					lookAt:t = "t2_spawn_area_02_10"
				}
				icon {
					icontype:t = "fighter"
					side:t = "ally"
					target:t = "t1_spawn_area_03_10"
					lookAt:t = "t2_spawn_area_03_10"
				}
				icon {
					icontype:t = "fighter"
					side:t = "enemy"
					target:t = "t2_spawn_area_01_10"
					lookAt:t = "t1_spawn_area_01_10"
				}
				icon {
					icontype:t = "fighter"
					side:t = "enemy"
					target:t = "t2_spawn_area_02_10"
					lookAt:t = "t1_spawn_area_02_10"
				}
				icon {
					icontype:t = "fighter"
					side:t = "enemy"
					target:t = "t2_spawn_area_03_10"
					lookAt:t = "t1_spawn_area_03_10"
				}
				battleArea {
					target:t = "briefing_area"
				}
			}
		}
	}
}
imports {
	import_record {
		file:t = "gameData/missions/templates/air_templates/war_power_plant_strbomb_template.blk"
		importAreas:b = true
		importUnits:b = true
		importTriggers:b = true
		importMissionObjectives:b = true
		importWayPoints:b = true
		importDialogs:b = true
		showAreas:b = true
		showUnits:b = true
		showTriggers:b = true
		showMissionObjectives:b = true
		showWayPoints:b = true
		showDialogs:b = true
		excludes {

		}
	}
}
triggers {
	isCategory:b = true
	is_enabled:b = true
}
mission_objectives {
	isCategory:b = true
	is_enabled:b = true
}
variables {

}
dialogs {

}
airfields {

}
effects {

}
units {
	objectGroups {
		name:t = "t1_target_objectgroup_01"
		tm:m = [[0.105614, 0.0, -0.994407] [0.0, 1.0, 0.0] [0.994407, 0.0, 0.105614] [-38531.9, 226.25, 14057.9]]
		unit_class:t = "dyn_bomb_target_chp_sand_1000_1000"
		objLayer:i = 1
		props {
			army:i = 1
			active:b = true
		}
	}
	objectGroups {
		name:t = "t1_cover_spaa_basis_01"
		tm:m = [[-1.0, 0.0, 1.63913e-7] [0.0, 1.0, 0.0] [-1.63913e-7, 0.0, -1.0] [-37718.2, 176.947, 11845.6]]
		unit_class:t = "dyn_foundation_7m"
		objLayer:i = 1
		props {
			army:i = 1
			active:b = true
		}
	}
	objectGroups {
		name:t = "t1_cover_spaa_basis_02"
		tm:m = [[-1.0, 0.0, 1.63913e-7] [0.0, 1.0, 0.0] [-1.63913e-7, 0.0, -1.0] [-35691.6, 160.796, 13451.3]]
		unit_class:t = "dyn_foundation_7m"
		objLayer:i = 1
		props {
			army:i = 1
			active:b = true
		}
	}
	area_squad {
		name:t = "t1_spawn_area_01"
		tm:m = [[1.0, 0.0, 0.0] [0.0, 1.0, 0.0] [0.0, 0.0, 1.0] [-26220.0, 460.0, 42036.0]]
		props {
			squad_members:t = "t1_spawn_area_01_01"
			squad_members:t = "t1_spawn_area_01_02"
			squad_members:t = "t1_spawn_area_01_03"
			squad_members:t = "t1_spawn_area_01_04"
			squad_members:t = "t1_spawn_area_01_05"
			squad_members:t = "t1_spawn_area_01_06"
			squad_members:t = "t1_spawn_area_01_07"
			squad_members:t = "t1_spawn_area_01_08"
			squad_members:t = "t1_spawn_area_01_09"
			squad_members:t = "t1_spawn_area_01_10"
			squad_members:t = "t1_spawn_area_01_11"
			squad_members:t = "t1_spawn_area_01_12"
			squad_members:t = "t1_spawn_area_01_13"
			squad_members:t = "t1_spawn_area_01_14"
			squad_members:t = "t1_spawn_area_01_15"
			squad_members:t = "t1_spawn_area_01_16"
			squad_members:t = "t1_spawn_area_01_17"
			squad_members:t = "t1_spawn_area_01_18"
			squad_members:t = "t1_spawn_area_01_19"
			squad_members:t = "t1_spawn_area_01_20"
		}
	}
	area_squad {
		name:t = "t1_spawn_area_02"
		tm:m = [[1.0, 0.0, 0.0] [0.0, 1.0, 0.0] [0.0, 0.0, 1.0] [-4110.0, 690.0, 41936.0]]
		props {
			squad_members:t = "t1_spawn_area_02_01"
			squad_members:t = "t1_spawn_area_02_02"
			squad_members:t = "t1_spawn_area_02_03"
			squad_members:t = "t1_spawn_area_02_04"
			squad_members:t = "t1_spawn_area_02_05"
			squad_members:t = "t1_spawn_area_02_06"
			squad_members:t = "t1_spawn_area_02_07"
			squad_members:t = "t1_spawn_area_02_08"
			squad_members:t = "t1_spawn_area_02_09"
			squad_members:t = "t1_spawn_area_02_10"
			squad_members:t = "t1_spawn_area_02_11"
			squad_members:t = "t1_spawn_area_02_12"
			squad_members:t = "t1_spawn_area_02_13"
			squad_members:t = "t1_spawn_area_02_14"
			squad_members:t = "t1_spawn_area_02_15"
			squad_members:t = "t1_spawn_area_02_16"
			squad_members:t = "t1_spawn_area_02_17"
			squad_members:t = "t1_spawn_area_02_18"
			squad_members:t = "t1_spawn_area_02_19"
			squad_members:t = "t1_spawn_area_02_20"
		}
	}
	area_squad {
		name:t = "t1_spawn_area_03"
		tm:m = [[1.0, 0.0, 0.0] [0.0, 1.0, 0.0] [0.0, 0.0, 1.0] [18260.0, 1000.0, 41986.0]]
		props {
			squad_members:t = "t1_spawn_area_03_01"
			squad_members:t = "t1_spawn_area_03_02"
			squad_members:t = "t1_spawn_area_03_03"
			squad_members:t = "t1_spawn_area_03_04"
			squad_members:t = "t1_spawn_area_03_05"
			squad_members:t = "t1_spawn_area_03_06"
			squad_members:t = "t1_spawn_area_03_07"
			squad_members:t = "t1_spawn_area_03_08"
			squad_members:t = "t1_spawn_area_03_09"
			squad_members:t = "t1_spawn_area_03_10"
			squad_members:t = "t1_spawn_area_03_11"
			squad_members:t = "t1_spawn_area_03_12"
			squad_members:t = "t1_spawn_area_03_13"
			squad_members:t = "t1_spawn_area_03_14"
			squad_members:t = "t1_spawn_area_03_15"
			squad_members:t = "t1_spawn_area_03_16"
			squad_members:t = "t1_spawn_area_03_17"
			squad_members:t = "t1_spawn_area_03_18"
			squad_members:t = "t1_spawn_area_03_19"
			squad_members:t = "t1_spawn_area_03_20"
		}
	}
	area_squad {
		name:t = "t2_spawn_area_01"
		tm:m = [[1.0, 0.0, 0.0] [0.0, 1.0, 0.0] [0.0, 0.0, 1.0] [-26080.0, 150.0, -34084.0]]
		props {
			squad_members:t = "t2_spawn_area_01_01"
			squad_members:t = "t2_spawn_area_01_02"
			squad_members:t = "t2_spawn_area_01_03"
			squad_members:t = "t2_spawn_area_01_04"
			squad_members:t = "t2_spawn_area_01_05"
			squad_members:t = "t2_spawn_area_01_06"
			squad_members:t = "t2_spawn_area_01_07"
			squad_members:t = "t2_spawn_area_01_08"
			squad_members:t = "t2_spawn_area_01_09"
			squad_members:t = "t2_spawn_area_01_10"
			squad_members:t = "t2_spawn_area_01_11"
			squad_members:t = "t2_spawn_area_01_12"
			squad_members:t = "t2_spawn_area_01_13"
			squad_members:t = "t2_spawn_area_01_14"
			squad_members:t = "t2_spawn_area_01_15"
			squad_members:t = "t2_spawn_area_01_16"
			squad_members:t = "t2_spawn_area_01_17"
			squad_members:t = "t2_spawn_area_01_18"
			squad_members:t = "t2_spawn_area_01_19"
			squad_members:t = "t2_spawn_area_01_20"
		}
	}
	area_squad {
		name:t = "t2_spawn_area_02"
		tm:m = [[1.0, 0.0, 0.0] [0.0, 1.0, 0.0] [0.0, 0.0, 1.0] [-3870.0, 433.5, -34014.0]]
		props {
			squad_members:t = "t2_spawn_area_02_01"
			squad_members:t = "t2_spawn_area_02_02"
			squad_members:t = "t2_spawn_area_02_03"
			squad_members:t = "t2_spawn_area_02_04"
			squad_members:t = "t2_spawn_area_02_05"
			squad_members:t = "t2_spawn_area_02_06"
			squad_members:t = "t2_spawn_area_02_07"
			squad_members:t = "t2_spawn_area_02_08"
			squad_members:t = "t2_spawn_area_02_09"
			squad_members:t = "t2_spawn_area_02_10"
			squad_members:t = "t2_spawn_area_02_11"
			squad_members:t = "t2_spawn_area_02_12"
			squad_members:t = "t2_spawn_area_02_13"
			squad_members:t = "t2_spawn_area_02_14"
			squad_members:t = "t2_spawn_area_02_15"
			squad_members:t = "t2_spawn_area_02_16"
			squad_members:t = "t2_spawn_area_02_17"
			squad_members:t = "t2_spawn_area_02_18"
			squad_members:t = "t2_spawn_area_02_19"
			squad_members:t = "t2_spawn_area_02_20"
		}
	}
	area_squad {
		name:t = "t2_spawn_area_03"
		tm:m = [[1.0, 0.0, 0.0] [0.0, 1.0, 0.0] [0.0, 0.0, 1.0] [19540.0, 1247.2, -33754.0]]
		props {
			squad_members:t = "t2_spawn_area_03_01"
			squad_members:t = "t2_spawn_area_03_02"
			squad_members:t = "t2_spawn_area_03_03"
			squad_members:t = "t2_spawn_area_03_04"
			squad_members:t = "t2_spawn_area_03_05"
			squad_members:t = "t2_spawn_area_03_06"
			squad_members:t = "t2_spawn_area_03_07"
			squad_members:t = "t2_spawn_area_03_08"
			squad_members:t = "t2_spawn_area_03_09"
			squad_members:t = "t2_spawn_area_03_10"
			squad_members:t = "t2_spawn_area_03_11"
			squad_members:t = "t2_spawn_area_03_12"
			squad_members:t = "t2_spawn_area_03_13"
			squad_members:t = "t2_spawn_area_03_14"
			squad_members:t = "t2_spawn_area_03_15"
			squad_members:t = "t2_spawn_area_03_16"
			squad_members:t = "t2_spawn_area_03_17"
			squad_members:t = "t2_spawn_area_03_18"
			squad_members:t = "t2_spawn_area_03_19"
			squad_members:t = "t2_spawn_area_03_20"
		}
	}
	area_squad {
		name:t = "t1_exit_zone_squad"
		tm:m = [[1.0, 0.0, 0.0] [0.0, 1.0, 0.0] [0.0, 0.0, 1.0] [-3900.7, -0.000244141, 44321.0]]
		props {
			squad_members:t = "t1_exit_zone_01"
			squad_members:t = "t1_exit_zone_02"
			squad_members:t = "t1_exit_zone_03"
			squad_members:t = "t1_exit_zone_04"
		}
	}
	area_squad {
		name:t = "t2_exit_zone_squad"
		tm:m = [[1.0, 0.0, 0.0] [0.0, 1.0, 0.0] [0.0, 0.0, 1.0] [-3898.7, 0.0, -35325.4]]
		props {
			squad_members:t = "t2_exit_zone_01"
			squad_members:t = "t2_exit_zone_02"
			squad_members:t = "t2_exit_zone_03"
			squad_members:t = "t2_exit_zone_04"
		}
	}
	objectGroups {
		name:t = "t1_cover_spaa_basis_03"
		tm:m = [[-1.0, 0.0, 1.63913e-7] [0.0, 1.0, 0.0] [-1.63913e-7, 0.0, -1.0] [-37247.6, 166.186, 10904.9]]
		unit_class:t = "dyn_foundation_7m"
		objLayer:i = 1
		props {
			army:i = 1
			active:b = true
		}
	}
	objectGroups {
		name:t = "t1_cover_spaa_basis_04"
		tm:m = [[-1.0, 0.0, 1.63913e-7] [0.0, 1.0, 0.0] [-1.63913e-7, 0.0, -1.0] [-35478.9, 138.562, 11845.4]]
		unit_class:t = "dyn_foundation_7m"
		objLayer:i = 1
		props {
			army:i = 1
			active:b = true
		}
	}
	objectGroups {
		name:t = "t1_cover_spaa_basis_05"
		tm:m = [[-1.0, 0.0, 1.63913e-7] [0.0, 1.0, 0.0] [-1.63913e-7, 0.0, -1.0] [-36661.3, 160.349, 12467.9]]
		unit_class:t = "dyn_foundation_7m"
		objLayer:i = 1
		props {
			army:i = 1
			active:b = true
		}
	}
	objectGroups {
		name:t = "t1_cover_spaa_basis_06"
		tm:m = [[-1.0, 0.0, 1.63913e-7] [0.0, 1.0, 0.0] [-1.63913e-7, 0.0, -1.0] [-36429.7, 145.778, 14972.9]]
		unit_class:t = "dyn_foundation_7m"
		objLayer:i = 1
		props {
			army:i = 1
			active:b = true
		}
	}
	objectGroups {
		name:t = "t1_cover_spaa_basis_07"
		tm:m = [[-1.0, 0.0, 1.63913e-7] [0.0, 1.0, 0.0] [-1.63913e-7, 0.0, -1.0] [-35662.6, 160.395, 14316.2]]
		unit_class:t = "dyn_foundation_7m"
		objLayer:i = 1
		props {
			army:i = 1
			active:b = true
		}
	}
	objectGroups {
		name:t = "t1_cover_spaa_basis_08"
		tm:m = [[-1.0, 0.0, 1.63913e-7] [0.0, 1.0, 0.0] [-1.63913e-7, 0.0, -1.0] [-35680.9, 133.216, 15322.3]]
		unit_class:t = "dyn_foundation_7m"
		objLayer:i = 1
		props {
			army:i = 1
			active:b = true
		}
	}
	objectGroups {
		name:t = "t1_cover_spaa_basis_09"
		tm:m = [[-1.0, 0.0, 1.63913e-7] [0.0, 1.0, 0.0] [-1.63913e-7, 0.0, -1.0] [-36111.4, 142.889, 16191.6]]
		unit_class:t = "dyn_foundation_7m"
		objLayer:i = 1
		props {
			army:i = 1
			active:b = true
		}
	}
	objectGroups {
		name:t = "t1_cover_spaa_basis_10"
		tm:m = [[-1.0, 0.0, 1.63913e-7] [0.0, 1.0, 0.0] [-1.63913e-7, 0.0, -1.0] [-37365.0, 172.807, 17188.1]]
		unit_class:t = "dyn_foundation_7m"
		objLayer:i = 1
		props {
			army:i = 1
			active:b = true
		}
	}
	objectGroups {
		name:t = "t1_cover_spaa_basis_11"
		tm:m = [[-1.0, 0.0, 1.63913e-7] [0.0, 1.0, 0.0] [-1.63913e-7, 0.0, -1.0] [-38331.0, 188.956, 16341.4]]
		unit_class:t = "dyn_foundation_7m"
		objLayer:i = 1
		props {
			army:i = 1
			active:b = true
		}
	}
	objectGroups {
		name:t = "t1_cover_spaa_basis_12"
		tm:m = [[-1.0, 0.0, 1.63913e-7] [0.0, 1.0, 0.0] [-1.63913e-7, 0.0, -1.0] [-40210.8, 249.523, 16328.3]]
		unit_class:t = "dyn_foundation_7m"
		objLayer:i = 1
		props {
			army:i = 1
			active:b = true
		}
	}
	objectGroups {
		name:t = "t1_cover_spaa_basis_13"
		tm:m = [[-1.0, 0.0, 1.63913e-7] [0.0, 1.0, 0.0] [-1.63913e-7, 0.0, -1.0] [-40164.3, 250.514, 15371.8]]
		unit_class:t = "dyn_foundation_7m"
		objLayer:i = 1
		props {
			army:i = 1
			active:b = true
		}
	}
	objectGroups {
		name:t = "t1_cover_spaa_basis_14"
		tm:m = [[-1.0, 0.0, 1.63913e-7] [0.0, 1.0, 0.0] [-1.63913e-7, 0.0, -1.0] [-40371.8, 220.993, 14614.9]]
		unit_class:t = "dyn_foundation_7m"
		objLayer:i = 1
		props {
			army:i = 1
			active:b = true
		}
	}
	objectGroups {
		name:t = "t1_cover_spaa_basis_15"
		tm:m = [[-1.0, 0.0, 1.63913e-7] [0.0, 1.0, 0.0] [-1.63913e-7, 0.0, -1.0] [-39457.5, 224.625, 15313.5]]
		unit_class:t = "dyn_foundation_7m"
		objLayer:i = 1
		props {
			army:i = 1
			active:b = true
		}
	}
	objectGroups {
		name:t = "t1_cover_spaa_basis_16"
		tm:m = [[-1.0, 0.0, 1.63913e-7] [0.0, 1.0, 0.0] [-1.63913e-7, 0.0, -1.0] [-39716.6, 199.136, 11037.2]]
		unit_class:t = "dyn_foundation_7m"
		objLayer:i = 1
		props {
			army:i = 1
			active:b = true
		}
	}
	objectGroups {
		name:t = "t1_cover_spaa_basis_17"
		tm:m = [[-1.0, 0.0, 1.63913e-7] [0.0, 1.0, 0.0] [-1.63913e-7, 0.0, -1.0] [-38984.2, 197.479, 11829.1]]
		unit_class:t = "dyn_foundation_7m"
		objLayer:i = 1
		props {
			army:i = 1
			active:b = true
		}
	}
	objectGroups {
		name:t = "t1_cover_spaa_basis_18"
		tm:m = [[-1.0, 0.0, 1.63913e-7] [0.0, 1.0, 0.0] [-1.63913e-7, 0.0, -1.0] [-41253.9, 238.893, 11906.3]]
		unit_class:t = "dyn_foundation_7m"
		objLayer:i = 1
		props {
			army:i = 1
			active:b = true
		}
	}
	objectGroups {
		name:t = "t1_cover_spaa_basis_19"
		tm:m = [[-1.0, 0.0, 1.63913e-7] [0.0, 1.0, 0.0] [-1.63913e-7, 0.0, -1.0] [-38702.6, 199.448, 11056.8]]
		unit_class:t = "dyn_foundation_7m"
		objLayer:i = 1
		props {
			army:i = 1
			active:b = true
		}
	}
	objectGroups {
		name:t = "t1_cover_spaa_basis_20"
		tm:m = [[-1.0, 0.0, 1.63913e-7] [0.0, 1.0, 0.0] [-1.63913e-7, 0.0, -1.0] [-40586.1, 251.293, 12700.6]]
		unit_class:t = "dyn_foundation_7m"
		objLayer:i = 1
		props {
			army:i = 1
			active:b = true
		}
	}
	objectGroups {
		name:t = "t1_target_objectgroup_02"
		tm:m = [[-0.158748, 0.0, 0.987318] [0.0, 1.0, 0.0] [-0.987318, 0.0, -0.158748] [-29221.8, 68.3857, 13847.3]]
		unit_class:t = "dyn_bomb_target_chp_sand_1000_1000"
		objLayer:i = 1
		props {
			army:i = 1
			active:b = true
		}
	}
	objectGroups {
		name:t = "t1_cover_spaa_basis_21"
		tm:m = [[-0.0493439, 0.0, -0.998782] [0.0, 1.0, 0.0] [0.998782, 0.0, -0.0493439] [-27711.8, 43.8895, 14406.5]]
		unit_class:t = "dyn_foundation_7m"
		objLayer:i = 1
		props {
			army:i = 1
			active:b = true
		}
	}
	objectGroups {
		name:t = "t1_cover_spaa_basis_22"
		tm:m = [[-0.0493439, 0.0, -0.998782] [0.0, 1.0, 0.0] [0.998782, 0.0, -0.0493439] [-29010.3, 65.8758, 16381.9]]
		unit_class:t = "dyn_foundation_7m"
		objLayer:i = 1
		props {
			army:i = 1
			active:b = true
		}
	}
	objectGroups {
		name:t = "t1_cover_spaa_basis_23"
		tm:m = [[-0.0493439, 0.0, -0.998782] [0.0, 1.0, 0.0] [0.998782, 0.0, -0.0493439] [-27722.9, 44.5899, 15341.0]]
		unit_class:t = "dyn_foundation_7m"
		objLayer:i = 1
		props {
			army:i = 1
			active:b = true
		}
	}
	objectGroups {
		name:t = "t1_cover_spaa_basis_24"
		tm:m = [[-0.0493439, 0.0, -0.998782] [0.0, 1.0, 0.0] [0.998782, 0.0, -0.0493439] [-28135.1, 72.8214, 16292.7]]
		unit_class:t = "dyn_foundation_7m"
		objLayer:i = 1
		props {
			army:i = 1
			active:b = true
		}
	}
	objectGroups {
		name:t = "t1_cover_spaa_basis_25"
		tm:m = [[-0.0493439, 0.0, -0.998782] [0.0, 1.0, 0.0] [0.998782, 0.0, -0.0493439] [-28606.0, 67.1372, 15546.8]]
		unit_class:t = "dyn_foundation_7m"
		objLayer:i = 1
		props {
			army:i = 1
			active:b = true
		}
	}
	objectGroups {
		name:t = "t1_cover_spaa_basis_26"
		tm:m = [[-0.0493439, 0.0, -0.998782] [0.0, 1.0, 0.0] [0.998782, 0.0, -0.0493439] [-30478.5, 66.4202, 15972.0]]
		unit_class:t = "dyn_foundation_7m"
		objLayer:i = 1
		props {
			army:i = 1
			active:b = true
		}
	}
	objectGroups {
		name:t = "t1_cover_spaa_basis_27"
		tm:m = [[-0.0493439, 0.0, -0.998782] [0.0, 1.0, 0.0] [0.998782, 0.0, -0.0493439] [-29486.0, 58.3386, 15849.4]]
		unit_class:t = "dyn_foundation_7m"
		objLayer:i = 1
		props {
			army:i = 1
			active:b = true
		}
	}
	objectGroups {
		name:t = "t1_cover_spaa_basis_28"
		tm:m = [[-0.0493439, 0.0, -0.998782] [0.0, 1.0, 0.0] [0.998782, 0.0, -0.0493439] [-30000.1, 61.1828, 15548.2]]
		unit_class:t = "dyn_foundation_7m"
		objLayer:i = 1
		props {
			army:i = 1
			active:b = true
		}
	}
	objectGroups {
		name:t = "t1_cover_spaa_basis_29"
		tm:m = [[-0.0493439, 0.0, -0.998782] [0.0, 1.0, 0.0] [0.998782, 0.0, -0.0493439] [-31430.2, 98.5043, 15228.2]]
		unit_class:t = "dyn_foundation_7m"
		objLayer:i = 1
		props {
			army:i = 1
			active:b = true
		}
	}
	objectGroups {
		name:t = "t1_cover_spaa_basis_30"
		tm:m = [[-0.0493439, 0.0, -0.998782] [0.0, 1.0, 0.0] [0.998782, 0.0, -0.0493439] [-31903.0, 72.7549, 14040.5]]
		unit_class:t = "dyn_foundation_7m"
		objLayer:i = 1
		props {
			army:i = 1
			active:b = true
		}
	}
	objectGroups {
		name:t = "t1_cover_spaa_basis_31"
		tm:m = [[-0.0493439, 0.0, -0.998782] [0.0, 1.0, 0.0] [0.998782, 0.0, -0.0493439] [-31937.0, 93.417, 12917.5]]
		unit_class:t = "dyn_foundation_7m"
		objLayer:i = 1
		props {
			army:i = 1
			active:b = true
		}
	}
	objectGroups {
		name:t = "t1_cover_spaa_basis_32"
		tm:m = [[-0.0493439, 0.0, -0.998782] [0.0, 1.0, 0.0] [0.998782, 0.0, -0.0493439] [-31313.0, 89.9066, 12017.1]]
		unit_class:t = "dyn_foundation_7m"
		objLayer:i = 1
		props {
			army:i = 1
			active:b = true
		}
	}
	objectGroups {
		name:t = "t1_cover_spaa_basis_33"
		tm:m = [[-0.0493439, 0.0, -0.998782] [0.0, 1.0, 0.0] [0.998782, 0.0, -0.0493439] [-31706.5, 94.8215, 11333.0]]
		unit_class:t = "dyn_foundation_7m"
		objLayer:i = 1
		props {
			army:i = 1
			active:b = true
		}
	}
	objectGroups {
		name:t = "t1_cover_spaa_basis_34"
		tm:m = [[-0.0493439, 0.0, -0.998782] [0.0, 1.0, 0.0] [0.998782, 0.0, -0.0493439] [-30851.9, 69.6544, 10855.5]]
		unit_class:t = "dyn_foundation_7m"
		objLayer:i = 1
		props {
			army:i = 1
			active:b = true
		}
	}
	objectGroups {
		name:t = "t1_cover_spaa_basis_35"
		tm:m = [[-0.0493439, 0.0, -0.998782] [0.0, 1.0, 0.0] [0.998782, 0.0, -0.0493439] [-29727.5, 75.6152, 10486.0]]
		unit_class:t = "dyn_foundation_7m"
		objLayer:i = 1
		props {
			army:i = 1
			active:b = true
		}
	}
	objectGroups {
		name:t = "t1_cover_spaa_basis_36"
		tm:m = [[-0.0493439, 0.0, -0.998782] [0.0, 1.0, 0.0] [0.998782, 0.0, -0.0493439] [-29187.2, 69.9028, 11083.9]]
		unit_class:t = "dyn_foundation_7m"
		objLayer:i = 1
		props {
			army:i = 1
			active:b = true
		}
	}
	objectGroups {
		name:t = "t1_cover_spaa_basis_37"
		tm:m = [[-0.0493439, 0.0, -0.998782] [0.0, 1.0, 0.0] [0.998782, 0.0, -0.0493439] [-28280.0, 63.5377, 10830.0]]
		unit_class:t = "dyn_foundation_7m"
		objLayer:i = 1
		props {
			army:i = 1
			active:b = true
		}
	}
	objectGroups {
		name:t = "t1_cover_spaa_basis_38"
		tm:m = [[-0.0493439, 0.0, -0.998782] [0.0, 1.0, 0.0] [0.998782, 0.0, -0.0493439] [-28154.2, 60.5987, 11732.8]]
		unit_class:t = "dyn_foundation_7m"
		objLayer:i = 1
		props {
			army:i = 1
			active:b = true
		}
	}
	objectGroups {
		name:t = "t1_cover_spaa_basis_39"
		tm:m = [[-0.0493439, 0.0, -0.998782] [0.0, 1.0, 0.0] [0.998782, 0.0, -0.0493439] [-27701.0, 50.5199, 12333.4]]
		unit_class:t = "dyn_foundation_7m"
		objLayer:i = 1
		props {
			army:i = 1
			active:b = true
		}
	}
	objectGroups {
		name:t = "t1_cover_spaa_basis_40"
		tm:m = [[-0.0493439, 0.0, -0.998782] [0.0, 1.0, 0.0] [0.998782, 0.0, -0.0493439] [-27535.8, 48.5202, 11201.6]]
		unit_class:t = "dyn_foundation_7m"
		objLayer:i = 1
		props {
			army:i = 1
			active:b = true
		}
	}
	objectGroups {
		name:t = "t1_target_objectgroup_03"
		tm:m = [[-0.540867, 0.0, 0.841107] [0.0, 1.0, 0.0] [-0.841107, 0.0, -0.540867] [-22181.3, 135.6, 13946.8]]
		unit_class:t = "dyn_bomb_target_chp_sand_1000_1000"
		objLayer:i = 1
		props {
			army:i = 1
			active:b = true
		}
	}
	objectGroups {
		name:t = "t1_cover_spaa_basis_41"
		tm:m = [[-0.920766, 0.0, -0.390115] [0.0, 1.0, 0.0] [0.390115, 0.0, -0.920766] [-21094.0, 113.885, 12208.9]]
		unit_class:t = "dyn_foundation_7m"
		objLayer:i = 1
		props {
			army:i = 1
			active:b = true
		}
	}
	objectGroups {
		name:t = "t1_cover_spaa_basis_42"
		tm:m = [[-0.920766, 0.0, -0.390115] [0.0, 1.0, 0.0] [0.390115, 0.0, -0.920766] [-19837.8, 142.413, 11669.8]]
		unit_class:t = "dyn_foundation_7m"
		objLayer:i = 1
		props {
			army:i = 1
			active:b = true
		}
	}
	objectGroups {
		name:t = "t1_cover_spaa_basis_43"
		tm:m = [[-0.920766, 0.0, -0.390115] [0.0, 1.0, 0.0] [0.390115, 0.0, -0.920766] [-20965.6, 123.032, 10820.2]]
		unit_class:t = "dyn_foundation_7m"
		objLayer:i = 1
		props {
			army:i = 1
			active:b = true
		}
	}
	objectGroups {
		name:t = "t1_cover_spaa_basis_44"
		tm:m = [[-0.920766, 0.0, -0.390115] [0.0, 1.0, 0.0] [0.390115, 0.0, -0.920766] [-19300.0, 182.71, 13508.3]]
		unit_class:t = "dyn_foundation_7m"
		objLayer:i = 1
		props {
			army:i = 1
			active:b = true
		}
	}
	objectGroups {
		name:t = "t1_cover_spaa_basis_45"
		tm:m = [[-0.920766, 0.0, -0.390115] [0.0, 1.0, 0.0] [0.390115, 0.0, -0.920766] [-19859.6, 157.934, 13079.5]]
		unit_class:t = "dyn_foundation_7m"
		objLayer:i = 1
		props {
			army:i = 1
			active:b = true
		}
	}
	objectGroups {
		name:t = "t1_cover_spaa_basis_46"
		tm:m = [[-0.920766, 0.0, -0.390115] [0.0, 1.0, 0.0] [0.390115, 0.0, -0.920766] [-20623.5, 159.894, 15476.3]]
		unit_class:t = "dyn_foundation_7m"
		objLayer:i = 1
		props {
			army:i = 1
			active:b = true
		}
	}
	objectGroups {
		name:t = "t1_cover_spaa_basis_47"
		tm:m = [[-0.920766, 0.0, -0.390115] [0.0, 1.0, 0.0] [0.390115, 0.0, -0.920766] [-19583.7, 177.531, 15282.8]]
		unit_class:t = "dyn_foundation_7m"
		objLayer:i = 1
		props {
			army:i = 1
			active:b = true
		}
	}
	objectGroups {
		name:t = "t1_cover_spaa_basis_48"
		tm:m = [[-0.920766, 0.0, -0.390115] [0.0, 1.0, 0.0] [0.390115, 0.0, -0.920766] [-20873.2, 161.016, 16246.9]]
		unit_class:t = "dyn_foundation_7m"
		objLayer:i = 1
		props {
			army:i = 1
			active:b = true
		}
	}
	objectGroups {
		name:t = "t1_cover_spaa_basis_49"
		tm:m = [[-0.920766, 0.0, -0.390115] [0.0, 1.0, 0.0] [0.390115, 0.0, -0.920766] [-21866.9, 136.735, 16239.8]]
		unit_class:t = "dyn_foundation_7m"
		objLayer:i = 1
		props {
			army:i = 1
			active:b = true
		}
	}
	objectGroups {
		name:t = "t1_cover_spaa_basis_50"
		tm:m = [[-0.920766, 0.0, -0.390115] [0.0, 1.0, 0.0] [0.390115, 0.0, -0.920766] [-23028.2, 121.157, 16288.5]]
		unit_class:t = "dyn_foundation_7m"
		objLayer:i = 1
		props {
			army:i = 1
			active:b = true
		}
	}
	objectGroups {
		name:t = "t1_cover_spaa_basis_51"
		tm:m = [[-0.920766, 0.0, -0.390115] [0.0, 1.0, 0.0] [0.390115, 0.0, -0.920766] [-24282.3, 75.766, 14222.3]]
		unit_class:t = "dyn_foundation_7m"
		objLayer:i = 1
		props {
			army:i = 1
			active:b = true
		}
	}
	objectGroups {
		name:t = "t1_cover_spaa_basis_52"
		tm:m = [[-0.920766, 0.0, -0.390115] [0.0, 1.0, 0.0] [0.390115, 0.0, -0.920766] [-23820.0, 91.6598, 15495.0]]
		unit_class:t = "dyn_foundation_7m"
		objLayer:i = 1
		props {
			army:i = 1
			active:b = true
		}
	}
	objectGroups {
		name:t = "t1_cover_spaa_basis_53"
		tm:m = [[-0.920766, 0.0, -0.390115] [0.0, 1.0, 0.0] [0.390115, 0.0, -0.920766] [-24636.2, 81.5505, 14766.8]]
		unit_class:t = "dyn_foundation_7m"
		objLayer:i = 1
		props {
			army:i = 1
			active:b = true
		}
	}
	objectGroups {
		name:t = "t1_cover_spaa_basis_54"
		tm:m = [[-0.920766, 0.0, -0.390115] [0.0, 1.0, 0.0] [0.390115, 0.0, -0.920766] [-24897.3, 63.0058, 13856.6]]
		unit_class:t = "dyn_foundation_7m"
		objLayer:i = 1
		props {
			army:i = 1
			active:b = true
		}
	}
	objectGroups {
		name:t = "t1_cover_spaa_basis_55"
		tm:m = [[-0.920766, 0.0, -0.390115] [0.0, 1.0, 0.0] [0.390115, 0.0, -0.920766] [-24424.0, 60.6895, 12931.9]]
		unit_class:t = "dyn_foundation_7m"
		objLayer:i = 1
		props {
			army:i = 1
			active:b = true
		}
	}
	objectGroups {
		name:t = "t1_cover_spaa_basis_56"
		tm:m = [[-0.920766, 0.0, -0.390115] [0.0, 1.0, 0.0] [0.390115, 0.0, -0.920766] [-24668.7, 58.2371, 12259.7]]
		unit_class:t = "dyn_foundation_7m"
		objLayer:i = 1
		props {
			army:i = 1
			active:b = true
		}
	}
	objectGroups {
		name:t = "t1_cover_spaa_basis_57"
		tm:m = [[-0.920766, 0.0, -0.390115] [0.0, 1.0, 0.0] [0.390115, 0.0, -0.920766] [-24304.8, 58.1144, 11348.8]]
		unit_class:t = "dyn_foundation_7m"
		objLayer:i = 1
		props {
			army:i = 1
			active:b = true
		}
	}
	objectGroups {
		name:t = "t1_cover_spaa_basis_58"
		tm:m = [[-0.920766, 0.0, -0.390115] [0.0, 1.0, 0.0] [0.390115, 0.0, -0.920766] [-23114.9, 77.3281, 11620.8]]
		unit_class:t = "dyn_foundation_7m"
		objLayer:i = 1
		props {
			army:i = 1
			active:b = true
		}
	}
	objectGroups {
		name:t = "t1_cover_spaa_basis_59"
		tm:m = [[-0.920766, 0.0, -0.390115] [0.0, 1.0, 0.0] [0.390115, 0.0, -0.920766] [-22036.6, 94.8231, 10675.6]]
		unit_class:t = "dyn_foundation_7m"
		objLayer:i = 1
		props {
			army:i = 1
			active:b = true
		}
	}
	objectGroups {
		name:t = "t1_cover_spaa_basis_60"
		tm:m = [[-0.920766, 0.0, -0.390115] [0.0, 1.0, 0.0] [0.390115, 0.0, -0.920766] [-23586.8, 64.2944, 10705.5]]
		unit_class:t = "dyn_foundation_7m"
		objLayer:i = 1
		props {
			army:i = 1
			active:b = true
		}
	}
	objectGroups {
		name:t = "t1_target_objectgroup_04"
		tm:m = [[0.556641, 0.0, -0.830753] [0.0, 1.0, 0.0] [0.830753, 0.0, 0.556641] [-14367.0, 361.1, 13480.2]]
		unit_class:t = "dyn_bomb_target_chp_sand_1000_1000"
		objLayer:i = 1
		props {
			army:i = 1
			active:b = true
		}
	}
	objectGroups {
		name:t = "t1_cover_spaa_basis_61"
		tm:m = [[0.55429, 0.0, 0.832324] [0.0, 1.0, 0.0] [-0.832324, 0.0, 0.55429] [-16800.8, 260.615, 13643.5]]
		unit_class:t = "dyn_foundation_7m"
		objLayer:i = 1
		props {
			army:i = 1
			active:b = true
		}
	}
	objectGroups {
		name:t = "t1_cover_spaa_basis_62"
		tm:m = [[0.55429, 0.0, 0.832324] [0.0, 1.0, 0.0] [-0.832324, 0.0, 0.55429] [-16470.3, 241.906, 11250.7]]
		unit_class:t = "dyn_foundation_7m"
		objLayer:i = 1
		props {
			army:i = 1
			active:b = true
		}
	}
	objectGroups {
		name:t = "t1_cover_spaa_basis_63"
		tm:m = [[0.55429, 0.0, 0.832324] [0.0, 1.0, 0.0] [-0.832324, 0.0, 0.55429] [-16615.7, 277.972, 15332.7]]
		unit_class:t = "dyn_foundation_7m"
		objLayer:i = 1
		props {
			army:i = 1
			active:b = true
		}
	}
	objectGroups {
		name:t = "t1_cover_spaa_basis_64"
		tm:m = [[0.55429, 0.0, 0.832324] [0.0, 1.0, 0.0] [-0.832324, 0.0, 0.55429] [-16511.6, 275.416, 14208.0]]
		unit_class:t = "dyn_foundation_7m"
		objLayer:i = 1
		props {
			army:i = 1
			active:b = true
		}
	}
	objectGroups {
		name:t = "t1_cover_spaa_basis_65"
		tm:m = [[0.55429, 0.0, 0.832324] [0.0, 1.0, 0.0] [-0.832324, 0.0, 0.55429] [-16680.2, 268.462, 13044.2]]
		unit_class:t = "dyn_foundation_7m"
		objLayer:i = 1
		props {
			army:i = 1
			active:b = true
		}
	}
	objectGroups {
		name:t = "t1_cover_spaa_basis_66"
		tm:m = [[0.55429, 0.0, 0.832324] [0.0, 1.0, 0.0] [-0.832324, 0.0, 0.55429] [-14282.8, 322.435, 10528.5]]
		unit_class:t = "dyn_foundation_7m"
		objLayer:i = 1
		props {
			army:i = 1
			active:b = true
		}
	}
	objectGroups {
		name:t = "t1_cover_spaa_basis_67"
		tm:m = [[0.55429, 0.0, 0.832324] [0.0, 1.0, 0.0] [-0.832324, 0.0, 0.55429] [-16036.0, 250.185, 10946.6]]
		unit_class:t = "dyn_foundation_7m"
		objLayer:i = 1
		props {
			army:i = 1
			active:b = true
		}
	}
	objectGroups {
		name:t = "t1_cover_spaa_basis_68"
		tm:m = [[0.55429, 0.0, 0.832324] [0.0, 1.0, 0.0] [-0.832324, 0.0, 0.55429] [-15006.0, 291.516, 10516.4]]
		unit_class:t = "dyn_foundation_7m"
		objLayer:i = 1
		props {
			army:i = 1
			active:b = true
		}
	}
	objectGroups {
		name:t = "t1_cover_spaa_basis_69"
		tm:m = [[0.55429, 0.0, 0.832324] [0.0, 1.0, 0.0] [-0.832324, 0.0, 0.55429] [-13408.7, 337.409, 10428.0]]
		unit_class:t = "dyn_foundation_7m"
		objLayer:i = 1
		props {
			army:i = 1
			active:b = true
		}
	}
	objectGroups {
		name:t = "t1_cover_spaa_basis_70"
		tm:m = [[0.55429, 0.0, 0.832324] [0.0, 1.0, 0.0] [-0.832324, 0.0, 0.55429] [-12849.1, 350.321, 10485.7]]
		unit_class:t = "dyn_foundation_7m"
		objLayer:i = 1
		props {
			army:i = 1
			active:b = true
		}
	}
	objectGroups {
		name:t = "t1_cover_spaa_basis_71"
		tm:m = [[0.55429, 0.0, 0.832324] [0.0, 1.0, 0.0] [-0.832324, 0.0, 0.55429] [-11182.7, 428.636, 12379.7]]
		unit_class:t = "dyn_foundation_7m"
		objLayer:i = 1
		props {
			army:i = 1
			active:b = true
		}
	}
	objectGroups {
		name:t = "t1_cover_spaa_basis_72"
		tm:m = [[0.55429, 0.0, 0.832324] [0.0, 1.0, 0.0] [-0.832324, 0.0, 0.55429] [-12652.4, 381.28, 11557.1]]
		unit_class:t = "dyn_foundation_7m"
		objLayer:i = 1
		props {
			army:i = 1
			active:b = true
		}
	}
	objectGroups {
		name:t = "t1_cover_spaa_basis_73"
		tm:m = [[0.55429, 0.0, 0.832324] [0.0, 1.0, 0.0] [-0.832324, 0.0, 0.55429] [-11082.2, 456.448, 13455.6]]
		unit_class:t = "dyn_foundation_7m"
		objLayer:i = 1
		props {
			army:i = 1
			active:b = true
		}
	}
	objectGroups {
		name:t = "t1_cover_spaa_basis_74"
		tm:m = [[0.55429, 0.0, 0.832324] [0.0, 1.0, 0.0] [-0.832324, 0.0, 0.55429] [-12214.7, 387.623, 12620.0]]
		unit_class:t = "dyn_foundation_7m"
		objLayer:i = 1
		props {
			army:i = 1
			active:b = true
		}
	}
	objectGroups {
		name:t = "t1_cover_spaa_basis_75"
		tm:m = [[0.55429, 0.0, 0.832324] [0.0, 1.0, 0.0] [-0.832324, 0.0, 0.55429] [-12168.4, 420.886, 14328.0]]
		unit_class:t = "dyn_foundation_7m"
		objLayer:i = 1
		props {
			army:i = 1
			active:b = true
		}
	}
	objectGroups {
		name:t = "t1_cover_spaa_basis_76"
		tm:m = [[0.55429, 0.0, 0.832324] [0.0, 1.0, 0.0] [-0.832324, 0.0, 0.55429] [-12575.7, 409.43, 15720.9]]
		unit_class:t = "dyn_foundation_7m"
		objLayer:i = 1
		props {
			army:i = 1
			active:b = true
		}
	}
	objectGroups {
		name:t = "t1_cover_spaa_basis_77"
		tm:m = [[0.55429, 0.0, 0.832324] [0.0, 1.0, 0.0] [-0.832324, 0.0, 0.55429] [-13033.2, 407.376, 15258.0]]
		unit_class:t = "dyn_foundation_7m"
		objLayer:i = 1
		props {
			army:i = 1
			active:b = true
		}
	}
	objectGroups {
		name:t = "t1_cover_spaa_basis_78"
		tm:m = [[0.55429, 0.0, 0.832324] [0.0, 1.0, 0.0] [-0.832324, 0.0, 0.55429] [-14544.9, 361.455, 15391.2]]
		unit_class:t = "dyn_foundation_7m"
		objLayer:i = 1
		props {
			army:i = 1
			active:b = true
		}
	}
	objectGroups {
		name:t = "t1_cover_spaa_basis_79"
		tm:m = [[0.55429, 0.0, 0.832324] [0.0, 1.0, 0.0] [-0.832324, 0.0, 0.55429] [-15590.8, 324.785, 15860.5]]
		unit_class:t = "dyn_foundation_7m"
		objLayer:i = 1
		props {
			army:i = 1
			active:b = true
		}
	}
	objectGroups {
		name:t = "t1_cover_spaa_basis_80"
		tm:m = [[0.55429, 0.0, 0.832324] [0.0, 1.0, 0.0] [-0.832324, 0.0, 0.55429] [-13658.8, 395.127, 16122.2]]
		unit_class:t = "dyn_foundation_7m"
		objLayer:i = 1
		props {
			army:i = 1
			active:b = true
		}
	}
	objectGroups {
		name:t = "t1_cover_spaa_basis_81"
		tm:m = [[-0.0616851, 0.0, 0.998096] [0.0, 1.0, 0.0] [-0.998096, 0.0, -0.0616851] [-6129.75, 678.9, 15130.1]]
		unit_class:t = "dyn_foundation_7m"
		objLayer:i = 1
		props {
			army:i = 1
			active:b = true
		}
	}
	objectGroups {
		name:t = "t1_cover_spaa_basis_82"
		tm:m = [[-0.0616851, 0.0, 0.998096] [0.0, 1.0, 0.0] [-0.998096, 0.0, -0.0616851] [-6469.57, 679.462, 14483.8]]
		unit_class:t = "dyn_foundation_7m"
		objLayer:i = 1
		props {
			army:i = 1
			active:b = true
		}
	}
	objectGroups {
		name:t = "t1_cover_spaa_basis_83"
		tm:m = [[-0.0616851, 0.0, 0.998096] [0.0, 1.0, 0.0] [-0.998096, 0.0, -0.0616851] [-5504.32, 672.289, 14467.8]]
		unit_class:t = "dyn_foundation_7m"
		objLayer:i = 1
		props {
			army:i = 1
			active:b = true
		}
	}
	objectGroups {
		name:t = "t1_cover_spaa_basis_84"
		tm:m = [[-0.0616851, 0.0, 0.998096] [0.0, 1.0, 0.0] [-0.998096, 0.0, -0.0616851] [-4457.83, 773.232, 16896.7]]
		unit_class:t = "dyn_foundation_7m"
		objLayer:i = 1
		props {
			army:i = 1
			active:b = true
		}
	}
	objectGroups {
		name:t = "t1_cover_spaa_basis_85"
		tm:m = [[-0.0616851, 0.0, 0.998096] [0.0, 1.0, 0.0] [-0.998096, 0.0, -0.0616851] [-4343.83, 768.772, 16504.9]]
		unit_class:t = "dyn_foundation_7m"
		objLayer:i = 1
		props {
			army:i = 1
			active:b = true
		}
	}
	objectGroups {
		name:t = "t1_cover_spaa_basis_86"
		tm:m = [[-0.0616851, 0.0, 0.998096] [0.0, 1.0, 0.0] [-0.998096, 0.0, -0.0616851] [-3377.23, 659.097, 17025.8]]
		unit_class:t = "dyn_foundation_7m"
		objLayer:i = 1
		props {
			army:i = 1
			active:b = true
		}
	}
	objectGroups {
		name:t = "t1_cover_spaa_basis_87"
		tm:m = [[-0.0616851, 0.0, 0.998096] [0.0, 1.0, 0.0] [-0.998096, 0.0, -0.0616851] [-2216.03, 658.855, 16815.5]]
		unit_class:t = "dyn_foundation_7m"
		objLayer:i = 1
		props {
			army:i = 1
			active:b = true
		}
	}
	objectGroups {
		name:t = "t1_cover_spaa_basis_88"
		tm:m = [[-0.0616851, 0.0, 0.998096] [0.0, 1.0, 0.0] [-0.998096, 0.0, -0.0616851] [-1409.53, 661.056, 16600.6]]
		unit_class:t = "dyn_foundation_7m"
		objLayer:i = 1
		props {
			army:i = 1
			active:b = true
		}
	}
	objectGroups {
		name:t = "t1_cover_spaa_basis_89"
		tm:m = [[-0.0616851, 0.0, 0.998096] [0.0, 1.0, 0.0] [-0.998096, 0.0, -0.0616851] [-775.23, 579.548, 14902.1]]
		unit_class:t = "dyn_foundation_7m"
		objLayer:i = 1
		props {
			army:i = 1
			active:b = true
		}
	}
	objectGroups {
		name:t = "t1_cover_spaa_basis_90"
		tm:m = [[-0.0616851, 0.0, 0.998096] [0.0, 1.0, 0.0] [-0.998096, 0.0, -0.0616851] [-3.73047, 630.372, 14495.1]]
		unit_class:t = "dyn_foundation_7m"
		objLayer:i = 1
		props {
			army:i = 1
			active:b = true
		}
	}
	objectGroups {
		name:t = "t1_cover_spaa_basis_91"
		tm:m = [[-0.0616851, 0.0, 0.998096] [0.0, 1.0, 0.0] [-0.998096, 0.0, -0.0616851] [-314.03, 628.635, 12493.4]]
		unit_class:t = "dyn_foundation_7m"
		objLayer:i = 1
		props {
			army:i = 1
			active:b = true
		}
	}
	objectGroups {
		name:t = "t1_cover_spaa_basis_92"
		tm:m = [[-0.0616851, 0.0, 0.998096] [0.0, 1.0, 0.0] [-0.998096, 0.0, -0.0616851] [-593.631, 651.592, 12005.5]]
		unit_class:t = "dyn_foundation_7m"
		objLayer:i = 1
		props {
			army:i = 1
			active:b = true
		}
	}
	objectGroups {
		name:t = "t1_cover_spaa_basis_93"
		tm:m = [[-0.0616851, 0.0, 0.998096] [0.0, 1.0, 0.0] [-0.998096, 0.0, -0.0616851] [-1206.43, 674.407, 11154.8]]
		unit_class:t = "dyn_foundation_7m"
		objLayer:i = 1
		props {
			army:i = 1
			active:b = true
		}
	}
	objectGroups {
		name:t = "t1_cover_spaa_basis_94"
		tm:m = [[-0.0616851, 0.0, 0.998096] [0.0, 1.0, 0.0] [-0.998096, 0.0, -0.0616851] [-1399.43, 676.665, 10581.6]]
		unit_class:t = "dyn_foundation_7m"
		objLayer:i = 1
		props {
			army:i = 1
			active:b = true
		}
	}
	objectGroups {
		name:t = "t1_cover_spaa_basis_95"
		tm:m = [[-0.0616851, 0.0, 0.998096] [0.0, 1.0, 0.0] [-0.998096, 0.0, -0.0616851] [-1285.43, 582.219, 13004.5]]
		unit_class:t = "dyn_foundation_7m"
		objLayer:i = 1
		props {
			army:i = 1
			active:b = true
		}
	}
	objectGroups {
		name:t = "t1_cover_spaa_basis_96"
		tm:m = [[-0.0616851, 0.0, 0.998096] [0.0, 1.0, 0.0] [-0.998096, 0.0, -0.0616851] [-4907.43, 673.504, 11612.0]]
		unit_class:t = "dyn_foundation_7m"
		objLayer:i = 1
		props {
			army:i = 1
			active:b = true
		}
	}
	objectGroups {
		name:t = "t1_cover_spaa_basis_97"
		tm:m = [[-0.0616851, 0.0, 0.998096] [0.0, 1.0, 0.0] [-0.998096, 0.0, -0.0616851] [-5095.03, 673.41, 10910.7]]
		unit_class:t = "dyn_foundation_7m"
		objLayer:i = 1
		props {
			army:i = 1
			active:b = true
		}
	}
	objectGroups {
		name:t = "t1_cover_spaa_basis_98"
		tm:m = [[-0.0616851, 0.0, 0.998096] [0.0, 1.0, 0.0] [-0.998096, 0.0, -0.0616851] [-6216.34, 673.134, 11617.9]]
		unit_class:t = "dyn_foundation_7m"
		objLayer:i = 1
		props {
			army:i = 1
			active:b = true
		}
	}
	objectGroups {
		name:t = "t1_cover_spaa_basis_99"
		tm:m = [[-0.0616851, 0.0, 0.998096] [0.0, 1.0, 0.0] [-0.998096, 0.0, -0.0616851] [-3816.73, 674.552, 10386.5]]
		unit_class:t = "dyn_foundation_7m"
		objLayer:i = 1
		props {
			army:i = 1
			active:b = true
		}
	}
	objectGroups {
		name:t = "t1_cover_spaa_basis_100"
		tm:m = [[-0.0616851, 0.0, 0.998096] [0.0, 1.0, 0.0] [-0.998096, 0.0, -0.0616851] [-6039.33, 667.055, 13679.1]]
		unit_class:t = "dyn_foundation_7m"
		objLayer:i = 1
		props {
			army:i = 1
			active:b = true
		}
	}
	objectGroups {
		name:t = "t1_target_objectgroup_05"
		tm:m = [[-0.388697, 0.0, 0.921365] [0.0, 1.0, 0.0] [-0.921365, 0.0, -0.388697] [-3124.05, 670.2, 13683.9]]
		unit_class:t = "dyn_bomb_target_chp_sand_1000_1000"
		objLayer:i = 1
		props {
			army:i = 1
			active:b = true
		}
	}
	objectGroups {
		name:t = "t1_target_objectgroup_06"
		tm:m = [[-0.557873, 0.0, -0.829927] [0.0, 1.0, 0.0] [0.829927, 0.0, -0.557873] [5275.5, 882.55, 13333.0]]
		unit_class:t = "dyn_bomb_target_chp_sand_1000_1000"
		objLayer:i = 1
		props {
			army:i = 1
			active:b = true
		}
	}
	objectGroups {
		name:t = "t1_cover_spaa_basis_101"
		tm:m = [[-0.989094, 0.0, 0.147285] [0.0, 1.0, 0.0] [-0.147285, 0.0, -0.989094] [6297.45, 913.562, 10934.0]]
		unit_class:t = "dyn_foundation_7m"
		objLayer:i = 1
		props {
			army:i = 1
			active:b = true
		}
	}
	objectGroups {
		name:t = "t1_cover_spaa_basis_102"
		tm:m = [[-0.989094, 0.0, 0.147285] [0.0, 1.0, 0.0] [-0.147285, 0.0, -0.989094] [8095.25, 927.337, 12208.1]]
		unit_class:t = "dyn_foundation_7m"
		objLayer:i = 1
		props {
			army:i = 1
			active:b = true
		}
	}
	objectGroups {
		name:t = "t1_cover_spaa_basis_103"
