selected_tag:t = ""
bin_dump_file:t = ""
mission_settings {
	player {
		army:i = 1
		wing:t = "t1_player01"
		wing:t = "t1_player02"
		wing:t = "t1_player03"
		wing:t = "t1_player04"
		wing:t = "t1_player05"
		wing:t = "t1_player06"
		wing:t = "t1_player07"
		wing:t = "t1_player08"
		wing:t = "t1_player09"
		wing:t = "t1_player10"
		wing:t = "t1_player11"
		wing:t = "t1_player12"
		wing:t = "t1_player13"
		wing:t = "t1_player14"
		wing:t = "t1_player15"
		wing:t = "t1_player16"
		wing:t = "t1_player17"
		wing:t = "t1_player18"
		wing:t = "t1_player19"
		wing:t = "t1_player20"
		wing:t = "t1_player21"
		wing:t = "t1_player22"
		wing:t = "t1_player23"
		wing:t = "t1_player24"
		wing:t = "t1_player25"
		wing:t = "t1_player26"
		wing:t = "t1_player27"
		wing:t = "t1_player28"
		wing:t = "t1_player29"
		wing:t = "t1_player30"
		wing:t = "t1_player31"
		wing:t = "t1_player32"
	}
	player_teamB {
		army:i = 2
		wing:t = "t2_player01"
		wing:t = "t2_player02"
		wing:t = "t2_player03"
		wing:t = "t2_player04"
		wing:t = "t2_player05"
		wing:t = "t2_player06"
		wing:t = "t2_player07"
		wing:t = "t2_player08"
		wing:t = "t2_player09"
		wing:t = "t2_player10"
		wing:t = "t2_player11"
		wing:t = "t2_player12"
		wing:t = "t2_player13"
		wing:t = "t2_player14"
		wing:t = "t2_player15"
		wing:t = "t2_player16"
		wing:t = "t2_player17"
		wing:t = "t2_player18"
		wing:t = "t2_player19"
		wing:t = "t2_player20"
		wing:t = "t2_player21"
		wing:t = "t2_player22"
		wing:t = "t2_player23"
		wing:t = "t2_player24"
		wing:t = "t2_player25"
		wing:t = "t2_player26"
		wing:t = "t2_player27"
		wing:t = "t2_player28"
		wing:t = "t2_player29"
		wing:t = "t2_player30"
		wing:t = "t2_player31"
		wing:t = "t2_player32"
	}
	mission {
		type:t = "domination"
		level:t = "levels/air_israel.bin"
		environment:t = "Day"
		weather:t = "clear"
		customHUD:t = "oil_refinery_strbomb"
		hideHudProgressIcons:b = true
		locNameTeamA:t = "missions/_strbomb/defensive;location/air_israel"
		locNameTeamB:t = "missions/_strbomb/offensive;location/air_israel"
		locDescTeamA:t = "missions/_strbomb/desc/defensive"
		locDescTeamB:t = "missions/_strbomb/desc/offensive"
		locName:t = "missions/_strbomb;location/air_israel"
		scoreLimit:i = 10000
		timeLimit:i = 25
		deathPenaltyMul:r = 0
		postfix:t = "_strbomb"
		allowEmptyTeams:b = false
		country_axis:t = "usa"
		country_allies:t = "ussr"
		restoreType:t = "attempts"
		optionalTakeOff:b = false
		allowedUnitTypes {
			isAirplanesAllowed:b = true
			isTanksAllowed:b = false
			isShipsAllowed:b = false
			isHelicoptersAllowed:b = false
		}
	}
	briefing {
		place_loc:t = ""
		date_loc:t = ""
		objective_loc:t = ""
		music:t = "action_01"
		part {
			event:t = ""
			minTime:i = 0
			slide {
				map:b = true
				minTime:i = 4
				picture:t = ""
				showAirMap:b = true
				icon {
					icontype:t = "fighter"
					side:t = "ally"
					target:t = "t1_spawn_area_01_10"
					lookAt:t = "t2_spawn_area_01_10"
				}
				icon {
					icontype:t = "fighter"
					side:t = "ally"
					target:t = "t1_spawn_area_02_10"
					lookAt:t = "t2_spawn_area_02_10"
				}
				icon {
					icontype:t = "fighter"
					side:t = "ally"
					target:t = "t1_spawn_area_03_10"
					lookAt:t = "t2_spawn_area_03_10"
				}
				icon {
					icontype:t = "fighter"
					side:t = "enemy"
					target:t = "t2_spawn_area_01_10"
					lookAt:t = "t1_spawn_area_01_10"
				}
				icon {
					icontype:t = "fighter"
					side:t = "enemy"
					target:t = "t2_spawn_area_02_10"
					lookAt:t = "t1_spawn_area_02_10"
				}
				icon {
					icontype:t = "fighter"
					side:t = "enemy"
					target:t = "t2_spawn_area_03_10"
					lookAt:t = "t1_spawn_area_03_10"
				}
				battleArea {
					target:t = "briefing_area"
				}
			}
		}
	}
}
imports {
	import_record {
		file:t = "gameData/missions/templates/air_templates/war_oil_refinery_strbomb_template.blk"
		importAreas:b = true
		importUnits:b = true
		importTriggers:b = true
		importMissionObjectives:b = true
		importWayPoints:b = true
		importDialogs:b = true
		showAreas:b = true
		showUnits:b = true
		showTriggers:b = true
		showMissionObjectives:b = true
		showWayPoints:b = true
		showDialogs:b = true
		excludes {

		}
	}
}
triggers {
	isCategory:b = true
	is_enabled:b = true
}
mission_objectives {
	isCategory:b = true
	is_enabled:b = true
}
variables {

}
dialogs {

}
airfields {

}
effects {

}
units {
	objectGroups {
		name:t = "t1_target_objectgroup_01"
		tm:m = [[0.0185442, 0.0, -0.999828] [0.0, 1.0, 0.0] [0.999828, 0.0, 0.0185442] [-15986.1, 143.508, -4994.2]]
		unit_class:t = "dyn_bomb_target_oil_refinery_sand_1000_1000"
		objLayer:i = 1
		props {
			army:i = 1
			active:b = true
		}
	}
	objectGroups {
		name:t = "t1_cover_spaa_basis_01"
		tm:m = [[-0.996195, 0.0, -0.0871556] [0.0, 1.0, 0.0] [0.0871556, 0.0, -0.996195] [-14460.9, 178.397, -7110.32]]
		unit_class:t = "dyn_foundation_7m"
		objLayer:i = 1
		props {
			army:i = 1
			active:b = true
		}
	}
	objectGroups {
		name:t = "t1_cover_spaa_basis_02"
		tm:m = [[-0.996195, 0.0, -0.0871556] [0.0, 1.0, 0.0] [0.0871556, 0.0, -0.996195] [-13114.5, 249.4, -5470.84]]
		unit_class:t = "dyn_foundation_7m"
		objLayer:i = 1
		props {
			army:i = 1
			active:b = true
		}
	}
	area_squad {
		name:t = "t1_spawn_area_01"
		tm:m = [[1.0, 0.0, 0.0] [0.0, 1.0, 0.0] [0.0, 0.0, 1.0] [-6220.0, 460.0, 22036.0]]
		props {
			squad_members:t = "t1_spawn_area_01_01"
			squad_members:t = "t1_spawn_area_01_02"
			squad_members:t = "t1_spawn_area_01_03"
			squad_members:t = "t1_spawn_area_01_04"
			squad_members:t = "t1_spawn_area_01_05"
			squad_members:t = "t1_spawn_area_01_06"
			squad_members:t = "t1_spawn_area_01_07"
			squad_members:t = "t1_spawn_area_01_08"
			squad_members:t = "t1_spawn_area_01_09"
			squad_members:t = "t1_spawn_area_01_10"
			squad_members:t = "t1_spawn_area_01_11"
			squad_members:t = "t1_spawn_area_01_12"
			squad_members:t = "t1_spawn_area_01_13"
			squad_members:t = "t1_spawn_area_01_14"
			squad_members:t = "t1_spawn_area_01_15"
			squad_members:t = "t1_spawn_area_01_16"
			squad_members:t = "t1_spawn_area_01_17"
			squad_members:t = "t1_spawn_area_01_18"
			squad_members:t = "t1_spawn_area_01_19"
			squad_members:t = "t1_spawn_area_01_20"
		}
	}
	area_squad {
		name:t = "t1_spawn_area_02"
		tm:m = [[1.0, 0.0, 0.0] [0.0, 1.0, 0.0] [0.0, 0.0, 1.0] [15890.0, 890.0, 21936.0]]
		props {
			squad_members:t = "t1_spawn_area_02_01"
			squad_members:t = "t1_spawn_area_02_02"
			squad_members:t = "t1_spawn_area_02_03"
			squad_members:t = "t1_spawn_area_02_04"
			squad_members:t = "t1_spawn_area_02_05"
			squad_members:t = "t1_spawn_area_02_06"
			squad_members:t = "t1_spawn_area_02_07"
			squad_members:t = "t1_spawn_area_02_08"
			squad_members:t = "t1_spawn_area_02_09"
			squad_members:t = "t1_spawn_area_02_10"
			squad_members:t = "t1_spawn_area_02_11"
			squad_members:t = "t1_spawn_area_02_12"
			squad_members:t = "t1_spawn_area_02_13"
			squad_members:t = "t1_spawn_area_02_14"
			squad_members:t = "t1_spawn_area_02_15"
			squad_members:t = "t1_spawn_area_02_16"
			squad_members:t = "t1_spawn_area_02_17"
			squad_members:t = "t1_spawn_area_02_18"
			squad_members:t = "t1_spawn_area_02_19"
			squad_members:t = "t1_spawn_area_02_20"
		}
	}
	area_squad {
		name:t = "t1_spawn_area_03"
		tm:m = [[1.0, 0.0, 0.0] [0.0, 1.0, 0.0] [0.0, 0.0, 1.0] [38260.0, 1100.0, 21986.0]]
		props {
			squad_members:t = "t1_spawn_area_03_01"
			squad_members:t = "t1_spawn_area_03_02"
			squad_members:t = "t1_spawn_area_03_03"
			squad_members:t = "t1_spawn_area_03_04"
			squad_members:t = "t1_spawn_area_03_05"
			squad_members:t = "t1_spawn_area_03_06"
			squad_members:t = "t1_spawn_area_03_07"
			squad_members:t = "t1_spawn_area_03_08"
			squad_members:t = "t1_spawn_area_03_09"
			squad_members:t = "t1_spawn_area_03_10"
			squad_members:t = "t1_spawn_area_03_11"
			squad_members:t = "t1_spawn_area_03_12"
			squad_members:t = "t1_spawn_area_03_13"
			squad_members:t = "t1_spawn_area_03_14"
			squad_members:t = "t1_spawn_area_03_15"
			squad_members:t = "t1_spawn_area_03_16"
			squad_members:t = "t1_spawn_area_03_17"
			squad_members:t = "t1_spawn_area_03_18"
			squad_members:t = "t1_spawn_area_03_19"
			squad_members:t = "t1_spawn_area_03_20"
		}
	}
	area_squad {
		name:t = "t2_spawn_area_01"
		tm:m = [[1.0, 0.0, 0.0] [0.0, 1.0, 0.0] [0.0, 0.0, 1.0] [-6080.0, 500.0, -54084.0]]
		props {
			squad_members:t = "t2_spawn_area_01_01"
			squad_members:t = "t2_spawn_area_01_02"
			squad_members:t = "t2_spawn_area_01_03"
			squad_members:t = "t2_spawn_area_01_04"
			squad_members:t = "t2_spawn_area_01_05"
			squad_members:t = "t2_spawn_area_01_06"
			squad_members:t = "t2_spawn_area_01_07"
			squad_members:t = "t2_spawn_area_01_08"
			squad_members:t = "t2_spawn_area_01_09"
			squad_members:t = "t2_spawn_area_01_10"
			squad_members:t = "t2_spawn_area_01_11"
			squad_members:t = "t2_spawn_area_01_12"
			squad_members:t = "t2_spawn_area_01_13"
			squad_members:t = "t2_spawn_area_01_14"
			squad_members:t = "t2_spawn_area_01_15"
			squad_members:t = "t2_spawn_area_01_16"
			squad_members:t = "t2_spawn_area_01_17"
			squad_members:t = "t2_spawn_area_01_18"
			squad_members:t = "t2_spawn_area_01_19"
			squad_members:t = "t2_spawn_area_01_20"
		}
	}
	area_squad {
		name:t = "t2_spawn_area_02"
		tm:m = [[1.0, 0.0, 0.0] [0.0, 1.0, 0.0] [0.0, 0.0, 1.0] [16130.0, 370.0, -54014.0]]
		props {
			squad_members:t = "t2_spawn_area_02_01"
			squad_members:t = "t2_spawn_area_02_02"
			squad_members:t = "t2_spawn_area_02_03"
			squad_members:t = "t2_spawn_area_02_04"
			squad_members:t = "t2_spawn_area_02_05"
			squad_members:t = "t2_spawn_area_02_06"
			squad_members:t = "t2_spawn_area_02_07"
			squad_members:t = "t2_spawn_area_02_08"
			squad_members:t = "t2_spawn_area_02_09"
			squad_members:t = "t2_spawn_area_02_10"
			squad_members:t = "t2_spawn_area_02_11"
			squad_members:t = "t2_spawn_area_02_12"
			squad_members:t = "t2_spawn_area_02_13"
			squad_members:t = "t2_spawn_area_02_14"
			squad_members:t = "t2_spawn_area_02_15"
			squad_members:t = "t2_spawn_area_02_16"
			squad_members:t = "t2_spawn_area_02_17"
			squad_members:t = "t2_spawn_area_02_18"
			squad_members:t = "t2_spawn_area_02_19"
			squad_members:t = "t2_spawn_area_02_20"
		}
	}
	area_squad {
		name:t = "t2_spawn_area_03"
		tm:m = [[1.0, 0.0, 0.0] [0.0, 1.0, 0.0] [0.0, 0.0, 1.0] [39540.0, 460.0, -53754.0]]
		props {
			squad_members:t = "t2_spawn_area_03_01"
			squad_members:t = "t2_spawn_area_03_02"
			squad_members:t = "t2_spawn_area_03_03"
			squad_members:t = "t2_spawn_area_03_04"
			squad_members:t = "t2_spawn_area_03_05"
			squad_members:t = "t2_spawn_area_03_06"
			squad_members:t = "t2_spawn_area_03_07"
			squad_members:t = "t2_spawn_area_03_08"
			squad_members:t = "t2_spawn_area_03_09"
			squad_members:t = "t2_spawn_area_03_10"
			squad_members:t = "t2_spawn_area_03_11"
			squad_members:t = "t2_spawn_area_03_12"
			squad_members:t = "t2_spawn_area_03_13"
			squad_members:t = "t2_spawn_area_03_14"
			squad_members:t = "t2_spawn_area_03_15"
			squad_members:t = "t2_spawn_area_03_16"
			squad_members:t = "t2_spawn_area_03_17"
			squad_members:t = "t2_spawn_area_03_18"
			squad_members:t = "t2_spawn_area_03_19"
			squad_members:t = "t2_spawn_area_03_20"
		}
	}
	area_squad {
		name:t = "t1_exit_zone_squad"
		tm:m = [[1.0, 0.0, 0.0] [0.0, 1.0, 0.0] [0.0, 0.0, 1.0] [16099.3, -0.000244141, 24321.0]]
		props {
			squad_members:t = "t1_exit_zone_01"
			squad_members:t = "t1_exit_zone_02"
			squad_members:t = "t1_exit_zone_03"
			squad_members:t = "t1_exit_zone_04"
		}
	}
	area_squad {
		name:t = "t2_exit_zone_squad"
		tm:m = [[1.0, 0.0, 0.0] [0.0, 1.0, 0.0] [0.0, 0.0, 1.0] [16101.3, 0.0, -55325.4]]
		props {
			squad_members:t = "t2_exit_zone_01"
			squad_members:t = "t2_exit_zone_02"
			squad_members:t = "t2_exit_zone_03"
			squad_members:t = "t2_exit_zone_04"
		}
	}
	objectGroups {
		name:t = "t1_cover_spaa_basis_03"
		tm:m = [[-0.996195, 0.0, -0.0871556] [0.0, 1.0, 0.0] [0.0871556, 0.0, -0.996195] [-13853.1, 267.918, -7997.63]]
		unit_class:t = "dyn_foundation_7m"
		objLayer:i = 1
		props {
			army:i = 1
			active:b = true
		}
	}
	objectGroups {
		name:t = "t1_cover_spaa_basis_04"
		tm:m = [[-0.996195, 0.0, -0.0871556] [0.0, 1.0, 0.0] [0.0871556, 0.0, -0.996195] [-12762.7, 293.688, -7052.09]]
		unit_class:t = "dyn_foundation_7m"
		objLayer:i = 1
		props {
			army:i = 1
			active:b = true
		}
	}
	objectGroups {
		name:t = "t1_cover_spaa_basis_05"
		tm:m = [[-0.996195, 0.0, -0.0871556] [0.0, 1.0, 0.0] [0.0871556, 0.0, -0.996195] [-13994.8, 187.688, -6535.01]]
		unit_class:t = "dyn_foundation_7m"
		objLayer:i = 1
		props {
			army:i = 1
			active:b = true
		}
	}
	objectGroups {
		name:t = "t1_cover_spaa_basis_06"
		tm:m = [[-0.996195, 0.0, -0.0871556] [0.0, 1.0, 0.0] [0.0871556, 0.0, -0.996195] [-13982.4, 177.856, -4019.36]]
		unit_class:t = "dyn_foundation_7m"
		objLayer:i = 1
		props {
			army:i = 1
			active:b = true
		}
	}
	objectGroups {
		name:t = "t1_cover_spaa_basis_07"
		tm:m = [[-0.996195, 0.0, -0.0871556] [0.0, 1.0, 0.0] [0.0871556, 0.0, -0.996195] [-13161.0, 249.374, -4606.7]]
		unit_class:t = "dyn_foundation_7m"
		objLayer:i = 1
		props {
			army:i = 1
			active:b = true
		}
	}
	objectGroups {
		name:t = "t1_cover_spaa_basis_08"
		tm:m = [[-0.996195, 0.0, -0.0871556] [0.0, 1.0, 0.0] [0.0871556, 0.0, -0.996195] [-13266.9, 249.726, -3606.03]]
		unit_class:t = "dyn_foundation_7m"
		objLayer:i = 1
		props {
			army:i = 1
			active:b = true
		}
	}
	objectGroups {
		name:t = "t1_cover_spaa_basis_09"
		tm:m = [[-0.996195, 0.0, -0.0871556] [0.0, 1.0, 0.0] [0.0871556, 0.0, -0.996195] [-13784.5, 188.565, -2296.95]]
		unit_class:t = "dyn_foundation_7m"
		objLayer:i = 1
		props {
			army:i = 1
			active:b = true
		}
	}
	objectGroups {
		name:t = "t1_cover_spaa_basis_10"
		tm:m = [[-0.996195, 0.0, -0.0871556] [0.0, 1.0, 0.0] [0.0871556, 0.0, -0.996195] [-15107.2, 140.784, -1894.1]]
		unit_class:t = "dyn_foundation_7m"
		objLayer:i = 1
		props {
			army:i = 1
			active:b = true
		}
	}
	objectGroups {
		name:t = "t1_cover_spaa_basis_11"
		tm:m = [[-0.996195, 0.0, -0.0871556] [0.0, 1.0, 0.0] [0.0871556, 0.0, -0.996195] [-16221.6, 79.9144, -1478.55]]
		unit_class:t = "dyn_foundation_7m"
		objLayer:i = 1
		props {
			army:i = 1
			active:b = true
		}
	}
	objectGroups {
		name:t = "t1_cover_spaa_basis_12"
		tm:m = [[-0.996195, 0.0, -0.0871556] [0.0, 1.0, 0.0] [0.0871556, 0.0, -0.996195] [-16262.0, 106.755, -2638.75]]
		unit_class:t = "dyn_foundation_7m"
		objLayer:i = 1
		props {
			army:i = 1
			active:b = true
		}
	}
	objectGroups {
		name:t = "t1_cover_spaa_basis_13"
		tm:m = [[-0.996195, 0.0, -0.0871556] [0.0, 1.0, 0.0] [0.0871556, 0.0, -0.996195] [-16596.8, 78.3122, -3308.05]]
		unit_class:t = "dyn_foundation_7m"
		objLayer:i = 1
		props {
			army:i = 1
			active:b = true
		}
	}
	objectGroups {
		name:t = "t1_cover_spaa_basis_14"
		tm:m = [[-0.996195, 0.0, -0.0871556] [0.0, 1.0, 0.0] [0.0871556, 0.0, -0.996195] [-17003.9, 70.7591, -4340.65]]
		unit_class:t = "dyn_foundation_7m"
		objLayer:i = 1
		props {
			army:i = 1
			active:b = true
		}
	}
	objectGroups {
		name:t = "t1_cover_spaa_basis_15"
		tm:m = [[-0.996195, 0.0, -0.0871556] [0.0, 1.0, 0.0] [0.0871556, 0.0, -0.996195] [-16468.8, 103.762, -4017.9]]
		unit_class:t = "dyn_foundation_7m"
		objLayer:i = 1
		props {
			army:i = 1
			active:b = true
		}
	}
	objectGroups {
		name:t = "t1_cover_spaa_basis_16"
		tm:m = [[-0.996195, 0.0, -0.0871556] [0.0, 1.0, 0.0] [0.0871556, 0.0, -0.996195] [-16737.6, 168.044, -8544.55]]
		unit_class:t = "dyn_foundation_7m"
		objLayer:i = 1
		props {
			army:i = 1
			active:b = true
		}
	}
	objectGroups {
		name:t = "t1_cover_spaa_basis_17"
		tm:m = [[-0.996195, 0.0, -0.0871556] [0.0, 1.0, 0.0] [0.0871556, 0.0, -0.996195] [-16434.6, 160.924, -7679.65]]
		unit_class:t = "dyn_foundation_7m"
		objLayer:i = 1
		props {
			army:i = 1
			active:b = true
		}
	}
	objectGroups {
		name:t = "t1_cover_spaa_basis_18"
		tm:m = [[-0.996195, 0.0, -0.0871556] [0.0, 1.0, 0.0] [0.0871556, 0.0, -0.996195] [-17395.7, 105.992, -8211.4]]
		unit_class:t = "dyn_foundation_7m"
		objLayer:i = 1
		props {
			army:i = 1
			active:b = true
		}
	}
	objectGroups {
		name:t = "t1_cover_spaa_basis_19"
		tm:m = [[-0.996195, 0.0, -0.0871556] [0.0, 1.0, 0.0] [0.0871556, 0.0, -0.996195] [-16047.2, 158.0, -8151.75]]
		unit_class:t = "dyn_foundation_7m"
		objLayer:i = 1
		props {
			army:i = 1
			active:b = true
		}
	}
	objectGroups {
		name:t = "t1_cover_spaa_basis_20"
		tm:m = [[-0.996195, 0.0, -0.0871556] [0.0, 1.0, 0.0] [0.0871556, 0.0, -0.996195] [-17141.7, 121.443, -7580.3]]
		unit_class:t = "dyn_foundation_7m"
		objLayer:i = 1
		props {
			army:i = 1
			active:b = true
		}
	}
	objectGroups {
		name:t = "t1_target_objectgroup_02"
		tm:m = [[0.993036, 0.0, -0.11781] [0.0, 1.0, 0.0] [0.11781, 0.0, 0.993036] [-9038.55, 380.44, -6276.55]]
		unit_class:t = "dyn_bomb_target_oil_refinery_sand_1000_1000"
		objLayer:i = 1
		props {
			army:i = 1
			active:b = true
		}
	}
	objectGroups {
		name:t = "t1_cover_spaa_basis_21"
		tm:m = [[-0.0493439, 0.0, -0.998782] [0.0, 1.0, 0.0] [0.998782, 0.0, -0.0493439] [-6734.46, 275.388, -5053.73]]
		unit_class:t = "dyn_foundation_7m"
		objLayer:i = 1
		props {
			army:i = 1
			active:b = true
		}
	}
	objectGroups {
		name:t = "t1_cover_spaa_basis_22"
		tm:m = [[-0.0493439, 0.0, -0.998782] [0.0, 1.0, 0.0] [0.998782, 0.0, -0.0493439] [-8175.25, 237.373, -3496.56]]
		unit_class:t = "dyn_foundation_7m"
		objLayer:i = 1
		props {
			army:i = 1
			active:b = true
		}
	}
	objectGroups {
		name:t = "t1_cover_spaa_basis_23"
		tm:m = [[-0.0493439, 0.0, -0.998782] [0.0, 1.0, 0.0] [0.998782, 0.0, -0.0493439] [-5772.67, 256.13, -4572.43]]
		unit_class:t = "dyn_foundation_7m"
		objLayer:i = 1
		props {
			army:i = 1
			active:b = true
		}
	}
	objectGroups {
		name:t = "t1_cover_spaa_basis_24"
		tm:m = [[-0.0493439, 0.0, -0.998782] [0.0, 1.0, 0.0] [0.998782, 0.0, -0.0493439] [-6560.83, 302.91, -3363.53]]
		unit_class:t = "dyn_foundation_7m"
		objLayer:i = 1
		props {
			army:i = 1
			active:b = true
		}
	}
	objectGroups {
		name:t = "t1_cover_spaa_basis_25"
		tm:m = [[-0.0493439, 0.0, -0.998782] [0.0, 1.0, 0.0] [0.998782, 0.0, -0.0493439] [-7240.89, 281.095, -4513.73]]
		unit_class:t = "dyn_foundation_7m"
		objLayer:i = 1
		props {
			army:i = 1
			active:b = true
		}
	}
	objectGroups {
		name:t = "t1_cover_spaa_basis_26"
		tm:m = [[-0.0493439, 0.0, -0.998782] [0.0, 1.0, 0.0] [0.998782, 0.0, -0.0493439] [-9731.35, 251.322, -4158.77]]
		unit_class:t = "dyn_foundation_7m"
		objLayer:i = 1
		props {
			army:i = 1
			active:b = true
		}
	}
	objectGroups {
		name:t = "t1_cover_spaa_basis_27"
		tm:m = [[-0.0493439, 0.0, -0.998782] [0.0, 1.0, 0.0] [0.998782, 0.0, -0.0493439] [-9037.69, 242.744, -3424.96]]
		unit_class:t = "dyn_foundation_7m"
		objLayer:i = 1
		props {
			army:i = 1
			active:b = true
		}
	}
	objectGroups {
		name:t = "t1_cover_spaa_basis_28"
		tm:m = [[-0.0493439, 0.0, -0.998782] [0.0, 1.0, 0.0] [0.998782, 0.0, -0.0493439] [-10043.5, 291.188, -3393.67]]
		unit_class:t = "dyn_foundation_7m"
		objLayer:i = 1
		props {
			army:i = 1
			active:b = true
		}
	}
	objectGroups {
		name:t = "t1_cover_spaa_basis_29"
		tm:m = [[-0.0493439, 0.0, -0.998782] [0.0, 1.0, 0.0] [0.998782, 0.0, -0.0493439] [-11410.8, 242.833, -3728.1]]
		unit_class:t = "dyn_foundation_7m"
		objLayer:i = 1
		props {
			army:i = 1
			active:b = true
		}
	}
	objectGroups {
		name:t = "t1_cover_spaa_basis_30"
		tm:m = [[-0.0493439, 0.0, -0.998782] [0.0, 1.0, 0.0] [0.998782, 0.0, -0.0493439] [-11425.0, 264.518, -4688.4]]
		unit_class:t = "dyn_foundation_7m"
		objLayer:i = 1
		props {
			army:i = 1
			active:b = true
		}
	}
	objectGroups {
		name:t = "t1_cover_spaa_basis_31"
		tm:m = [[-0.0493439, 0.0, -0.998782] [0.0, 1.0, 0.0] [0.998782, 0.0, -0.0493439] [-11592.8, 256.028, -6762.5]]
		unit_class:t = "dyn_foundation_7m"
		objLayer:i = 1
		props {
			army:i = 1
			active:b = true
		}
	}
	objectGroups {
		name:t = "t1_cover_spaa_basis_32"
		tm:m = [[-0.0493439, 0.0, -0.998782] [0.0, 1.0, 0.0] [0.998782, 0.0, -0.0493439] [-11780.1, 272.934, -7528.94]]
		unit_class:t = "dyn_foundation_7m"
		objLayer:i = 1
		props {
			army:i = 1
			active:b = true
		}
	}
	objectGroups {
		name:t = "t1_cover_spaa_basis_33"
		tm:m = [[-0.0493439, 0.0, -0.998782] [0.0, 1.0, 0.0] [0.998782, 0.0, -0.0493439] [-11045.1, 228.236, -9370.65]]
		unit_class:t = "dyn_foundation_7m"
		objLayer:i = 1
		props {
			army:i = 1
			active:b = true
		}
	}
	objectGroups {
		name:t = "t1_cover_spaa_basis_34"
		tm:m = [[-0.0493439, 0.0, -0.998782] [0.0, 1.0, 0.0] [0.998782, 0.0, -0.0493439] [-10184.9, 154.462, -9127.34]]
		unit_class:t = "dyn_foundation_7m"
		objLayer:i = 1
		props {
			army:i = 1
			active:b = true
		}
	}
	objectGroups {
		name:t = "t1_cover_spaa_basis_35"
		tm:m = [[-0.0493439, 0.0, -0.998782] [0.0, 1.0, 0.0] [0.998782, 0.0, -0.0493439] [-9451.12, 145.721, -9092.59]]
		unit_class:t = "dyn_foundation_7m"
		objLayer:i = 1
		props {
			army:i = 1
			active:b = true
		}
	}
	objectGroups {
		name:t = "t1_cover_spaa_basis_36"
		tm:m = [[-0.0493439, 0.0, -0.998782] [0.0, 1.0, 0.0] [0.998782, 0.0, -0.0493439] [-8595.1, 146.45, -9200.41]]
		unit_class:t = "dyn_foundation_7m"
		objLayer:i = 1
		props {
			army:i = 1
			active:b = true
		}
	}
	objectGroups {
		name:t = "t1_cover_spaa_basis_37"
		tm:m = [[-0.0493439, 0.0, -0.998782] [0.0, 1.0, 0.0] [0.998782, 0.0, -0.0493439] [-7616.63, 154.721, -9269.1]]
		unit_class:t = "dyn_foundation_7m"
		objLayer:i = 1
		props {
			army:i = 1
			active:b = true
		}
	}
	objectGroups {
		name:t = "t1_cover_spaa_basis_38"
		tm:m = [[-0.0493439, 0.0, -0.998782] [0.0, 1.0, 0.0] [0.998782, 0.0, -0.0493439] [-7528.57, 199.827, -8450.48]]
		unit_class:t = "dyn_foundation_7m"
		objLayer:i = 1
		props {
			army:i = 1
			active:b = true
		}
	}
	objectGroups {
		name:t = "t1_cover_spaa_basis_39"
		tm:m = [[-0.0493439, 0.0, -0.998782] [0.0, 1.0, 0.0] [0.998782, 0.0, -0.0493439] [-6023.59, 254.826, -7519.7]]
		unit_class:t = "dyn_foundation_7m"
		objLayer:i = 1
		props {
			army:i = 1
			active:b = true
		}
	}
	objectGroups {
		name:t = "t1_cover_spaa_basis_40"
		tm:m = [[-0.0493439, 0.0, -0.998782] [0.0, 1.0, 0.0] [0.998782, 0.0, -0.0493439] [-6612.91, 160.997, -9052.5]]
		unit_class:t = "dyn_foundation_7m"
		objLayer:i = 1
		props {
			army:i = 1
			active:b = true
		}
	}
	objectGroups {
		name:t = "t1_target_objectgroup_03"
		tm:m = [[0.325969, 0.0, -0.94538] [0.0, 1.0, 0.0] [0.94538, 0.0, 0.325969] [-2813.2, 300.6, -6324.8]]
		unit_class:t = "dyn_bomb_target_oil_refinery_sand_1000_1000"
		objLayer:i = 1
		props {
			army:i = 1
			active:b = true
		}
	}
	objectGroups {
		name:t = "t1_cover_spaa_basis_41"
		tm:m = [[-0.920766, 0.0, -0.390115] [0.0, 1.0, 0.0] [0.390115, 0.0, -0.920766] [-663.85, 284.414, -7731.7]]
		unit_class:t = "dyn_foundation_7m"
		objLayer:i = 1
		props {
			army:i = 1
			active:b = true
		}
	}
	objectGroups {
		name:t = "t1_cover_spaa_basis_42"
		tm:m = [[-0.920766, 0.0, -0.390115] [0.0, 1.0, 0.0] [0.390115, 0.0, -0.920766] [65.4307, 286.223, -5892.63]]
		unit_class:t = "dyn_foundation_7m"
		objLayer:i = 1
		props {
			army:i = 1
			active:b = true
		}
	}
	objectGroups {
		name:t = "t1_cover_spaa_basis_43"
		tm:m = [[-0.920766, 0.0, -0.390115] [0.0, 1.0, 0.0] [0.390115, 0.0, -0.920766] [142.024, 292.496, -8523.97]]
		unit_class:t = "dyn_foundation_7m"
		objLayer:i = 1
		props {
			army:i = 1
			active:b = true
		}
	}
	objectGroups {
		name:t = "t1_cover_spaa_basis_44"
		tm:m = [[-0.920766, 0.0, -0.390115] [0.0, 1.0, 0.0] [0.390115, 0.0, -0.920766] [618.6, 275.813, -6983.4]]
		unit_class:t = "dyn_foundation_7m"
		objLayer:i = 1
		props {
			army:i = 1
			active:b = true
		}
	}
	objectGroups {
		name:t = "t1_cover_spaa_basis_45"
		tm:m = [[-0.920766, 0.0, -0.390115] [0.0, 1.0, 0.0] [0.390115, 0.0, -0.920766] [-443.895, 289.892, -7176.44]]
		unit_class:t = "dyn_foundation_7m"
		objLayer:i = 1
		props {
			army:i = 1
			active:b = true
		}
	}
	objectGroups {
		name:t = "t1_cover_spaa_basis_46"
		tm:m = [[-0.920766, 0.0, -0.390115] [0.0, 1.0, 0.0] [0.390115, 0.0, -0.920766] [-1207.84, 240.684, -4779.55]]
		unit_class:t = "dyn_foundation_7m"
		objLayer:i = 1
		props {
			army:i = 1
			active:b = true
		}
	}
	objectGroups {
		name:t = "t1_cover_spaa_basis_47"
		tm:m = [[-0.920766, 0.0, -0.390115] [0.0, 1.0, 0.0] [0.390115, 0.0, -0.920766] [-168.0, 281.314, -4973.1]]
		unit_class:t = "dyn_foundation_7m"
		objLayer:i = 1
		props {
			army:i = 1
			active:b = true
		}
	}
	objectGroups {
		name:t = "t1_cover_spaa_basis_48"
		tm:m = [[-0.920766, 0.0, -0.390115] [0.0, 1.0, 0.0] [0.390115, 0.0, -0.920766] [-654.695, 249.227, -4165.65]]
		unit_class:t = "dyn_foundation_7m"
		objLayer:i = 1
		props {
			army:i = 1
			active:b = true
		}
	}
	objectGroups {
		name:t = "t1_cover_spaa_basis_49"
		tm:m = [[-0.920766, 0.0, -0.390115] [0.0, 1.0, 0.0] [0.390115, 0.0, -0.920766] [-1550.75, 274.083, -3079.97]]
		unit_class:t = "dyn_foundation_7m"
		objLayer:i = 1
		props {
			army:i = 1
			active:b = true
		}
	}
	objectGroups {
		name:t = "t1_cover_spaa_basis_50"
		tm:m = [[-0.920766, 0.0, -0.390115] [0.0, 1.0, 0.0] [0.390115, 0.0, -0.920766] [-2979.2, 300.692, -3025.35]]
		unit_class:t = "dyn_foundation_7m"
		objLayer:i = 1
		props {
			army:i = 1
			active:b = true
		}
	}
	objectGroups {
		name:t = "t1_cover_spaa_basis_51"
		tm:m = [[-0.920766, 0.0, -0.390115] [0.0, 1.0, 0.0] [0.390115, 0.0, -0.920766] [-5170.0, 303.128, -3517.4]]
		unit_class:t = "dyn_foundation_7m"
		objLayer:i = 1
		props {
			army:i = 1
			active:b = true
		}
	}
	objectGroups {
		name:t = "t1_cover_spaa_basis_52"
		tm:m = [[-0.920766, 0.0, -0.390115] [0.0, 1.0, 0.0] [0.390115, 0.0, -0.920766] [-5133.66, 260.06, -4401.17]]
		unit_class:t = "dyn_foundation_7m"
		objLayer:i = 1
		props {
			army:i = 1
			active:b = true
		}
	}
	objectGroups {
		name:t = "t1_cover_spaa_basis_53"
		tm:m = [[-0.920766, 0.0, -0.390115] [0.0, 1.0, 0.0] [0.390115, 0.0, -0.920766] [-6468.95, 275.231, -6000.2]]
		unit_class:t = "dyn_foundation_7m"
		objLayer:i = 1
		props {
			army:i = 1
			active:b = true
		}
	}
	objectGroups {
		name:t = "t1_cover_spaa_basis_54"
		tm:m = [[-0.920766, 0.0, -0.390115] [0.0, 1.0, 0.0] [0.390115, 0.0, -0.920766] [-5519.15, 256.252, -6211.4]]
		unit_class:t = "dyn_foundation_7m"
		objLayer:i = 1
		props {
			army:i = 1
			active:b = true
		}
	}
	objectGroups {
		name:t = "t1_cover_spaa_basis_55"
		tm:m = [[-0.920766, 0.0, -0.390115] [0.0, 1.0, 0.0] [0.390115, 0.0, -0.920766] [-5008.35, 263.574, -7324.0]]
		unit_class:t = "dyn_foundation_7m"
		objLayer:i = 1
		props {
			army:i = 1
			active:b = true
		}
	}
	objectGroups {
		name:t = "t1_cover_spaa_basis_56"
		tm:m = [[-0.920766, 0.0, -0.390115] [0.0, 1.0, 0.0] [0.390115, 0.0, -0.920766] [-5252.97, 260.991, -7996.15]]
		unit_class:t = "dyn_foundation_7m"
		objLayer:i = 1
		props {
			army:i = 1
			active:b = true
		}
	}
	objectGroups {
		name:t = "t1_cover_spaa_basis_57"
		tm:m = [[-0.920766, 0.0, -0.390115] [0.0, 1.0, 0.0] [0.390115, 0.0, -0.920766] [-4889.06, 249.424, -8907.06]]
		unit_class:t = "dyn_foundation_7m"
		objLayer:i = 1
		props {
			army:i = 1
			active:b = true
		}
	}
	objectGroups {
		name:t = "t1_cover_spaa_basis_58"
		tm:m = [[-0.920766, 0.0, -0.390115] [0.0, 1.0, 0.0] [0.390115, 0.0, -0.920766] [-3699.2, 285.676, -8635.1]]
		unit_class:t = "dyn_foundation_7m"
		objLayer:i = 1
		props {
			army:i = 1
			active:b = true
		}
	}
	objectGroups {
		name:t = "t1_cover_spaa_basis_59"
		tm:m = [[-0.920766, 0.0, -0.390115] [0.0, 1.0, 0.0] [0.390115, 0.0, -0.920766] [-2620.85, 305.705, -9580.33]]
		unit_class:t = "dyn_foundation_7m"
		objLayer:i = 1
		props {
			army:i = 1
			active:b = true
		}
	}
	objectGroups {
		name:t = "t1_cover_spaa_basis_60"
		tm:m = [[-0.920766, 0.0, -0.390115] [0.0, 1.0, 0.0] [0.390115, 0.0, -0.920766] [-4198.75, 272.721, -9655.05]]
		unit_class:t = "dyn_foundation_7m"
		objLayer:i = 1
		props {
			army:i = 1
			active:b = true
		}
	}
	objectGroups {
		name:t = "t1_target_objectgroup_04"
		tm:m = [[-0.792297, 0.0, 0.610135] [0.0, 1.0, 0.0] [-0.610135, 0.0, -0.792297] [3006.69, 312.028, -5932.84]]
		unit_class:t = "dyn_bomb_target_oil_refinery_sand_1000_1000"
		objLayer:i = 1
		props {
			army:i = 1
			active:b = true
		}
	}
	objectGroups {
		name:t = "t1_cover_spaa_basis_61"
		tm:m = [[0.55429, 0.0, 0.832324] [0.0, 1.0, 0.0] [-0.832324, 0.0, 0.55429] [428.15, 280.557, -5877.15]]
		unit_class:t = "dyn_foundation_7m"
		objLayer:i = 1
		props {
			army:i = 1
			active:b = true
		}
	}
	objectGroups {
		name:t = "t1_cover_spaa_basis_62"
		tm:m = [[0.55429, 0.0, 0.832324] [0.0, 1.0, 0.0] [-0.832324, 0.0, 0.55429] [1225.2, 284.88, -7810.05]]
		unit_class:t = "dyn_foundation_7m"
		objLayer:i = 1
		props {
			army:i = 1
			active:b = true
		}
	}
	objectGroups {
		name:t = "t1_cover_spaa_basis_63"
		tm:m = [[0.55429, 0.0, 0.832324] [0.0, 1.0, 0.0] [-0.832324, 0.0, 0.55429] [-671.059, 273.305, -5722.08]]
		unit_class:t = "dyn_foundation_7m"
		objLayer:i = 1
		props {
			army:i = 1
			active:b = true
		}
	}
	objectGroups {
		name:t = "t1_cover_spaa_basis_64"
		tm:m = [[0.55429, 0.0, 0.832324] [0.0, 1.0, 0.0] [-0.832324, 0.0, 0.55429] [-332.25, 285.64, -6940.7]]
		unit_class:t = "dyn_foundation_7m"
		objLayer:i = 1
		props {
			army:i = 1
			active:b = true
		}
	}
	objectGroups {
		name:t = "t1_cover_spaa_basis_65"
		tm:m = [[0.55429, 0.0, 0.832324] [0.0, 1.0, 0.0] [-0.832324, 0.0, 0.55429] [548.8, 280.288, -6476.54]]
		unit_class:t = "dyn_foundation_7m"
		objLayer:i = 1
		props {
			army:i = 1
			active:b = true
		}
	}
	objectGroups {
		name:t = "t1_cover_spaa_basis_66"
		tm:m = [[0.55429, 0.0, 0.832324] [0.0, 1.0, 0.0] [-0.832324, 0.0, 0.55429] [2570.65, 223.142, -8534.95]]
		unit_class:t = "dyn_foundation_7m"
		objLayer:i = 1
		props {
			army:i = 1
			active:b = true
		}
	}
	objectGroups {
		name:t = "t1_cover_spaa_basis_67"
		tm:m = [[0.55429, 0.0, 0.832324] [0.0, 1.0, 0.0] [-0.832324, 0.0, 0.55429] [1475.16, 299.109, -8640.15]]
		unit_class:t = "dyn_foundation_7m"
		objLayer:i = 1
		props {
			army:i = 1
			active:b = true
		}
	}
	objectGroups {
		name:t = "t1_cover_spaa_basis_68"
		tm:m = [[0.55429, 0.0, 0.832324] [0.0, 1.0, 0.0] [-0.832324, 0.0, 0.55429] [1921.45, 280.808, -8533.7]]
		unit_class:t = "dyn_foundation_7m"
		objLayer:i = 1
		props {
			army:i = 1
			active:b = true
		}
	}
	objectGroups {
		name:t = "t1_cover_spaa_basis_69"
		tm:m = [[0.55429, 0.0, 0.832324] [0.0, 1.0, 0.0] [-0.832324, 0.0, 0.55429] [3936.55, 327.526, -9112.15]]
		unit_class:t = "dyn_foundation_7m"
		objLayer:i = 1
		props {
			army:i = 1
			active:b = true
		}
	}
	objectGroups {
		name:t = "t1_cover_spaa_basis_70"
		tm:m = [[0.55429, 0.0, 0.832324] [0.0, 1.0, 0.0] [-0.832324, 0.0, 0.55429] [4379.85, 311.593, -9035.0]]
		unit_class:t = "dyn_foundation_7m"
		objLayer:i = 1
		props {
			army:i = 1
			active:b = true
		}
	}
	objectGroups {
		name:t = "t1_cover_spaa_basis_71"
		tm:m = [[0.55429, 0.0, 0.832324] [0.0, 1.0, 0.0] [-0.832324, 0.0, 0.55429] [6027.15, 273.224, -5649.55]]
		unit_class:t = "dyn_foundation_7m"
		objLayer:i = 1
		props {
			army:i = 1
			active:b = true
		}
	}
	objectGroups {
		name:t = "t1_cover_spaa_basis_72"
		tm:m = [[0.55429, 0.0, 0.832324] [0.0, 1.0, 0.0] [-0.832324, 0.0, 0.55429] [5271.15, 270.424, -7084.0]]
		unit_class:t = "dyn_foundation_7m"
		objLayer:i = 1
		props {
			army:i = 1
			active:b = true
		}
	}
	objectGroups {
		name:t = "t1_cover_spaa_basis_73"
		tm:m = [[0.55429, 0.0, 0.832324] [0.0, 1.0, 0.0] [-0.832324, 0.0, 0.55429] [6002.15, 250.207, -4426.65]]
		unit_class:t = "dyn_foundation_7m"
		objLayer:i = 1
		props {
			army:i = 1
			active:b = true
		}
	}
	objectGroups {
		name:t = "t1_cover_spaa_basis_74"
		tm:m = [[0.55429, 0.0, 0.832324] [0.0, 1.0, 0.0] [-0.832324, 0.0, 0.55429] [5244.2, 272.375, -4307.9]]
		unit_class:t = "dyn_foundation_7m"
		objLayer:i = 1
		props {
			army:i = 1
			active:b = true
		}
	}
	objectGroups {
		name:t = "t1_cover_spaa_basis_75"
		tm:m = [[0.55429, 0.0, 0.832324] [0.0, 1.0, 0.0] [-0.832324, 0.0, 0.55429] [4940.0, 279.419, -3876.5]]
		unit_class:t = "dyn_foundation_7m"
		objLayer:i = 1
		props {
			army:i = 1
			active:b = true
		}
	}
	objectGroups {
		name:t = "t1_cover_spaa_basis_76"
		tm:m = [[0.55429, 0.0, 0.832324] [0.0, 1.0, 0.0] [-0.832324, 0.0, 0.55429] [3698.15, 305.911, -3241.1]]
		unit_class:t = "dyn_foundation_7m"
		objLayer:i = 1
		props {
			army:i = 1
			active:b = true
		}
	}
	objectGroups {
		name:t = "t1_cover_spaa_basis_77"
		tm:m = [[0.55429, 0.0, 0.832324] [0.0, 1.0, 0.0] [-0.832324, 0.0, 0.55429] [3040.2, 279.756, -2361.35]]
		unit_class:t = "dyn_foundation_7m"
		objLayer:i = 1
		props {
			army:i = 1
			active:b = true
		}
	}
	objectGroups {
		name:t = "t1_cover_spaa_basis_78"
		tm:m = [[0.55429, 0.0, 0.832324] [0.0, 1.0, 0.0] [-0.832324, 0.0, 0.55429] [2572.9, 253.725, -3465.35]]
		unit_class:t = "dyn_foundation_7m"
		objLayer:i = 1
		props {
			army:i = 1
			active:b = true
		}
	}
	objectGroups {
		name:t = "t1_cover_spaa_basis_79"
		tm:m = [[0.55429, 0.0, 0.832324] [0.0, 1.0, 0.0] [-0.832324, 0.0, 0.55429] [1894.51, 265.06, -3528.79]]
		unit_class:t = "dyn_foundation_7m"
		objLayer:i = 1
		props {
			army:i = 1
			active:b = true
		}
	}
	objectGroups {
		name:t = "t1_cover_spaa_basis_80"
		tm:m = [[0.55429, 0.0, 0.832324] [0.0, 1.0, 0.0] [-0.832324, 0.0, 0.55429] [2460.44, 260.33, -3167.38]]
		unit_class:t = "dyn_foundation_7m"
		objLayer:i = 1
		props {
			army:i = 1
			active:b = true
		}
	}
	objectGroups {
		name:t = "t1_cover_spaa_basis_81"
		tm:m = [[-0.0616851, 0.0, 0.998096] [0.0, 1.0, 0.0] [-0.998096, 0.0, -0.0616851] [8883.48, 248.656, -4446.83]]
		unit_class:t = "dyn_foundation_7m"
		objLayer:i = 1
		props {
			army:i = 1
			active:b = true
		}
	}
	objectGroups {
		name:t = "t1_cover_spaa_basis_82"
		tm:m = [[-0.0616851, 0.0, 0.998096] [0.0, 1.0, 0.0] [-0.998096, 0.0, -0.0616851] [8543.66, 249.218, -5093.16]]
		unit_class:t = "dyn_foundation_7m"
		objLayer:i = 1
		props {
			army:i = 1
			active:b = true
		}
	}
	objectGroups {
		name:t = "t1_cover_spaa_basis_83"
		tm:m = [[-0.0616851, 0.0, 0.998096] [0.0, 1.0, 0.0] [-0.998096, 0.0, -0.0616851] [9508.91, 242.045, -5109.07]]
		unit_class:t = "dyn_foundation_7m"
		objLayer:i = 1
		props {
			army:i = 1
			active:b = true
		}
	}
	objectGroups {
		name:t = "t1_cover_spaa_basis_84"
		tm:m = [[-0.0616851, 0.0, 0.998096] [0.0, 1.0, 0.0] [-0.998096, 0.0, -0.0616851] [10555.4, 342.988, -2680.23]]
		unit_class:t = "dyn_foundation_7m"
		objLayer:i = 1
		props {
			army:i = 1
			active:b = true
		}
	}
	objectGroups {
		name:t = "t1_cover_spaa_basis_85"
		tm:m = [[-0.0616851, 0.0, 0.998096] [0.0, 1.0, 0.0] [-0.998096, 0.0, -0.0616851] [10669.4, 338.528, -3072.02]]
		unit_class:t = "dyn_foundation_7m"
		objLayer:i = 1
		props {
			army:i = 1
			active:b = true
		}
	}
	objectGroups {
		name:t = "t1_cover_spaa_basis_86"
		tm:m = [[-0.0616851, 0.0, 0.998096] [0.0, 1.0, 0.0] [-0.998096, 0.0, -0.0616851] [11636.0, 228.853, -2551.08]]
		unit_class:t = "dyn_foundation_7m"
		objLayer:i = 1
		props {
			army:i = 1
			active:b = true
		}
	}
	objectGroups {
		name:t = "t1_cover_spaa_basis_87"
		tm:m = [[-0.0616851, 0.0, 0.998096] [0.0, 1.0, 0.0] [-0.998096, 0.0, -0.0616851] [12797.2, 228.611, -2761.39]]
		unit_class:t = "dyn_foundation_7m"
		objLayer:i = 1
		props {
			army:i = 1
			active:b = true
		}
	}
	objectGroups {
		name:t = "t1_cover_spaa_basis_88"
		tm:m = [[-0.0616851, 0.0, 0.998096] [0.0, 1.0, 0.0] [-0.998096, 0.0, -0.0616851] [13603.7, 230.812, -2976.3]]
		unit_class:t = "dyn_foundation_7m"
		objLayer:i = 1
		props {
			army:i = 1
			active:b = true
		}
	}
	objectGroups {
		name:t = "t1_cover_spaa_basis_89"
		tm:m = [[-0.0616851, 0.0, 0.998096] [0.0, 1.0, 0.0] [-0.998096, 0.0, -0.0616851] [14238.0, 149.304, -4674.85]]
		unit_class:t = "dyn_foundation_7m"
		objLayer:i = 1
		props {
			army:i = 1
			active:b = true
		}
	}
	objectGroups {
		name:t = "t1_cover_spaa_basis_90"
		tm:m = [[-0.0616851, 0.0, 0.998096] [0.0, 1.0, 0.0] [-0.998096, 0.0, -0.0616851] [15009.5, 200.128, -5081.8]]
		unit_class:t = "dyn_foundation_7m"
		objLayer:i = 1
		props {
			army:i = 1
			active:b = true
		}
	}
	objectGroups {
		name:t = "t1_cover_spaa_basis_91"
		tm:m = [[-0.0616851, 0.0, 0.998096] [0.0, 1.0, 0.0] [-0.998096, 0.0, -0.0616851] [14699.2, 198.391, -7083.55]]
		unit_class:t = "dyn_foundation_7m"
		objLayer:i = 1
		props {
			army:i = 1
			active:b = true
		}
	}
	objectGroups {
		name:t = "t1_cover_spaa_basis_92"
		tm:m = [[-0.0616851, 0.0, 0.998096] [0.0, 1.0, 0.0] [-0.998096, 0.0, -0.0616851] [14419.6, 221.348, -7571.4]]
		unit_class:t = "dyn_foundation_7m"
		objLayer:i = 1
		props {
			army:i = 1
			active:b = true
		}
	}
	objectGroups {
		name:t = "t1_cover_spaa_basis_93"
		tm:m = [[-0.0616851, 0.0, 0.998096] [0.0, 1.0, 0.0] [-0.998096, 0.0, -0.0616851] [13806.8, 244.163, -8422.1]]
		unit_class:t = "dyn_foundation_7m"
		objLayer:i = 1
		props {
			army:i = 1
			active:b = true
		}
	}
	objectGroups {
		name:t = "t1_cover_spaa_basis_94"
		tm:m = [[-0.0616851, 0.0, 0.998096] [0.0, 1.0, 0.0] [-0.998096, 0.0, -0.0616851] [13613.8, 246.421, -8995.35]]
		unit_class:t = "dyn_foundation_7m"
		objLayer:i = 1
		props {
			army:i = 1
			active:b = true
		}
	}
	objectGroups {
		name:t = "t1_cover_spaa_basis_95"
		tm:m = [[-0.0616851, 0.0, 0.998096] [0.0, 1.0, 0.0] [-0.998096, 0.0, -0.0616851] [13727.8, 151.975, -6572.4]]
		unit_class:t = "dyn_foundation_7m"
		objLayer:i = 1
		props {
			army:i = 1
			active:b = true
		}
	}
	objectGroups {
		name:t = "t1_cover_spaa_basis_96"
		tm:m = [[-0.0616851, 0.0, 0.998096] [0.0, 1.0, 0.0] [-0.998096, 0.0, -0.0616851] [10105.8, 243.26, -7964.95]]
		unit_class:t = "dyn_foundation_7m"
		objLayer:i = 1
		props {
			army:i = 1
			active:b = true
		}
	}
	objectGroups {
		name:t = "t1_cover_spaa_basis_97"
		tm:m = [[-0.0616851, 0.0, 0.998096] [0.0, 1.0, 0.0] [-0.998096, 0.0, -0.0616851] [9918.2, 243.166, -8666.25]]
		unit_class:t = "dyn_foundation_7m"
		objLayer:i = 1
		props {
			army:i = 1
			active:b = true
		}
	}
	objectGroups {
		name:t = "t1_cover_spaa_basis_98"
		tm:m = [[-0.0616851, 0.0, 0.998096] [0.0, 1.0, 0.0] [-0.998096, 0.0, -0.0616851] [8796.89, 242.89, -7959.04]]
		unit_class:t = "dyn_foundation_7m"
		objLayer:i = 1
		props {
			army:i = 1
			active:b = true
		}
	}
	objectGroups {
		name:t = "t1_cover_spaa_basis_99"
		tm:m = [[-0.0616851, 0.0, 0.998096] [0.0, 1.0, 0.0] [-0.998096, 0.0, -0.0616851] [11196.5, 244.308, -9190.45]]
		unit_class:t = "dyn_foundation_7m"
		objLayer:i = 1
		props {
			army:i = 1
			active:b = true
		}
	}
	objectGroups {
		name:t = "t1_cover_spaa_basis_100"
		tm:m = [[-0.0616851, 0.0, 0.998096] [0.0, 1.0, 0.0] [-0.998096, 0.0, -0.0616851] [8973.9, 236.811, -5897.8]]
		unit_class:t = "dyn_foundation_7m"
		objLayer:i = 1
		props {
			army:i = 1
			active:b = true
		}
	}
	objectGroups {
		name:t = "t1_target_objectgroup_05"
		tm:m = [[-0.999975, 0.0, 0.0069966] [0.0, 1.0, 0.0] [-0.0069966, 0.0, -0.999975] [11853.8, 314.617, -5903.46]]
		unit_class:t = "dyn_bomb_target_oil_refinery_sand_1000_1000"
		objLayer:i = 1
		props {
			army:i = 1
			active:b = true
		}
	}
	objectGroups {
		name:t = "t1_target_objectgroup_06"
		tm:m = [[-0.214855, 0.0, -0.976646] [0.0, 1.0, 0.0] [0.976646, 0.0, -0.214855] [20252.1, 429.059, -6319.74]]
		unit_class:t = "dyn_bomb_target_oil_refinery_sand_1000_1000"
		objLayer:i = 1
		props {
			army:i = 1
			active:b = true
		}
	}
	objectGroups {
		name:t = "t1_cover_spaa_basis_101"
		tm:m = [[-0.989094, 0.0, 0.147285] [0.0, 1.0, 0.0] [-0.147285, 0.0, -0.989094] [21151.4, 382.096, -8832.54]]
		unit_class:t = "dyn_foundation_7m"
		objLayer:i = 1
		props {
			army:i = 1
			active:b = true
		}
	}
	objectGroups {
		name:t = "t1_cover_spaa_basis_102"
		tm:m = [[-0.989094, 0.0, 0.147285] [0.0, 1.0, 0.0] [-0.147285, 0.0, -0.989094] [22949.2, 348.546, -7558.48]]
		unit_class:t = "dyn_foundation_7m"
