selected_tag:t = ""
bin_dump_file:t = ""
mission_settings {
	player {
		army:i = 1
		wing:t = ""
	}
	player_teamB {
		army:i = 2
	}
	mission {
		type:t = "singleMission"
		level:t = "levels/water.bin"
		environment:t = "Day"
		weather:t = "hazy"
		restoreType:t = "attempts"
		optionalTakeOff:b = false
	}
	atmosphere {
		pressure:r = 761
		temperature:r = 18
	}
	spectator_points {

	}
}
imports {
	import_record {
		file:t = "gameData/missions/templates/enduring_confrontation/bt_bombers_template.blk"
		importAreas:b = true
		importUnits:b = true
		importTriggers:b = true
		importMissionObjectives:b = true
		importWayPoints:b = true
		showAreas:b = true
		showUnits:b = true
		showTriggers:b = true
		showMissionObjectives:b = true
		showWayPoints:b = true
		excludes {

		}
	}
	import_record {
		file:t = "gameData/missions/templates/units_sets/heli_plane_sets_bombers/bt_t1_usa_rank_04.blk"
		rankRange:ip2 = 0, 50
		importAreas:b = true
		importUnits:b = true
		importTriggers:b = true
		importMissionObjectives:b = true
		importWayPoints:b = true
		showAreas:b = true
		showUnits:b = true
		showTriggers:b = true
		showMissionObjectives:b = true
		showWayPoints:b = true
		excludes {

		}
	}
	import_record {
		file:t = "gameData/missions/templates/units_sets/heli_plane_sets_bombers/bt_t2_usa_rank_04.blk"
		rankRange:ip2 = 0, 50
		importAreas:b = true
		importUnits:b = true
		importTriggers:b = true
		importMissionObjectives:b = true
		importWayPoints:b = true
		showAreas:b = true
		showUnits:b = true
		showTriggers:b = true
		showMissionObjectives:b = true
		showWayPoints:b = true
		excludes {

		}
	}
}
triggers {
	isCategory:b = true
	is_enabled:b = true
	bt_startup {
		is_enabled:b = true
		comments:t = ""
		props {
			actionsType:t = "PERFORM_ONE_BY_ONE"
			conditionsType:t = "ALL"
			enableAfterComplete:b = false
		}
		events {
			periodicEvent {
				time:r = 1
			}
		}
		conditions {

		}
		actions {
			comment {
				value:t = "setting pve mode on"
			}
			varSetBool {
				value:b = true
				var:t = "bt_bombers_pve_mode"
			}
			comment {
				value:t = "disabling army swapping"
			}
			varSetBool {
				value:b = false
				var:t = "bt_is_army_swapping"
			}
		}
		else_actions {

		}
	}
}
mission_objectives {
	isCategory:b = true
	is_enabled:b = true
}
variables {

}
dialogs {

}
airfields {

}
effects {

}
units {

}
areas {
	bt_t2_bombers_spawn_01 {
		type:t = "Point"
		tm:m = [[-0.94719, 0.0, -0.320672] [0.0, 1.0, 0.0] [0.320672, 0.0, -0.94719] [8853.91, 1250.0, 21588.5]]
		objLayer:i = 0
		props {

		}
	}
	bt_t2_bombers_spawn_02 {
		type:t = "Point"
		tm:m = [[-0.945215, 0.0, 0.326448] [0.0, 1.0, 0.0] [-0.326448, 0.0, -0.945215] [8853.91, 1250.0, 17318.5]]
		objLayer:i = 0
		props {

		}
	}
	bt_t2_bombers_spawn_03 {
		type:t = "Point"
		tm:m = [[-0.918931, 0.0, 0.394418] [0.0, 1.0, 0.0] [-0.394418, 0.0, -0.918931] [8853.91, 1250.0, 7318.5]]
		objLayer:i = 0
		props {

		}
	}
	bt_t1_bombers_spawn_01 {
		type:t = "Point"
		tm:m = [[0.970636, 0.0, 0.240551] [0.0, 1.0, 0.0] [-0.240551, 0.0, 0.970636] [-11146.1, 1250.0, 21588.5]]
		objLayer:i = 0
		props {

		}
	}
	bt_t1_bombers_spawn_02 {
		type:t = "Point"
		tm:m = [[0.999414, 0.0, -0.0342156] [0.0, 1.0, 0.0] [0.0342156, 0.0, 0.999414] [-11146.1, 1250.0, 17318.5]]
		objLayer:i = 0
		props {

		}
	}
	bt_t1_bombers_spawn_03 {
		type:t = "Point"
		tm:m = [[0.985473, 0.0, 0.16983] [0.0, 1.0, 0.0] [-0.16983, 0.0, 0.985473] [-11146.1, 1250.0, 7318.5]]
		objLayer:i = 0
		props {

		}
	}
	bt_t2_bombers_spawn_04 {
		type:t = "Point"
		tm:m = [[-0.918931, 0.0, 0.394418] [0.0, 1.0, 0.0] [-0.394418, 0.0, -0.918931] [8853.91, 1250.0, 3588.46]]
		objLayer:i = 0
		props {

		}
	}
	bt_t1_bombers_spawn_04 {
		type:t = "Point"
		tm:m = [[0.985473, 0.0, 0.16983] [0.0, 1.0, 0.0] [-0.16983, 0.0, 0.985473] [-11146.1, 1250.0, 3588.46]]
		objLayer:i = 0
		props {

		}
	}
	bt_t1_retreat_point {
		type:t = "Point"
		tm:m = [[0.985473, 0.0, 0.16983] [0.0, 1.0, 0.0] [-0.16983, 0.0, 0.985473] [-15146.1, 950.0, 12318.5]]
		objLayer:i = 0
		props {

		}
	}
	bt_t2_retreat_point {
		type:t = "Point"
		tm:m = [[0.985473, 0.0, 0.16983] [0.0, 1.0, 0.0] [-0.16983, 0.0, 0.985473] [12853.9, 950.0, 12318.5]]
		objLayer:i = 0
		props {

		}
	}
	bt_battle_area {
		type:t = "Box"
		tm:m = [[0.000274658, 0.0, 28672.0] [0.0, 1200.0, 0.0] [-28672.0, 0.0, 0.000274658] [-1146.09, 10.3, 12318.5]]
		objLayer:i = 3
		props {

		}
	}
}
objLayers {
	layer {
		enabled:b = true
	}
	layer {
		enabled:b = true
	}
	layer {
		enabled:b = true
	}
	layer {
		enabled:b = true
	}
}
wayPoints {

}