selected_tag:t = ""
bin_dump_file:t = ""
mission_settings {
	player {
		army:i = 1
		wing:t = ""
	}
	player_teamB {
		army:i = 2
		wing:t = ""
	}
	mission {
		level:t = "levels/berlin.bin"
		type:t = "domination"
		environment:t = "Day"
		weather:t = "hazy"
		deathPenaltyMulRounds:r = 0
		stars {
			latitude:r = 52.5
			longitude:r = 13
			year:i = 1945
			month:i = 4
			day:i = 2
		}
	}
	spectator_points {

	}
}
imports {
	import_record {
		file:t = "gameData/missions/templates/air_templates/gs/assaults_gs_template.blk"
		importAreas:b = true
		importUnits:b = true
		importTriggers:b = true
		importMissionObjectives:b = true
		importWayPoints:b = true
		showAreas:b = true
		showUnits:b = true
		showTriggers:b = true
		showMissionObjectives:b = true
		showWayPoints:b = true
		excludes {

		}
	}
}
triggers {
	isCategory:b = true
	is_enabled:b = true
}
mission_objectives {
	isCategory:b = true
	is_enabled:b = true
}
variables {
	ai_assaults_saved:i = 0
	ft_helicopters_pad_exclusive:b = false
}
dialogs {

}
airfields {

}
effects {

}
units {

}
areas {
	at_area {
		type:t = "Sphere"
		tm:m = [[-9404.57, 0.0, -12944.3] [0.0, 16000.0, 0.0] [12944.3, 0.0, -9404.57] [-8894.0, 1000.0, -2818.0]]
		objLayer:i = 0
		props {

		}
	}
	at_t2_spawn_01_01 {
		type:t = "Point"
		tm:m = [[0.795472, 0.0, -0.605993] [0.0, 1.0, 0.0] [0.605993, 0.0, 0.795472] [-16363.6, 1000.0, 37.2725]]
		objLayer:i = 0
		props {

		}
	}
	at_t1_spawn_01_01 {
		type:t = "Point"
		tm:m = [[-0.795472, 0.0, 0.605993] [0.0, 1.0, 0.0] [-0.605993, 0.0, -0.795472] [-3861.9, 999.99, -9050.15]]
		objLayer:i = 0
		props {

		}
	}
	at_t2_spawn_01_02 {
		type:t = "Point"
		tm:m = [[0.795472, 0.0, -0.605993] [0.0, 1.0, 0.0] [0.605993, 0.0, 0.795472] [-13930.8, 1000.0, 3396.39]]
		objLayer:i = 0
		props {

		}
	}
	at_t1_spawn_01_02 {
		type:t = "Point"
		tm:m = [[-0.795472, 0.0, 0.605993] [0.0, 1.0, 0.0] [-0.605993, 0.0, -0.795472] [-1425.38, 999.991, -5685.0]]
		objLayer:i = 0
		props {

		}
	}
	at_t2_spawn_02_01 {
		type:t = "Point"
		tm:m = [[0.795472, 0.0, -0.605993] [0.0, 1.0, 0.0] [0.605993, 0.0, 0.795472] [-16836.5, 1000.0, -1976.14]]
		objLayer:i = 0
		props {

		}
	}
	at_t2_spawn_02_02 {
		type:t = "Point"
		tm:m = [[0.795472, 0.0, -0.605993] [0.0, 1.0, 0.0] [0.605993, 0.0, 0.795472] [-12150.5, 1000.0, 4495.14]]
		objLayer:i = 0
		props {

		}
	}
	at_t1_spawn_02_01 {
		type:t = "Point"
		tm:m = [[-0.795472, 0.0, 0.605993] [0.0, 1.0, 0.0] [-0.605993, 0.0, -0.795472] [-5480.0, 999.991, -10155.6]]
		objLayer:i = 0
		props {

		}
	}
	at_t1_spawn_02_02 {
		type:t = "Point"
		tm:m = [[-0.795472, 0.0, 0.605993] [0.0, 1.0, 0.0] [-0.605993, 0.0, -0.795472] [-916.105, 999.988, -3642.02]]
		objLayer:i = 0
		props {

		}
	}
}
objLayers {

}
wayPoints {

}