selected_tag:t = ""
bin_dump_file:t = ""
mission_settings {
	player {
		army:i = 1
	}
	player_teamB {
		army:i = 2
	}
	mission {
		level:t = "levels/air_smolensk.bin"
		type:t = "domination"
		environment:t = "Day"
		weather:t = "hazy"
		restoreType:t = "attempts"
		optionalTakeOff:b = false
	}
}
imports {
	import_record {
		file:t = "gameData/missions/templates/enduring_confrontation/bdt_bases_destroy_template.blk"
		importAreas:b = true
		importUnits:b = true
		importTriggers:b = true
		importMissionObjectives:b = true
		importWayPoints:b = true
		showAreas:b = true
		showUnits:b = true
		showTriggers:b = true
		showMissionObjectives:b = true
		showWayPoints:b = true
		excludes {

		}
	}
	import_record {
		file:t = "gameData/missions/templates/units_sets/land_sets_aaa_bases/bdt_t1_ussr_rank_01.blk"
		rankRange:ip2 = 0, 4
		importAreas:b = true
		importUnits:b = true
		importTriggers:b = true
		importMissionObjectives:b = true
		importWayPoints:b = true
		showAreas:b = true
		showUnits:b = true
		showTriggers:b = true
		showMissionObjectives:b = true
		showWayPoints:b = true
		excludes {

		}
	}
	import_record {
		file:t = "gameData/missions/templates/units_sets/land_sets_aaa_bases/bdt_t1_ussr_rank_02.blk"
		rankRange:ip2 = 5, 8
		importAreas:b = true
		importUnits:b = true
		importTriggers:b = true
		importMissionObjectives:b = true
		importWayPoints:b = true
		showAreas:b = true
		showUnits:b = true
		showTriggers:b = true
		showMissionObjectives:b = true
		showWayPoints:b = true
		excludes {

		}
	}
	import_record {
		file:t = "gameData/missions/templates/units_sets/land_sets_aaa_bases/bdt_t1_ussr_rank_03.blk"
		rankRange:ip2 = 9, 13
		importAreas:b = true
		importUnits:b = true
		importTriggers:b = true
		importMissionObjectives:b = true
		importWayPoints:b = true
		showAreas:b = true
		showUnits:b = true
		showTriggers:b = true
		showMissionObjectives:b = true
		showWayPoints:b = true
		excludes {

		}
	}
	import_record {
		file:t = "gameData/missions/templates/units_sets/land_sets_aaa_bases/bdt_t1_ussr_rank_04.blk"
		rankRange:ip2 = 14, 19
		importAreas:b = true
		importUnits:b = true
		importTriggers:b = true
		importMissionObjectives:b = true
		importWayPoints:b = true
		showAreas:b = true
		showUnits:b = true
		showTriggers:b = true
		showMissionObjectives:b = true
		showWayPoints:b = true
		excludes {

		}
	}
	import_record {
		file:t = "gameData/missions/templates/units_sets/land_sets_aaa_bases/bdt_t1_ussr_rank_05.blk"
		rankRange:ip2 = 20, 24
		importAreas:b = true
		importUnits:b = true
		importTriggers:b = true
		importMissionObjectives:b = true
		importWayPoints:b = true
		showAreas:b = true
		showUnits:b = true
		showTriggers:b = true
		showMissionObjectives:b = true
		showWayPoints:b = true
		excludes {

		}
	}
	import_record {
		file:t = "gameData/missions/templates/units_sets/land_sets_aaa_bases/bdt_t1_ussr_rank_06.blk"
		rankRange:ip2 = 25, 50
		importAreas:b = true
		importUnits:b = true
		importTriggers:b = true
		importMissionObjectives:b = true
		importWayPoints:b = true
		showAreas:b = true
		showUnits:b = true
		showTriggers:b = true
		showMissionObjectives:b = true
		showWayPoints:b = true
		excludes {

		}
	}
	import_record {
		file:t = "gameData/missions/templates/units_sets/land_sets_aaa_bases/bdt_t2_germ_rank_01.blk"
		rankRange:ip2 = 0, 4
		importAreas:b = true
		importUnits:b = true
		importTriggers:b = true
		importMissionObjectives:b = true
		importWayPoints:b = true
		showAreas:b = true
		showUnits:b = true
		showTriggers:b = true
		showMissionObjectives:b = true
		showWayPoints:b = true
		excludes {

		}
	}
	import_record {
		file:t = "gameData/missions/templates/units_sets/land_sets_aaa_bases/bdt_t2_germ_rank_02.blk"
		rankRange:ip2 = 5, 8
		importAreas:b = true
		importUnits:b = true
		importTriggers:b = true
		importMissionObjectives:b = true
		importWayPoints:b = true
		showAreas:b = true
		showUnits:b = true
		showTriggers:b = true
		showMissionObjectives:b = true
		showWayPoints:b = true
		excludes {

		}
	}
	import_record {
		file:t = "gameData/missions/templates/units_sets/land_sets_aaa_bases/bdt_t2_germ_rank_03.blk"
		rankRange:ip2 = 9, 13
		importAreas:b = true
		importUnits:b = true
		importTriggers:b = true
		importMissionObjectives:b = true
		importWayPoints:b = true
		showAreas:b = true
		showUnits:b = true
		showTriggers:b = true
		showMissionObjectives:b = true
		showWayPoints:b = true
		excludes {

		}
	}
	import_record {
		file:t = "gameData/missions/templates/units_sets/land_sets_aaa_bases/bdt_t2_germ_rank_04.blk"
		rankRange:ip2 = 14, 19
		importAreas:b = true
		importUnits:b = true
		importTriggers:b = true
		importMissionObjectives:b = true
		importWayPoints:b = true
		showAreas:b = true
		showUnits:b = true
		showTriggers:b = true
		showMissionObjectives:b = true
		showWayPoints:b = true
		excludes {

		}
	}
	import_record {
		file:t = "gameData/missions/templates/units_sets/land_sets_aaa_bases/bdt_t2_germ_rank_05.blk"
		rankRange:ip2 = 20, 24
		importAreas:b = true
		importUnits:b = true
		importTriggers:b = true
		importMissionObjectives:b = true
		importWayPoints:b = true
		showAreas:b = true
		showUnits:b = true
		showTriggers:b = true
		showMissionObjectives:b = true
		showWayPoints:b = true
		excludes {

		}
	}
	import_record {
		file:t = "gameData/missions/templates/units_sets/land_sets_aaa_bases/bdt_t2_germ_rank_06.blk"
		rankRange:ip2 = 25, 50
		importAreas:b = true
		importUnits:b = true
		importTriggers:b = true
		importMissionObjectives:b = true
		importWayPoints:b = true
		showAreas:b = true
		showUnits:b = true
		showTriggers:b = true
		showMissionObjectives:b = true
		showWayPoints:b = true
		excludes {

		}
	}
}
triggers {
	isCategory:b = true
	is_enabled:b = true
	bdt_part_init {
		is_enabled:b = true
		comments:t = ""
		props {
			actionsType:t = "PERFORM_ONE_BY_ONE"
			conditionsType:t = "ALL"
			enableAfterComplete:b = false
		}
		events {
			initMission {

			}
		}
		conditions {

		}
		actions {
			comment {
				value:t = "set max bases amount +1"
			}
			varSetInt {
				value:i = 9
				var:t = "bdt_t1_total_bases_max_count"
			}
			varSetInt {
				value:i = 9
				var:t = "bdt_t2_total_bases_max_count"
			}
			comment {
				value:t = "enable self restarting for template"
			}
			varSetBool {
				value:b = true
				var:t = "bdt_self_restart"
			}
			comment {
				value:t = "increase one-moment bases amount"
			}
			varSetInt {
				value:i = 4
				var:t = "bdt_t1_active_bases_max_count"
				var:t = "bdt_t2_active_bases_max_count"
			}
			comment {
				value:t = ""
			}
			varSetInt {
				value:i = 1
				var:t = "bdt_delay_timer"
			}
			comment {
				value:t = ""
			}
			varSetString {
				value:t = "bfd"
				var:t = "bdt_game_mode"
			}
			comment {
				value:t = ""
			}
			varSetBool {
				value:b = true
				var:t = "bMirrorSpawn"
			}
			comment {
				value:t = ""
			}
			varSetReal {
				value:r = 2000
				var:t = "bdt_t1_min_zone_distance"
				var:t = "bdt_t2_min_zone_distance"
			}
		}
		else_actions {

		}
	}
}
mission_objectives {
	isCategory:b = true
	is_enabled:b = true
}
variables {

}
dialogs {

}
airfields {

}
effects {

}
units {
	objectGroups {
		name:t = "bdt_t2_bomb_object_01"
		tm:m = [[0.540551, 0.0, -0.841309] [0.0, 1.0, 0.0] [0.841309, 0.0, 0.540551] [-9771.59, 217.548, 10751.2]]
		unit_class:t = "dynBase_hq_camp_square"
		objLayer:i = 2
		props {
			army:i = 2
			active:b = false
		}
	}
	objectGroups {
		name:t = "bdt_t2_bomb_object_02"
		tm:m = [[-0.0594979, 0.0, -0.99823] [0.0, 1.0, 0.0] [0.99823, 0.0, -0.0594979] [-11669.7, 232.98, 1864.81]]
		unit_class:t = "dynBase_fuel_storage_square"
		objLayer:i = 2
		props {
			army:i = 2
			active:b = false
		}
	}
	objectGroups {
		name:t = "bdt_t2_bomb_object_03"
		tm:m = [[0.979615, 0.0, 0.200891] [0.0, 1.0, 0.0] [-0.200891, 0.0, 0.979615] [-11669.3, 182.248, -675.437]]
		unit_class:t = "dynBase_oil_storage_small_square"
		objLayer:i = 2
		props {
			army:i = 2
			active:b = false
		}
	}
	objectGroups {
		name:t = "bdt_t1_bomb_object_01"
		tm:m = [[0.849666, 0.0, -0.527319] [0.0, 1.0, 0.0] [0.527319, 0.0, 0.849666] [4967.52, 402.682, 6654.55]]
		unit_class:t = "dynBase_fuel_storage_square"
		objLayer:i = 2
		props {
			army:i = 1
			active:b = false
		}
	}
	objectGroups {
		name:t = "bdt_t1_bomb_object_02"
		tm:m = [[0.982691, 0.0, 0.185246] [0.0, 1.0, 0.0] [-0.185246, 0.0, 0.982691] [4020.04, 592.875, 3330.77]]
		unit_class:t = "dynBase_small_factory_square"
		objLayer:i = 2
		props {
			army:i = 1
			active:b = false
		}
	}
	objectGroups {
		name:t = "bdt_t1_bomb_object_03"
		tm:m = [[0.957952, 0.0, 0.286929] [0.0, 1.0, 0.0] [-0.286929, 0.0, 0.957952] [-1199.66, 371.054, -1902.95]]
		unit_class:t = "dynBase_oil_storage_small_square"
		objLayer:i = 2
		props {
			army:i = 1
			active:b = false
		}
	}
	objectGroups {
		name:t = "bdt_t2_bomb_object_04"
		tm:m = [[0.92535, 0.0, -0.379111] [0.0, 1.0, 0.0] [0.379111, 0.0, 0.92535] [-6904.78, 565.488, 11634.4]]
		unit_class:t = "dynBase_small_factory_square"
		objLayer:i = 2
		props {
			army:i = 2
			active:b = false
		}
	}
	objectGroups {
		name:t = "bdt_t1_bomb_object_04"
		tm:m = [[0.997786, 0.0, -0.0665043] [0.0, 1.0, 0.0] [0.0665043, 0.0, 0.997786] [-4831.88, 254.761, -3017.62]]
		unit_class:t = "dynBase_field_camp_square"
		objLayer:i = 2
		props {
			army:i = 1
			active:b = false
		}
	}
	objectGroups {
		name:t = "bdt_t1_bomb_object_05"
		tm:m = [[0.997786, 0.0, -0.0665043] [0.0, 1.0, 0.0] [0.0665043, 0.0, 0.997786] [-3844.49, 41.2621, -4845.43]]
		unit_class:t = "dynBase_military_base_square"
		objLayer:i = 2
		props {
			army:i = 1
			active:b = false
		}
	}
	objectGroups {
		name:t = "bdt_t1_bomb_object_06"
		tm:m = [[0.997786, 0.0, -0.0665043] [0.0, 1.0, 0.0] [0.0665043, 0.0, 0.997786] [-857.769, 226.787, -3459.99]]
		unit_class:t = "dynBase_oil_storage_large_square"
		objLayer:i = 2
		props {
			army:i = 1
			active:b = false
		}
	}
	objectGroups {
		name:t = "bdt_t1_bomb_object_07"
		tm:m = [[0.997786, 0.0, -0.0665043] [0.0, 1.0, 0.0] [0.0665043, 0.0, 0.997786] [687.633, 74.8875, -2169.28]]
		unit_class:t = "dynBase_oil_storage_large_square"
		objLayer:i = 2
		props {
			army:i = 1
			active:b = false
		}
	}
	objectGroups {
		name:t = "bdt_t1_bomb_object_08"
		tm:m = [[0.849666, 0.0, -0.527319] [0.0, 1.0, 0.0] [0.527319, 0.0, 0.849666] [3802.23, 517.186, 7904.8]]
		unit_class:t = "dynBase_small_factory_square"
		objLayer:i = 2
		props {
			army:i = 1
			active:b = false
		}
	}
	objectGroups {
		name:t = "bdt_t1_bomb_object_09"
		tm:m = [[0.849666, 0.0, -0.527319] [0.0, 1.0, 0.0] [0.527319, 0.0, 0.849666] [4308.09, 687.57, 5192.2]]
		unit_class:t = "dynBase_hq_camp_square"
		objLayer:i = 2
		props {
			army:i = 1
			active:b = false
		}
	}
	objectGroups {
		name:t = "bdt_t1_bomb_object_10"
		tm:m = [[0.849666, 0.0, -0.527319] [0.0, 1.0, 0.0] [0.527319, 0.0, 0.849666] [5224.81, 518.331, 3105.78]]
		unit_class:t = "dynBase_petrol_camp_square"
		objLayer:i = 2
		props {
			army:i = 1
			active:b = false
		}
	}
	objectGroups {
		name:t = "bdt_t2_bomb_object_05"
		tm:m = [[0.92535, 0.0, -0.379111] [0.0, 1.0, 0.0] [0.379111, 0.0, 0.92535] [-5767.74, 615.934, 14492.5]]
		unit_class:t = "dynBase_petrol_camp_square"
		objLayer:i = 2
		props {
			army:i = 2
			active:b = false
		}
	}
	objectGroups {
		name:t = "bdt_t2_bomb_object_06"
		tm:m = [[0.99504, 0.0, 0.099476] [0.0, 1.0, 0.0] [-0.099476, 0.0, 0.99504] [-8742.43, 272.386, 13112.7]]
		unit_class:t = "dynBase_military_base_square"
		objLayer:i = 2
		props {
			army:i = 2
			active:b = false
		}
	}
	objectGroups {
		name:t = "bdt_t2_bomb_object_07"
		tm:m = [[0.92535, 0.0, -0.379111] [0.0, 1.0, 0.0] [0.379111, 0.0, 0.92535] [-10998.0, 258.052, 12376.9]]
		unit_class:t = "dynBase_fuel_storage_square"
		objLayer:i = 2
		props {
			army:i = 2
			active:b = false
		}
	}
	objectGroups {
		name:t = "bdt_t2_bomb_object_08"
		tm:m = [[0.979615, 0.0, 0.200891] [0.0, 1.0, 0.0] [-0.200891, 0.0, 0.979615] [-11966.7, 55.4153, -2937.26]]
		unit_class:t = "dynBase_ammunition_storage_square"
		objLayer:i = 2
		props {
			army:i = 2
			active:b = false
		}
	}
	objectGroups {
		name:t = "bdt_t2_bomb_object_09"
		tm:m = [[0.979615, 0.0, 0.200891] [0.0, 1.0, 0.0] [-0.200891, 0.0, 0.979615] [-13395.1, 402.896, 1146.38]]
		unit_class:t = "dynBase_field_camp_square"
		objLayer:i = 2
		props {
			army:i = 2
			active:b = false
		}
	}
	objectGroups {
		name:t = "bdt_t2_bomb_object_10"
		tm:m = [[0.979615, 0.0, 0.200891] [0.0, 1.0, 0.0] [-0.200891, 0.0, 0.979615] [-12893.4, 386.701, 2850.4]]
		unit_class:t = "dynBase_oil_storage_small_square"
		objLayer:i = 2
		props {
			army:i = 2
			active:b = false
		}
	}
}
areas {
	bdt_t2_bomb_zone_01 {
		type:t = "Sphere"
		tm:m = [[243.249, 0.0, -378.59] [0.0, 450.0, 0.0] [378.59, 0.0, 243.249] [-9778.52, 204.895, 10749.6]]
		objLayer:i = 0
		props {

		}
	}
	bdt_t2_bomb_zone_02 {
		type:t = "Sphere"
		tm:m = [[283.738, 0.0, -349.276] [0.0, 450.0, 0.0] [349.276, 0.0, 283.738] [-11648.7, 238.224, 1869.75]]
		objLayer:i = 0
		props {

		}
	}
	bdt_t2_bomb_zone_03 {
		type:t = "Sphere"
		tm:m = [[440.827, 0.0, 90.3999] [0.0, 450.0, 0.0] [-90.3999, 0.0, 440.827] [-11676.1, 182.548, -668.377]]
		objLayer:i = 0
		props {

		}
	}
	bdt_t1_bomb_zone_01 {
		type:t = "Sphere"
		tm:m = [[382.35, 0.0, -237.294] [0.0, 450.0, 0.0] [237.294, 0.0, 382.35] [4979.59, 397.986, 6650.68]]
		objLayer:i = 0
		props {

		}
	}
	bdt_t1_bomb_zone_02 {
		type:t = "Sphere"
		tm:m = [[449.772, 0.0, -14.327] [0.0, 450.0, 0.0] [14.327, 0.0, 449.772] [4024.44, 591.775, 3332.7]]
		objLayer:i = 0
		props {

		}
	}
	bdt_t1_bomb_zone_03 {
		type:t = "Sphere"
		tm:m = [[447.781, 0.0, -44.6322] [0.0, 450.0, 0.0] [44.6322, 0.0, 447.781] [-1193.94, 364.084, -1902.95]]
		objLayer:i = 0
		props {

		}
	}
	bdt_t2_bomb_zone_04 {
		type:t = "Sphere"
		tm:m = [[416.407, 0.0, -170.6] [0.0, 450.0, 0.0] [170.6, 0.0, 416.407] [-6898.36, 565.512, 11629.7]]
		objLayer:i = 0
		props {

		}
	}
	bdt_t1_bomb_zone_04 {
		type:t = "Sphere"
		tm:m = [[447.781, 0.0, -44.6322] [0.0, 450.0, 0.0] [44.6322, 0.0, 447.781] [-4831.05, 252.796, -3011.92]]
		objLayer:i = 0
		props {

		}
	}
	bdt_t2_bomb_zone_01_aaa_point_01 {
		type:t = "Point"
		tm:m = [[0.918318, 0.0, -0.39584] [0.0, 1.0, 0.0] [0.39584, 0.0, 0.918318] [-9842.49, 189.21, 10533.4]]
		objLayer:i = 0
		props {

		}
	}
	bdt_t2_bomb_zone_01_aaa_point_02 {
		type:t = "Point"
		tm:m = [[0.918318, 0.0, -0.39584] [0.0, 1.0, 0.0] [0.39584, 0.0, 0.918318] [-9801.95, 200.35, 11040.9]]
		objLayer:i = 0
		props {

		}
	}
	bdt_t2_bomb_zone_01_aaa_point_03 {
		type:t = "Point"
		tm:m = [[0.918318, 0.0, -0.39584] [0.0, 1.0, 0.0] [0.39584, 0.0, 0.918318] [-9689.75, 192.793, 11001.3]]
		objLayer:i = 0
		props {

		}
	}
	bdt_t2_bomb_zone_01_aaa_point_04 {
		type:t = "Point"
		tm:m = [[0.918318, 0.0, -0.39584] [0.0, 1.0, 0.0] [0.39584, 0.0, 0.918318] [-9327.01, 193.609, 10870.6]]
		objLayer:i = 0
		props {

		}
	}
	bdt_t2_bomb_zone_02_aaa_point_01 {
		type:t = "Point"
		tm:m = [[0.956555, 0.0, -0.291547] [0.0, 1.0, 0.0] [0.291547, 0.0, 0.956555] [-11882.3, 235.827, 1784.8]]
		objLayer:i = 0
		props {

		}
	}
	bdt_t2_bomb_zone_02_aaa_point_02 {
		type:t = "Point"
		tm:m = [[0.956555, 0.0, -0.291547] [0.0, 1.0, 0.0] [0.291547, 0.0, 0.956555] [-11492.8, 223.747, 2157.51]]
		objLayer:i = 0
		props {

		}
	}
	bdt_t2_bomb_zone_02_aaa_point_03 {
		type:t = "Point"
		tm:m = [[0.956555, 0.0, -0.291547] [0.0, 1.0, 0.0] [0.291547, 0.0, 0.956555] [-11862.8, 235.737, 2049.48]]
		objLayer:i = 0
		props {

		}
	}
	bdt_t2_bomb_zone_02_aaa_point_04 {
		type:t = "Point"
		tm:m = [[0.956555, 0.0, -0.291547] [0.0, 1.0, 0.0] [0.291547, 0.0, 0.956555] [-11443.9, 257.953, 1766.45]]
		objLayer:i = 0
		props {

		}
	}
	bdt_t2_bomb_zone_03_aaa_point_01 {
		type:t = "Point"
		tm:m = [[0.956555, 0.0, -0.291547] [0.0, 1.0, 0.0] [0.291547, 0.0, 0.956555] [-11445.9, 208.058, -1058.35]]
		objLayer:i = 0
		props {

		}
	}
	bdt_t2_bomb_zone_03_aaa_point_02 {
		type:t = "Point"
		tm:m = [[0.956555, 0.0, -0.291547] [0.0, 1.0, 0.0] [0.291547, 0.0, 0.956555] [-11491.6, 263.107, -441.326]]
		objLayer:i = 0
		props {

		}
	}
	bdt_t2_bomb_zone_03_aaa_point_03 {
		type:t = "Point"
		tm:m = [[0.956555, 0.0, -0.291547] [0.0, 1.0, 0.0] [0.291547, 0.0, 0.956555] [-11790.3, 296.888, -369.056]]
		objLayer:i = 0
		props {

		}
	}
	bdt_t2_bomb_zone_03_aaa_point_04 {
		type:t = "Point"
		tm:m = [[0.956555, 0.0, -0.291547] [0.0, 1.0, 0.0] [0.291547, 0.0, 0.956555] [-11914.6, 223.703, -850.371]]
		objLayer:i = 0
		props {

		}
	}
	bdt_t2_bomb_zone_04_aaa_point_01 {
		type:t = "Point"
		tm:m = [[0.918318, 0.0, -0.39584] [0.0, 1.0, 0.0] [0.39584, 0.0, 0.918318] [-6587.35, 567.724, 11746.8]]
		objLayer:i = 0
		props {

		}
	}
	bdt_t2_bomb_zone_04_aaa_point_02 {
		type:t = "Point"
		tm:m = [[0.918318, 0.0, -0.39584] [0.0, 1.0, 0.0] [0.39584, 0.0, 0.918318] [-7015.81, 565.89, 11908.1]]
		objLayer:i = 0
		props {

		}
	}
	bdt_t2_bomb_zone_04_aaa_point_03 {
		type:t = "Point"
		tm:m = [[0.918318, 0.0, -0.39584] [0.0, 1.0, 0.0] [0.39584, 0.0, 0.918318] [-6885.1, 567.298, 11363.5]]
		objLayer:i = 0
		props {

		}
	}
	bdt_t2_bomb_zone_04_aaa_point_04 {
		type:t = "Point"
		tm:m = [[0.918318, 0.0, -0.39584] [0.0, 1.0, 0.0] [0.39584, 0.0, 0.918318] [-7097.65, 566.495, 11484.0]]
		objLayer:i = 0
		props {

		}
	}
	bdt_t1_bomb_zone_01_aaa_point_01 {
		type:t = "Point"
		tm:m = [[0.999305, 0.0, 0.0372677] [0.0, 1.0, 0.0] [-0.0372677, 0.0, 0.999305] [5233.69, 266.934, 6669.2]]
		objLayer:i = 0
		props {

		}
	}
	bdt_t1_bomb_zone_01_aaa_point_02 {
		type:t = "Point"
		tm:m = [[0.999305, 0.0, 0.0372677] [0.0, 1.0, 0.0] [-0.0372677, 0.0, 0.999305] [4731.82, 384.378, 6702.56]]
		objLayer:i = 0
		props {

		}
	}
	bdt_t1_bomb_zone_01_aaa_point_03 {
		type:t = "Point"
		tm:m = [[0.999305, 0.0, 0.0372677] [0.0, 1.0, 0.0] [-0.0372677, 0.0, 0.999305] [4959.05, 330.043, 6418.32]]
		objLayer:i = 0
		props {

		}
	}
	bdt_t1_bomb_zone_01_aaa_point_04 {
		type:t = "Point"
		tm:m = [[0.999305, 0.0, 0.0372677] [0.0, 1.0, 0.0] [-0.0372677, 0.0, 0.999305] [4761.18, 304.479, 6532.54]]
		objLayer:i = 0
		props {

		}
	}
	bdt_t1_bomb_zone_02_aaa_point_01 {
		type:t = "Point"
		tm:m = [[0.999305, 0.0, 0.0372677] [0.0, 1.0, 0.0] [-0.0372677, 0.0, 0.999305] [4217.82, 444.693, 3521.69]]
		objLayer:i = 0
		props {

		}
	}
	bdt_t1_bomb_zone_02_aaa_point_02 {
		type:t = "Point"
		tm:m = [[0.999305, 0.0, 0.0372677] [0.0, 1.0, 0.0] [-0.0372677, 0.0, 0.999305] [3934.01, 487.983, 3582.68]]
		objLayer:i = 0
		props {

		}
	}
	bdt_t1_bomb_zone_02_aaa_point_03 {
		type:t = "Point"
		tm:m = [[0.999305, 0.0, 0.0372677] [0.0, 1.0, 0.0] [-0.0372677, 0.0, 0.999305] [3976.93, 652.77, 2884.69]]
		objLayer:i = 0
		props {

		}
	}
	bdt_t1_bomb_zone_02_aaa_point_04 {
		type:t = "Point"
		tm:m = [[0.999305, 0.0, 0.0372677] [0.0, 1.0, 0.0] [-0.0372677, 0.0, 0.999305] [3696.14, 481.527, 3356.8]]
		objLayer:i = 0
		props {

		}
	}
	bdt_t1_bomb_zone_03_aaa_point_01 {
		type:t = "Point"
		tm:m = [[0.997273, 0.0, -0.073795] [0.0, 1.0, 0.0] [0.073795, 0.0, 0.997273] [-1412.84, 373.756, -2119.27]]
		objLayer:i = 0
		props {

		}
	}
	bdt_t1_bomb_zone_03_aaa_point_02 {
		type:t = "Point"
		tm:m = [[0.997273, 0.0, -0.073795] [0.0, 1.0, 0.0] [0.073795, 0.0, 0.997273] [-1032.45, 369.14, -1722.52]]
		objLayer:i = 0
		props {

		}
	}
	bdt_t1_bomb_zone_03_aaa_point_03 {
		type:t = "Point"
		tm:m = [[0.997273, 0.0, -0.073795] [0.0, 1.0, 0.0] [0.073795, 0.0, 0.997273] [-1298.67, 405.414, -1635.92]]
		objLayer:i = 0
		props {

		}
	}
	bdt_t1_bomb_zone_03_aaa_point_04 {
		type:t = "Point"
		tm:m = [[0.997273, 0.0, -0.073795] [0.0, 1.0, 0.0] [0.073795, 0.0, 0.997273] [-1017.39, 369.361, -2095.05]]
		objLayer:i = 0
		props {

		}
	}
	bdt_t1_bomb_zone_04_aaa_point_01 {
		type:t = "Point"
		tm:m = [[0.997273, 0.0, -0.073795] [0.0, 1.0, 0.0] [0.073795, 0.0, 0.997273] [-4554.64, 391.729, -3166.78]]
		objLayer:i = 0
		props {

		}
	}
	bdt_t1_bomb_zone_04_aaa_point_02 {
		type:t = "Point"
		tm:m = [[0.997273, 0.0, -0.073795] [0.0, 1.0, 0.0] [0.073795, 0.0, 0.997273] [-4632.71, 260.884, -2855.27]]
		objLayer:i = 0
		props {

		}
	}
	bdt_t1_bomb_zone_04_aaa_point_03 {
		type:t = "Point"
		tm:m = [[0.997273, 0.0, -0.073795] [0.0, 1.0, 0.0] [0.073795, 0.0, 0.997273] [-4858.53, 361.739, -3301.51]]
		objLayer:i = 0
		props {

		}
	}
	bdt_t1_bomb_zone_04_aaa_point_04 {
		type:t = "Point"
		tm:m = [[0.997273, 0.0, -0.073795] [0.0, 1.0, 0.0] [0.073795, 0.0, 0.997273] [-4966.83, 114.119, -2728.92]]
		objLayer:i = 0
		props {

		}
	}
	bdt_t1_bomb_zone_05 {
		type:t = "Sphere"
		tm:m = [[447.781, 0.0, -44.6322] [0.0, 450.0, 0.0] [44.6322, 0.0, 447.781] [-3843.65, 41.1142, -4839.69]]
		objLayer:i = 0
		props {

		}
	}
	bdt_t1_bomb_zone_06 {
		type:t = "Sphere"
		tm:m = [[447.781, 0.0, -44.6322] [0.0, 450.0, 0.0] [44.6322, 0.0, 447.781] [-856.94, 227.404, -3454.28]]
		objLayer:i = 0
		props {

		}
	}
	bdt_t1_bomb_zone_07 {
		type:t = "Sphere"
		tm:m = [[447.781, 0.0, -44.6322] [0.0, 450.0, 0.0] [44.6322, 0.0, 447.781] [688.453, 74.1523, -2163.47]]
		objLayer:i = 0
		props {

		}
	}
	bdt_t1_bomb_zone_08 {
		type:t = "Sphere"
		tm:m = [[382.35, 0.0, -237.294] [0.0, 450.0, 0.0] [237.294, 0.0, 382.35] [3814.31, 516.562, 7900.94]]
		objLayer:i = 0
		props {

		}
	}
	bdt_t1_bomb_zone_09 {
		type:t = "Sphere"
		tm:m = [[382.35, 0.0, -237.294] [0.0, 450.0, 0.0] [237.294, 0.0, 382.35] [4320.06, 690.56, 5188.35]]
		objLayer:i = 0
		props {

		}
	}
	bdt_t1_bomb_zone_10 {
		type:t = "Sphere"
		tm:m = [[382.35, 0.0, -237.294] [0.0, 450.0, 0.0] [237.294, 0.0, 382.35] [5236.89, 518.222, 3101.9]]
		objLayer:i = 0
		props {

		}
	}
	bdt_t1_bomb_zone_05_aaa_point_01 {
		type:t = "Point"
		tm:m = [[0.997273, 0.0, -0.073795] [0.0, 1.0, 0.0] [0.073795, 0.0, 0.997273] [-4114.34, 32.599, -4796.8]]
		objLayer:i = 0
		props {

		}
	}
	bdt_t1_bomb_zone_05_aaa_point_02 {
		type:t = "Point"
		tm:m = [[0.997273, 0.0, -0.073795] [0.0, 1.0, 0.0] [0.073795, 0.0, 0.997273] [-3975.21, 51.4271, -4922.41]]
		objLayer:i = 0
		props {

		}
	}
	bdt_t1_bomb_zone_05_aaa_point_03 {
		type:t = "Point"
		tm:m = [[0.997273, 0.0, -0.073795] [0.0, 1.0, 0.0] [0.073795, 0.0, 0.997273] [-3561.37, 37.3079, -4895.43]]
		objLayer:i = 0
		props {

		}
	}
	bdt_t1_bomb_zone_05_aaa_point_04 {
		type:t = "Point"
		tm:m = [[0.997273, 0.0, -0.073795] [0.0, 1.0, 0.0] [0.073795, 0.0, 0.997273] [-3624.52, 145.952, -4669.44]]
		objLayer:i = 0
		props {

		}
	}
	bdt_t1_bomb_zone_06_aaa_point_01 {
		type:t = "Point"
		tm:m = [[0.997273, 0.0, -0.073795] [0.0, 1.0, 0.0] [0.073795, 0.0, 0.997273] [-1057.53, 197.662, -3725.46]]
		objLayer:i = 0
		props {

		}
	}
	bdt_t1_bomb_zone_06_aaa_point_02 {
		type:t = "Point"
		tm:m = [[0.997273, 0.0, -0.073795] [0.0, 1.0, 0.0] [0.073795, 0.0, 0.997273] [-1179.42, 222.56, -3491.9]]
		objLayer:i = 0
		props {

		}
	}
	bdt_t1_bomb_zone_06_aaa_point_03 {
		type:t = "Point"
		tm:m = [[0.997273, 0.0, -0.073795] [0.0, 1.0, 0.0] [0.073795, 0.0, 0.997273] [-824.024, 290.11, -3146.89]]
		objLayer:i = 0
		props {

		}
	}
	bdt_t1_bomb_zone_06_aaa_point_04 {
		type:t = "Point"
		tm:m = [[0.997273, 0.0, -0.073795] [0.0, 1.0, 0.0] [0.073795, 0.0, 0.997273] [-599.688, 286.872, -3604.09]]
		objLayer:i = 0
		props {

		}
	}
	bdt_t1_bomb_zone_07_aaa_point_01 {
		type:t = "Point"
		tm:m = [[0.997273, 0.0, -0.073795] [0.0, 1.0, 0.0] [0.073795, 0.0, 0.997273] [856.803, 39.6874, -1913.62]]
		objLayer:i = 0
		props {

		}
	}
	bdt_t1_bomb_zone_07_aaa_point_02 {
		type:t = "Point"
		tm:m = [[0.997273, 0.0, -0.073795] [0.0, 1.0, 0.0] [0.073795, 0.0, 0.997273] [489.769, 106.317, -2450.17]]
		objLayer:i = 0
		props {

		}
	}
	bdt_t1_bomb_zone_07_aaa_point_03 {
		type:t = "Point"
		tm:m = [[0.997273, 0.0, -0.073795] [0.0, 1.0, 0.0] [0.073795, 0.0, 0.997273] [973.772, 96.1661, -2341.1]]
		objLayer:i = 0
		props {

		}
	}
	bdt_t1_bomb_zone_07_aaa_point_04 {
		type:t = "Point"
		tm:m = [[0.997273, 0.0, -0.073795] [0.0, 1.0, 0.0] [0.073795, 0.0, 0.997273] [522.722, 83.1732, -1797.58]]
		objLayer:i = 0
		props {

		}
	}
	bdt_t1_bomb_zone_08_aaa_point_01 {
		type:t = "Point"
		tm:m = [[0.999305, 0.0, 0.0372677] [0.0, 1.0, 0.0] [-0.0372677, 0.0, 0.999305] [3725.67, 590.121, 8198.76]]
		objLayer:i = 0
		props {

		}
	}
	bdt_t1_bomb_zone_08_aaa_point_02 {
		type:t = "Point"
		tm:m = [[0.999305, 0.0, 0.0372677] [0.0, 1.0, 0.0] [-0.0372677, 0.0, 0.999305] [3534.53, 578.73, 7777.2]]
		objLayer:i = 0
		props {

		}
	}
	bdt_t1_bomb_zone_08_aaa_point_03 {
		type:t = "Point"
		tm:m = [[0.999305, 0.0, 0.0372677] [0.0, 1.0, 0.0] [-0.0372677, 0.0, 0.999305] [3888.56, 507.909, 7550.92]]
		objLayer:i = 0
		props {

		}
	}
	bdt_t1_bomb_zone_08_aaa_point_04 {
		type:t = "Point"
		tm:m = [[0.999305, 0.0, 0.0372677] [0.0, 1.0, 0.0] [-0.0372677, 0.0, 0.999305] [4086.04, 520.626, 7916.88]]
		objLayer:i = 0
		props {

		}
	}
	bdt_t1_bomb_zone_09_aaa_point_01 {
		type:t = "Point"
		tm:m = [[0.999305, 0.0, 0.0372677] [0.0, 1.0, 0.0] [-0.0372677, 0.0, 0.999305] [3877.07, 741.911, 5255.51]]
		objLayer:i = 0
		props {

		}
	}
	bdt_t1_bomb_zone_09_aaa_point_02 {
		type:t = "Point"
		tm:m = [[0.999305, 0.0, 0.0372677] [0.0, 1.0, 0.0] [-0.0372677, 0.0, 0.999305] [4124.27, 662.381, 4827.78]]
		objLayer:i = 0
		props {

		}
	}
	bdt_t1_bomb_zone_09_aaa_point_03 {
		type:t = "Point"
		tm:m = [[0.999305, 0.0, 0.0372677] [0.0, 1.0, 0.0] [-0.0372677, 0.0, 0.999305] [4236.56, 748.218, 5736.7]]
		objLayer:i = 0
		props {

		}
	}
	bdt_t1_bomb_zone_09_aaa_point_04 {
		type:t = "Point"
		tm:m = [[0.999305, 0.0, 0.0372677] [0.0, 1.0, 0.0] [-0.0372677, 0.0, 0.999305] [4576.69, 799.195, 4876.4]]
		objLayer:i = 0
		props {

		}
	}
	bdt_t1_bomb_zone_10_aaa_point_01 {
		type:t = "Point"
		tm:m = [[0.999305, 0.0, 0.0372677] [0.0, 1.0, 0.0] [-0.0372677, 0.0, 0.999305] [4871.01, 546.792, 3050.56]]
		objLayer:i = 0
		props {

		}
	}
	bdt_t1_bomb_zone_10_aaa_point_02 {
		type:t = "Point"
		tm:m = [[0.999305, 0.0, 0.0372677] [0.0, 1.0, 0.0] [-0.0372677, 0.0, 0.999305] [5170.37, 514.439, 3541.65]]
		objLayer:i = 0
		props {

		}
	}
	bdt_t1_bomb_zone_10_aaa_point_03 {
		type:t = "Point"
		tm:m = [[0.999305, 0.0, 0.0372677] [0.0, 1.0, 0.0] [-0.0372677, 0.0, 0.999305] [5281.79, 523.889, 2841.48]]
		objLayer:i = 0
		props {

		}
	}
	bdt_t1_bomb_zone_10_aaa_point_04 {
		type:t = "Point"
		tm:m = [[0.999305, 0.0, 0.0372677] [0.0, 1.0, 0.0] [-0.0372677, 0.0, 0.999305] [5557.41, 534.977, 3109.69]]
		objLayer:i = 0
		props {

		}
	}
	bdt_t2_bomb_zone_05 {
		type:t = "Sphere"
		tm:m = [[416.407, 0.0, -170.6] [0.0, 450.0, 0.0] [170.6, 0.0, 416.407] [-5761.52, 615.951, 14487.8]]
		objLayer:i = 0
		props {

		}
	}
	bdt_t2_bomb_zone_06 {
		type:t = "Sphere"
		tm:m = [[447.768, 0.0, 44.7652] [0.0, 450.0, 0.0] [-44.7652, 0.0, 447.768] [-8734.52, 272.573, 13111.4]]
		objLayer:i = 0
		props {

		}
	}
	bdt_t2_bomb_zone_07 {
		type:t = "Sphere"
		tm:m = [[416.407, 0.0, -170.6] [0.0, 450.0, 0.0] [170.6, 0.0, 416.407] [-10991.7, 236.691, 12372.1]]
		objLayer:i = 0
		props {

		}
	}
	bdt_t2_bomb_zone_08 {
		type:t = "Sphere"
		tm:m = [[440.827, 0.0, 90.3999] [0.0, 450.0, 0.0] [-90.3999, 0.0, 440.827] [-11973.4, 65.5596, -2930.2]]
		objLayer:i = 0
		props {

		}
	}
	bdt_t2_bomb_zone_09 {
		type:t = "Sphere"
		tm:m = [[440.827, 0.0, 90.3999] [0.0, 450.0, 0.0] [-90.3999, 0.0, 440.827] [-13402.1, 405.834, 1153.38]]
		objLayer:i = 0
		props {

		}
	}
	bdt_t2_bomb_zone_10 {
		type:t = "Sphere"
		tm:m = [[440.827, 0.0, 90.3999] [0.0, 450.0, 0.0] [-90.3999, 0.0, 440.827] [-12900.1, 390.301, 2857.3]]
		objLayer:i = 0
		props {

		}
	}
	bdt_t2_bomb_zone_05_aaa_point_01 {
		type:t = "Point"
		tm:m = [[0.918318, 0.0, -0.39584] [0.0, 1.0, 0.0] [0.39584, 0.0, 0.918318] [-5971.93, 616.025, 14211.8]]
		objLayer:i = 0
		props {

		}
	}
	bdt_t2_bomb_zone_05_aaa_point_02 {
		type:t = "Point"
		tm:m = [[0.918318, 0.0, -0.39584] [0.0, 1.0, 0.0] [0.39584, 0.0, 0.918318] [-5393.86, 616.415, 14563.5]]
		objLayer:i = 0
		props {

		}
	}
	bdt_t2_bomb_zone_05_aaa_point_03 {
		type:t = "Point"
		tm:m = [[0.918318, 0.0, -0.39584] [0.0, 1.0, 0.0] [0.39584, 0.0, 0.918318] [-5515.02, 615.982, 14730.2]]
		objLayer:i = 0
		props {

		}
	}
	bdt_t2_bomb_zone_05_aaa_point_04 {
		type:t = "Point"
		tm:m = [[0.918318, 0.0, -0.39584] [0.0, 1.0, 0.0] [0.39584, 0.0, 0.918318] [-6041.06, 615.443, 14656.3]]
		objLayer:i = 0
		props {

		}
	}
	bdt_t2_bomb_zone_06_aaa_point_01 {
		type:t = "Point"
		tm:m = [[0.996683, 0.0, 0.0814053] [0.0, 1.0, 0.0] [-0.0814053, 0.0, 0.996683] [-9069.79, 233.092, 13033.9]]
		objLayer:i = 0
		props {

		}
	}
	bdt_t2_bomb_zone_06_aaa_point_02 {
		type:t = "Point"
		tm:m = [[0.996683, 0.0, 0.0814053] [0.0, 1.0, 0.0] [-0.0814053, 0.0, 0.996683] [-8408.57, 223.828, 13418.3]]
		objLayer:i = 0
		props {

		}
	}
	bdt_t2_bomb_zone_06_aaa_point_03 {
		type:t = "Point"
		tm:m = [[0.996683, 0.0, 0.0814053] [0.0, 1.0, 0.0] [-0.0814053, 0.0, 0.996683] [-8354.0, 226.882, 13096.7]]
		objLayer:i = 0
		props {

		}
	}
	bdt_t2_bomb_zone_06_aaa_point_04 {
		type:t = "Point"
		tm:m = [[0.996683, 0.0, 0.0814053] [0.0, 1.0, 0.0] [-0.0814053, 0.0, 0.996683] [-8437.12, 245.023, 12651.2]]
		objLayer:i = 0
		props {

		}
	}
	bdt_t2_bomb_zone_07_aaa_point_01 {
		type:t = "Point"
		tm:m = [[0.918318, 0.0, -0.39584] [0.0, 1.0, 0.0] [0.39584, 0.0, 0.918318] [-11237.0, 218.681, 12024.0]]
		objLayer:i = 0
		props {

		}
	}
	bdt_t2_bomb_zone_07_aaa_point_02 {
		type:t = "Point"
		tm:m = [[0.918318, 0.0, -0.39584] [0.0, 1.0, 0.0] [0.39584, 0.0, 0.918318] [-10581.0, 255.24, 12491.6]]
		objLayer:i = 0
		props {

		}
	}
	bdt_t2_bomb_zone_07_aaa_point_03 {
		type:t = "Point"
		tm:m = [[0.918318, 0.0, -0.39584] [0.0, 1.0, 0.0] [0.39584, 0.0, 0.918318] [-10930.0, 230.502, 12823.2]]
		objLayer:i = 0
		props {

		}
	}
	bdt_t2_bomb_zone_07_aaa_point_04 {
		type:t = "Point"
		tm:m = [[0.918318, 0.0, -0.39584] [0.0, 1.0, 0.0] [0.39584, 0.0, 0.918318] [-11394.5, 253.183, 12374.6]]
		objLayer:i = 0
		props {

		}
	}
	bdt_t2_bomb_zone_08_aaa_point_01 {
		type:t = "Point"
		tm:m = [[0.956555, 0.0, -0.291547] [0.0, 1.0, 0.0] [0.291547, 0.0, 0.956555] [-11777.2, 27.4772, -3038.97]]
		objLayer:i = 0
		props {

		}
	}
	bdt_t2_bomb_zone_08_aaa_point_02 {
		type:t = "Point"
		tm:m = [[0.956555, 0.0, -0.291547] [0.0, 1.0, 0.0] [0.291547, 0.0, 0.956555] [-12307.4, 34.2299, -2965.87]]
		objLayer:i = 0
		props {

		}
	}
	bdt_t2_bomb_zone_08_aaa_point_03 {
		type:t = "Point"
		tm:m = [[0.956555, 0.0, -0.291547] [0.0, 1.0, 0.0] [0.291547, 0.0, 0.956555] [-11884.8, 146.411, -2612.16]]
		objLayer:i = 0
		props {

		}
	}
	bdt_t2_bomb_zone_08_aaa_point_04 {
		type:t = "Point"
		tm:m = [[0.956555, 0.0, -0.291547] [0.0, 1.0, 0.0] [0.291547, 0.0, 0.956555] [-12231.6, 231.643, -2710.79]]
		objLayer:i = 0
		props {

		}
	}
	bdt_t2_bomb_zone_09_aaa_point_01 {
		type:t = "Point"
		tm:m = [[0.956555, 0.0, -0.291547] [0.0, 1.0, 0.0] [0.291547, 0.0, 0.956555] [-13282.1, 523.982, 776.667]]
		objLayer:i = 0
		props {

		}
	}
	bdt_t2_bomb_zone_09_aaa_point_02 {
		type:t = "Point"
		tm:m = [[0.956555, 0.0, -0.291547] [0.0, 1.0, 0.0] [0.291547, 0.0, 0.956555] [-13647.1, 409.78, 1321.72]]
		objLayer:i = 0
		props {

		}
	}
	bdt_t2_bomb_zone_09_aaa_point_03 {
		type:t = "Point"
		tm:m = [[0.956555, 0.0, -0.291547] [0.0, 1.0, 0.0] [0.291547, 0.0, 0.956555] [-13049.5, 80.6979, 1252.5]]
		objLayer:i = 0
		props {

		}
	}
	bdt_t2_bomb_zone_09_aaa_point_04 {
		type:t = "Point"
		tm:m = [[0.956555, 0.0, -0.291547] [0.0, 1.0, 0.0] [0.291547, 0.0, 0.956555] [-13655.4, 580.352, 835.417]]
		objLayer:i = 0
		props {

		}
	}
	bdt_t2_bomb_zone_10_aaa_point_01 {
		type:t = "Point"
		tm:m = [[0.956555, 0.0, -0.291547] [0.0, 1.0, 0.0] [0.291547, 0.0, 0.956555] [-12664.9, 391.052, 2250.96]]
		objLayer:i = 0
		props {

		}
	}
	bdt_t2_bomb_zone_10_aaa_point_02 {
		type:t = "Point"
		tm:m = [[0.956555, 0.0, -0.291547] [0.0, 1.0, 0.0] [0.291547, 0.0, 0.956555] [-12559.6, 156.864, 2965.7]]
		objLayer:i = 0
		props {

		}
	}
	bdt_t2_bomb_zone_10_aaa_point_03 {
		type:t = "Point"
		tm:m = [[0.956555, 0.0, -0.291547] [0.0, 1.0, 0.0] [0.291547, 0.0, 0.956555] [-13548.7, 698.249, 2216.83]]
		objLayer:i = 0
		props {

		}
	}
	bdt_t2_bomb_zone_10_aaa_point_04 {
		type:t = "Point"
		tm:m = [[0.956555, 0.0, -0.291547] [0.0, 1.0, 0.0] [0.291547, 0.0, 0.956555] [-13013.7, 257.676, 3193.42]]
		objLayer:i = 0
		props {

		}
	}
	bomb_zones_area {
		type:t = "Sphere"
		tm:m = [[8001.54, 0.0, -16123.6] [0.0, 18000.0, 0.0] [16123.6, 0.0, 8001.54] [-5636.79, 369.01, 4487.23]]
		objLayer:i = 3
		props {

		}
	}
}
objLayers {
	layer {
		enabled:b = true
	}
	layer {
		enabled:b = true
	}
	layer {
		enabled:b = true
	}
	layer {
		enabled:b = false
	}
	layer {
		enabled:b = true
	}
}
wayPoints {

}