selected_tag:t = ""
bin_dump_file:t = ""
mission_settings {
	player {
		army:i = 1
	}
	player_teamB {
		army:i = 2
	}
	mission {
		type:t = "domination"
		level:t = "levels/air_israel.bin"
		environment:t = "Day"
		weather:t = "hazy"
	}
}
imports {

}
triggers {
	isCategory:b = true
	is_enabled:b = true
}
mission_objectives {
	isCategory:b = true
	is_enabled:b = true
}
variables {

}
dialogs {

}
airfields {

}
effects {

}
units {

}
areas {
	rank_02_movable_zone_14x9 {
		type:t = "Box"
		tm:m = [[9636.99, 0.0, -10155.3] [0.0, 1000.0, 0.0] [7646.79, 0.0, 4746.21] [30558.0, 2195.03, -9592.4]]
		objLayer:i = 3
		props {

		}
	}
	t1_road_01_spawn_tank {
		type:t = "Point"
		tm:m = [[0.998346, 0.0, 0.0574901] [0.0, 1.0, 0.0] [-0.0574901, 0.0, 0.998346] [28734.6, 1985.06, -14679.3]]
		objLayer:i = 0
		props {

		}
	}
	t1_road_03_spawn_tank {
		type:t = "Point"
		tm:m = [[0.84926, 0.0, 0.527973] [0.0, 1.0, 0.0] [-0.527973, 0.0, 0.84926] [25440.3, 1935.16, -10975.0]]
		objLayer:i = 0
		props {

		}
	}
	t1_road_02_spawn_tank {
		type:t = "Point"
		tm:m = [[0.954563, 0.0, 0.298009] [0.0, 1.0, 0.0] [-0.298009, 0.0, 0.954563] [27157.1, 1884.17, -12912.5]]
		objLayer:i = 0
		props {

		}
	}
	t2_road_01_spawn_tank {
		type:t = "Point"
		tm:m = [[-0.771564, 0.0, -0.636152] [0.0, 1.0, 0.0] [0.636152, 0.0, -0.771564] [32669.2, 2062.57, -5032.15]]
		objLayer:i = 0
		props {

		}
	}
	t2_road_02_spawn_tank {
		type:t = "Point"
		tm:m = [[-0.707585, 0.0, -0.70663] [0.0, 1.0, 0.0] [0.70663, 0.0, -0.707585] [34810.9, 2085.05, -7314.52]]
		objLayer:i = 0
		props {

		}
	}
	t1_road_01_spawn_acar {
		type:t = "Point"
		tm:m = [[0.998346, 0.0, 0.0574901] [0.0, 1.0, 0.0] [-0.0574901, 0.0, 0.998346] [28606.6, 1991.8, -14678.6]]
		objLayer:i = 0
		props {

		}
	}
	t1_road_01_spawn_truck {
		type:t = "Point"
		tm:m = [[0.998346, 0.0, 0.0574901] [0.0, 1.0, 0.0] [-0.0574901, 0.0, 0.998346] [28495.2, 1996.8, -14696.5]]
		objLayer:i = 0
		props {

		}
	}
	t1_road_02_spawn_acar {
		type:t = "Point"
		tm:m = [[0.954563, 0.0, 0.298009] [0.0, 1.0, 0.0] [-0.298009, 0.0, 0.954563] [27041.9, 1884.21, -12966.0]]
		objLayer:i = 0
		props {

		}
	}
	t1_road_02_spawn_truck {
		type:t = "Point"
		tm:m = [[0.954563, 0.0, 0.298009] [0.0, 1.0, 0.0] [-0.298009, 0.0, 0.954563] [26930.5, 1888.03, -13016.1]]
		objLayer:i = 0
		props {

		}
	}
	t1_road_03_spawn_acar {
		type:t = "Point"
		tm:m = [[0.84926, 0.0, 0.527973] [0.0, 1.0, 0.0] [-0.527973, 0.0, 0.84926] [25334.5, 1929.15, -11015.9]]
		objLayer:i = 0
		props {

		}
	}
	t1_road_03_spawn_truck {
		type:t = "Point"
		tm:m = [[0.84926, 0.0, 0.527973] [0.0, 1.0, 0.0] [-0.527973, 0.0, 0.84926] [25231.8, 1929.52, -11057.9]]
		objLayer:i = 0
		props {

		}
	}
	t2_road_03_spawn_tank {
		type:t = "Point"
		tm:m = [[-0.960266, 0.0, -0.279085] [0.0, 1.0, 0.0] [0.279085, 0.0, -0.960266] [37228.6, 2181.07, -10028.6]]
		objLayer:i = 0
		props {

		}
	}
	t2_road_03_spawn_acar {
		type:t = "Point"
		tm:m = [[-0.960266, 0.0, -0.279085] [0.0, 1.0, 0.0] [0.279085, 0.0, -0.960266] [37363.3, 2193.36, -9994.93]]
		objLayer:i = 0
		props {

		}
	}
	t2_road_03_spawn_truck {
		type:t = "Point"
		tm:m = [[-0.960266, 0.0, -0.279085] [0.0, 1.0, 0.0] [0.279085, 0.0, -0.960266] [37494.8, 2206.33, -9932.79]]
		objLayer:i = 0
		props {

		}
	}
	t2_road_02_spawn_acar {
		type:t = "Point"
		tm:m = [[-0.707585, 0.0, -0.70663] [0.0, 1.0, 0.0] [0.70663, 0.0, -0.707585] [34879.2, 2085.41, -7230.05]]
		objLayer:i = 0
		props {

		}
	}
	t2_road_02_spawn_truck {
		type:t = "Point"
		tm:m = [[-0.707585, 0.0, -0.70663] [0.0, 1.0, 0.0] [0.70663, 0.0, -0.707585] [34953.9, 2086.18, -7147.58]]
		objLayer:i = 0
		props {

		}
	}
	t2_road_01_spawn_acar {
		type:t = "Point"
		tm:m = [[-0.771564, 0.0, -0.636152] [0.0, 1.0, 0.0] [0.636152, 0.0, -0.771564] [32711.8, 2063.95, -5004.53]]
		objLayer:i = 0
		props {

		}
	}
	t2_road_01_spawn_truck {
		type:t = "Point"
		tm:m = [[-0.771564, 0.0, -0.636152] [0.0, 1.0, 0.0] [0.636152, 0.0, -0.771564] [32769.0, 2065.83, -4966.47]]
		objLayer:i = 0
		props {

		}
	}
}
objLayers {
	layer {
		enabled:b = true
	}
	layer {
		enabled:b = true
	}
	layer {
		enabled:b = true
	}
	layer {
		enabled:b = false
	}
	layer {
		enabled:b = false
	}
}
wayPoints {
	t1_road_01 {
		closed_waypoints:b = false
		isShipSpline:b = false
		shipTurnRadius:r = 100
		way {
			way_points_01_wp_01 {
				type:t = "normal"
				tm:m = [[1.0, 0.0, 0.0] [0.0, 1.0, 0.0] [0.0, 0.0, 1.0] [28968.5, 1977.39, -14631.3]]
				props {
					speed:r = 30
					moveType:t = "GATHER_TO"
				}
			}
			t1_road_01_wp_01 {
				type:t = "normal"
				tm:m = [[1.0, 0.0, 0.0] [0.0, 1.0, 0.0] [0.0, 0.0, 1.0] [29456.5, 1943.83, -13891.6]]
				props {
					speed:r = 30
					moveType:t = "USE_SPLINES"
				}
			}
			t1_road_01_wp_02 {
				type:t = "normal"
				tm:m = [[1.0, 0.0, 0.0] [0.0, 1.0, 0.0] [0.0, 0.0, 1.0] [33080.6, 1949.87, -12093.5]]
				props {
					speed:r = 30
					moveType:t = "USE_SPLINES"
				}
			}
			t1_road_01_wp_03 {
				type:t = "normal"
				tm:m = [[1.0, 0.0, 0.0] [0.0, 1.0, 0.0] [0.0, 0.0, 1.0] [36410.5, 2071.97, -11746.1]]
				props {
					speed:r = 30
					moveType:t = "USE_SPLINES"
				}
			}
			t1_road_01_wp_04 {
				type:t = "normal"
				tm:m = [[1.0, 0.0, 0.0] [0.0, 1.0, 0.0] [0.0, 0.0, 1.0] [36839.2, 2130.43, -10759.8]]
				props {
					speed:r = 30
					moveType:t = "USE_SPLINES"
				}
			}
			t1_road_01_wp_05 {
				type:t = "normal"
				tm:m = [[1.0, 0.0, 0.0] [0.0, 1.0, 0.0] [0.0, 0.0, 1.0] [36927.0, 2138.24, -10634.3]]
				props {
					speed:r = 30
					moveType:t = "MOVETO_STRAIGHT"
				}
			}
		}
	}
	t1_road_02 {
		closed_waypoints:b = false
		isShipSpline:b = false
		shipTurnRadius:r = 100
		way {
			way_points_01_wp_02 {
				type:t = "normal"
				tm:m = [[1.0, 0.0, 0.0] [0.0, 1.0, 0.0] [0.0, 0.0, 1.0] [27274.3, 1883.05, -12864.0]]
				props {
					speed:r = 30
					moveType:t = "GATHER_TO"
				}
			}
			t1_road_02_wp_01 {
				type:t = "normal"
				tm:m = [[1.0, 0.0, 0.0] [0.0, 1.0, 0.0] [0.0, 0.0, 1.0] [28971.0, 1956.04, -12071.4]]
				props {
					speed:r = 30
					moveType:t = "USE_SPLINES"
				}
			}
			t1_road_02_wp_02 {
				type:t = "normal"
				tm:m = [[1.0, 0.0, 0.0] [0.0, 1.0, 0.0] [0.0, 0.0, 1.0] [30408.9, 1963.73, -11180.2]]
				props {
					speed:r = 300
					moveType:t = "USE_SPLINES"
				}
			}
			t1_road_02_wp_03 {
				type:t = "normal"
				tm:m = [[1.0, 0.0, 0.0] [0.0, 1.0, 0.0] [0.0, 0.0, 1.0] [30736.9, 1967.88, -11015.7]]
				props {
					speed:r = 300
					moveType:t = "USE_SPLINES"
				}
			}
			t1_road_02_wp_04 {
				type:t = "normal"
				tm:m = [[1.0, 0.0, 0.0] [0.0, 1.0, 0.0] [0.0, 0.0, 1.0] [31045.4, 1971.21, -10872.6]]
				props {
					speed:r = 30
					moveType:t = "USE_SPLINES"
				}
			}
			t1_road_02_wp_05 {
				type:t = "normal"
				tm:m = [[1.0, 0.0, 0.0] [0.0, 1.0, 0.0] [0.0, 0.0, 1.0] [31219.6, 1973.29, -10731.7]]
				props {
					speed:r = 30
					moveType:t = "USE_SPLINES"
				}
			}
			t1_road_02_wp_06 {
				type:t = "normal"
				tm:m = [[1.0, 0.0, 0.0] [0.0, 1.0, 0.0] [0.0, 0.0, 1.0] [32041.8, 1987.71, -9693.01]]
				props {
					speed:r = 30
					moveType:t = "USE_SPLINES"
				}
			}
			t1_road_02_wp_07 {
				type:t = "normal"
				tm:m = [[1.0, 0.0, 0.0] [0.0, 1.0, 0.0] [0.0, 0.0, 1.0] [32091.0, 1988.96, -9583.0]]
				props {
					speed:r = 30
					moveType:t = "USE_SPLINES"
				}
			}
			t1_road_02_wp_08 {
				type:t = "normal"
				tm:m = [[1.0, 0.0, 0.0] [0.0, 1.0, 0.0] [0.0, 0.0, 1.0] [33714.9, 2042.1, -7997.25]]
				props {
					speed:r = 30
					moveType:t = "USE_SPLINES"
				}
			}
			t1_road_02_wp_09 {
				type:t = "normal"
				tm:m = [[1.0, 0.0, 0.0] [0.0, 1.0, 0.0] [0.0, 0.0, 1.0] [33855.3, 2046.94, -7754.99]]
				props {
					speed:r = 30
					moveType:t = "MOVETO_STRAIGHT"
				}
			}
		}
	}
	t1_road_03 {
		closed_waypoints:b = false
		isShipSpline:b = false
		shipTurnRadius:r = 100
		way {
			way_points_01_wp_03 {
				type:t = "normal"
				tm:m = [[1.0, 0.0, 0.0] [0.0, 1.0, 0.0] [0.0, 0.0, 1.0] [25610.8, 1943.01, -10916.8]]
				props {
					speed:r = 30
					moveType:t = "GATHER_TO"
				}
			}
			t1_road_03_wp_01 {
				type:t = "normal"
				tm:m = [[1.0, 0.0, 0.0] [0.0, 1.0, 0.0] [0.0, 0.0, 1.0] [26312.4, 1973.8, -10647.8]]
				props {
					speed:r = 30
					moveType:t = "USE_SPLINES"
				}
			}
			t1_road_03_wp_02 {
				type:t = "normal"
				tm:m = [[1.0, 0.0, 0.0] [0.0, 1.0, 0.0] [0.0, 0.0, 1.0] [28813.9, 2072.39, -6731.19]]
				props {
					speed:r = 30
					moveType:t = "USE_SPLINES"
				}
			}
			t1_road_03_wp_03 {
				type:t = "normal"
				tm:m = [[1.0, 0.0, 0.0] [0.0, 1.0, 0.0] [0.0, 0.0, 1.0] [31763.7, 2068.56, -6115.43]]
				props {
					speed:r = 30
					moveType:t = "USE_SPLINES"
				}
			}
			t1_road_03_wp_04 {
				type:t = "normal"
				tm:m = [[1.0, 0.0, 0.0] [0.0, 1.0, 0.0] [0.0, 0.0, 1.0] [31940.2, 2071.58, -6110.72]]
				props {
					speed:r = 30
					moveType:t = "MOVETO_STRAIGHT"
				}
			}
		}
	}
	t2_road_01 {
		closed_waypoints:b = false
		isShipSpline:b = false
		shipTurnRadius:r = 100
		way {
			way_points_01_wp_04 {
				type:t = "normal"
				tm:m = [[1.0, 0.0, 0.0] [0.0, 1.0, 0.0] [0.0, 0.0, 1.0] [32637.0, 2060.06, -5050.69]]
				props {
					speed:r = 30
					moveType:t = "GATHER_TO"
				}
			}
			t2_road_01_wp_01 {
				type:t = "normal"
				tm:m = [[1.0, 0.0, 0.0] [0.0, 1.0, 0.0] [0.0, 0.0, 1.0] [28829.1, 2071.62, -6706.73]]
				props {
					speed:r = 30
					moveType:t = "USE_SPLINES"
				}
			}
			t2_road_01_wp_02 {
				type:t = "normal"
				tm:m = [[1.0, 0.0, 0.0] [0.0, 1.0, 0.0] [0.0, 0.0, 1.0] [26354.8, 2011.31, -9999.59]]
				props {
					speed:r = 30
					moveType:t = "USE_SPLINES"
				}
			}
			t2_road_01_wp_03 {
				type:t = "normal"
				tm:m = [[1.0, 0.0, 0.0] [0.0, 1.0, 0.0] [0.0, 0.0, 1.0] [26145.7, 1997.5, -10161.8]]
				props {
					speed:r = 30
					moveType:t = "MOVETO_STRAIGHT"
				}
			}
		}
	}
	t2_road_02 {
		closed_waypoints:b = false
		isShipSpline:b = false
		shipTurnRadius:r = 100
		way {
			way_points_01_wp_05 {
				type:t = "normal"
				tm:m = [[1.0, 0.0, 0.0] [0.0, 1.0, 0.0] [0.0, 0.0, 1.0] [34734.7, 2083.22, -7384.64]]
				props {
					speed:r = 30
					moveType:t = "GATHER_TO"
				}
			}
			t2_road_02_wp_01 {
				type:t = "normal"
				tm:m = [[1.0, 0.0, 0.0] [0.0, 1.0, 0.0] [0.0, 0.0, 1.0] [32103.1, 1989.2, -9553.85]]
				props {
					speed:r = 30
					moveType:t = "USE_SPLINES"
				}
			}
			t2_road_02_wp_02 {
				type:t = "normal"
				tm:m = [[1.0, 0.0, 0.0] [0.0, 1.0, 0.0] [0.0, 0.0, 1.0] [32052.9, 1988.02, -9670.56]]
				props {
					speed:r = 30
					moveType:t = "USE_SPLINES"
				}
			}
			t2_road_02_wp_03 {
				type:t = "normal"
				tm:m = [[1.0, 0.0, 0.0] [0.0, 1.0, 0.0] [0.0, 0.0, 1.0] [31251.4, 1973.83, -10700.6]]
				props {
					speed:r = 30
					moveType:t = "USE_SPLINES"
				}
			}
			t2_road_02_wp_04 {
				type:t = "normal"
				tm:m = [[1.0, 0.0, 0.0] [0.0, 1.0, 0.0] [0.0, 0.0, 1.0] [31081.6, 1971.34, -10853.6]]
				props {
					speed:r = 30
					moveType:t = "USE_SPLINES"
				}
			}
			t2_road_02_wp_05 {
				type:t = "normal"
				tm:m = [[1.0, 0.0, 0.0] [0.0, 1.0, 0.0] [0.0, 0.0, 1.0] [30778.4, 1968.4, -10995.0]]
				props {
					speed:r = 30
					moveType:t = "USE_SPLINES"
				}
			}
			t2_road_02_wp_06 {
				type:t = "normal"
				tm:m = [[1.0, 0.0, 0.0] [0.0, 1.0, 0.0] [0.0, 0.0, 1.0] [30447.9, 1964.18, -11162.0]]
				props {
					speed:r = 30
					moveType:t = "USE_SPLINES"
				}
			}
			t2_road_02_wp_07 {
				type:t = "normal"
				tm:m = [[1.0, 0.0, 0.0] [0.0, 1.0, 0.0] [0.0, 0.0, 1.0] [29009.5, 1955.86, -12047.8]]
				props {
					speed:r = 30
					moveType:t = "USE_SPLINES"
				}
			}
			t2_road_02_wp_08 {
				type:t = "normal"
				tm:m = [[1.0, 0.0, 0.0] [0.0, 1.0, 0.0] [0.0, 0.0, 1.0] [28065.1, 1914.93, -12554.7]]
				props {
					speed:r = 30
					moveType:t = "USE_SPLINES"
				}
			}
			t2_road_02_wp_09 {
				type:t = "normal"
				tm:m = [[1.0, 0.0, 0.0] [0.0, 1.0, 0.0] [0.0, 0.0, 1.0] [27915.9, 1914.11, -12516.0]]
				props {
					speed:r = 30
					moveType:t = "MOVETO_STRAIGHT"
				}
			}
		}
	}
	t2_road_03 {
		closed_waypoints:b = false
		isShipSpline:b = false
		shipTurnRadius:r = 100
		way {
			way_points_01_wp_06 {
				type:t = "normal"
				tm:m = [[1.0, 0.0, 0.0] [0.0, 1.0, 0.0] [0.0, 0.0, 1.0] [37139.9, 2170.31, -10051.7]]
				props {
					speed:r = 30
					moveType:t = "GATHER_TO"
				}
			}
			t2_road_03_wp_01 {
				type:t = "normal"
				tm:m = [[1.0, 0.0, 0.0] [0.0, 1.0, 0.0] [0.0, 0.0, 1.0] [36425.8, 2072.71, -11713.4]]
				props {
					speed:r = 30
					moveType:t = "USE_SPLINES"
				}
			}
			t2_road_03_wp_02 {
				type:t = "normal"
				tm:m = [[1.0, 0.0, 0.0] [0.0, 1.0, 0.0] [0.0, 0.0, 1.0] [33114.8, 1949.95, -12083.0]]
				props {
					speed:r = 30
					moveType:t = "USE_SPLINES"
				}
			}
			t2_road_03_wp_03 {
				type:t = "normal"
				tm:m = [[1.0, 0.0, 0.0] [0.0, 1.0, 0.0] [0.0, 0.0, 1.0] [30349.7, 1936.79, -13474.0]]
				props {
					speed:r = 30
					moveType:t = "USE_SPLINES"
				}
			}
			t2_road_03_wp_04 {
				type:t = "normal"
				tm:m = [[1.0, 0.0, 0.0] [0.0, 1.0, 0.0] [0.0, 0.0, 1.0] [30373.1, 1943.46, -13694.2]]
				props {
					speed:r = 30
					moveType:t = "MOVETO_STRAIGHT"
				}
			}
		}
	}
}