selected_tag:t = ""
bin_dump_file:t = ""
mission_settings {
	player {
		army:i = 1
	}
	player_teamB {
		army:i = 2
	}
	mission {
		level:t = "levels/air_skyscraper_city.bin"
		type:t = "domination"
		environment:t = "Day"
		weather:t = "hazy"
	}
}
imports {

}
triggers {
	isCategory:b = true
	is_enabled:b = true
	airfield_mid_clean_area {
		is_enabled:b = true
		comments:t = ""
		props {
			actionsType:t = "PERFORM_ONE_BY_ONE"
			conditionsType:t = "ALL"
			enableAfterComplete:b = false
		}
		events {
			initMission {

			}
		}
		conditions {

		}
		actions {
			missionDestroyArea {
				target_type:t = "rendinsts"
				area:t = "t1_clean_area"
			}
		}
		else_actions {

		}
	}
}
mission_objectives {
	isCategory:b = true
	is_enabled:b = true
}
variables {

}
dialogs {

}
airfields {

}
effects {

}
units {
	objectGroups {
		name:t = "t1_airfield_mid"
		tm:m = [[-0.152797, 0.0, -0.988257] [0.0, 1.0, 0.0] [0.988257, 0.0, -0.152797] [-14369.2, 107.863, -15083.7]]
		unit_class:t = "dynaf_pg_1line_ground"
		objLayer:i = 2
		props {
			army:i = 1
			active:b = true
		}
	}
	objectGroups {
		name:t = "t2_airfield_mid"
		tm:m = [[-0.310543, 0.0, 0.950558] [0.0, 1.0, 0.0] [-0.950558, 0.0, -0.310543] [-15838.0, 260.543, 18682.7]]
		unit_class:t = "dynaf_pg_1line_ground"
		objLayer:i = 2
		props {
			army:i = 2
			active:b = true
		}
	}
	objectGroups {
		name:t = "t1_airfield_mid_reload"
		tm:m = [[-0.0237643, 0.0, -0.999717] [0.0, 1.0, 0.0] [0.999717, 0.0, -0.0237643] [-8685.58, 117.251, -9812.61]]
		unit_class:t = "dynaf_pg_1line_ground"
		objLayer:i = 2
		props {
			army:i = 1
			active:b = true
		}
	}
	objectGroups {
		name:t = "t2_airfield_mid_reload"
		tm:m = [[-0.570521, 0.0, 0.821281] [0.0, 1.0, 0.0] [-0.821281, 0.0, -0.570521] [-14462.3, 155.941, 11703.5]]
		unit_class:t = "dynaf_pg_1line_ground"
		objLayer:i = 2
		props {
			army:i = 2
			active:b = true
		}
	}
	air_defence {
		name:t = "t1_aaa_mid_light_01"
		tm:m = [[0.442899, 0.0, 0.896572] [0.0, 1.0, 0.0] [-0.896572, 0.0, 0.442899] [-14443.8, 96.2482, -14176.2]]
		unit_class:t = "germ_37mm_flak43_airfield"
		objLayer:i = 1
		closed_waypoints:b = false
		isShipSpline:b = false
		shipTurnRadius:r = 100
		weapons:t = ""
		bullets0:t = ""
		bullets1:t = ""
		bullets2:t = ""
		bullets3:t = ""
		bulletsCount0:i = 0
		bulletsCount1:i = 0
		bulletsCount2:i = 0
		bulletsCount3:i = 0
		crewSkillK:r = 0
		applyAllMods:b = false
		props {
			army:i = 1
			count:i = 1
			formation_type:t = "rows"
			formation_div:i = 3
			formation_step:p2 = 2.5, 2
			formation_noise:p2 = 0.1, 0.1
			uniqueName:t = ""
			attack_type:t = "fire_at_will"
		}
		way {

		}
	}
	air_defence {
		name:t = "t1_aaa_mid_light_02"
		tm:m = [[0.442899, 0.0, 0.896572] [0.0, 1.0, 0.0] [-0.896572, 0.0, 0.442899] [-14823.3, 75.5133, -15217.2]]
		unit_class:t = "germ_37mm_flak43_airfield"
		objLayer:i = 1
		closed_waypoints:b = false
		isShipSpline:b = false
		shipTurnRadius:r = 100
		weapons:t = ""
		bullets0:t = ""
		bullets1:t = ""
		bullets2:t = ""
		bullets3:t = ""
		bulletsCount0:i = 0
		bulletsCount1:i = 0
		bulletsCount2:i = 0
		bulletsCount3:i = 0
		crewSkillK:r = 0
		applyAllMods:b = false
		props {
			army:i = 1
			count:i = 1
			formation_type:t = "rows"
			formation_div:i = 3
			formation_step:p2 = 2.5, 2
			formation_noise:p2 = 0.1, 0.1
			uniqueName:t = ""
			attack_type:t = "fire_at_will"
		}
		way {

		}
	}
	air_defence {
		name:t = "t1_aaa_mid_light_03"
		tm:m = [[0.442899, 0.0, 0.896572] [0.0, 1.0, 0.0] [-0.896572, 0.0, 0.442899] [-15013.0, 54.8876, -15321.2]]
		unit_class:t = "germ_37mm_flak43_airfield"
		objLayer:i = 1
		closed_waypoints:b = false
		isShipSpline:b = false
		shipTurnRadius:r = 100
		weapons:t = ""
		bullets0:t = ""
		bullets1:t = ""
		bullets2:t = ""
		bullets3:t = ""
		bulletsCount0:i = 0
		bulletsCount1:i = 0
		bulletsCount2:i = 0
		bulletsCount3:i = 0
		crewSkillK:r = 0
		applyAllMods:b = false
		props {
			army:i = 1
			count:i = 1
			formation_type:t = "rows"
			formation_div:i = 3
			formation_step:p2 = 2.5, 2
			formation_noise:p2 = 0.1, 0.1
			uniqueName:t = ""
			attack_type:t = "fire_at_will"
		}
		way {

		}
	}
	air_defence {
		name:t = "t1_aaa_mid_light_04"
		tm:m = [[0.442899, 0.0, 0.896572] [0.0, 1.0, 0.0] [-0.896572, 0.0, 0.442899] [-14278.2, 95.2293, -16364.2]]
		unit_class:t = "germ_37mm_flak43_airfield"
		objLayer:i = 1
		closed_waypoints:b = false
		isShipSpline:b = false
		shipTurnRadius:r = 100
		weapons:t = ""
		bullets0:t = ""
		bullets1:t = ""
		bullets2:t = ""
		bullets3:t = ""
		bulletsCount0:i = 0
		bulletsCount1:i = 0
		bulletsCount2:i = 0
		bulletsCount3:i = 0
		crewSkillK:r = 0
		applyAllMods:b = false
		props {
			army:i = 1
			count:i = 1
			formation_type:t = "rows"
			formation_div:i = 3
			formation_step:p2 = 2.5, 2
			formation_noise:p2 = 0.1, 0.1
			uniqueName:t = ""
			attack_type:t = "fire_at_will"
		}
		way {

		}
	}
	air_defence {
		name:t = "t1_aaa_mid_light_05"
		tm:m = [[0.442899, 0.0, 0.896572] [0.0, 1.0, 0.0] [-0.896572, 0.0, 0.442899] [-14086.4, 101.562, -15139.4]]
		unit_class:t = "germ_37mm_flak43_airfield"
		objLayer:i = 1
		closed_waypoints:b = false
		isShipSpline:b = false
		shipTurnRadius:r = 100
		weapons:t = ""
		bullets0:t = ""
		bullets1:t = ""
		bullets2:t = ""
		bullets3:t = ""
		bulletsCount0:i = 0
		bulletsCount1:i = 0
		bulletsCount2:i = 0
		bulletsCount3:i = 0
		crewSkillK:r = 0
		applyAllMods:b = false
		props {
			army:i = 1
			count:i = 1
			formation_type:t = "rows"
			formation_div:i = 3
			formation_step:p2 = 2.5, 2
			formation_noise:p2 = 0.1, 0.1
			uniqueName:t = ""
			attack_type:t = "fire_at_will"
		}
		way {

		}
	}
	air_defence {
		name:t = "t1_aaa_mid_light_06"
		tm:m = [[0.442899, 0.0, 0.896572] [0.0, 1.0, 0.0] [-0.896572, 0.0, 0.442899] [-13960.1, 102.371, -14562.8]]
		unit_class:t = "germ_37mm_flak43_airfield"
		objLayer:i = 1
		closed_waypoints:b = false
		isShipSpline:b = false
		shipTurnRadius:r = 100
		weapons:t = ""
		bullets0:t = ""
		bullets1:t = ""
		bullets2:t = ""
		bullets3:t = ""
		bulletsCount0:i = 0
		bulletsCount1:i = 0
		bulletsCount2:i = 0
		bulletsCount3:i = 0
		crewSkillK:r = 0
		applyAllMods:b = false
		props {
			army:i = 1
			count:i = 1
			formation_type:t = "rows"
			formation_div:i = 3
			formation_step:p2 = 2.5, 2
			formation_noise:p2 = 0.1, 0.1
			uniqueName:t = ""
			attack_type:t = "fire_at_will"
		}
		way {

		}
	}
	air_defence {
		name:t = "t1_aaa_mid_heavy_01"
		tm:m = [[0.442899, 0.0, 0.896572] [0.0, 1.0, 0.0] [-0.896572, 0.0, 0.442899] [-14777.5, 108.435, -16233.2]]
		unit_class:t = "germ_88mm_flak36"
		objLayer:i = 1
		closed_waypoints:b = false
		isShipSpline:b = false
		shipTurnRadius:r = 100
		weapons:t = ""
		bullets0:t = ""
		bullets1:t = ""
		bullets2:t = ""
		bullets3:t = ""
		bulletsCount0:i = 0
		bulletsCount1:i = 0
		bulletsCount2:i = 0
		bulletsCount3:i = 0
		crewSkillK:r = 0
		applyAllMods:b = false
		props {
			army:i = 1
			count:i = 1
			formation_type:t = "rows"
			formation_div:i = 3
			formation_step:p2 = 2.5, 2
			formation_noise:p2 = 0.1, 0.1
			uniqueName:t = ""
			attack_type:t = "fire_at_will"
		}
		way {

		}
	}
	air_defence {
		name:t = "t1_aaa_mid_heavy_02"
		tm:m = [[0.442899, 0.0, 0.896572] [0.0, 1.0, 0.0] [-0.896572, 0.0, 0.442899] [-14603.0, 76.9341, -14528.9]]
		unit_class:t = "germ_88mm_flak36"
		objLayer:i = 1
		closed_waypoints:b = false
		isShipSpline:b = false
		shipTurnRadius:r = 100
		weapons:t = ""
		bullets0:t = ""
		bullets1:t = ""
		bullets2:t = ""
		bullets3:t = ""
		bulletsCount0:i = 0
		bulletsCount1:i = 0
		bulletsCount2:i = 0
		bulletsCount3:i = 0
		crewSkillK:r = 0
		applyAllMods:b = false
		props {
			army:i = 1
			count:i = 1
			formation_type:t = "rows"
			formation_div:i = 3
			formation_step:p2 = 2.5, 2
			formation_noise:p2 = 0.1, 0.1
			uniqueName:t = ""
			attack_type:t = "fire_at_will"
		}
		way {

		}
	}
	air_defence {
		name:t = "t1_aaa_mid_heavy_03"
		tm:m = [[0.442899, 0.0, 0.896572] [0.0, 1.0, 0.0] [-0.896572, 0.0, 0.442899] [-13483.3, 105.189, -15034.2]]
		unit_class:t = "germ_88mm_flak36"
		objLayer:i = 1
		closed_waypoints:b = false
		isShipSpline:b = false
		shipTurnRadius:r = 100
		weapons:t = ""
		bullets0:t = ""
		bullets1:t = ""
		bullets2:t = ""
		bullets3:t = ""
		bulletsCount0:i = 0
		bulletsCount1:i = 0
		bulletsCount2:i = 0
		bulletsCount3:i = 0
		crewSkillK:r = 0
		applyAllMods:b = false
		props {
			army:i = 1
			count:i = 1
			formation_type:t = "rows"
			formation_div:i = 3
			formation_step:p2 = 2.5, 2
			formation_noise:p2 = 0.1, 0.1
			uniqueName:t = ""
			attack_type:t = "fire_at_will"
		}
		way {

		}
	}
	air_defence {
		name:t = "t1_aaa_mid_heavy_04"
		tm:m = [[0.442899, 0.0, 0.896572] [0.0, 1.0, 0.0] [-0.896572, 0.0, 0.442899] [-13476.8, 205.932, -14104.0]]
		unit_class:t = "germ_88mm_flak36"
		objLayer:i = 1
		closed_waypoints:b = false
		isShipSpline:b = false
		shipTurnRadius:r = 100
		weapons:t = ""
		bullets0:t = ""
		bullets1:t = ""
		bullets2:t = ""
		bullets3:t = ""
		bulletsCount0:i = 0
		bulletsCount1:i = 0
		bulletsCount2:i = 0
		bulletsCount3:i = 0
		crewSkillK:r = 0
		applyAllMods:b = false
		props {
			army:i = 1
			count:i = 1
			formation_type:t = "rows"
			formation_div:i = 3
			formation_step:p2 = 2.5, 2
			formation_noise:p2 = 0.1, 0.1
			uniqueName:t = ""
			attack_type:t = "fire_at_will"
		}
		way {

		}
	}
	squad {
		name:t = "t1_def_aaa_mid_squad"
		tm:m = [[0.442899, 0.0, 0.896572] [0.0, 1.0, 0.0] [-0.896572, 0.0, 0.442899] [-15718.1, 66.639, -12879.6]]
		props {
			squad_members:t = "t1_aaa_mid_light_01"
			squad_members:t = "t1_aaa_mid_light_02"
			squad_members:t = "t1_aaa_mid_light_03"
			squad_members:t = "t1_aaa_mid_light_04"
			squad_members:t = "t1_aaa_mid_light_05"
			squad_members:t = "t1_aaa_mid_light_06"
			squad_members:t = "t1_aaa_mid_heavy_01"
			squad_members:t = "t1_aaa_mid_heavy_02"
			squad_members:t = "t1_aaa_mid_heavy_03"
			squad_members:t = "t1_aaa_mid_heavy_04"
			object_marking:i = 0
		}
	}
	air_defence {
		name:t = "t2_aaa_mid_light_01"
		tm:m = [[-0.183813, 0.0, 0.982961] [0.0, 1.0, 0.0] [-0.982961, 0.0, -0.183813] [-15756.5, 282.506, 19889.0]]
		unit_class:t = "germ_37mm_flak43_airfield"
		objLayer:i = 1
		closed_waypoints:b = false
		isShipSpline:b = false
		shipTurnRadius:r = 100
		weapons:t = ""
		bullets0:t = ""
		bullets1:t = ""
		bullets2:t = ""
		bullets3:t = ""
		bulletsCount0:i = 0
		bulletsCount1:i = 0
		bulletsCount2:i = 0
		bulletsCount3:i = 0
		crewSkillK:r = 0
		applyAllMods:b = false
		props {
			army:i = 2
			count:i = 1
			formation_type:t = "rows"
			formation_div:i = 3
			formation_step:p2 = 2.5, 2
			formation_noise:p2 = 0.1, 0.1
			uniqueName:t = ""
			attack_type:t = "fire_at_will"
		}
		way {

		}
	}
	air_defence {
		name:t = "t2_aaa_mid_light_02"
		tm:m = [[-0.183813, 0.0, 0.982961] [0.0, 1.0, 0.0] [-0.982961, 0.0, -0.183813] [-15250.8, 297.409, 19009.1]]
		unit_class:t = "germ_37mm_flak43_airfield"
		objLayer:i = 1
		closed_waypoints:b = false
		isShipSpline:b = false
		shipTurnRadius:r = 100
		weapons:t = ""
		bullets0:t = ""
		bullets1:t = ""
		bullets2:t = ""
		bullets3:t = ""
		bulletsCount0:i = 0
		bulletsCount1:i = 0
		bulletsCount2:i = 0
		bulletsCount3:i = 0
		crewSkillK:r = 0
		applyAllMods:b = false
		props {
			army:i = 2
			count:i = 1
			formation_type:t = "rows"
			formation_div:i = 3
			formation_step:p2 = 2.5, 2
			formation_noise:p2 = 0.1, 0.1
			uniqueName:t = ""
			attack_type:t = "fire_at_will"
		}
		way {

		}
	}
	air_defence {
		name:t = "t2_aaa_mid_light_03"
		tm:m = [[-0.183813, 0.0, 0.982961] [0.0, 1.0, 0.0] [-0.982961, 0.0, -0.183813] [-15093.7, 283.209, 18075.8]]
		unit_class:t = "germ_37mm_flak43_airfield"
		objLayer:i = 1
		closed_waypoints:b = false
		isShipSpline:b = false
		shipTurnRadius:r = 100
		weapons:t = ""
		bullets0:t = ""
		bullets1:t = ""
		bullets2:t = ""
		bullets3:t = ""
		bulletsCount0:i = 0
		bulletsCount1:i = 0
		bulletsCount2:i = 0
		bulletsCount3:i = 0
		crewSkillK:r = 0
		applyAllMods:b = false
		props {
			army:i = 2
			count:i = 1
			formation_type:t = "rows"
			formation_div:i = 3
			formation_step:p2 = 2.5, 2
			formation_noise:p2 = 0.1, 0.1
			uniqueName:t = ""
			attack_type:t = "fire_at_will"
		}
		way {

		}
	}
	air_defence {
		name:t = "t2_aaa_mid_light_04"
		tm:m = [[-0.183813, 0.0, 0.982961] [0.0, 1.0, 0.0] [-0.982961, 0.0, -0.183813] [-15945.9, 267.512, 18250.4]]
		unit_class:t = "germ_37mm_flak43_airfield"
		objLayer:i = 1
		closed_waypoints:b = false
		isShipSpline:b = false
		shipTurnRadius:r = 100
		weapons:t = ""
		bullets0:t = ""
		bullets1:t = ""
		bullets2:t = ""
		bullets3:t = ""
		bulletsCount0:i = 0
		bulletsCount1:i = 0
		bulletsCount2:i = 0
		bulletsCount3:i = 0
		crewSkillK:r = 0
		applyAllMods:b = false
		props {
			army:i = 2
			count:i = 1
			formation_type:t = "rows"
			formation_div:i = 3
			formation_step:p2 = 2.5, 2
			formation_noise:p2 = 0.1, 0.1
			uniqueName:t = ""
			attack_type:t = "fire_at_will"
		}
		way {

		}
	}
	air_defence {
		name:t = "t2_aaa_mid_light_05"
		tm:m = [[-0.183813, 0.0, 0.982961] [0.0, 1.0, 0.0] [-0.982961, 0.0, -0.183813] [-16558.4, 212.352, 19227.2]]
		unit_class:t = "germ_37mm_flak43_airfield"
		objLayer:i = 1
		closed_waypoints:b = false
		isShipSpline:b = false
		shipTurnRadius:r = 100
		weapons:t = ""
		bullets0:t = ""
		bullets1:t = ""
		bullets2:t = ""
		bullets3:t = ""
		bulletsCount0:i = 0
		bulletsCount1:i = 0
		bulletsCount2:i = 0
		bulletsCount3:i = 0
		crewSkillK:r = 0
		applyAllMods:b = false
		props {
			army:i = 2
			count:i = 1
			formation_type:t = "rows"
			formation_div:i = 3
			formation_step:p2 = 2.5, 2
			formation_noise:p2 = 0.1, 0.1
			uniqueName:t = ""
			attack_type:t = "fire_at_will"
		}
		way {

		}
	}
	air_defence {
		name:t = "t2_aaa_mid_light_06"
		tm:m = [[-0.183813, 0.0, 0.982961] [0.0, 1.0, 0.0] [-0.982961, 0.0, -0.183813] [-16326.8, 248.873, 19648.1]]
		unit_class:t = "germ_37mm_flak43_airfield"
		objLayer:i = 1
		closed_waypoints:b = false
		isShipSpline:b = false
		shipTurnRadius:r = 100
		weapons:t = ""
		bullets0:t = ""
		bullets1:t = ""
		bullets2:t = ""
		bullets3:t = ""
		bulletsCount0:i = 0
		bulletsCount1:i = 0
		bulletsCount2:i = 0
		bulletsCount3:i = 0
		crewSkillK:r = 0
		applyAllMods:b = false
		props {
			army:i = 2
			count:i = 1
			formation_type:t = "rows"
			formation_div:i = 3
			formation_step:p2 = 2.5, 2
			formation_noise:p2 = 0.1, 0.1
			uniqueName:t = ""
			attack_type:t = "fire_at_will"
		}
		way {

		}
	}
	air_defence {
		name:t = "t2_aaa_mid_heavy_02"
		tm:m = [[-0.183813, 0.0, 0.982961] [0.0, 1.0, 0.0] [-0.982961, 0.0, -0.183813] [-15774.3, 278.998, 17403.6]]
		unit_class:t = "germ_88mm_flak36"
		objLayer:i = 1
		closed_waypoints:b = false
		isShipSpline:b = false
		shipTurnRadius:r = 100
		weapons:t = ""
		bullets0:t = ""
		bullets1:t = ""
		bullets2:t = ""
		bullets3:t = ""
		bulletsCount0:i = 0
		bulletsCount1:i = 0
		bulletsCount2:i = 0
		bulletsCount3:i = 0
		crewSkillK:r = 0
		applyAllMods:b = false
		props {
			army:i = 2
			count:i = 1
			formation_type:t = "rows"
			formation_div:i = 3
			formation_step:p2 = 2.5, 2
			formation_noise:p2 = 0.1, 0.1
			uniqueName:t = ""
			attack_type:t = "fire_at_will"
		}
		way {

		}
	}
	air_defence {
		name:t = "t2_aaa_mid_heavy_03"
		tm:m = [[-0.183813, 0.0, 0.982961] [0.0, 1.0, 0.0] [-0.982961, 0.0, -0.183813] [-15206.7, 284.61, 18462.9]]
		unit_class:t = "germ_88mm_flak36"
		objLayer:i = 1
		closed_waypoints:b = false
		isShipSpline:b = false
		shipTurnRadius:r = 100
		weapons:t = ""
		bullets0:t = ""
		bullets1:t = ""
		bullets2:t = ""
		bullets3:t = ""
		bulletsCount0:i = 0
		bulletsCount1:i = 0
		bulletsCount2:i = 0
		bulletsCount3:i = 0
		crewSkillK:r = 0
		applyAllMods:b = false
		props {
			army:i = 2
			count:i = 1
			formation_type:t = "rows"
			formation_div:i = 3
			formation_step:p2 = 2.5, 2
			formation_noise:p2 = 0.1, 0.1
			uniqueName:t = ""
			attack_type:t = "fire_at_will"
		}
		way {

		}
	}
	air_defence {
		name:t = "t2_aaa_mid_heavy_04"
		tm:m = [[-0.183813, 0.0, 0.982961] [0.0, 1.0, 0.0] [-0.982961, 0.0, -0.183813] [-15753.7, 263.01, 18966.6]]
		unit_class:t = "germ_88mm_flak36"
		objLayer:i = 1
		closed_waypoints:b = false
		isShipSpline:b = false
		shipTurnRadius:r = 100
		weapons:t = ""
		bullets0:t = ""
		bullets1:t = ""
		bullets2:t = ""
		bullets3:t = ""
		bulletsCount0:i = 0
		bulletsCount1:i = 0
		bulletsCount2:i = 0
		bulletsCount3:i = 0
		crewSkillK:r = 0
		applyAllMods:b = false
		props {
			army:i = 2
			count:i = 1
			formation_type:t = "rows"
			formation_div:i = 3
			formation_step:p2 = 2.5, 2
			formation_noise:p2 = 0.1, 0.1
			uniqueName:t = ""
			attack_type:t = "fire_at_will"
		}
		way {

		}
	}
	squad {
		name:t = "t2_def_aaa_mid_squad"
		tm:m = [[-0.183813, 0.0, 0.982961] [0.0, 1.0, 0.0] [-0.982961, 0.0, -0.183813] [-17224.6, 535.941, 18820.8]]
		props {
			squad_members:t = "t2_aaa_mid_light_01"
			squad_members:t = "t2_aaa_mid_light_02"
			squad_members:t = "t2_aaa_mid_light_03"
			squad_members:t = "t2_aaa_mid_light_04"
			squad_members:t = "t2_aaa_mid_light_05"
			squad_members:t = "t2_aaa_mid_light_06"
			squad_members:t = "t2_aaa_mid_heavy_01"
			squad_members:t = "t2_aaa_mid_heavy_02"
			squad_members:t = "t2_aaa_mid_heavy_03"
			squad_members:t = "t2_aaa_mid_heavy_04"
			object_marking:i = 0
		}
	}
	air_defence {
		name:t = "t2_aaa_mid_heavy_01"
		tm:m = [[-0.183813, 0.0, 0.982961] [0.0, 1.0, 0.0] [-0.982961, 0.0, -0.183813] [-15614.4, 272.314, 19400.2]]
		unit_class:t = "germ_88mm_flak36"
		objLayer:i = 1
		closed_waypoints:b = false
		isShipSpline:b = false
		shipTurnRadius:r = 100
		weapons:t = ""
		bullets0:t = ""
		bullets1:t = ""
		bullets2:t = ""
		bullets3:t = ""
		bulletsCount0:i = 0
		bulletsCount1:i = 0
		bulletsCount2:i = 0
		bulletsCount3:i = 0
		crewSkillK:r = 0
		applyAllMods:b = false
		props {
			army:i = 2
			count:i = 1
			formation_type:t = "rows"
			formation_div:i = 3
			formation_step:p2 = 2.5, 2
			formation_noise:p2 = 0.1, 0.1
			uniqueName:t = ""
			attack_type:t = "fire_at_will"
		}
		way {

		}
	}
}
areas {
	t1_interceptor_area_mid {
		type:t = "Sphere"
		tm:m = [[-5772.0, 0.0, 1638.26] [0.0, 6000.0, 0.0] [-1638.26, 0.0, -5772.0] [-14356.1, 1999.99, -14706.1]]
		props {

		}
	}
	t1_assault_mid_spawn {
		type:t = "Sphere"
		tm:m = [[94.4248, 0.0, 284.753] [0.0, 300.0, 0.0] [-284.753, 0.0, 94.4248] [-12991.6, 999.995, -9896.54]]
		props {

		}
	}
	t1_aaa_fighter_area_mid {
		type:t = "Sphere"
		tm:m = [[-3848.01, 0.0, 1092.18] [0.0, 4000.0, 0.0] [-1092.18, 0.0, -3848.01] [-14356.1, 2999.99, -14706.1]]
		props {

		}
	}
	t1_assault_area_mid {
		type:t = "Sphere"
		tm:m = [[-9620.03, 0.0, 2730.44] [0.0, 10000.0, 0.0] [-2730.44, 0.0, -9620.03] [-14356.1, 999.995, -14706.1]]
		props {

		}
	}
	t1_interceptor_mid_spawn {
		type:t = "Sphere"
		tm:m = [[94.4248, 0.0, 284.753] [0.0, 300.0, 0.0] [-284.753, 0.0, 94.4248] [-15169.8, 999.995, -17573.9]]
		props {

		}
	}
	t1_aaa_fighter_mid_spawn {
		type:t = "Sphere"
		tm:m = [[94.4248, 0.0, 284.753] [0.0, 300.0, 0.0] [-284.753, 0.0, 94.4248] [-14900.1, 1999.99, -16623.6]]
		props {

		}
	}
	t1_far_bomber_mid_spawn {
		type:t = "Sphere"
		tm:m = [[94.4248, 0.0, 284.753] [0.0, 300.0, 0.0] [-284.753, 0.0, 94.4248] [-13810.0, 4499.99, -12783.0]]
		props {

		}
	}
	t1_main_bomber_mid_spawn {
		type:t = "Sphere"
		tm:m = [[94.4248, 0.0, 284.753] [0.0, 300.0, 0.0] [-284.753, 0.0, 94.4248] [-13673.3, 3499.99, -12301.4]]
		props {

		}
	}
	t1_far_bomber_area_mid {
		type:t = "Sphere"
		tm:m = [[-3848.01, 0.0, 1092.18] [0.0, 4000.0, 0.0] [-1092.18, 0.0, -3848.01] [-14356.1, 4499.99, -14706.1]]
		props {

		}
	}
	t1_main_bomber_area_mid {
		type:t = "Sphere"
		tm:m = [[-4810.01, 0.0, 1365.22] [0.0, 5000.0, 0.0] [-1365.22, 0.0, -4810.01] [-14356.1, 3499.99, -14706.1]]
		props {

		}
	}
	t2_interceptor_area_mid {
		type:t = "Sphere"
		tm:m = [[5542.23, 0.0, 2298.6] [0.0, 6000.0, 0.0] [-2298.6, 0.0, 5542.23] [-15839.0, 2000.0, 18652.2]]
		props {

		}
	}
	t2_assault_mid_spawn {
		type:t = "Sphere"
		tm:m = [[102.732, 0.0, -281.862] [0.0, 300.0, 0.0] [281.862, 0.0, 102.732] [-13923.2, 999.996, 14033.1]]
		props {

		}
	}
	t2_aaa_fighter_area_mid {
		type:t = "Sphere"
		tm:m = [[3694.83, 0.0, 1532.4] [0.0, 4000.0, 0.0] [-1532.4, 0.0, 3694.83] [-15838.9, 3000.0, 18652.4]]
		props {

		}
	}
	t2_assault_area_mid {
		type:t = "Sphere"
		tm:m = [[9237.06, 0.0, 3830.98] [0.0, 10000.0, 0.0] [-3830.98, 0.0, 9237.06] [-15838.9, 999.996, 18652.4]]
		props {

		}
	}
	t2_interceptor_mid_spawn {
		type:t = "Sphere"
		tm:m = [[102.732, 0.0, -281.862] [0.0, 300.0, 0.0] [281.862, 0.0, 102.732] [-16981.2, 999.996, 21405.9]]
		props {

		}
	}
	t2_aaa_fighter_mid_spawn {
		type:t = "Sphere"
		tm:m = [[102.732, 0.0, -281.862] [0.0, 300.0, 0.0] [281.862, 0.0, 102.732] [-16602.9, 2000.0, 20493.4]]
		props {

		}
	}
	t2_far_bomber_mid_spawn {
		type:t = "Sphere"
		tm:m = [[102.732, 0.0, -281.862] [0.0, 300.0, 0.0] [281.862, 0.0, 102.732] [-15073.3, 4500.0, 16805.6]]
		props {

		}
	}
	t2_main_bomber_mid_spawn {
		type:t = "Sphere"
		tm:m = [[102.732, 0.0, -281.862] [0.0, 300.0, 0.0] [281.862, 0.0, 102.732] [-14881.6, 3500.0, 16343.3]]
		props {

		}
	}
	t2_far_bomber_area_mid {
		type:t = "Sphere"
		tm:m = [[3694.83, 0.0, 1532.4] [0.0, 4000.0, 0.0] [-1532.4, 0.0, 3694.83] [-15838.9, 4500.0, 18652.4]]
		props {

		}
	}
	t2_main_bomber_area_mid {
		type:t = "Sphere"
		tm:m = [[4618.53, 0.0, 1915.49] [0.0, 5000.0, 0.0] [-1915.49, 0.0, 4618.53] [-15839.0, 3500.0, 18652.2]]
		props {

		}
	}
	airfields_area_18km {
		type:t = "Sphere"
		tm:m = [[36000.0, 0.0, -0.00292969] [0.0, 36000.0, 0.0] [0.00292969, 0.0, 36000.0] [-5250.3, 637.548, 2582.35]]
		objLayer:i = 4
		props {

		}
	}
	t2_common_fighters_mid_spawn {
		type:t = "Sphere"
		tm:m = [[102.732, 0.0, -281.862] [0.0, 300.0, 0.0] [281.862, 0.0, 102.732] [-16981.2, 499.999, 21405.9]]
		props {

		}
	}
	t1_common_fighters_mid_spawn {
		type:t = "Sphere"
		tm:m = [[94.4248, 0.0, 284.753] [0.0, 300.0, 0.0] [-284.753, 0.0, 94.4248] [-15169.8, 499.995, -17573.9]]
		props {

		}
	}
	t1_clean_area {
		type:t = "Box"
		tm:m = [[-1018.08, 0.0, 153.499] [0.0, 127.114, 0.0] [-206.926, 0.0, -1372.43] [-14356.1, 52.65, -14706.1]]
		props {

		}
	}
}
objLayers {
	layer {
		enabled:b = true
	}
	layer {
		enabled:b = true
	}
	layer {
		enabled:b = true
	}
	layer {
		enabled:b = false
	}
	layer {
		enabled:b = false
	}
}
wayPoints {

}