selected_tag:t = ""
bin_dump_file:t = ""
mission_settings {
	player {
		army:i = 1
	}
	player_teamB {
		army:i = 2
	}
	mission {
		level:t = "levels/avg_arctic.bin"
		type:t = "domination"
		environment:t = "Day"
		weather:t = "clear"
	}
}
imports {

}
triggers {
	isCategory:b = true
	is_enabled:b = true
}
mission_objectives {
	isCategory:b = true
	is_enabled:b = true
}
variables {

}
dialogs {

}
airfields {

}
effects {

}
units {
	objectGroups {
		name:t = "t1_airfield"
		tm:m = [[0.92416, 0.0, 0.382005] [0.0, 1.0, 0.0] [-0.382005, 0.0, 0.92416] [16202.3, -2.75, 6347.5]]
		unit_class:t = "dynaf_pg_1line_3000_snow"
		objLayer:i = 2
		props {
			army:i = 1
			active:b = true
		}
	}
	air_defence {
		name:t = "t1_airfield_aaa_small_01"
		tm:m = [[0.0683242, 0.0, 0.997663] [0.0, 1.0, 0.0] [-0.997663, 0.0, 0.0683242] [15860.9, 6.83688, 6779.96]]
		unit_class:t = "ussr_37mm_61k_airfield"
		objLayer:i = 1
		closed_waypoints:b = false
		isShipSpline:b = false
		shipTurnRadius:r = 100
		weapons:t = ""
		bullets0:t = ""
		bullets1:t = ""
		bullets2:t = ""
		bullets3:t = ""
		bulletsCount0:i = 0
		bulletsCount1:i = 0
		bulletsCount2:i = 0
		bulletsCount3:i = 0
		crewSkillK:r = 0
		applyAllMods:b = false
		props {
			army:i = 1
			count:i = 1
			formation_type:t = "rows"
			formation_div:i = 3
			formation_step:p2 = 2.5, 2
			formation_noise:p2 = 0.1, 0.1
			uniqueName:t = ""
			attack_type:t = "fire_at_will"
		}
		way {

		}
	}
	air_defence {
		name:t = "t1_airfield_aaa_small_02"
		tm:m = [[0.0683242, 0.0, 0.997663] [0.0, 1.0, 0.0] [-0.997663, 0.0, 0.0683242] [16302.5, 7.39935, 6600.88]]
		unit_class:t = "ussr_37mm_61k_airfield"
		objLayer:i = 1
		closed_waypoints:b = false
		isShipSpline:b = false
		shipTurnRadius:r = 100
		weapons:t = ""
		bullets0:t = ""
		bullets1:t = ""
		bullets2:t = ""
		bullets3:t = ""
		bulletsCount0:i = 0
		bulletsCount1:i = 0
		bulletsCount2:i = 0
		bulletsCount3:i = 0
		crewSkillK:r = 0
		applyAllMods:b = false
		props {
			army:i = 1
			count:i = 1
			formation_type:t = "rows"
			formation_div:i = 3
			formation_step:p2 = 2.5, 2
			formation_noise:p2 = 0.1, 0.1
			uniqueName:t = ""
			attack_type:t = "fire_at_will"
		}
		way {

		}
	}
	air_defence {
		name:t = "t1_airfield_aaa_small_03"
		tm:m = [[-0.192218, 0.0, 0.981351] [0.0, 1.0, 0.0] [-0.981351, 0.0, -0.192218] [16745.2, 6.56372, 5969.21]]
		unit_class:t = "ussr_37mm_61k_airfield"
		objLayer:i = 1
		closed_waypoints:b = false
		isShipSpline:b = false
		shipTurnRadius:r = 100
		weapons:t = ""
		bullets0:t = ""
		bullets1:t = ""
		bullets2:t = ""
		bullets3:t = ""
		bulletsCount0:i = 0
		bulletsCount1:i = 0
		bulletsCount2:i = 0
		bulletsCount3:i = 0
		crewSkillK:r = 0
		applyAllMods:b = false
		props {
			army:i = 1
			count:i = 1
			formation_type:t = "rows"
			formation_div:i = 3
			formation_step:p2 = 2.5, 2
			formation_noise:p2 = 0.1, 0.1
			uniqueName:t = ""
			attack_type:t = "fire_at_will"
		}
		way {

		}
	}
	air_defence {
		name:t = "t1_airfield_aaa_small_04"
		tm:m = [[0.0683242, 0.0, 0.997663] [0.0, 1.0, 0.0] [-0.997663, 0.0, 0.0683242] [15594.4, 40.4763, 6417.04]]
		unit_class:t = "ussr_37mm_61k_airfield"
		objLayer:i = 1
		closed_waypoints:b = false
		isShipSpline:b = false
		shipTurnRadius:r = 100
		weapons:t = ""
		bullets0:t = ""
		bullets1:t = ""
		bullets2:t = ""
		bullets3:t = ""
		bulletsCount0:i = 0
		bulletsCount1:i = 0
		bulletsCount2:i = 0
		bulletsCount3:i = 0
		crewSkillK:r = 0
		applyAllMods:b = false
		props {
			army:i = 1
			count:i = 1
			formation_type:t = "rows"
			formation_div:i = 3
			formation_step:p2 = 2.5, 2
			formation_noise:p2 = 0.1, 0.1
			uniqueName:t = ""
			attack_type:t = "fire_at_will"
		}
		way {

		}
	}
	air_defence {
		name:t = "t1_airfield_aaa_small_05"
		tm:m = [[0.0683242, 0.0, 0.997663] [0.0, 1.0, 0.0] [-0.997663, 0.0, 0.0683242] [17142.2, 27.4888, 6283.82]]
		unit_class:t = "ussr_37mm_61k_airfield"
		objLayer:i = 1
		closed_waypoints:b = false
		isShipSpline:b = false
		shipTurnRadius:r = 100
		weapons:t = ""
		bullets0:t = ""
		bullets1:t = ""
		bullets2:t = ""
		bullets3:t = ""
		bulletsCount0:i = 0
		bulletsCount1:i = 0
		bulletsCount2:i = 0
		bulletsCount3:i = 0
		crewSkillK:r = 0
		applyAllMods:b = false
		props {
			army:i = 1
			count:i = 1
			formation_type:t = "rows"
			formation_div:i = 3
			formation_step:p2 = 2.5, 2
			formation_noise:p2 = 0.1, 0.1
			uniqueName:t = ""
			attack_type:t = "fire_at_will"
		}
		way {

		}
	}
	air_defence {
		name:t = "t1_airfield_aaa_small_06"
		tm:m = [[0.0683242, 0.0, 0.997663] [0.0, 1.0, 0.0] [-0.997663, 0.0, 0.0683242] [16746.2, 6.91071, 6816.87]]
		unit_class:t = "ussr_37mm_61k_airfield"
		objLayer:i = 1
		closed_waypoints:b = false
		isShipSpline:b = false
		shipTurnRadius:r = 100
		weapons:t = ""
		bullets0:t = ""
		bullets1:t = ""
		bullets2:t = ""
		bullets3:t = ""
		bulletsCount0:i = 0
		bulletsCount1:i = 0
		bulletsCount2:i = 0
		bulletsCount3:i = 0
		crewSkillK:r = 0
		applyAllMods:b = false
		props {
			army:i = 1
			count:i = 1
			formation_type:t = "rows"
			formation_div:i = 3
			formation_step:p2 = 2.5, 2
			formation_noise:p2 = 0.1, 0.1
			uniqueName:t = ""
			attack_type:t = "fire_at_will"
		}
		way {

		}
	}
	air_defence {
		name:t = "t1_airfield_aaa_big_01"
		tm:m = [[-0.192218, 0.0, 0.981351] [0.0, 1.0, 0.0] [-0.981351, 0.0, -0.192218] [15833.7, 3.71537, 5674.6]]
		unit_class:t = "germ_88mm_flak36"
		objLayer:i = 1
		closed_waypoints:b = false
		isShipSpline:b = false
		shipTurnRadius:r = 100
		weapons:t = ""
		bullets0:t = ""
		bullets1:t = ""
		bullets2:t = ""
		bullets3:t = ""
		bulletsCount0:i = 0
		bulletsCount1:i = 0
		bulletsCount2:i = 0
		bulletsCount3:i = 0
		crewSkillK:r = 0
		applyAllMods:b = false
		props {
			army:i = 1
			count:i = 1
			formation_type:t = "rows"
			formation_div:i = 3
			formation_step:p2 = 2.5, 2
			formation_noise:p2 = 0.1, 0.1
			uniqueName:t = ""
			attack_type:t = "fire_at_will"
		}
		way {

		}
	}
	air_defence {
		name:t = "t1_airfield_aaa_big_02"
		tm:m = [[-0.192218, 0.0, 0.981351] [0.0, 1.0, 0.0] [-0.981351, 0.0, -0.192218] [15383.7, 7.08946, 5657.75]]
		unit_class:t = "germ_88mm_flak36"
		objLayer:i = 1
		closed_waypoints:b = false
		isShipSpline:b = false
		shipTurnRadius:r = 100
		weapons:t = ""
		bullets0:t = ""
		bullets1:t = ""
		bullets2:t = ""
		bullets3:t = ""
		bulletsCount0:i = 0
		bulletsCount1:i = 0
		bulletsCount2:i = 0
		bulletsCount3:i = 0
		crewSkillK:r = 0
		applyAllMods:b = false
		props {
			army:i = 1
			count:i = 1
			formation_type:t = "rows"
			formation_div:i = 3
			formation_step:p2 = 2.5, 2
			formation_noise:p2 = 0.1, 0.1
			uniqueName:t = ""
			attack_type:t = "fire_at_will"
		}
		way {

		}
	}
	air_defence {
		name:t = "t1_airfield_aaa_big_03"
		tm:m = [[0.0683242, 0.0, 0.997663] [0.0, 1.0, 0.0] [-0.997663, 0.0, 0.0683242] [16212.8, 5.28278, 6013.51]]
		unit_class:t = "germ_88mm_flak36"
		objLayer:i = 1
		closed_waypoints:b = false
		isShipSpline:b = false
		shipTurnRadius:r = 100
		weapons:t = ""
		bullets0:t = ""
		bullets1:t = ""
		bullets2:t = ""
		bullets3:t = ""
		bulletsCount0:i = 0
		bulletsCount1:i = 0
		bulletsCount2:i = 0
		bulletsCount3:i = 0
		crewSkillK:r = 0
		applyAllMods:b = false
		props {
			army:i = 1
			count:i = 1
			formation_type:t = "rows"
			formation_div:i = 3
			formation_step:p2 = 2.5, 2
			formation_noise:p2 = 0.1, 0.1
			uniqueName:t = ""
			attack_type:t = "fire_at_will"
		}
		way {

		}
	}
	air_defence {
		name:t = "t1_airfield_aaa_big_04"
		tm:m = [[0.0683242, 0.0, 0.997663] [0.0, 1.0, 0.0] [-0.997663, 0.0, 0.0683242] [14972.4, 4.52826, 6333.78]]
		unit_class:t = "germ_88mm_flak36"
		objLayer:i = 1
		closed_waypoints:b = false
		isShipSpline:b = false
		shipTurnRadius:r = 100
		weapons:t = ""
		bullets0:t = ""
		bullets1:t = ""
		bullets2:t = ""
		bullets3:t = ""
		bulletsCount0:i = 0
		bulletsCount1:i = 0
		bulletsCount2:i = 0
		bulletsCount3:i = 0
		crewSkillK:r = 0
		applyAllMods:b = false
		props {
			army:i = 1
			count:i = 1
			formation_type:t = "rows"
			formation_div:i = 3
			formation_step:p2 = 2.5, 2
			formation_noise:p2 = 0.1, 0.1
			uniqueName:t = ""
			attack_type:t = "fire_at_will"
		}
		way {

		}
	}
	air_defence {
		name:t = "t2_airfield_aaa_small_01"
		tm:m = [[-0.990449, 0.0, -0.137874] [0.0, 1.0, 0.0] [0.137874, 0.0, -0.990449] [-12124.6, 17.4535, -2055.48]]
		unit_class:t = "germ_37mm_flak43_airfield"
		objLayer:i = 1
		closed_waypoints:b = false
		isShipSpline:b = false
		shipTurnRadius:r = 100
		weapons:t = ""
		bullets0:t = ""
		bullets1:t = ""
		bullets2:t = ""
		bullets3:t = ""
		bulletsCount0:i = 0
		bulletsCount1:i = 0
		bulletsCount2:i = 0
		bulletsCount3:i = 0
		crewSkillK:r = 0
		applyAllMods:b = false
		props {
			army:i = 2
			count:i = 1
			formation_type:t = "rows"
			formation_div:i = 3
			formation_step:p2 = 2.5, 2
			formation_noise:p2 = 0.1, 0.1
			uniqueName:t = ""
			attack_type:t = "fire_at_will"
		}
		way {

		}
	}
	air_defence {
		name:t = "t2_airfield_aaa_small_02"
		tm:m = [[-0.990449, 0.0, -0.137874] [0.0, 1.0, 0.0] [0.137874, 0.0, -0.990449] [-11553.3, 14.0265, -1368.59]]
		unit_class:t = "germ_37mm_flak43_airfield"
		objLayer:i = 1
		closed_waypoints:b = false
		isShipSpline:b = false
		shipTurnRadius:r = 100
		weapons:t = ""
		bullets0:t = ""
		bullets1:t = ""
		bullets2:t = ""
		bullets3:t = ""
		bulletsCount0:i = 0
		bulletsCount1:i = 0
		bulletsCount2:i = 0
		bulletsCount3:i = 0
		crewSkillK:r = 0
		applyAllMods:b = false
		props {
			army:i = 2
			count:i = 1
			formation_type:t = "rows"
			formation_div:i = 3
			formation_step:p2 = 2.5, 2
			formation_noise:p2 = 0.1, 0.1
			uniqueName:t = ""
			attack_type:t = "fire_at_will"
		}
		way {

		}
	}
	air_defence {
		name:t = "t2_airfield_aaa_small_03"
		tm:m = [[-0.990449, 0.0, -0.137874] [0.0, 1.0, 0.0] [0.137874, 0.0, -0.990449] [-12381.9, 17.2036, -1483.34]]
		unit_class:t = "germ_37mm_flak43_airfield"
		objLayer:i = 1
		closed_waypoints:b = false
		isShipSpline:b = false
		shipTurnRadius:r = 100
		weapons:t = ""
		bullets0:t = ""
		bullets1:t = ""
		bullets2:t = ""
		bullets3:t = ""
		bulletsCount0:i = 0
		bulletsCount1:i = 0
		bulletsCount2:i = 0
		bulletsCount3:i = 0
		crewSkillK:r = 0
		applyAllMods:b = false
		props {
			army:i = 2
			count:i = 1
			formation_type:t = "rows"
			formation_div:i = 3
			formation_step:p2 = 2.5, 2
			formation_noise:p2 = 0.1, 0.1
			uniqueName:t = ""
			attack_type:t = "fire_at_will"
		}
		way {

		}
	}
	air_defence {
		name:t = "t2_airfield_aaa_small_04"
		tm:m = [[-0.990449, 0.0, -0.137874] [0.0, 1.0, 0.0] [0.137874, 0.0, -0.990449] [-13183.5, 17.1646, -2081.81]]
		unit_class:t = "germ_37mm_flak43_airfield"
		objLayer:i = 1
		closed_waypoints:b = false
		isShipSpline:b = false
		shipTurnRadius:r = 100
		weapons:t = ""
		bullets0:t = ""
		bullets1:t = ""
		bullets2:t = ""
		bullets3:t = ""
		bulletsCount0:i = 0
		bulletsCount1:i = 0
		bulletsCount2:i = 0
		bulletsCount3:i = 0
		crewSkillK:r = 0
		applyAllMods:b = false
		props {
			army:i = 2
			count:i = 1
			formation_type:t = "rows"
			formation_div:i = 3
			formation_step:p2 = 2.5, 2
			formation_noise:p2 = 0.1, 0.1
			uniqueName:t = ""
			attack_type:t = "fire_at_will"
		}
		way {

		}
	}
	air_defence {
		name:t = "t2_airfield_aaa_small_05"
		tm:m = [[-0.990449, 0.0, -0.137874] [0.0, 1.0, 0.0] [0.137874, 0.0, -0.990449] [-12172.0, 17.3627, -1379.18]]
		unit_class:t = "germ_37mm_flak43_airfield"
		objLayer:i = 1
		closed_waypoints:b = false
		isShipSpline:b = false
		shipTurnRadius:r = 100
		weapons:t = ""
		bullets0:t = ""
		bullets1:t = ""
		bullets2:t = ""
		bullets3:t = ""
		bulletsCount0:i = 0
		bulletsCount1:i = 0
		bulletsCount2:i = 0
		bulletsCount3:i = 0
		crewSkillK:r = 0
		applyAllMods:b = false
		props {
			army:i = 2
			count:i = 1
			formation_type:t = "rows"
			formation_div:i = 3
			formation_step:p2 = 2.5, 2
			formation_noise:p2 = 0.1, 0.1
			uniqueName:t = ""
			attack_type:t = "fire_at_will"
		}
		way {

		}
	}
	air_defence {
		name:t = "t2_airfield_aaa_small_06"
		tm:m = [[-0.990449, 0.0, -0.137874] [0.0, 1.0, 0.0] [0.137874, 0.0, -0.990449] [-12365.2, 29.5532, -1148.59]]
		unit_class:t = "germ_37mm_flak43_airfield"
		objLayer:i = 1
		closed_waypoints:b = false
		isShipSpline:b = false
		shipTurnRadius:r = 100
		weapons:t = ""
		bullets0:t = ""
		bullets1:t = ""
		bullets2:t = ""
		bullets3:t = ""
		bulletsCount0:i = 0
		bulletsCount1:i = 0
		bulletsCount2:i = 0
		bulletsCount3:i = 0
		crewSkillK:r = 0
		applyAllMods:b = false
		props {
			army:i = 2
			count:i = 1
			formation_type:t = "rows"
			formation_div:i = 3
			formation_step:p2 = 2.5, 2
			formation_noise:p2 = 0.1, 0.1
			uniqueName:t = ""
			attack_type:t = "fire_at_will"
		}
		way {

		}
	}
	air_defence {
		name:t = "t2_airfield_aaa_big_01"
		tm:m = [[-0.0152877, 0.0, -0.999882] [0.0, 1.0, 0.0] [0.999882, 0.0, -0.0152877] [-11730.2, 27.5523, -2048.18]]
		unit_class:t = "germ_88mm_flak36"
		objLayer:i = 1
		closed_waypoints:b = false
		isShipSpline:b = false
		shipTurnRadius:r = 100
		weapons:t = ""
		bullets0:t = ""
		bullets1:t = ""
		bullets2:t = ""
		bullets3:t = ""
		bulletsCount0:i = 0
		bulletsCount1:i = 0
		bulletsCount2:i = 0
		bulletsCount3:i = 0
		crewSkillK:r = 0
		applyAllMods:b = false
		props {
			army:i = 2
			count:i = 1
			formation_type:t = "rows"
			formation_div:i = 3
			formation_step:p2 = 2.5, 2
			formation_noise:p2 = 0.1, 0.1
			uniqueName:t = ""
			attack_type:t = "fire_at_will"
		}
		way {

		}
	}
	air_defence {
		name:t = "t2_airfield_aaa_big_02"
		tm:m = [[-0.990449, 0.0, -0.137874] [0.0, 1.0, 0.0] [0.137874, 0.0, -0.990449] [-13083.3, 19.95, -1573.4]]
		unit_class:t = "germ_88mm_flak36"
		objLayer:i = 1
		closed_waypoints:b = false
		isShipSpline:b = false
		shipTurnRadius:r = 100
		weapons:t = ""
		bullets0:t = ""
		bullets1:t = ""
		bullets2:t = ""
		bullets3:t = ""
		bulletsCount0:i = 0
		bulletsCount1:i = 0
		bulletsCount2:i = 0
		bulletsCount3:i = 0
		crewSkillK:r = 0
		applyAllMods:b = false
		props {
			army:i = 2
			count:i = 1
			formation_type:t = "rows"
			formation_div:i = 3
			formation_step:p2 = 2.5, 2
			formation_noise:p2 = 0.1, 0.1
			uniqueName:t = ""
			attack_type:t = "fire_at_will"
		}
		way {

		}
	}
	air_defence {
		name:t = "t2_airfield_aaa_big_03"
		tm:m = [[-0.0152877, 0.0, -0.999882] [0.0, 1.0, 0.0] [0.999882, 0.0, -0.0152877] [-11338.9, 17.3795, -1910.69]]
		unit_class:t = "germ_88mm_flak36"
		objLayer:i = 1
		closed_waypoints:b = false
		isShipSpline:b = false
		shipTurnRadius:r = 100
		weapons:t = ""
		bullets0:t = ""
		bullets1:t = ""
		bullets2:t = ""
		bullets3:t = ""
		bulletsCount0:i = 0
		bulletsCount1:i = 0
		bulletsCount2:i = 0
		bulletsCount3:i = 0
		crewSkillK:r = 0
		applyAllMods:b = false
		props {
			army:i = 2
			count:i = 1
			formation_type:t = "rows"
			formation_div:i = 3
			formation_step:p2 = 2.5, 2
			formation_noise:p2 = 0.1, 0.1
			uniqueName:t = ""
			attack_type:t = "fire_at_will"
		}
		way {

		}
	}
	air_defence {
		name:t = "t2_airfield_aaa_big_04"
		tm:m = [[0.572347, 0.0, -0.820011] [0.0, 1.0, 0.0] [0.820011, 0.0, 0.572347] [-13351.4, 16.5449, -2072.33]]
		unit_class:t = "germ_88mm_flak36"
		objLayer:i = 1
		closed_waypoints:b = false
		isShipSpline:b = false
		shipTurnRadius:r = 100
		weapons:t = ""
		bullets0:t = ""
		bullets1:t = ""
		bullets2:t = ""
		bullets3:t = ""
		bulletsCount0:i = 0
		bulletsCount1:i = 0
		bulletsCount2:i = 0
		bulletsCount3:i = 0
		crewSkillK:r = 0
		applyAllMods:b = false
		props {
			army:i = 2
			count:i = 1
			formation_type:t = "rows"
			formation_div:i = 3
			formation_step:p2 = 2.5, 2
			formation_noise:p2 = 0.1, 0.1
			uniqueName:t = ""
			attack_type:t = "fire_at_will"
		}
		way {

		}
	}
	squad {
		name:t = "t1_airfield_aaa_squad"
		tm:m = [[0.916781, 0.0, -0.399389] [0.0, 1.0, 0.0] [0.399389, 0.0, 0.916781] [14949.6, 620.858, 6147.7]]
		props {
			squad_members:t = "t1_airfield_aaa_small_01"
			squad_members:t = "t1_airfield_aaa_small_02"
			squad_members:t = "t1_airfield_aaa_small_03"
			squad_members:t = "t1_airfield_aaa_small_04"
			squad_members:t = "t1_airfield_aaa_small_05"
			squad_members:t = "t1_airfield_aaa_small_06"
			squad_members:t = "t1_airfield_aaa_big_01"
			squad_members:t = "t1_airfield_aaa_big_02"
			squad_members:t = "t1_airfield_aaa_big_03"
			squad_members:t = "t1_airfield_aaa_big_04"
			object_marking:i = 0
		}
	}
	squad {
		name:t = "t2_airfield_aaa_squad"
		tm:m = [[-0.339525, 0.0, 0.940598] [0.0, 1.0, 0.0] [-0.940598, 0.0, -0.339525] [-12820.0, 623.328, -99.2249]]
		props {
			squad_members:t = "t2_airfield_aaa_small_01"
			squad_members:t = "t2_airfield_aaa_small_02"
			squad_members:t = "t2_airfield_aaa_small_03"
			squad_members:t = "t2_airfield_aaa_small_04"
			squad_members:t = "t2_airfield_aaa_small_05"
			squad_members:t = "t2_airfield_aaa_small_06"
			squad_members:t = "t2_airfield_aaa_big_01"
			squad_members:t = "t2_airfield_aaa_big_02"
			squad_members:t = "t2_airfield_aaa_big_03"
			squad_members:t = "t2_airfield_aaa_big_04"
			object_marking:i = 0
		}
	}
	objectGroups {
		name:t = "t2_airfield"
		tm:m = [[-0.99045, 0.0, -0.137873] [0.0, 1.0, 0.0] [0.137873, 0.0, -0.99045] [-12219.2, 6.21127, -1747.19]]
		unit_class:t = "dynaf_pg_1line_3000_snow"
		objLayer:i = 2
		props {
			army:i = 2
			active:b = true
		}
	}
}
areas {

}
objLayers {
	layer {
		enabled:b = true
	}
	layer {
		enabled:b = true
	}
	layer {
		enabled:b = true
	}
	layer {
		enabled:b = true
	}
	layer {
		enabled:b = true
	}
}
wayPoints {

}