selected_tag:t = ""
bin_dump_file:t = ""
mission_settings {
	player {
		army:i = 1
		wing:t = "t1_player01"
		wing:t = "t1_player02"
		wing:t = "t1_player03"
		wing:t = "t1_player04"
		wing:t = "t1_player05"
		wing:t = "t1_player06"
		wing:t = "t1_player07"
		wing:t = "t1_player08"
		wing:t = "t1_player09"
		wing:t = "t1_player10"
		wing:t = "t1_player11"
		wing:t = "t1_player12"
		wing:t = "t1_player13"
		wing:t = "t1_player14"
		wing:t = "t1_player15"
		wing:t = "t1_player16"
		wing:t = "t1_player17"
		wing:t = "t1_player18"
		wing:t = "t1_player19"
		wing:t = "t1_player20"
		wing:t = "t1_player21"
		wing:t = "t1_player22"
		wing:t = "t1_player23"
		wing:t = "t1_player24"
		wing:t = "t1_player25"
		wing:t = "t1_player26"
		wing:t = "t1_player27"
		wing:t = "t1_player28"
		wing:t = "t1_player29"
		wing:t = "t1_player30"
		wing:t = "t1_player31"
		wing:t = "t1_player32"
	}
	player_teamB {
		army:i = 2
		wing:t = "t2_player01"
		wing:t = "t2_player02"
		wing:t = "t2_player03"
		wing:t = "t2_player04"
		wing:t = "t2_player05"
		wing:t = "t2_player06"
		wing:t = "t2_player07"
		wing:t = "t2_player08"
		wing:t = "t2_player09"
		wing:t = "t2_player10"
		wing:t = "t2_player11"
		wing:t = "t2_player12"
		wing:t = "t2_player13"
		wing:t = "t2_player14"
		wing:t = "t2_player15"
		wing:t = "t2_player16"
		wing:t = "t2_player17"
		wing:t = "t2_player18"
		wing:t = "t2_player19"
		wing:t = "t2_player20"
		wing:t = "t2_player21"
		wing:t = "t2_player22"
		wing:t = "t2_player23"
		wing:t = "t2_player24"
		wing:t = "t2_player25"
		wing:t = "t2_player26"
		wing:t = "t2_player27"
		wing:t = "t2_player28"
		wing:t = "t2_player29"
		wing:t = "t2_player30"
		wing:t = "t2_player31"
		wing:t = "t2_player32"
		wing:t = "t2_player33"
	}
	mission {
		level:t = "levels/avg_japan.bin"
		type:t = "domination"
		restoreType:t = "attempts"
		optionalTakeOff:b = false
		environment:t = "Day"
		weather:t = "clear"
		locName:t = "missions/_CnvA;japan/name"
		locDesc:t = "japan/desc;missions/_Cnv/desc"
		scoreLimit:i = 10000
		timeLimit:i = 25
		deathPenaltyMul:r = 0
		postfix:t = "_CnvA"
		allowedKillStreaks:b = true
		randomSpawnTeams:b = false
		remapAiTankModels:b = true
		country_axis:t = "germany"
		country_allies:t = "ussr"
		showTacticalMapCellSize:b = true
		allowedUnitTypes {
			isAirplanesAllowed:b = true
			isTanksAllowed:b = true
			isShipsAllowed:b = false
			isHelicoptersAllowed:b = true
		}
	}
	spectator_points {

	}
	briefing {
		place_loc:t = ""
		date_loc:t = ""
		objective_loc:t = ""
		music:t = "action_01"
		part {
			event:t = ""
			minTime:i = 0
			slide {
				map:b = true
				minTime:i = 4
				picture:t = ""
				showAirMap:b = false
				arrow {
					width:i = 1
					side:t = "ally"
					point:t = "briefing_tanks"
					point:t = "convoy_waypoint01"
					point:t = "convoy_waypoint02"
					point:t = "convoy_waypoint03"
					point:t = "convoy_waypoint04"
					point:t = "convoy_waypoint04"
				}
				icon {
					icontype:t = "bomber"
					side:t = "enemy"
					target:t = "briefing_bombers"
					lookAt:t = "briefing_tanks"
				}
				icon {
					icontype:t = "tank"
					side:t = "ally"
					target:t = "briefing_tanks"
				}
				icon {
					icontype:t = "tank"
					side:t = "enemy"
					target:t = "t2_tanks_spawn"
				}
				battleArea {
					target:t = "briefing_battle_area"
				}
			}
		}
	}
}
imports {
	import_record {
		file:t = "gameData/missions/templates/tank_templates/tank_base_logic_template.blk"
		importAreas:b = true
		importUnits:b = true
		importTriggers:b = true
		importMissionObjectives:b = true
		importWayPoints:b = true
		showAreas:b = true
		showUnits:b = true
		showTriggers:b = true
		showMissionObjectives:b = true
		showWayPoints:b = true
		excludes {

		}
	}
	import_record {
		file:t = "gameData/missions/templates/tank_convoy_template.blk"
		importAreas:b = true
		importUnits:b = true
		importTriggers:b = true
		importMissionObjectives:b = true
		importWayPoints:b = true
		showAreas:b = true
		showUnits:b = true
		showTriggers:b = true
		showMissionObjectives:b = true
		showWayPoints:b = true
		excludes {

		}
	}
	import_record {
		file:t = "gameData/missions/cta/tanks/japan/template_japan_air_spawn.blk"
		importAreas:b = true
		importUnits:b = true
		importTriggers:b = true
		importMissionObjectives:b = true
		importWayPoints:b = true
		showAreas:b = true
		showUnits:b = true
		showTriggers:b = true
		showMissionObjectives:b = true
		showWayPoints:b = true
		excludes {

		}
	}
}
triggers {
	isCategory:b = true
	is_enabled:b = true
	japan_CnvA_init {
		is_enabled:b = true
		comments:t = ""
		props {
			actionsType:t = "PERFORM_ONE_BY_ONE"
			conditionsType:t = "ALL"
			enableAfterComplete:b = false
		}
		events {
			initMission {

			}
		}
		conditions {

		}
		actions {
			missionMarkAsRespawnPoint {
				loc_name:t = "missions/spawn"
				spawnEffect:b = false
				isStrictSpawn:b = false
				isAirfield:b = false
				isUnit:b = false
				useExisting:b = false
				isIndividual:b = true
				removeAreas:b = false
				canSpawnOnNeutral:b = false
				showOnMap:b = true
				radius:r = 50
				onlyOnePlayerPerSpawnPoint:b = false
				resetStrictSpawnIndex:b = false
				forceCreate:b = false
				replaceAreas:b = false
				target:t = "t1_tanks_spawn00"
				team:t = "A"
				offset:p3 = 0, 0, 100
				tags {
					tank:b = true
					type_heavy_tank:b = true
					type_medium_tank:b = true
					type_light_tank:b = true
					type_tank_destroyer:b = true
					type_spaa:b = true
				}
			}
			missionMarkAsRespawnPoint {
				loc_name:t = "missions/spawn"
				spawnEffect:b = false
				isStrictSpawn:b = false
				isAirfield:b = false
				isUnit:b = false
				useExisting:b = false
				isIndividual:b = true
				removeAreas:b = false
				canSpawnOnNeutral:b = false
				showOnMap:b = true
				radius:r = -1
				onlyOnePlayerPerSpawnPoint:b = false
				resetStrictSpawnIndex:b = false
				forceCreate:b = false
				replaceAreas:b = false
				target:t = "t2_tanks_spawn"
				team:t = "B"
				offset:p3 = 0, 0, 0
				tags {
					tank:b = true
					type_heavy_tank:b = true
					type_medium_tank:b = true
					type_light_tank:b = true
					type_tank_destroyer:b = true
					type_spaa:b = true
				}
			}
			missionBattleArea {
				air:b = false
				ground:b = true
				mapArea:b = true
				airMapArea:b = false
				killArea:b = false
				detectionArea:b = false
				killOutOfBattleArea:b = true
				newGridHorizontalCellCount:i = 0
				area:t = "cnv_battle_area"
			}
		}
		else_actions {

		}
	}
}
mission_objectives {
	isCategory:b = true
	is_enabled:b = true
}
variables {
	defenseMissionTeam:t = "teamA"
	waypoints_num:i = 4
}
dialogs {

}
airfields {

}
effects {

}
units {
	tankModels {
		name:t = "t1_player01"
		tm:m = [[1.0, 0.0, 0.0] [0.0, 1.0, 0.0] [0.0, 0.0, 1.0] [3608.25, 406.4, 1109.6]]
		unit_class:t = "fr_cckw_353_bofors"
		objLayer:i = 1
		closed_waypoints:b = false
		isShipSpline:b = false
		shipTurnRadius:r = 100
		weapons:t = ""
		bullets0:t = ""
		bullets1:t = ""
		bullets2:t = ""
		bullets3:t = ""
		bulletsCount0:i = 0
		bulletsCount1:i = 0
		bulletsCount2:i = 0
		bulletsCount3:i = 0
		props {
			army:i = 2
			count:i = 1
			formation_type:t = "rows"
			formation_div:i = 3
			formation_step:p2 = 2.5, 2
			formation_noise:p2 = 0.1, 0.1
			uniqueName:t = ""
			attack_type:t = "fire_at_will"
		}
		way {

		}
	}
	objectGroups {
		name:t = "notree02"
		tm:m = [[0.470867, 0.0, 0.882204] [0.0, 1.0, 0.0] [-0.882204, 0.0, 0.470867] [3546.95, 394.6, 1275.05]]
		unit_class:t = "noTreeObjectGroup100"
		objLayer:i = 2
		props {
			army:i = 2
			active:b = true
		}
	}
	area_squad {
		name:t = "t1_tanks_spawn00"
		tm:m = [[0.542044, 0.0, 0.84035] [0.0, 1.0, 0.0] [-0.84035, 0.0, 0.542044] [3151.1, 399.018, 1201.0]]
		props {
			squad_members:t = "t1_tanks_spawn00_01"
			squad_members:t = "t1_tanks_spawn00_02"
			squad_members:t = "t1_tanks_spawn00_03"
			squad_members:t = "t1_tanks_spawn00_04"
			squad_members:t = "t1_tanks_spawn00_05"
			squad_members:t = "t1_tanks_spawn00_06"
			squad_members:t = "t1_tanks_spawn00_07"
			squad_members:t = "t1_tanks_spawn00_08"
			squad_members:t = "t1_tanks_spawn00_09"
			squad_members:t = "t1_tanks_spawn00_10"
			squad_members:t = "t1_tanks_spawn00_11"
			squad_members:t = "t1_tanks_spawn00_12"
			squad_members:t = "t1_tanks_spawn00_13"
			squad_members:t = "t1_tanks_spawn00_14"
			squad_members:t = "t1_tanks_spawn00_15"
			squad_members:t = "t1_tanks_spawn00_16"
			squad_members:t = "t1_tanks_spawn00_17"
			squad_members:t = "t1_tanks_spawn00_18"
			squad_members:t = "t1_tanks_spawn00_19"
			squad_members:t = "t1_tanks_spawn00_20"
		}
	}
	area_squad {
		name:t = "t1_tanks_spawn01"
		tm:m = [[0.707011, 0.0, -0.707202] [0.0, 1.0, 0.0] [0.707202, 0.0, 0.707011] [2674.4, 382.095, 978.55]]
		props {
			squad_members:t = "t1_tanks_spawn01_01"
			squad_members:t = "t1_tanks_spawn01_02"
			squad_members:t = "t1_tanks_spawn01_03"
			squad_members:t = "t1_tanks_spawn01_04"
			squad_members:t = "t1_tanks_spawn01_05"
			squad_members:t = "t1_tanks_spawn01_06"
			squad_members:t = "t1_tanks_spawn01_07"
			squad_members:t = "t1_tanks_spawn01_08"
			squad_members:t = "t1_tanks_spawn01_09"
			squad_members:t = "t1_tanks_spawn01_10"
			squad_members:t = "t1_tanks_spawn01_11"
			squad_members:t = "t1_tanks_spawn01_12"
			squad_members:t = "t1_tanks_spawn01_13"
			squad_members:t = "t1_tanks_spawn01_14"
			squad_members:t = "t1_tanks_spawn01_15"
			squad_members:t = "t1_tanks_spawn01_16"
			squad_members:t = "t1_tanks_spawn01_17"
			squad_members:t = "t1_tanks_spawn01_18"
			squad_members:t = "t1_tanks_spawn01_19"
			squad_members:t = "t1_tanks_spawn01_20"
		}
	}
	area_squad {
		name:t = "t1_tanks_spawn02"
		tm:m = [[-0.842766, 0.0, -0.53828] [0.0, 1.0, 0.0] [0.53828, 0.0, -0.842766] [1660.95, 384.878, 910.3]]
		props {
			squad_members:t = "t1_tanks_spawn02_01"
			squad_members:t = "t1_tanks_spawn02_02"
			squad_members:t = "t1_tanks_spawn02_03"
			squad_members:t = "t1_tanks_spawn02_04"
			squad_members:t = "t1_tanks_spawn02_05"
			squad_members:t = "t1_tanks_spawn02_06"
			squad_members:t = "t1_tanks_spawn02_07"
			squad_members:t = "t1_tanks_spawn02_08"
			squad_members:t = "t1_tanks_spawn02_09"
			squad_members:t = "t1_tanks_spawn02_10"
			squad_members:t = "t1_tanks_spawn02_11"
			squad_members:t = "t1_tanks_spawn02_12"
			squad_members:t = "t1_tanks_spawn02_13"
			squad_members:t = "t1_tanks_spawn02_14"
			squad_members:t = "t1_tanks_spawn02_15"
			squad_members:t = "t1_tanks_spawn02_16"
			squad_members:t = "t1_tanks_spawn02_17"
			squad_members:t = "t1_tanks_spawn02_18"
			squad_members:t = "t1_tanks_spawn02_19"
			squad_members:t = "t1_tanks_spawn02_20"
		}
	}
	area_squad {
		name:t = "t1_tanks_spawn03"
		tm:m = [[-0.516262, 0.0, -0.856431] [0.0, 1.0, 0.0] [0.856431, 0.0, -0.516262] [1129.95, 372.776, 1018.04]]
		props {
			squad_members:t = "t1_tanks_spawn03_01"
			squad_members:t = "t1_tanks_spawn03_02"
			squad_members:t = "t1_tanks_spawn03_03"
			squad_members:t = "t1_tanks_spawn03_04"
			squad_members:t = "t1_tanks_spawn03_05"
			squad_members:t = "t1_tanks_spawn03_06"
			squad_members:t = "t1_tanks_spawn03_07"
			squad_members:t = "t1_tanks_spawn03_08"
			squad_members:t = "t1_tanks_spawn03_09"
			squad_members:t = "t1_tanks_spawn03_10"
			squad_members:t = "t1_tanks_spawn03_11"
			squad_members:t = "t1_tanks_spawn03_12"
			squad_members:t = "t1_tanks_spawn03_13"
			squad_members:t = "t1_tanks_spawn03_14"
			squad_members:t = "t1_tanks_spawn03_15"
			squad_members:t = "t1_tanks_spawn03_16"
			squad_members:t = "t1_tanks_spawn03_17"
			squad_members:t = "t1_tanks_spawn03_18"
			squad_members:t = "t1_tanks_spawn03_19"
			squad_members:t = "t1_tanks_spawn03_20"
		}
	}
	area_squad {
		name:t = "t1_tanks_spawn04"
		tm:m = [[0.676681, 0.0, 0.736276] [0.0, 1.0, 0.0] [-0.736276, 0.0, 0.676681] [1019.01, 351.367, 1588.86]]
		props {
			squad_members:t = "t1_tanks_spawn04_01"
			squad_members:t = "t1_tanks_spawn04_02"
			squad_members:t = "t1_tanks_spawn04_03"
			squad_members:t = "t1_tanks_spawn04_04"
			squad_members:t = "t1_tanks_spawn04_05"
			squad_members:t = "t1_tanks_spawn04_06"
			squad_members:t = "t1_tanks_spawn04_07"
			squad_members:t = "t1_tanks_spawn04_08"
			squad_members:t = "t1_tanks_spawn04_09"
			squad_members:t = "t1_tanks_spawn04_10"
			squad_members:t = "t1_tanks_spawn04_11"
			squad_members:t = "t1_tanks_spawn04_12"
			squad_members:t = "t1_tanks_spawn04_13"
			squad_members:t = "t1_tanks_spawn04_14"
			squad_members:t = "t1_tanks_spawn04_15"
			squad_members:t = "t1_tanks_spawn04_16"
			squad_members:t = "t1_tanks_spawn04_17"
			squad_members:t = "t1_tanks_spawn04_18"
			squad_members:t = "t1_tanks_spawn04_19"
			squad_members:t = "t1_tanks_spawn04_20"
		}
	}
	area_squad {
		name:t = "t2_tanks_spawn"
		tm:m = [[-0.982195, 0.0, -0.187867] [0.0, 1.0, 0.0] [0.187867, 0.0, -0.982195] [2182.9, 362.3, 2033.15]]
		props {
			squad_members:t = "t2_tanks_spawn01"
			squad_members:t = "t2_tanks_spawn02"
			squad_members:t = "t2_tanks_spawn03"
			squad_members:t = "t2_tanks_spawn04"
			squad_members:t = "t2_tanks_spawn05"
			squad_members:t = "t2_tanks_spawn06"
			squad_members:t = "t2_tanks_spawn07"
			squad_members:t = "t2_tanks_spawn08"
			squad_members:t = "t2_tanks_spawn09"
			squad_members:t = "t2_tanks_spawn10"
			squad_members:t = "t2_tanks_spawn11"
			squad_members:t = "t2_tanks_spawn12"
			squad_members:t = "t2_tanks_spawn13"
			squad_members:t = "t2_tanks_spawn14"
			squad_members:t = "t2_tanks_spawn15"
			squad_members:t = "t2_tanks_spawn16"
			squad_members:t = "t2_tanks_spawn17"
			squad_members:t = "t2_tanks_spawn18"
			squad_members:t = "t2_tanks_spawn19"
			squad_members:t = "t2_tanks_spawn20"
		}
	}
	objectGroups {
		name:t = "notree05"
		tm:m = [[0.470867, 0.0, 0.882204] [0.0, 1.0, 0.0] [-0.882204, 0.0, 0.470867] [3500.3, 394.6, 1189.45]]
		unit_class:t = "noTreeObjectGroup100"
		objLayer:i = 2
		props {
			army:i = 2
			active:b = true
		}
	}
	objectGroups {
		name:t = "notree08"
		tm:m = [[0.470867, 0.0, 0.882204] [0.0, 1.0, 0.0] [-0.882204, 0.0, 0.470867] [3417.2, 394.6, 1217.05]]
		unit_class:t = "noTreeObjectGroup100"
		objLayer:i = 2
		props {
			army:i = 2
			active:b = true
		}
	}
	objectGroups {
		name:t = "notree11"
		tm:m = [[0.470867, 0.0, 0.882204] [0.0, 1.0, 0.0] [-0.882204, 0.0, 0.470867] [3458.1, 394.6, 1301.25]]
		unit_class:t = "noTreeObjectGroup100"
		objLayer:i = 2
		props {
			army:i = 2
			active:b = true
		}
	}
	objectGroups {
		name:t = "notree14"
		tm:m = [[0.470867, 0.0, 0.882204] [0.0, 1.0, 0.0] [-0.882204, 0.0, 0.470867] [3333.1, 394.6, 1243.25]]
		unit_class:t = "noTreeObjectGroup100"
		objLayer:i = 2
		props {
			army:i = 2
			active:b = true
		}
	}
	objectGroups {
		name:t = "notree17"
		tm:m = [[0.470867, 0.0, 0.882204] [0.0, 1.0, 0.0] [-0.882204, 0.0, 0.470867] [3377.35, 394.6, 1328.75]]
		unit_class:t = "noTreeObjectGroup100"
		objLayer:i = 2
		props {
			army:i = 2
			active:b = true
		}
	}
	objectGroups {
		name:t = "notree20"
		tm:m = [[0.470867, 0.0, 0.882204] [0.0, 1.0, 0.0] [-0.882204, 0.0, 0.470867] [3250.9, 394.6, 1292.2]]
		unit_class:t = "noTreeObjectGroup100"
		objLayer:i = 2
		props {
			army:i = 2
			active:b = true
		}
	}
	objectGroups {
		name:t = "notree23"
		tm:m = [[0.470867, 0.0, 0.882204] [0.0, 1.0, 0.0] [-0.882204, 0.0, 0.470867] [3163.6, 394.6, 1339.5]]
		unit_class:t = "noTreeObjectGroup100"
		objLayer:i = 2
		props {
			army:i = 2
			active:b = true
		}
	}
	objectGroups {
		name:t = "notree26"
		tm:m = [[0.470867, 0.0, 0.882204] [0.0, 1.0, 0.0] [-0.882204, 0.0, 0.470867] [3065.2, 394.6, 1364.2]]
		unit_class:t = "noTreeObjectGroup100"
		objLayer:i = 2
		props {
			army:i = 2
			active:b = true
		}
	}
	objectGroups {
		name:t = "notree29"
		tm:m = [[0.470867, 0.0, 0.882204] [0.0, 1.0, 0.0] [-0.882204, 0.0, 0.470867] [2961.05, 394.6, 1348.55]]
		unit_class:t = "noTreeObjectGroup100"
		objLayer:i = 2
		props {
			army:i = 2
			active:b = true
		}
	}
	objectGroups {
		name:t = "notree32"
		tm:m = [[0.470867, 0.0, 0.882204] [0.0, 1.0, 0.0] [-0.882204, 0.0, 0.470867] [2873.0, 394.6, 1316.15]]
		unit_class:t = "noTreeObjectGroup100"
		objLayer:i = 2
		props {
			army:i = 2
			active:b = true
		}
	}
	objectGroups {
		name:t = "notree35"
		tm:m = [[0.470867, 0.0, 0.882204] [0.0, 1.0, 0.0] [-0.882204, 0.0, 0.470867] [2810.6, 394.6, 1241.75]]
		unit_class:t = "noTreeObjectGroup100"
		objLayer:i = 2
		props {
			army:i = 2
			active:b = true
		}
	}
	objectGroups {
		name:t = "notree38"
		tm:m = [[0.470867, 0.0, 0.882204] [0.0, 1.0, 0.0] [-0.882204, 0.0, 0.470867] [2760.85, 394.6, 1160.8]]
		unit_class:t = "noTreeObjectGroup100"
		objLayer:i = 2
		props {
			army:i = 2
			active:b = true
		}
	}
	objectGroups {
		name:t = "notree41"
		tm:m = [[0.470867, 0.0, 0.882204] [0.0, 1.0, 0.0] [-0.882204, 0.0, 0.470867] [2688.75, 394.6, 1104.0]]
		unit_class:t = "noTreeObjectGroup100"
		objLayer:i = 2
		props {
			army:i = 2
			active:b = true
		}
	}
	objectGroups {
		name:t = "notree44"
		tm:m = [[0.470867, 0.0, 0.882204] [0.0, 1.0, 0.0] [-0.882204, 0.0, 0.470867] [2590.2, 394.6, 1124.3]]
		unit_class:t = "noTreeObjectGroup100"
		objLayer:i = 2
		props {
			army:i = 2
			active:b = true
		}
	}
	objectGroups {
		name:t = "notree47"
		tm:m = [[0.470867, 0.0, 0.882204] [0.0, 1.0, 0.0] [-0.882204, 0.0, 0.470867] [2487.35, 394.6, 1122.95]]
		unit_class:t = "noTreeObjectGroup100"
		objLayer:i = 2
		props {
			army:i = 2
			active:b = true
		}
	}
	objectGroups {
		name:t = "notree50"
		tm:m = [[0.470867, 0.0, 0.882204] [0.0, 1.0, 0.0] [-0.882204, 0.0, 0.470867] [2376.85, 394.6, 1098.4]]
		unit_class:t = "noTreeObjectGroup100"
		objLayer:i = 2
		props {
			army:i = 2
			active:b = true
		}
	}
	objectGroups {
		name:t = "notree53"
		tm:m = [[0.470867, 0.0, 0.882204] [0.0, 1.0, 0.0] [-0.882204, 0.0, 0.470867] [2268.4, 394.6, 1083.6]]
		unit_class:t = "noTreeObjectGroup100"
		objLayer:i = 2
		props {
			army:i = 2
			active:b = true
		}
	}
	objectGroups {
		name:t = "notree56"
		tm:m = [[0.470867, 0.0, 0.882204] [0.0, 1.0, 0.0] [-0.882204, 0.0, 0.470867] [2170.15, 394.6, 1084.35]]
		unit_class:t = "noTreeObjectGroup100"
		objLayer:i = 2
		props {
			army:i = 2
			active:b = true
		}
	}
	objectGroups {
		name:t = "notree59"
		tm:m = [[0.470867, 0.0, 0.882204] [0.0, 1.0, 0.0] [-0.882204, 0.0, 0.470867] [2082.2, 394.6, 1113.75]]
		unit_class:t = "noTreeObjectGroup100"
		objLayer:i = 2
		props {
			army:i = 2
			active:b = true
		}
	}
	objectGroups {
		name:t = "notree62"
		tm:m = [[0.470867, 0.0, 0.882204] [0.0, 1.0, 0.0] [-0.882204, 0.0, 0.470867] [2009.7, 394.6, 1167.0]]
		unit_class:t = "noTreeObjectGroup100"
		objLayer:i = 2
		props {
			army:i = 2
			active:b = true
		}
	}
	objectGroups {
		name:t = "notree65"
		tm:m = [[0.470867, 0.0, 0.882204] [0.0, 1.0, 0.0] [-0.882204, 0.0, 0.470867] [1930.55, 365.2, 1199.35]]
		unit_class:t = "noTreeObjectGroup100"
		objLayer:i = 2
		props {
			army:i = 2
			active:b = true
		}
	}
	objectGroups {
		name:t = "notree68"
		tm:m = [[0.470867, 0.0, 0.882204] [0.0, 1.0, 0.0] [-0.882204, 0.0, 0.470867] [1829.8, 365.2, 1204.2]]
		unit_class:t = "noTreeObjectGroup100"
		objLayer:i = 2
		props {
			army:i = 2
			active:b = true
		}
	}
	objectGroups {
		name:t = "notree71"
		tm:m = [[0.470867, 0.0, 0.882204] [0.0, 1.0, 0.0] [-0.882204, 0.0, 0.470867] [1730.9, 365.2, 1212.8]]
		unit_class:t = "noTreeObjectGroup100"
		objLayer:i = 2
		props {
			army:i = 2
			active:b = true
		}
	}
	objectGroups {
		name:t = "notree73"
		tm:m = [[0.470867, 0.0, 0.882204] [0.0, 1.0, 0.0] [-0.882204, 0.0, 0.470867] [1635.85, 365.2, 1239.0]]
		unit_class:t = "noTreeObjectGroup100"
		objLayer:i = 2
		props {
			army:i = 2
			active:b = true
		}
	}
	objectGroups {
		name:t = "notree76"
		tm:m = [[0.470867, 0.0, 0.882204] [0.0, 1.0, 0.0] [-0.882204, 0.0, 0.470867] [1550.35, 365.2, 1269.95]]
		unit_class:t = "noTreeObjectGroup100"
		objLayer:i = 2
		props {
			army:i = 2
			active:b = true
		}
	}
	objectGroups {
		name:t = "notree79"
		tm:m = [[0.470867, 0.0, 0.882204] [0.0, 1.0, 0.0] [-0.882204, 0.0, 0.470867] [1450.65, 365.2, 1257.3]]
		unit_class:t = "noTreeObjectGroup100"
		objLayer:i = 2
		props {
			army:i = 2
			active:b = true
		}
	}
	objectGroups {
		name:t = "notree82"
		tm:m = [[0.470867, 0.0, 0.882204] [0.0, 1.0, 0.0] [-0.882204, 0.0, 0.470867] [1351.95, 365.2, 1263.35]]
		unit_class:t = "noTreeObjectGroup100"
		objLayer:i = 2
		props {
			army:i = 2
			active:b = true
		}
	}
	objectGroups {
		name:t = "notree85"
		tm:m = [[0.470867, 0.0, 0.882204] [0.0, 1.0, 0.0] [-0.882204, 0.0, 0.470867] [1255.6, 365.2, 1269.85]]
		unit_class:t = "noTreeObjectGroup100"
		objLayer:i = 2
		props {
			army:i = 2
			active:b = true
		}
	}
	objectGroups {
		name:t = "notree88"
		tm:m = [[0.470867, 0.0, 0.882204] [0.0, 1.0, 0.0] [-0.882204, 0.0, 0.470867] [1169.8, 365.2, 1310.0]]
		unit_class:t = "noTreeObjectGroup100"
		objLayer:i = 2
		props {
			army:i = 2
			active:b = true
		}
	}
	objectGroups {
		name:t = "notree91"
		tm:m = [[0.470867, 0.0, 0.882204] [0.0, 1.0, 0.0] [-0.882204, 0.0, 0.470867] [1086.4, 365.2, 1356.05]]
		unit_class:t = "noTreeObjectGroup100"
		objLayer:i = 2
		props {
			army:i = 2
			active:b = true
		}
	}
	objectGroups {
		name:t = "notree94"
		tm:m = [[0.470867, 0.0, 0.882204] [0.0, 1.0, 0.0] [-0.882204, 0.0, 0.470867] [987.3, 365.2, 1361.95]]
		unit_class:t = "noTreeObjectGroup100"
		objLayer:i = 2
		props {
			army:i = 2
			active:b = true
		}
	}
	objectGroups {
		name:t = "notree97"
		tm:m = [[0.470867, 0.0, 0.882204] [0.0, 1.0, 0.0] [-0.882204, 0.0, 0.470867] [883.1, 365.2, 1337.15]]
		unit_class:t = "noTreeObjectGroup100"
		objLayer:i = 2
		props {
			army:i = 2
			active:b = true
		}
	}
	objectGroups {
		name:t = "notree100"
		tm:m = [[0.470867, 0.0, 0.882204] [0.0, 1.0, 0.0] [-0.882204, 0.0, 0.470867] [792.95, 365.2, 1283.75]]
		unit_class:t = "noTreeObjectGroup100"
		objLayer:i = 2
		props {
			army:i = 2
			active:b = true
		}
	}
	objectGroups {
		name:t = "notree103"
		tm:m = [[0.470867, 0.0, 0.882204] [0.0, 1.0, 0.0] [-0.882204, 0.0, 0.470867] [740.85, 365.2, 1202.85]]
		unit_class:t = "noTreeObjectGroup100"
		objLayer:i = 2
		props {
			army:i = 2
			active:b = true
		}
	}
	objectGroups {
		name:t = "notree106"
		tm:m = [[0.470867, 0.0, 0.882204] [0.0, 1.0, 0.0] [-0.882204, 0.0, 0.470867] [685.65, 365.2, 1122.35]]
		unit_class:t = "noTreeObjectGroup100"
		objLayer:i = 2
		props {
			army:i = 2
			active:b = true
		}
	}
	objectGroups {
		name:t = "notree109"
		tm:m = [[0.470867, 0.0, 0.882204] [0.0, 1.0, 0.0] [-0.882204, 0.0, 0.470867] [591.45, 365.2, 1105.05]]
		unit_class:t = "noTreeObjectGroup100"
		objLayer:i = 2
		props {
			army:i = 2
			active:b = true
		}
	}
	objectGroups {
		name:t = "notree112"
		tm:m = [[0.470867, 0.0, 0.882204] [0.0, 1.0, 0.0] [-0.882204, 0.0, 0.470867] [495.55, 365.2, 1128.95]]
		unit_class:t = "noTreeObjectGroup100"
		objLayer:i = 2
		props {
			army:i = 2
			active:b = true
		}
	}
	objectGroups {
		name:t = "notree115"
		tm:m = [[0.470867, 0.0, 0.882204] [0.0, 1.0, 0.0] [-0.882204, 0.0, 0.470867] [383.2, 365.2, 1111.15]]
		unit_class:t = "noTreeObjectGroup100"
		objLayer:i = 2
		props {
			army:i = 2
			active:b = true
		}
	}
	objectGroups {
		name:t = "notree118"
		tm:m = [[0.470867, 0.0, 0.882204] [0.0, 1.0, 0.0] [-0.882204, 0.0, 0.470867] [279.3, 365.2, 1091.0]]
		unit_class:t = "noTreeObjectGroup100"
		objLayer:i = 2
		props {
			army:i = 2
			active:b = true
		}
	}
	objectGroups {
		name:t = "notree12"
		tm:m = [[0.470867, 0.0, 0.882204] [0.0, 1.0, 0.0] [-0.882204, 0.0, 0.470867] [3617.97, 394.6, 1196.82]]
		unit_class:t = "noTreeObjectGroup100"
		objLayer:i = 2
		props {
			army:i = 2
			active:b = true
		}
	}
	objectGroups {
		name:t = "notree21"
		tm:m = [[0.470867, 0.0, 0.882204] [0.0, 1.0, 0.0] [-0.882204, 0.0, 0.470867] [3704.56, 394.6, 1151.52]]
		unit_class:t = "noTreeObjectGroup100"
		objLayer:i = 2
		props {
			army:i = 2
			active:b = true
		}
	}
	objectGroups {
		name:t = "notree30"
		tm:m = [[0.470867, 0.0, 0.882204] [0.0, 1.0, 0.0] [-0.882204, 0.0, 0.470867] [3570.57, 394.6, 1110.26]]
		unit_class:t = "noTreeObjectGroup100"
		objLayer:i = 2
		props {
			army:i = 2
			active:b = true
		}
	}
	objectGroups {
		name:t = "notree39"
		tm:m = [[0.470867, 0.0, 0.882204] [0.0, 1.0, 0.0] [-0.882204, 0.0, 0.470867] [3659.54, 394.6, 1064.47]]
		unit_class:t = "noTreeObjectGroup100"
		objLayer:i = 2
		props {
			army:i = 2
			active:b = true
		}
	}
	objectGroups {
		name:t = "notree48"
		tm:m = [[0.470867, 0.0, 0.882204] [0.0, 1.0, 0.0] [-0.882204, 0.0, 0.470867] [3615.58, 394.6, 979.756]]
		unit_class:t = "noTreeObjectGroup100"
		objLayer:i = 2
		props {
			army:i = 2
			active:b = true
		}
	}
	area_squad {
		name:t = "t1_rearm_zone"
		tm:m = [[1.0, 0.0, 0.0] [0.0, 1.0, 0.0] [0.0, 0.0, 1.0] [-822.154, 23.2117, -95.1837]]
		props {
			squad_members:t = "t1_rearm_zone_01"
			squad_members:t = "t1_rearm_zone_02"
		}
	}
	area_squad {
		name:t = "t2_rearm_zone"
		tm:m = [[1.0, 0.0, 0.0] [0.0, 1.0, 0.0] [0.0, 0.0, 1.0] [562.478, 23.2117, -501.735]]
		props {
			squad_members:t = "t2_rearm_zone_01"
			squad_members:t = "t2_rearm_zone_02"
		}
	}
}
areas {
	briefing_bombers {
		type:t = "Point"
		tm:m = [[1.0, 0.0, 0.0] [0.0, 1.0, 0.0] [0.0, 0.0, 1.0] [1324.55, 714.05, 274.35]]
		objLayer:i = 0
		props {

		}
	}
	briefing_tanks {
		type:t = "Point"
		tm:m = [[1.0, 0.0, 0.0] [0.0, 1.0, 0.0] [0.0, 0.0, 1.0] [3573.1, 402.3, 1187.8]]
		objLayer:i = 0
		props {

		}
	}
	convoy_waypoint01 {
		type:t = "Point"
		tm:m = [[-61.6334, 0.0, 78.7483] [0.0, 100.0, 0.0] [-78.7483, 0.0, -61.6334] [2512.73, 379.343, 1128.55]]
		objLayer:i = 0
		props {

		}
	}
	convoy_waypoint02 {
		type:t = "Point"
		tm:m = [[-10.0505, 0.0, 99.4937] [0.0, 100.0, 0.0] [-99.4937, 0.0, -10.0505] [1961.38, 367.052, 1194.88]]
		objLayer:i = 0
		props {

		}
	}
	convoy_waypoint03 {
		type:t = "Point"
		tm:m = [[85.1512, 0.0, 52.4334] [0.0, 100.0, 0.0] [-52.4334, 0.0, 85.1512] [1482.79, 350.6, 1256.14]]
		objLayer:i = 0
		props {

		}
	}
	convoy_waypoint04 {
		type:t = "Point"
		tm:m = [[88.4421, 0.0, -46.6687] [0.0, 100.0, 0.0] [46.6687, 0.0, 88.4421] [980.504, 367.15, 1354.24]]
		objLayer:i = 0
		props {

		}
	}
	convoy_waypoint00 {
		type:t = "Point"
		tm:m = [[-97.3788, 0.0, 22.7459] [0.0, 100.0, 0.0] [-22.7459, 0.0, -97.3788] [3038.36, 400.25, 1357.53]]
		objLayer:i = 0
		props {

		}
	}
	convoy_starting_point {
		type:t = "Point"
		tm:m = [[-0.505576, 0.0, 0.862782] [0.0, 1.0, 0.0] [-0.862782, 0.0, -0.505576] [3632.56, 409.427, 1053.4]]
		objLayer:i = 0
		props {

		}
	}
	cnv_battle_area {
		type:t = "Box"
		tm:m = [[2400.0, 0.0, 0.0] [0.0, 500.0, 0.0] [0.0, 0.0, 2400.0] [2160.0, 408.8, 2088.0]]
		objLayer:i = 0
		props {

		}
	}
	area_03 {
		type:t = "Sphere"
		tm:m = [[1600.0, 0.0, 0.0] [0.0, 1600.0, 0.0] [0.0, 0.0, 1600.0] [2184.9, 361.65, 1961.15]]
		objLayer:i = 0
		props {

		}
	}
	notree01 {
		type:t = "Box"
		tm:m = [[47.0867, 0.0, 88.2204] [0.0, 50.0, 0.0] [-88.2204, 0.0, 47.0867] [3546.95, 394.6, 1275.05]]
		objLayer:i = 0
		props {

		}
	}
	t1_tanks_spawn00_01 {
		type:t = "Sphere"
		tm:m = [[-5.98713, 0.0, -0.392895] [0.0, 6.0, 0.0] [0.392895, 0.0, -5.98713] [3101.81, 400.237, 1196.13]]
		objLayer:i = 0
		props {

		}
	}
	t1_tanks_spawn00_02 {
		type:t = "Sphere"
		tm:m = [[-5.98713, 0.0, -0.392895] [0.0, 6.0, 0.0] [0.392895, 0.0, -5.98713] [3120.97, 399.354, 1197.27]]
		objLayer:i = 0
		props {

		}
	}
	t1_tanks_spawn00_03 {
		type:t = "Sphere"
		tm:m = [[-5.98713, 0.0, -0.392895] [0.0, 6.0, 0.0] [0.392895, 0.0, -5.98713] [3137.86, 398.966, 1198.37]]
		objLayer:i = 0
		props {

		}
	}
	t1_tanks_spawn00_04 {
		type:t = "Sphere"
		tm:m = [[-5.98713, 0.0, -0.392895] [0.0, 6.0, 0.0] [0.392895, 0.0, -5.98713] [3158.94, 399.043, 1200.61]]
		objLayer:i = 0
		props {

		}
	}
	t1_tanks_spawn00_05 {
		type:t = "Sphere"
		tm:m = [[-5.98713, 0.0, -0.392895] [0.0, 6.0, 0.0] [0.392895, 0.0, -5.98713] [3176.29, 400.205, 1201.59]]
		objLayer:i = 0
		props {

		}
	}
	t1_tanks_spawn00_06 {
		type:t = "Sphere"
		tm:m = [[-5.98713, 0.0, -0.392895] [0.0, 6.0, 0.0] [0.392895, 0.0, -5.98713] [3197.48, 402.901, 1203.61]]
		objLayer:i = 0
		props {

		}
	}
	t1_tanks_spawn00_07 {
		type:t = "Sphere"
		tm:m = [[-5.98713, 0.0, -0.392895] [0.0, 6.0, 0.0] [0.392895, 0.0, -5.98713] [3114.0, 400.546, 1171.52]]
		objLayer:i = 0
		props {

		}
	}
	t1_tanks_spawn00_08 {
		type:t = "Sphere"
		tm:m = [[-5.98713, 0.0, -0.392895] [0.0, 6.0, 0.0] [0.392895, 0.0, -5.98713] [3131.0, 399.381, 1177.62]]
		objLayer:i = 0
		props {

		}
	}
	t1_tanks_spawn00_09 {
		type:t = "Sphere"
		tm:m = [[-5.98713, 0.0, -0.392895] [0.0, 6.0, 0.0] [0.392895, 0.0, -5.98713] [3148.34, 399.578, 1182.26]]
		objLayer:i = 0
		props {

		}
	}
	t1_tanks_spawn00_10 {
		type:t = "Sphere"
		tm:m = [[-5.98713, 0.0, -0.392895] [0.0, 6.0, 0.0] [0.392895, 0.0, -5.98713] [3169.73, 401.455, 1181.75]]
		objLayer:i = 0
		props {

		}
	}
	t1_tanks_spawn00_11 {
		type:t = "Sphere"
		tm:m = [[-5.98713, 0.0, -0.392895] [0.0, 6.0, 0.0] [0.392895, 0.0, -5.98713] [3186.69, 404.494, 1178.73]]
		objLayer:i = 0
		props {

		}
	}
	t1_tanks_spawn00_12 {
		type:t = "Sphere"
		tm:m = [[-5.98713, 0.0, -0.392895] [0.0, 6.0, 0.0] [0.392895, 0.0, -5.98713] [3109.78, 398.779, 1223.97]]
		objLayer:i = 0
		props {

		}
	}
	t1_tanks_spawn00_13 {
		type:t = "Sphere"
		tm:m = [[-5.98713, 0.0, -0.392895] [0.0, 6.0, 0.0] [0.392895, 0.0, -5.98713] [3127.3, 398.5, 1218.18]]
		objLayer:i = 0
		props {

		}
	}
	t1_tanks_spawn00_14 {
		type:t = "Sphere"
		tm:m = [[-5.98713, 0.0, -0.392895] [0.0, 6.0, 0.0] [0.392895, 0.0, -5.98713] [3145.0, 398.343, 1217.68]]
		objLayer:i = 0
		props {

		}
	}
	t1_tanks_spawn00_15 {
		type:t = "Sphere"
		tm:m = [[-5.98713, 0.0, -0.392895] [0.0, 6.0, 0.0] [0.392895, 0.0, -5.98713] [3164.84, 398.004, 1222.47]]
		objLayer:i = 0
		props {

		}
	}
	t1_tanks_spawn00_16 {
		type:t = "Sphere"
		tm:m = [[-5.98713, 0.0, -0.392895] [0.0, 6.0, 0.0] [0.392895, 0.0, -5.98713] [3181.9, 397.951, 1229.82]]
		objLayer:i = 0
		props {

		}
	}
	t1_tanks_spawn00_17 {
		type:t = "Sphere"
		tm:m = [[-5.98713, 0.0, -0.392895] [0.0, 6.0, 0.0] [0.392895, 0.0, -5.98713] [3134.16, 400.651, 1157.16]]
		objLayer:i = 0
		props {

		}
	}
	t1_tanks_spawn00_18 {
		type:t = "Sphere"
		tm:m = [[-5.98713, 0.0, -0.392895] [0.0, 6.0, 0.0] [0.392895, 0.0, -5.98713] [3164.93, 403.505, 1159.09]]
		objLayer:i = 0
		props {

		}
	}
	t1_tanks_spawn00_19 {
		type:t = "Sphere"
		tm:m = [[-5.98713, 0.0, -0.392895] [0.0, 6.0, 0.0] [0.392895, 0.0, -5.98713] [3127.88, 397.193, 1241.96]]
		objLayer:i = 0
		props {

		}
	}
	t1_tanks_spawn00_20 {
		type:t = "Sphere"
		tm:m = [[-5.98713, 0.0, -0.392895] [0.0, 6.0, 0.0] [0.392895, 0.0, -5.98713] [3160.08, 396.771, 1244.51]]
		objLayer:i = 0
		props {

		}
	}
	t1_tanks_spawn01_01 {
		type:t = "Sphere"
		tm:m = [[-5.27131, 0.0, 2.86587] [0.0, 6.0, 0.0] [-2.86587, 0.0, -5.27131] [2647.43, 383.501, 967.799]]
		objLayer:i = 0
		props {

		}
	}
	t1_tanks_spawn01_02 {
		type:t = "Sphere"
		tm:m = [[-5.27131, 0.0, 2.86587] [0.0, 6.0, 0.0] [-2.86587, 0.0, -5.27131] [2663.94, 383.038, 967.7]]
		objLayer:i = 0
		props {

		}
	}
	t1_tanks_spawn01_03 {
		type:t = "Sphere"
		tm:m = [[-5.27131, 0.0, 2.86587] [0.0, 6.0, 0.0] [-2.86587, 0.0, -5.27131] [2678.39, 382.512, 967.925]]
		objLayer:i = 0
		props {

		}
	}
	t1_tanks_spawn01_04 {
		type:t = "Sphere"
		tm:m = [[-5.27131, 0.0, 2.86587] [0.0, 6.0, 0.0] [-2.86587, 0.0, -5.27131] [2698.88, 382.076, 967.776]]
		objLayer:i = 0
		props {

		}
	}
	t1_tanks_spawn01_05 {
		type:t = "Sphere"
		tm:m = [[-5.27131, 0.0, 2.86587] [0.0, 6.0, 0.0] [-2.86587, 0.0, -5.27131] [2715.36, 382.071, 967.515]]
		objLayer:i = 0
		props {

		}
	}
	t1_tanks_spawn01_06 {
		type:t = "Sphere"
		tm:m = [[-5.27131, 0.0, 2.86587] [0.0, 6.0, 0.0] [-2.86587, 0.0, -5.27131] [2733.37, 382.358, 966.932]]
		objLayer:i = 0
		props {

		}
	}
	t1_tanks_spawn01_07 {
		type:t = "Sphere"
		tm:m = [[-5.27131, 0.0, 2.86587] [0.0, 6.0, 0.0] [-2.86587, 0.0, -5.27131] [2654.79, 384.847, 952.749]]
		objLayer:i = 0
		props {

		}
	}
	t1_tanks_spawn01_08 {
		type:t = "Sphere"
		tm:m = [[-5.27131, 0.0, 2.86587] [0.0, 6.0, 0.0] [-2.86587, 0.0, -5.27131] [2671.76, 384.407, 953.042]]
		objLayer:i = 0
		props {

		}
	}
	t1_tanks_spawn01_09 {
		type:t = "Sphere"
		tm:m = [[-5.27131, 0.0, 2.86587] [0.0, 6.0, 0.0] [-2.86587, 0.0, -5.27131] [2690.07, 383.743, 953.215]]
		objLayer:i = 0
		props {

		}
	}
	t1_tanks_spawn01_10 {
		type:t = "Sphere"
		tm:m = [[-5.27131, 0.0, 2.86587] [0.0, 6.0, 0.0] [-2.86587, 0.0, -5.27131] [2707.23, 383.37, 952.754]]
		objLayer:i = 0
		props {

		}
	}
	t1_tanks_spawn01_11 {
		type:t = "Sphere"
		tm:m = [[-5.27131, 0.0, 2.86587] [0.0, 6.0, 0.0] [-2.86587, 0.0, -5.27131] [2665.42, 386.862, 938.086]]
		objLayer:i = 0
		props {

		}
	}
	t1_tanks_spawn01_12 {
		type:t = "Sphere"
		tm:m = [[-5.27131, 0.0, 2.86587] [0.0, 6.0, 0.0] [-2.86587, 0.0, -5.27131] [2684.7, 386.953, 936.557]]
		objLayer:i = 0
		props {

		}
	}
	t1_tanks_spawn01_13 {
		type:t = "Sphere"
		tm:m = [[-5.27131, 0.0, 2.86587] [0.0, 6.0, 0.0] [-2.86587, 0.0, -5.27131] [2658.33, 389.378, 919.708]]
		objLayer:i = 0
		props {

		}
	}
	t1_tanks_spawn01_14 {
		type:t = "Sphere"
		tm:m = [[-5.27131, 0.0, 2.86587] [0.0, 6.0, 0.0] [-2.86587, 0.0, -5.27131] [2653.64, 382.435, 985.202]]
		objLayer:i = 0
		props {

		}
	}
	t1_tanks_spawn01_15 {
		type:t = "Sphere"
		tm:m = [[-5.27131, 0.0, 2.86587] [0.0, 6.0, 0.0] [-2.86587, 0.0, -5.27131] [2673.76, 381.962, 985.886]]
		objLayer:i = 0
		props {

		}
	}
	t1_tanks_spawn01_16 {
		type:t = "Sphere"
		tm:m = [[-5.27131, 0.0, 2.86587] [0.0, 6.0, 0.0] [-2.86587, 0.0, -5.27131] [2694.28, 381.855, 985.897]]
		objLayer:i = 0
		props {

		}
	}
	t1_tanks_spawn01_17 {
		type:t = "Sphere"
		tm:m = [[-5.27131, 0.0, 2.86587] [0.0, 6.0, 0.0] [-2.86587, 0.0, -5.27131] [2713.64, 382.091, 985.979]]
		objLayer:i = 0
		props {

		}
	}
	t1_tanks_spawn01_18 {
		type:t = "Sphere"
		tm:m = [[-5.27131, 0.0, 2.86587] [0.0, 6.0, 0.0] [-2.86587, 0.0, -5.27131] [2635.77, 385.01, 952.169]]
		objLayer:i = 0
		props {

		}
	}
	t1_tanks_spawn01_19 {
		type:t = "Sphere"
		tm:m = [[-5.27131, 0.0, 2.86587] [0.0, 6.0, 0.0] [-2.86587, 0.0, -5.27131] [2661.95, 382.02, 1004.74]]
		objLayer:i = 0
		props {

		}
	}
	t1_tanks_spawn01_20 {
		type:t = "Sphere"
		tm:m = [[-5.27131, 0.0, 2.86587] [0.0, 6.0, 0.0] [-2.86587, 0.0, -5.27131] [2683.51, 382.057, 1001.82]]
		objLayer:i = 0
		props {

		}
	}
	t1_tanks_spawn02_01 {
		type:t = "Sphere"
		tm:m = [[-2.88807, 0.0, 5.25917] [0.0, 6.0, 0.0] [-5.25917, 0.0, -2.88807] [1658.76, 384.75, 935.899]]
		objLayer:i = 0
		props {

		}
	}
	t1_tanks_spawn02_02 {
		type:t = "Sphere"
		tm:m = [[-3.47706, 0.0, 4.88979] [0.0, 6.0, 0.0] [-4.88979, 0.0, -3.47706] [1654.99, 384.674, 919.894]]
		objLayer:i = 0
		props {

		}
	}
	t1_tanks_spawn02_03 {
		type:t = "Sphere"
		tm:m = [[-3.67866, 0.0, 4.73997] [0.0, 6.0, 0.0] [-4.73997, 0.0, -3.67866] [1651.24, 384.539, 903.881]]
		objLayer:i = 0
		props {

		}
	}
	t1_tanks_spawn02_04 {
		type:t = "Sphere"
		tm:m = [[-3.16619, 0.0, 5.09659] [0.0, 6.0, 0.0] [-5.09659, 0.0, -3.16619] [1642.37, 384.325, 955.466]]
		objLayer:i = 0
		props {

		}
	}
	t1_tanks_spawn02_05 {
		type:t = "Sphere"
		tm:m = [[-2.55802, 0.0, 5.42738] [0.0, 6.0, 0.0] [-5.42738, 0.0, -2.55802] [1704.4, 386.944, 909.693]]
		objLayer:i = 0
		props {

		}
	}
	t1_tanks_spawn02_06 {
		type:t = "Sphere"
		tm:m = [[-2.26039, 0.0, 5.55793] [0.0, 6.0, 0.0] [-5.55793, 0.0, -2.26039] [1691.79, 386.693, 898.108]]
		objLayer:i = 0
		props {

		}
	}
	t1_tanks_spawn02_07 {
		type:t = "Sphere"
		tm:m = [[-3.15993, 0.0, 5.10048] [0.0, 6.0, 0.0] [-5.10048, 0.0, -3.15993] [1624.5, 383.787, 929.3]]
		objLayer:i = 0
		props {

		}
	}
	t1_tanks_spawn02_08 {
		type:t = "Sphere"
		tm:m = [[-3.74294, 0.0, 4.68938] [0.0, 6.0, 0.0] [-4.68938, 0.0, -3.74294] [1637.8, 384.158, 914.699]]
		objLayer:i = 0
		props {

		}
	}
	t1_tanks_spawn02_09 {
		type:t = "Sphere"
		tm:m = [[-3.58042, 0.0, 4.81462] [0.0, 6.0, 0.0] [-4.81462, 0.0, -3.58042] [1634.17, 384.153, 898.727]]
		objLayer:i = 0
		props {

		}
	}
	t1_tanks_spawn02_10 {
		type:t = "Sphere"
		tm:m = [[-3.04957, 0.0, 5.16721] [0.0, 6.0, 0.0] [-5.16721, 0.0, -3.04957] [1620.65, 383.794, 912.6]]
		objLayer:i = 0
		props {

		}
	}
	t1_tanks_spawn02_11 {
		type:t = "Sphere"
		tm:m = [[-2.30174, 0.0, 5.54094] [0.0, 6.0, 0.0] [-5.54094, 0.0, -2.30174] [1684.05, 385.802, 912.2]]
		objLayer:i = 0
		props {

		}
	}
	t1_tanks_spawn02_12 {
		type:t = "Sphere"
		tm:m = [[-3.9222, 0.0, 4.54052] [0.0, 6.0, 0.0] [-4.54052, 0.0, -3.9222] [1672.53, 385.191, 922.764]]
		objLayer:i = 0
		props {

		}
	}
	t1_tanks_spawn02_13 {
		type:t = "Sphere"
		tm:m = [[-3.02178, 0.0, 5.18352] [0.0, 6.0, 0.0] [-5.18352, 0.0, -3.02178] [1670.5, 385.267, 908.573]]
		objLayer:i = 0
		props {

		}
	}
	t1_tanks_spawn02_14 {
		type:t = "Sphere"
		tm:m = [[-3.54325, 0.0, 4.84203] [0.0, 6.0, 0.0] [-4.84203, 0.0, -3.54325] [1662.58, 384.65, 964.49]]
		objLayer:i = 0
		props {

		}
	}
	t1_tanks_spawn02_15 {
		type:t = "Sphere"
		tm:m = [[-2.94247, 0.0, 5.22893] [0.0, 6.0, 0.0] [-5.22893, 0.0, -2.94247] [1659.2, 384.693, 949.9]]
		objLayer:i = 0
		props {

		}
	}
	t1_tanks_spawn02_16 {
		type:t = "Sphere"
		tm:m = [[-2.4559, 0.0, 5.47435] [0.0, 6.0, 0.0] [-5.47435, 0.0, -2.4559] [1721.65, 388.666, 900.45]]
		objLayer:i = 0
		props {

		}
	}
	t1_tanks_spawn02_17 {
		type:t = "Sphere"
		tm:m = [[-3.24516, 0.0, 5.04667] [0.0, 6.0, 0.0] [-5.04667, 0.0, -3.24516] [1679.03, 385.209, 940.979]]
		objLayer:i = 0
		props {

		}
	}
	t1_tanks_spawn02_18 {
		type:t = "Sphere"
		tm:m = [[-3.58834, 0.0, 4.80872] [0.0, 6.0, 0.0] [-4.80872, 0.0, -3.58834] [1690.56, 385.734, 926.712]]
		objLayer:i = 0
		props {

		}
	}
	t1_tanks_spawn02_19 {
		type:t = "Sphere"
		tm:m = [[-3.1985, 0.0, 5.07637] [0.0, 6.0, 0.0] [-5.07637, 0.0, -3.1985] [1699.16, 385.657, 945.135]]
		objLayer:i = 0
		props {

		}
	}
	t1_tanks_spawn02_20 {
		type:t = "Sphere"
		tm:m = [[-2.40693, 0.0, 5.49605] [0.0, 6.0, 0.0] [-5.49605, 0.0, -2.40693] [1709.48, 386.425, 932.685]]
		objLayer:i = 0
		props {

		}
	}
	t1_tanks_spawn03_01 {
		type:t = "Sphere"
		tm:m = [[3.03738, 0.0, 5.17438] [0.0, 6.0, 0.0] [-5.17438, 0.0, 3.03738] [1089.1, 381.788, 954.604]]
		objLayer:i = 0
		props {

		}
	}
	t1_tanks_spawn03_02 {
		type:t = "Sphere"
		tm:m = [[2.22675, 0.0, 5.5715] [0.0, 6.0, 0.0] [-5.5715, 0.0, 2.22675] [1121.82, 371.538, 1024.47]]
		objLayer:i = 0
		props {

		}
	}
	t1_tanks_spawn03_03 {
		type:t = "Sphere"
		tm:m = [[1.51301, 0.0, 5.80609] [0.0, 6.0, 0.0] [-5.80609, 0.0, 1.51301] [1129.06, 375.156, 1005.92]]
		objLayer:i = 0
		props {

		}
	}
	t1_tanks_spawn03_04 {
		type:t = "Sphere"
		tm:m = [[1.51301, 0.0, 5.80609] [0.0, 6.0, 0.0] [-5.80609, 0.0, 1.51301] [1135.9, 378.642, 990.516]]
		objLayer:i = 0
		props {

		}
	}
	t1_tanks_spawn03_05 {
		type:t = "Sphere"
		tm:m = [[1.51301, 0.0, 5.80609] [0.0, 6.0, 0.0] [-5.80609, 0.0, 1.51301] [1117.05, 377.148, 993.072]]
		objLayer:i = 0
		props {

		}
	}
	t1_tanks_spawn03_06 {
		type:t = "Sphere"
		tm:m = [[1.51301, 0.0, 5.80609] [0.0, 6.0, 0.0] [-5.80609, 0.0, 1.51301] [1126.95, 383.06, 959.623]]
		objLayer:i = 0
		props {

		}
	}
	t1_tanks_spawn03_07 {
		type:t = "Sphere"
		tm:m = [[3.17303, 0.0, 5.09233] [0.0, 6.0, 0.0] [-5.09233, 0.0, 3.17303] [1105.8, 381.083, 965.79]]
		objLayer:i = 0
		props {

		}
	}
	t1_tanks_spawn03_08 {
		type:t = "Sphere"
		tm:m = [[3.71518, 0.0, 4.7114] [0.0, 6.0, 0.0] [-4.7114, 0.0, 3.71518] [1110.64, 383.587, 947.951]]
		objLayer:i = 0
		props {

		}
	}
	t1_tanks_spawn03_09 {
		type:t = "Sphere"
		tm:m = [[2.27794, 0.0, 5.55075] [0.0, 6.0, 0.0] [-5.55075, 0.0, 2.27794] [1106.75, 370.049, 1034.48]]
		objLayer:i = 0
		props {

		}
	}
	t1_tanks_spawn03_10 {
		type:t = "Sphere"
		tm:m = [[1.51301, 0.0, 5.80609] [0.0, 6.0, 0.0] [-5.80609, 0.0, 1.51301] [1104.96, 373.666, 1010.18]]
		objLayer:i = 0
		props {

		}
	}
	t1_tanks_spawn03_11 {
		type:t = "Sphere"
