selected_tag:t = ""
bin_dump_file:t = ""
mission_settings {
	player {
		army:i = 1
	}
	player_teamB {
		army:i = 2
	}
	mission {
		type:t = "singleMission"
		level:t = "levels/water.bin"
		environment:t = "Day"
		weather:t = "hazy"
	}
}
imports {

}
triggers {
	isCategory:b = true
	is_enabled:b = true
}
mission_objectives {
	isCategory:b = true
	is_enabled:b = true
}
variables {

}
dialogs {

}
airfields {

}
effects {

}
units {
	objectGroups {
		name:t = "t1_helipad"
		tm:m = [[-0.0397619, 0.0, -0.999209] [0.0, 1.0, 0.0] [0.999209, 0.0, -0.0397619] [2173.95, 564.3, -2255.3]]
		unit_class:t = "dynHelipad_beton_a_ussr"
		objLayer:i = 2
		props {
			army:i = 1
			isDelayed:b = true
			active:b = true
		}
	}
	objectGroups {
		name:t = "t1_helipad_farspawn"
		tm:m = [[-0.115866, 0.0, -0.993265] [0.0, 1.0, 0.0] [0.993265, 0.0, -0.115866] [538.212, 547.94, -6325.51]]
		unit_class:t = "dynHelipad_beton_b_ussr"
		objLayer:i = 2
		props {
			army:i = 1
			isDelayed:b = true
			active:b = true
		}
	}
	objectGroups {
		name:t = "t2_helipad"
		tm:m = [[-0.0535564, 0.0, 0.998565] [0.0, 1.0, 0.0] [-0.998565, 0.0, -0.0535564] [1978.6, 355.0, 6317.65]]
		unit_class:t = "dynHelipad_beton_a_usa"
		objLayer:i = 2
		props {
			army:i = 2
			isDelayed:b = true
			active:b = true
		}
	}
	objectGroups {
		name:t = "t2_helipad_farspawn"
		tm:m = [[0.0937889, 0.0, 0.995592] [0.0, 1.0, 0.0] [-0.995592, 0.0, 0.0937889] [1896.99, 326.556, 10801.5]]
		unit_class:t = "dynHelipad_beton_b_usa"
		objLayer:i = 2
		props {
			army:i = 2
			isDelayed:b = true
			active:b = true
		}
	}
	air_defence {
		name:t = "t2_helipad_defence_01"
		tm:m = [[0.134021, 0.0, -0.990978] [0.0, 1.0, 0.0] [0.990978, 0.0, 0.134021] [2348.5, 332.65, 6363.1]]
		unit_class:t = "germ_20mm_flak38_longrange_helipad"
		objLayer:i = 1
		closed_waypoints:b = false
		isShipSpline:b = false
		shipTurnRadius:r = 100
		weapons:t = ""
		bullets0:t = ""
		bullets1:t = ""
		bullets2:t = ""
		bullets3:t = ""
		bulletsCount0:i = 0
		bulletsCount1:i = 0
		bulletsCount2:i = 0
		bulletsCount3:i = 0
		crewSkillK:r = 0
		applyAllMods:b = false
		props {
			army:i = 2
			count:i = 1
			formation_type:t = "rows"
			formation_div:i = 3
			formation_step:p2 = 2.5, 2
			formation_noise:p2 = 0.1, 0.1
			uniqueName:t = ""
			attack_type:t = "fire_at_will"
		}
		way {

		}
	}
	air_defence {
		name:t = "t2_helipad_defence_02"
		tm:m = [[0.134021, 0.0, -0.990978] [0.0, 1.0, 0.0] [0.990978, 0.0, 0.134021] [1700.62, 333.884, 6143.28]]
		unit_class:t = "germ_20mm_flak38_longrange_helipad"
		objLayer:i = 1
		closed_waypoints:b = false
		isShipSpline:b = false
		shipTurnRadius:r = 100
		weapons:t = ""
		bullets0:t = ""
		bullets1:t = ""
		bullets2:t = ""
		bullets3:t = ""
		bulletsCount0:i = 0
		bulletsCount1:i = 0
		bulletsCount2:i = 0
		bulletsCount3:i = 0
		crewSkillK:r = 0
		applyAllMods:b = false
		props {
			army:i = 2
			count:i = 1
			formation_type:t = "rows"
			formation_div:i = 3
			formation_step:p2 = 2.5, 2
			formation_noise:p2 = 0.1, 0.1
			uniqueName:t = ""
			attack_type:t = "fire_at_will"
		}
		way {

		}
	}
	air_defence {
		name:t = "t2_helipad_defence_03"
		tm:m = [[0.134021, 0.0, -0.990978] [0.0, 1.0, 0.0] [0.990978, 0.0, 0.134021] [2150.8, 366.15, 6716.5]]
		unit_class:t = "germ_20mm_flak38_helipad"
		objLayer:i = 1
		closed_waypoints:b = false
		isShipSpline:b = false
		shipTurnRadius:r = 100
		weapons:t = ""
		bullets0:t = ""
		bullets1:t = ""
		bullets2:t = ""
		bullets3:t = ""
		bulletsCount0:i = 0
		bulletsCount1:i = 0
		bulletsCount2:i = 0
		bulletsCount3:i = 0
		crewSkillK:r = 0
		applyAllMods:b = false
		props {
			army:i = 2
			count:i = 1
			formation_type:t = "rows"
			formation_div:i = 3
			formation_step:p2 = 2.5, 2
			formation_noise:p2 = 0.1, 0.1
			uniqueName:t = ""
			attack_type:t = "fire_at_will"
		}
		way {

		}
	}
	air_defence {
		name:t = "t2_helipad_defence_04"
		tm:m = [[0.134021, 0.0, -0.990978] [0.0, 1.0, 0.0] [0.990978, 0.0, 0.134021] [1456.9, 364.0, 6554.6]]
		unit_class:t = "germ_20mm_flak38_helipad"
		objLayer:i = 1
		closed_waypoints:b = false
		isShipSpline:b = false
		shipTurnRadius:r = 100
		weapons:t = ""
		bullets0:t = ""
		bullets1:t = ""
		bullets2:t = ""
		bullets3:t = ""
		bulletsCount0:i = 0
		bulletsCount1:i = 0
		bulletsCount2:i = 0
		bulletsCount3:i = 0
		crewSkillK:r = 0
		applyAllMods:b = false
		props {
			army:i = 2
			count:i = 1
			formation_type:t = "rows"
			formation_div:i = 3
			formation_step:p2 = 2.5, 2
			formation_noise:p2 = 0.1, 0.1
			uniqueName:t = ""
			attack_type:t = "fire_at_will"
		}
		way {

		}
	}
	squad {
		name:t = "t2_helipad_aaa_squad"
		tm:m = [[0.0622518, 0.0, 0.99806] [0.0, 1.0, 0.0] [-0.99806, 0.0, 0.0622518] [1989.4, 370.737, 6337.82]]
		props {
			object_marking:i = 0
			squad_members:t = "t2_helipad_defence_04"
			squad_members:t = "t2_helipad_defence_01"
			squad_members:t = "t2_helipad_defence_03"
			squad_members:t = "t2_helipad_defence_02"
		}
	}
	air_defence {
		name:t = "t1_helipad_defence_01"
		tm:m = [[0.840065, 0.0, 0.542486] [0.0, 1.0, 0.0] [-0.542486, 0.0, 0.840065] [2625.1, 567.15, -2167.9]]
		unit_class:t = "germ_20mm_flak38_longrange_helipad"
		objLayer:i = 1
		closed_waypoints:b = false
		isShipSpline:b = false
		shipTurnRadius:r = 100
		weapons:t = ""
		bullets0:t = ""
		bullets1:t = ""
		bullets2:t = ""
		bullets3:t = ""
		bulletsCount0:i = 0
		bulletsCount1:i = 0
		bulletsCount2:i = 0
		bulletsCount3:i = 0
		crewSkillK:r = 0
		applyAllMods:b = false
		props {
			army:i = 1
			count:i = 1
			formation_type:t = "rows"
			formation_div:i = 3
			formation_step:p2 = 2.5, 2
			formation_noise:p2 = 0.1, 0.1
			uniqueName:t = ""
			attack_type:t = "fire_at_will"
		}
		way {

		}
	}
	air_defence {
		name:t = "t1_helipad_defence_02"
		tm:m = [[0.840065, 0.0, 0.542486] [0.0, 1.0, 0.0] [-0.542486, 0.0, 0.840065] [2575.35, 578.893, -2366.8]]
		unit_class:t = "germ_20mm_flak38_longrange_helipad"
		objLayer:i = 1
		closed_waypoints:b = false
		isShipSpline:b = false
		shipTurnRadius:r = 100
		weapons:t = ""
		bullets0:t = ""
		bullets1:t = ""
		bullets2:t = ""
		bullets3:t = ""
		bulletsCount0:i = 0
		bulletsCount1:i = 0
		bulletsCount2:i = 0
		bulletsCount3:i = 0
		crewSkillK:r = 0
		applyAllMods:b = false
		props {
			army:i = 1
			count:i = 1
			formation_type:t = "rows"
			formation_div:i = 3
			formation_step:p2 = 2.5, 2
			formation_noise:p2 = 0.1, 0.1
			uniqueName:t = ""
			attack_type:t = "fire_at_will"
		}
		way {

		}
	}
	air_defence {
		name:t = "t1_helipad_defence_03"
		tm:m = [[0.840065, 0.0, 0.542486] [0.0, 1.0, 0.0] [-0.542486, 0.0, 0.840065] [1818.7, 557.969, -2179.31]]
		unit_class:t = "germ_20mm_flak38_helipad"
		objLayer:i = 1
		closed_waypoints:b = false
		isShipSpline:b = false
		shipTurnRadius:r = 100
		weapons:t = ""
		bullets0:t = ""
		bullets1:t = ""
		bullets2:t = ""
		bullets3:t = ""
		bulletsCount0:i = 0
		bulletsCount1:i = 0
		bulletsCount2:i = 0
		bulletsCount3:i = 0
		crewSkillK:r = 0
		applyAllMods:b = false
		props {
			army:i = 1
			count:i = 1
			formation_type:t = "rows"
			formation_div:i = 3
			formation_step:p2 = 2.5, 2
			formation_noise:p2 = 0.1, 0.1
			uniqueName:t = ""
			attack_type:t = "fire_at_will"
		}
		way {

		}
	}
	air_defence {
		name:t = "t1_helipad_defence_04"
		tm:m = [[0.840065, 0.0, 0.542486] [0.0, 1.0, 0.0] [-0.542486, 0.0, 0.840065] [2104.89, 567.625, -2624.79]]
		unit_class:t = "germ_20mm_flak38_helipad"
		objLayer:i = 1
		closed_waypoints:b = false
		isShipSpline:b = false
		shipTurnRadius:r = 100
		weapons:t = ""
		bullets0:t = ""
		bullets1:t = ""
		bullets2:t = ""
		bullets3:t = ""
		bulletsCount0:i = 0
		bulletsCount1:i = 0
		bulletsCount2:i = 0
		bulletsCount3:i = 0
		crewSkillK:r = 0
		applyAllMods:b = false
		props {
			army:i = 1
			count:i = 1
			formation_type:t = "rows"
			formation_div:i = 3
			formation_step:p2 = 2.5, 2
			formation_noise:p2 = 0.1, 0.1
			uniqueName:t = ""
			attack_type:t = "fire_at_will"
		}
		way {

		}
	}
	squad {
		name:t = "t1_helipad_aaa_squad"
		tm:m = [[1.0, 0.0, 0.0] [0.0, 1.0, 0.0] [0.0, 0.0, 1.0] [2189.07, 566.087, -2280.84]]
		props {
			object_marking:i = 0
			squad_members:t = "t1_helipad_defence_02"
			squad_members:t = "t1_helipad_defence_01"
			squad_members:t = "t1_helipad_defence_03"
			squad_members:t = "t1_helipad_defence_04"
		}
	}
}
areas {
	heli_4000 {
		type:t = "Sphere"
		tm:m = [[-1754.68, 0.0, 7805.2] [0.0, 8000.0, 0.0] [-7805.2, 0.0, -1754.68] [2048.0, 582.45, 2048.0]]
		objLayer:i = 4
		props {

		}
	}
}
objLayers {
	layer {
		enabled:b = true
	}
	layer {
		enabled:b = true
	}
	layer {
		enabled:b = true
	}
	layer {
		enabled:b = true
	}
	layer {
		enabled:b = true
	}
}
wayPoints {

}