selected_tag:t = ""
bin_dump_file:t = ""
mission_settings {
	player {
		army:i = 1
	}
	player_teamB {
		army:i = 2
	}
	mission {
		level:t = "levels/avg_guadalcanal.bin"
		type:t = "domination"
		environment:t = "Day"
		weather:t = "hazy"
	}
	atmosphere {
		pressure:r = 760
		temperature:r = 30
	}
}
imports {

}
triggers {
	isCategory:b = true
	is_enabled:b = true
}
mission_objectives {
	isCategory:b = true
	is_enabled:b = true
}
variables {

}
dialogs {

}
airfields {

}
effects {

}
units {
	tankModels {
		name:t = "t1_player01"
		tm:m = [[1.0, 0.0, 0.0] [0.0, 1.0, 0.0] [0.0, 0.0, 1.0] [2346.43, 48.7277, 2709.35]]
		unit_class:t = "aaa_dummy"
		objLayer:i = 1
		closed_waypoints:b = false
		isShipSpline:b = false
		shipTurnRadius:r = 100
		weapons:t = ""
		bullets0:t = ""
		bullets1:t = ""
		bullets2:t = ""
		bullets3:t = ""
		bulletsCount0:i = 0
		bulletsCount1:i = 0
		bulletsCount2:i = 0
		bulletsCount3:i = 0
		crewSkillK:r = 0
		applyAllMods:b = false
		props {
			army:i = 2
			count:i = 1
			formation_type:t = "rows"
			formation_div:i = 3
			formation_step:p2 = 2.5, 2
			formation_noise:p2 = 0.1, 0.1
			uniqueName:t = ""
			attack_type:t = "fire_at_will"
		}
		way {

		}
	}
	tankModels {
		name:t = "ai_target_unit_01"
		tm:m = [[-0.939487, 0.0, 0.342585] [0.0, 1.0, 0.0] [-0.342585, 0.0, -0.939487] [1610.78, 11.6962, 2246.57]]
		unit_class:t = "germ_stug_III_ausf_G"
		objLayer:i = 1
		closed_waypoints:b = false
		isShipSpline:b = false
		shipTurnRadius:r = 100
		weapons:t = ""
		bullets0:t = ""
		bullets1:t = ""
		bullets2:t = ""
		bullets3:t = ""
		bulletsCount0:i = 0
		bulletsCount1:i = 0
		bulletsCount2:i = 0
		bulletsCount3:i = 0
		crewSkillK:r = 0
		applyAllMods:b = false
		props {
			army:i = 1
			count:i = 1
			formation_type:t = "rows"
			formation_div:i = 3
			formation_step:p2 = 2.5, 2
			formation_noise:p2 = 0.1, 0.1
			uniqueName:t = ""
			attack_type:t = "fire_at_will"
			unitReplacementType:t = "groundTarget"
		}
		way {

		}
	}
	tankModels {
		name:t = "ai_target_unit_02"
		tm:m = [[-0.825705, 0.0, 0.564102] [0.0, 1.0, 0.0] [-0.564102, 0.0, -0.825705] [1252.33, 15.6638, 2316.78]]
		unit_class:t = "germ_stug_III_ausf_G"
		objLayer:i = 1
		closed_waypoints:b = false
		isShipSpline:b = false
		shipTurnRadius:r = 100
		weapons:t = ""
		bullets0:t = ""
		bullets1:t = ""
		bullets2:t = ""
		bullets3:t = ""
		bulletsCount0:i = 0
		bulletsCount1:i = 0
		bulletsCount2:i = 0
		bulletsCount3:i = 0
		crewSkillK:r = 0
		applyAllMods:b = false
		props {
			army:i = 1
			count:i = 1
			formation_type:t = "rows"
			formation_div:i = 3
			formation_step:p2 = 2.5, 2
			formation_noise:p2 = 0.1, 0.1
			uniqueName:t = ""
			attack_type:t = "fire_at_will"
			unitReplacementType:t = "groundTarget"
		}
		way {

		}
	}
	tankModels {
		name:t = "ai_target_unit_03"
		tm:m = [[-0.785467, 0.0, -0.618905] [0.0, 1.0, 0.0] [0.618905, 0.0, -0.785467] [1667.75, 3.83211, 1861.7]]
		unit_class:t = "germ_stug_III_ausf_G"
		objLayer:i = 1
		closed_waypoints:b = false
		isShipSpline:b = false
		shipTurnRadius:r = 100
		weapons:t = ""
		bullets0:t = ""
		bullets1:t = ""
		bullets2:t = ""
		bullets3:t = ""
		bulletsCount0:i = 0
		bulletsCount1:i = 0
		bulletsCount2:i = 0
		bulletsCount3:i = 0
		crewSkillK:r = 0
		applyAllMods:b = false
		props {
			army:i = 1
			count:i = 1
			formation_type:t = "rows"
			formation_div:i = 3
			formation_step:p2 = 2.5, 2
			formation_noise:p2 = 0.1, 0.1
			uniqueName:t = ""
			attack_type:t = "fire_at_will"
			unitReplacementType:t = "groundTarget"
		}
		way {

		}
	}
	tankModels {
		name:t = "ai_target_unit_04"
		tm:m = [[-0.999055, 0.0, -0.0434924] [0.0, 1.0, 0.0] [0.0434924, 0.0, -0.999055] [2119.75, 4.73924, 2511.64]]
		unit_class:t = "germ_stug_III_ausf_G"
		objLayer:i = 1
		closed_waypoints:b = false
		isShipSpline:b = false
		shipTurnRadius:r = 100
		weapons:t = ""
		bullets0:t = ""
		bullets1:t = ""
		bullets2:t = ""
		bullets3:t = ""
		bulletsCount0:i = 0
		bulletsCount1:i = 0
		bulletsCount2:i = 0
		bulletsCount3:i = 0
		crewSkillK:r = 0
		applyAllMods:b = false
		props {
			army:i = 1
			count:i = 1
			formation_type:t = "rows"
			formation_div:i = 3
			formation_step:p2 = 2.5, 2
			formation_noise:p2 = 0.1, 0.1
			uniqueName:t = ""
			attack_type:t = "fire_at_will"
			unitReplacementType:t = "groundTarget"
		}
		way {

		}
	}
	tankModels {
		name:t = "ai_target_unit_05"
		tm:m = [[-0.989603, 0.0, -0.143827] [0.0, 1.0, 0.0] [0.143827, 0.0, -0.989603] [1419.75, 14.0102, 2105.35]]
		unit_class:t = "germ_stug_III_ausf_G"
		objLayer:i = 1
		closed_waypoints:b = false
		isShipSpline:b = false
		shipTurnRadius:r = 100
		weapons:t = ""
		bullets0:t = ""
		bullets1:t = ""
		bullets2:t = ""
		bullets3:t = ""
		bulletsCount0:i = 0
		bulletsCount1:i = 0
		bulletsCount2:i = 0
		bulletsCount3:i = 0
		crewSkillK:r = 0
		applyAllMods:b = false
		props {
			army:i = 1
			count:i = 1
			formation_type:t = "rows"
			formation_div:i = 3
			formation_step:p2 = 2.5, 2
			formation_noise:p2 = 0.1, 0.1
			uniqueName:t = ""
			attack_type:t = "fire_at_will"
			unitReplacementType:t = "groundTarget"
		}
		way {

		}
	}
	tankModels {
		name:t = "ai_target_unit_06"
		tm:m = [[-0.99035, 0.0, 0.138588] [0.0, 1.0, 0.0] [-0.138588, 0.0, -0.99035] [1338.97, 13.5527, 2158.59]]
		unit_class:t = "germ_stug_III_ausf_G"
		objLayer:i = 1
		closed_waypoints:b = false
		isShipSpline:b = false
		shipTurnRadius:r = 100
		weapons:t = ""
		bullets0:t = ""
		bullets1:t = ""
		bullets2:t = ""
		bullets3:t = ""
		bulletsCount0:i = 0
		bulletsCount1:i = 0
		bulletsCount2:i = 0
		bulletsCount3:i = 0
		crewSkillK:r = 0
		applyAllMods:b = false
		props {
			army:i = 1
			count:i = 1
			formation_type:t = "rows"
			formation_div:i = 3
			formation_step:p2 = 2.5, 2
			formation_noise:p2 = 0.1, 0.1
			uniqueName:t = ""
			attack_type:t = "fire_at_will"
			unitReplacementType:t = "groundTarget"
		}
		way {

		}
	}
	tankModels {
		name:t = "ai_target_unit_07"
		tm:m = [[-0.947239, 0.0, -0.320531] [0.0, 1.0, 0.0] [0.320531, 0.0, -0.947239] [1513.14, 10.7729, 1966.9]]
		unit_class:t = "germ_stug_III_ausf_G"
		objLayer:i = 1
		closed_waypoints:b = false
		isShipSpline:b = false
		shipTurnRadius:r = 100
		weapons:t = ""
		bullets0:t = ""
		bullets1:t = ""
		bullets2:t = ""
		bullets3:t = ""
		bulletsCount0:i = 0
		bulletsCount1:i = 0
		bulletsCount2:i = 0
		bulletsCount3:i = 0
		crewSkillK:r = 0
		applyAllMods:b = false
		props {
			army:i = 1
			count:i = 1
			formation_type:t = "rows"
			formation_div:i = 3
			formation_step:p2 = 2.5, 2
			formation_noise:p2 = 0.1, 0.1
			uniqueName:t = ""
			attack_type:t = "fire_at_will"
			unitReplacementType:t = "groundTarget"
		}
		way {

		}
	}
	tankModels {
		name:t = "ai_target_unit_08"
		tm:m = [[-0.982075, 0.0, 0.188494] [0.0, 1.0, 0.0] [-0.188494, 0.0, -0.982075] [1402.28, 15.9213, 2026.94]]
		unit_class:t = "germ_stug_III_ausf_G"
		objLayer:i = 1
		closed_waypoints:b = false
		isShipSpline:b = false
		shipTurnRadius:r = 100
		weapons:t = ""
		bullets0:t = ""
		bullets1:t = ""
		bullets2:t = ""
		bullets3:t = ""
		bulletsCount0:i = 0
		bulletsCount1:i = 0
		bulletsCount2:i = 0
		bulletsCount3:i = 0
		crewSkillK:r = 0
		applyAllMods:b = false
		props {
			army:i = 1
			count:i = 1
			formation_type:t = "rows"
			formation_div:i = 3
			formation_step:p2 = 2.5, 2
			formation_noise:p2 = 0.1, 0.1
			uniqueName:t = ""
			attack_type:t = "fire_at_will"
			unitReplacementType:t = "groundTarget"
		}
		way {

		}
	}
	tankModels {
		name:t = "ai_target_unit_09"
		tm:m = [[-0.915052, 0.0, 0.403337] [0.0, 1.0, 0.0] [-0.403337, 0.0, -0.915052] [1987.64, 4.39188, 2286.73]]
		unit_class:t = "germ_stug_III_ausf_G"
		objLayer:i = 1
		closed_waypoints:b = false
		isShipSpline:b = false
		shipTurnRadius:r = 100
		weapons:t = ""
		bullets0:t = ""
		bullets1:t = ""
		bullets2:t = ""
		bullets3:t = ""
		bulletsCount0:i = 0
		bulletsCount1:i = 0
		bulletsCount2:i = 0
		bulletsCount3:i = 0
		crewSkillK:r = 0
		applyAllMods:b = false
		props {
			army:i = 1
			count:i = 1
			formation_type:t = "rows"
			formation_div:i = 3
			formation_step:p2 = 2.5, 2
			formation_noise:p2 = 0.1, 0.1
			uniqueName:t = ""
			attack_type:t = "fire_at_will"
			unitReplacementType:t = "groundTarget"
		}
		way {

		}
	}
	tankModels {
		name:t = "ai_target_unit_10"
		tm:m = [[-0.980398, 0.0, 0.19703] [0.0, 1.0, 0.0] [-0.19703, 0.0, -0.980398] [1841.0, 4.45131, 2326.78]]
		unit_class:t = "germ_stug_III_ausf_G"
		objLayer:i = 1
		closed_waypoints:b = false
		isShipSpline:b = false
		shipTurnRadius:r = 100
		weapons:t = ""
		bullets0:t = ""
		bullets1:t = ""
		bullets2:t = ""
		bullets3:t = ""
		bulletsCount0:i = 0
		bulletsCount1:i = 0
		bulletsCount2:i = 0
		bulletsCount3:i = 0
		crewSkillK:r = 0
		applyAllMods:b = false
		props {
			army:i = 1
			count:i = 1
			formation_type:t = "rows"
			formation_div:i = 3
			formation_step:p2 = 2.5, 2
			formation_noise:p2 = 0.1, 0.1
			uniqueName:t = ""
			attack_type:t = "fire_at_will"
			unitReplacementType:t = "groundTarget"
		}
		way {

		}
	}
	tankModels {
		name:t = "ai_target_unit_11"
		tm:m = [[-0.959915, 0.0, -0.280292] [0.0, 1.0, 0.0] [0.280292, 0.0, -0.959915] [1566.25, 10.9522, 2114.75]]
		unit_class:t = "germ_stug_III_ausf_G"
		objLayer:i = 1
		closed_waypoints:b = false
		isShipSpline:b = false
		shipTurnRadius:r = 100
		weapons:t = ""
		bullets0:t = ""
		bullets1:t = ""
		bullets2:t = ""
		bullets3:t = ""
		bulletsCount0:i = 0
		bulletsCount1:i = 0
		bulletsCount2:i = 0
		bulletsCount3:i = 0
		crewSkillK:r = 0
		applyAllMods:b = false
		props {
			army:i = 1
			count:i = 1
			formation_type:t = "rows"
			formation_div:i = 3
			formation_step:p2 = 2.5, 2
			formation_noise:p2 = 0.1, 0.1
			uniqueName:t = ""
			attack_type:t = "fire_at_will"
			unitReplacementType:t = "groundTarget"
		}
		way {

		}
	}
	tankModels {
		name:t = "ai_target_unit_12"
		tm:m = [[-0.954298, 0.0, -0.298857] [0.0, 1.0, 0.0] [0.298857, 0.0, -0.954298] [1437.83, 14.2379, 2236.77]]
		unit_class:t = "germ_stug_III_ausf_G"
		objLayer:i = 1
		closed_waypoints:b = false
		isShipSpline:b = false
		shipTurnRadius:r = 100
		weapons:t = ""
		bullets0:t = ""
		bullets1:t = ""
		bullets2:t = ""
		bullets3:t = ""
		bulletsCount0:i = 0
		bulletsCount1:i = 0
		bulletsCount2:i = 0
		bulletsCount3:i = 0
		crewSkillK:r = 0
		applyAllMods:b = false
		props {
			army:i = 1
			count:i = 1
			formation_type:t = "rows"
			formation_div:i = 3
			formation_step:p2 = 2.5, 2
			formation_noise:p2 = 0.1, 0.1
			uniqueName:t = ""
			attack_type:t = "fire_at_will"
			unitReplacementType:t = "groundTarget"
		}
		way {

		}
	}
	tankModels {
		name:t = "ai_target_unit_13"
		tm:m = [[-0.945098, 0.0, 0.326789] [0.0, 1.0, 0.0] [-0.326789, 0.0, -0.945098] [1429.49, 15.5663, 2310.66]]
		unit_class:t = "germ_stug_III_ausf_G"
		objLayer:i = 1
		closed_waypoints:b = false
		isShipSpline:b = false
		shipTurnRadius:r = 100
		weapons:t = ""
		bullets0:t = ""
		bullets1:t = ""
		bullets2:t = ""
		bullets3:t = ""
		bulletsCount0:i = 0
		bulletsCount1:i = 0
		bulletsCount2:i = 0
		bulletsCount3:i = 0
		crewSkillK:r = 0
		applyAllMods:b = false
		props {
			army:i = 1
			count:i = 1
			formation_type:t = "rows"
			formation_div:i = 3
			formation_step:p2 = 2.5, 2
			formation_noise:p2 = 0.1, 0.1
			uniqueName:t = ""
			attack_type:t = "fire_at_will"
			unitReplacementType:t = "groundTarget"
		}
		way {

		}
	}
	tankModels {
		name:t = "ai_target_unit_14"
		tm:m = [[-0.98965, 0.0, 0.143503] [0.0, 1.0, 0.0] [-0.143503, 0.0, -0.98965] [1626.37, 12.5448, 2294.27]]
		unit_class:t = "germ_stug_III_ausf_G"
		objLayer:i = 1
		closed_waypoints:b = false
		isShipSpline:b = false
		shipTurnRadius:r = 100
		weapons:t = ""
		bullets0:t = ""
		bullets1:t = ""
		bullets2:t = ""
		bullets3:t = ""
		bulletsCount0:i = 0
		bulletsCount1:i = 0
		bulletsCount2:i = 0
		bulletsCount3:i = 0
		crewSkillK:r = 0
		applyAllMods:b = false
		props {
			army:i = 1
			count:i = 1
			formation_type:t = "rows"
			formation_div:i = 3
			formation_step:p2 = 2.5, 2
			formation_noise:p2 = 0.1, 0.1
			uniqueName:t = ""
			attack_type:t = "fire_at_will"
			unitReplacementType:t = "groundTarget"
		}
		way {

		}
	}
	tankModels {
		name:t = "ai_target_unit_15"
		tm:m = [[-0.9982, 0.0, -0.0599811] [0.0, 1.0, 0.0] [0.0599811, 0.0, -0.9982] [1222.35, 16.1362, 2257.04]]
		unit_class:t = "germ_stug_III_ausf_G"
		objLayer:i = 1
		closed_waypoints:b = false
		isShipSpline:b = false
		shipTurnRadius:r = 100
		weapons:t = ""
		bullets0:t = ""
		bullets1:t = ""
		bullets2:t = ""
		bullets3:t = ""
		bulletsCount0:i = 0
		bulletsCount1:i = 0
		bulletsCount2:i = 0
		bulletsCount3:i = 0
		crewSkillK:r = 0
		applyAllMods:b = false
		props {
			army:i = 1
			count:i = 1
			formation_type:t = "rows"
			formation_div:i = 3
			formation_step:p2 = 2.5, 2
			formation_noise:p2 = 0.1, 0.1
			uniqueName:t = ""
			attack_type:t = "fire_at_will"
			unitReplacementType:t = "groundTarget"
		}
		way {

		}
	}
	tankModels {
		name:t = "ai_target_unit_16"
		tm:m = [[-0.970886, 0.0, 0.239541] [0.0, 1.0, 0.0] [-0.239541, 0.0, -0.970886] [1491.47, 14.5424, 1899.91]]
		unit_class:t = "germ_stug_III_ausf_G"
		objLayer:i = 1
		closed_waypoints:b = false
		isShipSpline:b = false
		shipTurnRadius:r = 100
		weapons:t = ""
		bullets0:t = ""
		bullets1:t = ""
		bullets2:t = ""
		bullets3:t = ""
		bulletsCount0:i = 0
		bulletsCount1:i = 0
		bulletsCount2:i = 0
		bulletsCount3:i = 0
		crewSkillK:r = 0
		applyAllMods:b = false
		props {
			army:i = 1
			count:i = 1
			formation_type:t = "rows"
			formation_div:i = 3
			formation_step:p2 = 2.5, 2
			formation_noise:p2 = 0.1, 0.1
			uniqueName:t = ""
			attack_type:t = "fire_at_will"
			unitReplacementType:t = "groundTarget"
		}
		way {

		}
	}
	tankModels {
		name:t = "ai_target_unit_17"
		tm:m = [[-0.941683, 0.0, -0.3365] [0.0, 1.0, 0.0] [0.3365, 0.0, -0.941683] [1419.8, 15.8241, 1963.91]]
		unit_class:t = "germ_stug_III_ausf_G"
		objLayer:i = 1
		closed_waypoints:b = false
		isShipSpline:b = false
		shipTurnRadius:r = 100
		weapons:t = ""
		bullets0:t = ""
		bullets1:t = ""
		bullets2:t = ""
		bullets3:t = ""
		bulletsCount0:i = 0
		bulletsCount1:i = 0
		bulletsCount2:i = 0
		bulletsCount3:i = 0
		crewSkillK:r = 0
		applyAllMods:b = false
		props {
			army:i = 1
			count:i = 1
			formation_type:t = "rows"
			formation_div:i = 3
			formation_step:p2 = 2.5, 2
			formation_noise:p2 = 0.1, 0.1
			uniqueName:t = ""
			attack_type:t = "fire_at_will"
			unitReplacementType:t = "groundTarget"
		}
		way {

		}
	}
	tankModels {
		name:t = "ai_target_unit_18"
		tm:m = [[-0.99716, 0.0, 0.075309] [0.0, 1.0, 0.0] [-0.075309, 0.0, -0.99716] [2098.85, 4.90047, 2564.07]]
		unit_class:t = "germ_stug_III_ausf_G"
		objLayer:i = 1
		closed_waypoints:b = false
		isShipSpline:b = false
		shipTurnRadius:r = 100
		weapons:t = ""
		bullets0:t = ""
		bullets1:t = ""
		bullets2:t = ""
		bullets3:t = ""
		bulletsCount0:i = 0
		bulletsCount1:i = 0
		bulletsCount2:i = 0
		bulletsCount3:i = 0
		crewSkillK:r = 0
		applyAllMods:b = false
		props {
			army:i = 1
			count:i = 1
			formation_type:t = "rows"
			formation_div:i = 3
			formation_step:p2 = 2.5, 2
			formation_noise:p2 = 0.1, 0.1
			uniqueName:t = ""
			attack_type:t = "fire_at_will"
			unitReplacementType:t = "groundTarget"
		}
		way {

		}
	}
	tankModels {
		name:t = "ai_target_unit_19"
		tm:m = [[-0.748298, 0.0, -0.663363] [0.0, 1.0, 0.0] [0.663363, 0.0, -0.748298] [1509.8, 13.8664, 1829.35]]
		unit_class:t = "germ_stug_III_ausf_G"
		objLayer:i = 1
		closed_waypoints:b = false
		isShipSpline:b = false
		shipTurnRadius:r = 100
		weapons:t = ""
		bullets0:t = ""
		bullets1:t = ""
		bullets2:t = ""
		bullets3:t = ""
		bulletsCount0:i = 0
		bulletsCount1:i = 0
		bulletsCount2:i = 0
		bulletsCount3:i = 0
		crewSkillK:r = 0
		applyAllMods:b = false
		props {
			army:i = 1
			count:i = 1
			formation_type:t = "rows"
			formation_div:i = 3
			formation_step:p2 = 2.5, 2
			formation_noise:p2 = 0.1, 0.1
			uniqueName:t = ""
			attack_type:t = "fire_at_will"
			unitReplacementType:t = "groundTarget"
		}
		way {

		}
	}
	tankModels {
		name:t = "ai_target_unit_20"
		tm:m = [[-0.937581, 0.0, -0.34777] [0.0, 1.0, 0.0] [0.34777, 0.0, -0.937581] [1917.11, 8.26842, 2624.66]]
		unit_class:t = "germ_stug_III_ausf_G"
		objLayer:i = 1
		closed_waypoints:b = false
		isShipSpline:b = false
		shipTurnRadius:r = 100
		weapons:t = ""
		bullets0:t = ""
		bullets1:t = ""
		bullets2:t = ""
		bullets3:t = ""
		bulletsCount0:i = 0
		bulletsCount1:i = 0
		bulletsCount2:i = 0
		bulletsCount3:i = 0
		crewSkillK:r = 0
		applyAllMods:b = false
		props {
			army:i = 1
			count:i = 1
			formation_type:t = "rows"
			formation_div:i = 3
			formation_step:p2 = 2.5, 2
			formation_noise:p2 = 0.1, 0.1
			uniqueName:t = ""
			attack_type:t = "fire_at_will"
			unitReplacementType:t = "groundTarget"
		}
		way {

		}
	}
	squad {
		name:t = "ai_target_unit_squad"
		tm:m = [[1.0, 0.0, 0.0] [0.0, 1.0, 0.0] [0.0, 0.0, 1.0] [1071.0, 5.97151, 1704.75]]
		props {
			squad_members:t = "ai_target_unit_01"
			squad_members:t = "ai_target_unit_02"
			squad_members:t = "ai_target_unit_03"
			squad_members:t = "ai_target_unit_04"
			squad_members:t = "ai_target_unit_05"
			squad_members:t = "ai_target_unit_06"
			squad_members:t = "ai_target_unit_07"
			squad_members:t = "ai_target_unit_08"
			squad_members:t = "ai_target_unit_09"
			squad_members:t = "ai_target_unit_10"
			squad_members:t = "ai_target_unit_11"
			squad_members:t = "ai_target_unit_12"
			squad_members:t = "ai_target_unit_13"
			squad_members:t = "ai_target_unit_14"
			squad_members:t = "ai_target_unit_15"
			squad_members:t = "ai_target_unit_16"
			squad_members:t = "ai_target_unit_17"
			squad_members:t = "ai_target_unit_18"
			squad_members:t = "ai_target_unit_19"
			squad_members:t = "ai_target_unit_20"
			object_marking:i = 0
		}
	}
}
areas {

}
objLayers {
	layer {
		enabled:b = true
	}
	layer {
		enabled:b = true
	}
	layer {
		enabled:b = true
	}
	layer {
		enabled:b = true
	}
	layer {
		enabled:b = true
	}
}
wayPoints {

}