selected_tag:t = ""
bin_dump_file:t = ""
mission_settings {
	player {
		army:i = 1
	}
	player_teamB {
		army:i = 2
	}
	mission {
		level:t = "levels/guadalcanal.bin"
		type:t = "domination"
		environment:t = "Day"
		weather:t = "hazy"
		locName:t = "missions/guadalcanal_BfD_norespawn"
		locDesc:t = "missions/_BfD_norespawn/desc"
		scoreLimit:i = 7600
		timeLimit:i = 25
		deathPenaltyMul:r = 0.4
		country_axis:t = "japan"
		country_allies:t = "usa"
		restoreType:t = "attempts"
		optionalTakeOff:b = false
		allowedUnitTypes {
			isAirplanesAllowed:b = true
			isTanksAllowed:b = false
			isShipsAllowed:b = false
			isHelicoptersAllowed:b = false
		}
	}
}
imports {

}
triggers {
	isCategory:b = true
	is_enabled:b = true
}
mission_objectives {
	isCategory:b = true
	is_enabled:b = true
}
variables {

}
dialogs {

}
airfields {

}
effects {

}
units {
	squad {
		name:t = "t2_carriers_squad"
		tm:m = [[-0.349027, 0.0, -0.937113] [0.0, 1.0, 0.0] [0.937113, 0.0, -0.349027] [-21393.5, -2.98633, -22995.7]]
		props {
			squad_members:t = "t2_carrier_01"
			object_marking:i = 0
		}
	}
	squad {
		name:t = "t1_carriers_squad"
		tm:m = [[0.670066, 0.0, -0.742302] [0.0, 1.0, 0.0] [0.742302, 0.0, 0.670066] [11083.7, 1.00586, -31916.2]]
		props {
			squad_members:t = "t1_carrier_02"
			object_marking:i = 0
		}
	}
	ships {
		name:t = "t1_carrier_02"
		tm:m = [[0.422617, 0.0, -0.906308] [0.0, 1.0, 0.0] [0.906308, 0.0, 0.422617] [11058.7, 54.9947, -20035.8]]
		unit_class:t = "us_aircraftcarrier_forrestal"
		closed_waypoints:b = true
		isShipSpline:b = true
		shipTurnRadius:r = 100
		weapons:t = ""
		bullets0:t = ""
		bullets1:t = ""
		bullets2:t = ""
		bullets3:t = ""
		bulletsCount0:i = 0
		bulletsCount1:i = 0
		bulletsCount2:i = 0
		bulletsCount3:i = 0
		crewSkillK:r = 0
		applyAllMods:b = false
		props {
			army:i = 1
			count:i = 1
			formation_type:t = "rows"
			formation_div:i = 3
			formation_step:p2 = 2.5, 2
			formation_noise:p2 = 0.1, 0.1
			uniqueName:t = ""
			attack_type:t = "fire_at_will"
		}
		way {
			t1_carrier_02_wp_01 {
				type:t = "normal"
				tm:m = [[1.0, 0.0, 0.0] [0.0, 1.0, 0.0] [0.0, 0.0, 1.0] [11719.5, 0.994719, -21452.9]]
				props {
					speed:r = 30
					moveType:t = "MOVETO_STRAIGHT"
				}
			}
			t1_carrier_02_wp_02 {
				type:t = "normal"
				tm:m = [[1.0, 0.0, 0.0] [0.0, 1.0, 0.0] [0.0, 0.0, 1.0] [14454.2, 0.994719, -27317.4]]
				props {
					speed:r = 30
					moveType:t = "MOVETO_STRAIGHT"
				}
			}
			t1_carrier_02_wp_03 {
				type:t = "normal"
				tm:m = [[1.0, 0.0, 0.0] [0.0, 1.0, 0.0] [0.0, 0.0, 1.0] [15932.0, 0.99667, -26998.8]]
				props {
					speed:r = 30
					moveType:t = "MOVETO_STRAIGHT"
				}
			}
		}
	}
	ships {
		name:t = "t2_carrier_01"
		tm:m = [[-0.608762, 0.0, -0.793353] [0.0, 1.0, 0.0] [0.793353, 0.0, -0.608762] [-22208.7, 54.9935, -19233.6]]
		unit_class:t = "us_aircraftcarrier_forrestal"
		closed_waypoints:b = true
		isShipSpline:b = true
		shipTurnRadius:r = 100
		weapons:t = ""
		bullets0:t = ""
		bullets1:t = ""
		bullets2:t = ""
		bullets3:t = ""
		bulletsCount0:i = 0
		bulletsCount1:i = 0
		bulletsCount2:i = 0
		bulletsCount3:i = 0
		crewSkillK:r = 0
		applyAllMods:b = false
		props {
			army:i = 2
			count:i = 1
			formation_type:t = "rows"
			formation_div:i = 3
			formation_step:p2 = 2.5, 2
			formation_noise:p2 = 0.1, 0.1
			uniqueName:t = ""
			attack_type:t = "fire_at_will"
		}
		way {
			t1_carrier_05_wp_01 {
				type:t = "normal"
				tm:m = [[1.0, 0.0, 0.0] [0.0, 1.0, 0.0] [0.0, 0.0, 1.0] [-23997.7, 0.994512, -21565.5]]
				props {
					speed:r = 30
					moveType:t = "MOVETO_STRAIGHT"
				}
			}
			t1_carrier_05_wp_02 {
				type:t = "normal"
				tm:m = [[1.0, 0.0, 0.0] [0.0, 1.0, 0.0] [0.0, 0.0, 1.0] [-27921.3, 1.00861, -26678.8]]
				props {
					speed:r = 30
					moveType:t = "MOVETO_STRAIGHT"
				}
			}
			t1_carrier_05_wp_03 {
				type:t = "normal"
				tm:m = [[1.0, 0.0, 0.0] [0.0, 1.0, 0.0] [0.0, 0.0, 1.0] [-26912.8, 0.991579, -27826.3]]
				props {
					speed:r = 30
					moveType:t = "MOVETO_STRAIGHT"
				}
			}
		}
	}
	ships {
		name:t = "t1_carrier_destroyer_01"
		tm:m = [[0.422617, 0.0, -0.906308] [0.0, 1.0, 0.0] [0.906308, 0.0, 0.422617] [10764.8, 54.9947, -19594.4]]
		unit_class:t = "us_destroyer_mitscher"
		closed_waypoints:b = true
		isShipSpline:b = true
		shipTurnRadius:r = 100
		weapons:t = ""
		bullets0:t = ""
		bullets1:t = ""
		bullets2:t = ""
		bullets3:t = ""
		bulletsCount0:i = 0
		bulletsCount1:i = 0
		bulletsCount2:i = 0
		bulletsCount3:i = 0
		crewSkillK:r = 0
		applyAllMods:b = false
		props {
			army:i = 1
			count:i = 1
			formation_type:t = "rows"
			formation_div:i = 3
			formation_step:p2 = 2.5, 2
			formation_noise:p2 = 0.1, 0.1
			uniqueName:t = ""
			attack_type:t = "fire_at_will"
		}
		way {
			t1_carrier_04_wp_07 {
				type:t = "normal"
				tm:m = [[1.0, 0.0, 0.0] [0.0, 1.0, 0.0] [0.0, 0.0, 1.0] [11324.1, -23.4203, -20921.8]]
				props {
					speed:r = 30
					moveType:t = "MOVETO_STRAIGHT"
				}
			}
			t1_carrier_04_wp_08 {
				type:t = "normal"
				tm:m = [[1.0, 0.0, 0.0] [0.0, 1.0, 0.0] [0.0, 0.0, 1.0] [14286.5, 0.994719, -27808.9]]
				props {
					speed:r = 30
					moveType:t = "MOVETO_STRAIGHT"
				}
			}
			t1_carrier_04_wp_09 {
				type:t = "normal"
				tm:m = [[1.0, 0.0, 0.0] [0.0, 1.0, 0.0] [0.0, 0.0, 1.0] [16844.7, 0.99667, -27310.2]]
				props {
					speed:r = 33
					moveType:t = "MOVETO_STRAIGHT"
				}
			}
		}
	}
	ships {
		name:t = "t2_carrier_destroyer_03"
		tm:m = [[-0.608762, 0.0, -0.793353] [0.0, 1.0, 0.0] [0.793353, 0.0, -0.608762] [-21531.2, 54.9935, -18882.5]]
		unit_class:t = "us_destroyer_mitscher"
		closed_waypoints:b = true
		isShipSpline:b = true
		shipTurnRadius:r = 100
		weapons:t = ""
		bullets0:t = ""
		bullets1:t = ""
		bullets2:t = ""
		bullets3:t = ""
		bulletsCount0:i = 0
		bulletsCount1:i = 0
		bulletsCount2:i = 0
		bulletsCount3:i = 0
		crewSkillK:r = 0
		applyAllMods:b = false
		props {
			army:i = 2
			count:i = 1
			formation_type:t = "rows"
			formation_div:i = 3
			formation_step:p2 = 2.5, 2
			formation_noise:p2 = 0.1, 0.1
			uniqueName:t = ""
			attack_type:t = "fire_at_will"
		}
		way {
			t2_carrier_04_wp_07 {
				type:t = "normal"
				tm:m = [[1.0, 0.0, 0.0] [0.0, 1.0, 0.0] [0.0, 0.0, 1.0] [-24180.4, 0.994022, -21893.1]]
				props {
					speed:r = 28
					moveType:t = "MOVETO_STRAIGHT"
				}
			}
			t2_carrier_04_wp_08 {
				type:t = "normal"
				tm:m = [[1.0, 0.0, 0.0] [0.0, 1.0, 0.0] [0.0, 0.0, 1.0] [-27355.6, 1.00964, -26506.7]]
				props {
					speed:r = 29
					moveType:t = "MOVETO_STRAIGHT"
				}
			}
			t2_carrier_04_wp_09 {
				type:t = "normal"
				tm:m = [[1.0, 0.0, 0.0] [0.0, 1.0, 0.0] [0.0, 0.0, 1.0] [-27061.8, 0.994022, -27595.0]]
				props {
					speed:r = 31
					moveType:t = "MOVETO_STRAIGHT"
				}
			}
		}
	}
	squad {
		name:t = "t1_carrier_destroyers_squad"
		tm:m = [[0.573577, 0.0, 0.819152] [0.0, 1.0, 0.0] [-0.819152, 0.0, 0.573577] [11395.0, 92.634, -29739.5]]
		props {
			squad_members:t = "t1_carrier_destroyer_01"
			squad_members:t = "t1_carrier_destroyer_02"
		}
	}
	squad {
		name:t = "t2_carrier_destroyers_squad"
		tm:m = [[-0.991445, 0.0, 0.130527] [0.0, 1.0, 0.0] [-0.130527, 0.0, -0.991445] [-24019.9, 54.993, -28284.5]]
		props {
			squad_members:t = "t2_carrier_destroyer_03"
			squad_members:t = "t2_carrier_destroyer_04"
		}
	}
	ships {
		name:t = "t1_carrier_destroyer_02"
		tm:m = [[0.422617, 0.0, -0.906308] [0.0, 1.0, 0.0] [0.906308, 0.0, 0.422617] [11041.8, 54.9947, -19465.3]]
		unit_class:t = "us_destroyer_mitscher"
		closed_waypoints:b = true
		isShipSpline:b = true
		shipTurnRadius:r = 100
		weapons:t = ""
		bullets0:t = ""
		bullets1:t = ""
		bullets2:t = ""
		bullets3:t = ""
		bulletsCount0:i = 0
		bulletsCount1:i = 0
		bulletsCount2:i = 0
		bulletsCount3:i = 0
		crewSkillK:r = 0
		applyAllMods:b = false
		props {
			army:i = 1
			count:i = 1
			formation_type:t = "rows"
			formation_div:i = 3
			formation_step:p2 = 2.5, 2
			formation_noise:p2 = 0.1, 0.1
			uniqueName:t = ""
			attack_type:t = "fire_at_will"
		}
		way {
			t1_carrier_destroyer_02_wp_01 {
				type:t = "normal"
				tm:m = [[1.0, 0.0, 0.0] [0.0, 1.0, 0.0] [0.0, 0.0, 1.0] [12084.6, -23.4213, -22113.7]]
				props {
					speed:r = 30
					moveType:t = "MOVETO_STRAIGHT"
				}
			}
			t1_carrier_destroyer_02_wp_02 {
				type:t = "normal"
				tm:m = [[1.0, 0.0, 0.0] [0.0, 1.0, 0.0] [0.0, 0.0, 1.0] [14353.0, 0.994475, -26694.7]]
				props {
					speed:r = 29
					moveType:t = "MOVETO_STRAIGHT"
				}
			}
			t1_carrier_destroyer_02_wp_03 {
				type:t = "normal"
				tm:m = [[1.0, 0.0, 0.0] [0.0, 1.0, 0.0] [0.0, 0.0, 1.0] [15396.7, 0.997159, -26710.3]]
				props {
					speed:r = 31
					moveType:t = "MOVETO_STRAIGHT"
				}
			}
		}
	}
	ships {
		name:t = "t2_carrier_destroyer_04"
		tm:m = [[-0.608762, 0.0, -0.793353] [0.0, 1.0, 0.0] [0.793353, 0.0, -0.608762] [-22207.4, 54.9935, -18347.2]]
		unit_class:t = "us_destroyer_mitscher"
		closed_waypoints:b = true
		isShipSpline:b = true
		shipTurnRadius:r = 100
		weapons:t = ""
		bullets0:t = ""
		bullets1:t = ""
		bullets2:t = ""
		bullets3:t = ""
		bulletsCount0:i = 0
		bulletsCount1:i = 0
		bulletsCount2:i = 0
		bulletsCount3:i = 0
		crewSkillK:r = 0
		applyAllMods:b = false
		props {
			army:i = 2
			count:i = 1
			formation_type:t = "rows"
			formation_div:i = 3
			formation_step:p2 = 2.5, 2
			formation_noise:p2 = 0.1, 0.1
			uniqueName:t = ""
			attack_type:t = "fire_at_will"
		}
		way {
			t2_carrier_destroyer_04_wp_01 {
				type:t = "normal"
				tm:m = [[1.0, 0.0, 0.0] [0.0, 1.0, 0.0] [0.0, 0.0, 1.0] [-23427.4, 0.994022, -20675.6]]
				props {
					speed:r = 28
					moveType:t = "MOVETO_STRAIGHT"
				}
			}
			t2_carrier_destroyer_04_wp_02 {
				type:t = "normal"
				tm:m = [[1.0, 0.0, 0.0] [0.0, 1.0, 0.0] [0.0, 0.0, 1.0] [-28206.9, 1.00964, -26603.2]]
				props {
					speed:r = 31
					moveType:t = "MOVETO_STRAIGHT"
				}
			}
			t2_carrier_destroyer_04_wp_03 {
				type:t = "normal"
				tm:m = [[1.0, 0.0, 0.0] [0.0, 1.0, 0.0] [0.0, 0.0, 1.0] [-26933.9, 0.994022, -28382.3]]
				props {
					speed:r = 32
					moveType:t = "MOVETO_STRAIGHT"
				}
			}
		}
	}
}
areas {
	carriers_area_high {
		type:t = "Sphere"
		tm:m = [[0.00195312, 0.0, 48000.1] [0.0, 48000.1, 0.0] [-48000.1, 0.0, 0.00195312] [-6003.0, 35.4678, -37365.4]]
		objLayer:i = 3
		props {

		}
	}
}
objLayers {
	layer {
		enabled:b = true
	}
	layer {
		enabled:b = true
	}
	layer {
		enabled:b = true
	}
	layer {
		enabled:b = true
	}
}
wayPoints {

}