selected_tag:t = ""
bin_dump_file:t = ""
mission_settings {
	player {
		army:i = 1
	}
	player_teamB {
		army:i = 2
	}
	mission {
		level:t = "levels/arcade_rice_terraces.bin"
		type:t = "domination"
		environment:t = "Day"
		weather:t = "hazy"
	}
}
imports {

}
triggers {
	isCategory:b = true
	is_enabled:b = true
	airfileds_high_init {
		is_enabled:b = true
		comments:t = ""
		props {
			actionsType:t = "PERFORM_ONE_BY_ONE"
			conditionsType:t = "ALL"
			enableAfterComplete:b = false
		}
		events {
			periodicEvent {
				time:r = 1
			}
		}
		conditions {

		}
		actions {
			unitSetProperties {
				object_marking:i = 0
				object_var_name:t = ""
				object_var_comp_op:t = "equal"
				object_var_value:i = 0
				object:t = "t1_def_aaa_high_squad"
				object:t = "t2_def_aaa_high_squad"
				accuracy:r = 0.9
				checkVisibilityTarget:b = true
				effShootingRate:r = 1
				airEffShootingRate:r = 1
				useSearchRadar:b = true
				fireRandom:b = true
				targetChangeInterval:r = 5
				targetChangeProb:r = 0.25
			}
		}
		else_actions {

		}
	}
}
mission_objectives {
	isCategory:b = true
	is_enabled:b = true
}
variables {

}
dialogs {

}
airfields {

}
effects {

}
units {
	objectGroups {
		name:t = "t1_airfield_high"
		tm:m = [[0.917879, 0.0, 0.396857] [0.0, 1.0, 0.0] [-0.396857, 0.0, 0.917879] [11675.8, 711.804, 10152.0]]
		unit_class:t = "dynaf_universal_1line_3000_a"
		objLayer:i = 2
		props {
			army:i = 1
			active:b = true
		}
	}
	objectGroups {
		name:t = "t2_airfield_high"
		tm:m = [[-0.931091, 0.0, -0.364783] [0.0, 1.0, 0.0] [0.364783, 0.0, -0.931091] [-2119.85, 442.714, -12080.4]]
		unit_class:t = "dynaf_universal_1line_3000_a"
		objLayer:i = 2
		props {
			army:i = 2
			active:b = true
		}
	}
	tankModels {
		name:t = "t1_aaa_high_light_01"
		tm:m = [[-0.612126, 0.0, -0.79076] [0.0, 1.0, 0.0] [0.79076, 0.0, -0.612126] [10210.9, 760.438, 9752.64]]
		unit_class:t = "sw_veak_40"
		objLayer:i = 1
		closed_waypoints:b = false
		isShipSpline:b = false
		shipTurnRadius:r = 100
		weapons:t = ""
		bullets0:t = "40mm_sw_kan_HE"
		bullets1:t = ""
		bullets2:t = ""
		bullets3:t = ""
		bulletsCount0:i = 0
		bulletsCount1:i = 0
		bulletsCount2:i = 0
		bulletsCount3:i = 0
		crewSkillK:r = 0
		applyAllMods:b = false
		props {
			army:i = 1
			count:i = 1
			formation_type:t = "rows"
			formation_div:i = 3
			formation_step:p2 = 2.5, 2
			formation_noise:p2 = 0.1, 0.1
			uniqueName:t = ""
			attack_type:t = "fire_at_will"
		}
		way {

		}
	}
	tankModels {
		name:t = "t1_aaa_high_light_02"
		tm:m = [[-0.612126, 0.0, -0.79076] [0.0, 1.0, 0.0] [0.79076, 0.0, -0.612126] [10704.1, 776.31, 10018.5]]
		unit_class:t = "sw_veak_40"
		objLayer:i = 1
		closed_waypoints:b = false
		isShipSpline:b = false
		shipTurnRadius:r = 100
		weapons:t = ""
		bullets0:t = "40mm_sw_kan_HE"
		bullets1:t = ""
		bullets2:t = ""
		bullets3:t = ""
		bulletsCount0:i = 0
		bulletsCount1:i = 0
		bulletsCount2:i = 0
		bulletsCount3:i = 0
		crewSkillK:r = 0
		applyAllMods:b = false
		props {
			army:i = 1
			count:i = 1
			formation_type:t = "rows"
			formation_div:i = 3
			formation_step:p2 = 2.5, 2
			formation_noise:p2 = 0.1, 0.1
			uniqueName:t = ""
			attack_type:t = "fire_at_will"
		}
		way {

		}
	}
	tankModels {
		name:t = "t1_aaa_high_light_03"
		tm:m = [[-0.612126, 0.0, -0.79076] [0.0, 1.0, 0.0] [0.79076, 0.0, -0.612126] [13289.5, 726.625, 10506.9]]
		unit_class:t = "sw_veak_40"
		objLayer:i = 1
		closed_waypoints:b = false
		isShipSpline:b = false
		shipTurnRadius:r = 100
		weapons:t = ""
		bullets0:t = "40mm_sw_kan_HE"
		bullets1:t = ""
		bullets2:t = ""
		bullets3:t = ""
		bulletsCount0:i = 0
		bulletsCount1:i = 0
		bulletsCount2:i = 0
		bulletsCount3:i = 0
		crewSkillK:r = 0
		applyAllMods:b = false
		props {
			army:i = 1
			count:i = 1
			formation_type:t = "rows"
			formation_div:i = 3
			formation_step:p2 = 2.5, 2
			formation_noise:p2 = 0.1, 0.1
			uniqueName:t = ""
			attack_type:t = "fire_at_will"
		}
		way {

		}
	}
	tankModels {
		name:t = "t1_aaa_high_light_04"
		tm:m = [[-0.612126, 0.0, -0.79076] [0.0, 1.0, 0.0] [0.79076, 0.0, -0.612126] [11811.5, 752.501, 10500.4]]
		unit_class:t = "sw_veak_40"
		objLayer:i = 1
		closed_waypoints:b = false
		isShipSpline:b = false
		shipTurnRadius:r = 100
		weapons:t = ""
		bullets0:t = "40mm_sw_kan_HE"
		bullets1:t = ""
		bullets2:t = ""
		bullets3:t = ""
		bulletsCount0:i = 0
		bulletsCount1:i = 0
		bulletsCount2:i = 0
		bulletsCount3:i = 0
		crewSkillK:r = 0
		applyAllMods:b = false
		props {
			army:i = 1
			count:i = 1
			formation_type:t = "rows"
			formation_div:i = 3
			formation_step:p2 = 2.5, 2
			formation_noise:p2 = 0.1, 0.1
			uniqueName:t = ""
			attack_type:t = "fire_at_will"
		}
		way {

		}
	}
	tankModels {
		name:t = "t1_aaa_high_heavy_01"
		tm:m = [[-0.612126, 0.0, -0.79076] [0.0, 1.0, 0.0] [0.79076, 0.0, -0.612126] [10354.1, 725.277, 9232.16]]
		unit_class:t = "fr_amx_30_roland"
		objLayer:i = 1
		closed_waypoints:b = false
		isShipSpline:b = false
		shipTurnRadius:r = 100
		weapons:t = ""
		bullets0:t = ""
		bullets1:t = ""
		bullets2:t = ""
		bullets3:t = ""
		bulletsCount0:i = 0
		bulletsCount1:i = 0
		bulletsCount2:i = 0
		bulletsCount3:i = 0
		crewSkillK:r = 0
		applyAllMods:b = false
		props {
			army:i = 1
			count:i = 1
			formation_type:t = "rows"
			formation_div:i = 3
			formation_step:p2 = 2.5, 2
			formation_noise:p2 = 0.1, 0.1
			uniqueName:t = ""
			attack_type:t = "fire_at_will"
		}
		way {

		}
	}
	tankModels {
		name:t = "t1_aaa_high_heavy_02"
		tm:m = [[-0.612126, 0.0, -0.79076] [0.0, 1.0, 0.0] [0.79076, 0.0, -0.612126] [13112.7, 717.452, 11038.3]]
		unit_class:t = "fr_amx_30_roland"
		objLayer:i = 1
		closed_waypoints:b = false
		isShipSpline:b = false
		shipTurnRadius:r = 100
		weapons:t = ""
		bullets0:t = ""
		bullets1:t = ""
		bullets2:t = ""
		bullets3:t = ""
		bulletsCount0:i = 0
		bulletsCount1:i = 0
		bulletsCount2:i = 0
		bulletsCount3:i = 0
		crewSkillK:r = 0
		applyAllMods:b = false
		props {
			army:i = 1
			count:i = 1
			formation_type:t = "rows"
			formation_div:i = 3
			formation_step:p2 = 2.5, 2
			formation_noise:p2 = 0.1, 0.1
			uniqueName:t = ""
			attack_type:t = "fire_at_will"
		}
		way {

		}
	}
	squad {
		name:t = "t1_def_aaa_high_squad"
		tm:m = [[-0.428994, 0.0, -0.903307] [0.0, 1.0, 0.0] [0.903307, 0.0, -0.428994] [19131.0, 66.6402, 8646.49]]
		props {
			object_marking:i = 0
			squad_members:t = "t1_aaa_high_light_01"
			squad_members:t = "t1_aaa_high_light_02"
			squad_members:t = "t1_aaa_high_light_03"
			squad_members:t = "t1_aaa_high_light_04"
			squad_members:t = "t1_aaa_high_heavy_01"
			squad_members:t = "t1_aaa_high_heavy_02"
		}
	}
	tankModels {
		name:t = "t2_aaa_high_light_01"
		tm:m = [[-0.970741, 0.0, -0.24013] [0.0, 1.0, 0.0] [0.24013, 0.0, -0.970741] [-3801.26, 451.186, -12401.6]]
		unit_class:t = "sw_veak_40"
		objLayer:i = 1
		closed_waypoints:b = false
		isShipSpline:b = false
		shipTurnRadius:r = 100
		weapons:t = ""
		bullets0:t = "40mm_sw_kan_HE"
		bullets1:t = ""
		bullets2:t = ""
		bullets3:t = ""
		bulletsCount0:i = 0
		bulletsCount1:i = 0
		bulletsCount2:i = 0
		bulletsCount3:i = 0
		crewSkillK:r = 0
		applyAllMods:b = false
		props {
			army:i = 2
			count:i = 1
			formation_type:t = "rows"
			formation_div:i = 3
			formation_step:p2 = 2.5, 2
			formation_noise:p2 = 0.1, 0.1
			uniqueName:t = ""
			attack_type:t = "fire_at_will"
		}
		way {

		}
	}
	tankModels {
		name:t = "t2_aaa_high_light_02"
		tm:m = [[-0.970741, 0.0, -0.24013] [0.0, 1.0, 0.0] [0.24013, 0.0, -0.970741] [-2614.38, 452.409, -12609.1]]
		unit_class:t = "sw_veak_40"
		objLayer:i = 1
		closed_waypoints:b = false
		isShipSpline:b = false
		shipTurnRadius:r = 100
		weapons:t = ""
		bullets0:t = "40mm_sw_kan_HE"
		bullets1:t = ""
		bullets2:t = ""
		bullets3:t = ""
		bulletsCount0:i = 0
		bulletsCount1:i = 0
		bulletsCount2:i = 0
		bulletsCount3:i = 0
		crewSkillK:r = 0
		applyAllMods:b = false
		props {
			army:i = 2
			count:i = 1
			formation_type:t = "rows"
			formation_div:i = 3
			formation_step:p2 = 2.5, 2
			formation_noise:p2 = 0.1, 0.1
			uniqueName:t = ""
			attack_type:t = "fire_at_will"
		}
		way {

		}
	}
	tankModels {
		name:t = "t2_aaa_high_light_03"
		tm:m = [[-0.970741, 0.0, -0.24013] [0.0, 1.0, 0.0] [0.24013, 0.0, -0.970741] [-667.721, 450.772, -11177.9]]
		unit_class:t = "sw_veak_40"
		objLayer:i = 1
		closed_waypoints:b = false
		isShipSpline:b = false
		shipTurnRadius:r = 100
		weapons:t = ""
		bullets0:t = "40mm_sw_kan_HE"
		bullets1:t = ""
		bullets2:t = ""
		bullets3:t = ""
		bulletsCount0:i = 0
		bulletsCount1:i = 0
		bulletsCount2:i = 0
		bulletsCount3:i = 0
		crewSkillK:r = 0
		applyAllMods:b = false
		props {
			army:i = 2
			count:i = 1
			formation_type:t = "rows"
			formation_div:i = 3
			formation_step:p2 = 2.5, 2
			formation_noise:p2 = 0.1, 0.1
			uniqueName:t = ""
			attack_type:t = "fire_at_will"
		}
		way {

		}
	}
	tankModels {
		name:t = "t2_aaa_high_light_04"
		tm:m = [[-0.970741, 0.0, -0.24013] [0.0, 1.0, 0.0] [0.24013, 0.0, -0.970741] [-477.831, 451.496, -11645.2]]
		unit_class:t = "sw_veak_40"
		objLayer:i = 1
		closed_waypoints:b = false
		isShipSpline:b = false
		shipTurnRadius:r = 100
		weapons:t = ""
		bullets0:t = "40mm_sw_kan_HE"
		bullets1:t = ""
		bullets2:t = ""
		bullets3:t = ""
		bulletsCount0:i = 0
		bulletsCount1:i = 0
		bulletsCount2:i = 0
		bulletsCount3:i = 0
		crewSkillK:r = 0
		applyAllMods:b = false
		props {
			army:i = 2
			count:i = 1
			formation_type:t = "rows"
			formation_div:i = 3
			formation_step:p2 = 2.5, 2
			formation_noise:p2 = 0.1, 0.1
			uniqueName:t = ""
			attack_type:t = "fire_at_will"
		}
		way {

		}
	}
	tankModels {
		name:t = "t2_aaa_high_heavy_01"
		tm:m = [[-0.970741, 0.0, -0.24013] [0.0, 1.0, 0.0] [0.24013, 0.0, -0.970741] [-1886.85, 453.48, -12314.7]]
		unit_class:t = "fr_amx_30_roland"
		objLayer:i = 1
		closed_waypoints:b = false
		isShipSpline:b = false
		shipTurnRadius:r = 100
		weapons:t = ""
		bullets0:t = ""
		bullets1:t = ""
		bullets2:t = ""
		bullets3:t = ""
		bulletsCount0:i = 0
		bulletsCount1:i = 0
		bulletsCount2:i = 0
		bulletsCount3:i = 0
		crewSkillK:r = 0
		applyAllMods:b = false
		props {
			army:i = 2
			count:i = 1
			formation_type:t = "rows"
			formation_div:i = 3
			formation_step:p2 = 2.5, 2
			formation_noise:p2 = 0.1, 0.1
			uniqueName:t = ""
			attack_type:t = "fire_at_will"
		}
		way {

		}
	}
	tankModels {
		name:t = "t2_aaa_high_heavy_02"
		tm:m = [[-0.970741, 0.0, -0.24013] [0.0, 1.0, 0.0] [0.24013, 0.0, -0.970741] [-788.997, 458.619, -11889.8]]
		unit_class:t = "fr_amx_30_roland"
		objLayer:i = 1
		closed_waypoints:b = false
		isShipSpline:b = false
		shipTurnRadius:r = 100
		weapons:t = ""
		bullets0:t = ""
		bullets1:t = ""
		bullets2:t = ""
		bullets3:t = ""
		bulletsCount0:i = 0
		bulletsCount1:i = 0
		bulletsCount2:i = 0
		bulletsCount3:i = 0
		crewSkillK:r = 0
		applyAllMods:b = false
		props {
			army:i = 2
			count:i = 1
			formation_type:t = "rows"
			formation_div:i = 3
			formation_step:p2 = 2.5, 2
			formation_noise:p2 = 0.1, 0.1
			uniqueName:t = ""
			attack_type:t = "fire_at_will"
		}
		way {

		}
	}
	squad {
		name:t = "t2_def_aaa_high_squad"
		tm:m = [[-0.970741, 0.0, -0.24013] [0.0, 1.0, 0.0] [0.24013, 0.0, -0.970741] [-11525.2, 329.834, -13284.3]]
		props {
			object_marking:i = 0
			squad_members:t = "t2_aaa_high_light_01"
			squad_members:t = "t2_aaa_high_light_02"
			squad_members:t = "t2_aaa_high_light_03"
			squad_members:t = "t2_aaa_high_light_04"
			squad_members:t = "t2_aaa_high_heavy_01"
			squad_members:t = "t2_aaa_high_heavy_02"
		}
	}
}
areas {
	t1_interceptor_area_high {
		type:t = "Sphere"
		tm:m = [[4417.98, 0.0, -4059.72] [0.0, 6000.0, 0.0] [4059.72, 0.0, 4417.98] [11416.6, 2500.0, 10577.5]]
		props {

		}
	}
	t1_assault_high_spawn {
		type:t = "Sphere"
		tm:m = [[-212.429, 0.0, -211.834] [0.0, 300.0, 0.0] [211.834, 0.0, -212.429] [8034.31, 1500.0, 6895.94]]
		props {

		}
	}
	t1_aaa_fighter_area_high {
		type:t = "Sphere"
		tm:m = [[2945.33, 0.0, -2706.49] [0.0, 4000.0, 0.0] [2706.49, 0.0, 2945.33] [11416.5, 3500.0, 10577.5]]
		props {

		}
	}
	t1_assault_area_high {
		type:t = "Sphere"
		tm:m = [[7363.31, 0.0, -6766.21] [0.0, 10000.0, 0.0] [6766.21, 0.0, 7363.31] [11416.6, 1500.0, 10577.5]]
		props {

		}
	}
	t1_interceptor_high_spawn {
		type:t = "Sphere"
		tm:m = [[-212.429, 0.0, -211.834] [0.0, 300.0, 0.0] [211.834, 0.0, -212.429] [13433.5, 1500.0, 12772.7]]
		props {

		}
	}
	t1_aaa_fighter_high_spawn {
		type:t = "Sphere"
		tm:m = [[-212.429, 0.0, -211.834] [0.0, 300.0, 0.0] [211.834, 0.0, -212.429] [12765.0, 2500.0, 12045.4]]
		props {

		}
	}
	t1_far_bomber_high_spawn {
		type:t = "Sphere"
		tm:m = [[-212.429, 0.0, -211.834] [0.0, 300.0, 0.0] [211.834, 0.0, -212.429] [10063.7, 5000.0, 9105.7]]
		props {

		}
	}
	t1_main_bomber_high_spawn {
		type:t = "Sphere"
		tm:m = [[-212.429, 0.0, -211.834] [0.0, 300.0, 0.0] [211.834, 0.0, -212.429] [9725.01, 4000.0, 8737.11]]
		props {

		}
	}
	t1_far_bomber_area_high {
		type:t = "Sphere"
		tm:m = [[2945.33, 0.0, -2706.49] [0.0, 4000.0, 0.0] [2706.49, 0.0, 2945.33] [11416.5, 5000.0, 10577.5]]
		props {

		}
	}
	t1_main_bomber_area_high {
		type:t = "Sphere"
		tm:m = [[3681.65, 0.0, -3383.12] [0.0, 5000.0, 0.0] [3383.12, 0.0, 3681.65] [11416.5, 4000.0, 10577.5]]
		props {

		}
	}
	t2_interceptor_area_high {
		type:t = "Sphere"
		tm:m = [[-2120.43, 0.0, 5612.81] [0.0, 6000.0, 0.0] [-5612.81, 0.0, -2120.43] [-2353.05, 2500.0, -11796.5]]
		props {

		}
	}
	t2_assault_high_spawn {
		type:t = "Sphere"
		tm:m = [[284.998, 0.0, 93.6793] [0.0, 300.0, 0.0] [-93.6793, 0.0, 284.998] [2324.99, 1499.99, -10029.1]]
		props {

		}
	}
	t2_aaa_fighter_area_high {
		type:t = "Sphere"
		tm:m = [[-1413.62, 0.0, 3741.88] [0.0, 4000.0, 0.0] [-3741.88, 0.0, -1413.62] [-2353.21, 3500.0, -11796.4]]
		props {

		}
	}
	t2_assault_area_high {
		type:t = "Sphere"
		tm:m = [[-3534.05, 0.0, 9354.68] [0.0, 10000.0, 0.0] [-9354.68, 0.0, -3534.05] [-2353.12, 1499.99, -11796.4]]
		props {

		}
	}
	t2_interceptor_high_spawn {
		type:t = "Sphere"
		tm:m = [[284.998, 0.0, 93.6793] [0.0, 300.0, 0.0] [-93.6793, 0.0, 284.998] [-5141.82, 1499.99, -12850.3]]
		props {

		}
	}
	t2_aaa_fighter_high_spawn {
		type:t = "Sphere"
		tm:m = [[284.998, 0.0, 93.6793] [0.0, 300.0, 0.0] [-93.6793, 0.0, 284.998] [-4217.65, 2500.0, -12501.2]]
		props {

		}
	}
	t2_far_bomber_high_spawn {
		type:t = "Sphere"
		tm:m = [[284.998, 0.0, 93.6793] [0.0, 300.0, 0.0] [-93.6793, 0.0, 284.998] [-482.926, 5000.0, -11090.2]]
		props {

		}
	}
	t2_main_bomber_high_spawn {
		type:t = "Sphere"
		tm:m = [[284.998, 0.0, 93.6793] [0.0, 300.0, 0.0] [-93.6793, 0.0, 284.998] [-14.5332, 4000.0, -10913.3]]
		props {

		}
	}
	t2_far_bomber_area_high {
		type:t = "Sphere"
		tm:m = [[-1413.62, 0.0, 3741.88] [0.0, 4000.0, 0.0] [-3741.88, 0.0, -1413.62] [-2353.21, 5000.0, -11796.4]]
		props {

		}
	}
	t2_main_bomber_area_high {
		type:t = "Sphere"
		tm:m = [[-1767.03, 0.0, 4677.34] [0.0, 5000.0, 0.0] [-4677.34, 0.0, -1767.03] [-2353.05, 4000.0, -11796.5]]
		props {

		}
	}
	t2_airfield_high_bombing_zone {
		type:t = "Box"
		tm:m = [[-3244.48, 0.0, -1312.77] [0.0, 300.0, 0.0] [281.308, 7.34303e-6, -695.245] [-2131.36, 413.403, -12072.6]]
		objLayer:i = 0
		props {

		}
	}
	t1_airfield_high_bombing_zone {
		type:t = "Box"
		tm:m = [[-3206.76, 0.0, -1402.38] [0.0, 300.0, 0.0] [300.511, 7.34302e-6, -687.163] [11728.2, 650.925, 10166.1]]
		objLayer:i = 0
		props {

		}
	}
	t2_common_fighters_high_spawn {
		type:t = "Sphere"
		tm:m = [[284.998, 0.0, 93.6793] [0.0, 300.0, 0.0] [-93.6793, 0.0, 284.998] [-5141.82, 999.999, -12850.3]]
		props {

		}
	}
	t1_common_fighters_high_spawn {
		type:t = "Sphere"
		tm:m = [[-212.429, 0.0, -211.834] [0.0, 300.0, 0.0] [211.834, 0.0, -212.429] [13433.5, 1000.0, 12772.7]]
		props {

		}
	}
}
objLayers {
	layer {
		enabled:b = true
	}
	layer {
		enabled:b = true
	}
	layer {
		enabled:b = true
	}
	layer {
		enabled:b = true
	}
	layer {
		enabled:b = true
	}
}
wayPoints {

}