className:t = "composit"
node {
	name:t = "$#factory_small_building_d_snow_dp_04"
	tm:m = [[-0.742537, 0.0, -0.669804] [0.0, 1.0, 0.0] [0.669804, 0.0, -0.742537] [0.0, 0.0, 0.0]]
}
node {
	name:t = "$#factory_small_building_d_snow_dp_03"
	tm:m = [[-0.742537, 0.0, -0.669804] [0.0, 1.0, 0.0] [0.669804, 0.0, -0.742537] [0.0, 0.0, 0.0]]
}
node {
	name:t = "$#factory_small_building_d_snow_dp_02"
	tm:m = [[-0.742537, 0.0, -0.669804] [0.0, 1.0, 0.0] [0.669804, 0.0, -0.742537] [0.0, 0.0, 0.0]]
}
node {
	name:t = "$#factory_small_building_d_snow_dp_01"
	tm:m = [[-0.742537, 0.0, -0.669804] [0.0, 1.0, 0.0] [0.669804, 0.0, -0.742537] [0.0, 0.0, 0.0]]
}
node {
	name:t = "$#factory_small_building_d_snow"
	tm:m = [[-0.742537, 0.0, -0.669804] [0.0, 1.0, 0.0] [0.669804, 0.0, -0.742537] [0.0, 0.0, 0.0]]
}