className:t = "composit"
size:p2 = 170, 170
node {
	name:t = "ground_level"
	tm:m = [[77.7817, 0.0, 77.7818] [0.0, 1.0, 0.0] [-77.7818, 0.0, 77.7817] [0.0, 0.0, 0.0]]
}
node {
	name:t = "$%^^dynBase_s75_mesh"
	tm:m = [[1.0, 0.0, 0.0] [0.0, 1.0, 0.0] [0.0, 0.0, 1.0] [0.0, 0.0, 0.0]]
}
node {
	name:t = "$trench_mount_a"
	tm:m = [[1.0, 0.0, 0.0] [0.0, 1.0, 0.0] [0.0, 0.0, 1.0] [0.0, 0.0, 0.0]]
}
node {
	name:t = "++NoTreesBox000"
	tm:m = [[106.066, 0.0, 106.066] [0.0, 20.0, 0.0] [-106.066, 0.0, 106.066] [0.0, 0.0, 0.0]]
}
node {
	name:t = "#position"
	type:t = "launcher"
	tm:m = [[0.168481, 0.0, 0.985705] [0.0, 1.0, 0.0] [-0.985705, 0.0, 0.168481] [-9.03486, 0.0, 44.8274]]
}
node {
	name:t = "#position"
	type:t = "launcher"
	tm:m = [[0.815777, 0.0, 0.578366] [0.0, 1.0, 0.0] [-0.578366, 0.0, 0.815777] [36.1631, 0.0, 31.6728]]
}
node {
	name:t = "#position"
	type:t = "launcher"
	tm:m = [[0.999573, 0.0, 0.0292299] [0.0, 1.0, 0.0] [-0.0292299, 0.0, 0.999573] [48.3506, 0.0, -16.964]]
}
node {
	name:t = "#position"
	type:t = "launcher"
	tm:m = [[0.334244, 0.0, -0.942487] [0.0, 1.0, 0.0] [0.942487, 0.0, 0.334244] [15.0715, 0.0, -50.9389]]
}
node {
	name:t = "#position"
	type:t = "launcher"
	tm:m = [[-0.711289, 0.0, -0.7029] [0.0, 1.0, 0.0] [0.7029, 0.0, -0.711289] [-26.249, 0.0, -36.5748]]
}
node {
	name:t = "#position"
	type:t = "launcher"
	tm:m = [[-0.877828, 0.0, 0.478976] [0.0, 1.0, 0.0] [-0.478976, 0.0, -0.877828] [-36.7705, 0.0, 12.1861]]
}
node {
	name:t = "#position"
	type:t = "tracker_radar"
	tm:m = [[-0.965926, 0.0, 0.258819] [0.0, 1.0, 0.0] [-0.258819, 0.0, -0.965926] [-4.52026, 0.0, -19.6456]]
}
node {
	name:t = "#position"
	type:t = "detector_radar"
	tm:m = [[-0.469472, 0.0, -0.882948] [0.0, 1.0, 0.0] [0.882948, 0.0, -0.469472] [-15.6544, 0.0, 2.99901]]
}
node {
	name:t = "airfield_fuel_tent_a"
	tm:m = [[0.850637, 0.0, 0.525753] [0.0, 1.0, 0.0] [-0.525753, 0.0, 0.850637] [1.95001, 0.0, 4.29238]]
}
node {
	name:t = "universal_airfield_fuel_tent_b"
	tm:m = [[0.338281, 0.0, 0.941045] [0.0, 1.0, 0.0] [-0.941045, 0.0, 0.338281] [6.48236, 0.0, -1.031]]
}
node {
	name:t = "universal_airfield_fuel_tent_b"
	tm:m = [[-0.987016, 0.0, 0.160621] [0.0, 1.0, 0.0] [-0.160621, 0.0, -0.987016] [-50.1707, 0.0, -17.8322]]
}