classname:t = "composit"
size:p2 = 3500, 5000
airfield {
	placeAboveTerrain:b = false
	start:p3 = 1700, 0, -208.5
	end:p3 = -1500, 0, -208.5
	width:r = 120
	spawn:p3 = 1620, 0, -207.5
	spawn:p3 = 1620, 0, -187.5
	spawn:p3 = 1620, 0, -227.5
	spawn:p3 = 1600, 0, -207.5
	spawn:p3 = 1600, 0, -187.5
	spawn:p3 = 1600, 0, -227.5
	spawn:p3 = 1580, 0, -207.5
	spawn:p3 = 1580, 0, -187.5
	spawn:p3 = 1580, 0, -227.5
	spawn:p3 = 1560, 0, -207.5
	spawn:p3 = 1560, 0, -187.5
	spawn:p3 = 1560, 0, -227.5
	spawn:p3 = 1540, 0, -207.5
	spawn:p3 = 1540, 0, -187.5
	spawn:p3 = 1540, 0, -227.5
	spawn:p3 = 1520, 0, -207.5
	spawn:p3 = 1520, 0, -187.5
	spawn:p3 = 1520, 0, -227.5
	repairTags {
		type_attack_helicopter:b = false
		type_utility_helicopter:b = false
	}
}
storage {
	start:p3 = 1700, 0, 200
	end:p3 = 1150, 0, 200
	width:r = 300
}
parking {
	start:p3 = -90, 0, 15
	end:p3 = -930, 0, 15
	width:r = 230
}
dwelling {
	start:p3 = 400, 0, 110
	end:p3 = 0, 0, 110
	width:r = 220
}
node {
	name:t = "+NoTreesBox000"
	tm:m = [2000.0, 0.0, 0.0, 0.0, 30.0, 0.0, 0.0, 0.0, 360.0, 0.0, 0.0, 0.0]
}
node {
	name:t = "ground_level"
	tm:m = [2000.0, 0.0, 0.0, 0.0, 200.0, 0.0, 0.0, 0.0, 360.0, 0.0, -3.5, 0.0]
}
node {
	tm:m = [1.0, 0.0, 0.0, 0.0, 1.0, 0.0, 0.0, 0.0, 1.0, 0.0, 0.0, 0.0]
	name:t = "%universal_1line_3000_a_mesh_snow"
}
node {
	tm:m = [1.0, 0.0, 0.0, 0.0, 1.0, 0.0, 0.0, 0.0, 1.0, 0.0, 2.8, 0.0]
	name:t = "%^^universal_1line_3000_a_edge"
	toGround:b = false
}
node {
	name:t = "%snowdrift_big_a"
	tm:m = [-0.7332, 0.0, 0.68, 0.0, 1.0, 0.0, -0.68, 0.0, -0.7332, 10.6377, 1.0294, -89.2337]
}
node {
	name:t = "%snowdrift_middle_a"
	tm:m = [0.8422, 0.0, -0.5392, 0.0, 1.0, 0.0, 0.5392, 0.0, 0.8422, 71.7523, 1.0294, -91.9678]
}
node {
	name:t = "%snowdrift_small_a"
	tm:m = [0.9879, 0.0, -0.1548, 0.0, 1.0, 0.0, 0.1548, 0.0, 0.9879, -26.7617, 1.0294, -26.9566]
}
node {
	name:t = "%snowdrift_big_a"
	tm:m = [-0.9998, 0.0, -0.0213, 0.0, 1.0, 0.0, 0.0213, 0.0, -0.9998, -248.662, 1.0294, -8.9325]
}
node {
	name:t = "%snowdrift_middle_a"
	tm:m = [0.9969, 0.0, -0.0787, 0.0, 1.0, 0.0, 0.0787, 0.0, 0.9969, 222.598, 1.0294, -100.757]
}
node {
	name:t = "%snowdrift_small_a"
	tm:m = [0.9879, 0.0, -0.1548, 0.0, 1.0, 0.0, 0.1548, 0.0, 0.9879, -234.075, 1.0294, -6.7499]
}
node {
	name:t = "%snowdrift_big_a"
	tm:m = [0.6149, 0.0, 0.7886, 0.0, 1.0, 0.0, -0.7886, 0.0, 0.6149, -121.196, 1.0294, -11.9463]
}
node {
	name:t = "%snowdrift_big_a"
	tm:m = [0.9966, 0.0, 0.0829, 0.0, 1.0, 0.0, -0.0829, 0.0, 0.9966, 232.116, 1.0294, -101.408]
}
node {
	name:t = "%snowdrift_small_a"
	tm:m = [-0.9977, 0.0, 0.0681, 0.0, 1.0, 0.0, -0.0681, 0.0, -0.9977, 226.519, 1.0294, -96.4742]
}
node {
	name:t = "%snowdrift_middle_a"
	tm:m = [0.8422, 0.0, -0.5392, 0.0, 1.0, 0.0, 0.5392, 0.0, 0.8422, -33.1089, 1.0294, -24.7076]
}
node {
	name:t = "%snowdrift_middle_a"
	tm:m = [0.9957, 0.0, 0.0929, 0.0, 1.0, 0.0, -0.0929, 0.0, 0.9957, 356.843, 1.0294, -99.488]
}
node {
	name:t = "%snowdrift_small_a"
	tm:m = [-0.8092, 0.0, -0.5876, 0.0, 1.0, 0.0, 0.5876, 0.0, -0.8092, 343.791, 1.0294, -97.9357]
}
node {
	name:t = "%snowdrift_big_a"
	tm:m = [0.9275, 0.0, 0.3739, 0.0, 1.0, 0.0, -0.3739, 0.0, 0.9275, 384.604, 1.0294, -97.9321]
}
node {
	name:t = "%snowdrift_middle_a"
	tm:m = [0.9957, 0.0, 0.0929, 0.0, 1.0, 0.0, -0.0929, 0.0, 0.9957, 413.793, 1.0294, -11.3608]
}
node {
	name:t = "%snowdrift_small_a"
	tm:m = [0.9879, 0.0, -0.1548, 0.0, 1.0, 0.0, 0.1548, 0.0, 0.9879, -118.063, 1.0294, -82.0614]
}
node {
	name:t = "%snowdrift_small_a"
	tm:m = [0.9879, 0.0, -0.1548, 0.0, 1.0, 0.0, 0.1548, 0.0, 0.9879, -20.941, 1.0294, -84.9408]
}
node {
	name:t = "%snowdrift_middle_a"
	tm:m = [0.1309, 0.0, -0.9914, 0.0, 1.0, 0.0, 0.9914, 0.0, 0.1309, -242.012, 1.0294, -75.4554]
}
node {
	name:t = "%snowdrift_small_a"
	tm:m = [0.9879, 0.0, -0.1548, 0.0, 1.0, 0.0, 0.1548, 0.0, 0.9879, -92.8609, 1.0294, -7.3934]
}
node {
	name:t = "%snowdrift_small_a"
	tm:m = [-0.8996, 0.0, 0.4366, 0.0, 1.0, 0.0, -0.4366, 0.0, -0.8996, -34.3345, 1.0294, -6.6055]
}
node {
	name:t = "%snowdrift_big_a"
	tm:m = [1.0, 0.0, 0.0014, 0.0, 1.0, 0.0, -0.0014, 0.0, 1.0, -187.713, 1.0294, -10.037]
}
node {
	name:t = "%snowdrift_small_a"
	tm:m = [0.9879, 0.0, -0.1548, 0.0, 1.0, 0.0, 0.1548, 0.0, 0.9879, -179.433, 1.0294, -8.4107]
}
node {
	name:t = "%snowdrift_middle_a"
	tm:m = [-0.9954, 0.0, 0.0962, 0.0, 1.0, 0.0, -0.0962, 0.0, -0.9954, -170.826, 1.0294, -8.5991]
}
node {
	name:t = "%snowdrift_middle_a"
	tm:m = [-0.4919, 0.0, 0.8707, 0.0, 1.0, 0.0, -0.8707, 0.0, -0.4919, -368.951, 1.0294, -9.2078]
}
node {
	name:t = "%snowdrift_small_a"
	tm:m = [0.9879, 0.0, -0.1548, 0.0, 1.0, 0.0, 0.1548, 0.0, 0.9879, -301.605, 1.0294, -6.8625]
}
node {
	name:t = "%snowdrift_small_a"
	tm:m = [0.4237, 0.0, 0.9058, 0.0, 1.0, 0.0, -0.9058, 0.0, 0.4237, -305.882, 1.0294, -8.1005]
}
node {
	name:t = "%snowdrift_small_a"
	tm:m = [-0.5056, 0.0, -0.8628, 0.0, 1.0, 0.0, 0.8628, 0.0, -0.5056, -334.595, 1.0294, -7.4492]
}
node {
	name:t = "%airfield_caponir_gate_b_snow"
	tm:m = [-0.5, 0.0, 0.866, 0.0, 1.0, 0.0, -0.866, 0.0, -0.5, -636.0, 0.0075, 110.7314]
}
node {
	name:t = "%airfield_caponir_gate_a_snow"
	tm:m = [0.9659, 0.0, 0.2588, 0.0, 1.0, 0.0, -0.2588, 0.0, 0.9659, -918.2131, 0.0075, 134.0]
}
node {
	name:t = "%airfield_caponir_gate_b_snow"
	tm:m = [0.2588, 0.0, -0.9659, 0.0, 1.0, 0.0, 0.9659, 0.0, 0.2588, -921.0, 0.0075, 286.0]
}
node {
	name:t = "%airfield_caponir_gate_a_snow"
	tm:m = [0.2588, 0.0, -0.9659, 0.0, 1.0, 0.0, 0.9659, 0.0, 0.2588, -848.7, 0.0075, 243.5]
}
node {
	name:t = "%airfield_caponir_gate_b_snow"
	tm:m = [0.5, 0.0, -0.866, 0.0, 1.0, 0.0, 0.866, 0.0, 0.5, -747.0, 0.0075, 205.0]
}
node {
	name:t = "%airfield_caponir_gate_a_snow"
	tm:m = [0.5, 0.0, -0.866, 0.0, 1.0, 0.0, 0.866, 0.0, 0.5, -663.9, 0.0075, 252.0]
}
node {
	name:t = "%temporary_caponier_a"
	tm:m = [-1.0, 0.0, 0.0, 0.0, 1.0, 0.0, -0.0, 0.0, -1.0, 1646.5991, 0.0075, 218.7918]
}
node {
	name:t = "%temporary_caponier_a"
	tm:m = [-1.0, 0.0, 0.0, 0.0, 1.0, 0.0, -0.0, 0.0, -1.0, 1646.5991, 0.0075, 274.2867]
}
node {
	name:t = "%airfield_caponir_gate_a_snow"
	tm:m = [-0.0, 0.0, -1.0, 0.0, 1.0, 0.0, 1.0, 0.0, -0.0, -489.0, -0.3, 288.3238]
}
node {
	name:t = "%airfield_caponir_gate_b_snow"
	tm:m = [-0.0, 0.0, 1.0, 0.0, 1.0, 0.0, -1.0, 0.0, -0.0, -415.0, 0.0075, 151.057]
}
node {
	name:t = "%airfield_caponir_gate_a_snow"
	tm:m = [-0.0, 0.0, -1.0, 0.0, 1.0, 0.0, 1.0, 0.0, -0.0, -333.7, 0.0075, 288.3238]
}
node {
	name:t = "%airfield_caponir_gate_a_snow"
	tm:m = [-0.5, 0.0, -0.866, 0.0, 1.0, 0.0, 0.866, 0.0, -0.5, -189.8, 0.0075, 259.0]
}
node {
	name:t = "%airfield_caponir_gate_b_snow"
	tm:m = [-0.5, 0.0, -0.866, 0.0, 1.0, 0.0, 0.866, 0.0, -0.5, -107.2, 0.0075, 210.5]
}
node {
	name:t = "%airfield_caponir_gate_a_snow"
	tm:m = [0.5, 0.0, 0.866, 0.0, 1.0, 0.0, -0.866, 0.0, 0.5, -225.8384, 0.0075, 100.7738]
}
node {
	name:t = "%airfield_caponir_hill_snow"
	tm:m = [0.0, 0.0, -1.0, 0.0, 1.0, 0.0, 1.0, 0.0, 0.0, 134.3, 0.0075, 251.0]
}
node {
	name:t = "%airfield_caponir_hill_snow"
	tm:m = [-0.0, 0.0, 1.0, 0.0, 1.0, 0.0, -1.0, 0.0, -0.0, -351.1, 0.0075, -43.5]
}
node {
	name:t = "%airfield_caponir_hill_snow"
	tm:m = [-0.0, 0.0, 1.0, 0.0, 1.0, 0.0, -1.0, 0.0, -0.0, -212.8369, 0.0075, -43.5]
}
node {
	name:t = "%airfield_caponir_hill_snow"
	tm:m = [-0.0, 0.0, 1.0, 0.0, 1.0, 0.0, -1.0, 0.0, -0.0, -492.9164, 0.0075, -43.5]
}
node {
	name:t = "%airfield_caponir_hill_snow"
	tm:m = [-0.0, 0.0, 1.0, 0.0, 1.0, 0.0, -1.0, 0.0, -0.0, -632.366, 0.0075, -43.5]
}
node {
	name:t = "%airfield_caponir_hill_snow"
	tm:m = [0.0, 0.0, -1.0, 0.0, 1.0, 0.0, 1.0, 0.0, 0.0, 193.5, 0.0075, 251.0]
}
node {
	name:t = "%airfield_caponir_hill_snow"
	tm:m = [0.0, 0.0, -1.0, 0.0, 1.0, 0.0, 1.0, 0.0, 0.0, 249.5, 0.0075, 251.0]
}
node {
	name:t = "%airfield_caponir_hill_snow"
	tm:m = [-0.6, 0.0, -0.0, 0.0, 0.6, 0.0, 0.0, 0.0, -0.6, 258.4, 0.0075, 133.0]
}
node {
	name:t = "%airfield_caponir_hill_snow"
	tm:m = [-0.6, 0.0, -0.0, 0.0, 0.6, 0.0, 0.0, 0.0, -0.6, 258.2, 0.0075, 103.6]
}
node {
	name:t = "%airfield_caponir_hill_snow"
	tm:m = [0.0, 0.0, -1.0, 0.0, 1.0, 0.0, 1.0, 0.0, 0.0, -561.0, 0.0075, 84.0]
}
node {
	name:t = "%airfield_caponir_hill_snow"
	tm:m = [0.0, 0.0, -1.0, 0.0, 1.0, 0.0, 1.0, 0.0, 0.0, -421.0, 0.0075, 84.0]
}
node {
	name:t = "%airfield_caponir_hill_snow"
	tm:m = [0.0, 0.0, -1.0, 0.0, 1.0, 0.0, 1.0, 0.0, 0.0, -281.5, 0.0075, 83.5]
}
node {
	name:t = "%airfield_caponir_gate_a_snow"
	tm:m = [0.9659, 0.0, 0.2588, 0.0, 1.0, 0.0, -0.2588, 0.0, 0.9659, -991.3033, 0.0075, 170.3551]
}
node {
	name:t = "%airfield_main_radar"
	tm:m = [-5.96047e-8, 0.0, -1.0, 0.0, 1.0, 0.0, 1.0, 0.0, -5.96047e-8, -402.499, -0.00012207, -131.532]
}
node {
	name:t = "%transmitter_powerstation"
	tm:m = [1.0, 0.0, 0.0, 0.0, 1.0, 0.0, 0.0, 0.0, 1.0, -990.521, -2.28882e-5, -129.406]
}
node {
	name:t = "%airfield_flight_radar"
	tm:m = [-6.39758e-7, 0.0, -1.0, -1.74846e-7, 1.0, 1.11859e-13, 1.0, 1.74846e-7, -6.39758e-7, -990.548, 6.10352e-5, -136.521]
}
node {
	name:t = "%airfield_flight_radar"
	tm:m = [-0.0025386, 0.0, 0.999997, 1.74845e-7, 1.0, 4.43865e-10, -0.999997, 1.74846e-7, -0.0025386, -990.548, 6.10352e-5, -120.783]
}
node {
	name:t = "%glide_path_transmitter"
	tm:m = [4.88762e-7, 0.0, 1.0, 1.74846e-7, 1.0, -8.54579e-14, -1.0, 1.74846e-7, 4.88762e-7, -1185.69, 3.05176e-5, -54.3432]
}
node {
	name:t = "%transmitter_powerstation"
	tm:m = [4.88762e-7, 0.0, 1.0, 1.74846e-7, 1.0, -8.54579e-14, -1.0, 1.74846e-7, 4.88762e-7, -1194.36, 1.14441e-5, -52.5567]
}
node {
	name:t = "%universal_airfield_fuel_tank_a"
	tm:m = [0.906308, 0.0, -0.422618, 0.0, 1.0, 0.0, 0.422618, 0.0, 0.906308, 1455.38, 0.0, 110.583]
}
node {
	name:t = "%universal_airfield_fuel_tank_b"
	tm:m = [0.984808, 0.0, 0.173649, 0.0, 1.0, 0.0, -0.173649, 0.0, 0.984808, 1455.1, 0.0, 116.395]
}
node {
	name:t = "%air_storage_gsm_fuel_tank_horizontal_a_snow"
	tm:m = [1.0, 0.0, 0.0, 0.0, 1.0, 0.0, 0.0, 0.0, 1.0, 1458.67, 0.0, 91.4231]
}
node {
	name:t = "%air_storage_gsm_fuel_tank_horizontal_a_snow"
	tm:m = [1.0, 0.0, 0.0, 0.0, 1.0, 0.0, 0.0, 0.0, 1.0, 1458.67, 0.0, 126.458]
}
node {
	name:t = "%air_storage_gsm_fuel_tank_horizontal_a_snow"
	tm:m = [3.13916e-7, 0.0, -1.0, 0.0, 1.0, 0.0, 1.0, 0.0, 3.13916e-7, 1590.3, 0.0, 117.163]
}
node {
	name:t = "%air_floating_big_gsm_fuel_tank_a_snow"
	tm:m = [1.0, 0.0, 0.0, 0.0, 1.0, 0.0, 0.0, 0.0, 1.0, 1454.78, 2.4, 185.135]
}
node {
	name:t = "%air_floating_big_gsm_fuel_tank_a_snow"
	tm:m = [1.0, 0.0, 0.0, 0.0, 1.0, 0.0, 0.0, 0.0, 1.0, 1454.78, 2.4, 179.763]
}
node {
	name:t = "%air_floating_big_gsm_fuel_tank_a_snow"
	tm:m = [1.0, 0.0, 0.0, 0.0, 1.0, 0.0, 0.0, 0.0, 1.0, 1454.78, 2.4, 190.507]
}
node {
	name:t = "%air_floating_big_gsm_fuel_tank_a_snow"
	tm:m = [-1.78814e-7, 0.0, -1.0, 0.0, 1.0, 0.0, 1.0, 0.0, -1.78814e-7, 1593.0, 2.4, 189.423]
}
node {
	name:t = "%air_floating_big_gsm_fuel_tank_a_snow"
	tm:m = [-1.78814e-7, 0.0, -1.0, 0.0, 1.0, 0.0, 1.0, 0.0, -1.78814e-7, 1587.71, 2.4, 189.423]
}
node {
	name:t = "%air_floating_big_gsm_fuel_tank_a_snow"
	tm:m = [-1.78814e-7, 0.0, -1.0, 0.0, 1.0, 0.0, 1.0, 0.0, -1.78814e-7, 1582.34, 2.4, 189.423]
}
node {
	name:t = "%universal_airfield_fuel_tank_a"
	tm:m = [-0.906308, 0.0, 0.422618, 0.0, 1.0, 0.0, -0.422618, 0.0, -0.906308, 1593.39, 0.0, 180.268]
}
node {
	name:t = "%universal_airfield_fuel_tank_b"
	tm:m = [-0.984808, 0.0, -0.173649, 0.0, 1.0, 0.0, 0.173649, 0.0, -0.984808, 1592.96, 0.0, 175.412]
}
node {
	name:t = "%air_port_building_straddle_carriers_service_b_snow"
	tm:m = [-5.96046e-8, 0.0, -1.0, 0.0, 1.0, 0.0, 1.0, 0.0, -5.96046e-8, 1327.63, 0.0, 239.639]
}
node {
	name:t = "%airfield_fuel_box_a"
	tm:m = [3.13916e-7, 0.0, -1.0, 0.0, 1.0, 0.0, 1.0, 0.0, 3.13916e-7, 1594.25, 0.0, 163.547]
}
node {
	name:t = "%airfield_fuel_box_b"
	tm:m = [-4.37114e-8, 0.0, 1.0, 0.0, 1.0, 0.0, -1.0, 0.0, -4.37114e-8, 1453.44, 0.0, 101.748]
}
node {
	name:t = "%airfield_fuel_box_a"
	tm:m = [0.965926, 0.0, -0.258819, 0.0, 1.0, 0.0, 0.258819, 0.0, 0.965926, 1465.61, 0.0, 192.94]
}
node {
	name:t = "%airfield_fuel_box_b"
	tm:m = [-0.984808, 0.0, -0.173648, 0.0, 1.0, 0.0, 0.173648, 0.0, -0.984808, 1577.1, 0.0, 88.3885]
}
node {
	name:t = "%airfield_fuel_tent_a"
	tm:m = [0.0697571, 0.0, -0.997564, 0.0, 1.0, 0.0, 0.997564, 0.0, 0.0697571, 1467.07, 0.0, 160.949]
}
node {
	name:t = "%airfield_fuel_tent_b"
	tm:m = [-0.48481, 0.0, 0.87462, 0.0, 1.0, 0.0, -0.87462, 0.0, -0.48481, 1580.04, 0.0, 122.676]
}
node {
	name:t = "%airfield_fuel_box_b"
	tm:m = [-0.984808, 0.0, -0.173648, 0.0, 1.0, 0.0, 0.173648, 0.0, -0.984808, 1586.68, 0.0, 153.096]
}
node {
	name:t = "%air_port_building_1_floors_b_snow"
	tm:m = [-5.96046e-8, 0.0, -1.0, 0.0, 1.0, 0.0, 1.0, 0.0, -5.96046e-8, 1452.21, 0.0, 162.527]
}
node {
	name:t = "%air_port_building_1_floors_b_snow"
	tm:m = [-5.96046e-8, 0.0, -1.0, 0.0, 1.0, 0.0, 1.0, 0.0, -5.96046e-8, 1590.96, 0.0, 92.3981]
}
node {
	name:t = "%air_port_building_service_a_part_a_snow"
	tm:m = [-5.96046e-8, 0.0, 1.0, 0.0, 1.0, 0.0, -1.0, 0.0, -5.96046e-8, 1234.56, 0.0, 280.269]
}
node {
	name:t = "%air_port_building_service_a_part_a_snow"
	tm:m = [-1.0, 0.0, 8.74228e-8, 0.0, 1.0, 0.0, -8.74228e-8, 0.0, -1.0, 1205.48, 0.0, 222.882]
}
node {
	name:t = "%air_port_building_service_a_part_a_snow"
	tm:m = [-1.0, 0.0, 6.27833e-7, 0.0, 1.0, 0.0, -6.27833e-7, 0.0, -1.0, 1205.5, 0.0, 256.172]
}
node {
	name:t = "%airfield_barrels_group_a"
	tm:m = [-4.37114e-8, 0.0, 1.0, 0.0, 1.0, 0.0, -1.0, 0.0, -4.37114e-8, 1310.26, 3.05176e-5, 197.457]
}
node {
	name:t = "%air_hangar_field_building_a_snow"
	tm:m = [1.0, 0.0, 0.0, 0.0, 1.0, 0.0, 0.0, 0.0, 1.0, 33.8327, -5.34058e-5, 158.033]
}
node {
	name:t = "%air_hangar_field_building_a_snow"
	tm:m = [-1.0, 0.0, 8.74228e-8, 0.0, 1.0, 0.0, -8.74228e-8, 0.0, -1.0, 98.669, -5.34058e-5, 158.033]
}
node {
	name:t = "%air_hangar_field_building_a_snow"
	tm:m = [-4.37114e-8, 0.0, 1.0, 0.0, 1.0, 0.0, -1.0, 0.0, -4.37114e-8, 65.5806, 0.0, 185.42]
}
node {
	name:t = "%air_hangar_field_building_control_tower_snow"
	tm:m = [0.0, 0.0, -1.0, 0.0, 1.0, 0.0, 1.0, 0.0, 0.0, 69.6168, 0.0075, 143.373]
}
node {
	name:t = "%air_port_building_service_i_snow"
	tm:m = [-5.96046e-8, 0.0, -1.0, 0.0, 1.0, 0.0, 1.0, 0.0, -5.96046e-8, 159.72, 0.0, 142.723]
}
node {
	name:t = "%airfield_barrels_group_a"
	tm:m = [0.677814, 0.0, -0.735234, 0.0, 1.0, 0.0, 0.735234, 0.0, 0.677814, 168.497, 1.33514e-5, 149.299]
}
node {
	name:t = "%airfield_barrels_group_d"
	tm:m = [0.998332, 0.0, -0.0577369, 0.0, 1.0, 0.0, 0.0577369, 0.0, 0.998332, 316.103, -3.05176e-5, 209.263]
}
node {
	name:t = "%airfield_barrels_group_b"
	tm:m = [0.998332, 0.0, -0.0577369, 0.0, 1.0, 0.0, 0.0577369, 0.0, 0.998332, 345.274, -3.05176e-5, -78.1971]
}
node {
	name:t = "%airfield_barrels_group_b"
	tm:m = [0.790504, 0.0, 0.612458, 0.0, 1.0, 0.0, -0.612458, 0.0, 0.790504, 169.607, -0.000305176, 141.958]
}
node {
	name:t = "%airfield_barrels_group_d"
	tm:m = [0.999314, 0.0, -0.0370457, 0.0, 1.0, 0.0, 0.0370457, 0.0, 0.999314, 36.9142, -0.000518799, -86.2216]
}
node {
	name:t = "%airfield_barrels_group_c"
	tm:m = [0.677814, 0.0, -0.735234, 0.0, 1.0, 0.0, 0.735234, 0.0, 0.677814, 367.245, 2.28882e-5, 162.269]
}
node {
	name:t = "%air_port_building_service_i_snow"
	tm:m = [-1.78814e-7, 0.0, 1.0, 0.0, 1.0, 0.0, -1.0, 0.0, -1.78814e-7, 179.163, 0.0, 142.723]
}
node {
	name:t = "%air_port_building_service_b_snow"
	tm:m = [-1.0, 0.0, -8.74228e-8, 0.0, 1.0, 0.0, 8.74228e-8, 0.0, -1.0, 218.339, 0.0, 138.589]
}
node {
	name:t = "%air_port_building_service_i_snow"
	tm:m = [-1.0, 0.0, -8.74228e-8, 0.0, 1.0, 0.0, 8.74228e-8, 0.0, -1.0, 298.537, 0.0, 203.148]
}
node {
	name:t = "%air_port_building_service_h_snow"
	tm:m = [1.0, 0.0, 0.0, 0.0, 1.0, 0.0, 0.0, 0.0, 1.0, 298.558, 0.0, 177.293]
}
node {
	name:t = "%air_port_building_service_i_snow"
	tm:m = [-1.0, 0.0, -8.74228e-8, 0.0, 1.0, 0.0, 8.74228e-8, 0.0, -1.0, 299.361, 0.0, 153.477]
}
node {
	name:t = "%air_port_building_service_i_snow"
	tm:m = [1.0, 0.0, 0.0, 0.0, 1.0, 0.0, 0.0, 0.0, 1.0, 356.909, 0.0, 205.865]
}
node {
	name:t = "%air_port_building_service_h_snow"
	tm:m = [-1.0, 0.0, 8.74228e-8, 0.0, 1.0, 0.0, -8.74228e-8, 0.0, -1.0, 357.036, 0.0, 178.008]
}
node {
	name:t = "%air_port_building_service_i_snow"
	tm:m = [1.0, 0.0, 0.0, 0.0, 1.0, 0.0, 0.0, 0.0, 1.0, 356.988, 0.0, 152.971]
}
node {
	name:t = "%hangar_field_tower_b"
	tm:m = [1.0, 0.0, 0.0, 0.0, 1.0, 0.0, 0.0, 0.0, 1.0, 304.046, -0.000167847, 127.256]
}
node {
	name:t = "%metal_radio_tower_a"
	tm:m = [1.0, 0.0, 0.0, 0.0, 1.0, 0.0, 0.0, 0.0, 1.0, 266.252, 6.10352e-5, 59.4853]
}
node {
	name:t = "%metal_radio_tower_a"
	tm:m = [1.0, 0.0, 0.0, 0.0, 1.0, 0.0, 0.0, 0.0, 1.0, 132.211, 0.0, 57.3957]
}
node {
	name:t = "%metal_radio_tower_a"
	tm:m = [1.0, 0.0, 0.0, 0.0, 1.0, 0.0, 0.0, 0.0, 1.0, -7.77604, 0.0, 55.2065]
}
node {
	name:t = "%metal_radio_tower_a"
	tm:m = [1.0, 0.0, 0.0, 0.0, 1.0, 0.0, 0.0, 0.0, 1.0, 384.011, 1.52588e-5, 61.528]
}
node {
	name:t = "%power_pole_k"
	tm:m = [1.0, 0.0, 0.0, 0.0, 1.0, 0.0, 0.0, 0.0, 1.0, 76.9368, 0.0, -86.1022]
}
node {
	name:t = "%power_pole_k"
	tm:m = [1.0, 0.0, 0.0, 0.0, 1.0, 0.0, 0.0, 0.0, 1.0, 105.671, 0.0, -86.1022]
}
node {
	name:t = "%power_pole_k"
	tm:m = [1.0, 0.0, 0.0, 0.0, 1.0, 0.0, 0.0, 0.0, 1.0, 134.405, 0.0, -86.1022]
}
node {
	name:t = "%power_pole_k"
	tm:m = [1.0, 0.0, 0.0, 0.0, 1.0, 0.0, 0.0, 0.0, 1.0, 163.139, 0.0, -86.1022]
}
node {
	name:t = "%power_pole_k"
	tm:m = [1.0, 0.0, 0.0, 0.0, 1.0, 0.0, 0.0, 0.0, 1.0, 191.873, 0.0, -86.1022]
}
node {
	name:t = "%power_pole_k"
	tm:m = [1.0, 0.0, 0.0, 0.0, 1.0, 0.0, 0.0, 0.0, 1.0, 220.607, 0.0, -86.1022]
}
node {
	name:t = "%power_pole_k"
	tm:m = [1.0, 0.0, 0.0, 0.0, 1.0, 0.0, 0.0, 0.0, 1.0, 244.807, 0.0, -86.1022]
}
node {
	name:t = "%power_pole_k"
	tm:m = [1.0, 0.0, 0.0, 0.0, 1.0, 0.0, 0.0, 0.0, 1.0, 269.007, 0.0, -86.1022]
}
node {
	name:t = "%power_pole_k"
	tm:m = [1.0, 0.0, 0.0, 0.0, 1.0, 0.0, 0.0, 0.0, 1.0, 293.207, 0.0, -86.1022]
}
node {
	name:t = "%power_pole_k"
	tm:m = [1.0, 0.0, 0.0, 0.0, 1.0, 0.0, 0.0, 0.0, 1.0, 317.407, 0.0, -86.1022]
}
node {
	name:t = "%hangar_field_tower_d_railings_01"
	tm:m = [1.0, 0.0, 0.0, 0.0, 1.0, 0.0, 0.0, 0.0, 1.0, 25.598, -11.5669, -94.9522]
}
node {
	name:t = "%hangar_field_tower_d_railings_01"
	tm:m = [1.0, 0.0, 0.0, 0.0, 1.0, 0.0, 0.0, 0.0, 1.0, 344.837, -11.5668, -90.7389]
}
node {
	name:t = "%hangar_field_tower_d_railings_01"
	tm:m = [-5.96046e-8, 0.0, 1.0, 0.0, 1.0, 0.0, -1.0, 0.0, -5.96046e-8, 364.687, -11.5668, -90.9119]
}
node {
	name:t = "%hangar_field_tower_d_railings_01"
	tm:m = [-1.78814e-7, 0.0, 1.0, 0.0, 1.0, 0.0, -1.0, 0.0, -1.78814e-7, 61.8387, -11.5669, -95.0426]
}
node {
	name:t = "%hangar_field_tower_d_railings_02"
	tm:m = [-5.96046e-8, 0.0, -1.0, 0.0, 1.0, 0.0, 1.0, 0.0, -5.96046e-8, 19.9231, -11.5669, -89.1571]
}
node {
	name:t = "%hangar_field_tower_d_railings_02"
	tm:m = [-5.96046e-8, 0.0, -1.0, 0.0, 1.0, 0.0, 1.0, 0.0, -5.96046e-8, 339.183, -11.5669, -84.9088]
}
node {
	name:t = "%hangar_field_tower_d_railings_02"
	tm:m = [-5.96046e-8, 0.0, -1.0, 0.0, 1.0, 0.0, 1.0, 0.0, -5.96046e-8, 364.815, -11.5669, -89.36]
}
node {
	name:t = "%hangar_field_tower_d_railings_02"
	tm:m = [-5.96046e-8, 0.0, -1.0, 0.0, 1.0, 0.0, 1.0, 0.0, -5.96046e-8, 364.815, -11.5669, -83.5363]
}
node {
	name:t = "%hangar_field_tower_d_railings_02"
	tm:m = [1.0, 0.0, 0.0, 0.0, 1.0, 0.0, 0.0, 0.0, 1.0, 347.716, -11.5669, -96.6293]
}
node {
	name:t = "%hangar_field_tower_d_railings_02"
	tm:m = [1.0, 0.0, 0.0, 0.0, 1.0, 0.0, 0.0, 0.0, 1.0, 353.573, -11.5669, -96.6293]
}
node {
	name:t = "%hangar_field_tower_d_railings_02"
	tm:m = [0.888609, 0.0, -0.458666, 0.0, 1.0, 0.0, 0.458666, 0.0, 0.888609, 357.744, -11.5669, -97.658]
}
node {
	name:t = "%hangar_field_tower_d_railings_02"
	tm:m = [-5.96046e-8, 0.0, -1.0, 0.0, 1.0, 0.0, 1.0, 0.0, -5.96046e-8, 19.9623, -11.5669, -83.3342]
}
node {
	name:t = "%hangar_field_tower_d_railings_02"
	tm:m = [-5.96046e-8, 0.0, -1.0, 0.0, 1.0, 0.0, 1.0, 0.0, -5.96046e-8, 61.908, -11.5669, -93.4675]
}
node {
	name:t = "%hangar_field_tower_d_railings_02"
	tm:m = [-5.96046e-8, 0.0, -1.0, 0.0, 1.0, 0.0, 1.0, 0.0, -5.96046e-8, 61.908, -11.5669, -87.6244]
}
node {
	name:t = "%hangar_field_tower_d_railings_02"
	tm:m = [-5.96046e-8, 0.0, -1.0, 0.0, 1.0, 0.0, 1.0, 0.0, -5.96046e-8, 61.908, -11.5669, -81.828]
}
node {
	name:t = "%hangar_field_tower_d_railings_02"
	tm:m = [1.0, 0.0, 0.0, 0.0, 1.0, 0.0, 0.0, 0.0, 1.0, 27.1219, -11.5669, -100.762]
}
node {
	name:t = "%hangar_field_tower_d_railings_02"
	tm:m = [1.0, 0.0, 0.0, 0.0, 1.0, 0.0, 0.0, 0.0, 1.0, 32.9325, -11.5669, -100.762]
}
node {
	name:t = "%hangar_field_tower_d_railings_02"
	tm:m = [1.0, 0.0, 0.0, 0.0, 1.0, 0.0, 0.0, 0.0, 1.0, 38.7155, -11.5669, -100.762]
}
node {
	name:t = "%hangar_field_tower_d_railings_02"
	tm:m = [1.0, 0.0, 0.0, 0.0, 1.0, 0.0, 0.0, 0.0, 1.0, 44.4984, -11.5669, -100.762]
}
node {
	name:t = "%hangar_field_tower_d_railings_02"
	tm:m = [1.0, 0.0, 0.0, 0.0, 1.0, 0.0, 0.0, 0.0, 1.0, 50.2814, -11.5669, -100.762]
}
node {
	name:t = "%hangar_field_tower_d_railings_02"
	tm:m = [1.0, 0.0, 0.0, 0.0, 1.0, 0.0, 0.0, 0.0, 1.0, 56.0644, -11.5669, -100.762]
}
node {
	name:t = ">%airfield_flight_light_blue"
	tm:m = [2.0, 0.0, 0.0, 0.0, 2.0, 0.0, 0.0, 0.0, 2.0, -1076.8612, 0.0, -159.6597]
}
node {
	name:t = ">%airfield_flight_light_yellow"
	tm:m = [2.0, 0.0, 0.0, 0.0, 2.0, 0.0, 0.0, 0.0, 2.0, -1520.89, -0.0057, -225.935]
}
node {
	name:t = ">%airfield_flight_light_yellow"
	tm:m = [2.0, 0.0, 0.0, 0.0, 2.0, 0.0, 0.0, 0.0, 2.0, -1520.89, -0.0057, -224.428]
}
node {
	name:t = ">%airfield_flight_light_yellow"
	tm:m = [2.0, 0.0, 0.0, 0.0, 2.0, 0.0, 0.0, 0.0, 2.0, -1520.89, -0.0057, -222.922]
}
node {
	name:t = ">%airfield_flight_light_yellow"
	tm:m = [2.0, 0.0, 0.0, 0.0, 2.0, 0.0, 0.0, 0.0, 2.0, -1520.89, -0.0057, -221.415]
}
node {
	name:t = ">%airfield_flight_light_yellow"
	tm:m = [2.0, 0.0, 0.0, 0.0, 2.0, 0.0, 0.0, 0.0, 2.0, -1520.89, -0.0057, -219.908]
}
node {
	name:t = ">%airfield_flight_light_yellow"
	tm:m = [2.0, 0.0, 0.0, 0.0, 2.0, 0.0, 0.0, 0.0, 2.0, -1520.89, -0.0057, -218.402]
}
node {
	name:t = ">%airfield_flight_light_yellow"
	tm:m = [2.0, 0.0, 0.0, 0.0, 2.0, 0.0, 0.0, 0.0, 2.0, -1520.89, -0.0057, -216.896]
}
node {
	name:t = ">%airfield_flight_light_yellow"
	tm:m = [2.0, 0.0, 0.0, 0.0, 2.0, 0.0, 0.0, 0.0, 2.0, -1520.89, -0.0057, -215.389]
}
node {
	name:t = ">%airfield_flight_light_yellow"
	tm:m = [2.0, 0.0, 0.0, 0.0, 2.0, 0.0, 0.0, 0.0, 2.0, -1520.89, -0.0057, -200.319]
}
node {
	name:t = ">%airfield_flight_light_yellow"
	tm:m = [2.0, 0.0, 0.0, 0.0, 2.0, 0.0, 0.0, 0.0, 2.0, -1520.89, -0.0057, -198.813]
}
node {
	name:t = ">%airfield_flight_light_yellow"
	tm:m = [2.0, 0.0, 0.0, 0.0, 2.0, 0.0, 0.0, 0.0, 2.0, -1520.89, -0.0057, -197.306]
}
node {
	name:t = ">%airfield_flight_light_yellow"
	tm:m = [2.0, 0.0, 0.0, 0.0, 2.0, 0.0, 0.0, 0.0, 2.0, -1520.89, -0.0057, -195.8]
}
node {
	name:t = ">%airfield_flight_light_yellow"
	tm:m = [2.0, 0.0, 0.0, 0.0, 2.0, 0.0, 0.0, 0.0, 2.0, -1520.89, -0.0057, -194.293]
}
node {
	name:t = ">%airfield_flight_light_yellow"
	tm:m = [2.0, 0.0, 0.0, 0.0, 2.0, 0.0, 0.0, 0.0, 2.0, -1520.89, -0.0057, -192.787]
}
node {
	name:t = ">%airfield_flight_light_yellow"
	tm:m = [2.0, 0.0, 0.0, 0.0, 2.0, 0.0, 0.0, 0.0, 2.0, -1520.89, -0.0057, -191.28]
}
node {
	name:t = ">%airfield_flight_light_yellow"
	tm:m = [2.0, 0.0, 0.0, 0.0, 2.0, 0.0, 0.0, 0.0, 2.0, -1520.89, -0.0057, -189.774]
}
node {
	name:t = ">%airfield_flight_light_yellow"
	tm:m = [2.0, 0.0, 0.0, 0.0, 2.0, 0.0, 0.0, 0.0, 2.0, -1545.0, -0.0057, -210.112]
}
node {
	name:t = ">%airfield_flight_light_yellow"
	tm:m = [2.0, 0.0, 0.0, 0.0, 2.0, 0.0, 0.0, 0.0, 2.0, -1545.0, -0.0057, -208.606]
}
node {
	name:t = ">%airfield_flight_light_yellow"
	tm:m = [2.0, 0.0, 0.0, 0.0, 2.0, 0.0, 0.0, 0.0, 2.0, -1545.0, -0.0057, -207.099]
}
node {
	name:t = ">%airfield_flight_light_yellow"
	tm:m = [2.0, 0.0, 0.0, 0.0, 2.0, 0.0, 0.0, 0.0, 2.0, -1545.0, -0.0057, -205.593]
}
node {
	name:t = ">%airfield_flight_light_yellow"
	tm:m = [2.0, 0.0, 0.0, 0.0, 2.0, 0.0, 0.0, 0.0, 2.0, -1538.97, -0.0057, -210.112]
}
node {
	name:t = ">%airfield_flight_light_yellow"
	tm:m = [2.0, 0.0, 0.0, 0.0, 2.0, 0.0, 0.0, 0.0, 2.0, -1538.97, -0.0057, -208.606]
}
node {
	name:t = ">%airfield_flight_light_yellow"
	tm:m = [2.0, 0.0, 0.0, 0.0, 2.0, 0.0, 0.0, 0.0, 2.0, -1538.97, -0.0057, -207.099]
}
node {
	name:t = ">%airfield_flight_light_yellow"
	tm:m = [2.0, 0.0, 0.0, 0.0, 2.0, 0.0, 0.0, 0.0, 2.0, -1538.97, -0.0057, -205.593]
}
node {
	name:t = ">%airfield_flight_light_yellow"
	tm:m = [2.0, 0.0, 0.0, 0.0, 2.0, 0.0, 0.0, 0.0, 2.0, -1532.95, -0.0057, -210.112]
}
node {
	name:t = ">%airfield_flight_light_yellow"
	tm:m = [2.0, 0.0, 0.0, 0.0, 2.0, 0.0, 0.0, 0.0, 2.0, -1532.95, -0.0057, -208.606]
}
node {
	name:t = ">%airfield_flight_light_yellow"
	tm:m = [2.0, 0.0, 0.0, 0.0, 2.0, 0.0, 0.0, 0.0, 2.0, -1532.95, -0.0057, -207.099]
}
node {
	name:t = ">%airfield_flight_light_yellow"
	tm:m = [2.0, 0.0, 0.0, 0.0, 2.0, 0.0, 0.0, 0.0, 2.0, -1532.95, -0.0057, -205.593]
}
node {
	name:t = ">%airfield_flight_light_yellow"
	tm:m = [2.0, 0.0, 0.0, 0.0, 2.0, 0.0, 0.0, 0.0, 2.0, -1526.92, -0.0057, -210.112]
}
node {
	name:t = ">%airfield_flight_light_yellow"
	tm:m = [2.0, 0.0, 0.0, 0.0, 2.0, 0.0, 0.0, 0.0, 2.0, -1526.92, -0.0057, -208.606]
}
node {
	name:t = ">%airfield_flight_light_yellow"
	tm:m = [2.0, 0.0, 0.0, 0.0, 2.0, 0.0, 0.0, 0.0, 2.0, -1526.92, -0.0057, -207.099]
}
node {
	name:t = ">%airfield_flight_light_yellow"
	tm:m = [2.0, 0.0, 0.0, 0.0, 2.0, 0.0, 0.0, 0.0, 2.0, -1526.92, -0.0057, -205.593]
}
node {
	name:t = ">%airfield_flight_light_yellow"
	tm:m = [2.0, 0.0, 0.0, 0.0, 2.0, 0.0, 0.0, 0.0, 2.0, -1520.89, -0.0057, -210.112]
}
node {
	name:t = ">%airfield_flight_light_yellow"
	tm:m = [2.0, 0.0, 0.0, 0.0, 2.0, 0.0, 0.0, 0.0, 2.0, -1520.89, -0.0057, -208.606]
}
node {
	name:t = ">%airfield_flight_light_yellow"
	tm:m = [2.0, 0.0, 0.0, 0.0, 2.0, 0.0, 0.0, 0.0, 2.0, -1520.89, -0.0057, -207.099]
}
node {
	name:t = ">%airfield_flight_light_yellow"
	tm:m = [2.0, 0.0, 0.0, 0.0, 2.0, 0.0, 0.0, 0.0, 2.0, -1520.89, -0.0057, -205.593]
}
node {
	name:t = ">%airfield_flight_light_yellow"
	tm:m = [2.0, 0.0, 0.0, 0.0, 2.0, 0.0, 0.0, 0.0, 2.0, -1514.87, -0.0057, -210.112]
}
node {
	name:t = ">%airfield_flight_light_yellow"
	tm:m = [2.0, 0.0, 0.0, 0.0, 2.0, 0.0, 0.0, 0.0, 2.0, -1514.87, -0.0057, -208.606]
}
node {
	name:t = ">%airfield_flight_light_yellow"
	tm:m = [2.0, 0.0, 0.0, 0.0, 2.0, 0.0, 0.0, 0.0, 2.0, -1514.87, -0.0057, -207.099]
}
node {
	name:t = ">%airfield_flight_light_yellow"
	tm:m = [2.0, 0.0, 0.0, 0.0, 2.0, 0.0, 0.0, 0.0, 2.0, -1514.87, -0.0057, -205.593]
}
node {
	name:t = ">%airfield_flight_light_yellow"
	tm:m = [2.0, 0.0, 0.0, 0.0, 2.0, 0.0, 0.0, 0.0, 2.0, -1508.84, -0.0057, -210.112]
}
node {
	name:t = ">%airfield_flight_light_yellow"
	tm:m = [2.0, 0.0, 0.0, 0.0, 2.0, 0.0, 0.0, 0.0, 2.0, -1508.84, -0.0057, -208.606]
}
node {
	name:t = ">%airfield_flight_light_yellow"
	tm:m = [2.0, 0.0, 0.0, 0.0, 2.0, 0.0, 0.0, 0.0, 2.0, -1508.84, -0.0057, -207.099]
}
node {
	name:t = ">%airfield_flight_light_yellow"
	tm:m = [2.0, 0.0, 0.0, 0.0, 2.0, 0.0, 0.0, 0.0, 2.0, -1508.84, -0.0057, -205.593]
}
node {
	name:t = ">%airfield_flight_light_yellow"
	tm:m = [2.0, 0.0, 0.0, 0.0, 2.0, 0.0, 0.0, 0.0, 2.0, -1502.82, -0.0057, -210.112]
}
node {
	name:t = ">%airfield_flight_light_yellow"
	tm:m = [2.0, 0.0, 0.0, 0.0, 2.0, 0.0, 0.0, 0.0, 2.0, -1502.82, -0.0057, -208.606]
}
node {
	name:t = ">%airfield_flight_light_yellow"
	tm:m = [2.0, 0.0, 0.0, 0.0, 2.0, 0.0, 0.0, 0.0, 2.0, -1502.82, -0.0057, -207.099]
}
node {
	name:t = ">%airfield_flight_light_yellow"
	tm:m = [2.0, 0.0, 0.0, 0.0, 2.0, 0.0, 0.0, 0.0, 2.0, -1502.82, -0.0057, -205.593]
}
node {
	name:t = ">%airfield_flight_light_yellow"
	tm:m = [2.0, 0.0, 0.0, 0.0, 2.0, 0.0, 0.0, 0.0, 2.0, -1496.79, -0.0057, -210.112]
}
node {
	name:t = ">%airfield_flight_light_yellow"
	tm:m = [2.0, 0.0, 0.0, 0.0, 2.0, 0.0, 0.0, 0.0, 2.0, -1496.79, -0.0057, -208.606]
}
node {
	name:t = ">%airfield_flight_light_yellow"
	tm:m = [2.0, 0.0, 0.0, 0.0, 2.0, 0.0, 0.0, 0.0, 2.0, -1496.79, -0.0057, -207.099]
}
node {
	name:t = ">%airfield_flight_light_yellow"
	tm:m = [2.0, 0.0, 0.0, 0.0, 2.0, 0.0, 0.0, 0.0, 2.0, -1496.79, -0.0057, -205.593]
}
node {
	name:t = ">%airfield_flight_light_yellow"
	tm:m = [2.0, 0.0, 0.0, 0.0, 2.0, 0.0, 0.0, 0.0, 2.0, -1490.77, -0.0057, -210.112]
}
node {
	name:t = ">%airfield_flight_light_yellow"
	tm:m = [2.0, 0.0, 0.0, 0.0, 2.0, 0.0, 0.0, 0.0, 2.0, -1490.77, -0.0057, -208.606]
}
node {
	name:t = ">%airfield_flight_light_yellow"
	tm:m = [2.0, 0.0, 0.0, 0.0, 2.0, 0.0, 0.0, 0.0, 2.0, -1490.77, -0.0057, -207.099]
}
node {
	name:t = ">%airfield_flight_light_yellow"
	tm:m = [2.0, 0.0, 0.0, 0.0, 2.0, 0.0, 0.0, 0.0, 2.0, -1490.77, -0.0057, -205.593]
}
node {
	name:t = ">%airfield_flight_light_yellow"
	tm:m = [2.0, 0.0, 0.0, 0.0, 2.0, 0.0, 0.0, 0.0, 2.0, -1484.74, -0.0057, -210.112]
}
node {
	name:t = ">%airfield_flight_light_yellow"
	tm:m = [2.0, 0.0, 0.0, 0.0, 2.0, 0.0, 0.0, 0.0, 2.0, -1484.74, -0.0057, -208.606]
}
node {
	name:t = ">%airfield_flight_light_yellow"
	tm:m = [2.0, 0.0, 0.0, 0.0, 2.0, 0.0, 0.0, 0.0, 2.0, -1484.74, -0.0057, -207.099]
}
node {
	name:t = ">%airfield_flight_light_yellow"
	tm:m = [2.0, 0.0, 0.0, 0.0, 2.0, 0.0, 0.0, 0.0, 2.0, -1484.74, -0.0057, -205.593]
}
node {
	name:t = ">%airfield_flight_light_yellow"
	tm:m = [2.0, 0.0, 0.0, 0.0, 2.0, 0.0, 0.0, 0.0, 2.0, -1478.71, -0.0057, -210.112]
}
node {
	name:t = ">%airfield_flight_light_yellow"
	tm:m = [2.0, 0.0, 0.0, 0.0, 2.0, 0.0, 0.0, 0.0, 2.0, -1478.71, -0.0057, -208.606]
}
node {
	name:t = ">%airfield_flight_light_yellow"
	tm:m = [2.0, 0.0, 0.0, 0.0, 2.0, 0.0, 0.0, 0.0, 2.0, -1478.71, -0.0057, -207.099]
}
node {
	name:t = ">%airfield_flight_light_yellow"
	tm:m = [2.0, 0.0, 0.0, 0.0, 2.0, 0.0, 0.0, 0.0, 2.0, -1478.71, -0.0057, -205.593]
}
node {
	name:t = ">%airfield_flight_light_yellow"
	tm:m = [2.0, 0.0, 0.0, 0.0, 2.0, 0.0, 0.0, 0.0, 2.0, -1472.69, -0.0057, -210.112]
}
node {
	name:t = ">%airfield_flight_light_yellow"
	tm:m = [2.0, 0.0, 0.0, 0.0, 2.0, 0.0, 0.0, 0.0, 2.0, -1472.69, -0.0057, -208.606]
}
node {
	name:t = ">%airfield_flight_light_yellow"
	tm:m = [2.0, 0.0, 0.0, 0.0, 2.0, 0.0, 0.0, 0.0, 2.0, -1472.69, -0.0057, -207.099]
}
node {
	name:t = ">%airfield_flight_light_yellow"
	tm:m = [2.0, 0.0, 0.0, 0.0, 2.0, 0.0, 0.0, 0.0, 2.0, -1472.69, -0.0057, -205.593]
}
node {
	name:t = ">%airfield_flight_light_yellow"
	tm:m = [2.0, 0.0, 0.0, 0.0, 2.0, 0.0, 0.0, 0.0, 2.0, -1466.66, -0.0057, -210.112]
}
node {
	name:t = ">%airfield_flight_light_yellow"
	tm:m = [2.0, 0.0, 0.0, 0.0, 2.0, 0.0, 0.0, 0.0, 2.0, -1466.66, -0.0057, -208.606]
}
node {
	name:t = ">%airfield_flight_light_yellow"
	tm:m = [2.0, 0.0, 0.0, 0.0, 2.0, 0.0, 0.0, 0.0, 2.0, -1466.66, -0.0057, -207.099]
}
node {
	name:t = ">%airfield_flight_light_yellow"
	tm:m = [2.0, 0.0, 0.0, 0.0, 2.0, 0.0, 0.0, 0.0, 2.0, -1466.66, -0.0057, -205.593]
}
node {
	name:t = ">%airfield_flight_light_red"
	tm:m = [2.0, 0.0, 0.0, 0.0, 2.0, 0.0, 0.0, 0.0, 2.0, -1514.87, -0.0057, -224.42]
}
node {
	name:t = ">%airfield_flight_light_red"
	tm:m = [2.0, 0.0, 0.0, 0.0, 2.0, 0.0, 0.0, 0.0, 2.0, -1514.87, -0.0057, -222.913]
}
node {
	name:t = ">%airfield_flight_light_red"
	tm:m = [2.0, 0.0, 0.0, 0.0, 2.0, 0.0, 0.0, 0.0, 2.0, -1514.87, -0.0057, -221.407]
}
node {
	name:t = ">%airfield_flight_light_red"
	tm:m = [2.0, 0.0, 0.0, 0.0, 2.0, 0.0, 0.0, 0.0, 2.0, -1508.84, -0.0057, -224.42]
}
node {
	name:t = ">%airfield_flight_light_red"
	tm:m = [2.0, 0.0, 0.0, 0.0, 2.0, 0.0, 0.0, 0.0, 2.0, -1508.84, -0.0057, -222.913]
}
node {
	name:t = ">%airfield_flight_light_red"
	tm:m = [2.0, 0.0, 0.0, 0.0, 2.0, 0.0, 0.0, 0.0, 2.0, -1508.84, -0.0057, -221.407]
}
node {
	name:t = ">%airfield_flight_light_red"
	tm:m = [2.0, 0.0, 0.0, 0.0, 2.0, 0.0, 0.0, 0.0, 2.0, -1502.82, -0.0057, -224.42]
}
node {
	name:t = ">%airfield_flight_light_red"
	tm:m = [2.0, 0.0, 0.0, 0.0, 2.0, 0.0, 0.0, 0.0, 2.0, -1502.82, -0.0057, -222.913]
}
node {
	name:t = ">%airfield_flight_light_red"
	tm:m = [2.0, 0.0, 0.0, 0.0, 2.0, 0.0, 0.0, 0.0, 2.0, -1502.82, -0.0057, -221.407]
}
node {
	name:t = ">%airfield_flight_light_red"
	tm:m = [2.0, 0.0, 0.0, 0.0, 2.0, 0.0, 0.0, 0.0, 2.0, -1496.79, -0.0057, -224.42]
}
node {
	name:t = ">%airfield_flight_light_red"
	tm:m = [2.0, 0.0, 0.0, 0.0, 2.0, 0.0, 0.0, 0.0, 2.0, -1496.79, -0.0057, -222.913]
}
node {
	name:t = ">%airfield_flight_light_red"
	tm:m = [2.0, 0.0, 0.0, 0.0, 2.0, 0.0, 0.0, 0.0, 2.0, -1496.79, -0.0057, -221.407]
}
node {
	name:t = ">%airfield_flight_light_red"
	tm:m = [2.0, 0.0, 0.0, 0.0, 2.0, 0.0, 0.0, 0.0, 2.0, -1490.76, -0.0057, -224.42]
}
node {
	name:t = ">%airfield_flight_light_red"
	tm:m = [2.0, 0.0, 0.0, 0.0, 2.0, 0.0, 0.0, 0.0, 2.0, -1490.76, -0.0057, -222.913]
}
node {
	name:t = ">%airfield_flight_light_red"
	tm:m = [2.0, 0.0, 0.0, 0.0, 2.0, 0.0, 0.0, 0.0, 2.0, -1490.76, -0.0057, -221.407]
}
node {
	name:t = ">%airfield_flight_light_red"
	tm:m = [2.0, 0.0, 0.0, 0.0, 2.0, 0.0, 0.0, 0.0, 2.0, -1484.74, -0.0057, -224.42]
}
node {
	name:t = ">%airfield_flight_light_red"
	tm:m = [2.0, 0.0, 0.0, 0.0, 2.0, 0.0, 0.0, 0.0, 2.0, -1484.74, -0.0057, -222.913]
}
node {
	name:t = ">%airfield_flight_light_red"
	tm:m = [2.0, 0.0, 0.0, 0.0, 2.0, 0.0, 0.0, 0.0, 2.0, -1484.74, -0.0057, -221.407]
}
node {
	name:t = ">%airfield_flight_light_red"
	tm:m = [2.0, 0.0, 0.0, 0.0, 2.0, 0.0, 0.0, 0.0, 2.0, -1478.71, -0.0057, -224.42]
}
node {
	name:t = ">%airfield_flight_light_red"
	tm:m = [2.0, 0.0, 0.0, 0.0, 2.0, 0.0, 0.0, 0.0, 2.0, -1478.71, -0.0057, -222.913]
}
node {
	name:t = ">%airfield_flight_light_red"
	tm:m = [2.0, 0.0, 0.0, 0.0, 2.0, 0.0, 0.0, 0.0, 2.0, -1478.71, -0.0057, -221.407]
}
node {
	name:t = ">%airfield_flight_light_red"
	tm:m = [2.0, 0.0, 0.0, 0.0, 2.0, 0.0, 0.0, 0.0, 2.0, -1472.69, -0.0057, -224.42]
}
node {
	name:t = ">%airfield_flight_light_red"
	tm:m = [2.0, 0.0, 0.0, 0.0, 2.0, 0.0, 0.0, 0.0, 2.0, -1472.69, -0.0057, -222.913]
}
node {
	name:t = ">%airfield_flight_light_red"
	tm:m = [2.0, 0.0, 0.0, 0.0, 2.0, 0.0, 0.0, 0.0, 2.0, -1472.69, -0.0057, -221.407]
}
node {
	name:t = ">%airfield_flight_light_red"
	tm:m = [2.0, 0.0, 0.0, 0.0, 2.0, 0.0, 0.0, 0.0, 2.0, -1466.66, -0.0057, -224.42]
}
node {
	name:t = ">%airfield_flight_light_red"
	tm:m = [2.0, 0.0, 0.0, 0.0, 2.0, 0.0, 0.0, 0.0, 2.0, -1466.66, -0.0057, -222.913]
}
node {
	name:t = ">%airfield_flight_light_red"
	tm:m = [2.0, 0.0, 0.0, 0.0, 2.0, 0.0, 0.0, 0.0, 2.0, -1466.66, -0.0057, -221.407]
}
node {
	name:t = ">%airfield_flight_light_red"
	tm:m = [2.0, 0.0, 0.0, 0.0, 2.0, 0.0, 0.0, 0.0, 2.0, -1514.87, -0.0057, -194.293]
}
node {
	name:t = ">%airfield_flight_light_red"
	tm:m = [2.0, 0.0, 0.0, 0.0, 2.0, 0.0, 0.0, 0.0, 2.0, -1514.87, -0.0057, -192.787]
}
node {
	name:t = ">%airfield_flight_light_red"
	tm:m = [2.0, 0.0, 0.0, 0.0, 2.0, 0.0, 0.0, 0.0, 2.0, -1514.87, -0.0057, -191.281]
}
node {
	name:t = ">%airfield_flight_light_red"
	tm:m = [2.0, 0.0, 0.0, 0.0, 2.0, 0.0, 0.0, 0.0, 2.0, -1508.84, -0.0057, -194.293]
}
node {
	name:t = ">%airfield_flight_light_red"
	tm:m = [2.0, 0.0, 0.0, 0.0, 2.0, 0.0, 0.0, 0.0, 2.0, -1508.84, -0.0057, -192.787]
}
node {
	name:t = ">%airfield_flight_light_red"
	tm:m = [2.0, 0.0, 0.0, 0.0, 2.0, 0.0, 0.0, 0.0, 2.0, -1508.84, -0.0057, -191.281]
}
node {
	name:t = ">%airfield_flight_light_red"
	tm:m = [2.0, 0.0, 0.0, 0.0, 2.0, 0.0, 0.0, 0.0, 2.0, -1502.82, -0.0057, -194.293]
}
node {
	name:t = ">%airfield_flight_light_red"
	tm:m = [2.0, 0.0, 0.0, 0.0, 2.0, 0.0, 0.0, 0.0, 2.0, -1502.82, -0.0057, -192.787]
}
node {
	name:t = ">%airfield_flight_light_red"
	tm:m = [2.0, 0.0, 0.0, 0.0, 2.0, 0.0, 0.0, 0.0, 2.0, -1502.82, -0.0057, -191.281]
}
node {
	name:t = ">%airfield_flight_light_red"
	tm:m = [2.0, 0.0, 0.0, 0.0, 2.0, 0.0, 0.0, 0.0, 2.0, -1496.79, -0.0057, -194.293]
}
node {
	name:t = ">%airfield_flight_light_red"
	tm:m = [2.0, 0.0, 0.0, 0.0, 2.0, 0.0, 0.0, 0.0, 2.0, -1496.79, -0.0057, -192.787]
}
node {
	name:t = ">%airfield_flight_light_red"
	tm:m = [2.0, 0.0, 0.0, 0.0, 2.0, 0.0, 0.0, 0.0, 2.0, -1496.79, -0.0057, -191.281]
}
node {
	name:t = ">%airfield_flight_light_red"
	tm:m = [2.0, 0.0, 0.0, 0.0, 2.0, 0.0, 0.0, 0.0, 2.0, -1490.76, -0.0057, -194.293]
}
node {
	name:t = ">%airfield_flight_light_red"
	tm:m = [2.0, 0.0, 0.0, 0.0, 2.0, 0.0, 0.0, 0.0, 2.0, -1490.76, -0.0057, -192.787]
}
node {
	name:t = ">%airfield_flight_light_red"
	tm:m = [2.0, 0.0, 0.0, 0.0, 2.0, 0.0, 0.0, 0.0, 2.0, -1490.76, -0.0057, -191.281]
}
node {
	name:t = ">%airfield_flight_light_red"
	tm:m = [2.0, 0.0, 0.0, 0.0, 2.0, 0.0, 0.0, 0.0, 2.0, -1484.74, -0.0057, -194.293]
}
node {
	name:t = ">%airfield_flight_light_red"
	tm:m = [2.0, 0.0, 0.0, 0.0, 2.0, 0.0, 0.0, 0.0, 2.0, -1484.74, -0.0057, -192.787]
}
node {
	name:t = ">%airfield_flight_light_red"
	tm:m = [2.0, 0.0, 0.0, 0.0, 2.0, 0.0, 0.0, 0.0, 2.0, -1484.74, -0.0057, -191.281]
}
node {
	name:t = ">%airfield_flight_light_red"
	tm:m = [2.0, 0.0, 0.0, 0.0, 2.0, 0.0, 0.0, 0.0, 2.0, -1478.71, -0.0057, -194.293]
}
node {
	name:t = ">%airfield_flight_light_red"
	tm:m = [2.0, 0.0, 0.0, 0.0, 2.0, 0.0, 0.0, 0.0, 2.0, -1478.71, -0.0057, -192.787]
}
node {
	name:t = ">%airfield_flight_light_red"
	tm:m = [2.0, 0.0, 0.0, 0.0, 2.0, 0.0, 0.0, 0.0, 2.0, -1478.71, -0.0057, -191.281]
}
node {
	name:t = ">%airfield_flight_light_red"
	tm:m = [2.0, 0.0, 0.0, 0.0, 2.0, 0.0, 0.0, 0.0, 2.0, -1472.69, -0.0057, -194.293]
}
node {
	name:t = ">%airfield_flight_light_red"
	tm:m = [2.0, 0.0, 0.0, 0.0, 2.0, 0.0, 0.0, 0.0, 2.0, -1472.69, -0.0057, -192.787]
}
node {
	name:t = ">%airfield_flight_light_red"
	tm:m = [2.0, 0.0, 0.0, 0.0, 2.0, 0.0, 0.0, 0.0, 2.0, -1472.69, -0.0057, -191.281]
}
node {
	name:t = ">%airfield_flight_light_red"
	tm:m = [2.0, 0.0, 0.0, 0.0, 2.0, 0.0, 0.0, 0.0, 2.0, -1466.66, -0.0057, -194.293]
}
node {
	name:t = ">%airfield_flight_light_red"
	tm:m = [2.0, 0.0, 0.0, 0.0, 2.0, 0.0, 0.0, 0.0, 2.0, -1466.66, -0.0057, -192.787]
}
node {
	name:t = ">%airfield_flight_light_red"
	tm:m = [2.0, 0.0, 0.0, 0.0, 2.0, 0.0, 0.0, 0.0, 2.0, -1466.66, -0.0057, -191.281]
}
node {
	name:t = ">%airfield_flight_light_green"
	tm:m = [2.0, 0.0, 0.0, 0.0, 2.0, 0.0, 0.0, 0.0, 2.0, -1460.63, -0.0057, -245.508]
}
node {
	name:t = ">%airfield_flight_light_green"
	tm:m = [2.0, 0.0, 0.0, 0.0, 2.0, 0.0, 0.0, 0.0, 2.0, -1460.63, -0.0057, -242.496]
}
node {
	name:t = ">%airfield_flight_light_green"
	tm:m = [2.0, 0.0, 0.0, 0.0, 2.0, 0.0, 0.0, 0.0, 2.0, -1460.63, -0.0057, -239.483]
}
node {
	name:t = ">%airfield_flight_light_green"
	tm:m = [2.0, 0.0, 0.0, 0.0, 2.0, 0.0, 0.0, 0.0, 2.0, -1460.63, -0.0057, -236.47]
}
node {
	name:t = ">%airfield_flight_light_green"
	tm:m = [2.0, 0.0, 0.0, 0.0, 2.0, 0.0, 0.0, 0.0, 2.0, -1460.63, -0.0057, -233.457]
}
node {
	name:t = ">%airfield_flight_light_green"
	tm:m = [2.0, 0.0, 0.0, 0.0, 2.0, 0.0, 0.0, 0.0, 2.0, -1460.63, -0.0057, -230.444]
}
node {
	name:t = ">%airfield_flight_light_green"
	tm:m = [2.0, 0.0, 0.0, 0.0, 2.0, 0.0, 0.0, 0.0, 2.0, -1460.63, -0.0057, -227.431]
}
node {
	name:t = ">%airfield_flight_light_green"
	tm:m = [2.0, 0.0, 0.0, 0.0, 2.0, 0.0, 0.0, 0.0, 2.0, -1460.63, -0.0057, -224.419]
}
node {
	name:t = ">%airfield_flight_light_green"
	tm:m = [2.0, 0.0, 0.0, 0.0, 2.0, 0.0, 0.0, 0.0, 2.0, -1460.63, -0.0057, -221.406]
}
node {
	name:t = ">%airfield_flight_light_green"
	tm:m = [2.0, 0.0, 0.0, 0.0, 2.0, 0.0, 0.0, 0.0, 2.0, -1460.63, -0.0057, -218.393]
}
node {
	name:t = ">%airfield_flight_light_green"
	tm:m = [2.0, 0.0, 0.0, 0.0, 2.0, 0.0, 0.0, 0.0, 2.0, -1460.63, -0.0057, -215.38]
}
node {
	name:t = ">%airfield_flight_light_green"
	tm:m = [2.0, 0.0, 0.0, 0.0, 2.0, 0.0, 0.0, 0.0, 2.0, -1460.63, -0.0057, -212.367]
}
node {
	name:t = ">%airfield_flight_light_green"
	tm:m = [2.0, 0.0, 0.0, 0.0, 2.0, 0.0, 0.0, 0.0, 2.0, -1460.63, -0.0057, -209.355]
}
node {
	name:t = ">%airfield_flight_light_green"
	tm:m = [2.0, 0.0, 0.0, 0.0, 2.0, 0.0, 0.0, 0.0, 2.0, -1460.63, -0.0057, -206.342]
}
node {
	name:t = ">%airfield_flight_light_green"
