className:t = "composit"
size:p2 = 1400, 256
airfield {
	start:p3 = 434, 0, 129
	end:p3 = -722, 0, 129
	width:r = 80
	spawn:p3 = 217, 0, 121
	spawn:p3 = 230, 0, 147
	spawn:p3 = 241, 0, 121
	spawn:p3 = 253, 0, 147
	spawn:p3 = 264, 0, 121
	spawn:p3 = 277, 0, 147
	spawn:p3 = 288, 0, 121
	spawn:p3 = 200, 0, 147
	spawn:p3 = 313, 0, 121
	spawn:p3 = 326, 0, 147
	spawn:p3 = 339, 0, 121
	spawn:p3 = 352, 0, 147
	spawn:p3 = 365, 0, 121
	spawn:p3 = 378, 0, 147
	spawn:p3 = 391, 0, 121
	spawn:p3 = 404, 0, 147
	repairTags {
		type_attack_helicopter:b = false
		type_utility_helicopter:b = false
	}
}
node {
	name:t = "^^dynaf_britain_ally_1line_mesh"
	tm:m = [[1.0, 0.0, 0.0] [0.0, 1.0, 0.0] [0.0, 0.0, 1.0] [0.0, 0.0, 0.0]]
}
node {
	name:t = "++NoTreesBox000"
	tm:m = [[800.0, 0.0, 0.0] [0.0, 15.0, 0.0] [0.0, 0.0, 50.0] [-145.0, 0.0, 130.0]]
}
node {
	name:t = "++NoTreesBox001"
	tm:m = [[480.0, 0.0, 0.0] [0.0, 15.0, 0.0] [0.0, 0.0, 180.0] [-187.0, 0.0, -50.0]]
}
node {
	name:t = "us_mbase_hangar1b"
	tm:m = [[-1.0, 0.0, 1.50996e-7] [0.0, 1.0, 0.0] [-1.50996e-7, 0.0, -1.0] [411.814, 0.0, -98.3629]]
}
node {
	name:t = "us_mbase_hangar1b"
	tm:m = [[-1.0, 0.0, 1.50996e-7] [0.0, 1.0, 0.0] [-1.50996e-7, 0.0, -1.0] [411.814, 0.0, -144.644]]
}
node {
	name:t = "us_mbase_hangar1b"
	tm:m = [[-1.0, 0.0, 1.50996e-7] [0.0, 1.0, 0.0] [-1.50996e-7, 0.0, -1.0] [411.814, 0.0, -192.26]]
}
node {
	name:t = "us_mbase_hangar1b"
	tm:m = [[1.94707e-7, 0.0, 1.0] [0.0, 1.0, 0.0] [-1.0, 0.0, 1.94707e-7] [344.261, 0.0, -233.274]]
}
node {
	name:t = "us_mbase_hangar1b"
	tm:m = [[1.94707e-7, 0.0, 1.0] [0.0, 1.0, 0.0] [-1.0, 0.0, 1.94707e-7] [287.103, 0.0, -233.274]]
}
node {
	name:t = "us_mbase_hangar1b"
	tm:m = [[1.94707e-7, 0.0, 1.0] [0.0, 1.0, 0.0] [-1.0, 0.0, 1.94707e-7] [172.216, 0.0, -196.624]]
}
node {
	name:t = "us_mbase_hangar1b"
	tm:m = [[1.0, 0.0, -2.38419e-7] [0.0, 1.0, 0.0] [2.38419e-7, 0.0, 1.0] [-138.112, 0.0, -233.194]]
}
node {
	name:t = "us_mbase_hangar1b"
	tm:m = [[1.0, 0.0, -2.38419e-7] [0.0, 1.0, 0.0] [2.38419e-7, 0.0, 1.0] [-138.112, 0.0, -146.386]]
}
node {
	name:t = "us_mbase_hangar1b"
	tm:m = [[-1.0, 0.0, 3.89414e-7] [0.0, 1.0, 0.0] [-3.89414e-7, 0.0, -1.0] [-16.5587, 0.0, -189.215]]
}
node {
	name:t = "us_mbase_hangar1b"
	tm:m = [[1.94707e-7, 0.0, 1.0] [0.0, 1.0, 0.0] [-1.0, 0.0, 1.94707e-7] [-397.738, 0.0, -143.065]]
}
node {
	name:t = "us_mbase_hangar1b"
	tm:m = [[1.94707e-7, 0.0, 1.0] [0.0, 1.0, 0.0] [-1.0, 0.0, 1.94707e-7] [-481.179, 0.0, -143.065]]
}
node {
	name:t = "us_mbase_hangar1b"
	tm:m = [[1.94707e-7, 0.0, 1.0] [0.0, 1.0, 0.0] [-1.0, 0.0, 1.94707e-7] [-564.885, 0.0, -143.065]]
}
node {
	name:t = "us_mbase_hangar1b"
	tm:m = [[1.0, 0.0, -2.38419e-7] [0.0, 1.0, 0.0] [2.38419e-7, 0.0, 1.0] [-714.752, 0.0, -26.398]]
}
node {
	name:t = "us_mbase_hangar3"
	tm:m = [[1.94707e-7, 0.0, 1.0] [0.0, 1.0, 0.0] [-1.0, 0.0, 1.94707e-7] [-317.854, 0.0, -242.979]]
}
node {
	name:t = "us_mbase_hangar3"
	tm:m = [[1.94707e-7, 0.0, 1.0] [0.0, 1.0, 0.0] [-1.0, 0.0, 1.94707e-7] [-631.031, 0.0, -242.319]]
}
node {
	name:t = "britain_hangar_1_rendinst"
	tm:m = [[-1.62921e-7, 0.0, -1.0] [0.0, 1.0, 0.0] [1.0, 0.0, -1.62921e-7] [387.073, -0.0162578, -61.3782]]
}
node {
	name:t = "britain_tech_building_2_rendinst"
	tm:m = [[1.0, 0.0, -1.74846e-7] [5.26265e-14, 1.0, 3.00989e-7] [1.74846e-7, -3.00989e-7, 1.0] [362.178, -0.151296, -71.9229]]
}
node {
	name:t = "britain_tech_building_1_rendinst"
	tm:m = [[-0.0422446, -1.19103e-7, -0.999107] [-5.03145e-9, 1.0, -1.18997e-7] [0.999107, 0.0, -0.0422446] [-465.058, -0.304704, -214.162]]
}
node {
	name:t = "britain_tech_building_1_rendinst"
	tm:m = [[-0.00231538, 0.0, -0.999997] [0.0, 1.0, 0.0] [0.999997, 0.0, -0.00231538] [-500.234, -0.304704, -213.859]]
}
node {
	name:t = "britain_army_tent_rendinst"
	tm:m = [[1.0, 0.0, 0.0] [0.0, 1.0, 0.0] [0.0, 0.0, 1.0] [-559.606, -0.0794075, -270.82]]
}
node {
	name:t = "britain_tent_2_rendinst"
	tm:m = [[0.707107, 0.0, 0.707107] [0.0, 1.0, 0.0] [-0.707107, 0.0, 0.707107] [-537.221, -0.0794075, -240.765]]
}
node {
	name:t = "britain_tent_1_rendinst"
	tm:m = [[0.939693, 0.0, -0.34202] [0.0, 1.0, 0.0] [0.34202, 0.0, 0.939693] [-547.043, -0.0794075, -239.672]]
}
node {
	name:t = "britain_big_army_tent_rendinst"
	tm:m = [[1.0, 0.0, 0.0] [0.0, 1.0, 0.0] [0.0, 0.0, 1.0] [-548.285, -0.0794075, -254.804]]
}
node {
	name:t = "britain_tent_1_rendinst"
	tm:m = [[0.422618, 0.0, -0.906308] [0.0, 1.0, 0.0] [0.906308, 0.0, 0.422618] [-527.441, -0.0794075, -242.562]]
}
node {
	name:t = "britain_tent_1_rendinst"
	tm:m = [[0.866025, 0.0, 0.5] [0.0, 1.0, 0.0] [-0.5, 0.0, 0.866025] [-561.409, -0.0794075, -244.353]]
}
node {
	name:t = "britain_tent_1_rendinst"
	tm:m = [[-0.258819, 0.0, 0.965926] [0.0, 1.0, 0.0] [-0.965926, 0.0, -0.258819] [-564.818, -0.0794075, -259.808]]
}
node {
	name:t = "britain_tent_2_rendinst"
	tm:m = [[-0.258819, 0.0, 0.965926] [0.0, 1.0, 0.0] [-0.965926, 0.0, -0.258819] [-555.979, -0.0794075, -235.441]]
}
node {
	name:t = "britain_army_tent_rendinst"
	tm:m = [[1.0, 0.0, 0.0] [0.0, 1.0, 0.0] [0.0, 0.0, 1.0] [-568.867, -0.0794075, -251.074]]
}
node {
	name:t = "britain_tent_2_rendinst"
	tm:m = [[0.422618, 0.0, -0.906308] [0.0, 1.0, 0.0] [0.906308, 0.0, 0.422618] [-543.5, -0.0794075, -271.014]]
}
node {
	name:t = "britain_army_tent_rendinst"
	tm:m = [[0.573576, 0.0, 0.819152] [0.0, 1.0, 0.0] [-0.819152, 0.0, 0.573576] [-549.289, -0.0794075, -273.813]]
}
node {
	name:t = "britain_tent_1_rendinst"
	tm:m = [[0.34202, 0.0, 0.939693] [0.0, 1.0, 0.0] [-0.939693, 0.0, 0.34202] [-530.151, -0.0794075, -263.435]]
}
node {
	name:t = "britain_control_tower_1_rendinst"
	tm:m = [[-1.0, 0.0, 1.50996e-7] [0.0, 1.0, 0.0] [-1.50996e-7, 0.0, -1.0] [-683.953, -0.19531, -79.181]]
}
node {
	name:t = "britain_tent_1_rendinst"
	tm:m = [[-0.996195, 0.0, 0.0871559] [0.0, 1.0, 0.0] [-0.0871559, 0.0, -0.996195] [-591.896, -0.0794075, -277.631]]
}
node {
	name:t = "britain_tent_2_rendinst"
	tm:m = [[-0.984808, 0.0, 0.173648] [0.0, 1.0, 0.0] [-0.173648, 0.0, -0.984808] [-589.13, -0.0794075, -267.127]]
}
node {
	name:t = "britain_army_tent_rendinst"
	tm:m = [[1.0, 0.0, 0.0] [0.0, 1.0, 0.0] [0.0, 0.0, 1.0] [-581.203, -0.0794075, -258.309]]
}
node {
	name:t = "britain_tent_1_rendinst"
	tm:m = [[0.984808, 0.0, -0.173648] [0.0, 1.0, 0.0] [0.173648, 0.0, 0.984808] [-584.495, -0.0794075, -229.005]]
}
node {
	name:t = "britain_tent_2_rendinst"
	tm:m = [[0.0871559, 0.0, 0.996195] [0.0, 1.0, 0.0] [-0.996195, 0.0, 0.0871559] [-577.036, -0.0794075, -229.978]]
}
node {
	name:t = "britain_tent_1_rendinst"
	tm:m = [[0.984808, 0.0, -0.173648] [0.0, 1.0, 0.0] [0.173648, 0.0, 0.984808] [-568.122, -0.0794075, -230.572]]
}
node {
	name:t = "britain_trailer_rendinst"
	tm:m = [[0.707107, 0.0, 0.707107] [0.0, 1.0, 0.0] [-0.707107, 0.0, 0.707107] [-442.647, -0.424346, -243.203]]
}
node {
	name:t = "britain_army_tent_rendinst"
	tm:m = [[-1.62921e-7, 0.0, -1.0] [0.0, 1.0, 0.0] [1.0, 0.0, -1.62921e-7] [-700.356, -0.117841, -129.211]]
}
node {
	name:t = "britain_tent_2_rendinst"
	tm:m = [[0.707107, 0.0, -0.707107] [0.0, 1.0, 0.0] [0.707107, 0.0, 0.707107] [-670.706, -0.117841, -153.821]]
}
node {
	name:t = "britain_tent_1_rendinst"
	tm:m = [[-0.34202, 0.0, -0.939693] [0.0, 1.0, 0.0] [0.939693, 0.0, -0.34202] [-667.388, -0.117841, -144.201]]
}
node {
	name:t = "britain_big_army_tent_rendinst"
	tm:m = [[-1.62921e-7, 0.0, -1.0] [0.0, 1.0, 0.0] [1.0, 0.0, -1.62921e-7] [-682.492, -0.117841, -142.162]]
}
node {
	name:t = "britain_tent_1_rendinst"
	tm:m = [[0.5, 0.0, -0.866026] [0.0, 1.0, 0.0] [0.866026, 0.0, 0.5] [-670.609, -0.117841, -128.471]]
}
node {
	name:t = "britain_tent_1_rendinst"
	tm:m = [[0.573576, 0.0, -0.819152] [0.0, 1.0, 0.0] [0.819152, 0.0, 0.573576] [-698.026, -0.117841, -148.436]]
}
node {
	name:t = "britain_tent_2_rendinst"
	tm:m = [[0.965926, 0.0, 0.258819] [0.0, 1.0, 0.0] [-0.258819, 0.0, 0.965926] [-663.966, -0.117841, -135.669]]
}
node {
	name:t = "britain_army_tent_rendinst"
	tm:m = [[-1.62921e-7, 0.0, -1.0] [0.0, 1.0, 0.0] [1.0, 0.0, -1.62921e-7] [-679.599, -0.117841, -121.973]]
}
node {
	name:t = "britain_tent_2_rendinst"
	tm:m = [[-0.642788, 0.0, -0.766044] [0.0, 1.0, 0.0] [0.766044, 0.0, -0.642788] [-693.323, -0.117841, -154.336]]
}
node {
	name:t = "britain_army_tent_rendinst"
	tm:m = [[0.819152, 0.0, -0.573576] [0.0, 1.0, 0.0] [0.573576, 0.0, 0.819152] [-702.338, -0.117841, -139.731]]
}
node {
	name:t = "britain_tent_1_rendinst"
	tm:m = [[0.939693, 0.0, -0.34202] [0.0, 1.0, 0.0] [0.34202, 0.0, 0.939693] [-687.069, -0.117841, -158.53]]
}
node {
	name:t = "britain_control_tower_1_rendinst"
	tm:m = [[0.0171328, 0.0, 0.999853] [0.0, 1.0, 0.0] [-0.999853, 0.0, 0.0171328] [104.526, -0.163501, 198.961]]
}
node {
	name:t = "britain_army_tent_rendinst"
	tm:m = [[0.310186, 0.0, 0.950676] [0.0, 1.0, 0.0] [-0.950676, 0.0, 0.310186] [209.053, -0.0843857, -295.979]]
}
node {
	name:t = "britain_tent_2_rendinst"
	tm:m = [[-0.452894, 0.0, 0.891564] [0.0, 1.0, 0.0] [-0.891564, 0.0, -0.452894] [188.164, -0.0843857, -257.615]]
}
node {
	name:t = "britain_tent_1_rendinst"
	tm:m = [[0.61663, 0.0, 0.787253] [0.0, 1.0, 0.0] [-0.787253, 0.0, 0.61663] [173.506, -0.0843857, -262.345]]
}
node {
	name:t = "britain_big_army_tent_rendinst"
	tm:m = [[-0.78471, 0.0, 0.619863] [0.0, 1.0, 0.0] [-0.619863, 0.0, -0.78471] [195.199, -0.0843857, -277.893]]
}
node {
	name:t = "britain_tent_1_rendinst"
	tm:m = [[0.278589, 0.0, 0.96041] [0.0, 1.0, 0.0] [-0.96041, 0.0, 0.278589] [214.841, -0.0843857, -284.771]]
}
node {
	name:t = "britain_tent_1_rendinst"
	tm:m = [[-0.206708, 0.0, 0.978403] [0.0, 1.0, 0.0] [-0.978403, 0.0, -0.206708] [176.248, -0.0843857, -292.646]]
}
node {
	name:t = "britain_tent_1_rendinst"
	tm:m = [[-0.787253, 0.0, 0.61663] [0.0, 1.0, 0.0] [-0.61663, 0.0, -0.787253] [209.677, -0.0843857, -265.273]]
}
node {
	name:t = "britain_tent_2_rendinst"
	tm:m = [[-0.998564, 0.0, 0.0535641] [0.0, 1.0, 0.0] [-0.0535641, 0.0, -0.998564] [161.453, -0.0843857, -278.319]]
}
node {
	name:t = "britain_army_tent_rendinst"
	tm:m = [[-0.600832, 0.0, 0.799375] [0.0, 1.0, 0.0] [-0.799375, 0.0, -0.600832] [220.157, -0.0843857, -266.645]]
}
node {
	name:t = "britain_tent_2_rendinst"
	tm:m = [[0.992695, 0.0, 0.120649] [0.0, 1.0, 0.0] [-0.120649, 0.0, 0.992695] [214.864, -0.0843857, -274.9]]
}
node {
	name:t = "britain_tent_1_rendinst"
	tm:m = [[-0.998564, 0.0, 0.0535643] [0.0, 1.0, 0.0] [-0.0535643, 0.0, -0.998564] [196.291, -0.0843857, -297.625]]
}
node {
	name:t = "britain_army_tent_rendinst"
	tm:m = [[0.310186, 0.0, 0.950676] [0.0, 1.0, 0.0] [-0.950676, 0.0, 0.310186] [186.68, -0.0843857, -296.917]]
}
node {
	name:t = "britain_tent_1_rendinst"
	tm:m = [[0.470557, 0.0, 0.88237] [0.0, 1.0, 0.0] [-0.88237, 0.0, 0.470557] [168.217, -0.0843857, -290.618]]
}
node {
	name:t = "britain_trailer_rendinst"
	tm:m = [[0.697097, 0.0, 0.716977] [0.0, 1.0, 0.0] [-0.716977, 0.0, 0.697097] [-426.001, -0.424346, -243.493]]
}
node {
	name:t = "britain_hangar_2_rendinst"
	tm:m = [[1.19249e-8, 0.0, 1.0] [0.0, 1.0, 0.0] [-1.0, 0.0, 1.19249e-8] [109.2, -0.27308, -267.372]]
}
node {
	name:t = "britain_tech_building_2_rendinst"
	tm:m = [[-0.906308, 0.0, 0.422618] [0.0, 1.0, 0.0] [-0.422618, 0.0, -0.906308] [-687.816, -0.103963, -241.988]]
}
node {
	name:t = "britain_tech_building_1_rendinst"
	tm:m = [[-0.0785246, 0.0, -0.996912] [0.0, 1.0, 0.0] [0.996912, 0.0, -0.0785246] [-481.926, -0.304704, -213.859]]
}
node {
	name:t = "britain_windvane_rendinst"
	tm:m = [[-0.984269, 0.0, 0.176674] [0.0, 1.0, 0.0] [-0.176674, 0.0, -0.984269] [305.849, 0.463725, 185.983]]
}
node {
	name:t = "britain_hangar_2_rendinst"
	tm:m = [[0.0506918, 0.0, 0.998714] [0.0, 1.0, 0.0] [-0.998714, 0.0, 0.0506918] [109.2, -0.27308, -236.424]]
}
node {
	name:t = "britain_tech_building_2_rendinst"
	tm:m = [[1.0, 0.0, 0.0] [0.0, 1.0, 0.0] [0.0, 0.0, 1.0] [-438.211, -0.172599, -171.183]]
}
node {
	name:t = "britain_tech_building_2_rendinst"
	tm:m = [[1.0, 0.0, 0.0] [0.0, 1.0, 0.0] [0.0, 0.0, 1.0] [-524.076, -0.140963, -171.183]]
}
node {
	name:t = "britain_army_tent_rendinst"
	tm:m = [[-1.0, 0.0, 5.6426e-7] [0.0, 1.0, 0.0] [-5.6426e-7, 0.0, -1.0] [-734.375, -0.117841, -102.609]]
}
node {
	name:t = "britain_army_tent_rendinst"
	tm:m = [[-0.573576, 0.0, -0.819152] [0.0, 1.0, 0.0] [0.819152, 0.0, -0.573576] [-744.894, -0.117841, -100.627]]
}
node {
	name:t = "britain_big_army_tent_rendinst"
	tm:m = [[-1.0, 0.0, 5.6426e-7] [0.0, 1.0, 0.0] [-5.6426e-7, 0.0, -1.0] [-747.325, -0.117841, -120.473]]
}
node {
	name:t = "britain_tent_1_rendinst"
	tm:m = [[-0.866025, 0.0, -0.5] [0.0, 1.0, 0.0] [0.5, 0.0, -0.866025] [-733.634, -0.117841, -132.357]]
}
node {
	name:t = "britain_tent_2_rendinst"
	tm:m = [[-0.707107, 0.0, -0.707107] [0.0, 1.0, 0.0] [0.707107, 0.0, -0.707107] [-758.984, -0.117841, -132.26]]
}
node {
	name:t = "britain_tent_2_rendinst"
	tm:m = [[0.258819, 0.0, -0.965926] [0.0, 1.0, 0.0] [0.965926, 0.0, 0.258819] [-740.832, -0.117841, -138.999]]
}
node {
	name:t = "britain_army_tent_rendinst"
	tm:m = [[-1.0, 0.0, 5.6426e-7] [0.0, 1.0, 0.0] [-5.6426e-7, 0.0, -1.0] [-727.136, -0.117841, -123.366]]
}
node {
	name:t = "britain_tent_2_rendinst"
	tm:m = [[-0.766044, 0.0, 0.642788] [0.0, 1.0, 0.0] [-0.642788, 0.0, -0.766044] [-759.499, -0.117841, -109.642]]
}
node {
	name:t = "britain_tent_1_rendinst"
	tm:m = [[-0.819152, 0.0, -0.573576] [0.0, 1.0, 0.0] [0.573576, 0.0, -0.819152] [-753.6, -0.117841, -104.94]]
}
node {
	name:t = "britain_tent_1_rendinst"
	tm:m = [[-0.939692, 0.0, 0.342021] [0.0, 1.0, 0.0] [-0.342021, 0.0, -0.939692] [-749.364, -0.117841, -135.577]]
}
node {
	name:t = "britain_tent_1_rendinst"
	tm:m = [[-0.34202, 0.0, -0.939693] [0.0, 1.0, 0.0] [0.939693, 0.0, -0.34202] [-763.694, -0.117841, -115.896]]
}
node {
	name:t = "britain_army_tent_rendinst"
	tm:m = [[-0.573576, 0.0, -0.819152] [0.0, 1.0, 0.0] [0.819152, 0.0, -0.573576] [-750.63, -0.117841, -162.401]]
}
node {
	name:t = "britain_army_tent_rendinst"
	tm:m = [[0.34202, 0.0, -0.939693] [0.0, 1.0, 0.0] [0.939693, 0.0, 0.34202] [-758.287, -0.117841, -169.881]]
}
node {
	name:t = "britain_big_army_tent_rendinst"
	tm:m = [[-0.573576, 0.0, -0.819152] [0.0, 1.0, 0.0] [0.819152, 0.0, -0.573576] [-743.425, -0.117841, -183.256]]
}
node {
	name:t = "britain_tent_1_rendinst"
	tm:m = [[-0.0871554, 0.0, -0.996195] [0.0, 1.0, 0.0] [0.996195, 0.0, -0.0871554] [-725.838, -0.117841, -178.857]]
}
node {
	name:t = "britain_tent_2_rendinst"
	tm:m = [[0.173648, 0.0, -0.984808] [0.0, 1.0, 0.0] [0.984808, 0.0, 0.173648] [-740.457, -0.117841, -199.566]]
}
node {
	name:t = "britain_tent_2_rendinst"
	tm:m = [[0.939693, 0.0, -0.34202] [0.0, 1.0, 0.0] [0.34202, 0.0, 0.939693] [-724.525, -0.117841, -188.563]]
}
node {
	name:t = "britain_army_tent_rendinst"
	tm:m = [[-0.573576, 0.0, -0.819152] [0.0, 1.0, 0.0] [0.819152, 0.0, -0.573576] [-729.475, -0.117841, -168.377]]
}
node {
	name:t = "britain_tent_2_rendinst"
	tm:m = [[-0.965926, 0.0, -0.258819] [0.0, 1.0, 0.0] [0.258819, 0.0, -0.965926] [-759.28, -0.117841, -187.016]]
}
node {
	name:t = "britain_tent_1_rendinst"
	tm:m = [[-1.62921e-7, 0.0, -1.0] [0.0, 1.0, 0.0] [1.0, 0.0, -1.62921e-7] [-759.748, -0.117841, -179.486]]
}
node {
	name:t = "britain_tent_1_rendinst"
	tm:m = [[-0.819152, 0.0, -0.573576] [0.0, 1.0, 0.0] [0.573576, 0.0, -0.819152] [-732.221, -0.117841, -193.589]]
}
node {
	name:t = "britain_tent_1_rendinst"
	tm:m = [[0.573576, 0.0, -0.819152] [0.0, 1.0, 0.0] [0.819152, 0.0, 0.573576] [-756.562, -0.117841, -194.039]]
}
node {
	name:t = "britain_hangar_2_rendinst"
	tm:m = [[-0.0274743, 0.0, 0.999623] [0.0, 1.0, 0.0] [-0.999623, 0.0, -0.0274743] [91.249, -0.27308, -267.372]]
}
node {
	name:t = "britain_hangar_2_rendinst"
	tm:m = [[0.0314403, 0.0, 0.999506] [0.0, 1.0, 0.0] [-0.999506, 0.0, 0.0314403] [91.249, -0.27308, -236.424]]
}
node {
	name:t = "britain_hangar_2_rendinst"
	tm:m = [[-0.053967, 0.0, 0.998543] [0.0, 1.0, 0.0] [-0.998543, 0.0, -0.053967] [72.9266, -0.27308, -267.372]]
}
node {
	name:t = "britain_hangar_2_rendinst"
	tm:m = [[1.19249e-8, 0.0, 1.0] [0.0, 1.0, 0.0] [-1.0, 0.0, 1.19249e-8] [72.9266, -0.27308, -236.424]]
}
node {
	name:t = "britain_hangar_2_rendinst"
	tm:m = [[-0.019284, 0.0, 0.999814] [0.0, 1.0, 0.0] [-0.999814, 0.0, -0.019284] [72.9266, -0.27308, -206.499]]
}
node {
	name:t = "britain_hangar_2_rendinst"
	tm:m = [[1.19249e-8, 0.0, 1.0] [0.0, 1.0, 0.0] [-1.0, 0.0, 1.19249e-8] [54.2095, -0.27308, -267.372]]
}
node {
	name:t = "britain_hangar_2_rendinst"
	tm:m = [[0.0498622, 0.0, 0.998756] [0.0, 1.0, 0.0] [-0.998756, 0.0, 0.0498622] [54.2095, -0.27308, -236.424]]
}
node {
	name:t = "britain_hangar_2_rendinst"
	tm:m = [[1.19249e-8, 0.0, 1.0] [0.0, 1.0, 0.0] [-1.0, 0.0, 1.19249e-8] [54.2095, -0.27308, -206.499]]
}
node {
	name:t = "britain_hangar_2_rendinst"
	tm:m = [[1.19249e-8, 0.0, 1.0] [0.0, 1.0, 0.0] [-1.0, 0.0, 1.19249e-8] [35.4923, -0.27308, -267.372]]
}
node {
	name:t = "britain_hangar_2_rendinst"
	tm:m = [[1.19249e-8, 0.0, 1.0] [0.0, 1.0, 0.0] [-1.0, 0.0, 1.19249e-8] [35.4923, -0.27308, -236.424]]
}
node {
	name:t = "britain_hangar_2_rendinst"
	tm:m = [[0.422619, 0.0, 0.906308] [0.0, 1.0, 0.0] [-0.906308, 0.0, 0.422619] [-700.226, -0.140767, -217.761]]
}
node {
	name:t = "britain_tech_building_2_rendinst"
	tm:m = [[1.0, 0.0, -1.74846e-7] [5.26265e-14, 1.0, 3.00989e-7] [1.74846e-7, -3.00989e-7, 1.0] [326.358, -0.151296, -71.9229]]
}
node {
	name:t = "britain_windvane_rendinst"
	tm:m = [[-0.984269, 0.0, 0.176674] [0.0, 1.0, 0.0] [-0.176674, 0.0, -0.984269] [-650.869, 0.463725, 185.983]]
}
node {
	name:t = "britain_trailer_rendinst"
	tm:m = [[7.54979e-8, 0.0, 1.0] [0.0, 1.0, 0.0] [-1.0, 0.0, 7.54979e-8] [-136.43, -0.424346, -193.982]]
}
node {
	name:t = "britain_trailer_rendinst"
	tm:m = [[-0.0140571, 0.0, 0.999901] [0.0, 1.0, 0.0] [-0.999901, 0.0, -0.0140571] [-136.384, -0.424346, -185.622]]
}
node {
	tm:m = [[4.0, 0.0, 0.0] [0.0, 4.0, 0.0] [0.0, 0.0, 4.0] [-750.6665, -0.0057495, 143.54599]]
	name:t = ">airfield_flight_light_green"
}
node {
	tm:m = [[4.0, 0.0, 0.0] [0.0, 4.0, 0.0] [0.0, 0.0, 4.0] [-750.6665, -0.0057495, 92.32835]]
	name:t = ">airfield_flight_light_green"
}
node {
	tm:m = [[4.0, 0.0, 0.0] [0.0, 4.0, 0.0] [0.0, 0.0, 4.0] [-750.6665, -0.0057495, 95.34113]]
	name:t = ">airfield_flight_light_green"
}
node {
	tm:m = [[4.0, 0.0, 0.0] [0.0, 4.0, 0.0] [0.0, 0.0, 4.0] [-750.6665, -0.0057495, 98.35393]]
	name:t = ">airfield_flight_light_green"
}
node {
	tm:m = [[4.0, 0.0, 0.0] [0.0, 4.0, 0.0] [0.0, 0.0, 4.0] [-750.6665, -0.0057495, 101.366745]]
	name:t = ">airfield_flight_light_green"
}
node {
	tm:m = [[4.0, 0.0, 0.0] [0.0, 4.0, 0.0] [0.0, 0.0, 4.0] [-750.6665, -0.0057495, 104.37956]]
	name:t = ">airfield_flight_light_green"
}
node {
	tm:m = [[4.0, 0.0, 0.0] [0.0, 4.0, 0.0] [0.0, 0.0, 4.0] [-750.6665, -0.0057495, 107.39235]]
	name:t = ">airfield_flight_light_green"
}
node {
	tm:m = [[4.0, 0.0, 0.0] [0.0, 4.0, 0.0] [0.0, 0.0, 4.0] [-750.6665, -0.0057495, 110.40517]]
	name:t = ">airfield_flight_light_green"
}
node {
	tm:m = [[4.0, 0.0, 0.0] [0.0, 4.0, 0.0] [0.0, 0.0, 4.0] [-750.6665, -0.0057495, 113.41795]]
	name:t = ">airfield_flight_light_green"
}
node {
	tm:m = [[4.0, 0.0, 0.0] [0.0, 4.0, 0.0] [0.0, 0.0, 4.0] [-750.6665, -0.0057495, 116.43077]]
	name:t = ">airfield_flight_light_green"
}
node {
	tm:m = [[4.0, 0.0, 0.0] [0.0, 4.0, 0.0] [0.0, 0.0, 4.0] [-750.6665, -0.0057495, 119.44356]]
	name:t = ">airfield_flight_light_green"
}
node {
	tm:m = [[4.0, 0.0, 0.0] [0.0, 4.0, 0.0] [0.0, 0.0, 4.0] [-750.6665, -0.0057495, 122.456375]]
	name:t = ">airfield_flight_light_green"
}
node {
	tm:m = [[4.0, 0.0, 0.0] [0.0, 4.0, 0.0] [0.0, 0.0, 4.0] [-750.6665, -0.0057495, 125.46916]]
	name:t = ">airfield_flight_light_green"
}
node {
	tm:m = [[4.0, 0.0, 0.0] [0.0, 4.0, 0.0] [0.0, 0.0, 4.0] [-750.6665, -0.0057495, 128.48196]]
	name:t = ">airfield_flight_light_green"
}
node {
	tm:m = [[4.0, 0.0, 0.0] [0.0, 4.0, 0.0] [0.0, 0.0, 4.0] [-750.6665, -0.0057495, 131.49475]]
	name:t = ">airfield_flight_light_green"
}
node {
	tm:m = [[4.0, 0.0, 0.0] [0.0, 4.0, 0.0] [0.0, 0.0, 4.0] [-750.6665, -0.0057495, 134.50757]]
	name:t = ">airfield_flight_light_green"
}
node {
	tm:m = [[4.0, 0.0, 0.0] [0.0, 4.0, 0.0] [0.0, 0.0, 4.0] [-750.6665, -0.0057495, 137.52039]]
	name:t = ">airfield_flight_light_green"
}
node {
	tm:m = [[4.0, 0.0, 0.0] [0.0, 4.0, 0.0] [0.0, 0.0, 4.0] [-750.6665, -0.0057495, 140.53317]]
	name:t = ">airfield_flight_light_green"
}
node {
	tm:m = [[4.0, 0.0, 0.0] [0.0, 4.0, 0.0] [0.0, 0.0, 4.0] [-750.6665, -0.0057495, 146.55878]]
	name:t = ">airfield_flight_light_green"
}
node {
	tm:m = [[4.0, 0.0, 0.0] [0.0, 4.0, 0.0] [0.0, 0.0, 4.0] [-750.6665, -0.0057495, 149.5716]]
	name:t = ">airfield_flight_light_green"
}
node {
	tm:m = [[4.0, 0.0, 0.0] [0.0, 4.0, 0.0] [0.0, 0.0, 4.0] [-750.6665, -0.0057495, 152.58441]]
	name:t = ">airfield_flight_light_green"
}
node {
	tm:m = [[4.0, 0.0, 0.0] [0.0, 4.0, 0.0] [0.0, 0.0, 4.0] [-750.6665, -0.0057495, 155.5972]]
	name:t = ">airfield_flight_light_green"
}
node {
	tm:m = [[4.0, 0.0, 0.0] [0.0, 4.0, 0.0] [0.0, 0.0, 4.0] [-750.6665, -0.0057495, 158.61002]]
	name:t = ">airfield_flight_light_green"
}
node {
	tm:m = [[4.0, 0.0, 0.0] [0.0, 4.0, 0.0] [0.0, 0.0, 4.0] [-750.6665, -0.0057495, 161.6228]]
	name:t = ">airfield_flight_light_green"
}
node {
	tm:m = [[4.0, 0.0, 0.0] [0.0, 4.0, 0.0] [0.0, 0.0, 4.0] [-750.6665, -0.0057495, 164.63562]]
	name:t = ">airfield_flight_light_green"
}
node {
	tm:m = [[4.0, 0.0, 0.0] [0.0, 4.0, 0.0] [0.0, 0.0, 4.0] [-750.6665, -0.0057495, 167.6484]]
	name:t = ">airfield_flight_light_green"
}
node {
	tm:m = [[4.0, 0.0, 0.0] [0.0, 4.0, 0.0] [0.0, 0.0, 4.0] [-804.9022, -0.0057495, 113.41707]]
	name:t = ">airfield_flight_light_red"
}
node {
	tm:m = [[4.0, 0.0, 0.0] [0.0, 4.0, 0.0] [0.0, 0.0, 4.0] [-804.9022, -0.0057495, 114.92348]]
	name:t = ">airfield_flight_light_red"
}
node {
	tm:m = [[4.0, 0.0, 0.0] [0.0, 4.0, 0.0] [0.0, 0.0, 4.0] [-804.9022, -0.0057495, 116.429886]]
	name:t = ">airfield_flight_light_red"
}
node {
	tm:m = [[4.0, 0.0, 0.0] [0.0, 4.0, 0.0] [0.0, 0.0, 4.0] [-798.8767, -0.0057495, 113.41707]]
	name:t = ">airfield_flight_light_red"
}
node {
	tm:m = [[4.0, 0.0, 0.0] [0.0, 4.0, 0.0] [0.0, 0.0, 4.0] [-798.8767, -0.0057495, 114.92348]]
	name:t = ">airfield_flight_light_red"
}
node {
	tm:m = [[4.0, 0.0, 0.0] [0.0, 4.0, 0.0] [0.0, 0.0, 4.0] [-798.8767, -0.0057495, 116.429886]]
	name:t = ">airfield_flight_light_red"
}
node {
	tm:m = [[4.0, 0.0, 0.0] [0.0, 4.0, 0.0] [0.0, 0.0, 4.0] [-792.8511, -0.0057495, 113.41707]]
	name:t = ">airfield_flight_light_red"
}
node {
	tm:m = [[4.0, 0.0, 0.0] [0.0, 4.0, 0.0] [0.0, 0.0, 4.0] [-792.8511, -0.0057495, 114.92348]]
	name:t = ">airfield_flight_light_red"
}
node {
	tm:m = [[4.0, 0.0, 0.0] [0.0, 4.0, 0.0] [0.0, 0.0, 4.0] [-792.8511, -0.0057495, 116.429886]]
	name:t = ">airfield_flight_light_red"
}
node {
	tm:m = [[4.0, 0.0, 0.0] [0.0, 4.0, 0.0] [0.0, 0.0, 4.0] [-786.82544, -0.0057495, 113.41707]]
	name:t = ">airfield_flight_light_red"
}
node {
	tm:m = [[4.0, 0.0, 0.0] [0.0, 4.0, 0.0] [0.0, 0.0, 4.0] [-786.82544, -0.0057495, 114.92348]]
	name:t = ">airfield_flight_light_red"
}
node {
	tm:m = [[4.0, 0.0, 0.0] [0.0, 4.0, 0.0] [0.0, 0.0, 4.0] [-786.82544, -0.0057495, 116.429886]]
	name:t = ">airfield_flight_light_red"
}
node {
	tm:m = [[4.0, 0.0, 0.0] [0.0, 4.0, 0.0] [0.0, 0.0, 4.0] [-780.7998, -0.0057495, 113.41707]]
	name:t = ">airfield_flight_light_red"
}
node {
	tm:m = [[4.0, 0.0, 0.0] [0.0, 4.0, 0.0] [0.0, 0.0, 4.0] [-780.7998, -0.0057495, 114.92348]]
	name:t = ">airfield_flight_light_red"
}
node {
	tm:m = [[4.0, 0.0, 0.0] [0.0, 4.0, 0.0] [0.0, 0.0, 4.0] [-780.7998, -0.0057495, 116.429886]]
	name:t = ">airfield_flight_light_red"
}
node {
	tm:m = [[4.0, 0.0, 0.0] [0.0, 4.0, 0.0] [0.0, 0.0, 4.0] [-774.7742, -0.0057495, 113.41707]]
	name:t = ">airfield_flight_light_red"
}
node {
	tm:m = [[4.0, 0.0, 0.0] [0.0, 4.0, 0.0] [0.0, 0.0, 4.0] [-774.7742, -0.0057495, 114.92348]]
	name:t = ">airfield_flight_light_red"
}
node {
	tm:m = [[4.0, 0.0, 0.0] [0.0, 4.0, 0.0] [0.0, 0.0, 4.0] [-774.7742, -0.0057495, 116.429886]]
	name:t = ">airfield_flight_light_red"
}
node {
	tm:m = [[4.0, 0.0, 0.0] [0.0, 4.0, 0.0] [0.0, 0.0, 4.0] [-768.74854, -0.0057495, 113.41707]]
	name:t = ">airfield_flight_light_red"
}
node {
	tm:m = [[4.0, 0.0, 0.0] [0.0, 4.0, 0.0] [0.0, 0.0, 4.0] [-768.74854, -0.0057495, 114.92348]]
	name:t = ">airfield_flight_light_red"
}
node {
	tm:m = [[4.0, 0.0, 0.0] [0.0, 4.0, 0.0] [0.0, 0.0, 4.0] [-768.74854, -0.0057495, 116.429886]]
	name:t = ">airfield_flight_light_red"
}
node {
	tm:m = [[4.0, 0.0, 0.0] [0.0, 4.0, 0.0] [0.0, 0.0, 4.0] [-762.723, -0.0057495, 113.41707]]
	name:t = ">airfield_flight_light_red"
}
node {
	tm:m = [[4.0, 0.0, 0.0] [0.0, 4.0, 0.0] [0.0, 0.0, 4.0] [-762.723, -0.0057495, 114.92348]]
	name:t = ">airfield_flight_light_red"
}
node {
	tm:m = [[4.0, 0.0, 0.0] [0.0, 4.0, 0.0] [0.0, 0.0, 4.0] [-762.723, -0.0057495, 116.429886]]
	name:t = ">airfield_flight_light_red"
}
node {
	tm:m = [[4.0, 0.0, 0.0] [0.0, 4.0, 0.0] [0.0, 0.0, 4.0] [-756.6974, -0.0057495, 113.41707]]
	name:t = ">airfield_flight_light_red"
}
node {
	tm:m = [[4.0, 0.0, 0.0] [0.0, 4.0, 0.0] [0.0, 0.0, 4.0] [-756.6974, -0.0057495, 114.92348]]
	name:t = ">airfield_flight_light_red"
}
node {
	tm:m = [[4.0, 0.0, 0.0] [0.0, 4.0, 0.0] [0.0, 0.0, 4.0] [-756.6974, -0.0057495, 116.429886]]
	name:t = ">airfield_flight_light_red"
}
node {
	tm:m = [[4.0, 0.0, 0.0] [0.0, 4.0, 0.0] [0.0, 0.0, 4.0] [-804.9022, -0.0057495, 143.54327]]
	name:t = ">airfield_flight_light_red"
}
node {
	tm:m = [[4.0, 0.0, 0.0] [0.0, 4.0, 0.0] [0.0, 0.0, 4.0] [-804.9022, -0.0057495, 145.04968]]
	name:t = ">airfield_flight_light_red"
}
node {
	tm:m = [[4.0, 0.0, 0.0] [0.0, 4.0, 0.0] [0.0, 0.0, 4.0] [-804.9022, -0.0057495, 146.55609]]
	name:t = ">airfield_flight_light_red"
}
node {
	tm:m = [[4.0, 0.0, 0.0] [0.0, 4.0, 0.0] [0.0, 0.0, 4.0] [-798.8767, -0.0057495, 143.54327]]
	name:t = ">airfield_flight_light_red"
}
node {
	tm:m = [[4.0, 0.0, 0.0] [0.0, 4.0, 0.0] [0.0, 0.0, 4.0] [-798.8767, -0.0057495, 145.04968]]
	name:t = ">airfield_flight_light_red"
}
node {
	tm:m = [[4.0, 0.0, 0.0] [0.0, 4.0, 0.0] [0.0, 0.0, 4.0] [-798.8767, -0.0057495, 146.55609]]
	name:t = ">airfield_flight_light_red"
}
node {
	tm:m = [[4.0, 0.0, 0.0] [0.0, 4.0, 0.0] [0.0, 0.0, 4.0] [-792.8511, -0.0057495, 143.54327]]
	name:t = ">airfield_flight_light_red"
}
node {
	tm:m = [[4.0, 0.0, 0.0] [0.0, 4.0, 0.0] [0.0, 0.0, 4.0] [-792.8511, -0.0057495, 145.04968]]
	name:t = ">airfield_flight_light_red"
}
node {
	tm:m = [[4.0, 0.0, 0.0] [0.0, 4.0, 0.0] [0.0, 0.0, 4.0] [-792.8511, -0.0057495, 146.55609]]
	name:t = ">airfield_flight_light_red"
}
node {
	tm:m = [[4.0, 0.0, 0.0] [0.0, 4.0, 0.0] [0.0, 0.0, 4.0] [-786.82544, -0.0057495, 143.54327]]
	name:t = ">airfield_flight_light_red"
}
node {
	tm:m = [[4.0, 0.0, 0.0] [0.0, 4.0, 0.0] [0.0, 0.0, 4.0] [-786.82544, -0.0057495, 145.04968]]
	name:t = ">airfield_flight_light_red"
}
node {
	tm:m = [[4.0, 0.0, 0.0] [0.0, 4.0, 0.0] [0.0, 0.0, 4.0] [-786.82544, -0.0057495, 146.55609]]
	name:t = ">airfield_flight_light_red"
}
node {
	tm:m = [[4.0, 0.0, 0.0] [0.0, 4.0, 0.0] [0.0, 0.0, 4.0] [-780.7998, -0.0057495, 143.54327]]
	name:t = ">airfield_flight_light_red"
}
node {
	tm:m = [[4.0, 0.0, 0.0] [0.0, 4.0, 0.0] [0.0, 0.0, 4.0] [-780.7998, -0.0057495, 145.04968]]
	name:t = ">airfield_flight_light_red"
}
node {
	tm:m = [[4.0, 0.0, 0.0] [0.0, 4.0, 0.0] [0.0, 0.0, 4.0] [-780.7998, -0.0057495, 146.55609]]
	name:t = ">airfield_flight_light_red"
}
node {
	tm:m = [[4.0, 0.0, 0.0] [0.0, 4.0, 0.0] [0.0, 0.0, 4.0] [-774.7742, -0.0057495, 143.54327]]
	name:t = ">airfield_flight_light_red"
}
node {
	tm:m = [[4.0, 0.0, 0.0] [0.0, 4.0, 0.0] [0.0, 0.0, 4.0] [-774.7742, -0.0057495, 145.04968]]
	name:t = ">airfield_flight_light_red"
}
node {
	tm:m = [[4.0, 0.0, 0.0] [0.0, 4.0, 0.0] [0.0, 0.0, 4.0] [-774.7742, -0.0057495, 146.55609]]
	name:t = ">airfield_flight_light_red"
}
node {
	tm:m = [[4.0, 0.0, 0.0] [0.0, 4.0, 0.0] [0.0, 0.0, 4.0] [-768.74854, -0.0057495, 143.54327]]
	name:t = ">airfield_flight_light_red"
}
node {
	tm:m = [[4.0, 0.0, 0.0] [0.0, 4.0, 0.0] [0.0, 0.0, 4.0] [-768.74854, -0.0057495, 145.04968]]
	name:t = ">airfield_flight_light_red"
}
node {
	tm:m = [[4.0, 0.0, 0.0] [0.0, 4.0, 0.0] [0.0, 0.0, 4.0] [-768.74854, -0.0057495, 146.55609]]
	name:t = ">airfield_flight_light_red"
}
node {
	tm:m = [[4.0, 0.0, 0.0] [0.0, 4.0, 0.0] [0.0, 0.0, 4.0] [-762.723, -0.0057495, 143.54327]]
	name:t = ">airfield_flight_light_red"
}
node {
	tm:m = [[4.0, 0.0, 0.0] [0.0, 4.0, 0.0] [0.0, 0.0, 4.0] [-762.723, -0.0057495, 145.04968]]
	name:t = ">airfield_flight_light_red"
}
node {
	tm:m = [[4.0, 0.0, 0.0] [0.0, 4.0, 0.0] [0.0, 0.0, 4.0] [-762.723, -0.0057495, 146.55609]]
	name:t = ">airfield_flight_light_red"
}
node {
	tm:m = [[4.0, 0.0, 0.0] [0.0, 4.0, 0.0] [0.0, 0.0, 4.0] [-756.6974, -0.0057495, 143.54327]]
	name:t = ">airfield_flight_light_red"
}
node {
	tm:m = [[4.0, 0.0, 0.0] [0.0, 4.0, 0.0] [0.0, 0.0, 4.0] [-756.6974, -0.0057495, 145.04968]]
	name:t = ">airfield_flight_light_red"
}
node {
	tm:m = [[4.0, 0.0, 0.0] [0.0, 4.0, 0.0] [0.0, 0.0, 4.0] [-756.6974, -0.0057495, 146.55609]]
	name:t = ">airfield_flight_light_red"
}
node {
	tm:m = [[4.0, 0.0, 0.0] [0.0, 4.0, 0.0] [0.0, 0.0, 4.0] [-810.9287, -0.0057495, 111.90202]]
	name:t = ">airfield_flight_light_yellow"
}
node {
	tm:m = [[4.0, 0.0, 0.0] [0.0, 4.0, 0.0] [0.0, 0.0, 4.0] [-810.9287, -0.0057495, 113.4084]]
	name:t = ">airfield_flight_light_yellow"
}
node {
	tm:m = [[4.0, 0.0, 0.0] [0.0, 4.0, 0.0] [0.0, 0.0, 4.0] [-810.9287, -0.0057495, 114.91481]]
	name:t = ">airfield_flight_light_yellow"
}
node {
	tm:m = [[4.0, 0.0, 0.0] [0.0, 4.0, 0.0] [0.0, 0.0, 4.0] [-810.9287, -0.0057495, 116.42122]]
	name:t = ">airfield_flight_light_yellow"
}
node {
	tm:m = [[4.0, 0.0, 0.0] [0.0, 4.0, 0.0] [0.0, 0.0, 4.0] [-810.9287, -0.0057495, 117.92827]]
	name:t = ">airfield_flight_light_yellow"
}
node {
	tm:m = [[4.0, 0.0, 0.0] [0.0, 4.0, 0.0] [0.0, 0.0, 4.0] [-810.9287, -0.0057495, 119.43468]]
	name:t = ">airfield_flight_light_yellow"
}
node {
	tm:m = [[4.0, 0.0, 0.0] [0.0, 4.0, 0.0] [0.0, 0.0, 4.0] [-810.9287, -0.0057495, 120.941086]]
	name:t = ">airfield_flight_light_yellow"
}
node {
	tm:m = [[4.0, 0.0, 0.0] [0.0, 4.0, 0.0] [0.0, 0.0, 4.0] [-810.9287, -0.0057495, 122.447495]]
	name:t = ">airfield_flight_light_yellow"
}
node {
	tm:m = [[4.0, 0.0, 0.0] [0.0, 4.0, 0.0] [0.0, 0.0, 4.0] [-810.9287, -0.0057495, 137.5174]]
	name:t = ">airfield_flight_light_yellow"
}
node {
	tm:m = [[4.0, 0.0, 0.0] [0.0, 4.0, 0.0] [0.0, 0.0, 4.0] [-810.9287, -0.0057495, 139.0238]]
	name:t = ">airfield_flight_light_yellow"
}
node {
	tm:m = [[4.0, 0.0, 0.0] [0.0, 4.0, 0.0] [0.0, 0.0, 4.0] [-810.9287, -0.0057495, 140.53018]]
	name:t = ">airfield_flight_light_yellow"
}
node {
	tm:m = [[4.0, 0.0, 0.0] [0.0, 4.0, 0.0] [0.0, 0.0, 4.0] [-810.9287, -0.0057495, 142.03659]]
	name:t = ">airfield_flight_light_yellow"
}
node {
	tm:m = [[4.0, 0.0, 0.0] [0.0, 4.0, 0.0] [0.0, 0.0, 4.0] [-810.9287, -0.0057495, 143.54367]]
	name:t = ">airfield_flight_light_yellow"
}
node {
	tm:m = [[4.0, 0.0, 0.0] [0.0, 4.0, 0.0] [0.0, 0.0, 4.0] [-810.9287, -0.0057495, 145.05008]]
	name:t = ">airfield_flight_light_yellow"
}
node {
	tm:m = [[4.0, 0.0, 0.0] [0.0, 4.0, 0.0] [0.0, 0.0, 4.0] [-810.9287, -0.0057495, 146.55649]]
	name:t = ">airfield_flight_light_yellow"
}
node {
	tm:m = [[4.0, 0.0, 0.0] [0.0, 4.0, 0.0] [0.0, 0.0, 4.0] [-810.9287, -0.0057495, 148.06287]]
	name:t = ">airfield_flight_light_yellow"
}
node {
	tm:m = [[4.0, 0.0, 0.0] [0.0, 4.0, 0.0] [0.0, 0.0, 4.0] [-835.0325, -0.0057495, 127.724434]]
	name:t = ">airfield_flight_light_yellow"
}
node {
	tm:m = [[4.0, 0.0, 0.0] [0.0, 4.0, 0.0] [0.0, 0.0, 4.0] [-835.0325, -0.0057495, 129.2308]]
	name:t = ">airfield_flight_light_yellow"
}
node {
	tm:m = [[4.0, 0.0, 0.0] [0.0, 4.0, 0.0] [0.0, 0.0, 4.0] [-835.0325, -0.0057495, 130.73721]]
	name:t = ">airfield_flight_light_yellow"
}
node {
	tm:m = [[4.0, 0.0, 0.0] [0.0, 4.0, 0.0] [0.0, 0.0, 4.0] [-835.0325, -0.0057495, 132.24362]]
	name:t = ">airfield_flight_light_yellow"
}
node {
	tm:m = [[4.0, 0.0, 0.0] [0.0, 4.0, 0.0] [0.0, 0.0, 4.0] [-829.00684, -0.0057495, 127.724434]]
	name:t = ">airfield_flight_light_yellow"
}
node {
	tm:m = [[4.0, 0.0, 0.0] [0.0, 4.0, 0.0] [0.0, 0.0, 4.0] [-829.00684, -0.0057495, 129.2308]]
	name:t = ">airfield_flight_light_yellow"
}
node {
	tm:m = [[4.0, 0.0, 0.0] [0.0, 4.0, 0.0] [0.0, 0.0, 4.0] [-829.00684, -0.0057495, 130.73721]]
	name:t = ">airfield_flight_light_yellow"
}
node {
	tm:m = [[4.0, 0.0, 0.0] [0.0, 4.0, 0.0] [0.0, 0.0, 4.0] [-829.00684, -0.0057495, 132.24362]]
	name:t = ">airfield_flight_light_yellow"
}
node {
	tm:m = [[4.0, 0.0, 0.0] [0.0, 4.0, 0.0] [0.0, 0.0, 4.0] [-822.9812, -0.0057495, 127.724434]]
	name:t = ">airfield_flight_light_yellow"
}
node {
	tm:m = [[4.0, 0.0, 0.0] [0.0, 4.0, 0.0] [0.0, 0.0, 4.0] [-822.9812, -0.0057495, 129.2308]]
	name:t = ">airfield_flight_light_yellow"
}
node {
	tm:m = [[4.0, 0.0, 0.0] [0.0, 4.0, 0.0] [0.0, 0.0, 4.0] [-822.9812, -0.0057495, 130.73721]]
	name:t = ">airfield_flight_light_yellow"
}
node {
	tm:m = [[4.0, 0.0, 0.0] [0.0, 4.0, 0.0] [0.0, 0.0, 4.0] [-822.9812, -0.0057495, 132.24362]]
	name:t = ">airfield_flight_light_yellow"
}
node {
	tm:m = [[4.0, 0.0, 0.0] [0.0, 4.0, 0.0] [0.0, 0.0, 4.0] [-816.95557, -0.0057495, 127.724434]]
	name:t = ">airfield_flight_light_yellow"
}
node {
	tm:m = [[4.0, 0.0, 0.0] [0.0, 4.0, 0.0] [0.0, 0.0, 4.0] [-816.95557, -0.0057495, 129.2308]]
	name:t = ">airfield_flight_light_yellow"
}
node {
	tm:m = [[4.0, 0.0, 0.0] [0.0, 4.0, 0.0] [0.0, 0.0, 4.0] [-816.95557, -0.0057495, 130.73721]]
	name:t = ">airfield_flight_light_yellow"
}
node {
	tm:m = [[4.0, 0.0, 0.0] [0.0, 4.0, 0.0] [0.0, 0.0, 4.0] [-816.95557, -0.0057495, 132.24362]]
	name:t = ">airfield_flight_light_yellow"
}
node {
	tm:m = [[4.0, 0.0, 0.0] [0.0, 4.0, 0.0] [0.0, 0.0, 4.0] [-810.92993, -0.0057495, 127.724434]]
	name:t = ">airfield_flight_light_yellow"
}
node {
	tm:m = [[4.0, 0.0, 0.0] [0.0, 4.0, 0.0] [0.0, 0.0, 4.0] [-810.92993, -0.0057495, 129.2308]]
	name:t = ">airfield_flight_light_yellow"
}
node {
	tm:m = [[4.0, 0.0, 0.0] [0.0, 4.0, 0.0] [0.0, 0.0, 4.0] [-810.92993, -0.0057495, 130.73721]]
	name:t = ">airfield_flight_light_yellow"
}
node {
	tm:m = [[4.0, 0.0, 0.0] [0.0, 4.0, 0.0] [0.0, 0.0, 4.0] [-810.92993, -0.0057495, 132.24362]]
	name:t = ">airfield_flight_light_yellow"
}
node {
	tm:m = [[4.0, 0.0, 0.0] [0.0, 4.0, 0.0] [0.0, 0.0, 4.0] [-804.9043, -0.0057495, 127.724434]]
	name:t = ">airfield_flight_light_yellow"
}
node {
	tm:m = [[4.0, 0.0, 0.0] [0.0, 4.0, 0.0] [0.0, 0.0, 4.0] [-804.9043, -0.0057495, 129.2308]]
	name:t = ">airfield_flight_light_yellow"
}
node {
	tm:m = [[4.0, 0.0, 0.0] [0.0, 4.0, 0.0] [0.0, 0.0, 4.0] [-804.9043, -0.0057495, 130.73721]]
	name:t = ">airfield_flight_light_yellow"
}
node {
	tm:m = [[4.0, 0.0, 0.0] [0.0, 4.0, 0.0] [0.0, 0.0, 4.0] [-804.9043, -0.0057495, 132.24362]]
	name:t = ">airfield_flight_light_yellow"
}
node {
	tm:m = [[4.0, 0.0, 0.0] [0.0, 4.0, 0.0] [0.0, 0.0, 4.0] [-798.87866, -0.0057495, 127.724434]]
	name:t = ">airfield_flight_light_yellow"
}
node {
	tm:m = [[4.0, 0.0, 0.0] [0.0, 4.0, 0.0] [0.0, 0.0, 4.0] [-798.87866, -0.0057495, 129.2308]]
	name:t = ">airfield_flight_light_yellow"
}
node {
	tm:m = [[4.0, 0.0, 0.0] [0.0, 4.0, 0.0] [0.0, 0.0, 4.0] [-798.87866, -0.0057495, 130.73721]]
	name:t = ">airfield_flight_light_yellow"
}
node {
	tm:m = [[4.0, 0.0, 0.0] [0.0, 4.0, 0.0] [0.0, 0.0, 4.0] [-798.87866, -0.0057495, 132.24362]]
	name:t = ">airfield_flight_light_yellow"
}
node {
	tm:m = [[4.0, 0.0, 0.0] [0.0, 4.0, 0.0] [0.0, 0.0, 4.0] [-792.85315, -0.0057495, 127.724434]]
	name:t = ">airfield_flight_light_yellow"
}
node {
	tm:m = [[4.0, 0.0, 0.0] [0.0, 4.0, 0.0] [0.0, 0.0, 4.0] [-792.85315, -0.0057495, 129.2308]]
	name:t = ">airfield_flight_light_yellow"
}
node {
	tm:m = [[4.0, 0.0, 0.0] [0.0, 4.0, 0.0] [0.0, 0.0, 4.0] [-792.85315, -0.0057495, 130.73721]]
	name:t = ">airfield_flight_light_yellow"
}
node {
	tm:m = [[4.0, 0.0, 0.0] [0.0, 4.0, 0.0] [0.0, 0.0, 4.0] [-792.85315, -0.0057495, 132.24362]]
	name:t = ">airfield_flight_light_yellow"
}
node {
	tm:m = [[4.0, 0.0, 0.0] [0.0, 4.0, 0.0] [0.0, 0.0, 4.0] [-786.8275, -0.0057495, 127.724434]]
	name:t = ">airfield_flight_light_yellow"
}
node {
	tm:m = [[4.0, 0.0, 0.0] [0.0, 4.0, 0.0] [0.0, 0.0, 4.0] [-786.8275, -0.0057495, 129.2308]]
	name:t = ">airfield_flight_light_yellow"
}
node {
	tm:m = [[4.0, 0.0, 0.0] [0.0, 4.0, 0.0] [0.0, 0.0, 4.0] [-786.8275, -0.0057495, 130.73721]]
	name:t = ">airfield_flight_light_yellow"
}
node {
	tm:m = [[4.0, 0.0, 0.0] [0.0, 4.0, 0.0] [0.0, 0.0, 4.0] [-786.8275, -0.0057495, 132.24362]]
	name:t = ">airfield_flight_light_yellow"
}
node {
	tm:m = [[4.0, 0.0, 0.0] [0.0, 4.0, 0.0] [0.0, 0.0, 4.0] [-780.8019, -0.0057495, 127.724434]]
	name:t = ">airfield_flight_light_yellow"
}
node {
	tm:m = [[4.0, 0.0, 0.0] [0.0, 4.0, 0.0] [0.0, 0.0, 4.0] [-780.8019, -0.0057495, 129.2308]]
	name:t = ">airfield_flight_light_yellow"
}
node {
	tm:m = [[4.0, 0.0, 0.0] [0.0, 4.0, 0.0] [0.0, 0.0, 4.0] [-780.8019, -0.0057495, 130.73721]]
	name:t = ">airfield_flight_light_yellow"
}
node {
	tm:m = [[4.0, 0.0, 0.0] [0.0, 4.0, 0.0] [0.0, 0.0, 4.0] [-780.8019, -0.0057495, 132.24362]]
	name:t = ">airfield_flight_light_yellow"
}
node {
	tm:m = [[4.0, 0.0, 0.0] [0.0, 4.0, 0.0] [0.0, 0.0, 4.0] [-774.77625, -0.0057495, 127.724434]]
	name:t = ">airfield_flight_light_yellow"
}
node {
	tm:m = [[4.0, 0.0, 0.0] [0.0, 4.0, 0.0] [0.0, 0.0, 4.0] [-774.77625, -0.0057495, 129.2308]]
	name:t = ">airfield_flight_light_yellow"
}
node {
	tm:m = [[4.0, 0.0, 0.0] [0.0, 4.0, 0.0] [0.0, 0.0, 4.0] [-774.77625, -0.0057495, 130.73721]]
	name:t = ">airfield_flight_light_yellow"
}
node {
	tm:m = [[4.0, 0.0, 0.0] [0.0, 4.0, 0.0] [0.0, 0.0, 4.0] [-774.77625, -0.0057495, 132.24362]]
	name:t = ">airfield_flight_light_yellow"
}
node {
	tm:m = [[4.0, 0.0, 0.0] [0.0, 4.0, 0.0] [0.0, 0.0, 4.0] [-768.75073, -0.0057495, 127.724434]]
	name:t = ">airfield_flight_light_yellow"
}
node {
	tm:m = [[4.0, 0.0, 0.0] [0.0, 4.0, 0.0] [0.0, 0.0, 4.0] [-768.75073, -0.0057495, 129.2308]]
	name:t = ">airfield_flight_light_yellow"
}
node {
	tm:m = [[4.0, 0.0, 0.0] [0.0, 4.0, 0.0] [0.0, 0.0, 4.0] [-768.75073, -0.0057495, 130.73721]]
	name:t = ">airfield_flight_light_yellow"
}
node {
	tm:m = [[4.0, 0.0, 0.0] [0.0, 4.0, 0.0] [0.0, 0.0, 4.0] [-768.75073, -0.0057495, 132.24362]]
	name:t = ">airfield_flight_light_yellow"
}
node {
	tm:m = [[4.0, 0.0, 0.0] [0.0, 4.0, 0.0] [0.0, 0.0, 4.0] [-762.7251, -0.0057495, 127.724434]]
	name:t = ">airfield_flight_light_yellow"
}
node {
	tm:m = [[4.0, 0.0, 0.0] [0.0, 4.0, 0.0] [0.0, 0.0, 4.0] [-762.7251, -0.0057495, 129.2308]]
	name:t = ">airfield_flight_light_yellow"
}
node {
	tm:m = [[4.0, 0.0, 0.0] [0.0, 4.0, 0.0] [0.0, 0.0, 4.0] [-762.7251, -0.0057495, 130.73721]]
	name:t = ">airfield_flight_light_yellow"
}
node {
	tm:m = [[4.0, 0.0, 0.0] [0.0, 4.0, 0.0] [0.0, 0.0, 4.0] [-762.7251, -0.0057495, 132.24362]]
	name:t = ">airfield_flight_light_yellow"
}
node {
	tm:m = [[4.0, 0.0, 0.0] [0.0, 4.0, 0.0] [0.0, 0.0, 4.0] [-756.69946, -0.0057495, 127.724434]]
	name:t = ">airfield_flight_light_yellow"
}
node {
	tm:m = [[4.0, 0.0, 0.0] [0.0, 4.0, 0.0] [0.0, 0.0, 4.0] [-756.69946, -0.0057495, 129.2308]]
	name:t = ">airfield_flight_light_yellow"
}
node {
	tm:m = [[4.0, 0.0, 0.0] [0.0, 4.0, 0.0] [0.0, 0.0, 4.0] [-756.69946, -0.0057495, 130.73721]]
	name:t = ">airfield_flight_light_yellow"
}
node {
	tm:m = [[4.0, 0.0, 0.0] [0.0, 4.0, 0.0] [0.0, 0.0, 4.0] [-756.69946, -0.0057495, 132.24362]]
	name:t = ">airfield_flight_light_yellow"
}
node {
	tm:m = [[4.0, 0.0, 0.0] [0.0, 4.0, 0.0] [0.0, 0.0, 4.0] [-739.78375, -0.0057495, 89.82115]]
	name:t = ">airfield_flight_light_yellow"
}
node {
	tm:m = [[4.0, 0.0, 0.0] [0.0, 4.0, 0.0] [0.0, 0.0, 4.0] [-739.78375, -0.0057495, 167.56757]]
	name:t = ">airfield_flight_light_yellow"
}
node {
	tm:m = [[4.0, 0.0, 0.0] [0.0, 4.0, 0.0] [0.0, 0.0, 4.0] [-689.78375, -0.0057495, 89.82115]]
	name:t = ">airfield_flight_light_yellow"
}
node {
