[
  {
    "className": "composit"
  },
  {
    "size": [1400.0,340.0]
  },
  {
    "airfield": [
      {
        "start": [575.0,0.0,0.0]
      },
      {
        "end": [575.0,0.0,0.0]
      },
      {
        "width": 100.0
      },
      {
        "spawn": [520.0,0.0,39.5]
      },
      {
        "spawn": [520.0,0.0,19.5]
      },
      {
        "spawn": [520.0,0.0,-0.5]
      },
      {
        "spawn": [520.0,0.0,-20.5]
      },
      {
        "spawn": [520.0,0.0,-40.5]
      },
      {
        "spawn": [500.0,0.0,39.5]
      },
      {
        "spawn": [500.0,0.0,19.5]
      },
      {
        "spawn": [500.0,0.0,-0.5]
      },
      {
        "spawn": [500.0,0.0,-20.5]
      },
      {
        "spawn": [500.0,0.0,-40.5]
      },
      {
        "spawn": [480.0,0.0,39.5]
      },
      {
        "spawn": [480.0,0.0,19.5]
      },
      {
        "spawn": [480.0,0.0,-0.5]
      },
      {
        "spawn": [480.0,0.0,-20.5]
      },
      {
        "spawn": [480.0,0.0,-40.5]
      },
      {
        "spawn": [460.0,0.0,19.5]
      },
      {
        "spawn": [460.0,0.0,-0.5]
      },
      {
        "spawn": [460.0,0.0,-20.5]
      },
      {
        "repairTags": {
          "type_attack_helicopter": false,
          "type_utility_helicopter": false
        }
      }
    ]
  },
  {
    "storage": {
      "start": [-370.0,0.0,90.0],
      "end": [-580.0,0.0,90.0],
      "width": 100.0
    }
  },
  {
    "parking": {
      "start": [-92.0,0.0,75.0],
      "end": [-292.0,0.0,-75.0],
      "width": 80.0
    }
  },
  {
    "dwelling": {
      "start": [400.0,0.0,90.0],
      "end": [150.0,0.0,90.0],
      "width": 200.0
    }
  },
  {
    "node": {
      "name": "^^dynaf_arctic_c_mesh",
      "tm": [
        [1.0,0.0,0.0],
        [0.0,1.0,0.0],
        [0.0,0.0,1.0],
        [0.0,0.0,0.0]
      ]
    }
  },
  {
    "node": {
      "name": "bulge_tech_building_2_rendinst",
      "tm": [
        [1.0,0.0,0.0],
        [0.0,1.0,0.0],
        [0.0,0.0,1.0],
        [-515.481,0.01,118.376]
      ]
    }
  },
  {
    "node": {
      "name": "bulge_control_tower_1_rendinst",
      "tm": [
        [1.0,0.0,0.0],
        [0.0,1.0,0.0],
        [0.0,0.0,1.0],
        [-360.583,0.01,133.938]
      ]
    }
  },
  {
    "node": {
      "name": "modern_intermodal_container_a",
      "tm": [
        [0.826525,0.0,-0.5629],
        [0.0,1.0,0.0],
        [0.5629,0.0,0.826525],
        [-349.594,0.01,136.027]
      ]
    }
  },
  {
    "node": {
      "name": "modern_intermodal_container_a",
      "tm": [
        [0.984793,0.0,-0.173731],
        [0.0,1.0,0.0],
        [0.173731,0.0,0.984793],
        [-349.165,0.01,86.2079]
      ]
    }
  },
  {
    "node": {
      "name": "modern_intermodal_container_a",
      "tm": [
        [1.0,0.0,0.000447243],
        [0.0,1.0,0.0],
        [-0.000447243,0.0,1.0],
        [-352.855,0.01,79.8176]
      ]
    }
  },
  {
    "node": {
      "name": "modern_intermodal_container_a",
      "tm": [
        [-0.994426,0.0,-0.10543],
        [0.0,1.0,0.0],
        [0.10543,0.0,-0.994426],
        [-350.556,0.01,123.678]
      ]
    }
  },
  {
    "node": {
      "name": "modern_intermodal_container_a",
      "tm": [
        [-0.997591,0.0,0.0693825],
        [0.0,1.0,0.0],
        [-0.0693825,0.0,-0.997591],
        [-352.189,0.01,115.012]
      ]
    }
  },
  {
    "node": {
      "name": "modern_intermodal_container_a",
      "tm": [
        [-0.927135,0.0,0.374728],
        [0.0,1.0,0.0],
        [-0.374728,0.0,-0.927135],
        [-354.51,0.01,120.194]
      ]
    }
  },
  {
    "node": {
      "name": "modern_intermodal_container_a",
      "tm": [
        [-0.999194,0.0,0.0401282],
        [0.0,1.0,0.0],
        [-0.0401282,0.0,-0.999194],
        [-352.847,0.01,86.884]
      ]
    }
  },
  {
    "node": {
      "name": "modern_intermodal_container_a",
      "tm": [
        [0.77356,0.0,0.633724],
        [0.0,1.0,0.0],
        [-0.633724,0.0,0.77356],
        [-355.894,0.01,103.086]
      ]
    }
  },
  {
    "node": {
      "name": "modern_intermodal_container_a",
      "tm": [
        [-0.350792,0.0,0.936454],
        [0.0,1.0,0.0],
        [-0.936454,0.0,-0.350792],
        [-358.163,0.01,113.254]
      ]
    }
  },
  {
    "node": {
      "name": "universal_airfield_tent_m_snow",
      "tm": [
        [0.988792,0.0,0.149295],
        [0.0,1.0,0.0],
        [-0.149295,0.0,0.988792],
        [-455.138,0.01,118.768]
      ]
    }
  },
  {
    "node": {
      "name": "universal_airfield_tent_m_snow",
      "tm": [
        [0.819152,0.0,0.573576],
        [0.0,1.0,0.0],
        [-0.573576,0.0,0.819152],
        [-476.493,0.01,117.701]
      ]
    }
  },
  {
    "node": {
      "name": "bulge_tech_building_2_rendinst",
      "tm": [
        [1.0,0.0,0.0],
        [0.0,1.0,0.0],
        [0.0,0.0,1.0],
        [-560.795,0.01,118.376]
      ]
    }
  },
  {
    "node": {
      "name": "universal_airfield_sandbags_a_snow",
      "tm": [
        [4.56956e-08,0.0,-1.0],
        [0.0,1.0,0.0],
        [1.0,0.0,4.56956e-08],
        [-546.302,0.01,114.342]
      ]
    }
  },
  {
    "node": {
      "name": "universal_airfield_sandbags_a_snow",
      "tm": [
        [4.56956e-08,0.0,-1.0],
        [0.0,1.0,0.0],
        [1.0,0.0,4.56956e-08],
        [-542.801,0.01,114.342]
      ]
    }
  },
  {
    "node": {
      "name": "universal_airfield_tent_m_snow",
      "tm": [
        [0.999923,0.0,0.012349],
        [0.0,1.0,0.0],
        [-0.012349,0.0,0.999923],
        [-424.473,0.01,119.783]
      ]
    }
  },
  {
    "node": {
      "name": "barrels_winter_rendinst",
      "tm": [
        [1.0,0.0,0.0],
        [0.0,1.0,0.0],
        [0.0,0.0,1.0],
        [-440.376,0.01,122.519]
      ]
    }
  },
  {
    "node": {
      "name": "universal_airfield_tent_i_snow",
      "tm": [
        [0.723526,0.0,-0.690297],
        [0.0,1.0,0.0],
        [0.690297,0.0,0.723526],
        [30.711,0.01,119.013]
      ],
      "place_type": 1
    }
  },
  {
    "node": {
      "name": "bulge_tech_building_1_rendinst",
      "tm": [
        [1.0,0.0,-4.65661e-10],
        [0.0,1.0,0.0],
        [4.65661e-10,0.0,1.0],
        [-20.8004,0.01,135.95]
      ]
    }
  },
  {
    "node": {
      "name": "bulge_tech_building_2_rendinst",
      "tm": [
        [-4.3714e-08,0.0,1.0],
        [0.0,1.0,0.0],
        [-1.0,0.0,-4.3714e-08],
        [16.2097,0.01,128.481]
      ]
    }
  },
  {
    "node": {
      "name": "bulge_hangar_2_rendinst",
      "tm": [
        [1.30385e-08,0.0,-1.0],
        [0.0,1.0,0.0],
        [1.0,0.0,1.30385e-08],
        [164.992,0.01,104.763]
      ]
    }
  },
  {
    "node": {
      "name": "bulge_hangar_2_rendinst",
      "tm": [
        [-1.0,0.0,3.1665e-08],
        [0.0,1.0,0.0],
        [-3.1665e-08,0.0,-1.0],
        [184.794,0.01,125.799]
      ]
    }
  },
  {
    "node": {
      "name": "modern_intermodal_container_a",
      "tm": [
        [0.0957942,0.0,0.995401],
        [0.0,1.0,0.0],
        [-0.995401,0.0,0.0957942],
        [210.252,0.01,130.015]
      ]
    }
  },
  {
    "node": {
      "name": "modern_intermodal_container_a",
      "tm": [
        [0.0957942,0.0,0.995401],
        [0.0,1.0,0.0],
        [-0.995401,0.0,0.0957942],
        [209.572,0.01,126.364]
      ]
    }
  },
  {
    "node": {
      "name": "modern_intermodal_container_a",
      "tm": [
        [0.174432,0.0,-0.984669],
        [0.0,1.0,0.0],
        [0.984669,0.0,0.174432],
        [223.543,0.01,132.082]
      ]
    }
  },
  {
    "node": {
      "name": "modern_intermodal_container_a",
      "tm": [
        [0.0375714,0.0,-0.999294],
        [0.0,1.0,0.0],
        [0.999294,0.0,0.0375714],
        [154.565,0.01,124.996]
      ]
    }
  },
  {
    "node": {
      "name": "modern_intermodal_container_a",
      "tm": [
        [-0.0403211,0.0,-0.999187],
        [0.0,1.0,0.0],
        [0.999187,0.0,-0.0403211],
        [154.415,0.01,121.246]
      ]
    }
  },
  {
    "node": {
      "name": "modern_intermodal_container_a",
      "tm": [
        [0.0375714,0.0,-0.999294],
        [0.0,1.0,0.0],
        [0.999294,0.0,0.0375714],
        [155.209,0.01,117.867]
      ]
    }
  },
  {
    "node": {
      "name": "modern_intermodal_container_a",
      "tm": [
        [0.0375714,0.0,-0.999294],
        [0.0,1.0,0.0],
        [0.999294,0.0,0.0375714],
        [152.815,0.01,114.746]
      ]
    }
  },
  {
    "node": {
      "name": "modern_intermodal_container_a",
      "tm": [
        [-0.192176,0.0,-0.98136],
        [0.0,1.0,0.0],
        [0.98136,0.0,-0.192176],
        [159.355,0.01,128.896]
      ]
    }
  },
  {
    "node": {
      "name": "barrels_winter_rendinst",
      "tm": [
        [-1.0,0.0,3.1665e-08],
        [0.0,1.0,0.0],
        [-3.1665e-08,0.0,-1.0],
        [155.162,0.01,102.085]
      ]
    }
  },
  {
    "node": {
      "name": "modern_intermodal_container_a",
      "tm": [
        [-0.985409,0.0,0.170206],
        [0.0,1.0,0.0],
        [-0.170206,0.0,-0.985409],
        [-38.2894,0.01,137.498]
      ]
    }
  },
  {
    "node": {
      "name": "modern_intermodal_container_a",
      "tm": [
        [-0.999194,0.0,0.0401282],
        [0.0,1.0,0.0],
        [-0.0401282,0.0,-0.999194],
        [-42.5734,0.01,136.518]
      ]
    }
  },
  {
    "node": {
      "name": "modern_intermodal_container_a",
      "tm": [
        [-0.999194,0.0,0.0401282],
        [0.0,1.0,0.0],
        [-0.0401282,0.0,-0.999194],
        [-45.2504,0.01,136.633]
      ]
    }
  },
  {
    "node": {
      "name": "modern_intermodal_container_a",
      "tm": [
        [-0.999194,0.0,0.0401282],
        [0.0,1.0,0.0],
        [-0.0401282,0.0,-0.999194],
        [-48.3324,0.01,135.917]
      ]
    }
  },
  {
    "node": {
      "name": "modern_intermodal_container_a",
      "tm": [
        [0.0906356,0.0,-0.995884],
        [0.0,1.0,0.0],
        [0.995884,0.0,0.0906356],
        [-41.4494,0.01,131.191]
      ]
    }
  },
  {
    "node": {
      "name": "universal_airfield_tent_m_snow",
      "tm": [
        [1.0,0.0,-2.98023e-08],
        [0.0,1.0,0.0],
        [2.98023e-08,0.0,1.0],
        [120.705,0.01,129.885]
      ]
    }
  },
  {
    "node": {
      "name": "universal_airfield_tent_m_snow",
      "tm": [
        [-0.696829,0.0,-0.717237],
        [0.0,1.0,0.0],
        [0.717237,0.0,-0.696829],
        [97.5418,0.01,118.957]
      ]
    }
  },
  {
    "node": {
      "name": "universal_airfield_barrels_group_a_snow",
      "tm": [
        [0.906308,0.0,0.422618],
        [0.0,1.0,0.0],
        [-0.422618,0.0,0.906308],
        [-9.19028,0.01,121.581]
      ]
    }
  },
  {
    "node": {
      "name": "bulge_tech_building_2_rendinst",
      "tm": [
        [-4.3714e-08,0.0,1.0],
        [0.0,1.0,0.0],
        [-1.0,0.0,-4.3714e-08],
        [0.0597191,0.01,128.481]
      ]
    }
  },
  {
    "node": {
      "name": "universal_airfield_tent_i_snow",
      "tm": [
        [0.990963,0.0,-0.134134],
        [0.0,1.0,0.0],
        [0.134134,0.0,0.990963],
        [46.3611,0.01,128.363]
      ],
      "place_type": 1
    }
  },
  {
    "node": {
      "name": "universal_airfield_tent_i_snow",
      "tm": [
        [0.861485,0.0,-0.507782],
        [0.0,1.0,0.0],
        [0.507782,0.0,0.861485],
        [37.5051,0.01,136.146]
      ],
      "place_type": 1
    }
  },
  {
    "node": {
      "name": "universal_airfield_tent_i_snow",
      "tm": [
        [0.996848,0.0,0.0793344],
        [0.0,1.0,0.0],
        [-0.0793344,0.0,0.996848],
        [32.711,0.01,127.713]
      ],
      "place_type": 1
    }
  },
  {
    "node": {
      "name": "barrels_winter_rendinst",
      "tm": [
        [1.49012e-08,0.0,-1.0],
        [0.0,1.0,0.0],
        [1.0,0.0,1.49012e-08],
        [197.568,0.01,125.69]
      ]
    }
  },
  {
    "node": {
      "name": "modern_intermodal_container_a",
      "tm": [
        [0.638695,0.0,0.769459],
        [0.0,1.0,0.0],
        [-0.769459,0.0,0.638695],
        [217.787,0.01,128.681]
      ]
    }
  },
  {
    "node": {
      "name": "universal_airfield_tent_i_snow",
      "tm": [
        [0.97934,0.0,-0.20222],
        [0.0,1.0,0.0],
        [0.20222,0.0,0.97934],
        [108.544,0.01,112.007]
      ],
      "place_type": 1
    }
  },
  {
    "node": {
      "name": "modern_intermodal_container_a",
      "tm": [
        [0.174432,0.0,-0.984669],
        [0.0,1.0,0.0],
        [0.984669,0.0,0.174432],
        [225.742,0.01,129.103]
      ]
    }
  },
  {
    "node": {
      "name": "universal_airfield_tent_m_snow",
      "tm": [
        [0.510749,0.0,0.85973],
        [0.0,1.0,0.0],
        [-0.85973,0.0,0.510749],
        [546.126,0.01,124.533]
      ]
    }
  },
  {
    "node": {
      "name": "barrels_winter_rendinst",
      "tm": [
        [1.0,0.0,0.0],
        [0.0,1.0,0.0],
        [0.0,0.0,1.0],
        [572.934,0.01,154.648]
      ]
    }
  },
  {
    "node": {
      "name": "modern_intermodal_container_a",
      "tm": [
        [-0.0122285,0.0,0.999925],
        [0.0,1.0,0.0],
        [-0.999925,0.0,-0.0122285],
        [580.862,0.01,145.219]
      ]
    }
  },
  {
    "node": {
      "name": "modern_intermodal_container_a",
      "tm": [
        [-0.0122285,0.0,0.999925],
        [0.0,1.0,0.0],
        [-0.999925,0.0,-0.0122285],
        [580.901,0.01,141.978]
      ]
    }
  },
  {
    "node": {
      "name": "modern_intermodal_container_a",
      "tm": [
        [-0.0122285,0.0,0.999925],
        [0.0,1.0,0.0],
        [-0.999925,0.0,-0.0122285],
        [581.813,0.01,137.761]
      ]
    }
  },
  {
    "node": {
      "name": "modern_intermodal_container_a",
      "tm": [
        [0.204485,0.0,0.97887],
        [0.0,1.0,0.0],
        [-0.97887,0.0,0.204485],
        [583.725,0.01,131.978]
      ]
    }
  },
  {
    "node": {
      "name": "modern_intermodal_container_a",
      "tm": [
        [-0.0122285,0.0,0.999925],
        [0.0,1.0,0.0],
        [-0.999925,0.0,-0.0122285],
        [582.068,0.01,128.412]
      ]
    }
  },
  {
    "node": {
      "name": "modern_intermodal_container_a",
      "tm": [
        [-0.0122285,0.0,0.999925],
        [0.0,1.0,0.0],
        [-0.999925,0.0,-0.0122285],
        [582.291,0.01,124.876]
      ]
    }
  },
  {
    "node": {
      "name": "modern_intermodal_container_a",
      "tm": [
        [-0.0628899,0.0,-0.99802],
        [0.0,1.0,0.0],
        [0.99802,0.0,-0.0628899],
        [543.465,0.01,146.671]
      ]
    }
  },
  {
    "node": {
      "name": "modern_intermodal_container_a",
      "tm": [
        [-0.0628899,0.0,-0.99802],
        [0.0,1.0,0.0],
        [0.99802,0.0,-0.0628899],
        [534.962,0.01,147.347]
      ]
    }
  },
  {
    "node": {
      "name": "modern_intermodal_container_a",
      "tm": [
        [-0.295085,0.0,-0.955471],
        [0.0,1.0,0.0],
        [0.955471,0.0,-0.295085],
        [527.109,0.01,146.278]
      ]
    }
  },
  {
    "node": {
      "name": "modern_intermodal_container_a",
      "tm": [
        [0.999925,0.0,0.0122286],
        [0.0,1.0,0.0],
        [-0.0122286,0.0,0.999925],
        [589.48,0.01,134.797]
      ]
    }
  },
  {
    "node": {
      "name": "modern_intermodal_container_a",
      "tm": [
        [-0.0628899,0.0,-0.99802],
        [0.0,1.0,0.0],
        [0.99802,0.0,-0.0628899],
        [535.902,0.01,144.372]
      ]
    }
  },
  {
    "node": {
      "name": "modern_intermodal_container_a",
      "tm": [
        [-1.0,0.0,-8.29485e-08],
        [0.0,1.0,0.0],
        [8.29485e-08,0.0,-1.0],
        [588.973,0.01,142.878]
      ]
    }
  },
  {
    "node": {
      "name": "modern_intermodal_container_a",
      "tm": [
        [-0.915496,0.0,0.402328],
        [0.0,1.0,0.0],
        [-0.402328,0.0,-0.915496],
        [597.173,0.01,149.228]
      ]
    }
  },
  {
    "node": {
      "name": "modern_intermodal_container_a",
      "tm": [
        [-0.83286,0.0,0.553484],
        [0.0,1.0,0.0],
        [-0.553484,0.0,-0.83286],
        [594.523,0.01,152.228]
      ]
    }
  },
  {
    "node": {
      "name": "modern_intermodal_container_a",
      "tm": [
        [0.0661991,0.0,-0.997806],
        [0.0,1.0,0.0],
        [0.997806,0.0,0.0661991],
        [599.423,0.01,137.228]
      ]
    }
  },
  {
    "node": {
      "name": "modern_intermodal_container_a",
      "tm": [
        [-0.110576,0.0,-0.993868],
        [0.0,1.0,0.0],
        [0.993868,0.0,-0.110576],
        [602.273,0.01,140.778]
      ]
    }
  },
  {
    "node": {
      "name": "bulge_control_tower_1_rendinst",
      "tm": [
        [1.0,0.0,0.0],
        [0.0,1.0,0.0],
        [0.0,0.0,1.0],
        [566.774,0.01,135.814]
      ]
    }
  }
]