className:t = "composit"
size:p2 = 1500, 256
airfield {
	start:p3 = 515, 0, 43
	end:p3 = -905, 0, 43
	width:r = 120
	spawn:p3 = 317, 0, 36
	spawn:p3 = 330, 0, 61
	spawn:p3 = 341, 0, 36
	spawn:p3 = 353, 0, 61
	spawn:p3 = 364, 0, 36
	spawn:p3 = 377, 0, 61
	spawn:p3 = 388, 0, 36
	spawn:p3 = 400, 0, 61
	spawn:p3 = 413, 0, 36
	spawn:p3 = 426, 0, 61
	spawn:p3 = 439, 0, 36
	spawn:p3 = 452, 0, 61
	spawn:p3 = 465, 0, 36
	spawn:p3 = 478, 0, 61
	spawn:p3 = 491, 0, 36
	spawn:p3 = 504, 0, 61
	repairTags {
		type_attack_helicopter:b = false
		type_utility_helicopter:b = false
	}
}
node {
	name:t = "^^dynaf_stalingrad_grd2_ally_mesh"
	tm:m = [[1.0, 0.0, 0.0] [0.0, 1.0, 0.0] [0.0, 0.0, 1.0] [0.0, 0.0, 0.0]]
}
node {
	name:t = "++NoTreesBox000"
	tm:m = [[1000.0, 0.0, 0.0] [0.0, 15.0, 0.0] [0.0, 0.0, 80.0] [-200.0, 0.0, 120.0]]
}
node {
	name:t = "++NoTreesBox001"
	tm:m = [[882.834, 0.0, 0.0] [0.0, 94.1334, 0.0] [0.0, 0.0, 29.3132] [-189.429, 3.52251, 72.3757]]
}
node {
	name:t = "++NoTreesBox002"
	tm:m = [[635.46, 0.0, 0.0] [0.0, 90.7289, 0.0] [0.0, 0.0, 29.3132] [-196.35, 65.5933, -173.767]]
}
node {
	name:t = "++NoTreesBox003"
	tm:m = [[407.458, 0.0, 0.0] [0.0, 90.7289, 0.0] [0.0, 0.0, 29.3132] [-155.949, 65.5933, 190.927]]
}
node {
	name:t = "britain_control_tower_1_rendinst"
	tm:m = [[1.94707e-7, 0.0, 1.0] [0.0, 1.0, 0.0] [-1.0, 0.0, 1.94707e-7] [-369.183, 0.0, 271.258]]
}
node {
	name:t = "britain_tent_1_rendinst"
	tm:m = [[-0.573576, 0.0, -0.819152] [0.0, 1.0, 0.0] [0.819152, 0.0, -0.573576] [-631.898, 0.0, 232.044]]
}
node {
	name:t = "britain_windvane_rendinst"
	tm:m = [[-0.709277, 0.0, -0.70493] [-7.29991e-8, 1.0, 7.34492e-8] [0.70493, 1.03555e-7, -0.709277] [-800.76, 0.0, -30.0298]]
}
node {
	name:t = "britain_big_army_tent_rendinst"
	tm:m = [[-0.116563, 0.0, 0.993183] [0.0, 1.0, 0.0] [-0.993183, 0.0, -0.116563] [-653.021, 0.0, 226.164]]
}
node {
	name:t = "britain_army_tent_rendinst"
	tm:m = [[0.422618, 0.0, -0.906308] [0.0, 1.0, 0.0] [0.906308, 0.0, 0.422618] [-670.858, 0.0, 252.023]]
}
node {
	name:t = "britain_tent_1_rendinst"
	tm:m = [[0.766044, -1.2595e-7, 0.642788] [3.93237e-7, 1.0, -2.72698e-7] [-0.642788, 4.61666e-7, 0.766044] [-670.347, 0.0, 238.4]]
}
node {
	name:t = "britain_tent_2_rendinst"
	tm:m = [[0.939693, 0.0, 0.34202] [0.0, 1.0, 0.0] [-0.34202, 0.0, 0.939693] [-655.078, 0.0, 255.45]]
}
node {
	name:t = "stalingrad_radio_camouflage_rendinst"
	tm:m = [[-0.965926, 0.0, -0.258819] [0.0, 1.0, 0.0] [0.258819, 0.0, -0.965926] [-664.652, 0.0, 206.751]]
}
node {
	name:t = "stalingrad_tent_camouflage_rendinst"
	tm:m = [[0.422618, 0.0, 0.906308] [0.0, 1.0, 0.0] [-0.906308, 0.0, 0.422618] [54.1303, 0.0094322, 227.905]]
}
node {
	name:t = "barrels_rendinst"
	tm:m = [[-0.863043, 0.0, -0.505131] [0.0, 1.0, 0.0] [0.505131, 0.0, -0.863043] [-637.671, 0.0, 207.245]]
}
node {
	name:t = "boxes_rendinst"
	tm:m = [[-0.899221, 0.0, -0.437495] [0.0, 1.0, 0.0] [0.437495, 0.0, -0.899221] [-674.164, 0.0, 218.507]]
}
node {
	name:t = "boxes_rendinst"
	tm:m = [[-0.411273, 0.0, -0.911512] [0.0, 1.0, 0.0] [0.911512, 0.0, -0.411273] [-644.567, 0.0, 216.111]]
}
node {
	name:t = "britain_trailer_rendinst"
	tm:m = [[0.998371, 0.0, 0.0570548] [0.0, 1.0, 0.0] [-0.0570548, 0.0, 0.998371] [-260.593, 0.0, -143.723]]
}
node {
	name:t = "britain_tech_building_2_rendinst"
	tm:m = [[1.0, 0.0, 0.0] [0.0, 1.0, 0.0] [0.0, 0.0, 1.0] [93.0697, 0.0, 272.313]]
}
node {
	name:t = "britain_tech_building_1_rendinst"
	tm:m = [[-4.37114e-8, 0.0, 1.0] [0.0, 1.0, 0.0] [-1.0, 0.0, -4.37114e-8] [114.812, 0.0, 249.212]]
}
node {
	name:t = "britain_shed_rendinst"
	tm:m = [[0.0871558, 0.0, 0.996195] [0.0, 1.0, 0.0] [-0.996195, 0.0, 0.0871558] [-308.801, 0.0, -155.248]]
}
node {
	name:t = "britain_hangar_1_rendinst"
	tm:m = [[0.642788, 0.0, 0.766044] [0.0, 1.0, 0.0] [-0.766044, 0.0, 0.642788] [-325.19, 0.0, -154.34]]
}
node {
	name:t = "britain_barracks_1_rendinst"
	tm:m = [[1.0, 0.0, 0.0] [0.0, 1.0, 0.0] [0.0, 0.0, 1.0] [41.0761, 0.0, 239.281]]
}
node {
	name:t = "britain_barracks_1_rendinst"
	tm:m = [[-4.37114e-8, 0.0, -1.0] [0.0, 1.0, 0.0] [1.0, 0.0, -4.37114e-8] [74.3384, 0.0, 271.893]]
}
node {
	name:t = "britain_trailer_rendinst"
	tm:m = [[1.0, 0.0, 0.0] [0.0, 1.0, 0.0] [0.0, 0.0, 1.0] [-260.593, 0.0, -131.89]]
}
node {
	name:t = "britain_trailer_rendinst"
	tm:m = [[1.0, 0.0, 0.0] [0.0, 1.0, 0.0] [0.0, 0.0, 1.0] [-252.582, 0.0, -143.723]]
}
node {
	name:t = "britain_trailer_rendinst"
	tm:m = [[0.997782, 0.0, -0.0665698] [0.0, 1.0, 0.0] [0.0665698, 0.0, 0.997782] [-252.582, 0.0, -131.89]]
}
node {
	name:t = "britain_trailer_rendinst"
	tm:m = [[0.998992, 0.0, 0.0448813] [0.0, 1.0, 0.0] [-0.0448813, 0.0, 0.998992] [-244.206, 0.0, -143.723]]
}
node {
	name:t = "britain_trailer_rendinst"
	tm:m = [[1.0, 0.0, 0.0] [0.0, 1.0, 0.0] [0.0, 0.0, 1.0] [-244.206, 0.0, -131.89]]
}
node {
	name:t = "britain_trailer_rendinst"
	tm:m = [[1.0, 0.0, 0.0] [0.0, 1.0, 0.0] [0.0, 0.0, 1.0] [-321.159, 0.0, -127.789]]
}
node {
	name:t = "britain_trailer_rendinst"
	tm:m = [[0.997782, 0.0, -0.0665698] [0.0, 1.0, 0.0] [0.0665698, 0.0, 0.997782] [-313.148, 0.0, -127.789]]
}
node {
	name:t = "britain_trailer_rendinst"
	tm:m = [[1.0, 0.0, 0.0] [0.0, 1.0, 0.0] [0.0, 0.0, 1.0] [-304.772, 0.0, -127.789]]
}
node {
	name:t = "britain_barracks_1_rendinst"
	tm:m = [[1.0, 0.0, 0.0] [0.0, 1.0, 0.0] [0.0, 0.0, 1.0] [41.0761, 0.0, 249.955]]
}
node {
	name:t = "britain_barracks_1_rendinst"
	tm:m = [[1.0, 0.0, 0.0] [0.0, 1.0, 0.0] [0.0, 0.0, 1.0] [41.0761, 0.0, 259.814]]
}
node {
	name:t = "britain_barracks_1_rendinst"
	tm:m = [[-4.37114e-8, 0.0, -1.0] [0.0, 1.0, 0.0] [1.0, 0.0, -4.37114e-8] [54.7234, 0.0, 271.97]]
}
node {
	name:t = "britain_barracks_1_rendinst"
	tm:m = [[-4.37114e-8, 0.0, -1.0] [0.0, 1.0, 0.0] [1.0, 0.0, -4.37114e-8] [64.6814, 0.0, 271.97]]
}
node {
	name:t = "britain_trailer_rendinst"
	tm:m = [[0.997782, 0.0, -0.0665698] [0.0, 1.0, 0.0] [0.0665698, 0.0, 0.997782] [81.3725, 0.0, 248.011]]
}
node {
	name:t = "britain_trailer_rendinst"
	tm:m = [[1.0, 0.0, 0.0] [0.0, 1.0, 0.0] [0.0, 0.0, 1.0] [89.7485, 0.0, 248.011]]
}
node {
	name:t = "britain_trailer_rendinst"
	tm:m = [[1.0, 0.0, 0.0] [0.0, 1.0, 0.0] [0.0, 0.0, 1.0] [73.3613, 0.0, 248.011]]
}
node {
	name:t = "britain_windvane_rendinst"
	tm:m = [[-0.709277, 0.0, -0.70493] [-7.29991e-8, 1.0, 7.34492e-8] [0.70493, 1.03555e-7, -0.709277] [428.283, 0.0, 249.857]]
}
node {
	name:t = "britain_control_tower_1_rendinst"
	tm:m = [[0.984808, 0.0, -0.173648] [0.0, 1.0, 0.0] [0.173648, 0.0, 0.984808] [5.09097, 0.0, -99.6678]]
}
node {
	name:t = "britain_tech_building_1_rendinst"
	tm:m = [[1.0, 0.0, 0.0] [0.0, 1.0, 0.0] [0.0, 0.0, 1.0] [-267.137, 0.0, -161.11]]
}
node {
	name:t = "britain_tech_building_2_rendinst"
	tm:m = [[1.0, 0.0, 0.0] [0.0, 1.0, 0.0] [0.0, 0.0, 1.0] [-284.858, 0.0, -139.732]]
}
node {
	name:t = "britain_shed_rendinst"
	tm:m = [[0.642788, 0.0, -0.766044] [0.0, 1.0, 0.0] [0.766044, 0.0, 0.642788] [44.9009, 0.0, 269.603]]
}