className:t = "composit"
size:p2 = 272, 272
airfield {
	start:p3 = 125, 0, 0
	end:p3 = -125, 0, 0
	width:r = 250
	spawn:p3 = 43, 0, 65
	spawn:p3 = -45, 0, -63
	spawn:p3 = -43, 0, 66
	spawn:p3 = 54, 0, -4
	spawn:p3 = -44, 0, 12
	spawn:p3 = 0, 0, 3
	spawn:p3 = -87, 0, 46
	spawn:p3 = 3, 0, 39
	spawn:p3 = 58, 0, 118
	spawn:p3 = 8, 0, -43
	spawn:p3 = 107, 0, 54
	spawn:p3 = 3, 0, 87
	spawn:p3 = -51, 0, 116
	spawn:p3 = -102, 0, -49
	spawn:p3 = -10, 0, -105
	spawn:p3 = -124, 0, 70
	repairTags {
		type_attack_helicopter:b = true
		type_utility_helicopter:b = true
		vtol_jet:b = true
	}
}
storage {
	start:p3 = -24, 0, -23
	end:p3 = -95, 0, -23
	width:r = 250
}
parking {
	start:p3 = -10, 0, -34
	end:p3 = 56, 0, -34
	width:r = 250
}
dwelling {
	start:p3 = -21, 0, 11
	end:p3 = 7, 0, 12
	width:r = 250
}
node {
	name:t = "^^dynHelipad_mud_b_mesh"
	tm:m = [[1.0, 0.0, 0.0] [0.0, 1.0, 0.0] [0.0, 0.0, 1.0] [0.0, 0.0, 0.0]]
}
node {
	name:t = "++NoTreesBox000"
	tm:m = [[160.0, 0.0, 0.0] [0.0, 15.0, 0.0] [0.0, 0.0, 160.0] [0.0, 0.0, 0.0]]
}
node {
	name:t = "universal_airfield_table_a"
	tm:m = [[-1.0, 0.0, 8.74228e-8] [0.0, 1.0, 0.0] [-8.74228e-8, 0.0, -1.0] [112.831, 0.0, -53.3962]]
}
node {
	name:t = "universal_airfield_sandbags_a"
	tm:m = [[-0.707107, 0.0, -0.707107] [0.0, 1.0, 0.0] [0.707107, 0.0, -0.707107] [76.6987, 0.0, -34.6299]]
}
node {
	name:t = "universal_airfield_sandbags_a"
	tm:m = [[0.707107, 0.0, 0.707107] [0.0, 1.0, 0.0] [-0.707107, 0.0, 0.707107] [79.4168, 0.0, -37.4218]]
}
node {
	name:t = "universal_airfield_fuel_box_b"
	tm:m = [[-0.76895, 0.0, -0.639309] [0.0, 1.0, 0.0] [0.639309, 0.0, -0.76895] [127.58, 0.0, -65.8203]]
}
node {
	name:t = "universal_airfield_tent_h"
	tm:m = [[-0.707107, 0.0, 0.707107] [0.0, 1.0, 0.0] [-0.707107, 0.0, -0.707107] [100.518, 0.0, -13.7081]]
}
node {
	name:t = "universal_airfield_barrack_c"
	tm:m = [[1.0, 0.0, 1.74846e-7] [0.0, 1.0, 0.0] [-1.74846e-7, 0.0, 1.0] [122.954, 0.0, -45.4233]]
}
node {
	name:t = "universal_airfield_fuel_tank_a"
	tm:m = [[-0.707107, 0.0, 0.707107] [0.0, 1.0, 0.0] [-0.707107, 0.0, -0.707107] [77.6024, 0.0, -88.1823]]
}
node {
	name:t = "universal_airfield_table_a"
	tm:m = [[-1.0, 0.0, 8.74228e-8] [0.0, 1.0, 0.0] [-8.74228e-8, 0.0, -1.0] [112.831, 0.0, -37.2919]]
}
node {
	name:t = "universal_airfield_shed_a"
	tm:m = [[0.707107, 0.0, 0.707107] [0.0, 1.0, 0.0] [-0.707107, 0.0, 0.707107] [-126.8, 0.0, 122.491]]
}
node {
	name:t = "universal_airfield_hangar_b"
	tm:m = [[1.0, 0.0, 0.0] [0.0, 1.0, 0.0] [0.0, 0.0, 1.0] [48.2985, 0.0, -89.8638]]
}
node {
	name:t = "universal_airfield_fuel_tank_b"
	tm:m = [[0.707107, 0.0, -0.707107] [0.0, 1.0, 0.0] [0.707107, 0.0, 0.707107] [-115.348, 0.0, -96.4216]]
}
node {
	name:t = "universal_airfield_fuel_box_c"
	tm:m = [[0.486343, 0.0, -0.873768] [0.0, 1.0, 0.0] [0.873768, 0.0, 0.486343] [115.119, 0.0, 99.9266]]
}
node {
	name:t = "universal_airfield_fuel_box_d"
	tm:m = [[-4.37114e-8, 0.0, -1.0] [0.0, 1.0, 0.0] [1.0, 0.0, -4.37114e-8] [117.497, 0.0, 91.7866]]
}
node {
	name:t = "universal_airfield_fuel_box_e"
	tm:m = [[-4.37114e-8, 0.0, 1.0] [0.0, 1.0, 0.0] [-1.0, 0.0, -4.37114e-8] [101.465, 0.0, 98.2574]]
}
node {
	name:t = "universal_airfield_fuel_box_c"
	tm:m = [[7.54979e-8, 0.0, 1.0] [0.0, 1.0, 0.0] [-1.0, 0.0, 7.54979e-8] [-131.042, 0.0, 115.358]]
}
node {
	name:t = "universal_airfield_fuel_box_c"
	tm:m = [[-0.88407, 0.0, 0.467355] [0.0, 1.0, 0.0] [-0.467355, 0.0, -0.88407] [-105.14, 0.0, -115.962]]
}
node {
	name:t = "universal_airfield_fuel_box_d"
	tm:m = [[-0.707107, 0.0, 0.707107] [0.0, 1.0, 0.0] [-0.707107, 0.0, -0.707107] [-109.202, 0.0, -105.574]]
}
node {
	name:t = "universal_airfield_fuel_box_e"
	tm:m = [[4.88762e-7, 0.0, -1.0] [0.0, 1.0, 0.0] [1.0, 0.0, 4.88762e-7] [-93.069, 0.0, -111.735]]
}
node {
	name:t = "universal_airfield_fuel_tank_a"
	tm:m = [[1.0, 0.0, -1.74846e-7] [0.0, 1.0, 0.0] [1.74846e-7, 0.0, 1.0] [-93.2699, 0.0, -10.6667]]
}
node {
	name:t = "universal_airfield_fuel_box_d"
	tm:m = [[-0.847063, 0.0, 0.531493] [0.0, 1.0, 0.0] [-0.531493, 0.0, -0.847063] [-64.9806, 0.0, -11.7765]]
}
node {
	name:t = "universal_airfield_fuel_box_c"
	tm:m = [[1.0, 0.0, 0.0] [0.0, 1.0, 0.0] [0.0, 0.0, 1.0] [88.8301, 0.0, 9.24846]]
}
node {
	name:t = "universal_airfield_fuel_tent_a"
	tm:m = [[-0.241922, 0.0, 0.970296] [0.0, 1.0, 0.0] [-0.970296, 0.0, -0.241922] [98.8649, 0.0, 7.12216]]
}
node {
	name:t = "universal_airfield_fuel_tent_c"
	tm:m = [[-0.994998, 0.0, -0.099898] [0.0, 1.0, 0.0] [0.099898, 0.0, -0.994998] [119.126, 0.0, -67.1234]]
}
node {
	name:t = "universal_airfield_fuel_tent_c"
	tm:m = [[0.764053, 0.0, -0.645153] [0.0, 1.0, 0.0] [0.645153, 0.0, 0.764053] [103.887, 0.0, -1.18602]]
}
node {
	name:t = "universal_airfield_tent_h"
	tm:m = [[-0.980623, 0.0, -0.195904] [0.0, 1.0, 0.0] [0.195904, 0.0, -0.980623] [113.655, 0.0, 112.617]]
}
node {
	name:t = "universal_airfield_fuel_tent_a"
	tm:m = [[0.0950578, 0.0, -0.995472] [0.0, 1.0, 0.0] [0.995472, 0.0, 0.0950578] [-107.004, 0.0, 2.35001]]
}
node {
	name:t = "universal_airfield_fuel_tent_c"
	tm:m = [[0.411669, 0.0, 0.911334] [0.0, 1.0, 0.0] [-0.911334, 0.0, 0.411669] [-106.018, 0.0, 10.5594]]
}
node {
	name:t = "universal_airfield_fuel_tent_a"
	tm:m = [[0.983878, 0.0, 0.178843] [0.0, 1.0, 0.0] [-0.178843, 0.0, 0.983878] [109.171, 0.0, 105.922]]
}
node {
	name:t = "universal_airfield_hangar_d"
	tm:m = [[1.0, 0.0, 1.74846e-7] [0.0, 1.0, 0.0] [-1.74846e-7, 0.0, 1.0] [95.0232, 0.0, -97.9491]]
}
node {
	name:t = "universal_airfield_hangar_d"
	tm:m = [[1.0, 0.0, 1.74846e-7] [0.0, 1.0, 0.0] [-1.74846e-7, 0.0, 1.0] [74.414, 0.0, -99.4773]]
}
node {
	name:t = "universal_airfield_tower_c"
	tm:m = [[0.707107, 0.0, 0.707107] [0.0, 1.0, 0.0] [-0.707107, 0.0, 0.707107] [105.348, 0.0, -71.5169]]
}
node {
	name:t = "universal_airfield_sandbags_b"
	tm:m = [[0.707107, 0.0, -0.707107] [0.0, 1.0, 0.0] [0.707107, 0.0, 0.707107] [70.3095, 0.0, -36.1512]]
}
node {
	name:t = "universal_airfield_shed_a"
	tm:m = [[-0.707107, 0.0, -0.707107] [0.0, 1.0, 0.0] [0.707107, 0.0, -0.707107] [75.2275, 0.0, -42.0482]]
}
node {
	name:t = "universal_airfield_sandbags_a"
	tm:m = [[0.707107, 0.0, 0.707107] [0.0, 1.0, 0.0] [-0.707107, 0.0, 0.707107] [71.0698, 0.0, -46.0676]]
}
node {
	name:t = "universal_airfield_sandbags_a"
	tm:m = [[-0.707107, 0.0, -0.707107] [0.0, 1.0, 0.0] [0.707107, 0.0, -0.707107] [68.3518, 0.0, -43.2758]]
}