className:t = "composit"
size:p2 = 272, 272
airfield {
	start:p3 = 125, 0, 0
	end:p3 = -125, 0, 0
	width:r = 250
	spawn:p3 = -85, 0, 90
	spawn:p3 = 82, 0, 92
	spawn:p3 = -87, 0, -79
	spawn:p3 = -84, 0, 6
	spawn:p3 = -7, 0, 6
	spawn:p3 = 76, 0, 6
	spawn:p3 = -83, 0, 46
	spawn:p3 = -5, 0, 46
	spawn:p3 = 75, 0, 46
	spawn:p3 = -82, 0, -40
	spawn:p3 = -7, 0, -40
	spawn:p3 = 78, 0, -40
	spawn:p3 = -4, 0, 98
	spawn:p3 = -7, 0, 84
	spawn:p3 = -152, 0, -4
	spawn:p3 = -13, 0, -128
	repairTags {
		type_attack_helicopter:b = true
		type_utility_helicopter:b = true
		vtol_jet:b = true
	}
}
storage {
	start:p3 = -24, 0, -23
	end:p3 = -95, 0, -23
	width:r = 250
}
parking {
	start:p3 = -10, 0, -34
	end:p3 = 56, 0, -34
	width:r = 250
}
dwelling {
	start:p3 = -21, 0, 11
	end:p3 = 7, 0, 12
	width:r = 250
}
node {
	name:t = "^^dynHelipad_concrete_mud_b_mesh"
	tm:m = [[1.0, 0.0, 0.0] [0.0, 1.0, 0.0] [0.0, 0.0, 1.0] [0.0, 0.0, 0.0]]
}
node {
	name:t = "++NoTreesBox000"
	tm:m = [[160.0, 0.0, 0.0] [0.0, 15.0, 0.0] [0.0, 0.0, 160.0] [0.0, 0.0, 0.0]]
}
node {
	name:t = "universal_airfield_tower_b"
	tm:m = [[-4.37114e-8, 0.0, 1.0] [0.0, 1.0, 0.0] [-1.0, 0.0, -4.37114e-8] [41.1226, 0.0, -121.402]]
}
node {
	name:t = "universal_airfield_hangar_d"
	tm:m = [[-1.0, 0.0, -1.50996e-7] [0.0, 1.0, 0.0] [1.50996e-7, 0.0, -1.0] [115.568, 0.0, -6.11944]]
}
node {
	name:t = "universal_airfield_tower_a"
	tm:m = [[1.0, 0.0, 0.0] [0.0, 1.0, 0.0] [0.0, 0.0, 1.0] [124.936, 0.0, -70.4541]]
}
node {
	name:t = "universal_airfield_hangar_b"
	tm:m = [[-4.37114e-8, 0.0, 1.0] [0.0, 1.0, 0.0] [-1.0, 0.0, -4.37114e-8] [-107.491, 0.0, 4.02801]]
}
node {
	name:t = "universal_airfield_tent_d"
	tm:m = [[1.0, 0.0, 0.0] [0.0, 1.0, 0.0] [0.0, 0.0, 1.0] [-9.30093, 0.0, -43.8327]]
}
node {
	name:t = "universal_airfield_tent_e"
	tm:m = [[1.0, 0.0, 0.0] [0.0, 1.0, 0.0] [0.0, 0.0, 1.0] [-22.3382, 0.0, -70.3689]]
}
node {
	name:t = "universal_airfield_tent_d"
	tm:m = [[1.0, 0.0, 0.0] [0.0, 1.0, 0.0] [0.0, 0.0, 1.0] [10.7596, 0.0, 86.2851]]
}
node {
	name:t = "universal_airfield_tent_a"
	tm:m = [[1.0, 0.0, 0.0] [0.0, 1.0, 0.0] [0.0, 0.0, 1.0] [24.9823, 0.0, -113.06]]
}
node {
	name:t = "universal_airfield_tent_c"
	tm:m = [[0.939693, 0.0, -0.34202] [0.0, 1.0, 0.0] [0.34202, 0.0, 0.939693] [-21.1965, 0.0, 65.9255]]
}
node {
	name:t = "universal_airfield_tent_i"
	tm:m = [[1.0, 0.0, 0.0] [0.0, 1.0, 0.0] [0.0, 0.0, 1.0] [54.3769, 0.0, 73.8697]]
}
node {
	name:t = "universal_airfield_fuel_box_a"
	tm:m = [[-1.0, 0.0, -1.50996e-7] [0.0, 1.0, 0.0] [1.50996e-7, 0.0, -1.0] [64.8218, 0.0, -118.929]]
}
node {
	name:t = "universal_airfield_fuel_box_e"
	tm:m = [[0.866025, 0.0, 0.5] [0.0, 1.0, 0.0] [-0.5, 0.0, 0.866025] [-24.7241, 0.0, -36.3879]]
}
node {
	name:t = "universal_airfield_fuel_tent_a"
	tm:m = [[-0.838671, 0.0, 0.544639] [0.0, 1.0, 0.0] [-0.544639, 0.0, -0.838671] [-23.5079, 0.0, -54.3247]]
}
node {
	name:t = "universal_airfield_fuel_tent_a"
	tm:m = [[0.857167, 0.0, -0.515038] [0.0, 1.0, 0.0] [0.515038, 0.0, 0.857167] [-99.2198, 0.0, 17.0498]]
}
node {
	name:t = "universal_airfield_fuel_tank_c"
	tm:m = [[1.0, 0.0, 0.0] [0.0, 1.0, 0.0] [0.0, 0.0, 1.0] [102.8, 0.0, -10.376]]
}
node {
	name:t = "universal_airfield_fuel_tank_c"
	tm:m = [[-1.0, 0.0, -1.50996e-7] [0.0, 1.0, 0.0] [1.50996e-7, 0.0, -1.0] [-111.077, 0.0, -11.392]]
}
node {
	name:t = "universal_airfield_hangar_b"
	tm:m = [[-1.0, 0.0, -8.74228e-8] [0.0, 1.0, 0.0] [8.74228e-8, 0.0, -1.0] [107.552, 0.0, -105.865]]
}
node {
	name:t = "universal_airfield_hangar_b"
	tm:m = [[1.0, 0.0, 2.38419e-7] [0.0, 1.0, 0.0] [-2.38419e-7, 0.0, 1.0] [85.5959, 0.0, -108.06]]
}
node {
	name:t = "universal_airfield_barrels_group_a"
	tm:m = [[0.913545, 0.0, 0.406737] [0.0, 1.0, 0.0] [-0.406737, 0.0, 0.913545] [119.017, 0.0, 64.3246]]
}
node {
	name:t = "universal_airfield_barrack_b"
	tm:m = [[1.0, 0.0, 7.15256e-7] [0.0, 1.0, 0.0] [-7.15256e-7, 0.0, 1.0] [-118.456, 0.0, 57.2773]]
}
node {
	name:t = "universal_airfield_barrack_f"
	tm:m = [[-5.20549e-7, 0.0, -1.0] [0.0, 1.0, 0.0] [1.0, 0.0, -5.20549e-7] [-53.582, 0.0, 66.7417]]
}