className:t = "composit"
size:p2 = 543, 543
airfield {
	start:p3 = 250, 0, 0
	end:p3 = -250, 0, 0
	width:r = 500
	spawn:p3 = -235, 0, 0
	spawn:p3 = -82, 0, 87
	spawn:p3 = -80, 0, -85
	spawn:p3 = -187, 0, 19
	spawn:p3 = -145, 0, 19
	spawn:p3 = 186, 0, -21
	spawn:p3 = -147, 0, -21
	spawn:p3 = -101, 0, 21
	spawn:p3 = -38, 0, 21
	spawn:p3 = -103, 0, -22
	spawn:p3 = -45, 0, -21
	spawn:p3 = -12, 0, -0
	spawn:p3 = 40, 0, 2
	spawn:p3 = -187, 0, -71
	spawn:p3 = -188, 0, 69
	spawn:p3 = 15, 0, 64
	repairTags {
		type_attack_helicopter:b = true
		type_utility_helicopter:b = true
		vtol_jet:b = true
	}
}
storage {
	start:p3 = -24, 0, -23
	end:p3 = -95, 0, -23
	width:r = 250
}
parking {
	start:p3 = -10, 0, -34
	end:p3 = 56, 0, -34
	width:r = 250
}
dwelling {
	start:p3 = -21, 0, 11
	end:p3 = 7, 0, 12
	width:r = 250
}
node {
	name:t = "^^dynHelipad_concrete_snow_c_mesh"
	tm:m = [[1.0, 0.0, 0.0] [0.0, 1.0, 0.0] [0.0, 0.0, 1.0] [0.0, 0.0, 0.0]]
}
node {
	name:t = "++NoTreesBox000"
	tm:m = [[300.0, 0.0, 0.0] [0.0, 15.0, 0.0] [0.0, 0.0, 165.0] [0.0, 0.0, 0.0]]
}
node {
	name:t = "universal_airfield_hangar_a_snow"
	tm:m = [[1.19249e-8, 0.0, 1.0] [0.0, 1.0, 0.0] [-1.0, 0.0, 1.19249e-8] [234.261, 0.0, 83.7399]]
}
node {
	name:t = "universal_airfield_tower_b_snow"
	tm:m = [[1.94707e-7, 0.0, -1.0] [0.0, 1.0, 0.0] [1.0, 0.0, 1.94707e-7] [55.2935, 0.0, -81.0318]]
}
node {
	name:t = "universal_airfield_hangar_d_snow"
	tm:m = [[-1.0, 0.0, 1.50996e-7] [0.0, 1.0, 0.0] [-1.50996e-7, 0.0, -1.0] [98.6066, 0.0, -96.7791]]
}
node {
	name:t = "universal_airfield_tower_a_snow"
	tm:m = [[1.0, 0.0, 0.0] [0.0, 1.0, 0.0] [0.0, 0.0, 1.0] [143.883, 0.0, 106.651]]
}
node {
	name:t = "universal_airfield_hangar_b_snow"
	tm:m = [[1.0, 0.0, 3.01992e-7] [0.0, 1.0, 0.0] [-3.01992e-7, 0.0, 1.0] [74.2542, 0.0, 68.8519]]
}
node {
	name:t = "universal_airfield_tent_h_snow"
	tm:m = [[0.5, 0.0, -0.866025] [0.0, 1.0, 0.0] [0.866025, 0.0, 0.5] [-197.328, 0.0, 127.81]]
}
node {
	name:t = "universal_airfield_tent_a_snow"
	tm:m = [[1.0, 0.0, 0.0] [0.0, 1.0, 0.0] [0.0, 0.0, 1.0] [22.1659, 0.0, -95.7289]]
}
node {
	name:t = "universal_airfield_tent_c_snow"
	tm:m = [[1.0, 0.0, 0.0] [0.0, 1.0, 0.0] [0.0, 0.0, 1.0] [3.55704, 0.0, -55.8962]]
}
node {
	name:t = "universal_airfield_fuel_box_a_snow"
	tm:m = [[0.965926, 0.0, -0.258819] [0.0, 1.0, 0.0] [0.258819, 0.0, 0.965926] [-43.822, 0.0, 80.7216]]
}
node {
	name:t = "universal_airfield_fuel_box_e_snow"
	tm:m = [[1.0, 0.0, 0.0] [0.0, 1.0, 0.0] [0.0, 0.0, 1.0] [250.612, 0.0, 12.0878]]
}
node {
	name:t = "universal_airfield_fuel_tent_c_snow"
	tm:m = [[-0.978148, 0.0, -0.207912] [0.0, 1.0, 0.0] [0.207912, 0.0, -0.978148] [-196.685, 0.0, -51.3681]]
}
node {
	name:t = "universal_airfield_fuel_tent_c_snow"
	tm:m = [[0.857168, 0.0, -0.515038] [0.0, 1.0, 0.0] [0.515038, 0.0, 0.857168] [122.897, 0.0, -100.622]]
}
node {
	name:t = "universal_airfield_fuel_tank_c"
	tm:m = [[-4.37114e-8, 0.0, 1.0] [0.0, 1.0, 0.0] [-1.0, 0.0, -4.37114e-8] [-186.521, 0.0, -56.1075]]
}
node {
	name:t = "universal_airfield_fuel_tank_c"
	tm:m = [[0.906308, 0.0, -0.422618] [0.0, 1.0, 0.0] [0.422618, 0.0, 0.906308] [56.3772, 0.0, 47.4414]]
}
node {
	name:t = "universal_airfield_hangar_a_snow"
	tm:m = [[1.19249e-8, 0.0, 1.0] [0.0, 1.0, 0.0] [-1.0, 0.0, 1.19249e-8] [234.261, 0.0, 34.5528]]
}
node {
	name:t = "universal_airfield_fuel_box_a_snow"
	tm:m = [[-0.819152, 0.0, 0.573576] [0.0, 1.0, 0.0] [-0.573576, 0.0, -0.819152] [-140.137, 0.0, 78.5689]]
}
node {
	name:t = "universal_airfield_fuel_tank_c"
	tm:m = [[0.422618, 0.0, -0.906308] [0.0, 1.0, 0.0] [0.906308, 0.0, 0.422618] [-201.173, 0.0, 120.908]]
}
node {
	name:t = "universal_airfield_fuel_box_e_snow"
	tm:m = [[-0.984808, 0.0, -0.173648] [0.0, 1.0, 0.0] [0.173648, 0.0, -0.984808] [-29.721, 0.0, -71.5457]]
}
node {
	name:t = "universal_airfield_tower_c_snow"
	tm:m = [[1.0, 0.0, 0.0] [0.0, 1.0, 0.0] [0.0, 0.0, 1.0] [151.29, 0.0, -40.8693]]
}
node {
	name:t = "universal_airfield_barrack_a_snow"
	tm:m = [[-4.37114e-8, 0.0, 1.0] [0.0, 1.0, 0.0] [-1.0, 0.0, -4.37114e-8] [249.166, 0.0, -74.1231]]
}
node {
	name:t = "universal_airfield_barrels_group_a_snow"
	tm:m = [[0.913545, 0.0, 0.406737] [0.0, 1.0, 0.0] [-0.406737, 0.0, 0.913545] [205.707, 0.0, 58.3549]]
}
node {
	name:t = "universal_airfield_barrack_b_snow"
	tm:m = [[-1.0, 0.0, -8.74228e-8] [0.0, 1.0, 0.0] [8.74228e-8, 0.0, -1.0] [258.441, 0.0, -29.3561]]
}
node {
	name:t = "universal_airfield_shed_a_snow"
	tm:m = [[-0.996195, 0.0, -0.0871556] [0.0, 1.0, 0.0] [0.0871556, 0.0, -0.996195] [147.536, 0.0, -102.488]]
}
node {
	name:t = "universal_airfield_tent_b_snow"
	tm:m = [[0.5, 0.0, -0.866026] [0.0, 1.0, 0.0] [0.866026, 0.0, 0.5] [-165.141, 0.0, -87.1513]]
}
node {
	name:t = "universal_airfield_barrack_f_snow"
	tm:m = [[1.0, 0.0, -2.38419e-7] [0.0, 1.0, 0.0] [2.38419e-7, 0.0, 1.0] [-14.1732, 0.0, 38.2207]]
}
node {
	name:t = "universal_airfield_tent_c_snow"
	tm:m = [[0.984808, 0.0, 0.173648] [0.0, 1.0, 0.0] [-0.173648, 0.0, 0.984808] [36.1052, 0.0, -60.631]]
}
node {
	name:t = "universal_airfield_barrack_a_snow"
	tm:m = [[-4.37114e-8, 0.0, 1.0] [0.0, 1.0, 0.0] [-1.0, 0.0, -4.37114e-8] [210.554, 0.0, -99.6247]]
}
node {
	name:t = "universal_airfield_tent_a_snow"
	tm:m = [[1.0, 0.0, 0.0] [0.0, 1.0, 0.0] [0.0, 0.0, 1.0] [188.726, 0.0, -34.9128]]
}
node {
	name:t = "universal_airfield_fuel_tank_c"
	tm:m = [[0.422618, 0.0, -0.906308] [0.0, 1.0, 0.0] [0.906308, 0.0, 0.422618] [118.03, 0.0, -43.0933]]
}
node {
	name:t = "universal_airfield_shed_a_snow"
	tm:m = [[-0.422618, 0.0, 0.906308] [0.0, 1.0, 0.0] [-0.906308, 0.0, -0.422618] [-5.26221, 0.0, -77.6967]]
}
node {
	name:t = "universal_airfield_shed_a_snow"
	tm:m = [[-0.422618, 0.0, 0.906308] [0.0, 1.0, 0.0] [-0.906308, 0.0, -0.422618] [-251.78, 0.0, -116.888]]
}
node {
	name:t = "universal_airfield_barrack_f_snow"
	tm:m = [[0.642788, 0.0, 0.766044] [0.0, 1.0, 0.0] [-0.766044, 0.0, 0.642788] [-0.961926, 0.0, 123.987]]
}