className:t = "composit"
size:p2 = 543, 543
airfield {
	start:p3 = 250, 0, 0
	end:p3 = -250, 0, 0
	width:r = 500
	spawn:p3 = -221, 0, 72
	spawn:p3 = -222, 0, -72
	spawn:p3 = -78, 0, -72
	spawn:p3 = -166, 0, 42
	spawn:p3 = -127, 0, 43
	spawn:p3 = -225, 0, 0
	spawn:p3 = -161, 0, -4
	spawn:p3 = -111, 0, -2
	spawn:p3 = -36, 0, 0
	spawn:p3 = -176, 0, -52
	spawn:p3 = -121, 0, -50
	spawn:p3 = -171, 0, 101
	spawn:p3 = -99, 0, 104
	spawn:p3 = -38, 0, 105
	spawn:p3 = -39, 0, 60
	spawn:p3 = -92, 0, 67
	repairTags {
		type_attack_helicopter:b = true
		type_utility_helicopter:b = true
		vtol_jet:b = true
	}
}
storage {
	start:p3 = -24, 0, -23
	end:p3 = -95, 0, -23
	width:r = 250
}
parking {
	start:p3 = -10, 0, -34
	end:p3 = 56, 0, -34
	width:r = 250
}
dwelling {
	start:p3 = -21, 0, 11
	end:p3 = 7, 0, 12
	width:r = 250
}
node {
	name:t = "^^dynHelipad_concrete_mud_a_mesh"
	tm:m = [[1.0, 0.0, 0.0] [0.0, 1.0, 0.0] [0.0, 0.0, 1.0] [0.0, 0.0, 0.0]]
}
node {
	name:t = "++NoTreesBox000"
	tm:m = [[300.0, 0.0, 0.0] [0.0, 15.0, 0.0] [0.0, 0.0, 155.0] [0.0, 0.0, 0.0]]
}
node {
	name:t = "universal_airfield_hangar_a"
	tm:m = [[-4.37114e-8, 0.0, -1.0] [0.0, 1.0, 0.0] [1.0, 0.0, -4.37114e-8] [-243.438, 0.0, 0.12298]]
}
node {
	name:t = "universal_airfield_tower_b"
	tm:m = [[-4.37114e-8, 0.0, 1.0] [0.0, 1.0, 0.0] [-1.0, 0.0, -4.37114e-8] [240.866, 0.0, -70.401]]
}
node {
	name:t = "universal_airfield_hangar_d"
	tm:m = [[1.0, 0.0, 0.0] [0.0, 1.0, 0.0] [0.0, 0.0, 1.0] [207.845, 0.0, -117.887]]
}
node {
	name:t = "universal_airfield_tower_a"
	tm:m = [[1.0, 0.0, 0.0] [0.0, 1.0, 0.0] [0.0, 0.0, 1.0] [-93.3904, 0.0, 32.7318]]
}
node {
	name:t = "universal_airfield_hangar_b"
	tm:m = [[1.0, 0.0, 0.0] [0.0, 1.0, 0.0] [0.0, 0.0, 1.0] [246.255, 0.0, 112.511]]
}
node {
	name:t = "universal_airfield_tent_d"
	tm:m = [[1.0, 0.0, 0.0] [0.0, 1.0, 0.0] [0.0, 0.0, 1.0] [29.9113, 0.0, 49.2287]]
}
node {
	name:t = "universal_airfield_tent_e"
	tm:m = [[0.819152, 0.0, 0.573576] [0.0, 1.0, 0.0] [-0.573576, 0.0, 0.819152] [181.144, 0.0, -5.08143]]
}
node {
	name:t = "universal_airfield_tent_h"
	tm:m = [[1.0, 0.0, 0.0] [0.0, 1.0, 0.0] [0.0, 0.0, 1.0] [229.394, 0.0, -102.163]]
}
node {
	name:t = "universal_airfield_tent_a"
	tm:m = [[1.0, 0.0, 0.0] [0.0, 1.0, 0.0] [0.0, 0.0, 1.0] [42.6352, 0.0, -4.29964]]
}
node {
	name:t = "universal_airfield_tent_c"
	tm:m = [[1.0, 0.0, 0.0] [0.0, 1.0, 0.0] [0.0, 0.0, 1.0] [66.066, 0.0, 6.85316]]
}
node {
	name:t = "universal_airfield_tent_i"
	tm:m = [[1.0, 0.0, 0.0] [0.0, 1.0, 0.0] [0.0, 0.0, 1.0] [199.04, 0.0, 55.6254]]
}
node {
	name:t = "universal_airfield_fuel_box_a"
	tm:m = [[-1.0, 0.0, -1.50996e-7] [0.0, 1.0, 0.0] [1.50996e-7, 0.0, -1.0] [-94.5117, 0.0, -95.8082]]
}
node {
	name:t = "universal_airfield_fuel_box_e"
	tm:m = [[1.0, 0.0, 0.0] [0.0, 1.0, 0.0] [0.0, 0.0, 1.0] [216.117, 0.0, 122.518]]
}
node {
	name:t = "universal_airfield_fuel_box_a"
	tm:m = [[-0.838671, 0.0, 0.544639] [0.0, 1.0, 0.0] [-0.544639, 0.0, -0.838671] [-253.014, 0.0, -36.778]]
}
node {
	name:t = "universal_airfield_tent_a"
	tm:m = [[-0.857168, 0.0, 0.515038] [0.0, 1.0, 0.0] [-0.515038, 0.0, -0.857168] [-197.103, 0.0, 83.3387]]
}
node {
	name:t = "universal_airfield_fuel_tank_c"
	tm:m = [[1.0, 0.0, 0.0] [0.0, 1.0, 0.0] [0.0, 0.0, 1.0] [-222.156, 0.0, -23.9965]]
}
node {
	name:t = "universal_airfield_fuel_tank_c"
	tm:m = [[-1.0, 0.0, -1.50996e-7] [0.0, 1.0, 0.0] [1.50996e-7, 0.0, -1.0] [257.157, 0.0, 86.9314]]
}
node {
	name:t = "universal_airfield_tower_c"
	tm:m = [[1.0, 0.0, 0.0] [0.0, 1.0, 0.0] [0.0, 0.0, 1.0] [85.8731, 0.0, 125.06]]
}
node {
	name:t = "universal_airfield_barrack_f"
	tm:m = [[7.54979e-8, 0.0, 1.0] [0.0, 1.0, 0.0] [-1.0, 0.0, 7.54979e-8] [-158.456, 0.0, 78.8401]]
}
node {
	name:t = "universal_airfield_shed_a"
	tm:m = [[0.939693, 0.0, 0.34202] [0.0, 1.0, 0.0] [-0.34202, 0.0, 0.939693] [-62.9667, 0.0, 82.3004]]
}
node {
	name:t = "universal_airfield_barrack_f"
	tm:m = [[-4.37114e-8, 0.0, -1.0] [0.0, 1.0, 0.0] [1.0, 0.0, -4.37114e-8] [-43.6532, 0.0, -96.0961]]
}
node {
	name:t = "universal_airfield_barrels_group_a"
	tm:m = [[-0.43837, 0.0, -0.898794] [0.0, 1.0, 0.0] [0.898794, 0.0, -0.43837] [66.1611, 0.0, -14.897]]
}
node {
	name:t = "universal_airfield_barrack_g"
	tm:m = [[-0.0871556, 0.0, 0.996195] [0.0, 1.0, 0.0] [-0.996195, 0.0, -0.0871556] [-202.177, 0.0, 131.725]]
}
node {
	name:t = "universal_airfield_fuel_box_a"
	tm:m = [[1.0, 0.0, 3.01992e-7] [0.0, 1.0, 0.0] [-3.01992e-7, 0.0, 1.0] [-193.871, 0.0, 132.29]]
}
node {
	name:t = "universal_airfield_tent_a"
	tm:m = [[1.0, 0.0, 0.0] [0.0, 1.0, 0.0] [0.0, 0.0, 1.0] [188.685, 0.0, -25.7344]]
}
node {
	name:t = "universal_airfield_tent_c"
	tm:m = [[1.0, 0.0, 0.0] [0.0, 1.0, 0.0] [0.0, 0.0, 1.0] [170.598, 0.0, 16.7099]]
}
node {
	name:t = "universal_airfield_tent_c"
	tm:m = [[-4.37114e-8, 0.0, -1.0] [0.0, 1.0, 0.0] [1.0, 0.0, -4.37114e-8] [140.708, 0.0, 0.0170288]]
}
node {
	name:t = "universal_airfield_barrack_g"
	tm:m = [[-0.573577, 0.0, -0.819152] [0.0, 1.0, 0.0] [0.819152, 0.0, -0.573577] [-246.595, 0.0, -115.338]]
}
node {
	name:t = "universal_airfield_fuel_box_a"
	tm:m = [[-0.766045, 0.0, 0.642787] [0.0, 1.0, 0.0] [-0.642787, 0.0, -0.766045] [-253.32, 0.0, -110.432]]
}
node {
	name:t = "universal_airfield_barrels_group_a"
	tm:m = [[-0.43837, 0.0, -0.898794] [0.0, 1.0, 0.0] [0.898794, 0.0, -0.43837] [75.6391, 0.0, 125.408]]
}