className:t = "composit"
size:p2 = 272, 272
airfield {
	start:p3 = 125, 0, 0
	end:p3 = -125, 0, 0
	width:r = 250
	spawn:p3 = 20, 0, 96
	spawn:p3 = -68, 0, 96
	spawn:p3 = -36, 0, -100
	spawn:p3 = -106, 0, 32
	spawn:p3 = -80, 0, 32
	spawn:p3 = -50, 0, 32
	spawn:p3 = -12, 0, 32
	spawn:p3 = 24, 0, 32
	spawn:p3 = 58, 0, 32
	spawn:p3 = 24, 0, 68
	spawn:p3 = 18, 0, 32
	spawn:p3 = -90, 0, -8
	spawn:p3 = 2, 0, -8
	spawn:p3 = 58, 0, -8
	spawn:p3 = 65, 0, 68
	spawn:p3 = 102, 0, 32
	repairTags {
		type_attack_helicopter:b = true
		type_utility_helicopter:b = true
		vtol_jet:b = true
	}
}
storage {
	start:p3 = -24, 0, -23
	end:p3 = -95, 0, -23
	width:r = 250
}
parking {
	start:p3 = -10, 0, -34
	end:p3 = 56, 0, -34
	width:r = 250
}
dwelling {
	start:p3 = -21, 0, 11
	end:p3 = 7, 0, 12
	width:r = 250
}
node {
	name:t = "^^dynHelipad_beton_a_mesh"
	tm:m = [[1.0, 0.0, 0.0] [0.0, 1.0, 0.0] [0.0, 0.0, 1.0] [0.0, 0.0, 0.0]]
}
node {
	name:t = "++NoTreesBox000"
	tm:m = [[150.0, 0.0, 0.0] [0.0, 15.0, 0.0] [0.0, 0.0, 150.0] [0.0, 0.0, 0.0]]
}
node {
	name:t = "universal_airfield_tent_f"
	tm:m = [[1.0, 0.0, 0.0] [0.0, 1.0, 0.0] [0.0, 0.0, 1.0] [-113.591, 0.0, -88.73]]
}
node {
	name:t = "universal_airfield_tower_c"
	tm:m = [[1.0, 0.0, 0.0] [0.0, 1.0, 0.0] [0.0, 0.0, 1.0] [87.4392, 0.0, -117.023]]
}
node {
	name:t = "universal_airfield_shed_a"
	tm:m = [[-0.984808, 0.0, 0.173648] [0.0, 1.0, 0.0] [-0.173648, 0.0, -0.984808] [-52.5526, 0.0, -53.8319]]
}
node {
	name:t = "universal_airfield_tower_a"
	tm:m = [[1.0, 0.0, 0.0] [0.0, 1.0, 0.0] [0.0, 0.0, 1.0] [-108.316, 0.0, -100.699]]
}
node {
	name:t = "universal_airfield_tent_d"
	tm:m = [[1.0, 0.0, 0.0] [0.0, 1.0, 0.0] [0.0, 0.0, 1.0] [-104.149, 0.0, -84.3091]]
}
node {
	name:t = "universal_airfield_barrack_a"
	tm:m = [[-4.37114e-8, 0.0, 1.0] [0.0, 1.0, 0.0] [-1.0, 0.0, -4.37114e-8] [-39.4485, 0.0, -37.6967]]
}
node {
	name:t = "universal_airfield_fuel_tank_a"
	tm:m = [[0.707107, 0.0, -0.707107] [0.0, 1.0, 0.0] [0.707107, 0.0, 0.707107] [86.9713, 0.0, -40.2914]]
}
node {
	name:t = "universal_airfield_hangar_b"
	tm:m = [[1.19249e-8, 0.0, -1.0] [0.0, 1.0, 0.0] [1.0, 0.0, 1.19249e-8] [117.114, 0.0, -79.4817]]
}
node {
	name:t = "universal_airfield_barrack_g"
	tm:m = [[1.0, 0.0, 0.0] [0.0, 1.0, 0.0] [0.0, 0.0, 1.0] [3.6014, 0.0, -91.0908]]
}
node {
	name:t = "universal_airfield_tent_b"
	tm:m = [[0.5, 0.0, -0.866025] [0.0, 1.0, 0.0] [0.866025, 0.0, 0.5] [-94.1913, -0.188131, -91.1755]]
}
node {
	name:t = "universal_airfield_tent_e"
	tm:m = [[0.422618, 0.0, 0.906308] [0.0, 1.0, 0.0] [-0.906308, 0.0, 0.422618] [-122.851, 0.0, -85.9683]]
}
node {
	name:t = "universal_airfield_tent_h"
	tm:m = [[0.5, 0.0, 0.866025] [0.0, 1.0, 0.0] [-0.866025, 0.0, 0.5] [-123.076, -0.430349, -99.059]]
}
node {
	name:t = "universal_airfield_tent_i"
	tm:m = [[1.0, 0.0, 0.0] [0.0, 1.0, 0.0] [0.0, 0.0, 1.0] [-113.596, -0.359314, -78.304]]
}
node {
	name:t = "universal_airfield_tent_e"
	tm:m = [[1.0, 0.0, 0.0] [0.0, 1.0, 0.0] [0.0, 0.0, 1.0] [-103.834, 0.0, -74.0264]]
}
node {
	name:t = "universal_airfield_tent_f"
	tm:m = [[0.573576, 0.0, 0.819152] [0.0, 1.0, 0.0] [-0.819152, 0.0, 0.573576] [-94.2772, 0.0, -78.2935]]
}
node {
	name:t = "universal_airfield_tent_d"
	tm:m = [[0.258819, 0.0, -0.965926] [0.0, 1.0, 0.0] [0.965926, 0.0, 0.258819] [-125.393, 0.0, -75.6381]]
}
node {
	name:t = "universal_airfield_tent_e"
	tm:m = [[0.5, 0.0, -0.866025] [0.0, 1.0, 0.0] [0.866025, 0.0, 0.5] [-119.414, 0.0, -69.2881]]
}
node {
	name:t = "universal_airfield_tent_f"
	tm:m = [[0.258819, 0.0, 0.965926] [0.0, 1.0, 0.0] [-0.965926, 0.0, 0.258819] [-108.184, 0.0, -66.2092]]
}
node {
	name:t = "universal_airfield_tent_i"
	tm:m = [[0.422618, 0.0, 0.906308] [0.0, 1.0, 0.0] [-0.906308, 0.0, 0.422618] [-100.287, -0.359314, -67.1759]]
}
node {
	name:t = "universal_airfield_barrels_group_a"
	tm:m = [[0.999848, 0.0, -0.0174521] [0.0, 1.0, 0.0] [0.0174521, 0.0, 0.999848] [91.5939, 0.0, -33.4772]]
}
node {
	name:t = "universal_airfield_fuel_box_d"
	tm:m = [[-4.37114e-8, 0.0, -1.0] [0.0, 1.0, 0.0] [1.0, 0.0, -4.37114e-8] [101.845, 0.0, -37.8007]]
}
node {
	name:t = "universal_airfield_fuel_box_b"
	tm:m = [[-4.37114e-8, 0.0, -1.0] [0.0, 1.0, 0.0] [1.0, 0.0, -4.37114e-8] [102.672, 0.0, -47.6165]]
}
node {
	name:t = "universal_airfield_barrack_b"
	tm:m = [[-4.37114e-8, 0.0, 1.0] [0.0, 1.0, 0.0] [-1.0, 0.0, -4.37114e-8] [48.2176, 0.0, -68.4345]]
}
node {
	name:t = "universal_airfield_barrack_d"
	tm:m = [[-4.37114e-8, 0.0, 1.0] [0.0, 1.0, 0.0] [-1.0, 0.0, -4.37114e-8] [49.6237, 0.0, -82.6455]]
}
node {
	name:t = "universal_airfield_barrack_f"
	tm:m = [[-1.0, 0.0, 1.50996e-7] [0.0, 1.0, 0.0] [-1.50996e-7, 0.0, -1.0] [39.5816, 0.0, -54.3702]]
}
node {
	name:t = "universal_airfield_tent_d"
	tm:m = [[0.866025, 0.0, 0.5] [0.0, 1.0, 0.0] [-0.5, 0.0, 0.866025] [-126.819, 0.0, -62.3529]]
}
node {
	name:t = "universal_airfield_tent_d"
	tm:m = [[0.906308, 0.0, -0.422618] [0.0, 1.0, 0.0] [0.422618, 0.0, 0.906308] [-115.76, 0.0, -61.2727]]
}
node {
	name:t = "studebaker_us6_u1"
	tm:m = [[0.996195, 0.0, 0.0871563] [0.0, 1.0, 0.0] [-0.0871563, 0.0, 0.996195] [-61.5205, 0.0, -43.6336]]
}
node {
	name:t = "studebaker_us6_u1"
	tm:m = [[-5.20549e-7, 0.0, 1.0] [0.0, 1.0, 0.0] [-1.0, 0.0, -5.20549e-7] [94.4176, 0.0, -96.7002]]
}
node {
	name:t = "us_general_m35"
	tm:m = [[-0.173648, 0.0, 0.984808] [0.0, 1.0, 0.0] [-0.984808, 0.0, -0.173648] [49.6421, 0.0, -46.432]]
}
node {
	name:t = "us_general_m35"
	tm:m = [[0.996195, 0.0, 0.0871555] [0.0, 1.0, 0.0] [-0.0871555, 0.0, 0.996195] [-59.2815, 0.0, -47.1785]]
}
node {
	name:t = "dodge_m37_b1"
	tm:m = [[1.0, 0.0, 1.74846e-7] [0.0, 1.0, 0.0] [-1.74846e-7, 0.0, 1.0] [56.3092, 0.0, -47.1382]]
}
node {
	name:t = "mercedess_oil_truck"
	tm:m = [[-0.920505, 0.0, -0.390731] [0.0, 1.0, 0.0] [0.390731, 0.0, -0.920505] [93.2613, 0.0, -46.4535]]
}
node {
	name:t = "universal_airfield_fuel_box_d"
	tm:m = [[0.996195, 0.0, 0.0871557] [0.0, 1.0, 0.0] [-0.0871557, 0.0, 0.996195] [-59.9092, 0.0, -22.0724]]
}
node {
	name:t = "universal_airfield_barrels_group_b"
	tm:m = [[-0.62932, 0.0, 0.777147] [0.0, 1.0, 0.0] [-0.777147, 0.0, -0.62932] [-52.5009, 0.0, -27.8966]]
}
node {
	name:t = "universal_airfield_barrels_group_d"
	tm:m = [[-0.809017, 0.0, -0.587786] [0.0, 1.0, 0.0] [0.587786, 0.0, -0.809017] [-62.0588, 0.0, -35.6341]]
}