className:t = "composit"
size:p2 = 272, 272
airfield {
	start:p3 = 125, 0, 0
	end:p3 = -125, 0, 0
	width:r = 250
	spawn:p3 = -43, 0, 65
	spawn:p3 = -43, 0, -63
	spawn:p3 = -110, 0, 2
	spawn:p3 = 54, 0, -4
	spawn:p3 = -50, 0, 0
	spawn:p3 = 47, 0, -61
	spawn:p3 = -44, 0, -121
	spawn:p3 = -85, 0, 41
	spawn:p3 = 114, 0, 114
	spawn:p3 = 24, 0, 23
	spawn:p3 = -118, 0, 115
	spawn:p3 = -4, 0, 102
	spawn:p3 = -56, 0, 120
	spawn:p3 = -102, 0, -103
	spawn:p3 = 51, 0, -120
	spawn:p3 = -79, 0, -40
	repairTags {
		type_attack_helicopter:b = true
		type_utility_helicopter:b = true
		vtol_jet:b = true
	}
}
storage {
	start:p3 = -24, 0, -23
	end:p3 = -95, 0, -23
	width:r = 250
}
parking {
	start:p3 = -10, 0, -34
	end:p3 = 56, 0, -34
	width:r = 250
}
dwelling {
	start:p3 = -21, 0, 11
	end:p3 = 7, 0, 12
	width:r = 250
}
node {
	name:t = "^^dynHelipad_snow_c_mesh"
	tm:m = [[1.0, 0.0, 0.0] [0.0, 1.0, 0.0] [0.0, 0.0, 1.0] [0.0, 0.0, 0.0]]
}
node {
	name:t = "++NoTreesBox000"
	tm:m = [[160.0, 0.0, 0.0] [0.0, 15.0, 0.0] [0.0, 0.0, 160.0] [0.0, 0.0, 0.0]]
}
node {
	name:t = "universal_airfield_tower_a_snow"
	tm:m = [[1.0, 0.0, 0.0] [0.0, 1.0, 0.0] [0.0, 0.0, 1.0] [15.8758, 0.0, -101.448]]
}
node {
	name:t = "universal_airfield_fuel_box_a_snow"
	tm:m = [[-0.732598, 0.0, 0.680661] [0.0, 1.0, 0.0] [-0.680661, 0.0, -0.732598] [-113.46, 0.0, -59.4905]]
}
node {
	name:t = "universal_airfield_shed_a_snow"
	tm:m = [[1.0, 0.0, -4.76837e-7] [0.0, 1.0, 0.0] [4.76837e-7, 0.0, 1.0] [52.9825, 0.0, 109.064]]
}
node {
	name:t = "universal_airfield_barrack_f_snow"
	tm:m = [[1.94707e-7, 0.0, 1.0] [0.0, 1.0, 0.0] [-1.0, 0.0, 1.94707e-7] [37.154, 0.0, 108.574]]
}
node {
	name:t = "universal_airfield_hangar_d_snow"
	tm:m = [[-4.37114e-8, 0.0, 1.0] [0.0, 1.0, 0.0] [-1.0, 0.0, -4.37114e-8] [7.03393, 0.0, 54.4802]]
}
node {
	name:t = "universal_airfield_tower_b_snow"
	tm:m = [[0.173648, 0.0, 0.984808] [0.0, 1.0, 0.0] [-0.984808, 0.0, 0.173648] [61.9895, 0.0, 103.697]]
}
node {
	name:t = "universal_airfield_table_a_snow"
	tm:m = [[0.906308, 0.0, -0.422618] [0.0, 1.0, 0.0] [0.422618, 0.0, 0.906308] [77.2119, 0.0, -97.1963]]
}
node {
	name:t = "universal_airfield_barrack_c_snow"
	tm:m = [[-1.0, 0.0, 1.50996e-7] [0.0, 1.0, 0.0] [-1.50996e-7, 0.0, -1.0] [91.8957, 0.0, -91.5442]]
}
node {
	name:t = "universal_airfield_shed_a_snow"
	tm:m = [[-1.0, 0.0, 3.25841e-7] [0.0, 1.0, 0.0] [-3.25841e-7, 0.0, -1.0] [-9.8839, 0.0, -16.0924]]
}
node {
	name:t = "universal_airfield_barrack_e_snow"
	tm:m = [[-4.37114e-8, 0.0, -1.0] [0.0, 1.0, 0.0] [1.0, 0.0, -4.37114e-8] [116.855, 0.0, -43.9813]]
}
node {
	name:t = "universal_airfield_barrack_g_snow"
	tm:m = [[-4.37114e-8, 0.0, 1.0] [0.0, 1.0, 0.0] [-1.0, 0.0, -4.37114e-8] [117.554, 0.0, 5.09122]]
}
node {
	name:t = "universal_airfield_barrack_e_snow"
	tm:m = [[-4.37114e-8, 0.0, -1.0] [0.0, 1.0, 0.0] [1.0, 0.0, -4.37114e-8] [116.855, 0.0, -62.256]]
}
node {
	name:t = "universal_airfield_fuel_tank_a"
	tm:m = [[0.34202, 0.0, -0.939693] [0.0, 1.0, 0.0] [0.939693, 0.0, 0.34202] [-52.2253, 0.0, 36.2811]]
}
node {
	name:t = "universal_airfield_fuel_tank_b"
	tm:m = [[-0.984808, 0.0, -0.173648] [0.0, 1.0, 0.0] [0.173648, 0.0, -0.984808] [-22.7113, 0.0, -76.0804]]
}
node {
	name:t = "universal_airfield_shed_a_snow"
	tm:m = [[0.354021, 0.0, 0.935238] [0.0, 1.0, 0.0] [-0.935238, 0.0, 0.354021] [-93.2175, 0.0, 88.4701]]
}
node {
	name:t = "universal_airfield_fuel_tank_b"
	tm:m = [[0.922575, 0.0, 0.385819] [0.0, 1.0, 0.0] [-0.385819, 0.0, 0.922575] [-81.6557, 0.0, -41.7536]]
}
node {
	name:t = "universal_airfield_fuel_tent_c_snow"
	tm:m = [[-0.212594, 0.0, 0.977141] [0.0, 1.0, 0.0] [-0.977141, 0.0, -0.212594] [-97.0052, 0.0, 77.9991]]
}
node {
	name:t = "universal_airfield_hangar_b_snow"
	tm:m = [[1.0, 0.0, 0.0] [0.0, 1.0, 0.0] [0.0, 0.0, 1.0] [81.9108, 0.0, 62.0011]]
}
node {
	name:t = "universal_airfield_tent_c_snow"
	tm:m = [[-4.37114e-8, 0.0, -1.0] [0.0, 1.0, 0.0] [1.0, 0.0, -4.37114e-8] [100.448, 0.0, 55.9453]]
}
node {
	name:t = "universal_airfield_fuel_tent_c_snow"
	tm:m = [[-0.739931, 0.0, -0.672682] [0.0, 1.0, 0.0] [0.672682, 0.0, -0.739931] [-1.73767, 0.0, -36.5842]]
}
node {
	name:t = "universal_airfield_fuel_tent_c_snow"
	tm:m = [[0.790951, 0.0, -0.61188] [0.0, 1.0, 0.0] [0.61188, 0.0, 0.790951] [-33.0069, 0.0, 29.9341]]
}
node {
	name:t = "universal_airfield_fuel_tent_c_snow"
	tm:m = [[-0.465237, 0.0, -0.885186] [0.0, 1.0, 0.0] [0.885186, 0.0, -0.465237] [120.598, 0.0, -21.8404]]
}
node {
	name:t = "universal_airfield_fuel_box_a_snow"
	tm:m = [[-0.998723, 0.0, 0.0505119] [0.0, 1.0, 0.0] [-0.0505119, 0.0, -0.998723] [117.088, 0.0, -102.547]]
}