className:t = "composit"
size:p2 = 272, 272
airfield {
	start:p3 = 125, 0, 0
	end:p3 = -125, 0, 0
	width:r = 250
	spawn:p3 = 63, 0, 62
	spawn:p3 = 65, 0, -55
	spawn:p3 = -68, 0, -69
	spawn:p3 = -87, 0, 83
	spawn:p3 = -42, 0, 44
	spawn:p3 = 1, 0, 22
	spawn:p3 = 16, 0, 62
	spawn:p3 = 8, 0, -12
	spawn:p3 = -65, 0, -30
	spawn:p3 = 25, 0, -38
	spawn:p3 = 58, 0, 0
	spawn:p3 = 63, 0, -107
	spawn:p3 = -7, 0, -64
	spawn:p3 = -70, 0, 53
	spawn:p3 = 98, 0, 94
	spawn:p3 = 44, 0, 27
	repairTags {
		type_attack_helicopter:b = true
		type_utility_helicopter:b = true
		vtol_jet:b = true
	}
}
storage {
	start:p3 = -24, 0, -23
	end:p3 = -95, 0, -23
	width:r = 250
}
parking {
	start:p3 = -10, 0, -34
	end:p3 = 56, 0, -34
	width:r = 250
}
dwelling {
	start:p3 = -21, 0, 11
	end:p3 = 7, 0, 12
	width:r = 250
}
node {
	name:t = "^^dynHelipad_dirt_a_mesh"
	tm:m = [[1.0, 0.0, 0.0] [0.0, 1.0, 0.0] [0.0, 0.0, 1.0] [0.0, 0.0, 0.0]]
}
node {
	name:t = "++NoTreesBox000"
	tm:m = [[150.0, 0.0, 0.0] [0.0, 15.0, 0.0] [0.0, 0.0, 150.0] [0.0, 0.0, 0.0]]
}
node {
	name:t = "universal_airfield_tent_f"
	tm:m = [[-0.34202, 0.0, -0.939693] [0.0, 1.0, 0.0] [0.939693, 0.0, -0.34202] [-105.613, 0.0, -27.5225]]
}
node {
	name:t = "universal_airfield_tent_d"
	tm:m = [[-0.866025, 0.0, 0.5] [0.0, 1.0, 0.0] [-0.5, 0.0, -0.866025] [-96.895, 0.0, 13.3242]]
}
node {
	name:t = "universal_airfield_tower_b"
	tm:m = [[-0.258819, 0.0, 0.965926] [0.0, 1.0, 0.0] [-0.965926, 0.0, -0.258819] [-33.3574, 0.0, 75.2814]]
}
node {
	name:t = "universal_airfield_fuel_tank_a"
	tm:m = [[1.0, 0.0, 0.0] [0.0, 1.0, 0.0] [0.0, 0.0, 1.0] [-17.4659, 0.0, -19.9536]]
}
node {
	name:t = "universal_airfield_fuel_tank_a"
	tm:m = [[-0.422618, 0.0, 0.906308] [0.0, 1.0, 0.0] [-0.906308, 0.0, -0.422618] [-23.5268, 0.0, -24.5276]]
}
node {
	name:t = "universal_airfield_tent_d"
	tm:m = [[0.258819, 0.0, -0.965926] [0.0, 1.0, 0.0] [0.965926, 0.0, 0.258819] [-104.686, 0.0, 5.67935]]
}
node {
	name:t = "universal_airfield_tent_e"
	tm:m = [[0.939693, 0.0, -0.34202] [0.0, 1.0, 0.0] [0.34202, 0.0, 0.939693] [-105.248, 0.0, -3.26678]]
}
node {
	name:t = "universal_airfield_tent_f"
	tm:m = [[-0.996195, 0.0, 0.0871556] [0.0, 1.0, 0.0] [-0.0871556, 0.0, -0.996195] [-96.5201, 0.0, -14.9104]]
}
node {
	name:t = "universal_airfield_tent_i"
	tm:m = [[0.965926, 0.0, -0.258819] [0.0, 1.0, 0.0] [0.258819, 0.0, 0.965926] [-103.9, -0.359314, -20.5032]]
}
node {
	name:t = "universal_airfield_tent_d"
	tm:m = [[-0.939693, 0.0, -0.34202] [0.0, 1.0, 0.0] [0.34202, 0.0, -0.939693] [-106.105, 0.0, 15.6201]]
}
node {
	name:t = "universal_airfield_tent_e"
	tm:m = [[0.573576, 0.0, 0.819152] [0.0, 1.0, 0.0] [-0.819152, 0.0, 0.573576] [-94.3088, 0.0, -25.6204]]
}
node {
	name:t = "universal_airfield_tent_f"
	tm:m = [[0.766045, 0.0, -0.642787] [0.0, 1.0, 0.0] [0.642787, 0.0, 0.766045] [-95.9613, 0.0, 0.0303774]]
}
node {
	name:t = "universal_airfield_tent_b"
	tm:m = [[0.996195, 0.0, 0.0871558] [0.0, 1.0, 0.0] [-0.0871558, 0.0, 0.996195] [-87.1077, -0.188131, -11.4417]]
}
node {
	name:t = "universal_airfield_tent_a"
	tm:m = [[0.965926, 0.0, -0.258819] [0.0, 1.0, 0.0] [0.258819, 0.0, 0.965926] [-7.70689, 0.0, 84.1131]]
}
node {
	name:t = "universal_airfield_tent_h"
	tm:m = [[0.965926, 0.0, -0.258819] [0.0, 1.0, 0.0] [0.258819, 0.0, 0.965926] [-117.844, -0.430349, 6.92163]]
}
node {
	name:t = "universal_airfield_tent_d"
	tm:m = [[7.54979e-8, 0.0, -1.0] [0.0, 1.0, 0.0] [1.0, 0.0, 7.54979e-8] [-106.157, 0.0, -12.6506]]
}
node {
	name:t = "universal_airfield_tent_i"
	tm:m = [[-0.819152, 0.0, 0.573576] [0.0, 1.0, 0.0] [-0.573576, 0.0, -0.819152] [-120.258, -0.359314, -12.0697]]
}
node {
	name:t = "universal_airfield_tent_c"
	tm:m = [[0.5, 0.0, 0.866025] [0.0, 1.0, 0.0] [-0.866025, 0.0, 0.5] [-12.6872, 0.0, -30.8268]]
}
node {
	name:t = "universal_airfield_barrack_e"
	tm:m = [[-0.984808, 0.0, 0.173648] [0.0, 1.0, 0.0] [-0.173648, 0.0, -0.984808] [-57.4875, 0.0, 4.16521]]
}
node {
	name:t = "universal_airfield_barrack_f"
	tm:m = [[0.422618, 0.0, 0.906308] [0.0, 1.0, 0.0] [-0.906308, 0.0, 0.422618] [-61.3611, 0.0, 24.9812]]
}
node {
	name:t = "universal_airfield_barrack_g"
	tm:m = [[1.0, 0.0, 0.0] [0.0, 1.0, 0.0] [0.0, 0.0, 1.0] [-74.9392, 0.0, 7.8145]]
}
node {
	name:t = "universal_airfield_shed_a"
	tm:m = [[0.766045, 0.0, 0.642787] [0.0, 1.0, 0.0] [-0.642787, 0.0, 0.766045] [-25.8951, 0.0, 86.8995]]
}
node {
	name:t = "universal_airfield_shed_a"
	tm:m = [[-0.939693, 0.0, -0.34202] [0.0, 1.0, 0.0] [0.34202, 0.0, -0.939693] [18.1768, 0.0, -79.8934]]
}
node {
	name:t = "universal_airfield_tower_c"
	tm:m = [[0.965926, 0.0, 0.258819] [0.0, 1.0, 0.0] [-0.258819, 0.0, 0.965926] [109.205, 0.0, -1.80039]]
}
node {
	name:t = "universal_airfield_barrels_group_c"
	tm:m = [[-0.809017, 0.0, 0.587785] [0.0, 1.0, 0.0] [-0.587785, 0.0, -0.809017] [-30.3906, 0.0, -10.9765]]
}
node {
	name:t = "universal_airfield_fuel_tent_b"
	tm:m = [[-0.981627, 0.0, 0.190809] [0.0, 1.0, 0.0] [-0.190809, 0.0, -0.981627] [-37.75, -0.479726, -21.3821]]
}
node {
	name:t = "universal_airfield_sandbags_b"
	tm:m = [[-0.173648, 0.0, -0.984808] [0.0, 1.0, 0.0] [0.984808, 0.0, -0.173648] [-29.6755, 0.0, -1.49273]]
}
node {
	name:t = "universal_airfield_sandbags_a"
	tm:m = [[-0.258819, 0.0, 0.965926] [0.0, 1.0, 0.0] [-0.965926, 0.0, -0.258819] [-36.6287, 0.0085187, -28.2574]]
}
node {
	name:t = "studebaker_us6_u1"
	tm:m = [[-0.956305, 0.0, 0.292372] [0.0, 1.0, 0.0] [-0.292372, 0.0, -0.956305] [-19.1025, 0.0, -11.7247]]
}
node {
	name:t = "uaz_452"
	tm:m = [[0.573577, 0.0, -0.819152] [0.0, 1.0, 0.0] [0.819152, 0.0, 0.573577] [-38.1784, 0.0, 62.8523]]
}
node {
	name:t = "uaz_452"
	tm:m = [[3.13916e-7, 0.0, 1.0] [0.0, 1.0, 0.0] [-1.0, 0.0, 3.13916e-7] [-63.6741, 0.0, 8.2818]]
}
node {
	name:t = "studebaker_us6_u1"
	tm:m = [[-0.5, 0.0, 0.866025] [0.0, 1.0, 0.0] [-0.866025, 0.0, -0.5] [41.5917, 0.0, -88.8463]]
}
node {
	name:t = "universal_airfield_tent_d"
	tm:m = [[0.173648, 0.0, -0.984808] [0.0, 1.0, 0.0] [0.984808, 0.0, 0.173648] [-119.036, 0.0, -3.51065]]
}
node {
	name:t = "universal_airfield_barrels_group_d"
	tm:m = [[-0.559192, 0.0, -0.829038] [0.0, 1.0, 0.0] [0.829038, 0.0, -0.559192] [28.047, 0.0, -71.1739]]
}
node {
	name:t = "universal_airfield_fuel_box_c"
	tm:m = [[-0.965926, 0.0, 0.258819] [0.0, 1.0, 0.0] [-0.258819, 0.0, -0.965926] [33.0089, 0.0055019, -82.2342]]
}
node {
	name:t = "universal_airfield_fuel_tank_a"
	tm:m = [[-0.5, 0.0, 0.866025] [0.0, 1.0, 0.0] [-0.866025, 0.0, -0.5] [33.0594, 0.0, -61.0839]]
}
node {
	name:t = "universal_airfield_barrels_group_a"
	tm:m = [[0.997564, 0.0, 0.0697567] [0.0, 1.0, 0.0] [-0.0697567, 0.0, 0.997564] [-27.9194, 0.0, -32.7354]]
}
node {
	name:t = "universal_airfield_fuel_box_a"
	tm:m = [[-0.984808, 0.0, -0.173648] [0.0, 1.0, 0.0] [0.173648, 0.0, -0.984808] [-22.9408, 0.0, -41.4642]]
}
node {
	name:t = "universal_airfield_fuel_box_b"
	tm:m = [[0.258819, 0.0, 0.965926] [0.0, 1.0, 0.0] [-0.965926, 0.0, 0.258819] [-40.009, 0.0, -8.27625]]
}
node {
	name:t = "uaz_31514"
	tm:m = [[0.996195, 0.0, -0.0871551] [0.0, 1.0, 0.0] [0.0871551, 0.0, 0.996195] [-115.398, 0.0, -31.5784]]
}