className:t = "composit"
node {
	type:t = "rendInst"
	name:t = "%american_lamp_post_low_a_single"
	tm:m = [[1.0, 0.0, -5.96046e-8] [0.0, 1.0, 0.0] [5.96046e-8, 0.0, 1.0] [0.0, 0.0, 0.0]]
	toGround:b = false
}
node {
	type:t = "rendInst"
	name:t = "%american_lamp_post_low_a_single"
	tm:m = [[0.971076, 0.0, 0.238769] [0.0, 1.0, 0.0] [-0.238769, 0.0, 0.971076] [43.5995, 0.0, 92.349]]
	toGround:b = false
}
node {
	type:t = "rendInst"
	name:t = "%american_lamp_post_low_a_single"
	tm:m = [[0.969999, 0.0, 0.24311] [0.0, 1.0, 0.0] [-0.24311, 0.0, 0.969999] [28.5737, 0.0, 90.3631]]
	toGround:b = false
}
node {
	type:t = "rendInst"
	name:t = "%american_lamp_post_low_a_single"
	tm:m = [[0.969999, 0.0, 0.24311] [0.0, 1.0, 0.0] [-0.24311, 0.0, 0.969999] [13.5759, 0.0, 88.4061]]
	toGround:b = false
}
node {
	type:t = "rendInst"
	name:t = "%american_lamp_post_low_a_single"
	tm:m = [[0.991703, 0.0, 0.128554] [0.0, 1.0, 0.0] [-0.128554, 0.0, 0.991703] [61.5154, 0.0, 47.4998]]
	toGround:b = false
}
node {
	type:t = "rendInst"
	name:t = "%american_lamp_post_low_a_single"
	tm:m = [[0.991703, 0.0, 0.128554] [0.0, 1.0, 0.0] [-0.128554, 0.0, 0.991703] [46.3945, 0.0, 47.2783]]
	toGround:b = false
}
node {
	type:t = "rendInst"
	name:t = "%american_lamp_post_low_a_single"
	tm:m = [[0.992372, 0.0, 0.123282] [0.0, 1.0, 0.0] [-0.123282, 0.0, 0.992372] [2.255, 0.0, 75.6595]]
	toGround:b = false
}
node {
	type:t = "rendInst"
	name:t = "%american_lamp_post_low_a_single"
	tm:m = [[0.991118, 0.0, 0.132988] [0.0, 1.0, 0.0] [-0.132988, 0.0, 0.991118] [31.2491, 0.0, 46.9679]]
	toGround:b = false
}
node {
	type:t = "rendInst"
	name:t = "%american_lamp_post_low_a_single"
	tm:m = [[0.991118, 0.0, 0.132988] [0.0, 1.0, 0.0] [-0.132988, 0.0, 0.991118] [16.1477, 0.0, 46.8976]]
	toGround:b = false
}
node {
	type:t = "rendInst"
	name:t = "%american_lamp_post_low_a_single"
	tm:m = [[0.997739, 0.0, 0.0672045] [0.0, 1.0, 0.0] [-0.0672045, 0.0, 0.997739] [0.484985, 0.0, 90.8834]]
	toGround:b = false
}
node {
	type:t = "rendInst"
	name:t = "%american_lamp_post_low_a_single"
	tm:m = [[0.998212, 0.0, 0.0597782] [0.0, 1.0, 0.0] [-0.0597782, 0.0, 0.998212] [3.14368, 0.0, 60.404]]
	toGround:b = false
}
node {
	type:t = "rendInst"
	name:t = "%american_lamp_post_low_a_single"
	tm:m = [[0.998212, 0.0, 0.0597782] [0.0, 1.0, 0.0] [-0.0597782, 0.0, 0.998212] [3.05811, 0.0, 45.1264]]
	toGround:b = false
}
node {
	type:t = "rendInst"
	name:t = "%american_lamp_post_low_a_single"
	tm:m = [[1.0, 0.0, -5.96046e-8] [0.0, 1.0, 0.0] [5.96046e-8, 0.0, 1.0] [2.82629, 0.0, 29.8401]]
	toGround:b = false
}
node {
	type:t = "rendInst"
	name:t = "%american_lamp_post_low_a_single"
	tm:m = [[1.0, 0.0, -5.96046e-8] [0.0, 1.0, 0.0] [5.96046e-8, 0.0, 1.0] [1.75427, 0.0, 14.6805]]
	toGround:b = false
}
node {
	type:t = "rendInst"
	name:t = "%american_lamp_post_low_a_single"
	tm:m = [[0.996774, 0.0, -0.080256] [0.0, 1.0, 0.0] [0.080256, 0.0, 0.996774] [30.5526, 0.0, -33.1678]]
	toGround:b = false
}
node {
	type:t = "rendInst"
	name:t = "%american_lamp_post_low_a_single"
	tm:m = [[0.995742, 0.0, 0.0921908] [0.0, 1.0, 0.0] [-0.0921908, 0.0, 0.995742] [-42.7214, 0.0, 55.1759]]
	toGround:b = false
}
node {
	type:t = "rendInst"
	name:t = "%american_lamp_post_low_a_single"
	tm:m = [[0.999483, 0.0, 0.0321557] [0.0, 1.0, 0.0] [-0.0321557, 0.0, 0.999483] [-42.3088, 0.0, 39.9052]]
	toGround:b = false
}
node {
	type:t = "rendInst"
	name:t = "%american_lamp_post_low_a_single"
	tm:m = [[0.999618, 0.0, -0.0276486] [0.0, 1.0, 0.0] [0.0276486, 0.0, 0.999618] [-42.9608, 0.0, 24.6327]]
	toGround:b = false
}
node {
	type:t = "rendInst"
	name:t = "%american_lamp_post_low_a_single"
	tm:m = [[0.999618, 0.0, -0.0276486] [0.0, 1.0, 0.0] [0.0276486, 0.0, 0.999618] [-44.4564, 0.0, 9.50388]]
	toGround:b = false
}
node {
	type:t = "rendInst"
	name:t = "%american_lamp_post_low_a_single"
	tm:m = [[0.990074, 0.0, -0.140545] [0.0, 1.0, 0.0] [0.140545, 0.0, 0.990074] [-49.4635, 0.0, -15.969]]
	toGround:b = false
}
node {
	type:t = "rendInst"
	name:t = "%american_lamp_post_low_a_single"
	tm:m = [[0.965569, 0.0, -0.26015] [0.0, 1.0, 0.0] [0.26015, 0.0, 0.965569] [-49.4672, 0.0, -15.9655]]
	toGround:b = false
}
node {
	type:t = "rendInst"
	name:t = "%american_lamp_post_low_a_single"
	tm:m = [[0.970374, 0.0, -0.241608] [0.0, 1.0, 0.0] [0.241608, 0.0, 0.970374] [-61.488, 0.0, -60.099]]
	toGround:b = false
}
node {
	type:t = "rendInst"
	name:t = "%american_lamp_post_low_a_single"
	tm:m = [[0.979833, 0.0, -0.199819] [0.0, 1.0, 0.0] [0.199819, 0.0, 0.979833] [-52.6223, 0.0, -30.9334]]
	toGround:b = false
}
node {
	type:t = "rendInst"
	name:t = "%american_lamp_post_low_a_single"
	tm:m = [[-0.32461, 0.0, -0.945848] [0.0, 1.0, 0.0] [0.945848, 0.0, -0.32461] [-56.7567, 0.0, -45.6197]]
	toGround:b = false
}
node {
	type:t = "rendInst"
	name:t = "%american_lamp_post_low_a_single"
	tm:m = [[0.894083, 0.0, -0.447904] [0.0, 1.0, 0.0] [0.447904, 0.0, 0.894083] [-87.8879, 0.0, -114.956]]
	toGround:b = false
}
node {
	type:t = "rendInst"
	name:t = "%american_lamp_post_low_a_single"
	tm:m = [[0.938074, 0.0, -0.346433] [0.0, 1.0, 0.0] [0.346433, 0.0, 0.938074] [-66.8936, 0.0, -74.3778]]
	toGround:b = false
}
node {
	type:t = "rendInst"
	name:t = "%american_lamp_post_low_a_single"
	tm:m = [[-0.464609, 0.0, -0.885516] [0.0, 1.0, 0.0] [0.885516, 0.0, -0.464609] [-73.2153, 0.0, -88.2677]]
	toGround:b = false
}
node {
	type:t = "rendInst"
	name:t = "%american_lamp_post_low_a_single"
	tm:m = [[0.922375, 0.0, -0.386299] [0.0, 1.0, 0.0] [0.386299, 0.0, 0.922375] [-80.0873, 0.0, -101.856]]
	toGround:b = false
}