className:t = "composit"
node {
	type:t = "rendInst"
	name:t = "$sicily_cafe_chair_a"
	tm:m = [[0.999768, 0.0, 0.0215442] [0.0, 1.0, 0.0] [-0.0215442, 0.0, 0.999768] [0.0, 0.0, 0.0]]
	toGround:b = false
}
node {
	type:t = "rendInst"
	name:t = "$sicily_cafe_chair_a"
	tm:m = [[0.706987, 0.0, 0.707226] [0.0, 1.0, 0.0] [-0.707226, 0.0, 0.706987] [-3.2593, 0.0, 2.633]]
	toGround:b = false
}
node {
	type:t = "rendInst"
	name:t = "$sicily_cafe_table_b"
	tm:m = [[0.816352, 0.0, 0.577555] [0.0, 1.0, 0.0] [-0.577555, 0.0, 0.816352] [-3.0737, -0.0347977, 1.64301]]
	toGround:b = false
}
node {
	type:t = "rendInst"
	name:t = "$sicily_cafe_chair_a"
	tm:m = [[0.894018, 0.0, 0.448031] [0.0, 1.0, 0.0] [-0.448031, 0.0, 0.894018] [-2.188, 0.0, 1.15503]]
	toGround:b = false
}
node {
	type:t = "rendInst"
	name:t = "$sicily_cafe_chair_a"
	tm:m = [[0.620478, 0.0, 0.784223] [0.0, 1.0, 0.0] [-0.784223, 0.0, 0.620478] [-3.0655, 0.0, 4.49402]]
	toGround:b = false
}
node {
	type:t = "rendInst"
	name:t = "$sicily_cafe_table_b"
	tm:m = [[0.744102, 0.0, 0.668066] [0.0, 1.0, 0.0] [-0.668066, 0.0, 0.744102] [-2.7667, -0.0347977, 3.53198]]
	toGround:b = false
}
node {
	type:t = "rendInst"
	name:t = "$sicily_cafe_chair_a"
	tm:m = [[0.836222, 0.0, 0.548391] [0.0, 1.0, 0.0] [-0.548391, 0.0, 0.836222] [-1.8305, 0.0, 3.14899]]
	toGround:b = false
}
node {
	type:t = "rendInst"
	name:t = "$sicily_cafe_chair_a"
	tm:m = [[0.852229, 0.0, 0.52317] [0.0, 1.0, 0.0] [-0.52317, 0.0, 0.852229] [-1.5351, 0.0, 2.35901]]
	toGround:b = false
}
node {
	type:t = "rendInst"
	name:t = "$sicily_cafe_table_b"
	tm:m = [[0.882557, 0.0, 0.470205] [0.0, 1.0, 0.0] [-0.470205, 0.0, 0.882557] [-1.1758, -0.0347977, 1.474]]
	toGround:b = false
}
node {
	type:t = "rendInst"
	name:t = "$sicily_cafe_chair_a"
	tm:m = [[0.943302, 0.0, 0.331936] [0.0, 1.0, 0.0] [-0.331936, 0.0, 0.943302] [-0.3587, 0.0, 0.877991]]
	toGround:b = false
}
node {
	type:t = "rendInst"
	name:t = "$sicily_cafe_table_b"
	tm:m = [[0.978462, 0.0, -0.206426] [0.0, 1.0, 0.0] [0.206426, 0.0, 0.978462] [-0.316399, -0.0347977, -0.854004]]
	toGround:b = false
}
node {
	type:t = "rendInst"
	name:t = "$sicily_cafe_chair_a"
	tm:m = [[0.99143, 0.0, -0.130638] [0.0, 1.0, 0.0] [0.130638, 0.0, 0.99143] [0.142601, 0.0, -1.755]]
	toGround:b = false
}
node {
	type:t = "rendInst"
	name:t = "$sicily_cafe_table_b"
	tm:m = [[0.822101, 0.0, -0.569341] [0.0, 1.0, 0.0] [0.569341, 0.0, 0.822101] [-2.1689, -0.0347977, -1.99701]]
	toGround:b = false
}
node {
	type:t = "rendInst"
	name:t = "$sicily_cafe_chair_a"
	tm:m = [[0.863415, 0.0, -0.504495] [0.0, 1.0, 0.0] [0.504495, 0.0, 0.863415] [-2.095, -0.0706978, -3.005]]
	toGround:b = false
}
node {
	type:t = "rendInst"
	name:t = "$sicily_cafe_chair_a"
	tm:m = [[0.930053, 0.0, -0.367424] [0.0, 1.0, 0.0] [0.367424, 0.0, 0.930053] [-1.5467, -0.0706978, -1.33197]]
	toGround:b = false
}
node {
	type:t = "rendInst"
	name:t = "$sicily_cafe_chair_a"
	tm:m = [[0.592002, 0.0, -0.805937] [0.0, 1.0, 0.0] [0.805937, 0.0, 0.592002] [-2.9633, -0.0706978, -3.47797]]
	toGround:b = false
}
node {
	type:t = "rendInst"
	name:t = "$sicily_cafe_chair_a"
	tm:m = [[0.955156, 0.0, 0.296101] [0.0, 1.0, 0.0] [-0.296101, 0.0, 0.955156] [1.4712, 0.0, 1.31799]]
	toGround:b = false
}
node {
	type:t = "rendInst"
	name:t = "$sicily_cafe_chair_a"
	tm:m = [[0.985343, 0.0, 0.170584] [0.0, 1.0, 0.0] [-0.170584, 0.0, 0.985343] [1.6721, 0.0, 0.544983]]
	toGround:b = false
}
node {
	type:t = "rendInst"
	name:t = "$sicily_cafe_chair_a"
	tm:m = [[0.998324, 0.0, 0.0578672] [0.0, 1.0, 0.0] [-0.0578672, 0.0, 0.998324] [1.7766, 0.0, -0.248962]]
	toGround:b = false
}
node {
	type:t = "rendInst"
	name:t = "$sicily_cafe_chair_a"
	tm:m = [[0.998046, 0.0, -0.0624763] [0.0, 1.0, 0.0] [0.0624763, 0.0, 0.998046] [1.7766, 0.0, -1.04797]]
	toGround:b = false
}
node {
	type:t = "rendInst"
	name:t = "$sicily_cafe_chair_a"
	tm:m = [[0.991764, 0.0, -0.128075] [0.0, 1.0, 0.0] [0.128075, 0.0, 0.991764] [1.7189, 0.0, -1.85199]]
	toGround:b = false
}
node {
	type:t = "rendInst"
	name:t = "$sicily_cafe_chair_a"
	tm:m = [[0.97689, 0.0, -0.213741] [0.0, 1.0, 0.0] [0.213741, 0.0, 0.97689] [1.5574, 0.0, -2.63098]]
	toGround:b = false
}
node {
	type:t = "rendInst"
	name:t = "$sicily_cafe_chair_a"
	tm:m = [[0.997698, 0.0, 0.0678158] [0.0, 1.0, 0.0] [-0.0678158, 0.0, 0.997698] [3.1954, 0.0, 0.64801]]
	toGround:b = false
}
node {
	type:t = "rendInst"
	name:t = "$sicily_cafe_chair_a"
	tm:m = [[0.983594, 0.0, 0.180398] [0.0, 1.0, 0.0] [-0.180398, 0.0, 0.983594] [3.083, 0.0, 1.44098]]
	toGround:b = false
}
node {
	type:t = "rendInst"
	name:t = "$sicily_cafe_chair_a"
	tm:m = [[0.952157, 0.0, 0.305608] [0.0, 1.0, 0.0] [-0.305608, 0.0, 0.952157] [2.8744, 0.0, 2.21204]]
	toGround:b = false
}
node {
	type:t = "rendInst"
	name:t = "$sicily_cafe_table_b"
	tm:m = [[0.925812, 0.0, 0.377984] [0.0, 1.0, 0.0] [-0.377984, 0.0, 0.925812] [1.5848, -0.0347977, 2.69299]]
	toGround:b = false
}
node {
	type:t = "rendInst"
	name:t = "$sicily_cafe_chair_a"
	tm:m = [[0.875617, 0.0, 0.483006] [0.0, 1.0, 0.0] [-0.483006, 0.0, 0.875617] [2.8352, 0.0, 3.57898]]
	toGround:b = false
}
node {
	type:t = "rendInst"
	name:t = "$sicily_cafe_table_c"
	tm:m = [[0.875617, 0.0, 0.483006] [0.0, 1.0, 0.0] [-0.483006, 0.0, 0.875617] [4.1572, -0.0444794, 1.961]]
	toGround:b = false
}
node {
	type:t = "rendInst"
	name:t = "$sicily_cafe_table_c"
	tm:m = [[0.875617, 0.0, 0.483006] [0.0, 1.0, 0.0] [-0.483006, 0.0, 0.875617] [4.4846, -0.0444794, -0.458008]]
	toGround:b = false
}
node {
	type:t = "rendInst"
	name:t = "$sicily_cafe_table_c"
	tm:m = [[0.875617, 0.0, 0.483006] [0.0, 1.0, 0.0] [-0.483006, 0.0, 0.875617] [3.6248, -0.0444794, -2.68201]]
	toGround:b = false
}
node {
	type:t = "rendInst"
	name:t = "$sicily_cafe_chair_a"
	tm:m = [[0.977868, 0.0, -0.20922] [0.0, 1.0, 0.0] [0.20922, 0.0, 0.977868] [2.8161, 0.0, -2.51697]]
	toGround:b = false
}
node {
	type:t = "rendInst"
	name:t = "$sicily_cafe_chair_a"
	tm:m = [[0.990462, 0.0, -0.137786] [0.0, 1.0, 0.0] [0.137786, 0.0, 0.990462] [3.2649, 0.0, -1.80902]]
	toGround:b = false
}
node {
	type:t = "rendInst"
	name:t = "$sicily_cafe_chair_a"
	tm:m = [[0.999959, 0.0, -0.00903929] [0.0, 1.0, 0.0] [0.00903929, 0.0, 0.999959] [3.3092, 0.0, -1.01196]]
	toGround:b = false
}