selected_tag:t = ""
bin_dump_file:t = ""
mission_settings {
	player {
		army:i = 1
	}
	player_teamB {
		army:i = 2
	}
	mission {
		level:t = "levels/air_afghan.bin"
		type:t = "domination"
		environment:t = "Day"
		weather:t = "clear"
	}
}
imports {

}
triggers {
	isCategory:b = true
	is_enabled:b = true
	airfileds_top_init {
		is_enabled:b = true
		comments:t = ""
		props {
			actionsType:t = "PERFORM_ONE_BY_ONE"
			conditionsType:t = "ALL"
			enableAfterComplete:b = false
		}
		events {
			initMission {

			}
		}
		conditions {

		}
		actions {
			unitSetProperties {
				object:t = "t1_def_aaa_top_squad"
				object:t = "t2_def_aaa_top_squad"
				object_marking:i = 0
				object_var_name:t = ""
				object_var_comp_op:t = "equal"
				object_var_value:i = 0
				accuracy:r = 0.9
				checkVisibilityTarget:b = true
				effShootingRate:r = 1
				airEffShootingRate:r = 1
				useSearchRadar:b = true
				fireRandom:b = true
				targetChangeInterval:r = 5
				targetChangeProb:r = 0.25
			}
			comment {
				value:t = "air spawns for top ranks"
			}
			varSetBool {
				value:b = true
				var:t = "force_air_spawn"
			}
		}
		else_actions {

		}
	}
}
mission_objectives {
	isCategory:b = true
	is_enabled:b = true
}
variables {

}
dialogs {

}
airfields {

}
effects {

}
units {
	objectGroups {
		name:t = "t1_airfield_top"
		tm:m = [[0.957242, 0.0, -0.289287] [0.0, 1.0, 0.0] [0.289287, 0.0, 0.957242] [22893.2, 2555.78, -48800.9]]
		unit_class:t = "dynaf_pg_1line_3000_universal"
		objLayer:i = 2
		props {
			army:i = 1
			active:b = true
		}
	}
	objectGroups {
		name:t = "t2_airfield_top"
		tm:m = [[-0.99962, 0.0, -0.027623] [0.0, 1.0, 0.0] [0.027623, 0.0, -0.99962] [-47580.4, 2182.15, 16705.6]]
		unit_class:t = "dynaf_pg_1line_3000_universal"
		objLayer:i = 2
		props {
			army:i = 2
			active:b = true
		}
	}
	objectGroups {
		name:t = "t1_airfield_top_reload"
		tm:m = [[0.5298, 0.0, -0.848123] [0.0, 1.0, 0.0] [0.848123, 0.0, 0.5298] [8293.12, 2293.05, -38040.5]]
		unit_class:t = "dynaf_pg_1line_3000_universal"
		objLayer:i = 2
		props {
			army:i = 1
			active:b = true
		}
	}
	objectGroups {
		name:t = "t2_airfield_top_reload"
		tm:m = [[-0.976612, 0.0, 0.215013] [0.0, 1.0, 0.0] [-0.215013, 0.0, -0.976612] [-38632.0, 3056.43, -6905.29]]
		unit_class:t = "dynaf_pg_1line_3000_universal"
		objLayer:i = 2
		props {
			army:i = 2
			active:b = true
		}
	}
	tankModels {
		name:t = "t2_aaa_top_light_01"
		tm:m = [[-0.989136, 0.0, -0.146985] [0.0, 1.0, 0.0] [0.146985, 0.0, -0.989136] [-48495.4, 2205.61, 17343.2]]
		unit_class:t = "ussr_zsu_23_4"
		objLayer:i = 1
		closed_waypoints:b = false
		isShipSpline:b = false
		shipTurnRadius:r = 100
		weapons:t = ""
		bullets0:t = ""
		bullets1:t = ""
		bullets2:t = ""
		bullets3:t = ""
		bulletsCount0:i = 0
		bulletsCount1:i = 0
		bulletsCount2:i = 0
		bulletsCount3:i = 0
		crewSkillK:r = 0
		applyAllMods:b = false
		props {
			army:i = 2
			count:i = 1
			formation_type:t = "rows"
			formation_div:i = 3
			formation_step:p2 = 2.5, 2
			formation_noise:p2 = 0.1, 0.1
			uniqueName:t = ""
			attack_type:t = "fire_at_will"
		}
		way {

		}
	}
	tankModels {
		name:t = "t2_aaa_top_heavy_01"
		tm:m = [[-0.989136, 0.0, -0.146985] [0.0, 1.0, 0.0] [0.146985, 0.0, -0.989136] [-47605.3, 2189.44, 16191.4]]
		unit_class:t = "ussr_9a35_m2"
		objLayer:i = 1
		closed_waypoints:b = false
		isShipSpline:b = false
		shipTurnRadius:r = 100
		weapons:t = ""
		bullets0:t = ""
		bullets1:t = ""
		bullets2:t = ""
		bullets3:t = ""
		bulletsCount0:i = 0
		bulletsCount1:i = 0
		bulletsCount2:i = 0
		bulletsCount3:i = 0
		crewSkillK:r = 0
		applyAllMods:b = false
		props {
			army:i = 2
			count:i = 1
			formation_type:t = "rows"
			formation_div:i = 3
			formation_step:p2 = 2.5, 2
			formation_noise:p2 = 0.1, 0.1
			uniqueName:t = ""
			attack_type:t = "fire_at_will"
		}
		way {

		}
	}
	tankModels {
		name:t = "t2_aaa_top_light_02"
		tm:m = [[0.981785, 0.0, 0.189992] [0.0, 1.0, 0.0] [-0.189992, 0.0, 0.981785] [-47408.1, 2203.43, 16073.1]]
		unit_class:t = "ussr_zsu_23_4"
		objLayer:i = 1
		closed_waypoints:b = false
		isShipSpline:b = false
		shipTurnRadius:r = 100
		weapons:t = ""
		bullets0:t = ""
		bullets1:t = ""
		bullets2:t = ""
		bullets3:t = ""
		bulletsCount0:i = 0
		bulletsCount1:i = 0
		bulletsCount2:i = 0
		bulletsCount3:i = 0
		crewSkillK:r = 0
		applyAllMods:b = false
		props {
			army:i = 2
			count:i = 1
			formation_type:t = "rows"
			formation_div:i = 3
			formation_step:p2 = 2.5, 2
			formation_noise:p2 = 0.1, 0.1
			uniqueName:t = ""
			attack_type:t = "fire_at_will"
		}
		way {

		}
	}
	tankModels {
		name:t = "t2_aaa_top_light_03"
		tm:m = [[-0.989136, 0.0, -0.146985] [0.0, 1.0, 0.0] [0.146985, 0.0, -0.989136] [-46481.1, 2207.27, 17517.1]]
		unit_class:t = "ussr_zsu_23_4"
		objLayer:i = 1
		closed_waypoints:b = false
		isShipSpline:b = false
		shipTurnRadius:r = 100
		weapons:t = ""
		bullets0:t = ""
		bullets1:t = ""
		bullets2:t = ""
		bullets3:t = ""
		bulletsCount0:i = 0
		bulletsCount1:i = 0
		bulletsCount2:i = 0
		bulletsCount3:i = 0
		crewSkillK:r = 0
		applyAllMods:b = false
		props {
			army:i = 2
			count:i = 1
			formation_type:t = "rows"
			formation_div:i = 3
			formation_step:p2 = 2.5, 2
			formation_noise:p2 = 0.1, 0.1
			uniqueName:t = ""
			attack_type:t = "fire_at_will"
		}
		way {

		}
	}
	tankModels {
		name:t = "t2_aaa_top_light_04"
		tm:m = [[0.933876, 0.0, 0.357591] [0.0, 1.0, 0.0] [-0.357591, 0.0, 0.933876] [-46710.0, 2206.85, 16131.6]]
		unit_class:t = "ussr_zsu_23_4"
		objLayer:i = 1
		closed_waypoints:b = false
		isShipSpline:b = false
		shipTurnRadius:r = 100
		weapons:t = ""
		bullets0:t = ""
		bullets1:t = ""
		bullets2:t = ""
		bullets3:t = ""
		bulletsCount0:i = 0
		bulletsCount1:i = 0
		bulletsCount2:i = 0
		bulletsCount3:i = 0
		crewSkillK:r = 0
		applyAllMods:b = false
		props {
			army:i = 2
			count:i = 1
			formation_type:t = "rows"
			formation_div:i = 3
			formation_step:p2 = 2.5, 2
			formation_noise:p2 = 0.1, 0.1
			uniqueName:t = ""
			attack_type:t = "fire_at_will"
		}
		way {

		}
	}
	tankModels {
		name:t = "t2_aaa_top_heavy_02"
		tm:m = [[0.981785, 0.0, 0.189992] [0.0, 1.0, 0.0] [-0.189992, 0.0, 0.981785] [-47571.5, 2207.62, 17290.8]]
		unit_class:t = "ussr_9a35_m2"
		objLayer:i = 1
		closed_waypoints:b = false
		isShipSpline:b = false
		shipTurnRadius:r = 100
		weapons:t = ""
		bullets0:t = ""
		bullets1:t = ""
		bullets2:t = ""
		bullets3:t = ""
		bulletsCount0:i = 0
		bulletsCount1:i = 0
		bulletsCount2:i = 0
		bulletsCount3:i = 0
		crewSkillK:r = 0
		applyAllMods:b = false
		props {
			army:i = 2
			count:i = 1
			formation_type:t = "rows"
			formation_div:i = 3
			formation_step:p2 = 2.5, 2
			formation_noise:p2 = 0.1, 0.1
			uniqueName:t = ""
			attack_type:t = "fire_at_will"
		}
		way {

		}
	}
	squad {
		name:t = "t2_def_aaa_top_squad"
		tm:m = [[0.991536, 0.0, 0.129837] [0.0, 1.0, 0.0] [-0.129837, 0.0, 0.991536] [-49841.7, 2592.54, 6663.67]]
		props {
			squad_members:t = "t2_aaa_top_light_01"
			squad_members:t = "t2_aaa_top_light_02"
			squad_members:t = "t2_aaa_top_light_03"
			squad_members:t = "t2_aaa_top_light_04"
			squad_members:t = "t2_aaa_top_light_05"
			squad_members:t = "t2_aaa_top_light_06"
			squad_members:t = "t2_aaa_top_light_07"
			squad_members:t = "t2_aaa_top_light_08"
			squad_members:t = "t2_aaa_top_heavy_01"
			squad_members:t = "t2_aaa_top_heavy_02"
			squad_members:t = "t2_aaa_top_heavy_03"
			squad_members:t = "t2_aaa_top_heavy_04"
			squad_members:t = "t2_aaa_top_heavy_05"
			object_marking:i = 0
		}
	}
	tankModels {
		name:t = "t1_aaa_top_light_01"
		tm:m = [[-0.825331, 0.0, 0.564649] [0.0, 1.0, 0.0] [-0.564649, 0.0, -0.825331] [23183.9, 2570.39, -49167.9]]
		unit_class:t = "ussr_zsu_23_4"
		objLayer:i = 1
		closed_waypoints:b = false
		isShipSpline:b = false
		shipTurnRadius:r = 100
		weapons:t = ""
		bullets0:t = ""
		bullets1:t = ""
		bullets2:t = ""
		bullets3:t = ""
		bulletsCount0:i = 0
		bulletsCount1:i = 0
		bulletsCount2:i = 0
		bulletsCount3:i = 0
		crewSkillK:r = 0
		applyAllMods:b = false
		props {
			army:i = 1
			count:i = 1
			formation_type:t = "rows"
			formation_div:i = 3
			formation_step:p2 = 2.5, 2
			formation_noise:p2 = 0.1, 0.1
			uniqueName:t = ""
			attack_type:t = "fire_at_will"
		}
		way {

		}
	}
	tankModels {
		name:t = "t1_aaa_top_heavy_01"
		tm:m = [[-0.825331, 0.0, 0.564649] [0.0, 1.0, 0.0] [-0.564649, 0.0, -0.825331] [23579.8, 2571.2, -48474.5]]
		unit_class:t = "ussr_9a35_m2"
		objLayer:i = 1
		closed_waypoints:b = false
		isShipSpline:b = false
		shipTurnRadius:r = 100
		weapons:t = ""
		bullets0:t = ""
		bullets1:t = ""
		bullets2:t = ""
		bullets3:t = ""
		bulletsCount0:i = 0
		bulletsCount1:i = 0
		bulletsCount2:i = 0
		bulletsCount3:i = 0
		crewSkillK:r = 0
		applyAllMods:b = false
		props {
			army:i = 1
			count:i = 1
			formation_type:t = "rows"
			formation_div:i = 3
			formation_step:p2 = 2.5, 2
			formation_noise:p2 = 0.1, 0.1
			uniqueName:t = ""
			attack_type:t = "fire_at_will"
		}
		way {

		}
	}
	tankModels {
		name:t = "t1_aaa_top_light_02"
		tm:m = [[0.799913, 0.0, -0.600113] [0.0, 1.0, 0.0] [0.600113, 0.0, 0.799913] [22651.2, 2571.33, -48241.4]]
		unit_class:t = "ussr_zsu_23_4"
		objLayer:i = 1
		closed_waypoints:b = false
		isShipSpline:b = false
		shipTurnRadius:r = 100
		weapons:t = ""
		bullets0:t = ""
		bullets1:t = ""
		bullets2:t = ""
		bullets3:t = ""
		bulletsCount0:i = 0
		bulletsCount1:i = 0
		bulletsCount2:i = 0
		bulletsCount3:i = 0
		crewSkillK:r = 0
		applyAllMods:b = false
		props {
			army:i = 1
			count:i = 1
			formation_type:t = "rows"
			formation_div:i = 3
			formation_step:p2 = 2.5, 2
			formation_noise:p2 = 0.1, 0.1
			uniqueName:t = ""
			attack_type:t = "fire_at_will"
		}
		way {

		}
	}
	tankModels {
		name:t = "t1_aaa_top_light_03"
		tm:m = [[-0.825331, 0.0, 0.564649] [0.0, 1.0, 0.0] [-0.564649, 0.0, -0.825331] [21715.2, 2570.53, -48909.1]]
		unit_class:t = "ussr_zsu_23_4"
		objLayer:i = 1
		closed_waypoints:b = false
		isShipSpline:b = false
		shipTurnRadius:r = 100
		weapons:t = ""
		bullets0:t = ""
		bullets1:t = ""
		bullets2:t = ""
		bullets3:t = ""
		bulletsCount0:i = 0
		bulletsCount1:i = 0
		bulletsCount2:i = 0
		bulletsCount3:i = 0
		crewSkillK:r = 0
		applyAllMods:b = false
		props {
			army:i = 1
			count:i = 1
			formation_type:t = "rows"
			formation_div:i = 3
			formation_step:p2 = 2.5, 2
			formation_noise:p2 = 0.1, 0.1
			uniqueName:t = ""
			attack_type:t = "fire_at_will"
		}
		way {

		}
	}
	tankModels {
		name:t = "t1_aaa_top_light_04"
		tm:m = [[0.849177, 0.0, -0.52811] [0.0, 1.0, 0.0] [0.52811, 0.0, 0.849177] [21906.3, 2571.77, -48124.0]]
		unit_class:t = "ussr_zsu_23_4"
		objLayer:i = 1
		closed_waypoints:b = false
		isShipSpline:b = false
		shipTurnRadius:r = 100
		weapons:t = ""
		bullets0:t = ""
		bullets1:t = ""
		bullets2:t = ""
		bullets3:t = ""
		bulletsCount0:i = 0
		bulletsCount1:i = 0
		bulletsCount2:i = 0
		bulletsCount3:i = 0
		crewSkillK:r = 0
		applyAllMods:b = false
		props {
			army:i = 1
			count:i = 1
			formation_type:t = "rows"
			formation_div:i = 3
			formation_step:p2 = 2.5, 2
			formation_noise:p2 = 0.1, 0.1
			uniqueName:t = ""
			attack_type:t = "fire_at_will"
		}
		way {

		}
	}
	tankModels {
		name:t = "t1_aaa_top_heavy_02"
		tm:m = [[0.799913, 0.0, -0.600113] [0.0, 1.0, 0.0] [0.600113, 0.0, 0.799913] [22346.3, 2569.78, -49014.6]]
		unit_class:t = "ussr_9a35_m2"
		objLayer:i = 1
		closed_waypoints:b = false
		isShipSpline:b = false
		shipTurnRadius:r = 100
		weapons:t = ""
		bullets0:t = ""
		bullets1:t = ""
		bullets2:t = ""
		bullets3:t = ""
		bulletsCount0:i = 0
		bulletsCount1:i = 0
		bulletsCount2:i = 0
		bulletsCount3:i = 0
		crewSkillK:r = 0
		applyAllMods:b = false
		props {
			army:i = 1
			count:i = 1
			formation_type:t = "rows"
			formation_div:i = 3
			formation_step:p2 = 2.5, 2
			formation_noise:p2 = 0.1, 0.1
			uniqueName:t = ""
			attack_type:t = "fire_at_will"
		}
		way {

		}
	}
	squad {
		name:t = "t1_def_aaa_top_squad"
		tm:m = [[-0.171014, 0.0, 0.985269] [0.0, 1.0, 0.0] [-0.985269, 0.0, -0.171014] [14705.2, 2915.45, -46669.1]]
		props {
			squad_members:t = "t1_aaa_top_light_01"
			squad_members:t = "t1_aaa_top_light_02"
			squad_members:t = "t1_aaa_top_light_03"
			squad_members:t = "t1_aaa_top_light_04"
			squad_members:t = "t1_aaa_top_light_05"
			squad_members:t = "t1_aaa_top_light_06"
			squad_members:t = "t1_aaa_top_light_07"
			squad_members:t = "t1_aaa_top_light_08"
			squad_members:t = "t1_aaa_top_heavy_01"
			squad_members:t = "t1_aaa_top_heavy_02"
			squad_members:t = "t1_aaa_top_heavy_03"
			squad_members:t = "t1_aaa_top_heavy_04"
			squad_members:t = "t1_aaa_top_heavy_05"
			object_marking:i = 0
		}
	}
	tankModels {
		name:t = "t2_aaa_top_heavy_03"
		tm:m = [[0.981785, 0.0, 0.189992] [0.0, 1.0, 0.0] [-0.189992, 0.0, 0.981785] [-47574.1, 2207.62, 17549.2]]
		unit_class:t = "fr_crotale_ng"
		objLayer:i = 1
		closed_waypoints:b = false
		isShipSpline:b = false
		shipTurnRadius:r = 100
		weapons:t = ""
		bullets0:t = ""
		bullets1:t = ""
		bullets2:t = ""
		bullets3:t = ""
		bulletsCount0:i = 0
		bulletsCount1:i = 0
		bulletsCount2:i = 0
		bulletsCount3:i = 0
		crewSkillK:r = 0
		applyAllMods:b = false
		props {
			army:i = 2
			count:i = 1
			formation_type:t = "rows"
			formation_div:i = 3
			formation_step:p2 = 2.5, 2
			formation_noise:p2 = 0.1, 0.1
			uniqueName:t = ""
			attack_type:t = "fire_at_will"
		}
		way {

		}
	}
	tankModels {
		name:t = "t2_aaa_top_heavy_04"
		tm:m = [[0.981785, 0.0, 0.189992] [0.0, 1.0, 0.0] [-0.189992, 0.0, 0.981785] [-47499.1, 2207.62, 17717.3]]
		unit_class:t = "fr_crotale_ng"
		objLayer:i = 1
		closed_waypoints:b = false
		isShipSpline:b = false
		shipTurnRadius:r = 100
		weapons:t = ""
		bullets0:t = ""
		bullets1:t = ""
		bullets2:t = ""
		bullets3:t = ""
		bulletsCount0:i = 0
		bulletsCount1:i = 0
		bulletsCount2:i = 0
		bulletsCount3:i = 0
		crewSkillK:r = 0
		applyAllMods:b = false
		props {
			army:i = 2
			count:i = 1
			formation_type:t = "rows"
			formation_div:i = 3
			formation_step:p2 = 2.5, 2
			formation_noise:p2 = 0.1, 0.1
			uniqueName:t = ""
			attack_type:t = "fire_at_will"
		}
		way {

		}
	}
	tankModels {
		name:t = "t2_aaa_top_heavy_05"
		tm:m = [[0.981785, 0.0, 0.189992] [0.0, 1.0, 0.0] [-0.189992, 0.0, 0.981785] [-47338.1, 2207.62, 17794.2]]
		unit_class:t = "fr_crotale_ng"
		objLayer:i = 1
		closed_waypoints:b = false
		isShipSpline:b = false
		shipTurnRadius:r = 100
		weapons:t = ""
		bullets0:t = ""
		bullets1:t = ""
		bullets2:t = ""
		bullets3:t = ""
		bulletsCount0:i = 0
		bulletsCount1:i = 0
		bulletsCount2:i = 0
		bulletsCount3:i = 0
		crewSkillK:r = 0
		applyAllMods:b = false
		props {
			army:i = 2
			count:i = 1
			formation_type:t = "rows"
			formation_div:i = 3
			formation_step:p2 = 2.5, 2
			formation_noise:p2 = 0.1, 0.1
			uniqueName:t = ""
			attack_type:t = "fire_at_will"
		}
		way {

		}
	}
	tankModels {
		name:t = "t1_aaa_top_heavy_03"
		tm:m = [[0.799913, 0.0, -0.600113] [0.0, 1.0, 0.0] [0.600113, 0.0, 0.799913] [22327.6, 2569.78, -49752.6]]
		unit_class:t = "fr_crotale_ng"
		objLayer:i = 1
		closed_waypoints:b = false
		isShipSpline:b = false
		shipTurnRadius:r = 100
		weapons:t = ""
		bullets0:t = ""
		bullets1:t = ""
		bullets2:t = ""
		bullets3:t = ""
		bulletsCount0:i = 0
		bulletsCount1:i = 0
		bulletsCount2:i = 0
		bulletsCount3:i = 0
		crewSkillK:r = 0
		applyAllMods:b = false
		props {
			army:i = 1
			count:i = 1
			formation_type:t = "rows"
			formation_div:i = 3
			formation_step:p2 = 2.5, 2
			formation_noise:p2 = 0.1, 0.1
			uniqueName:t = ""
			attack_type:t = "fire_at_will"
		}
		way {

		}
	}
	tankModels {
		name:t = "t1_aaa_top_heavy_04"
		tm:m = [[0.799913, 0.0, -0.600113] [0.0, 1.0, 0.0] [0.600113, 0.0, 0.799913] [22311.6, 2569.78, -50382.6]]
		unit_class:t = "fr_crotale_ng"
		objLayer:i = 1
		closed_waypoints:b = false
		isShipSpline:b = false
		shipTurnRadius:r = 100
		weapons:t = ""
		bullets0:t = ""
		bullets1:t = ""
		bullets2:t = ""
		bullets3:t = ""
		bulletsCount0:i = 0
		bulletsCount1:i = 0
		bulletsCount2:i = 0
		bulletsCount3:i = 0
		crewSkillK:r = 0
		applyAllMods:b = false
		props {
			army:i = 1
			count:i = 1
			formation_type:t = "rows"
			formation_div:i = 3
			formation_step:p2 = 2.5, 2
			formation_noise:p2 = 0.1, 0.1
			uniqueName:t = ""
			attack_type:t = "fire_at_will"
		}
		way {

		}
	}
	tankModels {
		name:t = "t1_aaa_top_heavy_05"
		tm:m = [[0.799913, 0.0, -0.600113] [0.0, 1.0, 0.0] [0.600113, 0.0, 0.799913] [22226.1, 2569.78, -50951.3]]
		unit_class:t = "fr_crotale_ng"
		objLayer:i = 1
		closed_waypoints:b = false
		isShipSpline:b = false
		shipTurnRadius:r = 100
		weapons:t = ""
		bullets0:t = ""
		bullets1:t = ""
		bullets2:t = ""
		bullets3:t = ""
		bulletsCount0:i = 0
		bulletsCount1:i = 0
		bulletsCount2:i = 0
		bulletsCount3:i = 0
		crewSkillK:r = 0
		applyAllMods:b = false
		props {
			army:i = 1
			count:i = 1
			formation_type:t = "rows"
			formation_div:i = 3
			formation_step:p2 = 2.5, 2
			formation_noise:p2 = 0.1, 0.1
			uniqueName:t = ""
			attack_type:t = "fire_at_will"
		}
		way {

		}
	}
	tankModels {
		name:t = "t1_aaa_top_light_05"
		tm:m = [[-0.133798, 0.0, 0.991008] [0.0, 1.0, 0.0] [-0.991008, 0.0, -0.133798] [33253.0, 591.98, 23067.9]]
		unit_class:t = "ussr_zsu_23_4"
		objLayer:i = 1
		closed_waypoints:b = false
		isShipSpline:b = false
		shipTurnRadius:r = 100
		weapons:t = ""
		bullets0:t = ""
		bullets1:t = ""
		bullets2:t = ""
		bullets3:t = ""
		bulletsCount0:i = 0
		bulletsCount1:i = 0
		bulletsCount2:i = 0
		bulletsCount3:i = 0
		crewSkillK:r = 0
		applyAllMods:b = false
		props {
			army:i = 1
			count:i = 1
			formation_type:t = "rows"
			formation_div:i = 3
			formation_step:p2 = 2.5, 2
			formation_noise:p2 = 0.1, 0.1
			uniqueName:t = ""
			attack_type:t = "fire_at_will"
		}
		way {

		}
	}
	tankModels {
		name:t = "t1_aaa_top_light_06"
		tm:m = [[-0.921087, 0.0, 0.389353] [0.0, 1.0, 0.0] [-0.389353, 0.0, -0.921087] [33096.8, 1324.83, 23504.4]]
		unit_class:t = "ussr_zsu_23_4"
		objLayer:i = 1
		closed_waypoints:b = false
		isShipSpline:b = false
		shipTurnRadius:r = 100
		weapons:t = ""
		bullets0:t = ""
		bullets1:t = ""
		bullets2:t = ""
		bullets3:t = ""
		bulletsCount0:i = 0
		bulletsCount1:i = 0
		bulletsCount2:i = 0
		bulletsCount3:i = 0
		crewSkillK:r = 0
		applyAllMods:b = false
		props {
			army:i = 1
			count:i = 1
			formation_type:t = "rows"
			formation_div:i = 3
			formation_step:p2 = 2.5, 2
			formation_noise:p2 = 0.1, 0.1
			uniqueName:t = ""
			attack_type:t = "fire_at_will"
		}
		way {

		}
	}
	tankModels {
		name:t = "t1_aaa_top_light_07"
		tm:m = [[-0.921087, 0.0, 0.389353] [0.0, 1.0, 0.0] [-0.389353, 0.0, -0.921087] [29937.9, 1324.83, 23438.1]]
		unit_class:t = "ussr_zsu_23_4"
		objLayer:i = 1
		closed_waypoints:b = false
		isShipSpline:b = false
		shipTurnRadius:r = 100
		weapons:t = ""
		bullets0:t = ""
		bullets1:t = ""
		bullets2:t = ""
		bullets3:t = ""
		bulletsCount0:i = 0
		bulletsCount1:i = 0
		bulletsCount2:i = 0
		bulletsCount3:i = 0
		crewSkillK:r = 0
		applyAllMods:b = false
		props {
			army:i = 1
			count:i = 1
			formation_type:t = "rows"
			formation_div:i = 3
			formation_step:p2 = 2.5, 2
			formation_noise:p2 = 0.1, 0.1
			uniqueName:t = ""
			attack_type:t = "fire_at_will"
		}
		way {

		}
	}
	tankModels {
		name:t = "t1_aaa_top_light_08"
		tm:m = [[-0.133798, 0.0, 0.991008] [0.0, 1.0, 0.0] [-0.991008, 0.0, -0.133798] [33343.0, 591.98, 21881.7]]
		unit_class:t = "ussr_zsu_23_4"
		objLayer:i = 1
		closed_waypoints:b = false
		isShipSpline:b = false
		shipTurnRadius:r = 100
		weapons:t = ""
		bullets0:t = ""
		bullets1:t = ""
		bullets2:t = ""
		bullets3:t = ""
		bulletsCount0:i = 0
		bulletsCount1:i = 0
		bulletsCount2:i = 0
		bulletsCount3:i = 0
		crewSkillK:r = 0
		applyAllMods:b = false
		props {
			army:i = 1
			count:i = 1
			formation_type:t = "rows"
			formation_div:i = 3
			formation_step:p2 = 2.5, 2
			formation_noise:p2 = 0.1, 0.1
			uniqueName:t = ""
			attack_type:t = "fire_at_will"
		}
		way {

		}
	}
	tankModels {
		name:t = "t2_aaa_top_light_05"
		tm:m = [[-0.127577, 0.0, 0.991828] [0.0, 1.0, 0.0] [-0.991828, 0.0, -0.127577] [-53530.1, 674.93, 1874.41]]
		unit_class:t = "ussr_zsu_23_4"
		objLayer:i = 1
		closed_waypoints:b = false
		isShipSpline:b = false
		shipTurnRadius:r = 100
		weapons:t = ""
		bullets0:t = ""
		bullets1:t = ""
		bullets2:t = ""
		bullets3:t = ""
		bulletsCount0:i = 0
		bulletsCount1:i = 0
		bulletsCount2:i = 0
		bulletsCount3:i = 0
		crewSkillK:r = 0
		applyAllMods:b = false
		props {
			army:i = 2
			count:i = 1
			formation_type:t = "rows"
			formation_div:i = 3
			formation_step:p2 = 2.5, 2
			formation_noise:p2 = 0.1, 0.1
			uniqueName:t = ""
			attack_type:t = "fire_at_will"
		}
		way {

		}
	}
	tankModels {
		name:t = "t2_aaa_top_light_06"
		tm:m = [[-0.127577, 0.0, 0.991828] [0.0, 1.0, 0.0] [-0.991828, 0.0, -0.127577] [-58000.9, 642.634, 2046.89]]
		unit_class:t = "ussr_zsu_23_4"
		objLayer:i = 1
		closed_waypoints:b = false
		isShipSpline:b = false
		shipTurnRadius:r = 100
		weapons:t = ""
		bullets0:t = ""
		bullets1:t = ""
		bullets2:t = ""
		bullets3:t = ""
		bulletsCount0:i = 0
		bulletsCount1:i = 0
		bulletsCount2:i = 0
		bulletsCount3:i = 0
		crewSkillK:r = 0
		applyAllMods:b = false
		props {
			army:i = 2
			count:i = 1
			formation_type:t = "rows"
			formation_div:i = 3
			formation_step:p2 = 2.5, 2
			formation_noise:p2 = 0.1, 0.1
			uniqueName:t = ""
			attack_type:t = "fire_at_will"
		}
		way {

		}
	}
	tankModels {
		name:t = "t2_aaa_top_light_07"
		tm:m = [[-0.127577, 0.0, 0.991828] [0.0, 1.0, 0.0] [-0.991828, 0.0, -0.127577] [-58049.3, 614.307, 901.595]]
		unit_class:t = "ussr_zsu_23_4"
		objLayer:i = 1
		closed_waypoints:b = false
		isShipSpline:b = false
		shipTurnRadius:r = 100
		weapons:t = ""
		bullets0:t = ""
		bullets1:t = ""
		bullets2:t = ""
		bullets3:t = ""
		bulletsCount0:i = 0
		bulletsCount1:i = 0
		bulletsCount2:i = 0
		bulletsCount3:i = 0
		crewSkillK:r = 0
		applyAllMods:b = false
		props {
			army:i = 2
			count:i = 1
			formation_type:t = "rows"
			formation_div:i = 3
			formation_step:p2 = 2.5, 2
			formation_noise:p2 = 0.1, 0.1
			uniqueName:t = ""
			attack_type:t = "fire_at_will"
		}
		way {

		}
	}
	tankModels {
		name:t = "t2_aaa_top_light_08"
		tm:m = [[-0.127577, 0.0, 0.991828] [0.0, 1.0, 0.0] [-0.991828, 0.0, -0.127577] [-55391.6, 592.519, 502.683]]
		unit_class:t = "ussr_zsu_23_4"
		objLayer:i = 1
		closed_waypoints:b = false
		isShipSpline:b = false
		shipTurnRadius:r = 100
		weapons:t = ""
		bullets0:t = ""
		bullets1:t = ""
		bullets2:t = ""
		bullets3:t = ""
		bulletsCount0:i = 0
		bulletsCount1:i = 0
		bulletsCount2:i = 0
		bulletsCount3:i = 0
		crewSkillK:r = 0
		applyAllMods:b = false
		props {
			army:i = 2
			count:i = 1
			formation_type:t = "rows"
			formation_div:i = 3
			formation_step:p2 = 2.5, 2
			formation_noise:p2 = 0.1, 0.1
			uniqueName:t = ""
			attack_type:t = "fire_at_will"
		}
		way {

		}
	}
}
areas {
	t2_bombers_area_top {
		type:t = "Sphere"
		tm:m = [[3397.57, 0.0, 4945.36] [0.0, 6000.0, 0.0] [-4945.36, 0.0, 3397.57] [-47852.6, 5500.0, 16801.3]]
		objLayer:i = 3
		props {

		}
	}
	t2_fighters_area_top {
		type:t = "Sphere"
		tm:m = [[2265.06, 0.0, 3296.92] [0.0, 4000.0, 0.0] [-3296.92, 0.0, 2265.06] [-47852.6, 4500.0, 16801.2]]
		objLayer:i = 3
		props {

		}
	}
	t1_bombers_spawns_top {
		type:t = "Sphere"
		tm:m = [[-4013.15, 0.0, -4460.35] [0.0, 6000.0, 0.0] [4460.35, 0.0, -4013.15] [22991.4, 5500.0, -48786.1]]
		objLayer:i = 3
		props {

		}
	}
	t1_fighters_area_top {
		type:t = "Sphere"
		tm:m = [[-2675.43, 0.0, -2973.59] [0.0, 4000.0, 0.0] [2973.59, 0.0, -2675.43] [22991.4, 4500.0, -48786.1]]
		objLayer:i = 3
		props {

		}
	}
	airfields_area_46km {
		type:t = "Sphere"
		tm:m = [[57145.6, 0.0, 72099.8] [0.0, 92000.0, 0.0] [-72099.8, 0.0, 57145.6] [-12976.5, 3208.56, -17594.5]]
		objLayer:i = 4
		props {

		}
	}
	mission_top_border {
		type:t = "Box"
		tm:m = [[-404.572, 0.0, 127999.0] [0.0, 1000.0, 0.0] [-127999.0, 0.0, -404.572] [-2450.56, 2829.9, -4201.0]]
		objLayer:i = 4
		props {

		}
	}
	t2_air_spawn_bomber_top {
		type:t = "Box"
		tm:m = [[82.4126, 0.0, -56.6406] [0.0, 100.0, 0.0] [16992.2, 0.0, 24723.8] [-50309.8, 5500.0, 18489.0]]
		props {

		}
	}
	t2_air_spawn_top {
		type:t = "Box"
		tm:m = [[82.4126, 0.0, -56.6406] [0.0, 100.0, 0.0] [16992.2, 0.0, 24723.8] [-49495.4, 4500.0, 17929.6]]
		props {

		}
	}
	t1_air_spawn_bomber_top {
		type:t = "Box"
		tm:m = [[-75.471, 0.0, 65.6059] [0.0, 100.0, 0.0] [-19681.8, 0.0, -22641.2] [25207.7, 5499.99, -50779.4]]
		props {

		}
	}
	t1_air_spawn_top {
		type:t = "Box"
		tm:m = [[-75.471, 0.0, 65.6059] [0.0, 100.0, 0.0] [-19681.8, 0.0, -22641.2] [24473.4, 4500.0, -50118.7]]
		props {

		}
	}
	airfields_reload_area_26km {
		type:t = "Sphere"
		tm:m = [[32299.7, 0.0, 40752.0] [0.0, 52000.0, 0.0] [-40752.0, 0.0, 32299.7] [-12976.5, 3208.56, -17594.5]]
		objLayer:i = 3
		props {

		}
	}
}
objLayers {
	layer {
		enabled:b = true
	}
	layer {
		enabled:b = true
	}
	layer {
		enabled:b = true
	}
	layer {
		enabled:b = true
	}
	layer {
		enabled:b = false
	}
}
wayPoints {

}