selected_tag:t = ""
bin_dump_file:t = ""
mission_settings {
	player {
		army:i = 1
	}
	player_teamB {
		army:i = 2
	}
	mission {
		type:t = "domination"
		level:t = "levels/air_israel.bin"
		environment:t = "Day"
		weather:t = "hazy"
	}
}
imports {

}
triggers {
	isCategory:b = true
	is_enabled:b = true
	bomb_areas_mid_init {
		is_enabled:b = true
		comments:t = ""
		props {
			actionsType:t = "PERFORM_ONE_BY_ONE"
			conditionsType:t = "ALL"
			enableAfterComplete:b = false
		}
		events {
			initMission {

			}
		}
		conditions {

		}
		actions {
			varSetReal {
				value:r = 2000
				var:t = "bdt_t2_min_zone_distance"
				var:t = "bdt_t1_min_zone_distance"
			}
			varSetString {
				value:t = "mid_"
				var:t = "bdt_base_name_suffix"
			}
		}
		else_actions {

		}
	}
}
mission_objectives {
	isCategory:b = true
	is_enabled:b = true
}
variables {

}
dialogs {

}
airfields {

}
effects {

}
units {
	objectGroups {
		name:t = "bdt_t2_bomb_object_mid_01"
		tm:m = [[0.859129, 0.0, 0.511759] [0.0, 1.0, 0.0] [-0.511759, 0.0, 0.859129] [-5982.85, 6.79224, 14742.8]]
		unit_class:t = "dynBase_field_camp_square"
		objLayer:i = 2
		props {
			army:i = 2
			active:b = false
		}
	}
	objectGroups {
		name:t = "bdt_t2_bomb_object_mid_02"
		tm:m = [[0.859129, 0.0, 0.511759] [0.0, 1.0, 0.0] [-0.511759, 0.0, 0.859129] [-9528.56, 1.47986, 17610.6]]
		unit_class:t = "dynBase_field_camp_square"
		objLayer:i = 2
		props {
			army:i = 2
			active:b = false
		}
	}
	objectGroups {
		name:t = "bdt_t2_bomb_object_mid_03"
		tm:m = [[0.859129, 0.0, 0.511759] [0.0, 1.0, 0.0] [-0.511759, 0.0, 0.859129] [-14555.6, 36.1829, 19558.8]]
		unit_class:t = "dynBase_field_camp_square"
		objLayer:i = 2
		props {
			army:i = 2
			active:b = false
		}
	}
	objectGroups {
		name:t = "bdt_t2_bomb_object_mid_04"
		tm:m = [[0.859129, 0.0, 0.511759] [0.0, 1.0, 0.0] [-0.511759, 0.0, 0.859129] [-19397.3, 711.648, 21101.4]]
		unit_class:t = "dynBase_field_camp_square"
		objLayer:i = 2
		props {
			army:i = 2
			active:b = false
		}
	}
	objectGroups {
		name:t = "bdt_t1_bomb_object_mid_01"
		tm:m = [[0.859129, 0.0, 0.511759] [0.0, 1.0, 0.0] [-0.511759, 0.0, 0.859129] [-21756.9, 276.833, 13221.5]]
		unit_class:t = "dynBase_field_camp_square"
		objLayer:i = 2
		props {
			army:i = 1
			active:b = false
		}
	}
	objectGroups {
		name:t = "bdt_t1_bomb_object_mid_02"
		tm:m = [[0.859129, 0.0, 0.511759] [0.0, 1.0, 0.0] [-0.511759, 0.0, 0.859129] [-18286.6, 6.84546, 10105.1]]
		unit_class:t = "dynBase_field_camp_square"
		objLayer:i = 2
		props {
			army:i = 1
			active:b = false
		}
	}
	objectGroups {
		name:t = "bdt_t1_bomb_object_mid_03"
		tm:m = [[0.859129, 0.0, 0.511759] [0.0, 1.0, 0.0] [-0.511759, 0.0, 0.859129] [-13271.8, 2.50848, 8305.1]]
		unit_class:t = "dynBase_field_camp_square"
		objLayer:i = 2
		props {
			army:i = 1
			active:b = false
		}
	}
	objectGroups {
		name:t = "bdt_t1_bomb_object_mid_04"
		tm:m = [[0.859129, 0.0, 0.511759] [0.0, 1.0, 0.0] [-0.511759, 0.0, 0.859129] [-8668.96, 81.712, 7754.4]]
		unit_class:t = "dynBase_field_camp_square"
		objLayer:i = 2
		props {
			army:i = 1
			active:b = false
		}
	}
	objectGroups {
		name:t = "bdt_t2_bomb_object_mid_05"
		tm:m = [[0.859129, 0.0, 0.511759] [0.0, 1.0, 0.0] [-0.511759, 0.0, 0.859129] [-7033.77, 5.42883, 17864.7]]
		unit_class:t = "dynBase_field_camp_square"
		objLayer:i = 2
		props {
			army:i = 2
			active:b = false
		}
	}
	objectGroups {
		name:t = "bdt_t2_bomb_object_mid_06"
		tm:m = [[0.859129, 0.0, 0.511759] [0.0, 1.0, 0.0] [-0.511759, 0.0, 0.859129] [-3368.06, 14.373, 15941.2]]
		unit_class:t = "dynBase_field_camp_square"
		objLayer:i = 2
		props {
			army:i = 2
			active:b = false
		}
	}
	objectGroups {
		name:t = "bdt_t2_bomb_object_mid_07"
		tm:m = [[0.859129, 0.0, 0.511759] [0.0, 1.0, 0.0] [-0.511759, 0.0, 0.859129] [-14395.5, 71.0549, 21787.5]]
		unit_class:t = "dynBase_field_camp_square"
		objLayer:i = 2
		props {
			army:i = 2
			active:b = false
		}
	}
	objectGroups {
		name:t = "bdt_t2_bomb_object_mid_08"
		tm:m = [[0.859129, 0.0, 0.511759] [0.0, 1.0, 0.0] [-0.511759, 0.0, 0.859129] [-17684.3, 444.681, 22456.0]]
		unit_class:t = "dynBase_field_camp_square"
		objLayer:i = 2
		props {
			army:i = 2
			active:b = false
		}
	}
	objectGroups {
		name:t = "bdt_t1_bomb_object_mid_05"
		tm:m = [[0.859129, 0.0, 0.511759] [0.0, 1.0, 0.0] [-0.511759, 0.0, 0.859129] [-22406.3, 149.467, 10956.3]]
		unit_class:t = "dynBase_field_camp_square"
		objLayer:i = 2
		props {
			army:i = 1
			active:b = false
		}
	}
	objectGroups {
		name:t = "bdt_t1_bomb_object_mid_06"
		tm:m = [[0.859129, 0.0, 0.511759] [0.0, 1.0, 0.0] [-0.511759, 0.0, 0.859129] [-19666.8, 12.4165, 9597.1]]
		unit_class:t = "dynBase_field_camp_square"
		objLayer:i = 2
		props {
			army:i = 1
			active:b = false
		}
	}
	objectGroups {
		name:t = "bdt_t1_bomb_object_mid_07"
		tm:m = [[0.859129, 0.0, 0.511759] [0.0, 1.0, 0.0] [-0.511759, 0.0, 0.859129] [-12074.7, 5.9751, 6672.25]]
		unit_class:t = "dynBase_field_camp_square"
		objLayer:i = 2
		props {
			army:i = 1
			active:b = false
		}
	}
	objectGroups {
		name:t = "bdt_t1_bomb_object_mid_08"
		tm:m = [[0.859129, 0.0, 0.511759] [0.0, 1.0, 0.0] [-0.511759, 0.0, 0.859129] [-8225.11, 45.8853, 5499.1]]
		unit_class:t = "dynBase_field_camp_square"
		objLayer:i = 2
		props {
			army:i = 1
			active:b = false
		}
	}
}
areas {
	mid_bomb_area_zone {
		type:t = "Sphere"
		tm:m = [[19472.3, 0.0, -7591.94] [0.0, 10000.0, 0.0] [3632.5, 0.0, 9316.92] [-13864.4, 1.17236, 13987.9]]
		objLayer:i = 3
		props {

		}
	}
	bdt_t1_bomb_zone_mid_01 {
		type:t = "Sphere"
		tm:m = [[449.001, 0.0, -29.9721] [0.0, 450.0, 0.0] [29.9721, 0.0, 449.001] [-21758.7, 276.719, 13219.5]]
		objLayer:i = 0
		props {

		}
	}
	bdt_t1_bomb_zone_mid_02 {
		type:t = "Sphere"
		tm:m = [[419.207, 0.0, -163.602] [0.0, 450.0, 0.0] [163.602, 0.0, 419.207] [-18286.3, 6.70776, 10122.2]]
		objLayer:i = 0
		props {

		}
	}
	bdt_t1_bomb_zone_mid_03 {
		type:t = "Sphere"
		tm:m = [[419.207, 0.0, -163.602] [0.0, 450.0, 0.0] [163.602, 0.0, 419.207] [-13272.7, 2.51178, 8302.8]]
		objLayer:i = 0
		props {

		}
	}
	bdt_t2_bomb_zone_mid_01 {
		type:t = "Sphere"
		tm:m = [[419.207, 0.0, -163.602] [0.0, 450.0, 0.0] [163.602, 0.0, 419.207] [-5985.12, 6.81085, 14740.2]]
		objLayer:i = 0
		props {

		}
	}
	bdt_t2_bomb_zone_mid_02 {
		type:t = "Sphere"
		tm:m = [[449.881, 0.0, -10.3576] [0.0, 450.0, 0.0] [10.3576, 0.0, 449.881] [-9530.51, 1.46826, 17622.5]]
		objLayer:i = 0
		props {

		}
	}
	bdt_t2_bomb_zone_mid_03 {
		type:t = "Sphere"
		tm:m = [[337.97, 0.0, -297.112] [0.0, 450.0, 0.0] [297.112, 0.0, 337.97] [-14558.7, 36.2118, 19556.4]]
		objLayer:i = 0
		props {

		}
	}
	bdt_t1_bomb_zone_mid_04 {
		type:t = "Sphere"
		tm:m = [[419.207, 0.0, -163.602] [0.0, 450.0, 0.0] [163.602, 0.0, 419.207] [-8662.45, 82.9803, 7762.8]]
		objLayer:i = 0
		props {

		}
	}
	bdt_t2_bomb_zone_mid_04 {
		type:t = "Sphere"
		tm:m = [[337.97, 0.0, -297.112] [0.0, 450.0, 0.0] [297.112, 0.0, 337.97] [-19384.4, 705.667, 21107.5]]
		objLayer:i = 0
		props {

		}
	}
	bdt_t2_bomb_zone_mid_05 {
		type:t = "Sphere"
		tm:m = [[419.207, 0.0, -163.602] [0.0, 450.0, 0.0] [163.602, 0.0, 419.207] [-7036.05, 5.40337, 17862.0]]
		objLayer:i = 0
		props {

		}
	}
	bdt_t2_bomb_zone_mid_06 {
		type:t = "Sphere"
		tm:m = [[419.207, 0.0, -163.602] [0.0, 450.0, 0.0] [163.602, 0.0, 419.207] [-3370.34, 14.3729, 15938.5]]
		objLayer:i = 0
		props {

		}
	}
	bdt_t2_bomb_zone_mid_07 {
		type:t = "Sphere"
		tm:m = [[337.97, 0.0, -297.112] [0.0, 450.0, 0.0] [297.112, 0.0, 337.97] [-14398.6, 71.0055, 21785.1]]
		objLayer:i = 0
		props {

		}
	}
	bdt_t2_bomb_zone_mid_08 {
		type:t = "Sphere"
		tm:m = [[337.97, 0.0, -297.112] [0.0, 450.0, 0.0] [297.112, 0.0, 337.97] [-17687.4, 445.155, 22453.6]]
		objLayer:i = 0
		props {

		}
	}
	bdt_t1_bomb_zone_mid_05 {
		type:t = "Sphere"
		tm:m = [[449.001, 0.0, -29.9721] [0.0, 450.0, 0.0] [29.9721, 0.0, 449.001] [-22408.1, 149.481, 10954.3]]
		objLayer:i = 0
		props {

		}
	}
	bdt_t1_bomb_zone_mid_06 {
		type:t = "Sphere"
		tm:m = [[449.001, 0.0, -29.9721] [0.0, 450.0, 0.0] [29.9721, 0.0, 449.001] [-19668.6, 12.4175, 9595.0]]
		objLayer:i = 0
		props {

		}
	}
	bdt_t1_bomb_zone_mid_07 {
		type:t = "Sphere"
		tm:m = [[419.207, 0.0, -163.602] [0.0, 450.0, 0.0] [163.602, 0.0, 419.207] [-12075.6, 5.98011, 6669.95]]
		objLayer:i = 0
		props {

		}
	}
	bdt_t1_bomb_zone_mid_08 {
		type:t = "Sphere"
		tm:m = [[419.207, 0.0, -163.602] [0.0, 450.0, 0.0] [163.602, 0.0, 419.207] [-8225.96, 45.8583, 5496.8]]
		objLayer:i = 0
		props {

		}
	}
}
objLayers {
	layer {
		enabled:b = true
	}
	layer {
		enabled:b = true
	}
	layer {
		enabled:b = true
	}
	layer {
		enabled:b = false
	}
	layer {
		enabled:b = false
	}
}
wayPoints {

}