selected_tag:t = ""
bin_dump_file:t = ""
mission_settings {
	player {
		army:i = 1
	}
	player_teamB {
		army:i = 2
	}
	mission {
		type:t = "singleMission"
		level:t = "levels/water.bin"
		environment:t = "Day"
		weather:t = "hazy"
		restoreType:t = "attempts"
		optionalTakeOff:b = false
	}
	spectator_points {

	}
}
imports {
	import_record {
		file:t = "gameData/missions/templates/enduring_confrontation/tl_takeoff_landing_template.blk"
		importAreas:b = true
		importUnits:b = true
		importTriggers:b = true
		importMissionObjectives:b = true
		importWayPoints:b = true
		showAreas:b = true
		showUnits:b = true
		showTriggers:b = true
		showMissionObjectives:b = true
		showWayPoints:b = true
		excludes {

		}
	}
}
triggers {
	isCategory:b = true
	is_enabled:b = true
}
mission_objectives {
	isCategory:b = true
	is_enabled:b = true
}
variables {

}
dialogs {

}
airfields {

}
effects {

}
units {
	squad {
		name:t = "tl_all_fields_squad"
		tm:m = [[-1.0, 0.0, -5.96046e-8] [0.0, 1.0, 0.0] [5.96046e-8, 0.0, -1.0] [17615.5, 2063.48, -14569.4]]
		props {
			object_marking:i = 0
			squad_members:t = "tl_base_01"
			squad_members:t = "tl_base_02"
			squad_members:t = "tl_base_03"
			squad_members:t = "tl_base_04"
			squad_members:t = "tl_base_05"
			squad_members:t = "tl_base_06"
			squad_members:t = "tl_base_07"
			squad_members:t = "tl_base_08"
			squad_members:t = "tl_base_09"
			squad_members:t = "tl_base_10"
			squad_members:t = "tl_base_11"
			squad_members:t = "tl_base_12"
		}
	}
	objectGroups {
		name:t = "tl_base_07"
		tm:m = [[-0.073514, 0.0, -0.997294] [0.0, 1.0, 0.0] [0.997294, 0.0, -0.073514] [-2612.34, 393.306, -10927.3]]
		unit_class:t = "dynHelipad_platform_circle_a"
		objLayer:i = 2
		props {
			army:i = 1
			active:b = false
		}
	}
	objectGroups {
		name:t = "tl_base_04"
		tm:m = [[0.266859, 0.0, -0.963736] [0.0, 1.0, 0.0] [0.963736, 0.0, 0.266859] [2369.06, 282.326, -6031.59]]
		unit_class:t = "dynHelipad_platform_square_a"
		objLayer:i = 2
		props {
			army:i = 2
			active:b = false
		}
	}
	objectGroups {
		name:t = "tl_base_05"
		tm:m = [[-0.500772, 0.0, -0.86558] [0.0, 1.0, 0.0] [0.86558, 0.0, -0.500772] [-3939.97, 218.445, -5493.19]]
		unit_class:t = "dynHelipad_platform_octagon_a"
		objLayer:i = 2
		props {
			army:i = 2
			active:b = false
		}
	}
	objectGroups {
		name:t = "tl_base_09"
		tm:m = [[0.0391735, 0.0, -0.999233] [0.0, 1.0, 0.0] [0.999233, 0.0, 0.0391735] [-14104.3, 16.8341, -10219.6]]
		unit_class:t = "dynHelipad_platform_square_a"
		objLayer:i = 2
		props {
			army:i = 1
			active:b = false
		}
	}
	objectGroups {
		name:t = "tl_base_08"
		tm:m = [[0.0207345, 0.0, -0.999785] [0.0, 1.0, 0.0] [0.999785, 0.0, 0.0207345] [-9755.1, 125.184, -9186.2]]
		unit_class:t = "dynHelipad_platform_octagon_a"
		objLayer:i = 2
		props {
			army:i = 1
			active:b = false
		}
	}
	objectGroups {
		name:t = "tl_base_01"
		tm:m = [[0.506054, 0.0, -0.862502] [0.0, 1.0, 0.0] [0.862502, 0.0, 0.506054] [82.4346, 273.881, -1765.94]]
		unit_class:t = "dynHelipad_platform_circle_a"
		objLayer:i = 2
		props {
			army:i = 2
			active:b = false
		}
	}
	objectGroups {
		name:t = "tl_base_02"
		tm:m = [[-0.463283, 0.0, -0.886211] [0.0, 1.0, 0.0] [0.886211, 0.0, -0.463283] [-8414.62, 90.9137, -2587.49]]
		unit_class:t = "dynHelipad_platform_octagon_a"
		objLayer:i = 2
		props {
			army:i = 2
			active:b = false
		}
	}
	objectGroups {
		name:t = "tl_base_06"
		tm:m = [[-0.00772528, 0.0, -0.99997] [0.0, 1.0, 0.0] [0.99997, 0.0, -0.00772528] [-13949.6, 56.7494, -5967.68]]
		unit_class:t = "dynHelipad_platform_circle_a"
		objLayer:i = 2
		props {
			army:i = 2
			active:b = false
		}
	}
	objectGroups {
		name:t = "tl_base_03"
		tm:m = [[0.420962, 0.0, -0.907078] [0.0, 1.0, 0.0] [0.907078, 0.0, 0.420962] [-16063.5, 15.3458, -1377.79]]
		unit_class:t = "dynHelipad_platform_square_a"
		objLayer:i = 2
		props {
			army:i = 2
			active:b = false
		}
	}
	objectGroups {
		name:t = "tl_base_10"
		tm:m = [[0.242824, 0.0, -0.970071] [0.0, 1.0, 0.0] [0.970071, 0.0, 0.242824] [168.61, 201.037, 4220.3]]
		unit_class:t = "dynHelipad_platform_square_a"
		objLayer:i = 2
		props {
			army:i = 2
			active:b = false
		}
	}
	objectGroups {
		name:t = "tl_base_11"
		tm:m = [[-0.0100615, 0.0, -0.999949] [0.0, 1.0, 0.0] [0.999949, 0.0, -0.0100615] [-4410.52, 95.6887, 5124.6]]
		unit_class:t = "dynHelipad_platform_octagon_a"
		objLayer:i = 2
		props {
			army:i = 2
			active:b = false
		}
	}
	objectGroups {
		name:t = "tl_base_12"
		tm:m = [[0.982682, 0.0, -0.185296] [0.0, 1.0, 0.0] [0.185296, 0.0, 0.982682] [-12392.4, 32.5357, 7000.07]]
		unit_class:t = "dynHelipad_platform_circle_a"
		objLayer:i = 2
		props {
			army:i = 2
			active:b = false
		}
	}
	squad {
		name:t = "tl_t1_squad"
		tm:m = [[-1.0, 0.0, -5.96046e-8] [0.0, 1.0, 0.0] [5.96046e-8, 0.0, -1.0] [10358.0, 2063.48, -20595.8]]
		props {
			object_marking:i = 0
			squad_members:t = "tl_base_01"
			squad_members:t = "tl_base_02"
			squad_members:t = "tl_base_03"
			squad_members:t = "tl_base_04"
			squad_members:t = "tl_base_05"
			squad_members:t = "tl_base_06"
			squad_members:t = "tl_base_07"
			squad_members:t = "tl_base_08"
			squad_members:t = "tl_base_09"
			squad_members:t = "tl_base_10"
			squad_members:t = "tl_base_11"
			squad_members:t = "tl_base_12"
			object_type:t = "isTeamA"
		}
	}
	squad {
		name:t = "tl_t2_squad"
		tm:m = [[-1.0, 0.0, -5.96046e-8] [0.0, 1.0, 0.0] [5.96046e-8, 0.0, -1.0] [18007.6, 2063.48, -9234.78]]
		props {
			object_marking:i = 0
			squad_members:t = "tl_base_01"
			squad_members:t = "tl_base_02"
			squad_members:t = "tl_base_03"
			squad_members:t = "tl_base_04"
			squad_members:t = "tl_base_05"
			squad_members:t = "tl_base_06"
			squad_members:t = "tl_base_07"
			squad_members:t = "tl_base_08"
			squad_members:t = "tl_base_09"
			squad_members:t = "tl_base_10"
			squad_members:t = "tl_base_11"
			squad_members:t = "tl_base_12"
			object_type:t = "isTeamB"
		}
	}
}
areas {
	tl_pads_area {
		type:t = "Box"
		tm:m = [[-0.00878906, 0.0, -28672.0] [0.0, 1200.0, 0.0] [28672.0, 0.0, -0.00878906] [-10000.0, 10.3, 1536.0]]
		objLayer:i = 3
		props {

		}
	}
	tl_zone_07 {
		type:t = "Cylinder"
		tm:m = [[-7.22492, 0.0, -13.1454] [0.0, 100.0, 0.0] [13.1454, 0.0, -7.22492] [-2612.34, 385.535, -10927.3]]
		objLayer:i = 0
		props {

		}
	}
	tl_zone_04 {
		type:t = "Cylinder"
		tm:m = [[4.02707, 0.0, -14.4493] [0.0, 100.0, 0.0] [14.4493, 0.0, 4.02707] [2369.17, 281.901, -6031.59]]
		objLayer:i = 0
		props {

		}
	}
	tl_zone_05 {
		type:t = "Cylinder"
		tm:m = [[-7.6246, 0.0, -12.9176] [0.0, 100.0, 0.0] [12.9177, 0.0, -7.62458] [-3939.52, 164.384, -5492.77]]
		objLayer:i = 0
		props {

		}
	}
	tl_zone_09 {
		type:t = "Cylinder"
		tm:m = [[0.481238, 0.0, -14.9923] [0.0, 100.0, 0.0] [14.9923, 0.0, 0.481238] [-14104.3, 12.5477, -10219.6]]
		objLayer:i = 0
		props {

		}
	}
	tl_zone_08 {
		type:t = "Cylinder"
		tm:m = [[-0.720528, 0.0, 14.9827] [0.0, 100.0, 0.0] [-14.9827, 0.0, -0.720528] [-9755.1, 116.246, -9186.2]]
		objLayer:i = 0
		props {

		}
	}
	tl_zone_01 {
		type:t = "Cylinder"
		tm:m = [[7.78667, 0.0, -12.8206] [0.0, 100.0, 0.0] [12.8206, 0.0, 7.78666] [82.4646, 263.616, -1765.94]]
		objLayer:i = 0
		props {

		}
	}
	tl_zone_02 {
		type:t = "Cylinder"
		tm:m = [[0.131028, 0.0, 14.9994] [0.0, 100.0, 0.0] [-14.9994, 0.0, 0.13102] [-8414.66, 78.0767, -2587.5]]
		objLayer:i = 0
		props {

		}
	}
	tl_zone_06 {
		type:t = "Cylinder"
		tm:m = [[14.6475, 0.0, 3.2329] [0.0, 100.0, 0.0] [-3.2329, 0.0, 14.6475] [-13949.6, 25.4258, -5967.67]]
		objLayer:i = 0
		props {

		}
	}
	tl_zone_03 {
		type:t = "Cylinder"
		tm:m = [[-6.4928, 0.0, 13.522] [0.0, 100.0, 0.0] [-13.522, 0.0, -6.4928] [-16063.5, 22.7105, -1377.79]]
		objLayer:i = 0
		props {

		}
	}
	tl_zone_10 {
		type:t = "Cylinder"
		tm:m = [[-7.41008, 0.0, -13.0419] [0.0, 100.0, 0.0] [13.0419, 6.84258e-7, -7.41008] [168.59, 206.567, 4220.3]]
		objLayer:i = 0
		props {

		}
	}
	tl_zone_11 {
		type:t = "Cylinder"
		tm:m = [[8.32583, 0.0, -12.4772] [0.0, 100.0, 0.0] [12.4772, 0.0, 8.32583] [-4411.2, 77.8261, 5123.0]]
		objLayer:i = 0
		props {

		}
	}
	tl_zone_12 {
		type:t = "Cylinder"
		tm:m = [[14.983, 0.0, 0.714342] [0.0, 100.0, 0.0] [-0.714342, 0.0, 14.983] [-12392.7, 32.5385, 7000.29]]
		objLayer:i = 0
		props {

		}
	}
}
objLayers {
	layer {
		enabled:b = true
	}
	layer {
		enabled:b = true
	}
	layer {
		enabled:b = true
	}
	layer {
		enabled:b = false
	}
}
wayPoints {

}