selected_tag:t = ""
bin_dump_file:t = ""
mission_settings {
	player {
		army:i = 1
		wing:t = ""
	}
	player_teamB {
		army:i = 2
		wing:t = ""
	}
	mission {
		level:t = "levels/berlin.bin"
		type:t = "domination"
		environment:t = "Day"
		weather:t = "hazy"
		deathPenaltyMulRounds:r = 0
		stars {
			latitude:r = 52.5
			longitude:r = 13
			year:i = 1945
			month:i = 4
			day:i = 2
		}
	}
	spectator_points {

	}
}
imports {
	import_record {
		file:t = "gameData/missions/templates/air_templates/gs/assaults_gs_template.blk"
		importAreas:b = true
		importUnits:b = true
		importTriggers:b = true
		importMissionObjectives:b = true
		importWayPoints:b = true
		showAreas:b = true
		showUnits:b = true
		showTriggers:b = true
		showMissionObjectives:b = true
		showWayPoints:b = true
		excludes {

		}
	}
}
triggers {
	isCategory:b = true
	is_enabled:b = true
}
mission_objectives {
	isCategory:b = true
	is_enabled:b = true
}
variables {
	ai_assaults_saved:i = 0
	ft_helicopters_pad_exclusive:b = false
}
dialogs {

}
airfields {

}
effects {

}
units {

}
areas {
	at_area {
		type:t = "Sphere"
		tm:m = [[-9177.24, 0.0, -13106.5] [0.0, 16000.0, 0.0] [13106.5, 0.0, -9177.24] [-1500.0, 600.0, 5000.0]]
		objLayer:i = 0
		props {

		}
	}
	at_t2_spawn_01_01 {
		type:t = "Point"
		tm:m = [[0.805926, 0.0, -0.592018] [0.0, 1.0, 0.0] [0.592018, 0.0, 0.805926] [-9018.29, 600.0, 7724.48]]
		objLayer:i = 0
		props {

		}
	}
	at_t1_spawn_01_01 {
		type:t = "Point"
		tm:m = [[-0.805926, 0.0, 0.592018] [0.0, 1.0, 0.0] [-0.592018, 0.0, -0.805926] [3640.09, 599.99, -1143.38]]
		objLayer:i = 0
		props {

		}
	}
	at_t2_spawn_01_02 {
		type:t = "Point"
		tm:m = [[0.805926, 0.0, -0.592018] [0.0, 1.0, 0.0] [0.592018, 0.0, 0.805926] [-6644.48, 600.0, 11125.5]]
		objLayer:i = 0
		props {

		}
	}
	at_t1_spawn_01_02 {
		type:t = "Point"
		tm:m = [[-0.805926, 0.0, 0.592018] [0.0, 1.0, 0.0] [-0.592018, 0.0, -0.805926] [6017.52, 599.991, 2263.78]]
		objLayer:i = 0
		props {

		}
	}
	at_t1_spawn_02_01 {
		type:t = "Point"
		tm:m = [[-0.805926, 0.0, 0.592018] [0.0, 1.0, 0.0] [-0.592018, 0.0, -0.805926] [1903.95, 599.99, -2225.74]]
		objLayer:i = 0
		props {

		}
	}
	at_t1_spawn_02_02 {
		type:t = "Point"
		tm:m = [[-0.805926, 0.0, 0.592018] [0.0, 1.0, 0.0] [-0.592018, 0.0, -0.805926] [6440.96, 599.99, 4301.02]]
		objLayer:i = 0
		props {

		}
	}
	at_t2_spawn_02_01 {
		type:t = "Point"
		tm:m = [[0.805926, 0.0, -0.592018] [0.0, 1.0, 0.0] [0.592018, 0.0, 0.805926] [-4873.15, 600.0, 12278.9]]
		objLayer:i = 0
		props {

		}
	}
	at_t2_spawn_02_02 {
		type:t = "Point"
		tm:m = [[0.805926, 0.0, -0.592018] [0.0, 1.0, 0.0] [0.592018, 0.0, 0.805926] [-9456.63, 600.001, 5748.17]]
		objLayer:i = 0
		props {

		}
	}
}
objLayers {

}
wayPoints {

}