selected_tag:t = ""
bin_dump_file:t = ""
mission_settings {
	player {
		army:i = 1
	}
	player_teamB {
		army:i = 2
	}
	mission {
		level:t = "levels/avg_normandy.bin"
		type:t = "domination"
		environment:t = "Day"
		weather:t = "hazy"
	}
}
imports {

}
triggers {
	isCategory:b = true
	is_enabled:b = true
	init_both {
		is_enabled:b = true
		comments:t = ""
		props {
			actionsType:t = "PERFORM_ONE_BY_ONE"
			conditionsType:t = "ALL"
			enableAfterComplete:b = false
		}
		events {
			initMission {

			}
		}
		conditions {

		}
		actions {
			unitSetProperties {
				object_marking:i = 0
				object_var_name:t = ""
				object_var_comp_op:t = "equal"
				object_var_value:i = 0
				object:t = "t1_background_boats_squad"
				object:t = "t1_background_boatshowitzer_squad"
				isImmortal:b = true
				stealthRadius:r = 2000
				calmDetection:b = true
				attack_type:t = "dont_aim"
				targetGnd:b = false
				accuracy:r = 0.3
				effShootingRate:r = 0
				effShootingRateByPlayer:r = 0
			}
			unitSetProperties {
				object_marking:i = 0
				object_var_name:t = ""
				object_var_comp_op:t = "equal"
				object_var_value:i = 0
				object:t = "baloons_squad"
				army:i = 0
				targetableByAi:b = false
				stealthRadius:r = 0
				accuracy:r = 0.1
				effShootingRate:r = 0
				effShootingRateByPlayer:r = 0.6
			}
			unitPlayEffect {
				effect_type:t = "specify"
				effect:t = "location_fire_composite"
				offset:p3 = 0, 0, 0
				radiusOffset:p2 = 0, 0
				show:b = true
				attach:b = true
				scale:r = 1
				loopSpawn:b = true
				delay:p2 = 1, 1
				target:t = "background_effect_01"
				target:t = "background_effect_02"
				target:t = "background_effect_03"
				target:t = "background_effect_04"
				target:t = "background_effect_05"
			}
			unitSetProperties {
				object_marking:i = 0
				object_var_name:t = ""
				object_var_comp_op:t = "equal"
				object_var_value:i = 0
				object:t = "t1_background_boatshowitzer_squad"
				object:t = "t1_background_boats_squad"
				isImmortal:b = true
				stealthRadius:r = 0
				attack_type:t = "dont_aim"
				accuracy:r = 0.3
				effShootingRate:r = 0
				effShootingRateByPlayer:r = 0
			}
		}
		else_actions {

		}
	}
}
mission_objectives {
	isCategory:b = true
	is_enabled:b = true
}
variables {

}
dialogs {

}
airfields {

}
effects {

}
units {
	structures {
		name:t = "structures_01"
		tm:m = [[0.000516843, 0.0, 1.0] [0.0, 1.0, 0.0] [-1.0, 0.0, 0.000516843] [7764.35, -6369.35, 2749.35]]
		unit_class:t = "dummy"
		objLayer:i = 1
		closed_waypoints:b = false
		isShipSpline:b = false
		shipTurnRadius:r = 100
		weapons:t = ""
		bullets0:t = ""
		bullets1:t = ""
		bullets2:t = ""
		bullets3:t = ""
		bulletsCount0:i = 0
		bulletsCount1:i = 0
		bulletsCount2:i = 0
		bulletsCount3:i = 0
		props {
			army:i = 2
			count:i = 1
			formation_type:t = "rows"
			formation_div:i = 3
			formation_step:p2 = 2.5, 2
			formation_noise:p2 = 0.1, 0.1
			uniqueName:t = ""
			attack_type:t = "fire_at_will"
			isDelayed:b = true
			stealthRadius:r = 0
			setStealth:b = true
		}
		way {

		}
	}
	ships {
		name:t = "t1_background_howitzer01"
		tm:m = [[-0.811558, 0.0, -0.584271] [0.0, 1.0, 0.0] [0.584271, 0.0, -0.811558] [5483.49, 100.9, 6842.0]]
		unit_class:t = "uss_dd_georgetown"
		objLayer:i = 1
		closed_waypoints:b = false
		isShipSpline:b = false
		shipTurnRadius:r = 100
		weapons:t = ""
		bullets0:t = ""
		bullets1:t = ""
		bullets2:t = ""
		bullets3:t = ""
		bulletsCount0:i = 0
		bulletsCount1:i = 0
		bulletsCount2:i = 0
		bulletsCount3:i = 0
		props {
			army:i = 1
			count:i = 1
			formation_type:t = "rows"
			formation_div:i = 3
			formation_step:p2 = 2.5, 2
			formation_noise:p2 = 0.1, 0.1
			uniqueName:t = ""
			attack_type:t = "fire_at_will"
		}
		way {

		}
	}
	squad {
		name:t = "t1_background_boats_squad"
		tm:m = [[0.0305114, 0.0, 0.999535] [0.0, 1.0, 0.0] [-0.999535, 0.0, 0.0305114] [-756.982, 57.4755, 7006.63]]
		props {
			squad_members:t = "t1_background_howitzer01"
			squad_members:t = "t1_background_howitzer03"
			squad_members:t = "t1_background_howitzer04"
			squad_members:t = "t1_background_howitzer05"
			squad_members:t = "t1_background_howitzer06"
			squad_members:t = "t1_background_howitzer07"
			squad_members:t = "t1_background_howitzer09"
			squad_members:t = "t1_background_howitzer10"
			squad_members:t = "t1_background_howitzer11"
			squad_members:t = "t1_background_howitzer13"
			squad_members:t = "t1_background_howitzer14"
			squad_members:t = "t1_background_howitzer15"
			squad_members:t = "t1_background_howitzer16"
			squad_members:t = "t1_background_howitzer17"
			squad_members:t = "t1_background_howitzer18"
			squad_members:t = "t1_background_howitzer19"
			squad_members:t = "t1_background_howitzer20"
			squad_members:t = "t1_background_howitzer22"
			squad_members:t = "t1_background_howitzer23"
			squad_members:t = "t1_background_howitzer24"
			squad_members:t = "t1_background_howitzer26"
			squad_members:t = "t1_background_howitzer27"
			squad_members:t = "t1_background_howitzer28"
		}
	}
	ships {
		name:t = "t1_background_howitzer02"
		tm:m = [[-0.811558, 0.0, -0.584271] [0.0, 1.0, 0.0] [0.584271, 0.0, -0.811558] [5168.75, 100.925, 6990.03]]
		unit_class:t = "uss_ca_sanfrancisco"
		objLayer:i = 1
		closed_waypoints:b = false
		isShipSpline:b = false
		shipTurnRadius:r = 100
		weapons:t = ""
		bullets0:t = ""
		bullets1:t = ""
		bullets2:t = ""
		bullets3:t = ""
		bulletsCount0:i = 0
		bulletsCount1:i = 0
		bulletsCount2:i = 0
		bulletsCount3:i = 0
		props {
			army:i = 1
			count:i = 1
			formation_type:t = "rows"
			formation_div:i = 3
			formation_step:p2 = 2.5, 2
			formation_noise:p2 = 0.1, 0.1
			uniqueName:t = ""
			attack_type:t = "fire_at_will"
		}
		way {

		}
	}
	ships {
		name:t = "t1_background_howitzer03"
		tm:m = [[-0.811558, 0.0, -0.584271] [0.0, 1.0, 0.0] [0.584271, 0.0, -0.811558] [4859.57, 100.925, 6753.59]]
		unit_class:t = "uss_dd_georgetown"
		objLayer:i = 1
		closed_waypoints:b = false
		isShipSpline:b = false
		shipTurnRadius:r = 100
		weapons:t = ""
		bullets0:t = ""
		bullets1:t = ""
		bullets2:t = ""
		bullets3:t = ""
		bulletsCount0:i = 0
		bulletsCount1:i = 0
		bulletsCount2:i = 0
		bulletsCount3:i = 0
		props {
			army:i = 1
			count:i = 1
			formation_type:t = "rows"
			formation_div:i = 3
			formation_step:p2 = 2.5, 2
			formation_noise:p2 = 0.1, 0.1
			uniqueName:t = ""
			attack_type:t = "fire_at_will"
		}
		way {

		}
	}
	ships {
		name:t = "t1_background_howitzer04"
		tm:m = [[-0.811558, 0.0, -0.584271] [0.0, 1.0, 0.0] [0.584271, 0.0, -0.811558] [4456.15, 100.925, 6549.1]]
		unit_class:t = "uss_dd_georgetown"
		objLayer:i = 1
		closed_waypoints:b = false
		isShipSpline:b = false
		shipTurnRadius:r = 100
		weapons:t = ""
		bullets0:t = ""
		bullets1:t = ""
		bullets2:t = ""
		bullets3:t = ""
		bulletsCount0:i = 0
		bulletsCount1:i = 0
		bulletsCount2:i = 0
		bulletsCount3:i = 0
		props {
			army:i = 1
			count:i = 1
			formation_type:t = "rows"
			formation_div:i = 3
			formation_step:p2 = 2.5, 2
			formation_noise:p2 = 0.1, 0.1
			uniqueName:t = ""
			attack_type:t = "fire_at_will"
		}
		way {

		}
	}
	ships {
		name:t = "t1_background_howitzer05"
		tm:m = [[-0.811558, 0.0, -0.584271] [0.0, 1.0, 0.0] [0.584271, 0.0, -0.811558] [4151.57, 100.925, 6764.34]]
		unit_class:t = "uss_dd_georgetown"
		objLayer:i = 1
		closed_waypoints:b = false
		isShipSpline:b = false
		shipTurnRadius:r = 100
		weapons:t = ""
		bullets0:t = ""
		bullets1:t = ""
		bullets2:t = ""
		bullets3:t = ""
		bulletsCount0:i = 0
		bulletsCount1:i = 0
		bulletsCount2:i = 0
		bulletsCount3:i = 0
		props {
			army:i = 1
			count:i = 1
			formation_type:t = "rows"
			formation_div:i = 3
			formation_step:p2 = 2.5, 2
			formation_noise:p2 = 0.1, 0.1
			uniqueName:t = ""
			attack_type:t = "fire_at_will"
		}
		way {

		}
	}
	ships {
		name:t = "t1_background_howitzer06"
		tm:m = [[-0.811558, 0.0, -0.584271] [0.0, 1.0, 0.0] [0.584271, 0.0, -0.811558] [4052.48, 100.9, 6260.68]]
		unit_class:t = "uss_dd_georgetown"
		objLayer:i = 1
		closed_waypoints:b = false
		isShipSpline:b = false
		shipTurnRadius:r = 100
		weapons:t = ""
		bullets0:t = ""
		bullets1:t = ""
		bullets2:t = ""
		bullets3:t = ""
		bulletsCount0:i = 0
		bulletsCount1:i = 0
		bulletsCount2:i = 0
		bulletsCount3:i = 0
		props {
			army:i = 1
			count:i = 1
			formation_type:t = "rows"
			formation_div:i = 3
			formation_step:p2 = 2.5, 2
			formation_noise:p2 = 0.1, 0.1
			uniqueName:t = ""
			attack_type:t = "fire_at_will"
		}
		way {

		}
	}
	ships {
		name:t = "t1_background_howitzer07"
		tm:m = [[-0.811558, 0.0, -0.584271] [0.0, 1.0, 0.0] [0.584271, 0.0, -0.811558] [3518.62, 100.9, 5961.6]]
		unit_class:t = "uss_dd_georgetown"
		objLayer:i = 1
		closed_waypoints:b = false
		isShipSpline:b = false
		shipTurnRadius:r = 100
		weapons:t = ""
		bullets0:t = ""
		bullets1:t = ""
		bullets2:t = ""
		bullets3:t = ""
		bulletsCount0:i = 0
		bulletsCount1:i = 0
		bulletsCount2:i = 0
		bulletsCount3:i = 0
		props {
			army:i = 1
			count:i = 1
			formation_type:t = "rows"
			formation_div:i = 3
			formation_step:p2 = 2.5, 2
			formation_noise:p2 = 0.1, 0.1
			uniqueName:t = ""
			attack_type:t = "fire_at_will"
		}
		way {

		}
	}
	ships {
		name:t = "t1_background_howitzer08"
		tm:m = [[-0.811558, 0.0, -0.584271] [0.0, 1.0, 0.0] [0.584271, 0.0, -0.811558] [3310.28, 100.9, 6285.2]]
		unit_class:t = "uss_ca_sanfrancisco"
		objLayer:i = 1
		closed_waypoints:b = false
		isShipSpline:b = false
		shipTurnRadius:r = 100
		weapons:t = ""
		bullets0:t = ""
		bullets1:t = ""
		bullets2:t = ""
		bullets3:t = ""
		bulletsCount0:i = 0
		bulletsCount1:i = 0
		bulletsCount2:i = 0
		bulletsCount3:i = 0
		props {
			army:i = 1
			count:i = 1
			formation_type:t = "rows"
			formation_div:i = 3
			formation_step:p2 = 2.5, 2
			formation_noise:p2 = 0.1, 0.1
			uniqueName:t = ""
			attack_type:t = "fire_at_will"
		}
		way {

		}
	}
	ships {
		name:t = "t1_background_howitzer09"
		tm:m = [[-0.811558, 0.0, -0.584271] [0.0, 1.0, 0.0] [0.584271, 0.0, -0.811558] [2790.68, 100.9, 6484.72]]
		unit_class:t = "uss_dd_georgetown"
		objLayer:i = 1
		closed_waypoints:b = false
		isShipSpline:b = false
		shipTurnRadius:r = 100
		weapons:t = ""
		bullets0:t = ""
		bullets1:t = ""
		bullets2:t = ""
		bullets3:t = ""
		bulletsCount0:i = 0
		bulletsCount1:i = 0
		bulletsCount2:i = 0
		bulletsCount3:i = 0
		props {
			army:i = 1
			count:i = 1
			formation_type:t = "rows"
			formation_div:i = 3
			formation_step:p2 = 2.5, 2
			formation_noise:p2 = 0.1, 0.1
			uniqueName:t = ""
			attack_type:t = "fire_at_will"
		}
		way {

		}
	}
	ships {
		name:t = "t1_background_howitzer10"
		tm:m = [[-0.811558, 0.0, -0.584271] [0.0, 1.0, 0.0] [0.584271, 0.0, -0.811558] [2032.82, 0.0, 6087.38]]
		unit_class:t = "uss_dd_georgetown"
		objLayer:i = 1
		closed_waypoints:b = false
		isShipSpline:b = false
		shipTurnRadius:r = 100
		weapons:t = ""
		bullets0:t = ""
		bullets1:t = ""
		bullets2:t = ""
		bullets3:t = ""
		bulletsCount0:i = 0
		bulletsCount1:i = 0
		bulletsCount2:i = 0
		bulletsCount3:i = 0
		props {
			army:i = 1
			count:i = 1
			formation_type:t = "rows"
			formation_div:i = 3
			formation_step:p2 = 2.5, 2
			formation_noise:p2 = 0.1, 0.1
			uniqueName:t = ""
			attack_type:t = "fire_at_will"
		}
		way {

		}
	}
	ships {
		name:t = "t1_background_howitzer11"
		tm:m = [[-0.811558, 0.0, -0.584271] [0.0, 1.0, 0.0] [0.584271, 0.0, -0.811558] [1776.71, 0.0, 6825.84]]
		unit_class:t = "uss_dd_georgetown"
		objLayer:i = 1
		closed_waypoints:b = false
		isShipSpline:b = false
		shipTurnRadius:r = 100
		weapons:t = ""
		bullets0:t = ""
		bullets1:t = ""
		bullets2:t = ""
		bullets3:t = ""
		bulletsCount0:i = 0
		bulletsCount1:i = 0
		bulletsCount2:i = 0
		bulletsCount3:i = 0
		props {
			army:i = 1
			count:i = 1
			formation_type:t = "rows"
			formation_div:i = 3
			formation_step:p2 = 2.5, 2
			formation_noise:p2 = 0.1, 0.1
			uniqueName:t = ""
			attack_type:t = "fire_at_will"
		}
		way {

		}
	}
	ships {
		name:t = "t1_background_howitzer12"
		tm:m = [[-0.811558, 0.0, -0.584271] [0.0, 1.0, 0.0] [0.584271, 0.0, -0.811558] [1310.09, 0.0, 6579.03]]
		unit_class:t = "uss_ca_sanfrancisco"
		objLayer:i = 1
		closed_waypoints:b = false
		isShipSpline:b = false
		shipTurnRadius:r = 100
		weapons:t = ""
		bullets0:t = ""
		bullets1:t = ""
		bullets2:t = ""
		bullets3:t = ""
		bulletsCount0:i = 0
		bulletsCount1:i = 0
		bulletsCount2:i = 0
		bulletsCount3:i = 0
		props {
			army:i = 1
			count:i = 1
			formation_type:t = "rows"
			formation_div:i = 3
			formation_step:p2 = 2.5, 2
			formation_noise:p2 = 0.1, 0.1
			uniqueName:t = ""
			attack_type:t = "fire_at_will"
		}
		way {

		}
	}
	ships {
		name:t = "t1_background_howitzer13"
		tm:m = [[-0.811558, 0.0, -0.584271] [0.0, 1.0, 0.0] [0.584271, 0.0, -0.811558] [696.191, 0.000488281, 6139.69]]
		unit_class:t = "uss_dd_georgetown"
		objLayer:i = 1
		closed_waypoints:b = false
		isShipSpline:b = false
		shipTurnRadius:r = 100
		weapons:t = ""
		bullets0:t = ""
		bullets1:t = ""
		bullets2:t = ""
		bullets3:t = ""
		bulletsCount0:i = 0
		bulletsCount1:i = 0
		bulletsCount2:i = 0
		bulletsCount3:i = 0
		props {
			army:i = 1
			count:i = 1
			formation_type:t = "rows"
			formation_div:i = 3
			formation_step:p2 = 2.5, 2
			formation_noise:p2 = 0.1, 0.1
			uniqueName:t = ""
			attack_type:t = "fire_at_will"
		}
		way {

		}
	}
	ships {
		name:t = "t1_background_howitzer14"
		tm:m = [[-0.811558, 0.0, -0.584271] [0.0, 1.0, 0.0] [0.584271, 0.0, -0.811558] [275.275, 0.000488281, 6593.92]]
		unit_class:t = "uss_dd_georgetown"
		objLayer:i = 1
		closed_waypoints:b = false
		isShipSpline:b = false
		shipTurnRadius:r = 100
		weapons:t = ""
		bullets0:t = ""
		bullets1:t = ""
		bullets2:t = ""
		bullets3:t = ""
		bulletsCount0:i = 0
		bulletsCount1:i = 0
		bulletsCount2:i = 0
		bulletsCount3:i = 0
		props {
			army:i = 1
			count:i = 1
			formation_type:t = "rows"
			formation_div:i = 3
			formation_step:p2 = 2.5, 2
			formation_noise:p2 = 0.1, 0.1
			uniqueName:t = ""
			attack_type:t = "fire_at_will"
		}
		way {

		}
	}
	ships {
		name:t = "t1_background_howitzer15"
		tm:m = [[-0.811558, 0.0, -0.584271] [0.0, 1.0, 0.0] [0.584271, 0.0, -0.811558] [-203.036, 0.000488281, 6737.38]]
		unit_class:t = "uss_dd_georgetown"
		objLayer:i = 1
		closed_waypoints:b = false
		isShipSpline:b = false
		shipTurnRadius:r = 100
		weapons:t = ""
		bullets0:t = ""
		bullets1:t = ""
		bullets2:t = ""
		bullets3:t = ""
		bulletsCount0:i = 0
		bulletsCount1:i = 0
		bulletsCount2:i = 0
		bulletsCount3:i = 0
		props {
			army:i = 1
			count:i = 1
			formation_type:t = "rows"
			formation_div:i = 3
			formation_step:p2 = 2.5, 2
			formation_noise:p2 = 0.1, 0.1
			uniqueName:t = ""
			attack_type:t = "fire_at_will"
		}
		way {

		}
	}
	ships {
		name:t = "t1_background_howitzer31"
		tm:m = [[-0.811558, 0.0, -0.584271] [0.0, 1.0, 0.0] [0.584271, 0.0, -0.811558] [5984.43, 100.9, 6298.34]]
		unit_class:t = "uss_ca_sanfrancisco"
		objLayer:i = 1
		closed_waypoints:b = false
		isShipSpline:b = false
		shipTurnRadius:r = 100
		weapons:t = ""
		bullets0:t = ""
		bullets1:t = ""
		bullets2:t = ""
		bullets3:t = ""
		bulletsCount0:i = 0
		bulletsCount1:i = 0
		bulletsCount2:i = 0
		bulletsCount3:i = 0
		props {
			army:i = 1
			count:i = 1
			formation_type:t = "rows"
			formation_div:i = 3
			formation_step:p2 = 2.5, 2
			formation_noise:p2 = 0.1, 0.1
			uniqueName:t = ""
			attack_type:t = "fire_at_will"
		}
		way {

		}
	}
	ships {
		name:t = "t1_background_howitzer16"
		tm:m = [[-0.811558, 0.0, -0.584271] [0.0, 1.0, 0.0] [0.584271, 0.0, -0.811558] [5669.69, 100.925, 6446.37]]
		unit_class:t = "uss_dd_georgetown"
		objLayer:i = 1
		closed_waypoints:b = false
		isShipSpline:b = false
		shipTurnRadius:r = 100
		weapons:t = ""
		bullets0:t = ""
		bullets1:t = ""
		bullets2:t = ""
		bullets3:t = ""
		bulletsCount0:i = 0
		bulletsCount1:i = 0
		bulletsCount2:i = 0
		bulletsCount3:i = 0
		props {
			army:i = 1
			count:i = 1
			formation_type:t = "rows"
			formation_div:i = 3
			formation_step:p2 = 2.5, 2
			formation_noise:p2 = 0.1, 0.1
			uniqueName:t = ""
			attack_type:t = "fire_at_will"
		}
		way {

		}
	}
	ships {
		name:t = "t1_background_howitzer17"
		tm:m = [[-0.811558, 0.0, -0.584271] [0.0, 1.0, 0.0] [0.584271, 0.0, -0.811558] [5360.51, 100.925, 6209.94]]
		unit_class:t = "uss_dd_georgetown"
		objLayer:i = 1
		closed_waypoints:b = false
		isShipSpline:b = false
		shipTurnRadius:r = 100
		weapons:t = ""
		bullets0:t = ""
		bullets1:t = ""
		bullets2:t = ""
		bullets3:t = ""
		bulletsCount0:i = 0
		bulletsCount1:i = 0
		bulletsCount2:i = 0
		bulletsCount3:i = 0
		props {
			army:i = 1
			count:i = 1
			formation_type:t = "rows"
			formation_div:i = 3
			formation_step:p2 = 2.5, 2
			formation_noise:p2 = 0.1, 0.1
			uniqueName:t = ""
			attack_type:t = "fire_at_will"
		}
		way {

		}
	}
	ships {
		name:t = "t1_background_howitzer18"
		tm:m = [[-0.811558, 0.0, -0.584271] [0.0, 1.0, 0.0] [0.584271, 0.0, -0.811558] [4957.09, 100.925, 6005.45]]
		unit_class:t = "uss_dd_georgetown"
		objLayer:i = 1
		closed_waypoints:b = false
		isShipSpline:b = false
		shipTurnRadius:r = 100
		weapons:t = ""
		bullets0:t = ""
		bullets1:t = ""
		bullets2:t = ""
		bullets3:t = ""
		bulletsCount0:i = 0
		bulletsCount1:i = 0
		bulletsCount2:i = 0
		bulletsCount3:i = 0
		props {
			army:i = 1
			count:i = 1
			formation_type:t = "rows"
			formation_div:i = 3
			formation_step:p2 = 2.5, 2
			formation_noise:p2 = 0.1, 0.1
			uniqueName:t = ""
			attack_type:t = "fire_at_will"
		}
		way {

		}
	}
	ships {
		name:t = "t1_background_howitzer19"
		tm:m = [[-0.811558, 0.0, -0.584271] [0.0, 1.0, 0.0] [0.584271, 0.0, -0.811558] [4652.51, 100.925, 6220.68]]
		unit_class:t = "uss_dd_georgetown"
		objLayer:i = 1
		closed_waypoints:b = false
		isShipSpline:b = false
		shipTurnRadius:r = 100
		weapons:t = ""
		bullets0:t = ""
		bullets1:t = ""
		bullets2:t = ""
		bullets3:t = ""
		bulletsCount0:i = 0
		bulletsCount1:i = 0
		bulletsCount2:i = 0
		bulletsCount3:i = 0
		props {
			army:i = 1
			count:i = 1
			formation_type:t = "rows"
			formation_div:i = 3
			formation_step:p2 = 2.5, 2
			formation_noise:p2 = 0.1, 0.1
			uniqueName:t = ""
			attack_type:t = "fire_at_will"
		}
		way {

		}
	}
	ships {
		name:t = "t1_background_howitzer20"
		tm:m = [[-0.811558, 0.0, -0.584271] [0.0, 1.0, 0.0] [0.584271, 0.0, -0.811558] [4740.48, 100.9, 5296.96]]
		unit_class:t = "uss_dd_georgetown"
		objLayer:i = 1
		closed_waypoints:b = false
		isShipSpline:b = false
		shipTurnRadius:r = 100
		weapons:t = ""
		bullets0:t = ""
		bullets1:t = ""
		bullets2:t = ""
		bullets3:t = ""
		bulletsCount0:i = 0
		bulletsCount1:i = 0
		bulletsCount2:i = 0
		bulletsCount3:i = 0
		props {
			army:i = 1
			count:i = 1
			formation_type:t = "rows"
			formation_div:i = 3
			formation_step:p2 = 2.5, 2
			formation_noise:p2 = 0.1, 0.1
			uniqueName:t = ""
			attack_type:t = "fire_at_will"
		}
		way {

		}
	}
	ships {
		name:t = "t1_background_howitzer21"
		tm:m = [[-0.811558, 0.0, -0.584271] [0.0, 1.0, 0.0] [0.584271, 0.0, -0.811558] [4206.62, 100.9, 4997.88]]
		unit_class:t = "uss_ca_sanfrancisco"
		objLayer:i = 1
		closed_waypoints:b = false
		isShipSpline:b = false
		shipTurnRadius:r = 100
		weapons:t = ""
		bullets0:t = ""
		bullets1:t = ""
		bullets2:t = ""
		bullets3:t = ""
		bulletsCount0:i = 0
		bulletsCount1:i = 0
		bulletsCount2:i = 0
		bulletsCount3:i = 0
		props {
			army:i = 1
			count:i = 1
			formation_type:t = "rows"
			formation_div:i = 3
			formation_step:p2 = 2.5, 2
			formation_noise:p2 = 0.1, 0.1
			uniqueName:t = ""
			attack_type:t = "fire_at_will"
		}
		way {

		}
	}
	ships {
		name:t = "t1_background_howitzer22"
		tm:m = [[-0.811558, 0.0, -0.584271] [0.0, 1.0, 0.0] [0.584271, 0.0, -0.811558] [3998.28, 100.9, 5321.48]]
		unit_class:t = "uss_dd_georgetown"
		objLayer:i = 1
		closed_waypoints:b = false
		isShipSpline:b = false
		shipTurnRadius:r = 100
		weapons:t = ""
		bullets0:t = ""
		bullets1:t = ""
		bullets2:t = ""
		bullets3:t = ""
		bulletsCount0:i = 0
		bulletsCount1:i = 0
		bulletsCount2:i = 0
		bulletsCount3:i = 0
		props {
			army:i = 1
			count:i = 1
			formation_type:t = "rows"
			formation_div:i = 3
			formation_step:p2 = 2.5, 2
			formation_noise:p2 = 0.1, 0.1
			uniqueName:t = ""
			attack_type:t = "fire_at_will"
		}
		way {

		}
	}
	ships {
		name:t = "t1_background_howitzer23"
		tm:m = [[-0.811558, 0.0, -0.584271] [0.0, 1.0, 0.0] [0.584271, 0.0, -0.811558] [3478.69, 100.9, 5521.0]]
		unit_class:t = "uss_dd_georgetown"
		objLayer:i = 1
		closed_waypoints:b = false
		isShipSpline:b = false
		shipTurnRadius:r = 100
		weapons:t = ""
		bullets0:t = ""
		bullets1:t = ""
		bullets2:t = ""
		bullets3:t = ""
		bulletsCount0:i = 0
		bulletsCount1:i = 0
		bulletsCount2:i = 0
		bulletsCount3:i = 0
		props {
			army:i = 1
			count:i = 1
			formation_type:t = "rows"
			formation_div:i = 3
			formation_step:p2 = 2.5, 2
			formation_noise:p2 = 0.1, 0.1
			uniqueName:t = ""
			attack_type:t = "fire_at_will"
		}
		way {

		}
	}
	ships {
		name:t = "t1_background_howitzer24"
		tm:m = [[-0.811558, 0.0, -0.584271] [0.0, 1.0, 0.0] [0.584271, 0.0, -0.811558] [2720.83, 100.9, 5123.66]]
		unit_class:t = "uss_dd_georgetown"
		objLayer:i = 1
		closed_waypoints:b = false
		isShipSpline:b = false
		shipTurnRadius:r = 100
		weapons:t = ""
		bullets0:t = ""
		bullets1:t = ""
		bullets2:t = ""
		bullets3:t = ""
		bulletsCount0:i = 0
		bulletsCount1:i = 0
		bulletsCount2:i = 0
		bulletsCount3:i = 0
		props {
			army:i = 1
			count:i = 1
			formation_type:t = "rows"
			formation_div:i = 3
			formation_step:p2 = 2.5, 2
			formation_noise:p2 = 0.1, 0.1
			uniqueName:t = ""
			attack_type:t = "fire_at_will"
		}
		way {

		}
	}
	ships {
		name:t = "t1_background_howitzer25"
		tm:m = [[-0.811558, 0.0, -0.584271] [0.0, 1.0, 0.0] [0.584271, 0.0, -0.811558] [2464.71, 0.000488281, 5862.12]]
		unit_class:t = "uss_ca_sanfrancisco"
		objLayer:i = 1
		closed_waypoints:b = false
		isShipSpline:b = false
		shipTurnRadius:r = 100
		weapons:t = ""
		bullets0:t = ""
		bullets1:t = ""
		bullets2:t = ""
		bullets3:t = ""
		bulletsCount0:i = 0
		bulletsCount1:i = 0
		bulletsCount2:i = 0
		bulletsCount3:i = 0
		props {
			army:i = 1
			count:i = 1
			formation_type:t = "rows"
			formation_div:i = 3
			formation_step:p2 = 2.5, 2
			formation_noise:p2 = 0.1, 0.1
			uniqueName:t = ""
			attack_type:t = "fire_at_will"
		}
		way {

		}
	}
	ships {
		name:t = "t1_background_howitzer26"
		tm:m = [[-0.811558, 0.0, -0.584271] [0.0, 1.0, 0.0] [0.584271, 0.0, -0.811558] [1998.1, 0.0, 5615.31]]
		unit_class:t = "uss_dd_georgetown"
		objLayer:i = 1
		closed_waypoints:b = false
		isShipSpline:b = false
		shipTurnRadius:r = 100
		weapons:t = ""
		bullets0:t = ""
		bullets1:t = ""
		bullets2:t = ""
		bullets3:t = ""
		bulletsCount0:i = 0
		bulletsCount1:i = 0
		bulletsCount2:i = 0
		bulletsCount3:i = 0
		props {
			army:i = 1
			count:i = 1
			formation_type:t = "rows"
			formation_div:i = 3
			formation_step:p2 = 2.5, 2
			formation_noise:p2 = 0.1, 0.1
			uniqueName:t = ""
			attack_type:t = "fire_at_will"
		}
		way {

		}
	}
	ships {
		name:t = "t1_background_howitzer27"
		tm:m = [[-0.811558, 0.0, -0.584271] [0.0, 1.0, 0.0] [0.584271, 0.0, -0.811558] [1384.19, 0.0, 5175.97]]
		unit_class:t = "uss_dd_georgetown"
		objLayer:i = 1
		closed_waypoints:b = true
		isShipSpline:b = false
		shipTurnRadius:r = 100
		weapons:t = ""
		bullets0:t = ""
		bullets1:t = ""
		bullets2:t = ""
		bullets3:t = ""
		bulletsCount0:i = 0
		bulletsCount1:i = 0
		bulletsCount2:i = 0
		bulletsCount3:i = 0
		props {
			army:i = 1
			count:i = 1
			formation_type:t = "rows"
			formation_div:i = 3
			formation_step:p2 = 2.5, 2
			formation_noise:p2 = 0.1, 0.1
			uniqueName:t = ""
			attack_type:t = "fire_at_will"
		}
		way {

		}
	}
	ships {
		name:t = "t1_background_howitzer28"
		tm:m = [[-0.811558, 0.0, -0.584271] [0.0, 1.0, 0.0] [0.584271, 0.0, -0.811558] [963.278, 0.000488281, 5630.2]]
		unit_class:t = "uss_dd_georgetown"
		objLayer:i = 1
		closed_waypoints:b = false
		isShipSpline:b = false
		shipTurnRadius:r = 100
		weapons:t = ""
		bullets0:t = ""
		bullets1:t = ""
		bullets2:t = ""
		bullets3:t = ""
		bulletsCount0:i = 0
		bulletsCount1:i = 0
		bulletsCount2:i = 0
		bulletsCount3:i = 0
		props {
			army:i = 1
			count:i = 1
			formation_type:t = "rows"
			formation_div:i = 3
			formation_step:p2 = 2.5, 2
			formation_noise:p2 = 0.1, 0.1
			uniqueName:t = ""
			attack_type:t = "fire_at_will"
		}
		way {

		}
	}
	ships {
		name:t = "t1_background_howitzer29"
		tm:m = [[-0.811558, 0.0, -0.584271] [0.0, 1.0, 0.0] [0.584271, 0.0, -0.811558] [484.966, 0.000488281, 5773.66]]
		unit_class:t = "uss_ca_sanfrancisco"
		objLayer:i = 1
		closed_waypoints:b = false
		isShipSpline:b = false
		shipTurnRadius:r = 100
		weapons:t = ""
		bullets0:t = ""
		bullets1:t = ""
		bullets2:t = ""
		bullets3:t = ""
		bulletsCount0:i = 0
		bulletsCount1:i = 0
		bulletsCount2:i = 0
		bulletsCount3:i = 0
		props {
			army:i = 1
			count:i = 1
			formation_type:t = "rows"
			formation_div:i = 3
			formation_step:p2 = 2.5, 2
			formation_noise:p2 = 0.1, 0.1
			uniqueName:t = ""
			attack_type:t = "fire_at_will"
		}
		way {

		}
	}
	structures {
		name:t = "baloon01"
		tm:m = [[0.068829, 0.0, 0.997628] [0.0, 1.0, 0.0] [-0.997628, 0.0, 0.068829] [1387.15, 450.0, 5179.25]]
		unit_class:t = "barrage_balloon_b_unit"
		objLayer:i = 1
		closed_waypoints:b = false
		isShipSpline:b = false
		shipTurnRadius:r = 100
		weapons:t = ""
		bullets0:t = ""
		bullets1:t = ""
		bullets2:t = ""
		bullets3:t = ""
		bulletsCount0:i = 0
		bulletsCount1:i = 0
		bulletsCount2:i = 0
		bulletsCount3:i = 0
		props {
			army:i = 1
			count:i = 1
			formation_type:t = "rows"
			formation_div:i = 3
			formation_step:p2 = 2.5, 2
			formation_noise:p2 = 0.1, 0.1
			uniqueName:t = ""
			attack_type:t = "fire_at_will"
		}
		way {

		}
	}
	structures {
		name:t = "baloon02"
		tm:m = [[0.068829, 0.0, 0.997628] [0.0, 1.0, 0.0] [-0.997628, 0.0, 0.068829] [966.4, 396.25, 5634.65]]
		unit_class:t = "barrage_balloon_b_unit"
		objLayer:i = 1
		closed_waypoints:b = false
		isShipSpline:b = false
		shipTurnRadius:r = 100
		weapons:t = ""
		bullets0:t = ""
		bullets1:t = ""
		bullets2:t = ""
		bullets3:t = ""
		bulletsCount0:i = 0
		bulletsCount1:i = 0
		bulletsCount2:i = 0
		bulletsCount3:i = 0
		props {
			army:i = 1
			count:i = 1
			formation_type:t = "rows"
			formation_div:i = 3
			formation_step:p2 = 2.5, 2
			formation_noise:p2 = 0.1, 0.1
			uniqueName:t = ""
			attack_type:t = "fire_at_will"
		}
		way {

		}
	}
	structures {
		name:t = "baloon03"
		tm:m = [[0.068829, 0.0, 0.997628] [0.0, 1.0, 0.0] [-0.997628, 0.0, 0.068829] [490.44, 196.1, 5775.91]]
		unit_class:t = "barrage_balloon_b_unit"
		objLayer:i = 1
		closed_waypoints:b = false
		isShipSpline:b = false
		shipTurnRadius:r = 100
		weapons:t = ""
		bullets0:t = ""
		bullets1:t = ""
		bullets2:t = ""
		bullets3:t = ""
		bulletsCount0:i = 0
		bulletsCount1:i = 0
		bulletsCount2:i = 0
		bulletsCount3:i = 0
		props {
			army:i = 1
			count:i = 1
			formation_type:t = "rows"
			formation_div:i = 3
			formation_step:p2 = 2.5, 2
			formation_noise:p2 = 0.1, 0.1
			uniqueName:t = ""
			attack_type:t = "fire_at_will"
		}
		way {

		}
	}
	structures {
		name:t = "baloon04"
		tm:m = [[0.068829, 0.0, 0.997628] [0.0, 1.0, 0.0] [-0.997628, 0.0, 0.068829] [697.6, 407.55, 6142.3]]
		unit_class:t = "barrage_balloon_b_unit"
		objLayer:i = 1
		closed_waypoints:b = false
		isShipSpline:b = false
		shipTurnRadius:r = 100
		weapons:t = ""
		bullets0:t = ""
		bullets1:t = ""
		bullets2:t = ""
		bullets3:t = ""
		bulletsCount0:i = 0
		bulletsCount1:i = 0
		bulletsCount2:i = 0
		bulletsCount3:i = 0
		props {
			army:i = 1
			count:i = 1
			formation_type:t = "rows"
			formation_div:i = 3
			formation_step:p2 = 2.5, 2
			formation_noise:p2 = 0.1, 0.1
			uniqueName:t = ""
			attack_type:t = "fire_at_will"
		}
		way {

		}
	}
	structures {
		name:t = "baloon05"
		tm:m = [[0.068829, 0.0, 0.997628] [0.0, 1.0, 0.0] [-0.997628, 0.0, 0.068829] [279.65, 476.7, 6597.5]]
		unit_class:t = "barrage_balloon_b_unit"
		objLayer:i = 1
		closed_waypoints:b = false
		isShipSpline:b = false
		shipTurnRadius:r = 100
		weapons:t = ""
		bullets0:t = ""
		bullets1:t = ""
		bullets2:t = ""
		bullets3:t = ""
		bulletsCount0:i = 0
		bulletsCount1:i = 0
		bulletsCount2:i = 0
		bulletsCount3:i = 0
		props {
			army:i = 1
			count:i = 1
			formation_type:t = "rows"
			formation_div:i = 3
			formation_step:p2 = 2.5, 2
			formation_noise:p2 = 0.1, 0.1
			uniqueName:t = ""
			attack_type:t = "fire_at_will"
		}
		way {

		}
	}
	structures {
		name:t = "baloon06"
		tm:m = [[0.068829, 0.0, 0.997628] [0.0, 1.0, 0.0] [-0.997628, 0.0, 0.068829] [-203.3, 450.0, 6741.7]]
		unit_class:t = "barrage_balloon_b_unit"
		objLayer:i = 1
		closed_waypoints:b = false
		isShipSpline:b = false
		shipTurnRadius:r = 100
		weapons:t = ""
		bullets0:t = ""
		bullets1:t = ""
		bullets2:t = ""
		bullets3:t = ""
		bulletsCount0:i = 0
		bulletsCount1:i = 0
		bulletsCount2:i = 0
		bulletsCount3:i = 0
		props {
			army:i = 1
			count:i = 1
			formation_type:t = "rows"
			formation_div:i = 3
			formation_step:p2 = 2.5, 2
			formation_noise:p2 = 0.1, 0.1
			uniqueName:t = ""
			attack_type:t = "fire_at_will"
		}
		way {

		}
	}
	structures {
		name:t = "baloon07"
		tm:m = [[0.068829, 0.0, 0.997628] [0.0, 1.0, 0.0] [-0.997628, 0.0, 0.068829] [1998.82, 450.0, 5615.94]]
		unit_class:t = "barrage_balloon_b_unit"
		objLayer:i = 1
		closed_waypoints:b = false
		isShipSpline:b = false
		shipTurnRadius:r = 100
		weapons:t = ""
		bullets0:t = ""
		bullets1:t = ""
		bullets2:t = ""
		bullets3:t = ""
		bulletsCount0:i = 0
		bulletsCount1:i = 0
		bulletsCount2:i = 0
		bulletsCount3:i = 0
		props {
			army:i = 1
			count:i = 1
			formation_type:t = "rows"
			formation_div:i = 3
			formation_step:p2 = 2.5, 2
			formation_noise:p2 = 0.1, 0.1
			uniqueName:t = ""
			attack_type:t = "fire_at_will"
		}
		way {

		}
	}
	structures {
		name:t = "baloon08"
		tm:m = [[0.068829, 0.0, 0.997628] [0.0, 1.0, 0.0] [-0.997628, 0.0, 0.068829] [2027.4, 450.0, 6080.45]]
		unit_class:t = "barrage_balloon_b_unit"
		objLayer:i = 1
		closed_waypoints:b = false
		isShipSpline:b = false
		shipTurnRadius:r = 100
		weapons:t = ""
		bullets0:t = ""
		bullets1:t = ""
		bullets2:t = ""
		bullets3:t = ""
		bulletsCount0:i = 0
		bulletsCount1:i = 0
		bulletsCount2:i = 0
		bulletsCount3:i = 0
		props {
			army:i = 1
			count:i = 1
			formation_type:t = "rows"
			formation_div:i = 3
			formation_step:p2 = 2.5, 2
			formation_noise:p2 = 0.1, 0.1
			uniqueName:t = ""
			attack_type:t = "fire_at_will"
		}
		way {

		}
	}
	structures {
		name:t = "baloon09"
		tm:m = [[0.068829, 0.0, 0.997628] [0.0, 1.0, 0.0] [-0.997628, 0.0, 0.068829] [1779.7, 400.65, 6826.35]]
		unit_class:t = "barrage_balloon_b_unit"
		objLayer:i = 1
		closed_waypoints:b = false
		isShipSpline:b = false
		shipTurnRadius:r = 100
		weapons:t = ""
		bullets0:t = ""
		bullets1:t = ""
		bullets2:t = ""
		bullets3:t = ""
		bulletsCount0:i = 0
		bulletsCount1:i = 0
		bulletsCount2:i = 0
		bulletsCount3:i = 0
		props {
			army:i = 1
			count:i = 1
			formation_type:t = "rows"
			formation_div:i = 3
			formation_step:p2 = 2.5, 2
			formation_noise:p2 = 0.1, 0.1
			uniqueName:t = ""
			attack_type:t = "fire_at_will"
		}
		way {

		}
	}
	structures {
		name:t = "baloon10"
		tm:m = [[0.068829, 0.0, 0.997628] [0.0, 1.0, 0.0] [-0.997628, 0.0, 0.068829] [1299.85, 476.7, 6569.1]]
		unit_class:t = "barrage_balloon_b_unit"
		objLayer:i = 1
		closed_waypoints:b = false
		isShipSpline:b = false
		shipTurnRadius:r = 100
		weapons:t = ""
		bullets0:t = ""
		bullets1:t = ""
		bullets2:t = ""
		bullets3:t = ""
		bulletsCount0:i = 0
		bulletsCount1:i = 0
		bulletsCount2:i = 0
		bulletsCount3:i = 0
		props {
			army:i = 1
			count:i = 1
			formation_type:t = "rows"
			formation_div:i = 3
			formation_step:p2 = 2.5, 2
			formation_noise:p2 = 0.1, 0.1
			uniqueName:t = ""
			attack_type:t = "fire_at_will"
		}
		way {

		}
	}
	structures {
		name:t = "baloon11"
		tm:m = [[0.068829, 0.0, 0.997628] [0.0, 1.0, 0.0] [-0.997628, 0.0, 0.068829] [2452.4, 217.9, 5850.25]]
		unit_class:t = "barrage_balloon_b_unit"
		objLayer:i = 1
		closed_waypoints:b = false
		isShipSpline:b = false
		shipTurnRadius:r = 100
		weapons:t = ""
		bullets0:t = ""
		bullets1:t = ""
		bullets2:t = ""
		bullets3:t = ""
		bulletsCount0:i = 0
		bulletsCount1:i = 0
		bulletsCount2:i = 0
		bulletsCount3:i = 0
		props {
			army:i = 1
			count:i = 1
			formation_type:t = "rows"
			formation_div:i = 3
			formation_step:p2 = 2.5, 2
			formation_noise:p2 = 0.1, 0.1
			uniqueName:t = ""
			attack_type:t = "fire_at_will"
		}
		way {

		}
	}
	structures {
		name:t = "baloon12"
		tm:m = [[0.068829, 0.0, 0.997628] [0.0, 1.0, 0.0] [-0.997628, 0.0, 0.068829] [2792.75, 234.55, 6486.8]]
		unit_class:t = "barrage_balloon_b_unit"
		objLayer:i = 1
		closed_waypoints:b = false
		isShipSpline:b = false
		shipTurnRadius:r = 100
		weapons:t = ""
		bullets0:t = ""
		bullets1:t = ""
		bullets2:t = ""
		bullets3:t = ""
		bulletsCount0:i = 0
		bulletsCount1:i = 0
		bulletsCount2:i = 0
		bulletsCount3:i = 0
		props {
			army:i = 1
			count:i = 1
			formation_type:t = "rows"
			formation_div:i = 3
			formation_step:p2 = 2.5, 2
			formation_noise:p2 = 0.1, 0.1
			uniqueName:t = ""
			attack_type:t = "fire_at_will"
		}
		way {

		}
	}
	structures {
		name:t = "baloon13"
		tm:m = [[0.068829, 0.0, 0.997628] [0.0, 1.0, 0.0] [-0.997628, 0.0, 0.068829] [2718.9, 300.0, 5121.9]]
		unit_class:t = "barrage_balloon_b_unit"
		objLayer:i = 1
		closed_waypoints:b = false
		isShipSpline:b = false
		shipTurnRadius:r = 100
		weapons:t = ""
		bullets0:t = ""
		bullets1:t = ""
		bullets2:t = ""
		bullets3:t = ""
		bulletsCount0:i = 0
		bulletsCount1:i = 0
		bulletsCount2:i = 0
		bulletsCount3:i = 0
		props {
			army:i = 1
			count:i = 1
			formation_type:t = "rows"
			formation_div:i = 3
			formation_step:p2 = 2.5, 2
			formation_noise:p2 = 0.1, 0.1
			uniqueName:t = ""
			attack_type:t = "fire_at_will"
		}
		way {

		}
	}
	structures {
		name:t = "baloon14"
		tm:m = [[0.068829, 0.0, 0.997628] [0.0, 1.0, 0.0] [-0.997628, 0.0, 0.068829] [3302.9, 378.2, 6279.85]]
		unit_class:t = "barrage_balloon_b_unit"
		objLayer:i = 1
		closed_waypoints:b = false
		isShipSpline:b = false
		shipTurnRadius:r = 100
		weapons:t = ""
		bullets0:t = ""
		bullets1:t = ""
		bullets2:t = ""
		bullets3:t = ""
		bulletsCount0:i = 0
		bulletsCount1:i = 0
		bulletsCount2:i = 0
		bulletsCount3:i = 0
		props {
			army:i = 1
			count:i = 1
			formation_type:t = "rows"
			formation_div:i = 3
			formation_step:p2 = 2.5, 2
			formation_noise:p2 = 0.1, 0.1
			uniqueName:t = ""
			attack_type:t = "fire_at_will"
		}
		way {

		}
	}
	structures {
		name:t = "baloon15"
		tm:m = [[0.068829, 0.0, 0.997628] [0.0, 1.0, 0.0] [-0.997628, 0.0, 0.068829] [3515.35, 413.2, 5960.65]]
		unit_class:t = "barrage_balloon_b_unit"
		objLayer:i = 1
		closed_waypoints:b = false
		isShipSpline:b = false
		shipTurnRadius:r = 100
		weapons:t = ""
		bullets0:t = ""
		bullets1:t = ""
		bullets2:t = ""
		bullets3:t = ""
		bulletsCount0:i = 0
		bulletsCount1:i = 0
		bulletsCount2:i = 0
		bulletsCount3:i = 0
		props {
			army:i = 1
			count:i = 1
			formation_type:t = "rows"
			formation_div:i = 3
			formation_step:p2 = 2.5, 2
			formation_noise:p2 = 0.1, 0.1
			uniqueName:t = ""
			attack_type:t = "fire_at_will"
		}
		way {

		}
	}
	structures {
		name:t = "baloon16"
		tm:m = [[0.068829, 0.0, 0.997628] [0.0, 1.0, 0.0] [-0.997628, 0.0, 0.068829] [3478.55, 300.0, 5522.8]]
		unit_class:t = "barrage_balloon_b_unit"
		objLayer:i = 1
		closed_waypoints:b = false
		isShipSpline:b = false
		shipTurnRadius:r = 100
		weapons:t = ""
		bullets0:t = ""
		bullets1:t = ""
		bullets2:t = ""
		bullets3:t = ""
		bulletsCount0:i = 0
		bulletsCount1:i = 0
		bulletsCount2:i = 0
		bulletsCount3:i = 0
		props {
			army:i = 1
			count:i = 1
			formation_type:t = "rows"
			formation_div:i = 3
			formation_step:p2 = 2.5, 2
			formation_noise:p2 = 0.1, 0.1
			uniqueName:t = ""
			attack_type:t = "fire_at_will"
		}
		way {

		}
	}
	structures {
		name:t = "baloon17"
		tm:m = [[0.068829, 0.0, 0.997628] [0.0, 1.0, 0.0] [-0.997628, 0.0, 0.068829] [3998.65, 300.0, 5320.75]]
		unit_class:t = "barrage_balloon_b_unit"
		objLayer:i = 1
		closed_waypoints:b = false
		isShipSpline:b = false
		shipTurnRadius:r = 100
		weapons:t = ""
		bullets0:t = ""
		bullets1:t = ""
		bullets2:t = ""
		bullets3:t = ""
		bulletsCount0:i = 0
		bulletsCount1:i = 0
		bulletsCount2:i = 0
		bulletsCount3:i = 0
		props {
			army:i = 1
			count:i = 1
			formation_type:t = "rows"
			formation_div:i = 3
			formation_step:p2 = 2.5, 2
			formation_noise:p2 = 0.1, 0.1
			uniqueName:t = ""
			attack_type:t = "fire_at_will"
		}
		way {

		}
	}
	structures {
		name:t = "baloon18"
		tm:m = [[0.068829, 0.0, 0.997628] [0.0, 1.0, 0.0] [-0.997628, 0.0, 0.068829] [4055.0, 404.9, 6264.55]]
		unit_class:t = "barrage_balloon_b_unit"
		objLayer:i = 1
		closed_waypoints:b = false
		isShipSpline:b = false
		shipTurnRadius:r = 100
		weapons:t = ""
		bullets0:t = ""
		bullets1:t = ""
		bullets2:t = ""
		bullets3:t = ""
		bulletsCount0:i = 0
		bulletsCount1:i = 0
		bulletsCount2:i = 0
		bulletsCount3:i = 0
		props {
			army:i = 1
			count:i = 1
			formation_type:t = "rows"
			formation_div:i = 3
			formation_step:p2 = 2.5, 2
			formation_noise:p2 = 0.1, 0.1
			uniqueName:t = ""
			attack_type:t = "fire_at_will"
		}
		way {

		}
	}
	structures {
		name:t = "baloon19"
		tm:m = [[0.068829, 0.0, 0.997628] [0.0, 1.0, 0.0] [-0.997628, 0.0, 0.068829] [4149.05, 196.65, 6770.85]]
		unit_class:t = "barrage_balloon_b_unit"
		objLayer:i = 1
		closed_waypoints:b = false
		isShipSpline:b = false
		shipTurnRadius:r = 100
		weapons:t = ""
		bullets0:t = ""
		bullets1:t = ""
		bullets2:t = ""
		bullets3:t = ""
		bulletsCount0:i = 0
		bulletsCount1:i = 0
		bulletsCount2:i = 0
		bulletsCount3:i = 0
		props {
			army:i = 1
			count:i = 1
			formation_type:t = "rows"
			formation_div:i = 3
			formation_step:p2 = 2.5, 2
			formation_noise:p2 = 0.1, 0.1
			uniqueName:t = ""
			attack_type:t = "fire_at_will"
		}
		way {

		}
	}
	structures {
		name:t = "baloon20"
		tm:m = [[0.068829, 0.0, 0.997628] [0.0, 1.0, 0.0] [-0.997628, 0.0, 0.068829] [4459.7, 261.85, 6545.9]]
		unit_class:t = "barrage_balloon_b_unit"
		objLayer:i = 1
		closed_waypoints:b = false
		isShipSpline:b = false
		shipTurnRadius:r = 100
		weapons:t = ""
		bullets0:t = ""
		bullets1:t = ""
		bullets2:t = ""
		bullets3:t = ""
		bulletsCount0:i = 0
		bulletsCount1:i = 0
		bulletsCount2:i = 0
		bulletsCount3:i = 0
		props {
			army:i = 1
			count:i = 1
			formation_type:t = "rows"
			formation_div:i = 3
			formation_step:p2 = 2.5, 2
			formation_noise:p2 = 0.1, 0.1
			uniqueName:t = ""
			attack_type:t = "fire_at_will"
		}
		way {

		}
	}
	structures {
		name:t = "baloon21"
		tm:m = [[0.068829, 0.0, 0.997628] [0.0, 1.0, 0.0] [-0.997628, 0.0, 0.068829] [4204.75, 271.75, 4996.15]]
		unit_class:t = "barrage_balloon_b_unit"
		objLayer:i = 1
		closed_waypoints:b = false
		isShipSpline:b = false
		shipTurnRadius:r = 100
		weapons:t = ""
		bullets0:t = ""
		bullets1:t = ""
		bullets2:t = ""
		bullets3:t = ""
		bulletsCount0:i = 0
		bulletsCount1:i = 0
		bulletsCount2:i = 0
		bulletsCount3:i = 0
		props {
			army:i = 1
			count:i = 1
			formation_type:t = "rows"
			formation_div:i = 3
			formation_step:p2 = 2.5, 2
			formation_noise:p2 = 0.1, 0.1
			uniqueName:t = ""
			attack_type:t = "fire_at_will"
		}
		way {

		}
	}
	structures {
		name:t = "baloon22"
		tm:m = [[0.068829, 0.0, 0.997628] [0.0, 1.0, 0.0] [-0.997628, 0.0, 0.068829] [4739.95, 300.0, 5294.7]]
		unit_class:t = "barrage_balloon_b_unit"
		objLayer:i = 1
		closed_waypoints:b = false
		isShipSpline:b = false
		shipTurnRadius:r = 100
		weapons:t = ""
		bullets0:t = ""
		bullets1:t = ""
		bullets2:t = ""
		bullets3:t = ""
		bulletsCount0:i = 0
