selected_tag:t = ""
bin_dump_file:t = ""
mission_settings {
	player {
		army:i = 1
	}
	player_teamB {
		army:i = 2
	}
	mission {
		level:t = "levels/sicily.bin"
		type:t = "domination"
		environment:t = "Day"
		weather:t = "clear"
	}
}
imports {

}
triggers {
	isCategory:b = true
	is_enabled:b = true
}
mission_objectives {
	isCategory:b = true
	is_enabled:b = true
}
variables {

}
dialogs {

}
airfields {

}
effects {

}
units {
	objectGroups {
		name:t = "t1_airfield_low"
		tm:m = [[0.993708, 0.0, -0.112006] [0.0, 1.0, 0.0] [0.112006, 0.0, 0.993708] [11720.1, 187.491, -7044.39]]
		unit_class:t = "dynAF_kh_gol_airfield_gumrak_small"
		objLayer:i = 2
		props {
			army:i = 1
			active:b = true
		}
	}
	objectGroups {
		name:t = "t2_airfield_low"
		tm:m = [[-0.992823, 0.0, 0.119605] [0.0, 1.0, 0.0] [-0.119605, 0.0, -0.992823] [-12502.3, 328.634, -2150.49]]
		unit_class:t = "dynAF_kh_gol_airfield_gumrak_small"
		objLayer:i = 2
		props {
			army:i = 2
			active:b = true
		}
	}
	air_defence {
		name:t = "t1_aaa_low_light_01"
		tm:m = [[0.996832, 0.0, -0.0795292] [0.0, 1.0, 0.0] [0.0795292, 0.0, 0.996832] [12248.4, 671.7, -7706.83]]
		unit_class:t = "uk_40mm_bofors_airfield"
		objLayer:i = 1
		closed_waypoints:b = false
		isShipSpline:b = false
		shipTurnRadius:r = 100
		weapons:t = ""
		bullets0:t = ""
		bullets1:t = ""
		bullets2:t = ""
		bullets3:t = ""
		bulletsCount0:i = 0
		bulletsCount1:i = 0
		bulletsCount2:i = 0
		bulletsCount3:i = 0
		crewSkillK:r = 0
		applyAllMods:b = false
		props {
			army:i = 1
			count:i = 1
			formation_type:t = "rows"
			formation_div:i = 3
			formation_step:p2 = 2.5, 2
			formation_noise:p2 = 0.1, 0.1
			uniqueName:t = ""
			attack_type:t = "fire_at_will"
		}
		way {

		}
	}
	air_defence {
		name:t = "t1_aaa_low_heavy_01"
		tm:m = [[0.996832, 0.0, -0.0795292] [0.0, 1.0, 0.0] [0.0795292, 0.0, 0.996832] [12355.9, 655.532, -6622.73]]
		unit_class:t = "us_90mm_versus"
		objLayer:i = 1
		closed_waypoints:b = false
		isShipSpline:b = false
		shipTurnRadius:r = 100
		weapons:t = ""
		bullets0:t = ""
		bullets1:t = ""
		bullets2:t = ""
		bullets3:t = ""
		bulletsCount0:i = 0
		bulletsCount1:i = 0
		bulletsCount2:i = 0
		bulletsCount3:i = 0
		crewSkillK:r = 0
		applyAllMods:b = false
		props {
			army:i = 1
			count:i = 1
			formation_type:t = "rows"
			formation_div:i = 3
			formation_step:p2 = 2.5, 2
			formation_noise:p2 = 0.1, 0.1
			uniqueName:t = ""
			attack_type:t = "fire_at_will"
		}
		way {

		}
	}
	air_defence {
		name:t = "t1_aaa_low_light_02"
		tm:m = [[-0.999353, 0.0, 0.0359726] [0.0, 1.0, 0.0] [-0.0359726, 0.0, -0.999353] [12190.0, 669.518, -6463.27]]
		unit_class:t = "uk_40mm_bofors_airfield"
		objLayer:i = 1
		closed_waypoints:b = false
		isShipSpline:b = false
		shipTurnRadius:r = 100
		weapons:t = ""
		bullets0:t = ""
		bullets1:t = ""
		bullets2:t = ""
		bullets3:t = ""
		bulletsCount0:i = 0
		bulletsCount1:i = 0
		bulletsCount2:i = 0
		bulletsCount3:i = 0
		crewSkillK:r = 0
		applyAllMods:b = false
		props {
			army:i = 1
			count:i = 1
			formation_type:t = "rows"
			formation_div:i = 3
			formation_step:p2 = 2.5, 2
			formation_noise:p2 = 0.1, 0.1
			uniqueName:t = ""
			attack_type:t = "fire_at_will"
		}
		way {

		}
	}
	air_defence {
		name:t = "t1_aaa_low_light_03"
		tm:m = [[0.996832, 0.0, -0.0795292] [0.0, 1.0, 0.0] [0.0795292, 0.0, 0.996832] [11811.6, 673.359, -7675.36]]
		unit_class:t = "uk_40mm_bofors_airfield"
		objLayer:i = 1
		closed_waypoints:b = false
		isShipSpline:b = false
		shipTurnRadius:r = 100
		weapons:t = ""
		bullets0:t = ""
		bullets1:t = ""
		bullets2:t = ""
		bullets3:t = ""
		bulletsCount0:i = 0
		bulletsCount1:i = 0
		bulletsCount2:i = 0
		bulletsCount3:i = 0
		crewSkillK:r = 0
		applyAllMods:b = false
		props {
			army:i = 1
			count:i = 1
			formation_type:t = "rows"
			formation_div:i = 3
			formation_step:p2 = 2.5, 2
			formation_noise:p2 = 0.1, 0.1
			uniqueName:t = ""
			attack_type:t = "fire_at_will"
		}
		way {

		}
	}
	air_defence {
		name:t = "t1_aaa_low_light_04"
		tm:m = [[-0.990416, 0.0, -0.13811] [0.0, 1.0, 0.0] [0.13811, 0.0, -0.990416] [11496.7, 672.945, -6363.1]]
		unit_class:t = "uk_40mm_bofors_airfield"
		objLayer:i = 1
		closed_waypoints:b = false
		isShipSpline:b = false
		shipTurnRadius:r = 100
		weapons:t = ""
		bullets0:t = ""
		bullets1:t = ""
		bullets2:t = ""
		bullets3:t = ""
		bulletsCount0:i = 0
		bulletsCount1:i = 0
		bulletsCount2:i = 0
		bulletsCount3:i = 0
		crewSkillK:r = 0
		applyAllMods:b = false
		props {
			army:i = 1
			count:i = 1
			formation_type:t = "rows"
			formation_div:i = 3
			formation_step:p2 = 2.5, 2
			formation_noise:p2 = 0.1, 0.1
			uniqueName:t = ""
			attack_type:t = "fire_at_will"
		}
		way {

		}
	}
	air_defence {
		name:t = "t1_aaa_low_light_05"
		tm:m = [[0.996832, 0.0, -0.0795292] [0.0, 1.0, 0.0] [0.0795292, 0.0, 0.996832] [11286.0, 667.712, -7537.8]]
		unit_class:t = "uk_40mm_bofors_airfield"
		objLayer:i = 1
		closed_waypoints:b = false
		isShipSpline:b = false
		shipTurnRadius:r = 100
		weapons:t = ""
		bullets0:t = ""
		bullets1:t = ""
		bullets2:t = ""
		bullets3:t = ""
		bulletsCount0:i = 0
		bulletsCount1:i = 0
		bulletsCount2:i = 0
		bulletsCount3:i = 0
		crewSkillK:r = 0
		applyAllMods:b = false
		props {
			army:i = 1
			count:i = 1
			formation_type:t = "rows"
			formation_div:i = 3
			formation_step:p2 = 2.5, 2
			formation_noise:p2 = 0.1, 0.1
			uniqueName:t = ""
			attack_type:t = "fire_at_will"
		}
		way {

		}
	}
	air_defence {
		name:t = "t1_aaa_low_heavy_02"
		tm:m = [[-0.999353, 0.0, 0.0359726] [0.0, 1.0, 0.0] [-0.0359726, 0.0, -0.999353] [12075.0, 673.716, -7686.37]]
		unit_class:t = "us_90mm_versus"
		objLayer:i = 1
		closed_waypoints:b = false
		isShipSpline:b = false
		shipTurnRadius:r = 100
		weapons:t = ""
		bullets0:t = ""
		bullets1:t = ""
		bullets2:t = ""
		bullets3:t = ""
		bulletsCount0:i = 0
		bulletsCount1:i = 0
		bulletsCount2:i = 0
		bulletsCount3:i = 0
		crewSkillK:r = 0
		applyAllMods:b = false
		props {
			army:i = 1
			count:i = 1
			formation_type:t = "rows"
			formation_div:i = 3
			formation_step:p2 = 2.5, 2
			formation_noise:p2 = 0.1, 0.1
			uniqueName:t = ""
			attack_type:t = "fire_at_will"
		}
		way {

		}
	}
	air_defence {
		name:t = "t1_aaa_low_heavy_03"
		tm:m = [[0.996832, 0.0, -0.0795292] [0.0, 1.0, 0.0] [0.0795292, 0.0, 0.996832] [11792.1, 669.72, -6569.47]]
		unit_class:t = "us_90mm_versus"
		objLayer:i = 1
		closed_waypoints:b = false
		isShipSpline:b = false
		shipTurnRadius:r = 100
		weapons:t = ""
		bullets0:t = ""
		bullets1:t = ""
		bullets2:t = ""
		bullets3:t = ""
		bulletsCount0:i = 0
		bulletsCount1:i = 0
		bulletsCount2:i = 0
		bulletsCount3:i = 0
		crewSkillK:r = 0
		applyAllMods:b = false
		props {
			army:i = 1
			count:i = 1
			formation_type:t = "rows"
			formation_div:i = 3
			formation_step:p2 = 2.5, 2
			formation_noise:p2 = 0.1, 0.1
			uniqueName:t = ""
			attack_type:t = "fire_at_will"
		}
		way {

		}
	}
	air_defence {
		name:t = "t1_aaa_low_heavy_04"
		tm:m = [[-0.990416, 0.0, -0.13811] [0.0, 1.0, 0.0] [0.13811, 0.0, -0.990416] [11429.1, 669.822, -7613.4]]
		unit_class:t = "us_90mm_versus"
		objLayer:i = 1
		closed_waypoints:b = false
		isShipSpline:b = false
		shipTurnRadius:r = 100
		weapons:t = ""
		bullets0:t = ""
		bullets1:t = ""
		bullets2:t = ""
		bullets3:t = ""
		bulletsCount0:i = 0
		bulletsCount1:i = 0
		bulletsCount2:i = 0
		bulletsCount3:i = 0
		crewSkillK:r = 0
		applyAllMods:b = false
		props {
			army:i = 1
			count:i = 1
			formation_type:t = "rows"
			formation_div:i = 3
			formation_step:p2 = 2.5, 2
			formation_noise:p2 = 0.1, 0.1
			uniqueName:t = ""
			attack_type:t = "fire_at_will"
		}
		way {

		}
	}
	air_defence {
		name:t = "t1_aaa_low_heavy_05"
		tm:m = [[0.996832, 0.0, -0.0795292] [0.0, 1.0, 0.0] [0.0795292, 0.0, 0.996832] [11112.7, 668.55, -6595.25]]
		unit_class:t = "us_90mm_versus"
		objLayer:i = 1
		closed_waypoints:b = false
		isShipSpline:b = false
		shipTurnRadius:r = 100
		weapons:t = ""
		bullets0:t = ""
		bullets1:t = ""
		bullets2:t = ""
		bullets3:t = ""
		bulletsCount0:i = 0
		bulletsCount1:i = 0
		bulletsCount2:i = 0
		bulletsCount3:i = 0
		crewSkillK:r = 0
		applyAllMods:b = false
		props {
			army:i = 1
			count:i = 1
			formation_type:t = "rows"
			formation_div:i = 3
			formation_step:p2 = 2.5, 2
			formation_noise:p2 = 0.1, 0.1
			uniqueName:t = ""
			attack_type:t = "fire_at_will"
		}
		way {

		}
	}
	squad {
		name:t = "t1_def_aaa_low_squad"
		tm:m = [[0.989029, 0.0, -0.147711] [0.0, 1.0, 0.0] [0.147711, 0.0, 0.989029] [15066.0, 231.489, -20782.7]]
		props {
			object_marking:i = 0
			squad_members:t = "t1_aaa_low_light_01"
			squad_members:t = "t1_aaa_low_heavy_01"
			squad_members:t = "t1_aaa_low_light_02"
			squad_members:t = "t1_aaa_low_light_03"
			squad_members:t = "t1_aaa_low_light_04"
			squad_members:t = "t1_aaa_low_light_05"
			squad_members:t = "t1_aaa_low_heavy_02"
			squad_members:t = "t1_aaa_low_heavy_03"
			squad_members:t = "t1_aaa_low_heavy_04"
			squad_members:t = "t1_aaa_low_heavy_05"
		}
	}
	air_defence {
		name:t = "t2_aaa_low_light_01"
		tm:m = [[0.871478, 0.0, -0.490437] [0.0, 1.0, 0.0] [0.490437, 0.0, 0.871478] [-12866.5, 427.855, -1770.04]]
		unit_class:t = "germ_37mm_flak43_airfield"
		objLayer:i = 1
		closed_waypoints:b = false
		isShipSpline:b = false
		shipTurnRadius:r = 100
		weapons:t = ""
		bullets0:t = ""
		bullets1:t = ""
		bullets2:t = ""
		bullets3:t = ""
		bulletsCount0:i = 0
		bulletsCount1:i = 0
		bulletsCount2:i = 0
		bulletsCount3:i = 0
		crewSkillK:r = 0
		applyAllMods:b = false
		props {
			army:i = 2
			count:i = 1
			formation_type:t = "rows"
			formation_div:i = 3
			formation_step:p2 = 2.5, 2
			formation_noise:p2 = 0.1, 0.1
			uniqueName:t = ""
			attack_type:t = "fire_at_will"
		}
		way {

		}
	}
	air_defence {
		name:t = "t2_aaa_low_heavy_01"
		tm:m = [[0.871478, 0.0, -0.490437] [0.0, 1.0, 0.0] [0.490437, 0.0, 0.871478] [-12944.3, 435.415, -2235.19]]
		unit_class:t = "germ_88mm_flak36"
		objLayer:i = 1
		closed_waypoints:b = false
		isShipSpline:b = false
		shipTurnRadius:r = 100
		weapons:t = ""
		bullets0:t = ""
		bullets1:t = ""
		bullets2:t = ""
		bullets3:t = ""
		bulletsCount0:i = 0
		bulletsCount1:i = 0
		bulletsCount2:i = 0
		bulletsCount3:i = 0
		crewSkillK:r = 0
		applyAllMods:b = false
		props {
			army:i = 2
			count:i = 1
			formation_type:t = "rows"
			formation_div:i = 3
			formation_step:p2 = 2.5, 2
			formation_noise:p2 = 0.1, 0.1
			uniqueName:t = ""
			attack_type:t = "fire_at_will"
		}
		way {

		}
	}
	air_defence {
		name:t = "t2_aaa_low_light_02"
		tm:m = [[-0.849255, 0.0, 0.527983] [0.0, 1.0, 0.0] [-0.527983, 0.0, -0.849255] [-12742.6, 418.757, -2367.03]]
		unit_class:t = "germ_37mm_flak43_airfield"
		objLayer:i = 1
		closed_waypoints:b = false
		isShipSpline:b = false
		shipTurnRadius:r = 100
		weapons:t = ""
		bullets0:t = ""
		bullets1:t = ""
		bullets2:t = ""
		bullets3:t = ""
		bulletsCount0:i = 0
		bulletsCount1:i = 0
		bulletsCount2:i = 0
		bulletsCount3:i = 0
		crewSkillK:r = 0
		applyAllMods:b = false
		props {
			army:i = 2
			count:i = 1
			formation_type:t = "rows"
			formation_div:i = 3
			formation_step:p2 = 2.5, 2
			formation_noise:p2 = 0.1, 0.1
			uniqueName:t = ""
			attack_type:t = "fire_at_will"
		}
		way {

		}
	}
	air_defence {
		name:t = "t2_aaa_low_light_03"
		tm:m = [[0.871478, 0.0, -0.490437] [0.0, 1.0, 0.0] [0.490437, 0.0, 0.871478] [-12294.6, 392.887, -1878.36]]
		unit_class:t = "germ_37mm_flak43_airfield"
		objLayer:i = 1
		closed_waypoints:b = false
		isShipSpline:b = false
		shipTurnRadius:r = 100
		weapons:t = ""
		bullets0:t = ""
		bullets1:t = ""
		bullets2:t = ""
		bullets3:t = ""
		bulletsCount0:i = 0
		bulletsCount1:i = 0
		bulletsCount2:i = 0
		bulletsCount3:i = 0
		crewSkillK:r = 0
		applyAllMods:b = false
		props {
			army:i = 2
			count:i = 1
			formation_type:t = "rows"
			formation_div:i = 3
			formation_step:p2 = 2.5, 2
			formation_noise:p2 = 0.1, 0.1
			uniqueName:t = ""
			attack_type:t = "fire_at_will"
		}
		way {

		}
	}
	air_defence {
		name:t = "t2_aaa_low_light_04"
		tm:m = [[-0.892041, 0.0, 0.451955] [0.0, 1.0, 0.0] [-0.451955, 0.0, -0.892041] [-11990.1, 363.099, -2418.76]]
		unit_class:t = "germ_37mm_flak43_airfield"
		objLayer:i = 1
		closed_waypoints:b = false
		isShipSpline:b = false
		shipTurnRadius:r = 100
		weapons:t = ""
		bullets0:t = ""
		bullets1:t = ""
		bullets2:t = ""
		bullets3:t = ""
		bulletsCount0:i = 0
		bulletsCount1:i = 0
		bulletsCount2:i = 0
		bulletsCount3:i = 0
		crewSkillK:r = 0
		applyAllMods:b = false
		props {
			army:i = 2
			count:i = 1
			formation_type:t = "rows"
			formation_div:i = 3
			formation_step:p2 = 2.5, 2
			formation_noise:p2 = 0.1, 0.1
			uniqueName:t = ""
			attack_type:t = "fire_at_will"
		}
		way {

		}
	}
	air_defence {
		name:t = "t2_aaa_low_light_05"
		tm:m = [[0.871478, 0.0, -0.490437] [0.0, 1.0, 0.0] [0.490437, 0.0, 0.871478] [-11399.2, 336.359, -1844.21]]
		unit_class:t = "germ_37mm_flak43_airfield"
		objLayer:i = 1
		closed_waypoints:b = false
		isShipSpline:b = false
		shipTurnRadius:r = 100
		weapons:t = ""
		bullets0:t = ""
		bullets1:t = ""
		bullets2:t = ""
		bullets3:t = ""
		bulletsCount0:i = 0
		bulletsCount1:i = 0
		bulletsCount2:i = 0
		bulletsCount3:i = 0
		crewSkillK:r = 0
		applyAllMods:b = false
		props {
			army:i = 2
			count:i = 1
			formation_type:t = "rows"
			formation_div:i = 3
			formation_step:p2 = 2.5, 2
			formation_noise:p2 = 0.1, 0.1
			uniqueName:t = ""
			attack_type:t = "fire_at_will"
		}
		way {

		}
	}
	air_defence {
		name:t = "t2_aaa_low_heavy_02"
		tm:m = [[-0.849255, 0.0, 0.527983] [0.0, 1.0, 0.0] [-0.527983, 0.0, -0.849255] [-12540.5, 414.154, -1693.39]]
		unit_class:t = "germ_88mm_flak36"
		objLayer:i = 1
		closed_waypoints:b = false
		isShipSpline:b = false
		shipTurnRadius:r = 100
		weapons:t = ""
		bullets0:t = ""
		bullets1:t = ""
		bullets2:t = ""
		bullets3:t = ""
		bulletsCount0:i = 0
		bulletsCount1:i = 0
		bulletsCount2:i = 0
		bulletsCount3:i = 0
		crewSkillK:r = 0
		applyAllMods:b = false
		props {
			army:i = 2
			count:i = 1
			formation_type:t = "rows"
			formation_div:i = 3
			formation_step:p2 = 2.5, 2
			formation_noise:p2 = 0.1, 0.1
			uniqueName:t = ""
			attack_type:t = "fire_at_will"
		}
		way {

		}
	}
	air_defence {
		name:t = "t2_aaa_low_heavy_03"
		tm:m = [[0.871478, 0.0, -0.490437] [0.0, 1.0, 0.0] [0.490437, 0.0, 0.871478] [-12401.4, 396.887, -2338.42]]
		unit_class:t = "germ_88mm_flak36"
		objLayer:i = 1
		closed_waypoints:b = false
		isShipSpline:b = false
		shipTurnRadius:r = 100
		weapons:t = ""
		bullets0:t = ""
		bullets1:t = ""
		bullets2:t = ""
		bullets3:t = ""
		bulletsCount0:i = 0
		bulletsCount1:i = 0
		bulletsCount2:i = 0
		bulletsCount3:i = 0
		crewSkillK:r = 0
		applyAllMods:b = false
		props {
			army:i = 2
			count:i = 1
			formation_type:t = "rows"
			formation_div:i = 3
			formation_step:p2 = 2.5, 2
			formation_noise:p2 = 0.1, 0.1
			uniqueName:t = ""
			attack_type:t = "fire_at_will"
		}
		way {

		}
	}
	air_defence {
		name:t = "t2_aaa_low_heavy_04"
		tm:m = [[-0.892041, 0.0, 0.451955] [0.0, 1.0, 0.0] [-0.451955, 0.0, -0.892041] [-11807.5, 359.789, -1814.1]]
		unit_class:t = "germ_88mm_flak36"
		objLayer:i = 1
		closed_waypoints:b = false
		isShipSpline:b = false
		shipTurnRadius:r = 100
		weapons:t = ""
		bullets0:t = ""
		bullets1:t = ""
		bullets2:t = ""
		bullets3:t = ""
		bulletsCount0:i = 0
		bulletsCount1:i = 0
		bulletsCount2:i = 0
		bulletsCount3:i = 0
		crewSkillK:r = 0
		applyAllMods:b = false
		props {
			army:i = 2
			count:i = 1
			formation_type:t = "rows"
			formation_div:i = 3
			formation_step:p2 = 2.5, 2
			formation_noise:p2 = 0.1, 0.1
			uniqueName:t = ""
			attack_type:t = "fire_at_will"
		}
		way {

		}
	}
	air_defence {
		name:t = "t2_aaa_low_heavy_05"
		tm:m = [[0.871478, 0.0, -0.490437] [0.0, 1.0, 0.0] [0.490437, 0.0, 0.871478] [-11552.6, 318.139, -2584.13]]
		unit_class:t = "germ_88mm_flak36"
		objLayer:i = 1
		closed_waypoints:b = false
		isShipSpline:b = false
		shipTurnRadius:r = 100
		weapons:t = ""
		bullets0:t = ""
		bullets1:t = ""
		bullets2:t = ""
		bullets3:t = ""
		bulletsCount0:i = 0
		bulletsCount1:i = 0
		bulletsCount2:i = 0
		bulletsCount3:i = 0
		crewSkillK:r = 0
		applyAllMods:b = false
		props {
			army:i = 2
			count:i = 1
			formation_type:t = "rows"
			formation_div:i = 3
			formation_step:p2 = 2.5, 2
			formation_noise:p2 = 0.1, 0.1
			uniqueName:t = ""
			attack_type:t = "fire_at_will"
		}
		way {

		}
	}
	squad {
		name:t = "t2_def_aaa_low_squad"
		tm:m = [[0.92099, 0.0, -0.389587] [0.0, 1.0, 0.0] [0.389587, 0.0, 0.92099] [-13084.7, 399.987, -2874.28]]
		props {
			object_marking:i = 0
			squad_members:t = "t2_aaa_low_light_01"
			squad_members:t = "t2_aaa_low_heavy_01"
			squad_members:t = "t2_aaa_low_light_02"
			squad_members:t = "t2_aaa_low_light_03"
			squad_members:t = "t2_aaa_low_light_04"
			squad_members:t = "t2_aaa_low_light_05"
			squad_members:t = "t2_aaa_low_heavy_02"
			squad_members:t = "t2_aaa_low_heavy_03"
			squad_members:t = "t2_aaa_low_heavy_04"
			squad_members:t = "t2_aaa_low_heavy_05"
		}
	}
}
areas {
	t1_interceptor_area_low {
		type:t = "Sphere"
		tm:m = [[-2133.24, 0.0, -5607.96] [0.0, 6000.0, 0.0] [5607.96, 0.0, -2133.24] [11785.7, 2250.0, -7123.35]]
		props {

		}
	}
	t1_assault_low_spawn {
		type:t = "Sphere"
		tm:m = [[-275.478, 0.0, 118.792] [0.0, 300.0, 0.0] [-118.792, 0.0, -275.478] [7112.64, 1250.0, -5346.34]]
		props {

		}
	}
	t1_aaa_fighter_area_low {
		type:t = "Sphere"
		tm:m = [[-1422.18, 0.0, -3738.65] [0.0, 4000.0, 0.0] [3738.65, 0.0, -1422.18] [11785.7, 3250.0, -7123.35]]
		props {

		}
	}
	t1_assault_area_low {
		type:t = "Sphere"
		tm:m = [[-3555.41, 0.0, -9346.6] [0.0, 10000.0, 0.0] [9346.6, 0.0, -3555.41] [11785.7, 1250.0, -7123.35]]
		props {

		}
	}
	t1_interceptor_low_spawn {
		type:t = "Sphere"
		tm:m = [[-275.478, 0.0, 118.792] [0.0, 300.0, 0.0] [-118.792, 0.0, -275.478] [14571.9, 1250.0, -8183.02]]
		props {

		}
	}
	t1_aaa_fighter_low_spawn {
		type:t = "Sphere"
		tm:m = [[-275.478, 0.0, 118.792] [0.0, 300.0, 0.0] [-118.792, 0.0, -275.478] [13648.7, 2250.0, -7831.77]]
		props {

		}
	}
	t1_far_bomber_low_spawn {
		type:t = "Sphere"
		tm:m = [[-275.478, 0.0, 118.792] [0.0, 300.0, 0.0] [-118.792, 0.0, -275.478] [9917.28, 4750.0, -6412.28]]
		props {

		}
	}
	t1_main_bomber_low_spawn {
		type:t = "Sphere"
		tm:m = [[-275.478, 0.0, 118.792] [0.0, 300.0, 0.0] [-118.792, 0.0, -275.478] [9449.38, 3750.0, -6234.34]]
		props {

		}
	}
	t1_far_bomber_area_low {
		type:t = "Sphere"
		tm:m = [[-1422.18, 0.0, -3738.65] [0.0, 4000.0, 0.0] [3738.65, 0.0, -1422.18] [11785.7, 4750.0, -7123.35]]
		props {

		}
	}
	t1_main_bomber_area_low {
		type:t = "Sphere"
		tm:m = [[-1777.71, 0.0, -4673.3] [0.0, 5000.0, 0.0] [4673.3, 0.0, -1777.71] [11785.7, 3750.0, -7123.35]]
		props {

		}
	}
	t2_interceptor_area_low {
		type:t = "Sphere"
		tm:m = [[-1179.37, 0.0, 5882.95] [0.0, 6000.0, 0.0] [-5882.95, 0.0, -1179.37] [-12624.3, 2250.0, -2125.11]]
		props {

		}
	}
	t2_assault_low_spawn {
		type:t = "Sphere"
		tm:m = [[296.44, 0.0, 46.081] [0.0, 300.0, 0.0] [-46.081, 0.0, 296.44] [-7721.24, 1250.0, -1142.08]]
		props {

		}
	}
	t2_aaa_fighter_area_low {
		type:t = "Sphere"
		tm:m = [[-786.242, 0.0, 3921.96] [0.0, 4000.0, 0.0] [-3921.96, 0.0, -786.242] [-12624.4, 3250.0, -2125.02]]
		props {

		}
	}
	t2_assault_area_low {
		type:t = "Sphere"
		tm:m = [[-1965.61, 0.0, 9804.9] [0.0, 10000.0, 0.0] [-9804.9, 0.0, -1965.61] [-12624.4, 1250.0, -2125.02]]
		props {

		}
	}
	t2_interceptor_low_spawn {
		type:t = "Sphere"
		tm:m = [[296.44, 0.0, 46.081] [0.0, 300.0, 0.0] [-46.081, 0.0, 296.44] [-15547.2, 1250.0, -2711.27]]
		props {

		}
	}
	t2_aaa_fighter_low_spawn {
		type:t = "Sphere"
		tm:m = [[296.44, 0.0, 46.081] [0.0, 300.0, 0.0] [-46.081, 0.0, 296.44] [-14578.7, 2250.0, -2517.17]]
		props {

		}
	}
	t2_far_bomber_low_spawn {
		type:t = "Sphere"
		tm:m = [[296.44, 0.0, 46.081] [0.0, 300.0, 0.0] [-46.081, 0.0, 296.44] [-10664.3, 4750.0, -1732.29]]
		props {

		}
	}
	t2_main_bomber_low_spawn {
		type:t = "Sphere"
		tm:m = [[296.44, 0.0, 46.081] [0.0, 300.0, 0.0] [-46.081, 0.0, 296.44] [-10173.3, 3750.0, -1633.99]]
		props {

		}
	}
	t2_far_bomber_area_low {
		type:t = "Sphere"
		tm:m = [[-786.242, 0.0, 3921.96] [0.0, 4000.0, 0.0] [-3921.96, 0.0, -786.242] [-12624.4, 4750.0, -2125.02]]
		props {

		}
	}
	t2_main_bomber_area_low {
		type:t = "Sphere"
		tm:m = [[-982.808, 0.0, 4902.45] [0.0, 5000.0, 0.0] [-4902.45, 0.0, -982.808] [-12624.3, 3750.0, -2125.11]]
		props {

		}
	}
	airfields_area_12km {
		type:t = "Sphere"
		tm:m = [[-21125.7, 0.0, -11388.8] [0.0, 24000.0, 0.0] [11388.8, 0.0, -21125.7] [345.65, 637.548, -1375.5]]
		objLayer:i = 3
		props {

		}
	}
	t2_airfield_low_bombing_zone {
		type:t = "Box"
		tm:m = [[-1988.97, 0.0, 209.734] [0.0, 300.0, 0.0] [-78.6491, 7.34303e-6, -745.865] [-12571.9, 248.03, -2006.52]]
		objLayer:i = 0
		props {

		}
	}
	t1_airfield_low_bombing_zone {
		type:t = "Box"
		tm:m = [[-1994.99, 0.0, 141.614] [0.0, 300.0, 0.0] [-53.1043, 7.34302e-6, -748.117] [11738.6, 132.73, -7174.56]]
		objLayer:i = 0
		props {

		}
	}
	t2_common_fighters_low_spawn {
		type:t = "Sphere"
		tm:m = [[296.44, 0.0, 46.081] [0.0, 300.0, 0.0] [-46.081, 0.0, 296.44] [-15547.2, 750.004, -2711.27]]
		props {

		}
	}
	t1_common_fighters_low_spawn {
		type:t = "Sphere"
		tm:m = [[-275.478, 0.0, 118.792] [0.0, 300.0, 0.0] [-118.792, 0.0, -275.478] [14571.9, 750.0, -8183.02]]
		props {

		}
	}
}
objLayers {
	layer {
		enabled:b = true
	}
	layer {
		enabled:b = true
	}
	layer {
		enabled:b = true
	}
	layer {
		enabled:b = false
	}
	layer {
		enabled:b = true
	}
}
wayPoints {

}