selected_tag:t = ""
bin_dump_file:t = ""
mission_settings {
	player {
		army:i = 1
		wing:t = "armada_01"
	}
	player_teamB {
		army:i = 2
	}
	mission {
		level:t = "levels/water.bin"
		type:t = "singleMission"
		environment:t = "Day"
		weather:t = "hazy"
		restoreType:t = "attempts"
		optionalTakeOff:b = false
	}
	spectator_points {

	}
}
imports {
	import_record {
		file:t = "gameData/missions/templates/enduring_confrontation/lpt_lookup_template.blk"
		importAreas:b = true
		importUnits:b = true
		importTriggers:b = true
		importMissionObjectives:b = true
		importWayPoints:b = true
		showAreas:b = true
		showUnits:b = true
		showTriggers:b = true
		showMissionObjectives:b = true
		showWayPoints:b = true
		excludes {

		}
	}
	import_record {
		file:t = "gameData/missions/templates/units_sets/plane_sets_lookups/lpt_t1_ussr_rank_01.blk"
		rankRange:ip2 = 0, 3
		importAreas:b = true
		importUnits:b = true
		importTriggers:b = true
		importMissionObjectives:b = true
		importWayPoints:b = true
		showAreas:b = true
		showUnits:b = true
		showTriggers:b = true
		showMissionObjectives:b = true
		showWayPoints:b = true
		excludes {

		}
	}
	import_record {
		file:t = "gameData/missions/templates/units_sets/plane_sets_lookups/lpt_t1_ussr_rank_02.blk"
		rankRange:ip2 = 4, 7
		importAreas:b = true
		importUnits:b = true
		importTriggers:b = true
		importMissionObjectives:b = true
		importWayPoints:b = true
		showAreas:b = true
		showUnits:b = true
		showTriggers:b = true
		showMissionObjectives:b = true
		showWayPoints:b = true
		excludes {

		}
	}
	import_record {
		file:t = "gameData/missions/templates/units_sets/plane_sets_lookups/lpt_t1_ussr_rank_03.blk"
		rankRange:ip2 = 8, 11
		importAreas:b = true
		importUnits:b = true
		importTriggers:b = true
		importMissionObjectives:b = true
		importWayPoints:b = true
		showAreas:b = true
		showUnits:b = true
		showTriggers:b = true
		showMissionObjectives:b = true
		showWayPoints:b = true
		excludes {

		}
	}
	import_record {
		file:t = "gameData/missions/templates/units_sets/plane_sets_lookups/lpt_t1_ussr_rank_04.blk"
		rankRange:ip2 = 12, 16
		importAreas:b = true
		importUnits:b = true
		importTriggers:b = true
		importMissionObjectives:b = true
		importWayPoints:b = true
		showAreas:b = true
		showUnits:b = true
		showTriggers:b = true
		showMissionObjectives:b = true
		showWayPoints:b = true
		excludes {

		}
	}
	import_record {
		file:t = "gameData/missions/templates/units_sets/plane_sets_lookups/lpt_t1_ussr_rank_05.blk"
		rankRange:ip2 = 17, 20
		importAreas:b = true
		importUnits:b = true
		importTriggers:b = true
		importMissionObjectives:b = true
		importWayPoints:b = true
		showAreas:b = true
		showUnits:b = true
		showTriggers:b = true
		showMissionObjectives:b = true
		showWayPoints:b = true
		excludes {

		}
	}
	import_record {
		file:t = "gameData/missions/templates/units_sets/plane_sets_lookups/lpt_t1_ussr_rank_06.blk"
		rankRange:ip2 = 21, 25
		importAreas:b = true
		importUnits:b = true
		importTriggers:b = true
		importMissionObjectives:b = true
		importWayPoints:b = true
		showAreas:b = true
		showUnits:b = true
		showTriggers:b = true
		showMissionObjectives:b = true
		showWayPoints:b = true
		excludes {

		}
	}
	import_record {
		file:t = "gameData/missions/templates/units_sets/plane_sets_lookups/lpt_t1_ussr_rank_07.blk"
		rankRange:ip2 = 26, 50
		importAreas:b = true
		importUnits:b = true
		importTriggers:b = true
		importMissionObjectives:b = true
		importWayPoints:b = true
		showAreas:b = true
		showUnits:b = true
		showTriggers:b = true
		showMissionObjectives:b = true
		showWayPoints:b = true
		excludes {

		}
	}
	import_record {
		file:t = "gameData/missions/templates/units_sets/plane_sets_lookups/lpt_t2_germ_rank_01.blk"
		rankRange:ip2 = 0, 3
		importAreas:b = true
		importUnits:b = true
		importTriggers:b = true
		importMissionObjectives:b = true
		importWayPoints:b = true
		showAreas:b = true
		showUnits:b = true
		showTriggers:b = true
		showMissionObjectives:b = true
		showWayPoints:b = true
		excludes {

		}
	}
	import_record {
		file:t = "gameData/missions/templates/units_sets/plane_sets_lookups/lpt_t2_germ_rank_02.blk"
		rankRange:ip2 = 4, 7
		importAreas:b = true
		importUnits:b = true
		importTriggers:b = true
		importMissionObjectives:b = true
		importWayPoints:b = true
		showAreas:b = true
		showUnits:b = true
		showTriggers:b = true
		showMissionObjectives:b = true
		showWayPoints:b = true
		excludes {

		}
	}
	import_record {
		file:t = "gameData/missions/templates/units_sets/plane_sets_lookups/lpt_t2_germ_rank_03.blk"
		rankRange:ip2 = 8, 11
		importAreas:b = true
		importUnits:b = true
		importTriggers:b = true
		importMissionObjectives:b = true
		importWayPoints:b = true
		showAreas:b = true
		showUnits:b = true
		showTriggers:b = true
		showMissionObjectives:b = true
		showWayPoints:b = true
		excludes {

		}
	}
	import_record {
		file:t = "gameData/missions/templates/units_sets/plane_sets_lookups/lpt_t2_germ_rank_04.blk"
		rankRange:ip2 = 12, 16
		importAreas:b = true
		importUnits:b = true
		importTriggers:b = true
		importMissionObjectives:b = true
		importWayPoints:b = true
		showAreas:b = true
		showUnits:b = true
		showTriggers:b = true
		showMissionObjectives:b = true
		showWayPoints:b = true
		excludes {

		}
	}
	import_record {
		file:t = "gameData/missions/templates/units_sets/plane_sets_lookups/lpt_t2_germ_rank_05.blk"
		rankRange:ip2 = 17, 20
		importAreas:b = true
		importUnits:b = true
		importTriggers:b = true
		importMissionObjectives:b = true
		importWayPoints:b = true
		showAreas:b = true
		showUnits:b = true
		showTriggers:b = true
		showMissionObjectives:b = true
		showWayPoints:b = true
		excludes {

		}
	}
	import_record {
		file:t = "gameData/missions/templates/units_sets/plane_sets_lookups/lpt_t2_germ_rank_06.blk"
		rankRange:ip2 = 21, 25
		importAreas:b = true
		importUnits:b = true
		importTriggers:b = true
		importMissionObjectives:b = true
		importWayPoints:b = true
		showAreas:b = true
		showUnits:b = true
		showTriggers:b = true
		showMissionObjectives:b = true
		showWayPoints:b = true
		excludes {

		}
	}
	import_record {
		file:t = "gameData/missions/templates/units_sets/plane_sets_lookups/lpt_t2_germ_rank_07.blk"
		rankRange:ip2 = 26, 50
		importAreas:b = true
		importUnits:b = true
		importTriggers:b = true
		importMissionObjectives:b = true
		importWayPoints:b = true
		showAreas:b = true
		showUnits:b = true
		showTriggers:b = true
		showMissionObjectives:b = true
		showWayPoints:b = true
		excludes {

		}
	}
}
triggers {
	isCategory:b = true
	is_enabled:b = true
	lpt_part_init {
		is_enabled:b = true
		comments:t = ""
		props {
			actionsType:t = "PERFORM_ONE_BY_ONE"
			conditionsType:t = "ALL"
			enableAfterComplete:b = false
		}
		events {
			initMission {

			}
		}
		conditions {

		}
		actions {
			comment {
				value:t = "kolichestvo tochek +1"
			}
			varSetInt {
				value:i = 4
				var:t = "lpt_num_points"
			}
		}
		else_actions {

		}
	}
}
mission_objectives {
	isCategory:b = true
	is_enabled:b = true
}
variables {

}
dialogs {

}
airfields {

}
effects {

}
units {

}
areas {
	t1_lookup_spawn_01 {
		type:t = "Point"
		tm:m = [[-0.737277, 0.0, -0.67559] [0.0, 1.0, 0.0] [0.67559, 0.0, -0.737277] [35355.3, 5500.0, 49497.5]]
		objLayer:i = 0
		props {

		}
	}
	t2_lookup_spawn_01 {
		type:t = "Point"
		tm:m = [[0.573577, 0.0, 0.819152] [0.0, 1.0, 0.0] [-0.819152, 0.0, 0.573577] [-35355.3, 5500.0, -49497.5]]
		objLayer:i = 0
		props {

		}
	}
	t1_lookup_retreat_point {
		type:t = "Point"
		tm:m = [[-6363.96, 0.0, -6363.96] [0.0, 9000.0, 0.0] [6363.96, 0.0, -6363.96] [45254.8, 5500.0, 45254.8]]
		objLayer:i = 0
		props {

		}
	}
	t2_lookup_retreat_point {
		type:t = "Point"
		tm:m = [[6363.96, 0.0, 6363.96] [0.0, 9000.0, 0.0] [-6363.96, 0.0, 6363.96] [-45254.8, 5500.0, -45254.8]]
		objLayer:i = 0
		props {

		}
	}
	t1_lookup_point_01 {
		type:t = "Point"
		tm:m = [[0.0871558, 0.0, 0.996194] [0.0, 1.0, 0.0] [-0.996194, 0.0, 0.0871558] [3535.54, 3500.0, -31819.8]]
		objLayer:i = 0
		props {

		}
	}
	t1_lookup_point_02 {
		type:t = "Point"
		tm:m = [[0.0871558, 0.0, 0.996194] [0.0, 1.0, 0.0] [-0.996194, 0.0, 0.0871558] [-14142.1, 3500.0, -14142.1]]
		objLayer:i = 0
		props {

		}
	}
	t1_lookup_point_03 {
		type:t = "Point"
		tm:m = [[0.0871558, 0.0, 0.996194] [0.0, 1.0, 0.0] [-0.996194, 0.0, 0.0871558] [-31819.8, 3500.0, 3535.53]]
		objLayer:i = 0
		props {

		}
	}
	t2_lookup_point_01 {
		type:t = "Point"
		tm:m = [[0.0871558, 0.0, 0.996194] [0.0, 1.0, 0.0] [-0.996194, 0.0, 0.0871558] [31819.8, 3500.0, -3535.53]]
		objLayer:i = 0
		props {

		}
	}
	t2_lookup_point_02 {
		type:t = "Point"
		tm:m = [[0.0871558, 0.0, 0.996194] [0.0, 1.0, 0.0] [-0.996194, 0.0, 0.0871558] [14142.1, 3500.0, 14142.1]]
		objLayer:i = 0
		props {

		}
	}
	t2_lookup_point_03 {
		type:t = "Point"
		tm:m = [[0.0871558, 0.0, 0.996194] [0.0, 1.0, 0.0] [-0.996194, 0.0, 0.0871558] [-3535.54, 3500.0, 31819.8]]
		objLayer:i = 0
		props {

		}
	}
	t2_lookup_spawn_02 {
		type:t = "Point"
		tm:m = [[0.573577, 0.0, 0.819152] [0.0, 1.0, 0.0] [-0.819152, 0.0, 0.573577] [-24748.7, 5500.0, -60104.1]]
		objLayer:i = 0
		props {

		}
	}
	t2_lookup_spawn_03 {
		type:t = "Point"
		tm:m = [[0.573577, 0.0, 0.819152] [0.0, 1.0, 0.0] [-0.819152, 0.0, 0.573577] [-60104.1, 5500.0, -24748.7]]
		objLayer:i = 0
		props {

		}
	}
	t1_lookup_spawn_02 {
		type:t = "Point"
		tm:m = [[-0.737277, 0.0, -0.67559] [0.0, 1.0, 0.0] [0.67559, 0.0, -0.737277] [60104.1, 5500.0, 24748.7]]
		objLayer:i = 0
		props {

		}
	}
	t1_lookup_spawn_03 {
		type:t = "Point"
		tm:m = [[-0.737277, 0.0, -0.67559] [0.0, 1.0, 0.0] [0.67559, 0.0, -0.737277] [24748.7, 5500.0, 60104.1]]
		objLayer:i = 0
		props {

		}
	}
	t1_lookup_spawn_04 {
		type:t = "Point"
		tm:m = [[-0.737277, 0.0, -0.67559] [0.0, 1.0, 0.0] [0.67559, 0.0, -0.737277] [49497.5, 5500.0, 35355.3]]
		objLayer:i = 0
		props {

		}
	}
	t2_lookup_spawn_04 {
		type:t = "Point"
		tm:m = [[0.573577, 0.0, 0.819152] [0.0, 1.0, 0.0] [-0.819152, 0.0, 0.573577] [-49497.5, 5500.0, -35355.3]]
		objLayer:i = 0
		props {

		}
	}
}
objLayers {
	layer {
		enabled:b = true
	}
	layer {
		enabled:b = true
	}
	layer {
		enabled:b = true
	}
	layer {
		enabled:b = true
	}
}
wayPoints {

}